Subject,Group,Class,BinaryClass,DataType,Coef_1,Coef_2,Coef_3,Coef_4,Coef_5,Coef_6,Coef_7,Coef_8,Coef_9,Coef_10,Coef_11,Coef_12,Coef_13,Coef_14,Coef_15,Coef_16,Coef_17,Coef_18,Coef_19,Coef_20,Coef_21,Coef_22,Coef_23,Coef_24,Coef_25,Coef_26,Coef_27,Coef_28,Coef_29,Coef_30,Coef_31,Coef_32,Coef_33,Coef_34,Coef_35,Coef_36,Coef_37,Coef_38,Coef_39,Coef_40,Coef_41,Coef_42,Coef_43,Coef_44,Coef_45,Coef_46,Coef_47,Coef_48,Coef_49,Coef_50,Coef_51,Coef_52,Coef_53,Coef_54,Coef_55,Coef_56,Coef_57,Coef_58,Coef_59,Coef_60,Coef_61,Coef_62,Coef_63,Coef_64,Coef_65,Coef_66,Coef_67,Coef_68,Coef_69,Coef_70,Coef_71,Coef_72,Coef_73,Coef_74,Coef_75,Coef_76,Coef_77,Coef_78,Coef_79,Coef_80,Coef_81,Coef_82,Coef_83,Coef_84,Coef_85,Coef_86,Coef_87,Coef_88,Coef_89,Coef_90,Coef_91,Coef_92,Coef_93,Coef_94,Coef_95,Coef_96,Coef_97,Coef_98,Coef_99,Coef_100,Coef_101,Coef_102,Coef_103,Coef_104,Coef_105,Coef_106,Coef_107,Coef_108,Coef_109,Coef_110,Coef_111,Coef_112,Coef_113,Coef_114,Coef_115,Coef_116,Coef_117,Coef_118,Coef_119,Coef_120,Coef_121,Coef_122,Coef_123,Coef_124,Coef_125,Coef_126,Coef_127,Coef_128,Coef_129,Coef_130,Coef_131,Coef_132,Coef_133,Coef_134,Coef_135,Coef_136,Coef_137,Coef_138,Coef_139,Coef_140,Coef_141,Coef_142,Coef_143,Coef_144,Coef_145,Coef_146,Coef_147,Coef_148,Coef_149,Coef_150,Coef_151,Coef_152,Coef_153,Coef_154,Coef_155,Coef_156,Coef_157,Coef_158,Coef_159,Coef_160,Coef_161,Coef_162,Coef_163,Coef_164,Coef_165,Coef_166,Coef_167,Coef_168,Coef_169,Coef_170,Coef_171,Coef_172,Coef_173,Coef_174,Coef_175,Coef_176,Coef_177,Coef_178,Coef_179,Coef_180,Coef_181,Coef_182,Coef_183,Coef_184,Coef_185,Coef_186,Coef_187,Coef_188,Coef_189,Coef_190,Coef_191,Coef_192,Coef_193,Coef_194,Coef_195,Coef_196,Coef_197,Coef_198,Coef_199,Coef_200,Coef_201,Coef_202,Coef_203,Coef_204,Coef_205,Coef_206,Coef_207,Coef_208,Coef_209,Coef_210,Coef_211,Coef_212,Coef_213,Coef_214,Coef_215,Coef_216,Coef_217,Coef_218,Coef_219,Coef_220,Coef_221,Coef_222,Coef_223,Coef_224,Coef_225,Coef_226,Coef_227,Coef_228,Coef_229,Coef_230,Coef_231,Coef_232,Coef_233,Coef_234,Coef_235,Coef_236,Coef_237,Coef_238,Coef_239,Coef_240,Coef_241,Coef_242,Coef_243,Coef_244,Coef_245,Coef_246,Coef_247,Coef_248,Coef_249,Coef_250,Coef_251,Coef_252,Coef_253,Coef_254,Coef_255,Coef_256,Coef_257,Coef_258,Coef_259,Coef_260,Coef_261,Coef_262,Coef_263,Coef_264,Coef_265,Coef_266,Coef_267,Coef_268,Coef_269,Coef_270,Coef_271,Coef_272,Coef_273,Coef_274,Coef_275,Coef_276,Coef_277,Coef_278,Coef_279,Coef_280,Coef_281,Coef_282,Coef_283,Coef_284,Coef_285,Coef_286,Coef_287,Coef_288,Coef_289,Coef_290,Coef_291,Coef_292,Coef_293,Coef_294,Coef_295,Coef_296,Coef_297,Coef_298,Coef_299,Coef_300,Coef_301,Coef_302,Coef_303,Coef_304,Coef_305,Coef_306,Coef_307,Coef_308,Coef_309,Coef_310,Coef_311,Coef_312,Coef_313,Coef_314,Coef_315,Coef_316,Coef_317,Coef_318,Coef_319,Coef_320,Coef_321,Coef_322,Coef_323,Coef_324,Coef_325,Coef_326,Coef_327,Coef_328,Coef_329,Coef_330,Coef_331,Coef_332,Coef_333,Coef_334,Coef_335,Coef_336,Coef_337,Coef_338,Coef_339,Coef_340,Coef_341,Coef_342,Coef_343,Coef_344,Coef_345,Coef_346,Coef_347,Coef_348,Coef_349,Coef_350,Coef_351,Coef_352,Coef_353,Coef_354,Coef_355,Coef_356,Coef_357,Coef_358,Coef_359,Coef_360,Coef_361,Coef_362,Coef_363,Coef_364,Coef_365,Coef_366,Coef_367,Coef_368,Coef_369,Coef_370,Coef_371,Coef_372,Coef_373,Coef_374,Coef_375,Coef_376,Coef_377,Coef_378,Coef_379,Coef_380,Coef_381,Coef_382,Coef_383,Coef_384,Coef_385,Coef_386,Coef_387,Coef_388,Coef_389,Coef_390,Coef_391,Coef_392,Coef_393,Coef_394,Coef_395,Coef_396,Coef_397,Coef_398,Coef_399,Coef_400,Coef_401,Coef_402,Coef_403,Coef_404,Coef_405,Coef_406,Coef_407,Coef_408,Coef_409,Coef_410,Coef_411,Coef_412,Coef_413,Coef_414,Coef_415,Coef_416,Coef_417,Coef_418,Coef_419,Coef_420,Coef_421,Coef_422,Coef_423,Coef_424,Coef_425,Coef_426,Coef_427,Coef_428,Coef_429,Coef_430,Coef_431,Coef_432,Coef_433,Coef_434,Coef_435,Coef_436,Coef_437,Coef_438,Coef_439,Coef_440,Coef_441,Coef_442,Coef_443,Coef_444,Coef_445,Coef_446,Coef_447,Coef_448,Coef_449,Coef_450,Coef_451,Coef_452,Coef_453,Coef_454,Coef_455,Coef_456,Coef_457,Coef_458,Coef_459,Coef_460,Coef_461,Coef_462,Coef_463,Coef_464,Coef_465,Coef_466,Coef_467,Coef_468,Coef_469,Coef_470,Coef_471,Coef_472,Coef_473,Coef_474,Coef_475,Coef_476,Coef_477,Coef_478,Coef_479,Coef_480,Coef_481,Coef_482,Coef_483,Coef_484,Coef_485,Coef_486,Coef_487,Coef_488,Coef_489,Coef_490,Coef_491,Coef_492,Coef_493,Coef_494,Coef_495,Coef_496,Coef_497,Coef_498,Coef_499,Coef_500,Coef_501,Coef_502,Coef_503,Coef_504,Coef_505,Coef_506,Coef_507
aug_between_class_right_pair0001_child01,Healthy,0,0,Augmented,0,0,0,0,0,0.30215209999999998,1.9438752000000001,8.9999999999999996e-07,-8.9999999999999996e-07,0,1.0124820999999999,0,0.030711899999999997,-0.14852029999999999,0.026667400000000001,0.063473399999999999,-0.074671799999999997,0.0601101,0.0086132999999999991,0.0104984,-0.019108399999999998,-0.0702821,0.35741599999999996,-0.086450799999999994,-0.044183,0.0678729,0.028161200000000001,-0.019911999999999999,-0.0081467999999999992,-0.0538048,0.0229637,0.0273704,-0.059265200000000004,0.0064678000000000001,-0.092212299999999997,0.013713900000000001,0.045765899999999998,-0.017580099999999998,0.0078467000000000016,0.0088661,-0.0332929,0.044015699999999998,-0.079967999999999997,-0.020331999999999996,0.0980211,-0.017121099999999997,0.2084966,-0.0556445,0.0097736999999999997,-0.00091140000000000036,-0.0077643999999999994,-0.013341899999999999,-0.0048811000000000011,0.0289845,-0.0031288000000000002,-0.0083220999999999989,-0.0041720999999999998,-0.024681999999999999,0.015464499999999999,0.0149596,0.024829200000000003,0.017001700000000002,-0.0037865000000000008,-0.0059049000000000003,0.019022200000000003,-0.0446697,0.0035025,0.0047127999999999996,0.00053520000000000022,0.0060638999999999971,-0.1052628,-0.005049699999999999,-0.0331329,0.0005979000000000019,0.0072630999999999998,0.0016944999999999998,0.0037946999999999994,0.024146899999999999,0.0026671999999999998,0.0022640999999999998,-0.0054682999999999997,0.0059364000000000005,0.0087950000000000007,-0.0030761,-6.2700000000000169e-05,0.0012325999999999999,-0.0225092,0.0057662,-0.0013339000000000007,0.0076702999999999997,-0.011174799999999999,-0.020363199999999998,0.015889299999999999,-0.014787799999999999,-0.0089776000000000005,-0.0064922000000000001,0.0015564999999999997,0.00058490000000000018,-0.019909799999999998,-0.0093863999999999996,0.016756,-0.0057335000000000007,0.024195299999999996,0.030931100000000003,0.0012124999999999996,0.0280532,-0.023671999999999999,0.0029055000000000001,0.0023131999999999996,-0.0041706,-0.0066014999999999997,0.0096103000000000004,-0.0046519999999999999,-0.00073099999999999988,0.00066639999999999983,0.0043514000000000001,-0.0035390999999999999,-0.0025298999999999999,0.0094048000000000014,0.0073862000000000008,0.003539,-0.0020179,0.0081016000000000005,-0.0020823000000000013,0.0038152999999999998,-0.0058342000000000003,0.006959400000000001,-0.0080140000000000003,-0.0043988999999999999,0.0051146999999999998,-0.0052373999999999997,0.010601199999999998,-0.012928800000000001,-0.0029283,0.0149155,0.0025463999999999999,-0.0068028000000000012,-0.0107022,-0.0096612,-0.0096688,-0.013365699999999999,-0.0177428,-3.260000000000025e-05,-0.0058329000000000011,-0.0059385000000000002,0.0156057,-0.0076933999999999995,-0.0025734999999999998,-0.0017067999999999999,-0.0016979,0.0035358,0.0041118999999999991,-0.004274,0.0011375000000000001,-0.00030199999999999975,0.0011957999999999999,0.0032168000000000001,0.0019845000000000002,0.00032050000000000026,-0.0012317999999999999,-0.0029723000000000002,0.0018764000000000001,0.0030539,-0.0025789000000000003,-0.0083526999999999994,-0.00054819999999999977,0.0027041000000000001,1.1200000000000272e-05,0.0016673,-0.0001906000000000004,0.00075380000000000022,-0.0017688000000000001,-0.0025504999999999998,-0.0092300999999999998,-0.0026356000000000001,-0.00027729999999999986,0.00762,0.00099350000000000046,-0.0050278000000000007,0.00036450000000000002,0.0028862000000000002,-0.00055530000000000032,-0.0046210999999999995,0.0018284,-0.0064800999999999999,0.00013729999999999992,-0.011593600000000001,-0.0060787999999999997,0.0052148999999999997,-0.00055909999999999987,0.0011765999999999999,-0.0037417000000000006,-5.5000000000000144e-05,0.001828,6.540000000000018e-05,-0.0004199999999999998,0.0028744,0.0015888,-0.0004593,-0.0014774999999999999,0.0024355000000000002,0.0014042,-0.00040479999999999986,-0.0022741000000000003,-0.0027310999999999998,0.0029959000000000001,-0.0032784999999999997,-0.0011126,-0.0019313000000000002,-0.0019188,-0.0020087999999999998,0.0029651,0.0021223000000000001,-0.0038946999999999996,-0.0035823999999999999,0.008214299999999999,0.0064377000000000002,-0.0032943999999999994,0.0036978000000000002,0.0059346999999999994,-0.0033019999999999998,0.0015538000000000001,0.00064070000000000012,0.0001870000000000001,-0.0013927,0.00091960000000000002,0.0029656999999999999,0.00071630000000000023,-0.00055939999999999983,0.00041489999999999995,0.00040870000000000012,0.00082920000000000086,0.0041044000000000002,0.00087119999999999993,0.0021941,-0.0037573999999999993,-0.0046927999999999996,-0.0053070999999999986,0.0023383000000000015,0.0021655999999999997,-0.0065865000000000003,0.00032630000000000072,-0.0042109000000000001,0.0038237000000000002,-0.0018210000000000001,-0.00020000000000000001,-0.0015769999999999998,-0.0011792,-0.0011424,0.0013130000000000001,-0.0015132000000000001,-0.00089340000000000003,-0.0032049000000000001,0.00027319999999999997,0.0022634,0.0012374,-0.00016200000000000003,0.0017231999999999998,0.00071710000000000003,0.0014862,0.0021511,-0.0045120999999999998,0.0016958000000000001,0.00017189999999999995,0.0018200999999999998,0.0010087,0.00030149999999999968,0.0019706000000000003,0.0011527,-0.0049151000000000004,0.0015657000000000002,0.0024854,0.0012472999999999998,0.0014127999999999999,0.0014250000000000001,0.0039359,-0.0026229000000000001,0.0014777000000000002,-0.0010144000000000004,0.0015181000000000001,-0.0013069000000000002,0.00041430000000000026,0.0024315999999999999,-0.00089619999999999977,-0.00022800000000000001,0.0017802,0.0024587000000000003,-0.0055726999999999999,-0.0043931000000000005,-0.0022264999999999997,0.0044717000000000003,-0.0056305000000000001,0.0057437999999999994,-0.0023918000000000003,0.0068433999999999995,0.00074879999999999912,-0.0033669000000000008,-0.00016499999999999978,-0.013602299999999999,-0.00017809999999999983,0.00084500000000000005,-0.0019173,0.0022071,0.00095110000000000008,0.00081079999999999998,-0.0010498,-0.0010562000000000002,-0.00015780000000000004,-6.319999999999991e-05,-0.0011624999999999999,0.00091959999999999991,-0.0026915000000000003,0.0031819999999999999,0.00073939999999999987,-0.0041307000000000002,-0.002235,-0.00075740000000000009,0.0016632000000000001,0.0025214,-4.7199999999999955e-05,-0.00098079999999999999,0.0012726999999999999,0.0013874000000000002,-0.0030452000000000005,-0.0025006000000000004,-0.00066379999999999987,0.0033905000000000003,0.00023119999999999998,0.0018967999999999997,-0.00034319999999999989,-3.9199999999999977e-05,-0.0025154000000000001,0.00056360000000000004,-0.0023844000000000001,-0.00060499999999999996,0.0014542000000000001,9.6599999999999854e-05,0.0068764000000000004,-0.00029170000000000004,-0.0017996000000000002,0.00044020000000000018,-0.0013460999999999998,-0.0037942000000000002,0.0018990999999999997,0.0022534,0.0011392999999999998,-0.0028016999999999999,-0.0031685000000000003,-0.00083230000000000001,-0.0032156999999999997,0.00043599999999999997,0.0011896999999999999,-0.0013519999999999999,0.0056132000000000005,-0.0011134000000000001,-0.0044872000000000011,0.0020351000000000002,-0.00031100000000000002,0.0098930999999999984,0.00028840000000000007,-0.00039649999999999972,0.0041032000000000004,-0.0018373,-0.0012726999999999999,0.00062500000000000001,-0.00077500000000000008,0.0023812999999999998,-0.00028379999999999996,-0.00082330000000000001,-8.2600000000000002e-05,0.0025064000000000002,-0.0002631,0.0023174000000000003,0.0001984,-0.00065329999999999989,0.0020395000000000001,-0.000629,0.0013151999999999999,-0.00093610000000000004,0.00043750000000000006,-0.0021847000000000004,0.001557,-0.0015365000000000001,-0.00062469999999999995,0.00040029999999999997,-0.0014835,0.00039910000000000011,-0.001781,0.0014440000000000002,0.00096200000000000007,-0.0015142000000000003,0.00037790000000000002,0.0013257,9.7399999999999982e-05,-0.00081130000000000004,0.0020597000000000002,-0.0016285999999999996,0.00076709999999999994,-0.00046240000000000007,0.0030831000000000001,-0.00069740000000000004,0.00068779999999999991,-0.00070859999999999999,-0.0031768000000000005,-0.0011169999999999999,-0.0017106000000000001,0.0003611,-0.0015224000000000001,0.00077800000000000005,-0.0010105000000000001,0.0027882000000000002,-0.0010065,-0.0017076999999999997,3.5900000000000168e-05,0.0017087999999999999,0.0031384000000000004,-0.0039914,-0.0010043000000000003,0.0022112999999999998,-0.0013644999999999998,-0.0020412,0.0057383,-0.00011790000000000021,0.00067080000000000004,-0.00072940000000000006,0.0026245999999999999,0.0044199,-0.0094719000000000001,-0.0012905999999999998,-0.00032550000000000005,0.0039239000000000001,-0.00048950000000000003,0.00034430000000000002,0.00031120000000000003,0.00062340000000000008,-0.00010870000000000001,0.00022410000000000003,2.1100000000000079e-05,0.00020680000000000001,-0.00090829999999999991,-0.0002789,-0.0011349000000000001,0.0009873000000000002,0.0011571000000000001,-0.0013533,0.0013990999999999997,-0.0005597,-0.0012638999999999999,-0.00031880000000000005,0.00045099999999999996,0.00056519999999999986,0.00065989999999999994,0.0018394999999999998,0.00073450000000000013,-0.0018430999999999999,0.00024029999999999999,0.0014935,-0.00084190000000000003,0.0012886999999999998,0.0015153000000000005,-0.00073680000000000002,-0.0014042,-0.00023550000000000003,-0.00029369999999999998,-0.00087849999999999994,-0.0001446000000000001,0.0011559999999999999,0.00098219999999999991,-0.00033170000000000004,-0.00067619999999999996,0.00037870000000000004,0.0013833999999999999,0.00037279999999999995,-0.0016768000000000002,0.0015609,0.00097309999999999996,0.00044490000000000003,0.0012814999999999999,-0.00044439999999999996,-0.0029475999999999999,0.00046420000000000001,-0.00042750000000000004,0.00035320000000000002,0.0017811000000000001,-0.00091829999999999993,0.0009477,-0.00050660000000000006,-0.0021319000000000004,0.0024461000000000001,-3.9599999999999878e-05,-0.0014949000000000002,0.0011585000000000002,-0.0012037000000000003,0.0034774999999999997,-0.0029088,0.00012290000000000001,0.00039909999999999989,-0.0012706000000000002,0.0014108,0.0018180000000000002,-0.00085420000000000005,0.0022377000000000005,-5.8199999999999788e-05,-0.0011913,0.00098959999999999998,-0.0049413,0.00013139999999999994
aug_between_class_right_pair0001_child02,Healthy,0,0,Augmented,0,0,0,0,0,0.30197619999999997,1.9359784,7.9999999999999996e-07,-7.9999999999999996e-07,0,1.0120701999999999,0,0.029981799999999996,-0.14670559999999999,0.026292800000000002,0.060620799999999996,-0.071258600000000005,0.060456199999999995,0.0087936000000000004,0.0112368,-0.018707799999999997,-0.070843199999999995,0.35461199999999998,-0.090159599999999993,-0.039036999999999988,0.068251800000000001,0.0268814,-0.018667,-0.0077285999999999987,-0.053328600000000004,0.021210399999999997,0.0267978,-0.058344400000000005,0.0060356000000000003,-0.092434600000000006,0.0141648,0.044843800000000003,-0.017351199999999997,0.0082084000000000011,0.0088652000000000002,-0.033327800000000005,0.043841400000000003,-0.079534999999999995,-0.018944999999999997,0.09555820000000001,-0.015353199999999997,0.2067512,-0.055330000000000004,0.0096904000000000001,-0.00081780000000000004,-0.0074687999999999994,-0.0128948,-0.0047802000000000001,0.029817,-0.0034516,-0.0084571999999999998,-0.004375200000000001,-0.023671000000000001,0.014759999999999999,0.014441200000000001,0.0250154,0.016174400000000002,-0.0040790000000000002,-0.0057008000000000007,0.018862400000000001,-0.044056399999999996,0.0044889999999999999,0.0039965999999999995,-0.00028059999999999956,0.0067607999999999974,-0.1045116,-0.005611399999999999,-0.0335178,0.0011178000000000021,0.0076372000000000002,0.0018390000000000004,0.0032473999999999997,0.023638800000000001,0.0030463999999999999,0.0016632000000000001,-0.0052785999999999996,0.0058208000000000001,0.0090559999999999998,-0.0039462000000000004,-0.00032240000000000003,0.0013862000000000002,-0.021465400000000003,0.0056334000000000002,-0.0010647999999999994,0.0078516000000000002,-0.0110636,-0.019694400000000001,0.0155056,-0.014929599999999999,-0.0091832000000000007,-0.0062144000000000001,0.0012240000000000011,0.00014479999999999962,-0.018794600000000002,-0.0084638000000000005,0.015448,-0.0063090000000000004,0.023393599999999994,0.028722200000000003,0.0025979999999999996,0.027236400000000001,-0.023393999999999998,0.0025530000000000001,0.0020923999999999999,-0.0039622000000000008,-0.0064510000000000001,0.0095905999999999995,-0.0043610000000000003,-0.00036599999999999957,0.00016180000000000003,0.0048158000000000003,-0.0035222000000000001,-0.0025668000000000002,0.0091216000000000005,0.0069623999999999997,0.0032229999999999997,-0.0020388000000000003,0.0072832000000000001,-0.0021666000000000003,0.0037405999999999997,-0.0052773999999999998,0.0070807999999999999,-0.0073549999999999996,-0.0045588,0.0052414000000000002,-0.0044568000000000003,0.0100774,-0.0132266,-0.0031456000000000001,0.014178,0.0023167999999999999,-0.0060296000000000013,-0.010160400000000002,-0.0090593999999999987,-0.0092456000000000014,-0.013030399999999999,-0.017952600000000003,0.00056479999999999985,-0.0054088000000000001,-0.0055700000000000003,0.015559400000000001,-0.0067857999999999998,-0.0025110000000000002,-0.0012376000000000002,-0.0019858000000000007,0.0030586000000000003,0.0038868000000000002,-0.0040040000000000006,0.00096600000000000006,-0.00049399999999999965,0.0012656,0.0031895999999999999,0.0019659999999999999,0.00076100000000000017,-0.0012956000000000003,-0.0026375999999999999,0.0021777999999999997,0.0033458000000000012,-0.0023078,-0.0088503999999999996,-0.00077739999999999949,0.0031882000000000004,0.00028540000000000032,0.00094059999999999988,5.7799999999999779e-05,0.00063460000000000035,-0.0020585999999999998,-0.0023340000000000001,-0.009884200000000001,-0.0023242000000000002,-0.00034659999999999943,0.0079170000000000004,0.0014300000000000003,-0.0052656000000000005,0.00051500000000000005,0.0035833999999999996,-0.00036759999999999983,-0.0041542000000000003,0.0014647999999999996,-0.0058201999999999993,-9.2400000000000078e-05,-0.0120112,-0.0057875999999999995,0.0050147999999999998,-0.00050819999999999945,0.0012811999999999997,-0.0036074000000000002,-0.00029300000000000007,0.001921,0.00028779999999999995,-0.000562,0.0027467999999999998,0.0013235999999999999,-0.00055259999999999999,-0.001908,0.0023629999999999996,0.0013693999999999998,-0.00039659999999999999,-0.0028751999999999996,-0.0028281999999999999,0.0030668000000000006,-0.0032009999999999999,-0.0010671999999999999,-0.0015426000000000001,-0.0018056000000000001,-0.0018025999999999999,0.0029312000000000001,0.0023816000000000002,-0.0036024,-0.0036048,0.0077716,0.0064424000000000009,-0.0029288000000000001,0.003380600000000001,0.0062134,-0.0032139999999999998,0.0015226000000000003,0.00055039999999999993,0.00033799999999999998,-0.0015504,0.00089720000000000002,0.0030723999999999999,0.0007756000000000002,-0.00038680000000000008,-0.0001611999999999998,0.00093040000000000006,0.00095440000000000065,0.0040258000000000004,0.00091339999999999987,0.0021121999999999998,-0.003544799999999999,-0.0044206000000000002,-0.0054832000000000023,0.0021986000000000019,0.0021891999999999997,-0.0064479999999999997,9.7600000000000638e-05,-0.0039407999999999995,0.0037974000000000003,-0.001835,-0.00025500000000000002,-0.0012780000000000001,-0.0012274,-0.00080280000000000021,0.0010490000000000002,-0.0013634000000000001,-0.00072179999999999998,-0.0032087999999999999,-3.6600000000000009e-05,0.0024118,0.0011158000000000001,-0.00017300000000000009,0.0016544000000000003,0.00055520000000000005,0.0014714000000000001,0.0021402000000000001,-0.0040042000000000003,0.0013826000000000001,-4.9200000000000112e-05,0.0016551999999999999,0.0010123999999999999,0.00021800000000000031,0.0018622000000000001,0.0011294,-0.0047451999999999998,0.0013444000000000002,0.0024618000000000001,0.0010735999999999999,0.0011806,0.001361,0.0042298000000000006,-0.0022658000000000001,0.0013633999999999999,-0.00077680000000000023,0.0018752,-0.0012588000000000002,0.00053359999999999996,0.0026461999999999996,-0.0010403999999999999,-0.00035999999999999997,0.0014934000000000006,0.0027064000000000003,-0.0051424000000000001,-0.0038462000000000001,-0.0022420000000000001,0.0041083999999999999,-0.0054800000000000005,0.0054056,-0.0025546000000000002,0.0069568000000000008,7.5599999999999452e-05,-0.0028078000000000001,-0.00049200000000000025,-0.013333599999999999,-0.00026020000000000014,0.00069999999999999988,-0.0019046,0.0020292000000000001,0.0013791999999999999,0.00058660000000000006,-0.0012146000000000001,-0.0011714000000000002,0.00016139999999999969,-0.0002703999999999999,-0.00096600000000000017,0.0007451999999999999,-0.0025960000000000002,0.0030119999999999999,0.00041679999999999994,-0.0039903999999999998,-0.001952,-0.00069680000000000013,0.0019134,0.0026658000000000003,-0.00022939999999999999,-0.00098959999999999998,0.0012874,0.0012798000000000004,-0.0027764,-0.0024552000000000003,-0.00060960000000000018,0.0032440000000000004,4.2400000000000055e-05,0.0016505999999999997,-0.00024439999999999987,-0.00017939999999999992,-0.0023877999999999998,0.00050020000000000012,-0.0024787999999999998,-0.00060700000000000001,0.0012714000000000002,7.9199999999999865e-05,0.0066548000000000006,-0.00024639999999999997,-0.0017232,0.00062340000000000008,-0.0012782000000000002,-0.0035414000000000001,0.0019322,0.0021768,0.0018315999999999999,-0.0028424000000000001,-0.0027860000000000003,-0.00080160000000000008,-0.0034464000000000001,0.00045299999999999995,0.0014284,-0.001433,0.0055194000000000007,-0.0012668,-0.0045214000000000009,0.0020982000000000002,-0.00013500000000000008,0.0095111999999999992,0.00031280000000000001,-0.00031599999999999987,0.0038654000000000002,-0.0017255999999999999,-0.0012553999999999998,0.00069300000000000004,-0.00076300000000000001,0.0023355999999999997,-0.00038559999999999999,-0.00065959999999999999,-0.00031720000000000001,0.0024468000000000003,-0.0003122,0.0021968000000000001,0.00033480000000000001,-0.00057659999999999992,0.0018039999999999998,-0.00030200000000000002,0.0010024000000000001,-0.0008611999999999999,0.00032400000000000007,-0.0022054000000000002,0.0015249999999999999,-0.0014169999999999999,-0.00051240000000000009,0.00044060000000000003,-0.0013249999999999998,0.00014119999999999996,-0.0017209999999999999,0.0011769999999999999,0.00097800000000000014,-0.0013134000000000002,0.00036180000000000001,0.0013803999999999999,6.1799999999999984e-05,-0.00083060000000000013,0.0020834,-0.0012611999999999999,0.00046319999999999998,-0.00034380000000000001,0.0026572000000000002,-0.00079980000000000003,0.00068959999999999985,-0.0010442000000000001,-0.0029446000000000003,-0.0010839999999999999,-0.0014212000000000001,0.00038220000000000002,-0.0018058,0.0006069999999999999,-0.00069200000000000002,0.0025114,-0.00063500000000000015,-0.0015374000000000002,-2.9199999999999842e-05,0.0016635999999999999,0.0032138000000000002,-0.0039028000000000005,-0.00088359999999999979,0.0021616000000000001,-0.0010679999999999999,-0.0019164000000000004,0.0051136000000000003,0.00011319999999999993,0.00044059999999999976,-0.00051679999999999999,0.0024101999999999999,0.0040127999999999995,-0.0090588000000000005,-0.0011572000000000002,-0.00085700000000000001,0.0043498,-0.00080899999999999993,0.00038460000000000002,0.00047040000000000005,0.00036680000000000003,-0.00012740000000000001,0.00033120000000000003,0.00020719999999999999,0.00022160000000000002,-0.0011215999999999999,-0.00025679999999999995,-0.0011848000000000002,0.0010466000000000002,0.0013252000000000001,-0.0012886,0.0014572000000000001,-0.00036240000000000003,-0.0010317999999999998,-0.00015560000000000004,0.00048799999999999999,0.00066139999999999992,0.00067179999999999996,0.0018130000000000002,0.00069200000000000012,-0.0018511999999999999,0.00030459999999999998,0.001369,-0.00079279999999999997,0.0013674,0.0013916,-0.00080860000000000014,-0.0012304,-0.00027200000000000005,-0.00021739999999999997,-0.00099400000000000009,6.7999999999998942e-06,0.001139,0.00093840000000000026,-0.00025839999999999999,-0.00080539999999999995,0.00039440000000000005,0.0012527999999999997,0.00034959999999999999,-0.0017716000000000001,0.0014718000000000001,0.00091620000000000004,0.00044280000000000003,0.001011,-0.00023379999999999994,-0.0027162000000000002,0.00040939999999999998,-0.00029200000000000005,0.00034440000000000013,0.0016072000000000003,-0.0009905999999999999,0.00099740000000000007,-0.0008832,-0.0018738000000000006,0.0025352,-0.00011720000000000003,-0.0013037999999999999,0.00095900000000000011,-0.0008824000000000002,0.0033640000000000002,-0.0030046000000000001,0.00027879999999999962,0.00045219999999999982,-0.0011552000000000001,0.0012156000000000003,0.0017080000000000001,-0.00053740000000000038,0.0022334,-0.00047340000000000012,-0.00083059999999999991,0.00063119999999999995,-0.0049756000000000002,0.00019079999999999998
aug_between_class_right_pair0001_child03,Healthy,0,0,Augmented,0,0,0,0,0,0.30180029999999997,1.9280816000000001,6.9999999999999997e-07,-6.9999999999999997e-07,0,1.0116582999999999,4.1359030627651384e-25,0.029251699999999999,-0.14489089999999999,0.025918199999999999,0.057768199999999999,-0.0678454,0.060802299999999997,0.0089738999999999982,0.011975199999999998,-0.018307199999999999,-0.071404300000000004,0.35180800000000001,-0.093868400000000005,-0.033890999999999991,0.068630700000000003,0.025601599999999999,-0.017422,-0.0073103999999999999,-0.052852400000000001,0.019457099999999998,0.026225200000000001,-0.057423600000000005,0.0056034000000000006,-0.0926569,0.014615700000000001,0.043921700000000001,-0.0171223,0.0085701000000000006,0.0088643000000000003,-0.033362700000000002,0.0436671,-0.079102000000000006,-0.017558000000000001,0.093095300000000006,-0.013585299999999998,0.20500580000000002,-0.055015500000000002,0.0096071000000000004,-0.00072420000000000036,-0.0071731999999999994,-0.012447699999999999,-0.0046793,0.030649500000000003,-0.0037744000000000002,-0.0085923000000000006,-0.0045783000000000004,-0.02266,0.014055499999999999,0.013922800000000001,0.025201600000000001,0.015347100000000001,-0.0043715000000000004,-0.0054967000000000002,0.0187026,-0.043443099999999998,0.0054754999999999995,0.0032803999999999997,-0.0010963999999999998,0.0074577000000000046,-0.1037604,-0.0061730999999999999,-0.033902700000000001,0.0016376999999999989,0.0080113000000000007,0.0019835,0.0027000999999999995,0.023130700000000001,0.0034256000000000004,0.0010623000000000002,-0.0050889000000000004,0.0057052000000000005,0.0093169999999999989,-0.0048162999999999999,-0.00058209999999999946,0.0015398,-0.020421600000000002,0.0055005999999999996,-0.00079569999999999901,0.0080328999999999991,-0.010952399999999999,-0.019025599999999997,0.015121899999999999,-0.015071399999999999,-0.009388800000000001,-0.0059366000000000002,0.00089149999999999993,-0.00029529999999999964,-0.017679399999999998,-0.0075411999999999996,0.01414,-0.0068845000000000017,0.022591899999999998,0.026513300000000004,0.0039834999999999992,0.026419600000000001,-0.023115999999999998,0.0022005000000000002,0.0018715999999999997,-0.0037537999999999998,-0.0063005000000000005,0.0095709000000000002,-0.0040700000000000007,-9.9999999999969905e-07,-0.00034280000000000026,0.0052801999999999997,-0.0035052999999999998,-0.0026037000000000005,0.0088383999999999997,0.0065386000000000012,0.0029069999999999999,-0.0020596999999999998,0.0064647999999999997,-0.002250900000000001,0.0036658999999999997,-0.0047206000000000001,0.0072022000000000006,-0.0066959999999999997,-0.0047187000000000002,0.0053681000000000006,-0.0036762000000000001,0.0095535999999999989,-0.013524399999999999,-0.0033628999999999998,0.013440500000000001,0.0020871999999999996,-0.0052563999999999996,-0.0096185999999999997,-0.0084575999999999991,-0.0088224000000000011,-0.012695099999999999,-0.018162399999999999,0.0011621999999999997,-0.0049846999999999999,-0.0052014999999999995,0.0155131,-0.0058781999999999992,-0.0024484999999999997,-0.00076840000000000003,-0.0022737,0.0025813999999999998,0.0036616999999999995,-0.0037340000000000003,0.00079450000000000007,-0.00068599999999999998,0.0013354,0.0031623999999999997,0.0019475,0.0012015000000000001,-0.0013594000000000002,-0.0023029000000000001,0.0024792,0.0036376999999999998,-0.0020367000000000002,-0.0093480999999999998,-0.0010065999999999999,0.0036723000000000007,0.00055959999999999994,0.00021389999999999994,0.00030619999999999996,0.00051540000000000006,-0.0023484000000000001,-0.0021175,-0.0105383,-0.0020127999999999995,-0.00041589999999999943,0.0082139999999999991,0.001866500000000001,-0.0055034000000000003,0.00066550000000000018,0.0042806000000000007,-0.00017989999999999976,-0.0036872999999999993,0.0011012000000000001,-0.0051602999999999996,-0.00032210000000000008,-0.0124288,-0.0054963999999999994,0.0048146999999999999,-0.00045730000000000076,0.0013858000000000004,-0.0034730999999999998,-0.00053100000000000011,0.0020140000000000002,0.00051020000000000015,-0.0007040000000000002,0.0026192000000000003,0.0010583999999999997,-0.00064590000000000003,-0.0023384999999999999,0.0022905,0.0013346,-0.00038840000000000012,-0.0034762999999999999,-0.0029253,0.0031377000000000002,-0.0031235,-0.0010218,-0.0011539,-0.0016923999999999997,-0.0015964,0.0028972999999999998,0.0026408999999999998,-0.0033100999999999998,-0.0036271999999999997,0.0073288999999999993,0.0064470999999999999,-0.0025631999999999999,0.0030634000000000004,0.0064921000000000006,-0.0031259999999999999,0.0014913999999999999,0.00046010000000000018,0.00048899999999999985,-0.0017080999999999999,0.00087480000000000001,0.0031791000000000002,0.00083490000000000018,-0.00021420000000000011,-0.00073730000000000019,0.0014521000000000002,0.0010796000000000004,0.0039471999999999997,0.00095560000000000003,0.0020303000000000001,-0.0033321999999999996,-0.0041484,-0.0056592999999999991,0.0020589000000000007,0.0022128,-0.0063095,-0.00013110000000000031,-0.0036706999999999998,0.0037711000000000003,-0.0018489999999999999,-0.00030999999999999995,-0.00097899999999999984,-0.0012756,-0.00046319999999999998,0.00078500000000000011,-0.0012136,-0.00055020000000000004,-0.0032126999999999998,-0.00034640000000000007,0.0025602000000000003,0.00099419999999999999,-0.00018400000000000003,0.0015855999999999999,0.00039330000000000007,0.0014566000000000002,0.0021293000000000002,-0.0034962999999999999,0.0010693999999999999,-0.00027030000000000012,0.0014902999999999997,0.0010161,0.00013450000000000007,0.0017538,0.0011061000000000001,-0.0045753,0.0011231000000000001,0.0024381999999999997,0.00089989999999999992,0.00094839999999999985,0.001297,0.0045236999999999994,-0.0019087000000000002,0.0012490999999999999,-0.0005392000000000001,0.0022323,-0.0012106999999999999,0.00065290000000000031,0.0028607999999999997,-0.0011846000000000001,-0.00049199999999999992,0.0012066000000000004,0.0029541000000000003,-0.0047120999999999994,-0.0032992999999999998,-0.0022575,0.0037450999999999995,-0.0053295,0.0050673999999999997,-0.0027174,0.0070701999999999996,-0.00059760000000000021,-0.0022487000000000002,-0.00081899999999999985,-0.013064899999999999,-0.00034229999999999981,0.00055499999999999994,-0.0018919,0.0018512999999999997,0.0018073,0.00036239999999999992,-0.0013793999999999998,-0.0012865999999999999,0.00048060000000000008,-0.00047760000000000001,-0.00076949999999999989,0.0005708,-0.0025005000000000001,0.0028419999999999999,9.4199999999999877e-05,-0.0038501,-0.0016689999999999999,-0.00063619999999999996,0.0021635999999999999,0.0028102000000000001,-0.00041159999999999998,-0.00099839999999999998,0.0013021,0.0011721999999999998,-0.0025076,-0.0024098000000000001,-0.00055540000000000006,0.0030975000000000004,-0.00014640000000000009,0.0014043999999999997,-0.00014560000000000007,-0.00031960000000000007,-0.0022602,0.00043679999999999978,-0.0025731999999999994,-0.00060899999999999995,0.0010885999999999999,6.1799999999999984e-05,0.0064332,-0.00020110000000000001,-0.0016467999999999999,0.00080660000000000009,-0.0012102999999999997,-0.0032886,0.0019652999999999997,0.0021002,0.0025238999999999999,-0.0028831,-0.0024034999999999998,-0.00077090000000000004,-0.0036771,0.00047000000000000004,0.0016670999999999999,-0.0015139999999999999,0.0054256,-0.0014202000000000002,-0.0045556000000000008,0.0021612999999999997,4.1000000000000129e-05,0.0091292999999999999,0.00033720000000000017,-0.00023550000000000003,0.0036275999999999999,-0.0016139000000000001,-0.0012380999999999998,0.00076099999999999996,-0.00075100000000000015,0.0022899000000000001,-0.00048739999999999998,-0.00049589999999999996,-0.00055180000000000008,0.0023871999999999999,-0.00036129999999999995,0.0020761999999999998,0.00047120000000000007,-0.00049989999999999995,0.0015684999999999998,2.500000000000012e-05,0.00068960000000000007,-0.00078629999999999998,0.00021049999999999997,-0.0022261,0.001493,-0.0012974999999999996,-0.00040009999999999997,0.00048090000000000003,-0.0011665,-0.00011669999999999996,-0.0016609999999999999,0.00090999999999999978,0.00099399999999999966,-0.0011126,0.0003457,0.0014350999999999999,2.6199999999999878e-05,-0.0008499,0.0021070999999999998,-0.00089379999999999972,0.00015929999999999991,-0.00022520000000000005,0.0022313000000000003,-0.00090220000000000003,0.0006914,-0.0013798,-0.0027124000000000002,-0.0010509999999999999,-0.0011318000000000001,0.00040329999999999999,-0.0020892000000000003,0.00043599999999999976,-0.00037349999999999992,0.0022345999999999998,-0.00026350000000000039,-0.0013670999999999998,-9.430000000000007e-05,0.0016183999999999999,0.0032891999999999999,-0.0038142000000000002,-0.00076289999999999973,0.0021118999999999999,-0.00077149999999999994,-0.0017916,0.0044889000000000005,0.00034430000000000007,0.00021039999999999991,-0.00030420000000000013,0.0021957999999999999,0.0036056999999999999,-0.0086456999999999992,-0.0010237999999999996,-0.0013885000000000002,0.0047756999999999999,-0.0011285000000000002,0.00042489999999999997,0.00062959999999999991,0.00011019999999999986,-0.00014610000000000003,0.00043830000000000003,0.00039330000000000013,0.0002364,-0.0013349,-0.00023470000000000012,-0.0012347,0.0011058999999999999,0.0014932999999999999,-0.0012239,0.0015153,-0.00016509999999999995,-0.00079969999999999976,7.5999999999999543e-06,0.00052499999999999997,0.00075759999999999977,0.00068369999999999998,0.0017864999999999997,0.0006494999999999999,-0.0018592999999999999,0.00036890000000000002,0.0012444999999999999,-0.00074369999999999992,0.0014461000000000001,0.0012679,-0.00088039999999999982,-0.0010566,-0.00030850000000000002,-0.00014109999999999996,-0.0011095,0.00015819999999999989,0.001122,0.00089459999999999995,-0.0001851,-0.00093459999999999984,0.00041009999999999983,0.0011221999999999998,0.00032640000000000002,-0.0018664,0.0013827000000000002,0.00085930000000000012,0.00044070000000000003,0.00074049999999999995,-2.320000000000013e-05,-0.0024847999999999997,0.00035460000000000005,-0.00015650000000000006,0.00033560000000000003,0.0014333000000000002,-0.0010629000000000001,0.0010471,-0.0012597999999999999,-0.0016157000000000003,0.0026243,-0.00019480000000000018,-0.0011126999999999999,0.00075949999999999998,-0.00056110000000000014,0.0032504999999999999,-0.0031004000000000001,0.00043469999999999967,0.00050529999999999998,-0.0010398,0.0010203999999999999,0.001598,-0.00022060000000000005,0.0022290999999999999,-0.00088860000000000002,-0.00046989999999999988,0.0002727999999999998,-0.0050098999999999994,0.00025020000000000006
aug_between_class_right_pair0001_child04,Healthy,0,0,Augmented,0,0,0,0,0,0.30162439999999996,1.9201847999999999,5.9999999999999997e-07,-5.9999999999999997e-07,0,1.0112463999999999,0,0.028521599999999998,-0.14307619999999999,0.0255436,0.054915600000000002,-0.064432199999999995,0.061148399999999999,0.0091542000000000012,0.012713599999999999,-0.017906600000000002,-0.071965399999999999,0.34900399999999998,-0.097577200000000003,-0.028744999999999996,0.069009600000000004,0.024321799999999998,-0.016176999999999997,-0.0068921999999999994,-0.052376200000000005,0.017703799999999999,0.025652600000000001,-0.056502800000000006,0.0051711999999999999,-0.092879200000000009,0.015066600000000001,0.042999599999999999,-0.016893399999999999,0.0089318000000000002,0.0088634000000000004,-0.0333976,0.043492799999999998,-0.078669000000000003,-0.016171000000000001,0.090632400000000002,-0.011817399999999999,0.20326040000000001,-0.054701,0.0095237999999999989,-0.00063060000000000026,-0.0068775999999999993,-0.0120006,-0.004578399999999999,0.031482000000000003,-0.0040972000000000005,-0.0087273999999999997,-0.0047813999999999999,-0.021649000000000002,0.013351,0.013404399999999999,0.025387800000000002,0.014519800000000001,-0.0046639999999999997,-0.0052925999999999997,0.018542800000000002,-0.042829799999999994,0.0064620000000000007,0.0025642,-0.0019121999999999998,0.0081546000000000014,-0.1030092,-0.0067347999999999991,-0.034287600000000001,0.0021575999999999991,0.0083854000000000012,0.0021280000000000001,0.0021527999999999999,0.0226226,0.0038048000000000005,0.00046140000000000005,-0.0048991999999999994,0.0055896000000000001,0.0095779999999999997,-0.0056864000000000003,-0.00084179999999999975,0.0016933999999999999,-0.019377800000000001,0.0053677999999999998,-0.00052659999999999946,0.0082141999999999996,-0.0108412,-0.0183568,0.0147382,-0.0152132,-0.0095943999999999995,-0.0056588000000000003,0.00055900000000000047,-0.00073540000000000064,-0.016564199999999998,-0.0066185999999999997,0.012832,-0.0074600000000000014,0.021790199999999996,0.024304400000000004,0.0053689999999999996,0.025602800000000002,-0.022838000000000001,0.0018479999999999998,0.0016507999999999998,-0.0035454000000000002,-0.0061500000000000001,0.0095511999999999993,-0.0037790000000000002,0.00036400000000000017,-0.0008474,0.0057445999999999999,-0.0034884,-0.0026405999999999999,0.0085552000000000007,0.0061148000000000001,0.0025909999999999996,-0.0020806000000000006,0.0056464000000000002,-0.0023352000000000008,0.0035911999999999997,-0.0041638000000000005,0.0073236000000000004,-0.0060369999999999998,-0.0048786000000000003,0.0054948000000000002,-0.0028955999999999999,0.0090297999999999976,-0.0138222,-0.0035802,0.012702999999999999,0.0018575999999999996,-0.0044832000000000006,-0.0090767999999999995,-0.0078557999999999996,-0.0083992000000000008,-0.012359799999999999,-0.018372200000000002,0.0017596000000000001,-0.0045605999999999997,-0.0048330000000000005,0.015466799999999999,-0.0049705999999999995,-0.0023859999999999997,-0.00029920000000000001,-0.0025616000000000002,0.0021042000000000001,0.0034365999999999997,-0.0034640000000000001,0.00062300000000000007,-0.00087799999999999987,0.0014052000000000001,0.0031351999999999999,0.0019289999999999999,0.001642,-0.0014232000000000001,-0.0019681999999999998,0.0027806000000000003,0.003929600000000001,-0.0017656,-0.0098458,-0.0012358,0.0041564000000000011,0.00083380000000000043,-0.00051279999999999967,0.00055459999999999971,0.0003962000000000002,-0.0026382000000000003,-0.0019009999999999999,-0.011192400000000002,-0.0017014000000000005,-0.00048519999999999943,0.0085109999999999995,0.0023030000000000004,-0.0057412000000000001,0.00081599999999999999,0.004977800000000001,7.7999999999998643e-06,-0.0032204,0.00073759999999999971,-0.0045003999999999999,-0.00055180000000000029,-0.012846400000000001,-0.0052051999999999992,0.0046145999999999991,-0.00040640000000000034,0.0014904000000000002,-0.0033388000000000003,-0.00076900000000000004,0.0021069999999999999,0.00073259999999999992,-0.00084599999999999996,0.0024916000000000001,0.00079319999999999976,-0.00073919999999999997,-0.0027689999999999998,0.0022179999999999995,0.0012997999999999998,-0.00038020000000000003,-0.0040774000000000001,-0.0030223999999999997,0.0032085999999999998,-0.0030460000000000001,-0.00097639999999999999,-0.00076519999999999973,-0.0015792000000000002,-0.0013901999999999999,0.0028634000000000003,0.0029001999999999999,-0.0030177999999999997,-0.0036495999999999998,0.0068861999999999994,0.0064518000000000006,-0.0021975999999999996,0.0027462000000000003,0.0067708000000000004,-0.0030379999999999999,0.0014602,0.00036980000000000021,0.00063999999999999994,-0.0018657999999999999,0.00085240000000000001,0.0032857999999999997,0.00089420000000000016,-4.1599999999999927e-05,-0.0013134000000000002,0.0019738000000000004,0.0012048000000000002,0.0038685999999999998,0.00099780000000000008,0.0019484000000000001,-0.0031195999999999993,-0.0038761999999999998,-0.005835400000000001,0.0019191999999999994,0.0022363999999999995,-0.0061710000000000003,-0.00035979999999999953,-0.0034006000000000002,0.0037448000000000004,-0.0018629999999999999,-0.00036500000000000004,-0.00067999999999999983,-0.0013238,-0.00012359999999999997,0.00052100000000000009,-0.0010637999999999999,-0.00037859999999999999,-0.0032166,-0.00065620000000000001,0.0027086000000000002,0.00087259999999999985,-0.00019499999999999997,0.0015168,0.00023140000000000001,0.0014418,0.0021183999999999999,-0.0029884,0.00075619999999999984,-0.00049140000000000013,0.0013253999999999998,0.0010198,5.1000000000000698e-05,0.0016454,0.0010828000000000001,-0.0044054000000000003,0.00090179999999999991,0.0024145999999999998,0.00072619999999999987,0.00071620000000000017,0.0012330000000000002,0.0048176,-0.0015516,0.0011348000000000003,-0.00030159999999999996,0.0025893999999999999,-0.0011626,0.00077220000000000023,0.0030753999999999998,-0.0013287999999999998,-0.00062399999999999999,0.00091980000000000013,0.0032018000000000003,-0.0042817999999999997,-0.0027524000000000003,-0.0022729999999999998,0.0033817999999999999,-0.0051790000000000004,0.0047291999999999994,-0.0028802000000000003,0.0071836000000000009,-0.0012708000000000007,-0.0016896000000000001,-0.0011459999999999999,-0.012796199999999999,-0.00042440000000000012,0.00040999999999999977,-0.0018791999999999999,0.0016733999999999998,0.0022354000000000002,0.0001382,-0.0015441999999999999,-0.0014017999999999999,0.00079980000000000003,-0.00068479999999999995,-0.00057299999999999983,0.00039639999999999988,-0.002405,0.0026719999999999999,-0.00022840000000000008,-0.0037098000000000001,-0.0013859999999999999,-0.0005756,0.0024137999999999998,0.0029546000000000004,-0.00059380000000000001,-0.0010072,0.0013167999999999999,0.0010645999999999995,-0.0022388,-0.0023644,-0.00050119999999999993,0.0029510000000000005,-0.00033519999999999991,0.0011581999999999999,-4.6799999999999837e-05,-0.00045980000000000012,-0.0021326000000000001,0.00037339999999999986,-0.0026676,-0.00061099999999999989,0.00090580000000000001,4.4399999999999887e-05,0.0062115999999999994,-0.00015580000000000005,-0.0015704,0.0009898000000000001,-0.0011423999999999996,-0.0030358,0.0019984,0.0020236,0.0032161999999999998,-0.0029237999999999998,-0.0020209999999999998,-0.00074019999999999999,-0.0039077999999999995,0.00048700000000000002,0.0019058,-0.0015950000000000001,0.0053318000000000003,-0.0015736000000000001,-0.0045898000000000007,0.0022244000000000001,0.0002170000000000001,0.0087473999999999989,0.0003615999999999999,-0.00015499999999999976,0.0033898000000000001,-0.0015022,-0.0012207999999999997,0.00082900000000000009,-0.00073900000000000007,0.0022442,-0.00058920000000000001,-0.0003322,-0.00078640000000000003,0.0023276,-0.0004104,0.0019556,0.00060760000000000002,-0.00042319999999999993,0.001333,0.0003520000000000001,0.00037679999999999994,-0.00071139999999999984,9.7000000000000027e-05,-0.0022468000000000002,0.0014609999999999998,-0.0011779999999999998,-0.00028779999999999995,0.00052120000000000009,-0.0010079999999999998,-0.00037460000000000021,-0.001601,0.00064299999999999991,0.0010099999999999996,-0.00091179999999999994,0.00032959999999999999,0.0014897999999999999,-9.3999999999999032e-06,-0.00086919999999999999,0.0021308000000000004,-0.00052639999999999978,-0.00014460000000000015,-0.0001066000000000001,0.0018053999999999998,-0.0010046,0.00069320000000000015,-0.0017154000000000002,-0.0024802000000000001,-0.001018,-0.00084239999999999988,0.00042439999999999996,-0.0023725999999999999,0.00026499999999999983,-5.4999999999999982e-05,0.0019578,0.00010800000000000002,-0.0011968,-0.00015940000000000008,0.0015731999999999999,0.0033646000000000001,-0.0037256000000000008,-0.00064220000000000011,0.0020622000000000001,-0.00047499999999999994,-0.0016668,0.0038642000000000004,0.0005754,-1.9799999999999939e-05,-9.1600000000000058e-05,0.0019813999999999999,0.0031985999999999994,-0.0082325999999999996,-0.00089039999999999996,-0.0019200000000000003,0.0052016000000000007,-0.0014480000000000001,0.00046519999999999998,0.00078880000000000009,-0.00014640000000000009,-0.00016480000000000005,0.00054540000000000014,0.0005794000000000001,0.00025120000000000003,-0.0015481999999999998,-0.00021260000000000007,-0.0012845999999999999,0.0011652000000000001,0.0016614000000000002,-0.0011592,0.0015733999999999998,3.2200000000000037e-05,-0.00056759999999999992,0.00017079999999999992,0.000562,0.00085379999999999983,0.00069559999999999999,0.0017599999999999996,0.00060700000000000012,-0.0018674,0.00043320000000000001,0.0011199999999999999,-0.00069459999999999986,0.0015248,0.0011442000000000002,-0.00095220000000000005,-0.00088279999999999988,-0.00034500000000000004,-6.4799999999999949e-05,-0.001225,0.00030959999999999994,0.0011050000000000001,0.00085079999999999986,-0.00011180000000000001,-0.0010637999999999999,0.00042580000000000005,0.00099160000000000003,0.00030319999999999994,-0.0019612000000000002,0.0012936,0.00080239999999999999,0.00043860000000000004,0.00046999999999999982,0.00018739999999999989,-0.0022533999999999996,0.00029980000000000002,-2.1000000000000023e-05,0.00032680000000000003,0.0012594000000000001,-0.0011352000000000001,0.0010968,-0.0016364000000000001,-0.0013576,0.0027134000000000004,-0.0002723999999999999,-0.00092159999999999985,0.00056000000000000006,-0.00023980000000000003,0.003137,-0.0031962000000000002,0.00059060000000000015,0.00055840000000000013,-0.00092440000000000003,0.00082520000000000011,0.001488,9.6199999999999953e-05,0.0022247999999999999,-0.0013038000000000004,-0.00010919999999999984,-8.5600000000000129e-05,-0.0050442000000000004,0.00030960000000000004
aug_between_class_right_pair0001_child05,TLE,1,1,Augmented,0,0,0,0,0,0.3012726,1.9043912000000001,4.0000000000000003e-07,-3.9999999999999993e-07,0,1.0104226000000001,0,0.027061399999999999,-0.13944680000000001,0.024794400000000001,0.049210400000000001,-0.057605799999999999,0.061840600000000003,0.0095147999999999986,0.014190399999999999,-0.0171054,-0.073087600000000003,0.34339599999999998,-0.1049948,-0.018452999999999997,0.069767399999999993,0.021762200000000002,-0.013687,-0.0060558000000000001,-0.051423799999999999,0.014197199999999998,0.024507399999999999,-0.054661200000000007,0.0043068000000000004,-0.093323799999999998,0.015968400000000001,0.041155400000000002,-0.016435599999999998,0.0096552000000000009,0.008861599999999999,-0.033467399999999994,0.043144200000000001,-0.077802999999999997,-0.013396999999999999,0.085706600000000008,-0.0082816000000000001,0.19976959999999999,-0.054072000000000002,0.0093571999999999995,-0.00044340000000000004,-0.0062863999999999993,-0.011106399999999999,-0.0043766000000000005,0.033147000000000003,-0.0047428000000000001,-0.0089975999999999997,-0.0051875999999999988,-0.019627000000000002,0.011941999999999999,0.012367599999999998,0.0257602,0.0128652,-0.0052490000000000002,-0.0048843999999999997,0.018223199999999998,-0.0416032,0.0084349999999999998,0.0011318000000000001,-0.0035437999999999993,0.0095483999999999986,-0.10150680000000001,-0.0078581999999999992,-0.035057400000000002,0.0031973999999999995,0.0091336000000000004,0.0024169999999999999,0.0010582,0.021606400000000001,0.0045631999999999999,-0.00074039999999999957,-0.0045198,0.0053584000000000001,0.0101,-0.0074266000000000002,-0.0013611999999999999,0.0020005999999999999,-0.017290200000000002,0.0051021999999999994,1.1600000000000499e-05,0.008576799999999999,-0.010618800000000001,-0.017019199999999998,0.013970799999999998,-0.015496799999999998,-0.0100056,-0.0051032000000000004,-0.00010599999999999976,-0.0016156,-0.014333800000000001,-0.0047734000000000006,0.010215999999999999,-0.0086110000000000006,0.020186799999999998,0.019886600000000004,0.0081399999999999997,0.023969200000000003,-0.022282,0.0011429999999999999,0.0012091999999999999,-0.0031286000000000005,-0.005849,0.0095118000000000008,-0.0031970000000000002,0.0010939999999999995,-0.0018565999999999999,0.0066733999999999995,-0.0034545999999999999,-0.0027144000000000001,0.0079888000000000008,0.0052672000000000005,0.0019589999999999998,-0.0021223999999999995,0.0040096000000000003,-0.0025038000000000005,0.0034418000000000001,-0.0030501999999999999,0.0075664000000000009,-0.0047190000000000001,-0.0051984000000000006,0.0057482000000000002,-0.0013344000000000001,0.0079822000000000001,-0.014417799999999998,-0.0040147999999999998,0.011228,0.0013984000000000002,-0.0029368000000000007,-0.0079932000000000007,-0.0066521999999999987,-0.0075528000000000001,-0.0116892,-0.018791800000000001,0.0029543999999999994,-0.0037123999999999998,-0.0040959999999999998,0.015374200000000001,-0.0031554,-0.002261,0.00063919999999999971,-0.0031373999999999998,0.0011498000000000001,0.0029864000000000002,-0.0029239999999999999,0.00028000000000000008,-0.0012620000000000001,0.0015448,0.0030807999999999999,0.001892,0.0025229999999999996,-0.0015508,-0.0012987999999999999,0.0033833999999999991,0.0045133999999999999,-0.0012234000000000001,-0.010841199999999999,-0.0016941999999999999,0.0051246,0.0013821999999999999,-0.0019662,0.0010513999999999996,0.00015780000000000004,-0.0032177999999999998,-0.0014680000000000001,-0.012500600000000001,-0.0010786000000000003,-0.00062379999999999988,0.0091050000000000002,0.003176,-0.0062167999999999998,0.0011169999999999999,0.0063722000000000006,0.00038319999999999999,-0.0022865999999999997,1.0399999999999819e-05,-0.0031805999999999996,-0.0010112000000000001,-0.013681599999999999,-0.0046227999999999998,0.0042144000000000001,-0.00030460000000000036,0.0016995999999999999,-0.0030702000000000004,-0.001245,0.0022929999999999999,0.0011773999999999999,-0.0011299999999999999,0.0022363999999999999,0.00026279999999999999,-0.00092579999999999995,-0.00363,0.0020730000000000002,0.0012301999999999999,-0.00036379999999999984,-0.0052795999999999997,-0.0032166,0.0033503999999999999,-0.0028909999999999995,-0.00088560000000000006,1.2200000000000005e-05,-0.0013528000000000001,-0.00097780000000000002,0.0027956000000000001,0.0034188000000000001,-0.0024331999999999999,-0.0036944,0.0060008000000000006,0.0064612000000000003,-0.0014664000000000001,0.0021118000000000005,0.0073282,-0.002862,0.0013978000000000003,0.00018920000000000005,0.0009419999999999997,-0.0021811999999999999,0.00080760000000000001,0.0034992000000000001,0.0010127999999999997,0.00030360000000000022,-0.002465600000000001,0.0030171999999999998,0.0014552000000000007,0.0037114000000000001,0.0010821999999999997,0.0017845999999999999,-0.0026943999999999996,-0.0033318000000000002,-0.0061875999999999997,0.0016398000000000003,0.0022835999999999998,-0.0058939999999999999,-0.0008171999999999997,-0.0028603999999999999,0.0036922000000000001,-0.0018909999999999999,-0.00047499999999999994,-8.1999999999999825e-05,-0.0014202000000000002,0.00055559999999999984,-6.9999999999998584e-06,-0.00076420000000000004,-3.5400000000000102e-05,-0.0032243999999999997,-0.0012758000000000001,0.0030054000000000001,0.00062940000000000001,-0.00021700000000000007,0.0013792000000000001,-9.2399999999999901e-05,0.0014121999999999997,0.0020966000000000001,-0.0019726000000000001,0.00012979999999999998,-0.00093360000000000014,0.00099559999999999991,0.0010271999999999998,-0.00011599999999999978,0.0014285999999999999,0.0010361999999999999,-0.0040655999999999999,0.00045919999999999999,0.0023674,0.00037879999999999999,0.00025180000000000037,0.0011050000000000001,0.0054053999999999994,-0.00083740000000000008,0.0009061999999999998,0.00017359999999999945,0.0033035999999999999,-0.0010664000000000001,0.0010108000000000001,0.0035045999999999992,-0.0016172000000000001,-0.0008879999999999999,0.0003462000000000005,0.0036972000000000003,-0.0034212000000000001,-0.0016586000000000003,-0.0023040000000000001,0.0026551999999999999,-0.0048780000000000004,0.0040528000000000005,-0.0032058,0.0074103999999999993,-0.0026172000000000001,-0.00057140000000000034,-0.0018000000000000008,-0.0122588,-0.00058859999999999989,0.0001200000000000001,-0.0018537999999999998,0.0013175999999999999,0.0030915999999999999,-0.0003101999999999999,-0.0018737999999999999,-0.0016321999999999999,0.0014381999999999999,-0.0010992,-0.00017999999999999993,4.7599999999999964e-05,-0.0022140000000000003,0.0023319999999999999,-0.00087359999999999998,-0.0034291999999999999,-0.00082000000000000009,-0.00045440000000000004,0.0029141999999999996,0.0032434000000000004,-0.00095819999999999998,-0.0010248,0.0013462000000000001,0.00084939999999999994,-0.0017012000000000002,-0.0022736000000000002,-0.00039280000000000012,0.0026580000000000002,-0.00071279999999999987,0.00066579999999999992,0.00015079999999999998,-0.0007402000000000001,-0.0018774,0.00024660000000000003,-0.0028563999999999994,-0.00061499999999999988,0.00054020000000000023,9.5999999999999081e-06,0.0057683999999999999,-6.5200000000000067e-05,-0.0014176000000000002,0.0013562000000000001,-0.0010065999999999999,-0.0025301999999999998,0.0020646000000000002,0.0018703999999999999,0.0046008000000000004,-0.0030052,-0.0012560000000000002,-0.00067880000000000002,-0.0043692000000000002,0.00052099999999999998,0.0023831999999999998,-0.0017569999999999999,0.0051441999999999998,-0.0018804,-0.0046582000000000004,0.0023505999999999996,0.00056900000000000006,0.0079836000000000004,0.0004104,6.0000000000003627e-06,0.0029142,-0.0012787999999999999,-0.0011861999999999999,0.00096500000000000015,-0.00071499999999999992,0.0021527999999999999,-0.00079279999999999997,-4.7999999999998998e-06,-0.0012556000000000002,0.0022084000000000001,-0.0005086,0.0017144000000000005,0.00088039999999999993,-0.00026979999999999994,0.00086200000000000003,0.0010060000000000002,-0.00024879999999999976,-0.00056159999999999999,-0.00012999999999999996,-0.0022881999999999998,0.001397,-0.00093899999999999995,-6.3199999999999991e-05,0.00060179999999999999,-0.00069099999999999999,-0.00089040000000000007,-0.0014809999999999999,0.00010899999999999999,0.001042,-0.00051019999999999993,0.00029739999999999996,0.0015991999999999998,-8.0600000000000008e-05,-0.00090780000000000006,0.0021781999999999999,0.00020839999999999994,-0.00075239999999999997,0.00013059999999999992,0.0009536000000000003,-0.0012094,0.00069680000000000002,-0.0023866,-0.0020158000000000003,-0.00095199999999999994,-0.00026360000000000012,0.00046659999999999996,-0.0029394,-7.7000000000000028e-05,0.00058200000000000005,0.0014042,0.00085099999999999954,-0.0008562000000000001,-0.00028959999999999999,0.0014828,0.0035154000000000001,-0.0035484000000000002,-0.00040080000000000004,0.0019627999999999998,0.00011799999999999972,-0.0014172000000000002,0.0026148000000000005,0.0010375999999999999,-0.00048020000000000007,0.00033359999999999965,0.0015526000000000001,0.0023844000000000001,-0.0074064000000000005,-0.00062359999999999976,-0.002983,0.0060534000000000004,-0.0020869999999999999,0.00054579999999999993,0.0011072,-0.00065959999999999999,-0.00020220000000000001,0.00075960000000000003,0.00095160000000000015,0.00028079999999999999,-0.0019747999999999996,-0.00016839999999999997,-0.0013844,0.0012838000000000001,0.0019976,-0.0010298,0.0016895999999999999,0.00042679999999999997,-0.0001033999999999998,0.00049719999999999983,0.00063599999999999996,0.0010462,0.00071940000000000003,0.001707,0.00052200000000000011,-0.0018835999999999996,0.00056179999999999999,0.00087100000000000003,-0.00059639999999999997,0.0016822,0.00089680000000000001,-0.0010958000000000001,-0.00053520000000000011,-0.00041800000000000008,8.7800000000000061e-05,-0.001456,0.00061239999999999992,0.0010709999999999999,0.00076320000000000012,3.4799999999999958e-05,-0.0013221999999999997,0.00045720000000000005,0.00073039999999999997,0.00025679999999999995,-0.0021508,0.0011154000000000001,0.00068860000000000004,0.00043440000000000004,-7.1000000000000099e-05,0.00060860000000000016,-0.0017906,0.00019020000000000002,0.0002499999999999999,0.00030919999999999993,0.00091160000000000015,-0.0012798,0.0011961999999999999,-0.0023895999999999995,-0.00084140000000000018,0.0028915999999999998,-0.00042760000000000009,-0.00053939999999999999,0.00016100000000000001,0.00040279999999999971,0.0029100000000000003,-0.0033877999999999998,0.00090239999999999938,0.00066460000000000022,-0.00069359999999999995,0.00043480000000000011,0.001268,0.00072979999999999996,0.0022161999999999998,-0.0021342000000000002,0.00061220000000000014,-0.00080239999999999999,-0.0051128000000000007,0.00042840000000000006
aug_between_class_right_pair0001_child06,TLE,1,1,Augmented,0,0,0,0,0,0.30109669999999999,1.8964943999999999,3.0000000000000004e-07,-2.9999999999999993e-07,0,1.0100107,0,0.026331299999999998,-0.13763210000000001,0.024419800000000002,0.046357800000000005,-0.0541926,0.062186700000000004,0.0096950999999999982,0.014928799999999999,-0.016704799999999999,-0.073648699999999998,0.34059200000000001,-0.1087036,-0.013306999999999999,0.070146299999999995,0.020482400000000001,-0.012442,-0.0056375999999999996,-0.050947600000000003,0.012443899999999999,0.023934799999999999,-0.053740400000000001,0.0038746000000000002,-0.093546100000000007,0.016419300000000001,0.0402333,-0.016206700000000001,0.0100169,0.0088606999999999991,-0.033502299999999999,0.042969899999999998,-0.077369999999999994,-0.012010000000000007,0.083243700000000004,-0.0065136999999999973,0.19802419999999998,-0.0537575,0.0092738999999999999,-0.00034980000000000037,-0.0059908000000000001,-0.0106593,-0.0042757000000000003,0.033979500000000003,-0.0050656,-0.0091327000000000005,-0.0053907,-0.018616000000000001,0.011237500000000001,0.011849199999999999,0.025946400000000001,0.012037900000000001,-0.0055414999999999996,-0.0046803000000000001,0.0180634,-0.040989899999999996,0.0094214999999999993,0.00041560000000000056,-0.0043595999999999991,0.010245299999999999,-0.1007556,-0.0084198999999999993,-0.035442299999999996,0.0037172999999999998,0.0095077000000000009,0.0025614999999999995,0.00051090000000000011,0.0210983,0.0049424000000000004,-0.0013412999999999997,-0.0043300999999999999,0.0052428000000000006,0.010360999999999999,-0.0082966999999999989,-0.0016208999999999998,0.0021542000000000002,-0.016246400000000001,0.0049694000000000006,0.00028070000000000091,0.0087580999999999996,-0.010507600000000001,-0.016350400000000001,0.013587099999999998,-0.015638599999999999,-0.0102112,-0.0048253999999999997,-0.00043849999999999965,-0.0020556999999999997,-0.0132186,-0.0038508000000000006,0.008908000000000001,-0.0091865000000000002,0.019385099999999995,0.017677700000000001,0.0095254999999999992,0.0231524,-0.022003999999999999,0.00079050000000000019,0.00098839999999999996,-0.0029202000000000004,-0.0056985000000000004,0.0094920999999999998,-0.0029060000000000002,0.0014589999999999994,-0.0023611999999999999,0.0071377999999999997,-0.0034377000000000001,-0.0027512999999999999,0.0077055999999999999,0.0048434000000000003,0.0016429999999999999,-0.0021432999999999999,0.0031911999999999999,-0.0025881000000000003,0.0033671,-0.0024933999999999998,0.0076877999999999998,-0.0040600000000000011,-0.0053582999999999999,0.0058748999999999997,-0.00055380000000000013,0.0074583999999999996,-0.014715599999999999,-0.0042320999999999999,0.0104905,0.0011688000000000002,-0.0021636000000000008,-0.0074513999999999995,-0.0060504000000000009,-0.0071295999999999998,-0.0113539,-0.0190016,0.0035517999999999995,-0.0032883000000000005,-0.0037275000000000003,0.0153279,-0.0022478000000000003,-0.0021984999999999999,0.0011083999999999998,-0.0034253,0.00067260000000000019,0.0027613000000000004,-0.0026540000000000001,0.0001085000000000002,-0.0014539999999999998,0.0016145999999999999,0.0030535999999999996,0.0018734999999999999,0.0029634999999999996,-0.0016146000000000001,-0.00096409999999999964,0.0036848000000000002,0.0048052999999999993,-0.00095230000000000022,-0.011338899999999999,-0.0019233999999999998,0.0056086999999999994,0.0016563999999999997,-0.0026928999999999994,0.0012998000000000003,3.8600000000000179e-05,-0.0035075999999999996,-0.0012515,-0.0131547,-0.0007672,-0.00069309999999999945,0.0094020000000000006,0.0036124999999999998,-0.0064545999999999996,0.0012675,0.0070694,0.00057089999999999994,-0.0018197000000000001,-0.00035320000000000056,-0.0025206999999999999,-0.0012409000000000003,-0.014099199999999999,-0.0043316000000000014,0.0040143000000000002,-0.0002537000000000008,0.0018041999999999997,-0.0029359,-0.0014829999999999999,0.0023860000000000001,0.0013997999999999992,-0.0012720000000000001,0.0021088000000000001,-2.3999999999998415e-06,-0.0010191,-0.0040604999999999999,0.0020004999999999997,0.0011954000000000001,-0.00035559999999999975,-0.0058806999999999991,-0.0033137000000000006,0.0034212999999999999,-0.0028135,-0.00084019999999999993,0.00040089999999999993,-0.0012396,-0.00077160000000000011,0.0027616999999999997,0.0036781000000000001,-0.0021408999999999998,-0.0037168000000000001,0.0055580999999999998,0.0064659000000000001,-0.0011008000000000001,0.0017946000000000004,0.0076069000000000006,-0.002774,0.0013666000000000001,9.8900000000000073e-05,0.0010930000000000002,-0.0023388999999999997,0.0007852,0.0036059,0.0010721000000000001,0.00047619999999999997,-0.0030417000000000005,0.0035389000000000002,0.0015804000000000005,0.0036327999999999998,0.0011244,0.0017026999999999999,-0.0024817999999999993,-0.0030596,-0.0063636999999999999,0.0015001000000000007,0.0023071999999999997,-0.0057555000000000002,-0.0010459000000000002,-0.0025903000000000002,0.0036659000000000001,-0.001905,-0.00052999999999999987,0.00021700000000000018,-0.0014684000000000001,0.00089519999999999986,-0.00027099999999999981,-0.00061440000000000008,0.00013619999999999984,-0.0032282999999999999,-0.0015855999999999999,0.0031538,0.00050779999999999998,-0.00022800000000000001,0.0013103999999999998,-0.00025429999999999984,0.0013973999999999998,0.0020857000000000002,-0.0014647000000000002,-0.00018340000000000001,-0.0011547,0.00083069999999999997,0.0010309,-0.00019950000000000002,0.0013202000000000001,0.0010129000000000002,-0.0038957000000000002,0.00023790000000000009,0.0023438000000000001,0.00020510000000000005,1.960000000000026e-05,0.001041,0.0056993,-0.00048030000000000034,0.00079190000000000011,0.00041119999999999959,0.0036607000000000007,-0.0010183,0.0011301,0.0037191999999999993,-0.0017614000000000002,-0.0010199999999999999,5.9400000000000251e-05,0.0039449000000000003,-0.0029908999999999999,-0.0011117000000000004,-0.0023194999999999999,0.0022919000000000004,-0.0047275000000000008,0.0037146000000000002,-0.0033686000000000002,0.0075237999999999989,-0.0032904000000000006,-1.2300000000000245e-05,-0.002127,-0.0119901,-0.00067069999999999977,-2.5000000000000066e-05,-0.0018410999999999998,0.0011397,0.0035197000000000002,-0.00053439999999999976,-0.0020385999999999998,-0.0017473999999999996,0.0017573999999999999,-0.0013063999999999999,1.6499999999999913e-05,-0.00012679999999999994,-0.0021185000000000002,0.0021619999999999999,-0.0011961999999999997,-0.0032889,-0.00053700000000000004,-0.00039380000000000003,0.0031643999999999995,0.0033877999999999998,-0.0011403999999999997,-0.0010336,0.0013609,0.00074179999999999992,-0.0014324000000000003,-0.0022282000000000001,-0.00033860000000000021,0.0025115000000000007,-0.00090159999999999991,0.00041960000000000006,0.0002496,-0.00088040000000000004,-0.0017498000000000001,0.0001831999999999999,-0.0029508,-0.00061699999999999993,0.00035740000000000018,-7.7999999999999728e-06,0.0055468000000000002,-1.9899999999999996e-05,-0.0013412000000000001,0.0015394000000000002,-0.00093869999999999989,-0.0022774000000000002,0.0020977000000000005,0.0017938000000000001,0.0052930999999999994,-0.0030458999999999998,-0.00087350000000000014,-0.00064809999999999998,-0.0045999000000000005,0.00053799999999999996,0.0026218999999999999,-0.0018379999999999998,0.0050504,-0.0020338000000000001,-0.0046924000000000002,0.0024137,0.000745,0.0076016999999999994,0.00043479999999999994,8.6499999999999772e-05,0.0026764000000000002,-0.0011670999999999999,-0.0011688999999999998,0.0010330000000000001,-0.00070300000000000007,0.0021070999999999998,-0.00089459999999999995,0.00015890000000000001,-0.0014902000000000001,0.0021488000000000002,-0.00055769999999999984,0.0015938000000000003,0.0010168,-0.00019309999999999998,0.0006265000000000001,0.001333,-0.00056159999999999977,-0.00048670000000000007,-0.00024349999999999996,-0.0023089,0.0013649999999999999,-0.00081949999999999992,4.9100000000000001e-05,0.00064210000000000005,-0.00053249999999999999,-0.0011483000000000001,-0.001421,-0.00015799999999999999,0.0010579999999999999,-0.00030940000000000026,0.00028129999999999995,0.0016538999999999998,-0.0001161999999999999,-0.00092709999999999993,0.0022018999999999997,0.00057579999999999979,-0.0010563,0.00024919999999999988,0.00052770000000000052,-0.0013117999999999999,0.00069860000000000018,-0.0027222000000000001,-0.0017836000000000002,-0.000919,2.5799999999999706e-05,0.00048769999999999993,-0.0032228000000000001,-0.00024799999999999996,0.00090049999999999993,0.0011274000000000002,0.0012224999999999994,-0.00068590000000000035,-0.00035470000000000011,0.0014376,0.0035907999999999999,-0.0034597999999999999,-0.00028010000000000009,0.0019130999999999996,0.00041449999999999983,-0.0012924,0.0019901000000000007,0.0012687,-0.00071039999999999949,0.00054619999999999972,0.0013382000000000003,0.0019773,-0.0069933,-0.0004902000000000001,-0.0035144999999999994,0.0064793000000000003,-0.0024064999999999998,0.00058609999999999999,0.0012664000000000002,-0.00091619999999999994,-0.0002209,0.00086669999999999998,0.0011376999999999997,0.00029560000000000003,-0.0021880999999999997,-0.00014629999999999992,-0.0014342999999999999,0.0013430999999999998,0.0021657,-0.00096509999999999999,0.0017477,0.00062409999999999994,0.00012869999999999993,0.00066039999999999968,0.00067299999999999999,0.0011423999999999998,0.00073130000000000005,0.0016804999999999999,0.00047950000000000005,-0.0018917000000000001,0.00062609999999999999,0.00074650000000000009,-0.00054730000000000002,0.0017609000000000001,0.00077310000000000009,-0.0011676,-0.00036140000000000022,-0.00045450000000000004,0.00016410000000000003,-0.0015715,0.00076379999999999981,0.001054,0.00071940000000000003,0.00010809999999999992,-0.0014513999999999998,0.00047290000000000006,0.00059980000000000016,0.00023359999999999999,-0.0022455999999999999,0.0010263,0.00063170000000000001,0.00043230000000000005,-0.00034150000000000001,0.00081919999999999975,-0.0015592000000000002,0.00013540000000000004,0.00038549999999999988,0.00030040000000000004,0.0007377000000000002,-0.0013521000000000002,0.0012458999999999999,-0.0027661999999999995,-0.00058330000000000035,0.0029806999999999998,-0.00050520000000000003,-0.00034830000000000001,-3.8499999999999919e-05,0.00072409999999999966,0.0027965000000000004,-0.0034835999999999999,0.0010582999999999994,0.00071770000000000015,-0.00057820000000000007,0.00023960000000000008,0.001158,0.0010466,0.0022119000000000002,-0.0025493999999999998,0.00097290000000000007,-0.0011608,-0.0051470999999999999,0.00048780000000000004
aug_between_class_right_pair0001_child07,TLE,1,1,Augmented,0,0,0,0,0,0.30092079999999999,1.8885976,1.9999999999999994e-07,-1.9999999999999999e-07,0,1.0095988,0,0.025601199999999998,-0.1358174,0.024045199999999999,0.043505200000000001,-0.050779400000000002,0.062532799999999999,0.0098753999999999995,0.015667199999999999,-0.016304199999999998,-0.074209799999999992,0.33778799999999998,-0.1124124,-0.0081609999999999946,0.070525199999999996,0.0192026,-0.011196999999999999,-0.005219399999999999,-0.0504714,0.010690599999999998,0.0233622,-0.052819600000000001,0.0034424,-0.093768400000000002,0.016870200000000002,0.039311199999999998,-0.0159778,0.010378600000000002,0.0088597999999999993,-0.033537200000000003,0.042795600000000003,-0.076937000000000005,-0.010623,0.0807808,-0.0047457999999999979,0.1962788,-0.053443000000000004,0.0091906000000000002,-0.00025619999999999983,-0.0056952000000000001,-0.010212199999999999,-0.0041748000000000002,0.034812000000000003,-0.0053883999999999998,-0.0092677999999999996,-0.0055937999999999995,-0.017604999999999999,0.010533000000000001,0.011330799999999999,0.026132599999999999,0.011210600000000001,-0.0058340000000000006,-0.0044761999999999988,0.017903599999999999,-0.040376599999999999,0.010408000000000001,-0.00030059999999999983,-0.0051754000000000001,0.010942200000000003,-0.10000440000000001,-0.0089815999999999993,-0.035827199999999997,0.0042372,0.0098818000000000013,0.0027060000000000001,-3.6400000000000288e-05,0.020590199999999999,0.0053216000000000001,-0.0019421999999999998,-0.0041403999999999998,0.0051272000000000002,0.010621999999999999,-0.009166800000000001,-0.0018805999999999996,0.0023078,-0.0152026,0.0048365999999999999,0.00054980000000000046,0.0089394000000000001,-0.0103964,-0.0156816,0.013203399999999999,-0.0157804,-0.0104168,-0.0045475999999999997,-0.00077099999999999998,-0.0024958000000000011,-0.012103399999999999,-0.0029281999999999997,0.0075999999999999991,-0.0097619999999999998,0.0185834,0.0154688,0.010910999999999999,0.022335600000000001,-0.021726000000000002,0.0004379999999999998,0.0007675999999999999,-0.0027118000000000003,-0.005548,0.0094724000000000006,-0.0026150000000000001,0.0018240000000000001,-0.0028658000000000004,0.0076021999999999999,-0.0034207999999999999,-0.0027882000000000002,0.0074224,0.0044196000000000001,0.0013269999999999996,-0.0021641999999999998,0.0023727999999999987,-0.0026724000000000001,0.0032924,-0.0019366000000000001,0.0078092000000000005,-0.0034009999999999999,-0.0055182,0.0060016000000000002,0.00022680000000000053,0.0069345999999999991,-0.0150134,-0.0044494000000000009,0.0097529999999999995,0.00093919999999999941,-0.0013904000000000002,-0.0069095999999999984,-0.0054485999999999996,-0.0067063999999999995,-0.0110186,-0.0192114,0.0041492000000000005,-0.0028641999999999995,-0.003359,0.015281599999999998,-0.0013401999999999993,-0.0021359999999999999,0.0015776000000000004,-0.0037132000000000007,0.00019539999999999971,0.0025361999999999997,-0.0023839999999999998,-6.3000000000000013e-05,-0.0016460000000000001,0.0016844000000000002,0.0030263999999999998,0.0018549999999999999,0.0034039999999999999,-0.0016784,-0.00062939999999999958,0.0039862000000000005,0.0050972000000000005,-0.00068120000000000008,-0.011836600000000001,-0.0021526000000000002,0.0060927999999999998,0.0019306000000000002,-0.0034195999999999996,0.0015482000000000004,-8.0600000000000116e-05,-0.0037974000000000003,-0.0010349999999999999,-0.013808800000000001,-0.00045579999999999969,-0.00076239999999999945,0.0096989999999999993,0.0040490000000000005,-0.0066924000000000003,0.0014180000000000002,0.0077666000000000011,0.00075860000000000012,-0.0013527999999999999,-0.00071680000000000094,-0.0018607999999999993,-0.0014706000000000005,-0.0145168,-0.0040404000000000004,0.0038141999999999994,-0.00020280000000000038,0.0019088000000000004,-0.0028016,-0.0017210000000000003,0.0024789999999999999,0.0016221999999999999,-0.0014140000000000003,0.0019811999999999998,-0.00026760000000000022,-0.0011123999999999999,-0.0044910000000000002,0.0019279999999999998,0.0011605999999999999,-0.0003474000000000001,-0.0064818000000000002,-0.0034107999999999999,0.0034922,-0.0027359999999999997,-0.00079479999999999991,0.00078960000000000022,-0.0011263999999999998,-0.00056539999999999997,0.0027277999999999998,0.0039374000000000006,-0.0018485999999999997,-0.0037391999999999998,0.0051154,0.0064706,-0.00073519999999999987,0.0014774,0.0078856000000000013,-0.002686,0.0013354,8.5999999999998838e-06,0.0012440000000000003,-0.0024965999999999999,0.0007628,0.0037125999999999999,0.0011314000000000001,0.00064880000000000016,-0.0036178,0.0040606000000000001,0.0017056000000000011,0.0035542,0.0011665999999999998,0.0016207999999999999,-0.0022691999999999999,-0.0027874000000000002,-0.0065397999999999984,0.0013603999999999995,0.0023308000000000001,-0.0056170000000000005,-0.0012746000000000003,-0.0023201999999999997,0.0036395999999999998,-0.0019190000000000001,-0.00058500000000000002,0.0005160000000000004,-0.0015166000000000001,0.0012348000000000001,-0.00053499999999999989,-0.00046459999999999996,0.0003078,-0.0032321999999999997,-0.0018954,0.0033022000000000004,0.00038619999999999995,-0.00023900000000000006,0.0012415999999999998,-0.00041620000000000003,0.0013825999999999999,0.0020747999999999999,-0.00095679999999999962,-0.00049660000000000014,-0.0013758000000000004,0.00066579999999999981,0.0010346000000000001,-0.00028300000000000027,0.0012118000000000001,0.00098959999999999998,-0.0037258,1.6599999999999916e-05,0.0023201999999999997,3.1399999999999787e-05,-0.00021260000000000029,0.000977,0.0059932000000000006,-0.00012319999999999996,0.00067759999999999999,0.00064879999999999972,0.0040178000000000002,-0.00097019999999999995,0.0012493999999999999,0.0039337999999999994,-0.0019056000000000003,-0.001152,-0.0002274,0.0041926000000000003,-0.0025605999999999997,-0.00056480000000000007,-0.0023349999999999998,0.0019285999999999995,-0.0045770000000000003,0.0033763999999999999,-0.0035314000000000001,0.0076372000000000002,-0.0039636000000000012,0.00054680000000000017,-0.0024540000000000009,-0.0117214,-0.00075280000000000008,-0.00017000000000000012,-0.0018284,0.00096179999999999996,0.0039477999999999996,-0.0007585999999999999,-0.0022034000000000003,-0.0018626000000000003,0.0020766000000000001,-0.0015135999999999999,0.00021300000000000008,-0.00030120000000000006,-0.0020230000000000001,0.0019919999999999998,-0.0015188000000000001,-0.0031486000000000001,-0.00025399999999999978,-0.00033320000000000002,0.0034146000000000003,0.0035322000000000001,-0.0013226000000000002,-0.0010424,0.0013756,0.00063419999999999991,-0.0011635999999999999,-0.0021827999999999999,-0.00028440000000000008,0.0023649999999999999,-0.0010904,0.00017339999999999985,0.00034840000000000023,-0.0010206000000000002,-0.0016221999999999999,0.00011979999999999998,-0.0030451999999999996,-0.00061899999999999987,0.00017459999999999996,-2.520000000000007e-05,0.0053251999999999996,2.5399999999999967e-05,-0.0012648,0.0017226000000000003,-0.00087080000000000002,-0.0020246000000000001,0.0021308,0.0017171999999999997,0.0059854000000000001,-0.0030866000000000001,-0.0004909999999999999,-0.00061739999999999994,-0.0048306,0.00055500000000000005,0.0028605999999999996,-0.0019189999999999999,0.0049566000000000002,-0.0021872000000000003,-0.0047266000000000001,0.0024767999999999999,0.00092100000000000016,0.0072197999999999993,0.00045919999999999989,0.00016700000000000005,0.0024386,-0.0010553999999999997,-0.0011515999999999998,0.001101,-0.00069099999999999977,0.0020613999999999997,-0.00099640000000000015,0.00032260000000000004,-0.0017248000000000003,0.0020891999999999998,-0.0006068,0.0014732,0.0011532000000000001,-0.0001163999999999999,0.00039099999999999985,0.0016600000000000002,-0.00087440000000000022,-0.00041179999999999993,-0.000357,-0.0023295999999999998,0.001333,-0.00069999999999999988,0.00016140000000000013,0.0006824,-0.00037399999999999988,-0.0014062000000000002,-0.0013609999999999998,-0.0004250000000000003,0.0010739999999999999,-0.00010859999999999971,0.00026520000000000005,0.0017086,-0.0001518,-0.00094640000000000002,0.0022256000000000003,0.00094320000000000037,-0.0013602000000000002,0.00036780000000000005,0.00010179999999999976,-0.0014142,0.00070039999999999989,-0.0030578000000000007,-0.0015514000000000001,-0.00088600000000000007,0.00031520000000000023,0.00050880000000000001,-0.0035062000000000001,-0.0004190000000000001,0.0012190000000000002,0.00085059999999999997,0.0015940000000000001,-0.00051559999999999996,-0.00041980000000000012,0.0013924,0.0036662000000000005,-0.0033712000000000004,-0.00015939999999999992,0.0018633999999999999,0.00071099999999999994,-0.0011676,0.0013653999999999999,0.0014998000000000004,-0.00094059999999999977,0.00075880000000000001,0.0011238000000000001,0.0015702000000000003,-0.0065801999999999996,-0.0003568,-0.0040460000000000001,0.0069052000000000002,-0.0027260000000000001,0.00062639999999999994,0.0014256000000000002,-0.0011728000000000003,-0.00023960000000000002,0.00097380000000000014,0.0013237999999999998,0.00031040000000000006,-0.0024014000000000001,-0.00012420000000000009,-0.0014842,0.0014023999999999998,0.0023338,-0.00090039999999999999,0.0018058000000000002,0.00082140000000000012,0.0003608000000000001,0.00082359999999999996,0.00070999999999999991,0.0012385999999999999,0.00074320000000000007,0.0016540000000000003,0.00043699999999999994,-0.0018997999999999997,0.00069039999999999998,0.00062199999999999994,-0.00049819999999999986,0.0018396,0.00064939999999999996,-0.0012394000000000001,-0.00018759999999999979,-0.00049100000000000001,0.0002404000000000001,-0.0016870000000000001,0.00091519999999999991,0.0010369999999999999,0.00067559999999999994,0.00018140000000000002,-0.0015805999999999997,0.00048860000000000006,0.0004691999999999998,0.00021039999999999996,-0.0023403999999999999,0.00093720000000000001,0.00057479999999999999,0.00043020000000000005,-0.00061200000000000013,0.0010298000000000002,-0.0013277999999999999,8.0600000000000008e-05,0.00052099999999999987,0.00029160000000000004,0.00056380000000000004,-0.0014244000000000001,0.0012956000000000001,-0.0031428000000000003,-0.00032520000000000004,0.0030698000000000001,-0.00058280000000000018,-0.00015719999999999992,-0.00023800000000000001,0.0010454000000000001,0.0026830000000000001,-0.0035793999999999999,0.0012141999999999995,0.00077079999999999987,-0.00046280000000000003,4.4399999999999941e-05,0.0010479999999999999,0.0013634000000000003,0.0022076000000000001,-0.0029646000000000004,0.0013336000000000003,-0.0015192000000000005,-0.0051814000000000009,0.00054720000000000007
aug_between_class_right_pair0001_child08,TLE,1,1,Augmented,0,0,0,0,0,0.30074489999999998,1.8807007999999998,9.9999999999999995e-08,-9.9999999999999995e-08,0,1.0091869,0,0.024871099999999997,-0.1340027,0.0236706,0.040652599999999997,-0.04736619999999999,0.062878900000000001,0.010055699999999999,0.016405599999999999,-0.0159036,-0.074770900000000001,0.33498399999999995,-0.11612120000000001,-0.0030149999999999968,0.070904099999999998,0.017922800000000003,-0.009951999999999999,-0.0048011999999999994,-0.049995200000000004,0.0089372999999999987,0.0227896,-0.051898800000000002,0.0030102000000000002,-0.09399070000000001,0.017321099999999999,0.038389100000000002,-0.0157489,0.010740300000000001,0.0088588999999999994,-0.033572100000000001,0.042621300000000001,-0.076504000000000003,-0.0092360000000000081,0.07831790000000001,-0.0029778999999999986,0.1945334,-0.053128500000000002,0.0091073000000000005,-0.00016259999999999972,-0.0053996000000000001,-0.0097650999999999988,-0.0040739000000000001,0.035644500000000003,-0.0057112000000000013,-0.0094028999999999988,-0.0057969000000000007,-0.016593999999999998,0.0098285000000000004,0.010812399999999998,0.0263188,0.010383300000000002,-0.0061265,-0.0042720999999999992,0.017743800000000001,-0.039763299999999994,0.0113945,-0.0010168,-0.0059912000000000003,0.011639099999999999,-0.0992532,-0.0095432999999999994,-0.036212099999999997,0.0047571000000000002,0.0102559,0.0028505000000000002,-0.00058370000000000015,0.020082100000000002,0.0057008000000000007,-0.0025431000000000004,-0.0039506999999999997,0.0050116000000000006,0.010883,-0.0100369,-0.0021403000000000004,0.0024613999999999999,-0.014158799999999999,0.0047038000000000002,0.00081890000000000001,0.0091206999999999989,-0.010285200000000001,-0.0150128,0.0128197,-0.015922199999999997,-0.010622400000000001,-0.0042697999999999998,-0.0011034999999999999,-0.0029359000000000008,-0.0109882,-0.0020055999999999997,0.0062919999999999998,-0.010337500000000001,0.017781699999999998,0.0132599,0.0122965,0.021518800000000001,-0.021448000000000002,8.5499999999999856e-05,0.00054679999999999996,-0.0025034000000000002,-0.0053974999999999995,0.0094526999999999996,-0.0023240000000000001,0.002189,-0.0033704,0.0080666000000000002,-0.0034038999999999996,-0.0028250999999999997,0.0071392000000000001,0.0039957999999999999,0.0010110000000000002,-0.0021851000000000001,0.0015543999999999992,-0.0027567000000000004,0.0032177,-0.0013797999999999996,0.0079305999999999995,-0.0027420000000000001,-0.0056781000000000002,0.0061282999999999997,0.0010074000000000003,0.0064107999999999995,-0.015311200000000001,-0.0046667000000000002,0.0090155000000000009,0.00070960000000000033,-0.00061720000000000004,-0.006367799999999999,-0.0048468000000000001,-0.0062832000000000001,-0.0106833,-0.019421200000000003,0.0047466000000000001,-0.0024401000000000002,-0.0029905000000000001,0.015235299999999998,-0.00043259999999999956,-0.0020735000000000003,0.0020467999999999997,-0.0040010999999999996,-0.00028180000000000024,0.0023111,-0.002114,-0.00023450000000000012,-0.0018380000000000002,0.0017542,0.0029991999999999996,0.0018365,0.0038444999999999998,-0.0017421999999999997,-0.00029469999999999974,0.0042875999999999999,0.0053891,-0.00041010000000000005,-0.012334299999999999,-0.0023817999999999999,0.0065769000000000001,0.0022047999999999998,-0.0041463000000000003,0.0017966000000000006,-0.00019979999999999998,-0.0040872,-0.00081850000000000022,-0.014462900000000001,-0.00014439999999999982,-0.00083169999999999989,0.0099959999999999997,0.0044854999999999999,-0.0069302000000000001,0.0015685,0.0084638000000000005,0.00094630000000000007,-0.0008858999999999999,-0.0010804000000000013,-0.0012008999999999995,-0.0017003000000000007,-0.014934399999999999,-0.003749199999999999,0.0036140999999999994,-0.00015190000000000082,0.0020134000000000003,-0.0026673000000000001,-0.0019590000000000002,0.0025719999999999996,0.0018445999999999992,-0.0015560000000000001,0.0018536,-0.00053280000000000005,-0.0012057000000000001,-0.0049215000000000005,0.0018554999999999999,0.0011257999999999999,-0.0003392,-0.0070828999999999987,-0.0035079,0.0035631,-0.0026585000000000003,-0.00074939999999999989,0.0011783,-0.0010131999999999999,-0.00035919999999999984,0.0026938999999999999,0.0041966999999999994,-0.0015562999999999998,-0.0037615999999999999,0.0046727000000000001,0.0064752999999999998,-0.00036959999999999998,0.0011602000000000001,0.0081643000000000011,-0.002598,0.0013042000000000002,-8.1700000000000089e-05,0.001395,-0.0026543000000000001,0.0007404,0.0038192999999999999,0.0011907,0.00082140000000000034,-0.0041939000000000004,0.0045823000000000001,0.0018307999999999992,0.0034755999999999997,0.0012087999999999999,0.0015388999999999999,-0.0020565999999999996,-0.0025152000000000004,-0.0067159000000000003,0.0012206999999999982,0.0023543999999999995,-0.0054784999999999999,-0.0015032999999999999,-0.0020500999999999996,0.0036132999999999998,-0.0019329999999999998,-0.00063999999999999994,0.0008150000000000004,-0.0015648000000000001,0.0015743999999999999,-0.00079900000000000012,-0.00031479999999999995,0.00047939999999999994,-0.0032361,-0.0022052,0.0034506000000000003,0.00026459999999999998,-0.00025000000000000011,0.0011727999999999999,-0.00057810000000000001,0.0013678,0.0020639,-0.00044889999999999991,-0.00080980000000000006,-0.0015969000000000003,0.00050089999999999987,0.0010382999999999998,-0.00036649999999999964,0.0011034,0.00096630000000000001,-0.0035558999999999999,-0.00020470000000000004,0.0022965999999999998,-0.00014230000000000015,-0.00044479999999999997,0.00091299999999999997,0.0062870999999999995,0.00023389999999999956,0.00056329999999999987,0.00088639999999999986,0.0043749000000000001,-0.00092210000000000013,0.0013687,0.0041483999999999991,-0.0020498000000000001,-0.001284,-0.00051420000000000003,0.0044403000000000003,-0.0021302999999999999,-1.7900000000000164e-05,-0.0023505000000000002,0.0015652999999999999,-0.0044264999999999999,0.0030382,-0.0036942000000000003,0.007750599999999999,-0.0046367999999999982,0.0011059000000000002,-0.0027810000000000001,-0.0114527,-0.00083489999999999997,-0.00031500000000000007,-0.0018156999999999997,0.00078389999999999992,0.0043759000000000003,-0.00098280000000000004,-0.0023682,-0.0019778,0.0023958,-0.0017208000000000002,0.00040950000000000014,-0.00047559999999999996,-0.0019275,0.0018219999999999998,-0.0018414000000000002,-0.0030082999999999998,2.9000000000000054e-05,-0.00027260000000000001,0.0036648000000000002,0.0036766000000000004,-0.0015048000000000001,-0.0010512,0.0013903000000000001,0.0005265999999999999,-0.00089480000000000007,-0.0021374000000000002,-0.00023019999999999996,0.0022185,-0.0012791999999999999,-7.2800000000000062e-05,0.00044720000000000024,-0.0011608,-0.0014946,5.640000000000007e-05,-0.0031395999999999998,-0.00062099999999999992,-8.2000000000000909e-06,-4.260000000000006e-05,0.0051035999999999998,7.069999999999993e-05,-0.0011884,0.0019058000000000002,-0.00080289999999999995,-0.0017718,0.0021639000000000007,0.0016406000000000001,0.0066776999999999991,-0.0031273,-0.00010849999999999997,-0.0005867,-0.0050613000000000003,0.00057200000000000003,0.0030992999999999997,-0.002,0.0048627999999999996,-0.0023406,-0.0047607999999999999,0.0025399000000000003,0.0010970000000000001,0.0068379000000000001,0.00048360000000000005,0.00024749999999999946,0.0022007999999999997,-0.00094369999999999957,-0.0011343,0.0011690000000000001,-0.00067899999999999992,0.0020157,-0.0010982000000000001,0.00048629999999999995,-0.0019594,0.0020295999999999999,-0.00065590000000000006,0.0013526,0.0012896000000000001,-3.9699999999999881e-05,0.00015549999999999993,0.0019870000000000005,-0.0011871999999999996,-0.00033690000000000022,-0.0004705,-0.0023502999999999996,0.0013009999999999999,-0.00058049999999999985,0.00027370000000000015,0.00072270000000000006,-0.00021549999999999995,-0.0016641,-0.0013009999999999999,-0.00069200000000000012,0.0010899999999999998,9.2200000000000181e-05,0.00024910000000000004,0.0017633,-0.0001874,-0.0009657,0.0022493000000000001,0.0013106000000000001,-0.0016641000000000004,0.00048640000000000001,-0.00032409999999999991,-0.0015165999999999999,0.00070220000000000005,-0.0033934,-0.0013192000000000002,-0.00085300000000000003,0.00060460000000000006,0.00052990000000000003,-0.0037896000000000002,-0.00059000000000000014,0.0015375,0.00057379999999999996,0.0019654999999999994,-0.00034530000000000004,-0.00048490000000000002,0.0013472,0.0037416000000000003,-0.0032826000000000001,-3.8700000000000019e-05,0.0018136999999999997,0.0010075000000000001,-0.0010428,0.00074070000000000006,0.0017309000000000001,-0.0011708000000000005,0.00097139999999999987,0.0009094000000000001,0.0011631000000000002,-0.0061671,-0.0002233999999999999,-0.0045775,0.0073311000000000001,-0.0030455,0.00066669999999999989,0.0015848000000000001,-0.0014294000000000002,-0.00025830000000000004,0.0010809000000000001,0.0015099000000000002,0.00032520000000000004,-0.0026147000000000002,-0.00010210000000000004,-0.0015340999999999998,0.0014616999999999998,0.0025019000000000005,-0.00083569999999999998,0.0018639000000000004,0.0010187,0.00059290000000000005,0.00098679999999999992,0.00074700000000000005,0.0013348000000000001,0.00075510000000000009,0.0016275000000000003,0.00039450000000000005,-0.0019079000000000001,0.00075469999999999997,0.0004974999999999999,-0.00044910000000000002,0.0019183,0.00052569999999999993,-0.0013112,-1.380000000000001e-05,-0.00052749999999999997,0.00031670000000000005,-0.0018025000000000001,0.0010666,0.0010200000000000001,0.00063180000000000007,0.00025470000000000001,-0.0017097999999999996,0.00050430000000000006,0.00033859999999999988,0.0001872,-0.0024352000000000002,0.00084809999999999996,0.00051789999999999996,0.00042810000000000005,-0.00088250000000000025,0.0012403999999999994,-0.0010964,2.5800000000000017e-05,0.00065650000000000018,0.00028280000000000004,0.00038989999999999999,-0.0014967000000000001,0.0013453,-0.0035194000000000002,-6.7100000000000059e-05,0.0031589000000000001,-0.00066040000000000001,3.3900000000000065e-05,-0.00043749999999999995,0.0013667,0.0025694999999999997,-0.0036752,0.0013700999999999991,0.00082390000000000024,-0.00034739999999999988,-0.00015079999999999998,0.00093799999999999992,0.0016802000000000002,0.0022033000000000001,-0.0033798000000000005,0.0016943000000000004,-0.0018776000000000003,-0.0052157000000000002,0.0006066
aug_between_class_right_pair0002_child01,Healthy,0,0,Augmented,0,0,0,0,0,0.29477829999999999,1.9036556999999998,1.0000000000000005e-07,-9.9999999999999995e-07,1.0000000000000002e-07,0.93488539999999998,0,0.027237999999999998,-0.1492271,0.038803700000000003,0.059281099999999996,-0.050178299999999995,0.068107300000000009,0.0073231000000000008,0.0083471999999999991,-0.026486199999999998,-0.052529499999999993,0.36949710000000002,-0.11334,0.015250100000000003,0.040104599999999997,0.0191799,-0.018558600000000001,-0.0051934000000000008,-0.046228500000000006,0.0308084,0.021094700000000001,-0.049206599999999996,-5.3000000000001397e-05,-0.0865702,0.012894899999999999,0.044337999999999995,-0.0178665,0.0186261,0.0109333,-0.038411000000000001,0.028838000000000003,-0.051764999999999999,-0.031669799999999998,0.093712100000000007,-0.0149135,0.19013869999999999,-0.052279599999999996,0.0092443999999999998,-0.0044621999999999995,-0.0070748,-0.0099128999999999988,3.9799999999999992e-05,0.044723199999999998,-0.0021183,-0.0044476000000000012,-0.016428600000000002,-0.019285699999999999,0.015068600000000001,0.016163899999999998,0.031263300000000001,0.012536500000000001,-0.0033198000000000004,0.013566,0.0057719999999999994,-0.034629699999999999,0.0052709000000000002,-0.0011944999999999998,-0.0010682999999999999,0.023988000000000002,-0.094585100000000005,0.0031918000000000016,-0.031805300000000002,-0.007835,0.0100429,-0.0013724,0.0011183999999999999,0.0157044,0.0041025000000000002,0.0030369000000000004,-0.0081594000000000007,0.0059763000000000004,0.0071939000000000005,-0.0074740999999999991,0.0022725000000000002,0.0031704999999999997,-0.013536400000000001,0.0010375000000000002,0.0103672,0.0011427,-0.0115233,-0.017494100000000002,0.0206036,-0.017396700000000001,-0.0065557000000000002,-0.0018171999999999997,0.0043778000000000003,-0.0028807000000000008,-0.0057045999999999989,-0.00043790000000000018,0.00013619999999999952,-0.0142998,0.0073398999999999999,0.022794500000000002,0.0077446999999999993,0.021287399999999998,-0.0071454999999999999,-0.0086657000000000001,0.00045770000000000001,-0.0024012999999999999,-0.0049962000000000001,0.0123374,-0.0061960000000000001,0.0058917000000000006,-0.001449,0.0046397999999999995,-0.0041554000000000001,-0.0010674999999999994,0.0084230999999999993,0.007349399999999999,0.0060361000000000008,-0.0010766999999999999,0.0054202999999999994,-0.0031868,0.0078935999999999989,-0.0052173000000000002,0.0140546,-0.00038989999999999988,-0.0053934000000000005,0.0036430999999999998,-0.0069610000000000002,0.0050171,-0.018300499999999997,0.002876000000000001,0.0099972000000000012,-0.0033517,-0.0061935999999999996,-0.010305800000000002,-0.022636400000000001,0.0020594999999999997,-0.0162144,-0.0079161000000000006,-0.0024207000000000005,0.0030335999999999996,-0.0032896000000000002,-0.00024449999999999998,-0.004796400000000001,-0.0015453000000000001,-0.0010866999999999999,0.00010179999999999986,-0.0025062000000000001,0.0049054000000000007,-0.00067560000000000059,0.0029522000000000003,-0.0049239000000000002,-0.00087600000000000004,0.0012671,0.0006931000000000001,-0.0007329000000000003,0.002967,-0.00043200000000000009,0.0039321000000000009,0.0013946000000000004,-0.0024326999999999999,-0.011362999999999998,-0.0051758000000000004,0.0050404999999999998,0.0051377999999999997,0.00071459999999999991,-0.0014239000000000003,0.0019251999999999997,-0.0059738999999999999,0.0014091999999999993,-0.0151279,0.0011747999999999999,0.0021092999999999997,0.014523100000000001,0.0057233000000000006,-0.0078671999999999995,-0.0031188000000000006,0.0075419000000000007,0.0074633000000000008,-0.0040182000000000004,0.0095867000000000001,-0.0088690999999999996,0.0020419000000000001,-0.0142408,0.0066713000000000007,-0.00019900000000000018,0.0043736000000000001,0.011850000000000001,0.0086459000000000015,-0.00088349999999999995,0.0024175000000000004,0.00099540000000000045,-0.0005011000000000002,0.0016619,0.00054009999999999996,-0.00028269999999999993,-0.0030339,0.0011606000000000001,0.0019964000000000002,-0.0013167999999999999,-0.0053514000000000001,0.0037124000000000002,1.199999999999975e-06,-2.1799999999999988e-05,-5.2599999999999964e-05,-0.00088959999999999994,0.0042142000000000004,-0.0012811999999999999,0.0020137000000000002,0.0028703999999999999,-0.0028151000000000001,-0.0041968000000000005,0.0045440999999999997,0.0020136999999999998,-0.0024575000000000005,0.0030651000000000003,0.0065624999999999998,0.00084750000000000005,-0.0040943000000000004,0.0017951,-0.0029518000000000001,-0.0058834000000000004,-0.0032640999999999998,0.011940700000000002,-0.0012151,-0.0020314,9.7900000000000157e-05,0.0020769999999999999,-0.0036398999999999997,0.00041090000000000007,0.0037517000000000002,-0.0017180000000000001,0.0014265,-0.0013544,0.0027748,-0.0132058,0.0041102999999999999,-0.0075084000000000001,-0.00398,-0.0086820000000000005,0.0020452999999999999,-0.0011194,0.00069779999999999994,-0.0021716000000000001,0.00043009999999999988,0.00063779999999999989,0.00031280000000000001,0.0010156999999999998,-0.0023371999999999998,-0.0034213999999999998,0.00057899999999999998,0.0016562999999999999,0.0048003999999999998,0.00013089999999999998,0.0015393000000000004,0.0015605,0.0016652000000000001,0.00029229999999999968,-0.0020195999999999999,-0.00027840000000000015,0.0035306000000000001,0.0013060999999999999,0.0018341,0.0011600000000000004,-0.0017328000000000007,0.0016668,-0.0030684999999999996,0.001235,0.0027033999999999999,0.0041127000000000004,0.0033701,-0.0014807999999999998,0.0010811,-0.0015552999999999999,-0.00084560000000000006,0.0017194000000000003,0.0009503999999999999,0.00088099999999999984,0.00068950000000000001,0.0025645999999999998,-0.0049798000000000004,-0.00042719999999999998,-0.0026819000000000001,0.0039109000000000001,0.0019840000000000001,0.0021708999999999999,-0.0025270000000000002,-0.00010370000000000003,-0.0033409999999999998,0.0027337999999999998,-0.0004563999999999996,-0.0034756000000000006,0.0032697,-0.00060769999999999986,-3.0800000000000098e-05,-0.013643300000000001,0.0021497999999999999,-0.0008342,-0.000504,0.001091,0.0031409999999999997,-0.00055889999999999998,-0.00023250000000000001,-0.00055730000000000016,0.0015126,0.00034880000000000013,0.0024597,0.00062619999999999993,-0.0031246000000000004,0.0002674000000000001,0.0010225000000000002,0.0017684000000000005,-0.00074010000000000005,-0.0014854000000000002,0.0027469,0.0011139000000000001,-0.00059649999999999992,0.00046109999999999977,-6.590000000000003e-05,-0.00133,0.00061399999999999975,-0.0020481000000000002,0.00055959999999999994,-0.0010189000000000003,-0.0001583,0.0039329000000000005,-0.0011956,0.0004264999999999998,0.00015539999999999998,-0.0046244000000000007,-0.0029456,0.00058279999999999996,0.00060519999999999997,0.0018157,0.0023645999999999997,0.0047020999999999999,0.0008342,0.0019460000000000002,0.0021381,-0.0013803999999999999,-0.0013445,0.0037484000000000003,0.0047923000000000002,-0.0018698,0.0007582,-0.00042129999999999994,-0.0038110000000000002,-0.0029983999999999996,0.0030003999999999999,-0.0020969999999999999,0.0035100999999999999,-0.0055650000000000005,0.0021838000000000001,-0.0018832000000000002,0.0036142999999999995,0.0088137000000000007,-0.0044635000000000005,0.0046498000000000008,0.0048041999999999998,-0.0050882000000000002,-0.0014621,0.00032509999999999999,0.0010767999999999999,0.00037349999999999997,0.000834,-0.0017123000000000004,-0.00049259999999999994,-0.00026449999999999987,-0.00055869999999999987,0.0010252,-6.3400000000000023e-05,-0.0031216000000000004,0.0017029,-3.3299999999999996e-05,0.0025130999999999999,-0.0010443000000000002,0.00097500000000000006,-0.0016972000000000001,0.0015825000000000001,0.0022430999999999996,9.7099999999999975e-05,0.0022874000000000002,-0.0024270999999999997,-0.00054799999999999998,-0.0035164000000000003,0.0015567000000000001,-0.00060840000000000004,0.00085680000000000001,-0.0015545999999999997,0.0018364,-0.0024923999999999997,0.00012549999999999996,0.0010786999999999999,-0.0011831000000000001,0.0014163000000000001,-0.0007358000000000001,0.0031006000000000002,-0.0023365,0.0025301999999999998,-0.0023603000000000001,-0.0011120000000000001,-0.0026185999999999996,0.00043540000000000012,0.0020603000000000002,-0.0009745,-0.0033668999999999995,0.0026090000000000002,0.001451,-0.0014815,0.0013585000000000001,-0.0016394999999999999,0.0043809000000000001,0.0024735999999999998,-0.0029456999999999999,0.00045880000000000004,0.00012679999999999999,0.00057260000000000026,1.1900000000000005e-05,0.0030937,0.0010024999999999999,0.0042049000000000001,-0.0023578000000000002,0.0017271999999999999,-0.0013671,-0.0057602999999999994,-0.0018028999999999996,-0.0040082,0.0039094999999999998,-0.0003547,0.00031690000000000001,-0.00041710000000000006,-0.00020560000000000001,-0.0025981000000000003,0.0016533999999999997,-0.0025601,-0.00076190000000000014,-0.0016561,-0.0006131000000000001,0.00080729999999999994,-0.00015510000000000003,-0.00061799999999999995,0.0019826000000000006,0.00079870000000000028,-0.0014329999999999998,0.0032989000000000004,-0.0021473,0.0020876000000000002,0.0010692,0.0015122,0.00084559999999999995,-0.0010129,0.00070009999999999983,8.5799999999999917e-05,-0.00011300000000000004,-0.0026500999999999999,0.0023233000000000004,-0.0011338000000000001,-0.00075569999999999999,-0.00019159999999999989,-0.00064959999999999996,0.00077840000000000006,-0.00082610000000000018,-0.00024740000000000005,0.0027863000000000007,-0.0016918,-0.00081120000000000009,0.0004366000000000001,0.00077990000000000004,-0.0010832000000000001,1.0300000000000088e-05,-0.0021362999999999998,0.00046959999999999998,0.0014216000000000001,0.00057689999999999998,0.0025291999999999997,-0.0025884000000000002,-0.00020990000000000001,-0.0010475,0.0004169,-0.00035089999999999996,1.4499999999999756e-05,0.0014717999999999997,0.0034589000000000009,0.00091410000000000026,-0.0011889000000000001,0.0028919999999999996,-0.0031929999999999997,0.0031410000000000001,-0.00036400000000000007,0.0012362,0.0017752,-0.0017297,-0.0051433999999999994,0.004751,-0.00012650000000000009,0.00099219999999999994,-0.00010809999999999997,0.0027657000000000003,0.0053471999999999999,-0.0061145999999999995,-0.0004854000000000002,-0.0054402999999999995,-0.0046461000000000002,-0.00057329999999999989
aug_between_class_right_pair0002_child02,Healthy,0,0,Augmented,0,0,0,0,0,0.28889760000000003,1.9058704,1.9999999999999999e-07,-9.9999999999999995e-07,1.9999999999999999e-07,0.93354080000000006,0,0.027351,-0.1483632,0.038580400000000001,0.061486199999999998,-0.051279599999999995,0.066910600000000001,0.0060202000000000016,0.0075754000000000004,-0.024523399999999997,-0.053498000000000004,0.36754819999999999,-0.11076800000000001,0.016463200000000001,0.037800199999999999,0.019807799999999997,-0.018793199999999999,-0.0052868000000000004,-0.046689000000000001,0.029876799999999998,0.0200754,-0.050527200000000001,0.00033099999999999926,-0.087852399999999997,0.0119048,0.044072999999999994,-0.017749000000000001,0.019098199999999999,0.010164600000000001,-0.037848,0.029439,-0.054094000000000003,-0.027622599999999997,0.091976200000000008,-0.014424999999999997,0.19081139999999999,-0.0516222,0.0092477999999999987,-0.0043884000000000006,-0.0066126000000000006,-0.011009799999999998,0.00066160000000000014,0.044251399999999996,-0.0018625999999999998,-0.0045202000000000003,-0.015414199999999999,-0.0196244,0.0153232,0.015808799999999998,0.030393600000000003,0.011797999999999999,-0.0030415999999999993,0.012529,0.0052819999999999985,-0.034720399999999998,0.0049107999999999999,-0.00041499999999999957,-0.00056459999999999995,0.023503000000000003,-0.093713199999999997,0.0033596000000000008,-0.031629600000000001,-0.0074590000000000004,0.0082588000000000002,-0.0017597999999999999,0.0014138000000000002,0.0157308,0.004535,0.0030478000000000002,-0.0092138000000000012,0.0056465999999999999,0.0079547999999999997,-0.0070601999999999991,0.0027530000000000002,0.0028660000000000001,-0.012904800000000001,0.00073300000000000014,0.0099623999999999997,0.0010513999999999992,-0.011583599999999999,-0.017433200000000003,0.020627200000000002,-0.0166724,-0.0064974000000000004,-0.0030433999999999999,0.0043766000000000013,-0.0025934000000000009,-0.0062541999999999997,-0.00021779999999999933,0.0005043999999999986,-0.0136066,0.0077008000000000007,0.020737999999999999,0.0075383999999999998,0.019821800000000001,-0.0074980000000000012,-0.0072784000000000008,0.0002584000000000001,-0.0023586000000000002,-0.0049344000000000002,0.0122498,-0.0062610000000000009,0.005143400000000002,-0.0012869999999999999,0.0045036,-0.0043758,-0.0011759999999999995,0.0084212000000000002,0.0070158,0.0057502000000000004,-0.00043740000000000033,0.0056836000000000005,-0.0032945999999999995,0.0077031999999999986,-0.0059386000000000005,0.013332200000000001,-0.00098879999999999997,-0.0045057999999999999,0.0037331999999999999,-0.0069180000000000005,0.0053991999999999998,-0.018579999999999999,0.0025519999999999996,0.0091284000000000018,-0.0031244000000000003,-0.0067101999999999995,-0.0099696000000000021,-0.022853800000000001,0.0019059999999999997,-0.0160958,-0.0072092000000000007,-0.0018674,0.0028362000000000001,-0.0019492000000000001,-0.00028700000000000004,-0.0055928000000000002,-0.0015566,-0.0011094,-0.0004254000000000002,-0.0023854000000000006,0.0045288000000000004,-0.0010002000000000001,0.0025834000000000005,-0.0049088000000000005,-0.00040900000000000008,0.0015762,0.00073719999999999992,1.5199999999999936e-05,0.003032,-0.00060800000000000003,0.0031461999999999992,0.0014112000000000007,-0.0019353999999999999,-0.01035,-0.0045485999999999999,0.0051780000000000003,0.0048436,0.00072420000000000004,-0.0017398000000000001,0.0011973999999999995,-0.0059658000000000003,0.00096040000000000014,-0.014539800000000002,0.0010245999999999999,0.0016025999999999996,0.014161200000000002,0.0048906000000000002,-0.007754399999999999,-0.0029336000000000006,0.0068218000000000003,0.006393600000000001,-0.0040404000000000004,0.0084523999999999988,-0.0080181999999999996,0.0017038000000000001,-0.0152266,0.006811600000000001,-0.00038199999999999996,0.0039932000000000006,0.011873000000000002,0.0077838000000000013,-0.00070799999999999997,0.0023020000000000002,0.00095080000000000034,-0.0005352,0.0015038,0.00042519999999999998,-0.00048239999999999991,-0.0030218000000000003,0.0010682000000000001,0.0022198000000000001,-0.0014176,-0.0049017999999999996,0.0037058000000000004,-0.0004036,-0.00017759999999999976,-0.00030619999999999996,-0.0010142,0.0040464000000000003,-0.0011463999999999999,0.0019323999999999999,0.0030298,-0.0028422,-0.0037146000000000002,0.0046321999999999995,0.0021113999999999998,-0.0022060000000000001,0.0025512,0.0066509999999999998,0.00087000000000000022,-0.0042576000000000003,0.0019811999999999998,-0.0028866000000000005,-0.0060718000000000005,-0.0031022000000000003,0.011615400000000001,-0.0012802,-0.0022317999999999999,0.00043680000000000021,0.0015179999999999998,-0.0033467999999999996,0.00028679999999999982,0.0031113999999999998,-0.0022070000000000006,0.0016479999999999999,-0.0015428,0.0018255999999999999,-0.0133296,0.0038955999999999999,-0.0083318000000000003,-0.0033179999999999998,-0.0087250000000000001,0.0020446000000000001,-0.0011198,0.00045059999999999989,-0.0025542,0.00026020000000000036,0.00038459999999999992,0.00014560000000000007,0.00098240000000000024,-0.0023754000000000002,-0.0032978,0.00040999999999999999,0.0018116,0.0043648000000000011,0.00012379999999999992,0.0014466000000000006,0.0015630000000000002,0.0015023999999999999,0.00061360000000000017,-0.0019941999999999998,0.00010019999999999991,0.0032281999999999996,0.0011961999999999999,0.0019751999999999999,0.00043699999999999989,-0.0011386000000000007,0.0016046000000000001,-0.0024659999999999999,0.00093800000000000003,0.0027688000000000001,0.0040994000000000004,0.0033292,-0.0014385999999999999,0.0013472,-0.0014465999999999999,-0.00073020000000000008,0.0015728000000000001,0.00075980000000000015,0.00041899999999999988,0.00043299999999999979,0.0025322000000000001,-0.0045326000000000003,-0.00028739999999999999,-0.0027168000000000001,0.0036058000000000002,0.0012150000000000004,0.0018728,-0.0024090000000000001,-0.00040240000000000002,-0.0031570000000000001,0.0026326000000000001,-0.00083179999999999973,-0.0030822000000000002,0.0029013999999999997,-0.0010993999999999999,-8.360000000000008e-05,-0.012901600000000001,0.0019735999999999998,-0.00078840000000000008,-0.00044600000000000005,0.0012000000000000001,0.003101,-0.00058280000000000007,-0.000415,-0.00039160000000000019,0.0014352,0.00036160000000000001,0.0024544000000000002,0.00048139999999999994,-0.0030052,0.00042679999999999986,0.0010640000000000001,0.0015428000000000006,-0.00083320000000000009,-0.0013368000000000002,0.0028498000000000004,0.0011028000000000001,-0.00056599999999999999,0.00053320000000000006,-0.00022179999999999997,-0.00109,0.00056900000000000006,-0.0022342,0.00056319999999999992,-0.00087880000000000011,-0.00044059999999999992,0.0036688000000000007,-0.0012292,0.00014999999999999996,0.00014880000000000015,-0.0046148000000000005,-0.0029242000000000001,0.00081959999999999997,0.00084240000000000009,0.0019304000000000001,0.0023292,0.0044792,0.00095140000000000003,0.0016670000000000001,0.0018442000000000007,-0.0010348000000000002,-0.0014840000000000003,0.0039738000000000004,0.0046306000000000003,-0.0016916000000000001,0.00067739999999999999,-0.00048459999999999996,-0.0038120000000000003,-0.0027168000000000001,0.0025247999999999998,-0.002398,0.0033802000000000003,-0.0053510000000000016,0.0018736,-0.0020164000000000002,0.0038416000000000001,0.0087094000000000008,-0.0042150000000000009,0.0045986000000000004,0.0037943999999999999,-0.0050254000000000002,-0.0013121999999999999,0.0004102,0.00093059999999999996,0.000408,0.0009810000000000001,-0.0017036000000000004,-0.00039819999999999998,-0.00033399999999999999,-0.00046739999999999998,0.0010684000000000002,-4.8000000000000083e-06,-0.0029972000000000002,0.0016647999999999999,-0.00018560000000000001,0.0023481999999999999,-0.00089860000000000005,0.00095299999999999996,-0.0017584000000000002,0.0016450000000000002,0.0018342,1.9200000000000033e-05,0.0020348000000000002,-0.0023232000000000001,-0.0005669999999999999,-0.0034778000000000005,0.0012144,-0.00054779999999999998,0.00095259999999999995,-0.0016281999999999998,0.0017187999999999999,-0.0023908000000000002,0.00023399999999999994,0.0011944,-0.00095620000000000004,0.0013646000000000001,-0.00078460000000000021,0.0031321999999999999,-0.0021159999999999998,0.0026364000000000001,-0.0021086,-0.001047,-0.0021982,0.00044180000000000006,0.0019436,-0.00077899999999999996,-0.0033208000000000001,0.002666,0.0015529999999999999,-0.0012899999999999999,0.0010930000000000002,-0.0018239999999999999,0.0040537999999999998,0.0026871999999999998,-0.0030214000000000005,0.00021960000000000005,0.00021459999999999996,0.00049719999999999983,0.00024580000000000001,0.0029404000000000001,0.0011869999999999999,0.0039848000000000001,-0.0024816,0.0015134,-0.0018042000000000002,-0.0053336,-0.0013958,-0.0035343999999999996,0.0037229999999999997,-0.0003393999999999999,0.0003748,-0.00045320000000000012,-0.0001161999999999999,-0.0025972000000000005,0.0015227999999999999,-0.0025062000000000001,-0.00056880000000000016,-0.0016471999999999999,-0.00065419999999999996,0.00067460000000000003,-0.00023620000000000005,-0.00065500000000000009,0.0016032000000000004,0.00065140000000000011,-0.0012759999999999998,0.0030617999999999999,-0.0018916000000000002,0.0018671999999999998,0.00085939999999999996,0.0014533999999999999,0.00097519999999999985,-0.0008878,0.00070520000000000012,-4.0000000000011814e-07,0.00019299999999999992,-0.0025681999999999996,0.0022076000000000005,-0.00091260000000000017,-0.00074540000000000001,-0.0001962,-0.00070220000000000015,0.00091880000000000011,-0.0008562000000000001,-0.00022880000000000003,0.0023956000000000003,-0.0014136000000000001,-0.00085240000000000001,0.00039320000000000012,0.00063380000000000012,-0.0010024000000000001,6.5999999999999436e-06,-0.0019175999999999998,0.00065220000000000002,0.0012862000000000001,0.00039980000000000007,0.0022063999999999999,-0.0025318000000000003,-0.00033079999999999996,-0.0009670000000000003,0.00054979999999999992,-0.00021379999999999999,0.00019299999999999981,0.0012706000000000002,0.0033758000000000008,0.00073020000000000018,-0.0010858,0.0027790000000000002,-0.0029419999999999997,0.0028210000000000002,-0.00028100000000000011,0.0009094000000000001,0.0016474,-0.0016594000000000001,-0.0046887999999999999,0.004267,-4.0000000000000972e-06,0.00080940000000000005,-0.00026820000000000001,0.0025064000000000006,0.0050693999999999999,-0.0057302000000000004,-0.0003008000000000001,-0.0054996000000000003,-0.0044232000000000004,-0.00060659999999999989
aug_between_class_right_pair0002_child03,Healthy,0,0,Augmented,0,0,0,0,0,0.28301690000000002,1.9080851000000001,2.9999999999999999e-07,-9.9999999999999995e-07,2.9999999999999999e-07,0.93219620000000003,4.1359030627651384e-25,0.027464000000000002,-0.1474993,0.038357099999999998,0.063691300000000006,-0.052380900000000001,0.065713900000000006,0.0047172999999999998,0.0068035999999999999,-0.0225606,-0.054466500000000008,0.36559930000000002,-0.108196,0.017676299999999999,0.035495800000000008,0.020435699999999994,-0.019027800000000001,-0.0053801999999999999,-0.047149500000000004,0.028945199999999997,0.019056099999999999,-0.051847799999999999,0.00071499999999999992,-0.089134600000000008,0.010914699999999999,0.043808,-0.017631500000000001,0.019570299999999999,0.0093959000000000004,-0.037284999999999999,0.030040000000000001,-0.056423000000000001,-0.0235754,0.090240300000000009,-0.013936500000000001,0.19148409999999999,-0.050964799999999998,0.0092511999999999994,-0.0043146,-0.0061504000000000003,-0.0121067,0.0012834000000000001,0.043779600000000002,-0.0016068999999999999,-0.0045928000000000002,-0.014399799999999999,-0.019963099999999998,0.015577799999999999,0.015453700000000001,0.029523899999999999,0.0110595,-0.0027634000000000009,0.011491999999999999,0.0047920000000000011,-0.034811099999999998,0.0045506999999999995,0.00036450000000000024,-6.08999999999998e-05,0.023018000000000004,-0.092841300000000002,0.0035274,-0.0314539,-0.0070830000000000008,0.0064747000000000008,-0.0021471999999999997,0.0017092000000000001,0.015757200000000002,0.0049675000000000006,0.0030587000000000001,-0.010268200000000002,0.0053168999999999994,0.0087156999999999998,-0.0066462999999999991,0.0032335000000000003,0.0025615,-0.0122732,0.0004285000000000005,0.0095575999999999994,0.00096010000000000019,-0.011643899999999999,-0.0173723,0.0206508,-0.0159481,-0.0064390999999999997,-0.0042696000000000001,0.0043753999999999998,-0.0023060999999999993,-0.0068038000000000005,2.3000000000002185e-06,0.00087260000000000115,-0.0129134,0.0080617000000000015,0.0186815,0.0073320999999999994,0.0183562,-0.0078504999999999998,-0.0058910999999999981,5.9100000000000081e-05,-0.0023159000000000001,-0.0048726000000000004,0.0121622,-0.006326,0.004395099999999999,-0.0011250000000000001,0.0043674000000000004,-0.0045961999999999999,-0.0012845000000000001,0.0084193000000000011,0.0066821999999999993,0.0054643000000000001,0.00020189999999999997,0.0059469000000000006,-0.0034024000000000003,0.0075127999999999983,-0.0066598999999999998,0.012609800000000001,-0.0015877,-0.0036182000000000002,0.0038233000000000008,-0.0068749999999999992,0.0057812999999999996,-0.018859500000000001,0.0022279999999999999,0.0082596000000000006,-0.0028970999999999988,-0.0072267999999999994,-0.0096334000000000003,-0.0230712,0.0017524999999999989,-0.0159772,-0.0065023000000000008,-0.0013140999999999995,0.0026387999999999993,-0.00060879999999999994,-0.00032949999999999993,-0.0063892000000000011,-0.0015678999999999999,-0.0011320999999999998,-0.00095260000000000006,-0.0022646000000000003,0.0041522,-0.0013248000000000005,0.0022145999999999997,-0.0048936999999999991,5.7999999999999892e-05,0.0018852999999999999,0.00078130000000000018,0.00076330000000000018,0.0030969999999999999,-0.00078400000000000041,0.0023603000000000001,0.0014278000000000001,-0.0014380999999999997,-0.0093369999999999998,-0.0039214000000000002,0.0053154999999999999,0.0045494000000000003,0.00073380000000000006,-0.0020557000000000001,0.00046959999999999971,-0.0059576999999999998,0.00051160000000000008,-0.013951699999999999,0.0008744,0.0010958999999999999,0.0137993,0.0040579000000000006,-0.0076415999999999993,-0.0027483999999999998,0.0061016999999999998,0.0053239000000000003,-0.0040626000000000004,0.0073181000000000001,-0.0071672999999999997,0.0013657000000000001,-0.016212400000000002,0.0069518999999999996,-0.00056499999999999996,0.0036127999999999993,0.011896,0.006921700000000002,-0.00053249999999999988,0.0021865000000000001,0.0009061999999999998,-0.00056930000000000001,0.0013457,0.00031030000000000001,-0.00068209999999999994,-0.0030097000000000001,0.00097579999999999997,0.0024432,-0.0015184,-0.0044521999999999999,0.0036991999999999997,-0.0008083999999999997,-0.00033339999999999986,-0.00055979999999999995,-0.0011387999999999999,0.0038785999999999998,-0.0010116000000000001,0.0018511000000000001,0.0031891999999999997,-0.0028693,-0.0032323999999999999,0.0047203000000000002,0.0022091000000000003,-0.0019545000000000001,0.0020373000000000001,0.0067394999999999998,0.00089249999999999996,-0.0044208999999999993,0.0021672999999999996,-0.0028213999999999999,-0.0062601999999999996,-0.0029402999999999994,0.011290100000000001,-0.0013453,-0.0024321999999999998,0.00077570000000000004,0.000959,-0.0030536999999999999,0.0001627,0.0024710999999999995,-0.0026960000000000005,0.0018695000000000001,-0.0017312,0.0008764000000000007,-0.013453399999999999,0.0036809,-0.0091552000000000005,-0.0026560000000000004,-0.0087680000000000015,0.0020439,-0.0011202,0.00020339999999999985,-0.0029367999999999998,9.0299999999999972e-05,0.00013139999999999981,-2.1600000000000044e-05,0.00094910000000000003,-0.0024135999999999997,-0.0031741999999999999,0.00024099999999999995,0.0019668999999999997,0.0039291999999999999,0.00011670000000000002,0.0013539000000000003,0.0015654999999999998,0.0013396,0.00093490000000000023,-0.0019688000000000002,0.00047879999999999993,0.0029258000000000001,0.0010862999999999999,0.0021163000000000002,-0.0002859999999999998,-0.00054440000000000022,0.0015424,-0.0018634999999999997,0.00064099999999999997,0.0028342000000000003,0.0040860999999999996,0.0032883000000000001,-0.0013963999999999999,0.0016133,-0.0013378999999999999,-0.00061480000000000009,0.0014262000000000003,0.00056919999999999996,-4.3000000000000137e-05,0.00017650000000000022,0.0024997999999999999,-0.0040854000000000003,-0.00014759999999999996,-0.0027517000000000002,0.0033007000000000002,0.00044599999999999978,0.0015746999999999998,-0.0022910000000000001,-0.00070110000000000007,-0.0029729999999999999,0.0025313999999999996,-0.0012071999999999999,-0.0026887999999999999,0.0025331000000000008,-0.0015911,-0.00013639999999999963,-0.0121599,0.0017974,-0.00074260000000000005,-0.00038799999999999994,0.0013090000000000001,0.0030609999999999999,-0.00060669999999999973,-0.00059750000000000005,-0.00022590000000000012,0.0013578000000000002,0.00037439999999999999,0.0024491000000000001,0.00033660000000000005,-0.0028858,0.00058619999999999994,0.0011054999999999999,0.0013172000000000001,-0.00092629999999999991,-0.0011881999999999999,0.0029526999999999999,0.0010916999999999999,-0.00053549999999999995,0.0006052999999999997,-0.0003776999999999998,-0.00085000000000000006,0.00052399999999999973,-0.0024203000000000002,0.00056680000000000001,-0.00073870000000000034,-0.00072289999999999995,0.0034047000000000005,-0.0012628000000000001,-0.0001265000000000002,0.0001422000000000001,-0.0046052000000000003,-0.0029027999999999997,0.0010563999999999999,0.0010796,0.0020451000000000002,0.0022937999999999999,0.0042562999999999993,0.0010685999999999998,0.0013879999999999999,0.0015503000000000001,-0.00068920000000000006,-0.0016234999999999999,0.0041992000000000002,0.0044688999999999996,-0.0015134,0.00059659999999999997,-0.00054789999999999993,-0.003813,-0.0024351999999999993,0.0020491999999999997,-0.002699,0.0032503000000000002,-0.0051370000000000009,0.0015633999999999999,-0.0021496000000000002,0.0040689000000000003,0.0086051000000000009,-0.0039664999999999995,0.0045474000000000001,0.0027845999999999999,-0.0049626000000000002,-0.0011622999999999998,0.00049529999999999995,0.00078439999999999998,0.00044250000000000002,0.0011280000000000001,-0.0016949000000000001,-0.00030380000000000001,-0.0004035,-0.00037609999999999993,0.0011115999999999999,5.3799999999999952e-05,-0.0028728000000000009,0.0016267,-0.00033789999999999997,0.0021833,-0.00075290000000000014,0.00093099999999999986,-0.0018196,0.0017075,0.0014253,-5.8700000000000017e-05,0.0017822000000000003,-0.0022193,-0.00058599999999999993,-0.0034391999999999999,0.00087209999999999979,-0.00048719999999999997,0.0010484000000000001,-0.0017017999999999998,0.0016012000000000001,-0.0022891999999999999,0.00034249999999999992,0.0013100999999999998,-0.00072929999999999989,0.0013129000000000001,-0.00083340000000000009,0.0031638,-0.0018955,0.0027426,-0.0018568999999999999,-0.00098200000000000002,-0.0017778,0.0004482,0.0018269,-0.00058350000000000003,-0.0032746999999999993,0.0027229999999999997,0.001655,-0.0010985000000000001,0.00082749999999999989,-0.0020084999999999999,0.0037266999999999999,0.0029007999999999998,-0.0030971000000000002,-1.9599999999999989e-05,0.00030239999999999998,0.00042179999999999984,0.00047969999999999995,0.0027870999999999998,0.0013715000000000001,0.0037647000000000002,-0.0026053999999999999,0.0012996000000000001,-0.0022412999999999999,-0.0049068999999999996,-0.00098869999999999991,-0.0030606000000000001,0.0035364999999999997,-0.00032410000000000002,0.00043269999999999995,-0.00048930000000000002,-2.6800000000000001e-05,-0.0025962999999999997,0.0013921999999999999,-0.0024523000000000001,-0.00037570000000000008,-0.0016383000000000001,-0.00069530000000000004,0.00054189999999999989,-0.00031730000000000007,-0.0006919999999999998,0.0012237999999999997,0.00050410000000000006,-0.0011190000000000002,0.0028246999999999994,-0.0016359,0.0016467999999999999,0.00064959999999999996,0.0013945999999999997,0.0011047999999999997,-0.00076270000000000005,0.00071029999999999997,-8.6600000000000045e-05,0.00049899999999999999,-0.0024862999999999999,0.0020918999999999998,-0.00069140000000000011,-0.00073509999999999992,-0.00020080000000000011,-0.00075479999999999992,0.0010591999999999999,-0.00088630000000000002,-0.00021019999999999996,0.0020049,-0.0011354,-0.00089359999999999993,0.00034979999999999994,0.00048769999999999998,-0.00092159999999999996,2.9000000000000163e-06,-0.0016988999999999999,0.00083479999999999991,0.0011508,0.00022270000000000005,0.0018836,-0.0024752000000000003,-0.00045169999999999997,-0.00088650000000000003,0.00068269999999999984,-7.6700000000000021e-05,0.00037149999999999998,0.0010693999999999999,0.0032927,0.00054629999999999989,-0.00098269999999999998,0.0026659999999999995,-0.0026909999999999998,0.0025009999999999998,-0.00019800000000000002,0.00058259999999999985,0.0015195999999999999,-0.0015891,-0.0042341999999999996,0.0037829999999999999,0.00011849999999999979,0.00062659999999999994,-0.00042829999999999984,0.0022471000000000001,0.0047916,-0.0053457999999999995,-0.00011620000000000003,-0.0055589000000000003,-0.0042002999999999997,-0.00063989999999999989
aug_between_class_right_pair0002_child04,Healthy,0,0,Augmented,0,0,0,0,0,0.2771362,1.9102998,4.0000000000000003e-07,-9.9999999999999995e-07,3.9999999999999998e-07,0.9308516,0,0.027577000000000001,-0.1466354,0.038133800000000002,0.065896399999999994,-0.053482200000000001,0.064517199999999997,0.0034143999999999997,0.0060318000000000004,-0.020597799999999999,-0.055434999999999991,0.36365039999999998,-0.105624,0.018889400000000001,0.033191400000000003,0.021063599999999998,-0.019262399999999999,-0.0054736000000000003,-0.04761,0.0280136,0.018036800000000002,-0.053168399999999998,0.0010989999999999997,-0.090416800000000005,0.0099245999999999987,0.043542999999999998,-0.017514000000000002,0.020042399999999998,0.0086271999999999998,-0.036722000000000005,0.030641000000000002,-0.058751999999999999,-0.019528199999999999,0.088504400000000011,-0.013448000000000002,0.19215679999999999,-0.050307400000000002,0.0092546,-0.0042408000000000003,-0.0056882,-0.013203599999999999,0.0019052000000000001,0.0433078,-0.0013511999999999999,-0.0046654000000000001,-0.0133854,-0.020301799999999998,0.0158324,0.0150986,0.028654200000000001,0.010321,-0.0024852000000000008,0.010455000000000001,0.0043020000000000003,-0.034901799999999997,0.0041906000000000001,0.0011440000000000009,0.00044280000000000014,0.022533000000000001,-0.091969399999999993,0.0036951999999999992,-0.031278199999999999,-0.0067069999999999994,0.0046906000000000005,-0.0025346000000000001,0.0020046,0.015783600000000002,0.0054000000000000003,0.0030696,-0.011322600000000002,0.0049871999999999998,0.0094766,-0.0062323999999999991,0.0037140000000000003,0.0022569999999999999,-0.011641599999999998,0.00012399999999999998,0.0091527999999999991,0.0008688000000000003,-0.0117042,-0.017311400000000001,0.020674400000000002,-0.015223800000000001,-0.0063807999999999998,-0.0054958000000000003,0.0043742,-0.0020188000000000003,-0.0073534000000000004,0.0002224000000000002,0.0012408000000000002,-0.012220200000000001,0.0084225999999999988,0.016625000000000001,0.0071257999999999998,0.016890599999999999,-0.0082030000000000002,-0.004503799999999997,-0.00014019999999999994,-0.0022732,-0.0048107999999999996,0.0120746,-0.0063909999999999991,0.0036468000000000004,-0.00096299999999999999,0.0042312000000000001,-0.0048166000000000007,-0.0013929999999999993,0.0084174000000000002,0.0063486000000000002,0.0051783999999999997,0.00084120000000000006,0.0062101999999999999,-0.0035102000000000002,0.0073223999999999997,-0.007381200000000001,0.011887399999999999,-0.0021866000000000003,-0.0027305999999999997,0.0039134000000000009,-0.0068319999999999995,0.0061634000000000003,-0.019139,0.0019040000000000003,0.0073908000000000003,-0.0026697999999999991,-0.0077434000000000001,-0.0092972000000000003,-0.0232886,0.0015989999999999989,-0.0158586,-0.0057954,-0.00076079999999999984,0.0024413999999999998,0.00073160000000000065,-0.00037199999999999999,-0.0071856000000000012,-0.0015792,-0.0011548000000000001,-0.0014798000000000005,-0.0021438,0.0037755999999999996,-0.0016494000000000003,0.0018457999999999999,-0.0048786000000000003,0.00052499999999999986,0.0021944,0.00082540000000000011,0.0015114000000000002,0.0031620000000000007,-0.00096000000000000013,0.0015743999999999999,0.0014444,-0.00094079999999999977,-0.0083239999999999998,-0.0032941999999999997,0.0054530000000000004,0.0042551999999999998,0.00074340000000000007,-0.0023716000000000002,-0.00025820000000000053,-0.0059496000000000002,6.2799999999999575e-05,-0.0133636,0.00072419999999999993,0.00058919999999999936,0.0134374,0.0032252000000000001,-0.0075287999999999996,-0.0025632000000000007,0.0053816000000000003,0.0042541999999999996,-0.0040848000000000004,0.0061837999999999997,-0.0063163999999999998,0.0010276,-0.0171982,0.0070921999999999999,-0.00074800000000000018,0.0032323999999999999,0.011919000000000001,0.0060596000000000001,-0.0003569999999999999,0.0020709999999999999,0.00086160000000000056,-0.00060340000000000003,0.0011876,0.00019539999999999998,-0.00088179999999999986,-0.0029976,0.0008833999999999999,0.0026666000000000003,-0.0016191999999999999,-0.0040026000000000003,0.0036925999999999999,-0.0012132,-0.00048919999999999996,-0.00081339999999999993,-0.0012634000000000005,0.0037108000000000002,-0.00087679999999999995,0.0017698,0.0033485999999999998,-0.0028964000000000004,-0.0027502,0.0048084,0.0023068000000000003,-0.0017030000000000001,0.0015234000000000001,0.0068279999999999999,0.00091500000000000012,-0.0045842000000000001,0.0023533999999999998,-0.0027562000000000003,-0.0064486000000000005,-0.0027783999999999999,0.0109648,-0.0014104,-0.0026325999999999997,0.0011146000000000003,0.00039999999999999975,-0.0027605999999999998,3.8599999999999746e-05,0.0018307999999999998,-0.0031850000000000003,0.002091,-0.0019196,-7.2800000000000469e-05,-0.013577199999999999,0.0034662,-0.0099786000000000007,-0.0019939999999999997,-0.0088110000000000011,0.0020432000000000002,-0.0011206,-4.3800000000000143e-05,-0.0033194000000000001,-7.9599999999999983e-05,-0.00012180000000000016,-0.00018879999999999998,0.00091579999999999982,-0.0024517999999999996,-0.0030506000000000001,7.1999999999999934e-05,0.0021221999999999999,0.0034935999999999999,0.00010960000000000001,0.0012612000000000001,0.0015679999999999999,0.0011768000000000002,0.0012562000000000001,-0.0019434000000000001,0.00085740000000000002,0.0026233999999999997,0.00097639999999999988,0.0022574000000000001,-0.0010089999999999999,4.9799999999999801e-05,0.0014802000000000001,-0.001261,0.00034400000000000007,0.0028996,0.0040727999999999997,0.0032474000000000001,-0.0013541999999999998,0.0018794,-0.0012292,-0.0004994,0.0012795999999999997,0.00037859999999999999,-0.00050500000000000013,-7.9999999999999776e-05,0.0024673999999999998,-0.0036382000000000003,-7.7999999999999728e-06,-0.0027866000000000002,0.0029955999999999997,-0.0003230000000000008,0.0012765999999999997,-0.002173,-0.00099980000000000012,-0.0027889999999999998,0.0024302,-0.0015825999999999998,-0.0022954000000000004,0.0021648000000000006,-0.0020828000000000001,-0.00018920000000000005,-0.0114182,0.0016211999999999999,-0.00069680000000000002,-0.00032999999999999994,0.001418,0.0030209999999999998,-0.00063060000000000004,-0.00077999999999999999,-6.0199999999999945e-05,0.0012804000000000001,0.00038719999999999987,0.0024438000000000003,0.00019180000000000011,-0.0027664,0.00074560000000000002,0.001147,0.0010916000000000001,-0.0010194000000000002,-0.0010395999999999999,0.0030556000000000003,0.0010805999999999999,-0.00050500000000000002,0.00067739999999999999,-0.00053360000000000029,-0.00060999999999999997,0.00047899999999999983,-0.0026064,0.00057039999999999999,-0.00059860000000000013,-0.0010051999999999999,0.0031406000000000008,-0.0012964000000000001,-0.00040300000000000036,0.00013560000000000026,-0.0045956,-0.0028814000000000001,0.0012931999999999998,0.0013168000000000001,0.0021597999999999999,0.0022583999999999998,0.0040333999999999995,0.0011857999999999999,0.001109,0.0012564000000000002,-0.00034359999999999995,-0.001763,0.0044245999999999999,0.0043072000000000006,-0.0013351999999999999,0.00051579999999999985,-0.0006112,-0.0038139999999999997,-0.0021535999999999999,0.0015735999999999999,-0.0030000000000000001,0.0031204000000000002,-0.0049230000000000003,0.0012532000000000003,-0.0022827999999999998,0.0042961999999999992,0.0085008000000000011,-0.003718,0.0044962000000000005,0.0017748000000000004,-0.0048998000000000002,-0.0010123999999999999,0.00058040000000000001,0.0006381999999999999,0.00047699999999999999,0.0012750000000000001,-0.0016862000000000001,-0.00020939999999999999,-0.0004729999999999999,-0.00028479999999999993,0.0011548000000000001,0.00011240000000000002,-0.0027484000000000007,0.0015885999999999999,-0.0004902000000000001,0.0020183999999999996,-0.00060720000000000023,0.00090899999999999998,-0.0018808000000000002,0.0017700000000000001,0.0010164,-0.00013660000000000001,0.0015296000000000001,-0.0021153999999999999,-0.00060499999999999996,-0.0034006000000000002,0.00052979999999999998,-0.00042660000000000002,0.0011441999999999999,-0.0017753999999999999,0.0014836000000000001,-0.0021875999999999996,0.00045100000000000001,0.0014257999999999999,-0.00050239999999999996,0.0012612000000000001,-0.00088219999999999998,0.0031954000000000001,-0.0016749999999999998,0.0028487999999999999,-0.0016052,-0.00091699999999999995,-0.0013573999999999997,0.00045460000000000015,0.0017102,-0.00038799999999999989,-0.0032285999999999999,0.0027800000000000004,0.0017570000000000001,-0.00090700000000000004,0.00056200000000000011,-0.0021929999999999996,0.0033996,0.0031143999999999998,-0.0031727999999999999,-0.00025879999999999995,0.00039019999999999994,0.00034639999999999985,0.00071360000000000011,0.0026337999999999999,0.0015560000000000001,0.0035446000000000002,-0.0027292000000000002,0.0010858,-0.0026784000000000001,-0.0044801999999999993,-0.00058160000000000026,-0.0025868000000000002,0.0033499999999999997,-0.00030879999999999992,0.0004906,-0.00052540000000000009,6.2599999999999895e-05,-0.0025953999999999999,0.0012615999999999999,-0.0023983999999999998,-0.00018259999999999997,-0.0016293999999999998,-0.0007363999999999999,0.00040919999999999997,-0.00039840000000000009,-0.00072899999999999994,0.00084440000000000003,0.00035679999999999989,-0.00096199999999999986,0.0025875999999999998,-0.0013801999999999998,0.0014264,0.00043980000000000012,0.0013357999999999998,0.0012343999999999996,-0.00063759999999999999,0.00071540000000000004,-0.00017280000000000008,0.00080499999999999994,-0.0024044000000000001,0.0019762,-0.00047019999999999994,-0.00072479999999999995,-0.00020540000000000001,-0.00080740000000000011,0.0011996000000000001,-0.00091640000000000016,-0.0001916,0.0016142000000000001,-0.00085720000000000002,-0.00093480000000000006,0.00030640000000000008,0.00034160000000000006,-0.00084080000000000005,-8.0000000000001945e-07,-0.0014801999999999999,0.0010173999999999999,0.0010153999999999999,4.5600000000000133e-05,0.0015607999999999998,-0.0024185999999999999,-0.00057259999999999993,-0.00080600000000000018,0.00081559999999999988,6.0400000000000004e-05,0.00054999999999999992,0.00086820000000000007,0.0032096,0.00036240000000000003,-0.00087960000000000002,0.0025529999999999997,-0.0024399999999999999,0.0021809999999999998,-0.00011500000000000003,0.00025579999999999982,0.0013917999999999999,-0.0015188000000000001,-0.0037796000000000001,0.0032989999999999998,0.000241,0.00044380000000000005,-0.00058839999999999988,0.0019877999999999996,0.0045138000000000001,-0.0049613999999999995,6.8399999999999955e-05,-0.0056182000000000003,-0.0039773999999999999,-0.00067319999999999988
aug_between_class_right_pair0002_child05,TLE,1,1,Augmented,0,0,0,0,0,0.26537480000000002,1.9147292,5.9999999999999997e-07,-9.9999999999999995e-07,5.9999999999999997e-07,0.92816240000000005,0,0.027803000000000001,-0.1449076,0.037687199999999997,0.070306599999999997,-0.0556848,0.0621238,0.00080860000000000068,0.0044882000000000003,-0.016672199999999998,-0.057371999999999999,0.35975260000000003,-0.10048,0.021315600000000001,0.028582599999999993,0.0223194,-0.019731600000000002,-0.0056604000000000003,-0.048531000000000005,0.026150399999999997,0.015998200000000001,-0.055809600000000001,0.001867,-0.0929812,0.0079444000000000008,0.043012999999999996,-0.017279000000000003,0.020986600000000001,0.0070898000000000003,-0.035596000000000003,0.031842999999999996,-0.063409999999999994,-0.011433799999999994,0.085032600000000014,-0.012470999999999999,0.19350220000000001,-0.048992599999999997,0.0092613999999999995,-0.0040932,-0.0047638000000000003,-0.015397399999999999,0.0031488000000000002,0.042364199999999998,-0.00083979999999999992,-0.0048105999999999999,-0.0113566,-0.0209792,0.016341600000000001,0.014388400000000001,0.026914800000000003,0.0088440000000000012,-0.0019287999999999987,0.0083809999999999996,0.0033220000000000003,-0.035083199999999995,0.0034704000000000002,0.0027029999999999997,0.0014502000000000004,0.021563000000000002,-0.090225600000000003,0.0040307999999999993,-0.030926800000000001,-0.0059550000000000002,0.0011224000000000008,-0.0033093999999999992,0.0025954000000000003,0.0158364,0.0062650000000000006,0.0030914000000000002,-0.013431400000000001,0.0043277999999999997,0.0109984,-0.0054045999999999999,0.0046750000000000003,0.0016480000000000002,-0.010378399999999999,-0.00048499999999999975,0.0083432000000000003,0.00068620000000000052,-0.0118248,-0.017189599999999999,0.0207216,-0.013775200000000001,-0.0062642000000000002,-0.007948199999999999,0.0043718000000000003,-0.0014442000000000005,-0.0084525999999999994,0.0006625999999999993,0.0019771999999999993,-0.010833800000000001,0.0091444000000000004,0.012512000000000001,0.0067131999999999999,0.0139594,-0.008908000000000001,-0.0017292000000000002,-0.00053879999999999987,-0.0021878000000000002,-0.0046872000000000007,0.011899400000000001,-0.0065209999999999999,0.0021502000000000005,-0.00063900000000000003,0.0039588000000000002,-0.0052574000000000006,-0.0016099999999999999,0.0084136000000000002,0.0056813999999999988,0.0046066000000000006,0.0021197999999999998,0.0067368000000000003,-0.0037258,0.0069415999999999992,-0.0088237999999999997,0.0104426,-0.0033843999999999996,-0.00095540000000000121,0.0040935999999999993,-0.0067459999999999994,0.006927599999999999,-0.019698,0.0012560000000000002,0.0056532000000000006,-0.0022152000000000005,-0.008776599999999999,-0.0086248000000000002,-0.023723399999999999,0.0012919999999999997,-0.015621400000000001,-0.0043816000000000003,0.00034580000000000027,0.0020466,0.0034124000000000003,-0.000457,-0.0087784000000000004,-0.0016018,-0.0012002,-0.0025341999999999999,-0.0019022000000000006,0.0030223999999999997,-0.0022986,0.0011082000000000002,-0.0048483999999999992,0.0014589999999999998,0.0028126000000000002,0.00091359999999999998,0.0030076,0.0032920000000000007,-0.0013120000000000002,2.5999999999999548e-06,0.0014776000000000006,5.3800000000000115e-05,-0.0062980000000000006,-0.0020398000000000005,0.0057280000000000005,0.0036668,0.0007626,-0.0030033999999999998,-0.0017138000000000001,-0.0059334000000000001,-0.00083480000000000013,-0.012187400000000001,0.00042379999999999978,-0.00042420000000000044,0.012713600000000002,0.0015598000000000005,-0.0073031999999999993,-0.0021928,0.0039414000000000003,0.0021148000000000004,-0.0041291999999999995,0.0039151999999999998,-0.0046146,0.00035140000000000008,-0.019169800000000001,0.0073728000000000005,-0.0011140000000000002,0.0024716,0.011965,0.0043354000000000014,-5.999999999999929e-06,0.0018400000000000001,0.00077240000000000034,-0.00067159999999999984,0.00087140000000000015,-3.4399999999999969e-05,-0.0012811999999999997,-0.0029734000000000002,0.00069859999999999996,0.0031134000000000001,-0.0018208,-0.0031034000000000001,0.0036794000000000002,-0.0020227999999999995,-0.00080079999999999984,-0.0013205999999999999,-0.0015126000000000002,0.0033752000000000001,-0.00060720000000000001,0.0016072,0.0036673999999999999,-0.0029506000000000003,-0.0017858000000000004,0.0049845999999999996,0.0025022,-0.0012000000000000001,0.00049560000000000034,0.0070049999999999999,0.00096000000000000002,-0.0049107999999999999,0.0027255999999999999,-0.0026258000000000002,-0.0068253999999999997,-0.0024545999999999995,0.010314200000000001,-0.0015406,-0.0030333999999999995,0.0017924,-0.00071799999999999989,-0.0021743999999999999,-0.00020960000000000032,0.00055020000000000004,-0.004163,0.0025339999999999998,-0.0022964000000000001,-0.0019711999999999989,-0.0138248,0.0030368000000000001,-0.011625400000000001,-0.00067000000000000002,-0.0088970000000000004,0.0020417999999999999,-0.0011214,-0.00053820000000000018,-0.0040845999999999999,-0.00041939999999999989,-0.00062819999999999998,-0.00052319999999999992,0.00084919999999999982,-0.0025282,-0.0028033999999999997,-0.00026599999999999996,0.0024327999999999997,0.0026224,9.5399999999999988e-05,0.0010758,0.001573,0.00085120000000000009,0.0018988000000000002,-0.0018925999999999999,0.0016145999999999997,0.0020185999999999997,0.00075660000000000007,0.0025395999999999999,-0.0024550000000000002,0.0012381999999999996,0.0013557999999999999,-5.600000000000006e-05,-0.0002499999999999999,0.0030303999999999999,0.0040461999999999998,0.0031655999999999998,-0.0012698,0.0024115999999999999,-0.0010117999999999998,-0.00026860000000000013,0.00098640000000000012,-2.5999999999999006e-06,-0.0014289999999999999,-0.00059299999999999978,0.0024026,-0.0027438000000000002,0.00027179999999999999,-0.0028563999999999998,0.0023854000000000002,-0.001861,0.00068040000000000006,-0.0019370000000000001,-0.0015972,-0.0024210000000000004,0.0022277999999999998,-0.0023333999999999998,-0.0015086000000000001,0.0014282000000000001,-0.0030661999999999998,-0.00029479999999999958,-0.0099348000000000006,0.0012688,-0.00060520000000000007,-0.00021400000000000005,0.0016360000000000003,0.002941,-0.00067839999999999979,-0.0011449999999999998,0.00027119999999999987,0.0011256,0.00041280000000000006,0.0024331999999999999,-9.7799999999999992e-05,-0.0025276000000000005,0.0010643999999999999,0.0012300000000000002,0.00064040000000000017,-0.0012055999999999998,-0.00074240000000000005,0.0032614000000000002,0.0010584000000000001,-0.000444,0.00082160000000000013,-0.00084540000000000017,-0.00013000000000000034,0.00038900000000000002,-0.0029786000000000005,0.00057759999999999995,-0.00031839999999999993,-0.0015697999999999997,0.0026124000000000004,-0.0013636,-0.00095600000000000014,0.00012240000000000016,-0.0045764000000000004,-0.0028385999999999997,0.0017668,0.0017911999999999997,0.0023891999999999997,0.0021876,0.0035875999999999998,0.0014201999999999997,0.00055100000000000006,0.00066860000000000031,0.00034759999999999983,-0.002042,0.0048754000000000002,0.0039838,-0.00097879999999999994,0.00035420000000000004,-0.00073779999999999994,-0.0038159999999999999,-0.0015904000000000001,0.00062239999999999995,-0.0036020000000000002,0.0028606,-0.0044950000000000007,0.00063280000000000009,-0.0025492000000000002,0.0047508000000000003,0.0082921999999999996,-0.0032209999999999999,0.0043937999999999998,-0.00024479999999999988,-0.0047742000000000001,-0.00071259999999999987,0.00075059999999999992,0.0003458,0.00054600000000000004,0.0015690000000000001,-0.0016688000000000002,-2.0600000000000067e-05,-0.00061200000000000002,-0.00010219999999999995,0.0012412,0.0002296,-0.0024996000000000003,0.0015124000000000001,-0.00079480000000000002,0.0016886,-0.0003158000000000002,0.00086499999999999999,-0.0020032000000000001,0.0018950000000000002,0.00019860000000000008,-0.00029240000000000001,0.0010244000000000002,-0.0019076000000000002,-0.00064300000000000002,-0.0033233999999999998,-0.0001548000000000001,-0.0003054,0.0013358000000000001,-0.0019225999999999998,0.0012484000000000002,-0.0019843999999999999,0.00066799999999999976,0.0016571999999999999,-4.8600000000000219e-05,0.0011578000000000001,-0.00097979999999999986,0.0032586,-0.0012339999999999999,0.0030612,-0.0011018,-0.00078699999999999994,-0.00051660000000000009,0.00046739999999999992,0.0014768000000000001,2.9999999999999645e-06,-0.0031364000000000001,0.0028939999999999999,0.0019610000000000001,-0.00052400000000000016,3.1000000000000157e-05,-0.002562,0.0027454000000000003,0.0035415999999999998,-0.0033242000000000002,-0.0007371999999999997,0.00056579999999999998,0.00019560000000000009,0.0011814,0.0023271999999999998,0.0019250000000000001,0.0031043999999999998,-0.0029767999999999999,0.00065820000000000028,-0.0035526000000000004,-0.0036267999999999999,0.00023260000000000012,-0.0016392000000000002,0.002977,-0.00027820000000000004,0.00060639999999999999,-0.0005976,0.00024140000000000001,-0.0025936000000000002,0.0010004,-0.0022905999999999998,0.00020359999999999996,-0.0016115999999999999,-0.00081860000000000006,0.00014380000000000003,-0.00056060000000000007,-0.000803,8.5600000000000129e-05,6.2199999999999994e-05,-0.00064799999999999992,0.0021134000000000001,-0.00086880000000000019,0.0009856000000000001,2.0200000000000057e-05,0.0012182,0.0014935999999999999,-0.00038739999999999998,0.00072559999999999996,-0.00034520000000000004,0.0014169999999999999,-0.0022405999999999997,0.0017448000000000001,-2.7800000000000066e-05,-0.00070419999999999999,-0.00021460000000000001,-0.00091260000000000006,0.0014803999999999998,-0.00097660000000000021,-0.00015439999999999996,0.00083280000000000019,-0.00030080000000000005,-0.0010172000000000002,0.00021960000000000003,4.9400000000000117e-05,-0.00067920000000000003,-8.1999999999999825e-06,-0.0010428,0.0013825999999999999,0.0007446000000000001,-0.00030859999999999991,0.00091519999999999991,-0.0023054,-0.00081439999999999985,-0.00064500000000000007,0.0010813999999999999,0.00033459999999999989,0.00090699999999999993,0.00046579999999999983,0.0030433999999999999,-5.3999999999999144e-06,-0.0006734,0.0023269999999999996,-0.0019380000000000001,0.0015410000000000003,5.0999999999999945e-05,-0.00039779999999999997,0.0011362,-0.0013782,-0.0028703999999999999,0.0023310000000000002,0.00048599999999999978,7.8200000000000058e-05,-0.00090859999999999975,0.0014692000000000001,0.0039582000000000003,-0.0041926000000000003,0.00043760000000000001,-0.0057367999999999994,-0.0035316000000000002,-0.00073979999999999988
aug_between_class_right_pair0002_child06,TLE,1,1,Augmented,0,0,0,0,0,0.25949410000000001,1.9169439000000001,6.9999999999999997e-07,-9.9999999999999995e-07,6.9999999999999986e-07,0.92681780000000002,0,0.027916,-0.1440437,0.037463900000000001,0.072511699999999998,-0.056786099999999999,0.060927099999999998,-0.00049429999999999895,0.0037164000000000003,-0.014709400000000001,-0.058340500000000003,0.3578037,-0.097907999999999995,0.022528700000000002,0.026278200000000002,0.022947299999999997,-0.0199662,-0.0057537999999999999,-0.0489915,0.0252188,0.0149789,-0.057130199999999999,0.0022509999999999995,-0.094263399999999997,0.0069543000000000001,0.042747999999999994,-0.0171615,0.021458700000000001,0.0063211000000000005,-0.035032999999999995,0.032444000000000001,-0.065738999999999992,-0.0073866000000000001,0.083296700000000001,-0.0119825,0.19417490000000001,-0.048335200000000002,0.0092648000000000001,-0.0040194000000000002,-0.0043016000000000009,-0.0164943,0.0037705999999999998,0.041892399999999996,-0.00058409999999999972,-0.0048831999999999999,-0.010342199999999999,-0.021317900000000001,0.016596199999999998,0.014033300000000002,0.026045100000000002,0.0081055000000000016,-0.0016506000000000003,0.0073439999999999998,0.0028320000000000012,-0.035173900000000001,0.0031103000000000003,0.0034824999999999995,0.0019539000000000002,0.021078000000000003,-0.089353699999999994,0.0041986000000000002,-0.0307511,-0.0055790000000000006,-0.00066169999999999944,-0.0036967999999999997,0.0028907999999999998,0.0158628,0.0066975000000000003,0.0031023000000000001,-0.0144858,0.0039980999999999992,0.0117593,-0.0049906999999999998,0.0051555000000000004,0.0013435000000000005,-0.0097467999999999999,-0.00078949999999999984,0.0079384,0.00059489999999999977,-0.011885099999999999,-0.0171287,0.020745200000000002,-0.013050900000000001,-0.0062059000000000003,-0.0091743999999999992,0.0043706000000000005,-0.0011569000000000006,-0.0090022000000000001,0.00088270000000000015,0.0023453999999999992,-0.0101406,0.0095053000000000012,0.010455500000000003,0.0065068999999999995,0.012493799999999999,-0.0092605000000000014,-0.00034190000000000002,-0.00073809999999999978,-0.0021451,-0.0046254,0.011811800000000001,-0.0065859999999999998,0.0014019000000000002,-0.00047699999999999999,0.0038225999999999998,-0.0054777999999999997,-0.0017184999999999995,0.0084116999999999994,0.0053477999999999998,0.0043207000000000002,0.0027590999999999996,0.0070001000000000004,-0.0038335999999999999,0.0067511999999999997,-0.0095451000000000008,0.0097202,-0.0039833000000000004,-6.7799999999999805e-05,0.0041837000000000003,-0.0067029999999999998,0.0073096999999999997,-0.019977500000000002,0.00093200000000000054,0.0047843999999999994,-0.0019878999999999999,-0.0092931999999999997,-0.0082886000000000019,-0.023940800000000002,0.0011384999999999998,-0.015502800000000001,-0.0036747000000000004,0.0008990999999999999,0.0018492000000000001,0.0047527999999999997,-0.00049949999999999994,-0.0095748000000000014,-0.0016131000000000001,-0.0012229000000000001,-0.0030614000000000006,-0.0017814000000000003,0.0026458000000000002,-0.0026232,0.00073940000000000019,-0.0048332999999999996,0.0019259999999999998,0.0031216999999999998,0.00095770000000000002,0.0037556999999999998,0.0033570000000000006,-0.001488,-0.00078329999999999969,0.0014942,0.0005510999999999999,-0.0052850000000000015,-0.0014126000000000004,0.0058655000000000001,0.0033726000000000003,0.0007721999999999999,-0.0033192999999999999,-0.0024415999999999999,-0.0059252999999999997,-0.0012835999999999998,-0.0115993,0.00027360000000000015,-0.000930900000000001,0.0123517,0.00072710000000000136,-0.0071903999999999996,-0.0020076,0.0032213000000000007,0.0010451000000000004,-0.0041513999999999995,0.0027809000000000011,-0.0037637,1.3300000000000161e-05,-0.020155600000000003,0.0075130999999999991,-0.0012970000000000002,0.0020911999999999997,0.011988,0.0034733000000000012,0.00016950000000000016,0.0017245000000000001,0.0007277999999999998,-0.00070570000000000008,0.00071330000000000015,-0.0001493,-0.0014808999999999998,-0.0029613,0.00060619999999999999,0.0033368,-0.0019215999999999999,-0.0026538000000000004,0.0036728000000000004,-0.0024275999999999994,-0.00095659999999999983,-0.0015741999999999996,-0.0016372000000000003,0.0032074,-0.00047239999999999999,0.0015259,0.0038268,-0.0029777000000000002,-0.0013036000000000007,0.0050726999999999994,0.0025999,-0.00094850000000000012,-1.8299999999999523e-05,0.0070934999999999991,0.00098249999999999987,-0.0050741000000000007,0.0029116999999999997,-0.0025606000000000001,-0.0070137999999999997,-0.0022926999999999999,0.0099889000000000002,-0.0016057000000000001,-0.0032337999999999993,0.0021313,-0.0012769999999999999,-0.0018813,-0.00033370000000000014,-9.0100000000000076e-05,-0.0046519999999999999,0.0027555000000000001,-0.0024848000000000001,-0.002920399999999997,-0.013948599999999998,0.0028221000000000001,-0.012448799999999999,-8.0000000000001945e-06,-0.00894,0.0020411000000000001,-0.0011218000000000001,-0.00078540000000000001,-0.0044672000000000002,-0.00058929999999999974,-0.00088139999999999996,-0.00069039999999999998,0.00081590000000000026,-0.0025663999999999995,-0.0026798,-0.00043499999999999995,0.0025880999999999999,0.0021868,8.8299999999999978e-05,0.00098310000000000021,0.0015755000000000001,0.00068840000000000014,0.0022201,-0.0018672000000000001,0.0019931999999999997,0.0017162000000000002,0.00064670000000000005,0.0026807000000000003,-0.0031779999999999998,0.0018323999999999994,0.0012936,0.00054649999999999968,-0.00054699999999999985,0.0030958000000000001,0.0040328999999999999,0.0031246999999999998,-0.0012276000000000001,0.0026776999999999999,-0.00090309999999999978,-0.00015320000000000015,0.00083979999999999992,-0.00019319999999999987,-0.0018909999999999999,-0.00084949999999999999,0.0023701999999999998,-0.0022966000000000002,0.00041160000000000014,-0.0028912999999999999,0.0020803000000000002,-0.00263,0.00038230000000000002,-0.0018190000000000003,-0.0018959000000000003,-0.0022370000000000003,0.0021266000000000002,-0.0027087999999999995,-0.0011152000000000002,0.0010599000000000008,-0.0035578999999999993,-0.00034759999999999956,-0.0091931000000000009,0.0010926,-0.00055940000000000004,-0.000156,0.001745,0.0029009999999999999,-0.00070229999999999989,-0.0013274999999999999,0.00043689999999999994,0.0010482,0.00042559999999999994,0.0024279000000000002,-0.00024259999999999983,-0.0024082000000000001,0.0012237999999999999,0.0012715000000000001,0.00041480000000000027,-0.0012987000000000001,-0.00059380000000000012,0.0033642999999999998,0.0010472999999999999,-0.00041350000000000002,0.00089369999999999998,-0.0010013000000000001,0.00010999999999999985,0.0003439999999999999,-0.0031647000000000003,0.00058120000000000003,-0.00017830000000000016,-0.0018520999999999998,0.0023483000000000006,-0.0013971999999999999,-0.0012325000000000001,0.0001158000000000001,-0.0045668000000000011,-0.0028171999999999997,0.0020035999999999999,0.0020283999999999996,0.0025038999999999999,0.0021521999999999999,0.0033647,0.0015373999999999997,0.00027200000000000011,0.00037470000000000027,0.00069319999999999972,-0.0021814999999999998,0.0051008,0.0038221000000000002,-0.00080060000000000005,0.00027340000000000003,-0.0008010999999999999,-0.0038170000000000001,-0.0013088000000000002,0.00014680000000000032,-0.0039030000000000002,0.0027307000000000004,-0.0042810000000000001,0.00032260000000000025,-0.0026824000000000001,0.0049781000000000001,0.0081878999999999997,-0.0029725000000000003,0.0043426000000000003,-0.0012545999999999989,-0.0047114000000000001,-0.00056269999999999996,0.00083569999999999988,0.00019960000000000008,0.00058049999999999996,0.0017160000000000001,-0.0016601000000000003,7.3799999999999896e-05,-0.00068149999999999992,-1.0899999999999994e-05,0.0012844,0.00028819999999999996,-0.0023752000000000001,0.0014743,-0.00094709999999999998,0.0015237,-0.00017010000000000007,0.00084300000000000011,-0.0020644000000000001,0.0019575,-0.00021029999999999974,-0.00037029999999999995,0.00077180000000000022,-0.0018037000000000001,-0.00066200000000000005,-0.0032848,-0.00049709999999999999,-0.00024479999999999999,0.0014315999999999999,-0.0019961999999999996,0.0011308000000000002,-0.0018828,0.00077649999999999985,0.0017729,0.00017829999999999981,0.0011061000000000001,-0.0010285999999999997,0.0032902000000000001,-0.0010135000000000001,0.0031673999999999999,-0.00085010000000000012,-0.00072199999999999999,-9.6200000000000062e-05,0.00047380000000000008,0.0013601000000000002,0.00019850000000000011,-0.0030902999999999998,0.0029510000000000005,0.0020629999999999997,-0.0003325,-0.00023449999999999974,-0.0027464999999999998,0.0024183,0.0037551999999999993,-0.0033999,-0.00097639999999999945,0.00065359999999999984,0.0001202000000000001,0.0014153,0.0021738999999999999,0.0021094999999999998,0.0028843000000000002,-0.0031005999999999998,0.00044440000000000039,-0.0039897000000000005,-0.0032001,0.00063969999999999999,-0.0011654000000000005,0.0027905,-0.00026289999999999994,0.00066429999999999994,-0.00063370000000000006,0.0003307999999999998,-0.0025926999999999999,0.0008698,-0.0022367000000000003,0.00039669999999999994,-0.0016026999999999999,-0.00085969999999999992,1.1099999999999999e-05,-0.00064170000000000004,-0.00084000000000000014,-0.00029379999999999977,-8.5099999999999954e-05,-0.00049100000000000012,0.0018763000000000002,-0.0006131000000000001,0.00076520000000000006,-0.00018959999999999981,0.0011593999999999999,0.0016231999999999996,-0.00026230000000000009,0.00073070000000000003,-0.00043140000000000008,0.0017229999999999997,-0.0021586999999999999,0.0016291000000000001,0.00019339999999999993,-0.0006938999999999999,-0.00021920000000000012,-0.00096520000000000004,0.0016207999999999999,-0.0010067000000000001,-0.00013579999999999999,0.00044210000000000028,-2.2600000000000116e-05,-0.0010584000000000001,0.00017619999999999995,-9.6699999999999911e-05,-0.00059840000000000002,-1.1900000000000018e-05,-0.00082410000000000014,0.0015651999999999997,0.00060920000000000006,-0.00048569999999999993,0.00059240000000000009,-0.0022488,-0.0009352999999999998,-0.00056450000000000022,0.0012143,0.00047169999999999992,0.0010854999999999999,0.00026459999999999993,0.0029602999999999999,-0.00018929999999999989,-0.00057030000000000004,0.0022139999999999998,-0.0016870000000000001,0.0012209999999999999,0.00013399999999999992,-0.00072459999999999972,0.0010084,-0.0013079000000000001,-0.0024158000000000001,0.0018470000000000001,0.00060849999999999999,-0.00010459999999999983,-0.0010686999999999997,0.0012099000000000001,0.0036804000000000003,-0.0038082000000000003,0.00062219999999999984,-0.0057961000000000002,-0.0033087000000000004,-0.00077309999999999966
aug_between_class_right_pair0002_child07,TLE,1,1,Augmented,0,0,0,0,0,0.25361339999999999,1.9191586,7.9999999999999996e-07,-9.9999999999999995e-07,8.0000000000000007e-07,0.9254732,0,0.028028999999999998,-0.1431798,0.037240599999999999,0.0747168,-0.057887399999999999,0.059730399999999996,-0.0017972000000000005,0.0029445999999999995,-0.012746599999999999,-0.059309000000000001,0.35585480000000003,-0.09533599999999999,0.023741800000000004,0.023973799999999997,0.023575199999999998,-0.020200800000000001,-0.0058472000000000003,-0.049452000000000003,0.024287199999999998,0.013959600000000001,-0.058450799999999997,0.0026350000000000002,-0.095545600000000008,0.0059641999999999994,0.042483,-0.017044,0.0219308,0.0055523999999999999,-0.034470000000000001,0.033044999999999998,-0.068068000000000004,-0.0033393999999999993,0.081560800000000003,-0.011494000000000001,0.19484760000000001,-0.047677799999999999,0.0092682000000000007,-0.0039455999999999996,-0.0038393999999999998,-0.017591200000000001,0.0043924000000000003,0.041420600000000002,-0.00032839999999999996,-0.0049557999999999998,-0.0093278000000000007,-0.021656599999999998,0.016850799999999999,0.0136782,0.025175400000000001,0.0073670000000000012,-0.0013723999999999993,0.0063069999999999992,0.0023420000000000003,-0.0352646,0.0027502,0.0042620000000000002,0.0024576000000000008,0.020593,-0.088481799999999999,0.0043663999999999994,-0.030575400000000003,-0.005203000000000001,-0.0024458000000000014,-0.0040842000000000005,0.0031862000000000001,0.015889200000000003,0.0071300000000000009,0.0031132,-0.015540200000000002,0.0036683999999999996,0.012520200000000002,-0.0045767999999999998,0.0056360000000000004,0.001039,-0.0091151999999999987,-0.0010939999999999999,0.0075335999999999997,0.00050359999999999988,-0.0119454,-0.017067800000000001,0.0207688,-0.0123266,-0.0061475999999999996,-0.010400599999999999,0.0043694000000000007,-0.00086959999999999989,-0.0095518000000000009,0.0011028000000000001,0.0027136,-0.0094473999999999999,0.0098662000000000003,0.0083990000000000002,0.0063006,0.011028199999999998,-0.009613,0.001045400000000001,-0.00093740000000000013,-0.0021023999999999999,-0.0045636000000000001,0.011724200000000001,-0.0066509999999999998,0.00065360000000000071,-0.00031499999999999985,0.0036863999999999998,-0.0056982000000000005,-0.0018270000000000001,0.0084098000000000003,0.0050142000000000008,0.0040347999999999998,0.0033984000000000002,0.0072633999999999997,-0.0039413999999999994,0.0065607999999999994,-0.010266400000000002,0.0089978000000000002,-0.0045822000000000007,0.00081980000000000074,0.0042737999999999995,-0.0066600000000000001,0.0076918000000000004,-0.020257000000000001,0.0006079999999999996,0.0039156,-0.0017605999999999993,-0.0098098000000000005,-0.0079524000000000001,-0.024158200000000001,0.00098499999999999976,-0.015384200000000001,-0.0029677999999999996,0.0014524000000000004,0.0016518000000000001,0.0060932000000000017,-0.00054199999999999995,-0.010371200000000001,-0.0016244,-0.0012455999999999999,-0.0035886000000000008,-0.0016605999999999999,0.0022691999999999999,-0.0029478000000000004,0.00037059999999999979,-0.0048181999999999999,0.0023930000000000002,0.0034307999999999999,0.0010018000000000002,0.0045038000000000005,0.0034220000000000001,-0.0016640000000000001,-0.0015692000000000004,0.0015108000000000003,0.0010484000000000003,-0.0042719999999999998,-0.00078539999999999968,0.0060029999999999997,0.0030783999999999998,0.00078179999999999992,-0.0036351999999999999,-0.0031694000000000002,-0.0059172000000000001,-0.0017324000000000003,-0.011011200000000001,0.00012339999999999964,-0.0014376000000000011,0.0119898,-0.00010559999999999996,-0.0070775999999999999,-0.0018223999999999998,0.0025012000000000003,-2.4600000000000273e-05,-0.0041735999999999995,0.0016465999999999989,-0.0029127999999999992,-0.00032480000000000009,-0.021141400000000001,0.0076534000000000003,-0.0014800000000000002,0.0017107999999999993,0.012011000000000001,0.0026112000000000002,0.00034500000000000004,0.0016090000000000002,0.00068319999999999969,-0.00073980000000000031,0.00055519999999999994,-0.00026420000000000003,-0.0016805999999999998,-0.0029491999999999999,0.00051379999999999991,0.0035602000000000003,-0.0020223999999999997,-0.0022041999999999999,0.0036661999999999997,-0.0028324000000000001,-0.0011123999999999999,-0.0018277999999999997,-0.0017618000000000004,0.0030395999999999999,-0.00033759999999999997,0.0014445999999999999,0.0039861999999999996,-0.0030048000000000002,-0.00082139999999999991,0.0051608000000000001,0.0026976000000000001,-0.00069699999999999992,-0.00053219999999999982,0.007182,0.0010050000000000003,-0.0052374000000000006,0.0030977999999999999,-0.0024954,-0.0072021999999999997,-0.0021308,0.0096635999999999996,-0.0016708000000000001,-0.0034342000000000001,0.0024702000000000005,-0.0018359999999999995,-0.0015881999999999995,-0.00045780000000000039,-0.00073040000000000019,-0.0051410000000000006,0.002977,-0.0026732000000000006,-0.0038696000000000004,-0.014072399999999999,0.0026073999999999997,-0.013272200000000001,0.00065400000000000093,-0.0089830000000000014,0.0020403999999999999,-0.0011222000000000001,-0.0010326000000000003,-0.0048498000000000005,-0.00075920000000000002,-0.0011346000000000001,-0.00085760000000000003,0.00078260000000000005,-0.0026045999999999999,-0.0025561999999999998,-0.00060400000000000004,0.0027434,0.0017512000000000001,8.1200000000000022e-05,0.00089039999999999996,0.0015780000000000002,0.00052559999999999998,0.0025414000000000001,-0.0018418,0.0023717999999999999,0.0014137999999999998,0.00053679999999999993,0.0028218000000000002,-0.0039010000000000004,0.0024266000000000001,0.0012313999999999999,0.0011489999999999998,-0.00084400000000000002,0.0031611999999999999,0.0040195999999999999,0.0030837999999999998,-0.0011854000000000001,0.0029437999999999999,-0.00079439999999999979,-3.7799999999999835e-05,0.00069320000000000059,-0.00038379999999999995,-0.0023530000000000001,-0.0011059999999999998,0.0023377999999999997,-0.0018493999999999997,0.00055140000000000007,-0.0029261999999999999,0.0017751999999999996,-0.003399000000000001,8.419999999999977e-05,-0.001701,-0.0021946000000000005,-0.0020530000000000001,0.0020254000000000001,-0.0030842,-0.00072179999999999987,0.00069160000000000055,-0.0040496000000000004,-0.00040039999999999954,-0.0084513999999999995,0.00091639999999999983,-0.00051360000000000002,-9.7999999999999956e-05,0.0018540000000000002,0.0028609999999999998,-0.00072619999999999976,-0.0015100000000000001,0.00060260000000000001,0.00097079999999999996,0.00043839999999999981,0.0024226,-0.00038739999999999988,-0.0022888000000000001,0.0013832,0.0013129999999999999,0.00018919999999999994,-0.0013918000000000001,-0.00044519999999999993,0.0034672000000000001,0.0010362000000000001,-0.00038299999999999999,0.00096580000000000006,-0.0011572000000000002,0.00034999999999999983,0.00029899999999999979,-0.0033508000000000001,0.0005847999999999999,-3.8199999999999953e-05,-0.0021343999999999998,0.0020842,-0.0014308000000000001,-0.0015090000000000004,0.00010920000000000005,-0.0045572000000000008,-0.0027958000000000002,0.0022403999999999996,0.0022656000000000004,0.0026186,0.0021168000000000003,0.0031417999999999993,0.0016545999999999998,-7.0000000000000617e-06,8.0799999999999958e-05,0.0010388000000000001,-0.0023210000000000001,0.0053261999999999997,0.0036604000000000003,-0.00062239999999999995,0.00019259999999999991,-0.00086439999999999998,-0.0038180000000000002,-0.0010271999999999998,-0.0003288000000000004,-0.0042040000000000003,0.0026008000000000003,-0.0040669999999999994,1.2399999999999868e-05,-0.0028156000000000001,0.0052054000000000007,0.0080835999999999998,-0.0027239999999999999,0.0042914000000000008,-0.0022643999999999989,-0.0046486000000000001,-0.0004127999999999999,0.00092080000000000005,5.3399999999999889e-05,0.0006150000000000001,0.0018630000000000005,-0.0016513999999999999,0.00016819999999999997,-0.00075100000000000015,8.0400000000000084e-05,0.0013276,0.00034680000000000003,-0.0022507999999999998,0.0014362000000000001,-0.0010994000000000004,0.0013587999999999999,-2.4400000000000159e-05,0.00082100000000000022,-0.0021256000000000001,0.0020200000000000001,-0.00061920000000000009,-0.00044820000000000005,0.00051920000000000004,-0.0016998,-0.00068099999999999996,-0.0032462000000000003,-0.00083940000000000013,-0.00018420000000000001,0.0015273999999999999,-0.0020698000000000001,0.0010131999999999999,-0.0017811999999999997,0.00088499999999999994,0.0018885999999999998,0.00040519999999999993,0.0010544,-0.0010774000000000001,0.0033218000000000002,-0.00079299999999999987,0.0032735999999999998,-0.00059839999999999991,-0.00065699999999999982,0.00032420000000000018,0.00048020000000000002,0.0012434,0.00039399999999999982,-0.0030442000000000004,0.0030080000000000011,0.0021650000000000003,-0.00014099999999999985,-0.00050000000000000001,-0.0029309999999999996,0.0020912000000000001,0.0039687999999999998,-0.0034755999999999997,-0.0012155999999999998,0.00074139999999999991,4.4800000000000005e-05,0.0016492000000000004,0.0020206,0.002294,0.0026641999999999998,-0.0032243999999999997,0.00023060000000000008,-0.0044267999999999998,-0.0027733999999999997,0.0010468000000000001,-0.00069159999999999979,0.0026039999999999995,-0.00024760000000000006,0.00072219999999999999,-0.00066980000000000013,0.00042019999999999991,-0.0025918,0.00073919999999999997,-0.0021827999999999999,0.00058980000000000013,-0.0015937999999999998,-0.00090079999999999999,-0.00012160000000000014,-0.00072280000000000022,-0.00087700000000000007,-0.0006732000000000001,-0.00023240000000000007,-0.00033399999999999988,0.0016391999999999999,-0.00035739999999999996,0.00054479999999999991,-0.00039940000000000006,0.0011006,0.0017527999999999999,-0.00013719999999999992,0.00073579999999999989,-0.00051760000000000011,0.002029,-0.0020768000000000002,0.0015133999999999998,0.0004146000000000001,-0.00068360000000000003,-0.00022380000000000002,-0.0010178000000000001,0.0017612000000000001,-0.0010368,-0.00011720000000000003,5.1400000000000057e-05,0.00025560000000000014,-0.0010996000000000003,0.00013279999999999998,-0.00024280000000000005,-0.0005176,-1.5600000000000054e-05,-0.00060539999999999986,0.0017478000000000001,0.00047379999999999992,-0.00066279999999999985,0.00026959999999999983,-0.0021922000000000001,-0.0010562,-0.00048399999999999995,0.0013472,0.00060879999999999994,0.0012640000000000001,6.3399999999999806e-05,0.0028771999999999999,-0.00037320000000000007,-0.00046719999999999997,0.0021009999999999996,-0.0014359999999999998,0.00090099999999999989,0.00021699999999999999,-0.0010514000000000001,0.00088059999999999994,-0.0012376000000000002,-0.0019611999999999997,0.0013629999999999996,0.00073099999999999977,-0.00028739999999999994,-0.0012288000000000004,0.0009505999999999998,0.0034026,-0.0034237999999999994,0.0008068000000000001,-0.0058554000000000002,-0.0030858000000000001,-0.00080639999999999987
aug_between_class_right_pair0002_child08,TLE,1,1,Augmented,0,0,0,0,0,0.24773270000000003,1.9213733000000002,8.9999999999999996e-07,-9.9999999999999995e-07,9.0000000000000007e-07,0.92412860000000008,0,0.028142,-0.1423159,0.037017300000000003,0.076921900000000001,-0.058988700000000005,0.058533700000000001,-0.0031001000000000002,0.0021727999999999999,-0.0107838,-0.060277499999999998,0.3539059,-0.092763999999999999,0.024954900000000006,0.021669399999999998,0.024203099999999998,-0.020435399999999999,-0.0059405999999999999,-0.049912499999999999,0.023355600000000001,0.012940299999999998,-0.059771400000000002,0.003019,-0.096827800000000006,0.0049740999999999987,0.042217999999999999,-0.016926500000000001,0.022402899999999996,0.0047837000000000001,-0.033907,0.033646000000000002,-0.070397000000000001,0.00070780000000000148,0.079824900000000004,-0.011005499999999998,0.19552030000000001,-0.047020400000000004,0.0092715999999999996,-0.0038717999999999999,-0.0033772000000000003,-0.018688099999999999,0.0050141999999999999,0.0409488,-7.2700000000000195e-05,-0.0050283999999999997,-0.0083133999999999986,-0.021995299999999999,0.0171054,0.013323099999999999,0.0243057,0.0066285000000000007,-0.0010941999999999992,0.0052700000000000004,0.0018519999999999995,-0.035355299999999999,0.0023901,0.0050415,0.0029613000000000005,0.020108000000000001,-0.087609899999999991,0.0045342000000000004,-0.030399700000000002,-0.0048269999999999997,-0.0042299,-0.0044716000000000001,0.0034816000000000001,0.015915600000000002,0.0075625000000000006,0.0031241000000000003,-0.016594600000000001,0.0033386999999999996,0.013281100000000001,-0.0041628999999999998,0.0061165000000000004,0.00073449999999999991,-0.0084836000000000009,-0.0013985,0.0071288000000000002,0.00041229999999999999,-0.012005700000000001,-0.017006899999999998,0.020792400000000003,-0.011602299999999999,-0.0060892999999999997,-0.0116268,0.0043682,-0.00058230000000000001,-0.0101014,0.0013229000000000001,0.0030817999999999991,-0.0087542000000000002,0.010227099999999999,0.0063424999999999992,0.0060942999999999995,0.0095625999999999975,-0.0099655000000000004,0.0024327000000000003,-0.0011367,-0.0020597000000000002,-0.0045018000000000002,0.0116366,-0.0067159999999999997,-9.4700000000000079e-05,-0.00015300000000000003,0.0035501999999999999,-0.0059186000000000004,-0.0019355000000000002,0.0084078999999999994,0.0046805999999999992,0.0037488999999999999,0.0040377,0.0075266999999999999,-0.0040492000000000002,0.0063704,-0.010987700000000001,0.0082754000000000005,-0.005181100000000001,0.0017073999999999987,0.0043639000000000004,-0.0066169999999999996,0.0080739000000000002,-0.020536500000000003,0.00028399999999999996,0.0030467999999999997,-0.0015332999999999996,-0.010326400000000001,-0.0076162000000000001,-0.024375600000000001,0.00083149999999999891,-0.015265600000000001,-0.0022608999999999997,0.0020057,0.0014543999999999998,0.0074336000000000011,-0.00058449999999999995,-0.011167600000000003,-0.0016356999999999999,-0.0012683,-0.0041158000000000011,-0.0015398,0.0018925999999999999,-0.0032724,1.7999999999999353e-06,-0.0048030999999999994,0.0028600000000000001,0.0037399,0.0010459000000000002,0.0052519000000000003,0.0034870000000000001,-0.0018400000000000001,-0.0023551000000000006,0.0015274000000000002,0.0015456999999999999,-0.0032590000000000006,-0.00015820000000000027,0.0061405000000000001,0.0027842000000000001,0.00079139999999999994,-0.0039510999999999999,-0.0038972,-0.0059090999999999996,-0.0021811999999999999,-0.010423099999999999,-2.6800000000000435e-05,-0.0019443000000000008,0.0116279,-0.00093829999999999955,-0.0069647999999999993,-0.0016371999999999999,0.0017810999999999999,-0.0010943000000000005,-0.0041957999999999995,0.00051229999999999939,-0.0020619000000000002,-0.0006628999999999999,-0.0221272,0.0077937000000000015,-0.0016629999999999998,0.0013304000000000007,0.012034,0.0017491000000000002,0.00052050000000000013,0.0014935,0.00063860000000000002,-0.00077390000000000011,0.00039710000000000006,-0.00037910000000000005,-0.0018802999999999999,-0.0029371000000000002,0.00042139999999999994,0.0037836000000000002,-0.0021232,-0.0017545999999999996,0.0036595999999999998,-0.0032371999999999995,-0.0012681999999999999,-0.0020813999999999997,-0.0018864000000000003,0.0028717999999999999,-0.00020280000000000016,0.0013633,0.0041456000000000002,-0.0030319000000000001,-0.0003392,0.0052488999999999999,0.0027953000000000001,-0.00044549999999999982,-0.0010460999999999997,0.0072705000000000001,0.0010275000000000002,-0.0054006999999999996,0.0032839000000000002,-0.0024302,-0.0073906000000000006,-0.0019689,0.0093383000000000008,-0.0017359000000000001,-0.0036346,0.0028091000000000001,-0.002395,-0.0012950999999999996,-0.00058189999999999978,-0.0013707000000000001,-0.0056300000000000005,0.0031985,-0.0028616000000000002,-0.0048187999999999981,-0.014196199999999999,0.0023926999999999998,-0.014095600000000002,0.0013160000000000003,-0.0090259999999999993,0.0020397000000000002,-0.0011226000000000001,-0.0012798000000000002,-0.0052323999999999999,-0.00092909999999999998,-0.0013878,-0.0010247999999999998,0.00074929999999999984,-0.0026427999999999994,-0.0024326,-0.00077300000000000014,0.0028986999999999997,0.0013156000000000001,7.4100000000000012e-05,0.00079769999999999971,0.0015805000000000001,0.00036280000000000004,0.0028627000000000001,-0.0018164000000000001,0.0027504000000000001,0.0011113999999999998,0.00042689999999999991,0.0029629000000000001,-0.0046240000000000005,0.0030207999999999997,0.0011692,0.0017515000000000005,-0.0011410000000000001,0.0032266,0.0040063,0.0030428999999999999,-0.0011432,0.0032098999999999999,-0.00068569999999999981,7.7600000000000043e-05,0.00054660000000000038,-0.00057439999999999987,-0.0028149999999999998,-0.0013625000000000004,0.0023054,-0.0014022000000000001,0.00069120000000000032,-0.0029610999999999999,0.0014700999999999998,-0.0041680000000000007,-0.00021390000000000037,-0.001583,-0.0024932999999999999,-0.0018690000000000002,0.0019242,-0.0034595999999999997,-0.00032839999999999996,0.00032330000000000032,-0.0045413000000000007,-0.00045319999999999952,-0.0077096999999999999,0.0007402000000000001,-0.00046779999999999999,-3.9999999999999983e-05,0.0019629999999999999,0.0028209999999999997,-0.00075009999999999986,-0.0016925,0.00076829999999999997,0.00089339999999999992,0.00045119999999999991,0.0024173000000000003,-0.00053219999999999993,-0.0021694000000000001,0.0015426000000000001,0.0013545000000000002,-3.6400000000000017e-05,-0.0014849000000000002,-0.00029659999999999995,0.0035700999999999997,0.0010250999999999999,-0.0003525,0.0010379,-0.0013131000000000002,0.0005899999999999996,0.0002540000000000001,-0.0035368999999999999,0.00058839999999999999,0.00010190000000000004,-0.0024166999999999999,0.0018200999999999998,-0.0014644,-0.0017855000000000002,0.0001026,-0.0045476000000000006,-0.0027743999999999998,0.0024771999999999997,0.0025027999999999999,0.0027332999999999997,0.0020814000000000002,0.0029189000000000003,0.0017717999999999998,-0.00028600000000000023,-0.00021310000000000003,0.0013844,-0.0024605,0.0055516000000000003,0.0034987000000000004,-0.00044419999999999985,0.00011179999999999998,-0.00092769999999999994,-0.0038189999999999999,-0.00074559999999999991,-0.00080439999999999982,-0.0045050000000000003,0.0024709000000000003,-0.0038530000000000001,-0.00029780000000000008,-0.0029488000000000001,0.0054326999999999995,0.0079792999999999999,-0.0024754999999999998,0.0042401999999999995,-0.0032742000000000005,-0.0045858000000000001,-0.00026289999999999994,0.0010058999999999999,-9.2800000000000196e-05,0.00064950000000000001,0.0020100000000000001,-0.0016427000000000002,0.00026259999999999993,-0.00082049999999999983,0.00017170000000000008,0.0013707999999999999,0.00040540000000000004,-0.0021263999999999996,0.0013981000000000002,-0.0012517000000000001,0.0011938999999999999,0.00012129999999999953,0.00079900000000000012,-0.0021868,0.0020825000000000001,-0.0010281000000000001,-0.00052610000000000005,0.00026659999999999998,-0.0015958999999999999,-0.0007000000000000001,-0.0032075999999999997,-0.0011817000000000002,-0.00012359999999999997,0.0016232,-0.0021433999999999997,0.00089560000000000009,-0.0016795999999999998,0.00099349999999999981,0.0020042999999999997,0.00063210000000000002,0.0010027,-0.0011261999999999999,0.0033533999999999999,-0.00057249999999999998,0.0033798000000000001,-0.00034669999999999992,-0.00059199999999999975,0.00074460000000000021,0.00048660000000000006,0.0011267,0.00058950000000000018,-0.0029981000000000001,0.003065,0.0022669999999999999,5.0499999999999981e-05,-0.00076550000000000012,-0.0031154999999999998,0.0017640999999999998,0.0041823999999999993,-0.0035513000000000003,-0.0014547999999999996,0.00082919999999999999,-3.0599999999999985e-05,0.0018831,0.0018672999999999999,0.0024784999999999998,0.0024440999999999998,-0.0033482,1.6799999999999975e-05,-0.0048639000000000009,-0.0023467000000000002,0.0014539000000000002,-0.00021779999999999998,0.0024174999999999999,-0.00023229999999999995,0.00078010000000000004,-0.00070590000000000019,0.00050960000000000003,-0.0025909000000000001,0.00060859999999999994,-0.0021289,0.0007829,-0.0015849,-0.00094189999999999986,-0.00025430000000000006,-0.00080390000000000019,-0.00091399999999999977,-0.0010525999999999999,-0.00037970000000000007,-0.00017699999999999991,0.0014021000000000001,-0.00010169999999999998,0.00032439999999999997,-0.00060919999999999995,0.0010417999999999998,0.0018823999999999996,-1.2099999999999969e-05,0.00074089999999999996,-0.00060379999999999993,0.0023350000000000003,-0.0019949,0.0013977,0.00063580000000000006,-0.00067329999999999994,-0.00022840000000000002,-0.0010704000000000002,0.0019015999999999998,-0.0010669000000000002,-9.8600000000000011e-05,-0.00033930000000000028,0.00053379999999999996,-0.0011408000000000002,8.939999999999995e-05,-0.00038890000000000002,-0.00043679999999999999,-1.9299999999999981e-05,-0.00038669999999999991,0.0019303999999999999,0.00033839999999999993,-0.00083989999999999998,-5.3199999999999992e-05,-0.0021356000000000001,-0.0011770999999999999,-0.0004035000000000001,0.0014800999999999998,0.00074589999999999997,0.0014425,-0.0001378000000000001,0.0027940999999999999,-0.00055710000000000004,-0.00036410000000000001,0.0019879999999999997,-0.0011849999999999999,0.00058099999999999992,0.00030000000000000003,-0.0013782,0.00075279999999999987,-0.0011673,-0.0015065999999999999,0.00087900000000000001,0.00085349999999999998,-0.00047019999999999983,-0.0013888999999999998,0.00069129999999999994,0.0031248000000000001,-0.0030393999999999994,0.00099140000000000014,-0.0059147000000000002,-0.0028628999999999998,-0.00083969999999999965
aug_between_class_right_pair0003_child01,Healthy,0,0,Augmented,0,0,0,0,0,0.3094459,2.0156980999999998,1.1000000000000001e-06,-1.7999999999999999e-06,1.0000000000000002e-07,1.0049520999999999,0,0.045525599999999999,-0.1173839,0.0256353,0.091505599999999992,-0.089927799999999988,0.076117900000000002,-0.012210500000000001,-0.0087040999999999993,-0.0193978,-0.098494299999999993,0.29319210000000001,-0.069484599999999994,0.0196916,0.053899500000000003,0.014157100000000002,-0.016937399999999998,-0.0045558999999999999,-0.0394978,0.018054400000000002,0.0166093,-0.042659599999999999,0.0038747999999999999,-0.096671300000000002,0.014674099999999999,0.048663499999999998,-0.024070399999999999,0.021962599999999999,0.0085690999999999996,-0.056570599999999999,0.032953299999999998,-0.0476911,-0.0224865,0.084367300000000006,-0.018736599999999999,0.18114940000000002,-0.051620199999999998,0.0060876999999999997,-0.0035125,-0.0109801,-0.0086876999999999996,0.013080600000000001,0.039217100000000005,0.0050880000000000005,-0.0050939999999999996,-0.0114384,-0.016332699999999999,0.0024995999999999994,0.0295103,0.0186727,0.0085596000000000005,0.0042987000000000008,0.0060796000000000001,0.00053680000000000047,-0.031334399999999998,-0.0086944000000000014,0.0046194000000000009,-0.017092100000000002,0.016521099999999997,-0.093184500000000003,0.0104539,-0.030822099999999998,-0.0061004000000000006,-0.010675100000000002,-0.0014606,0.001372,0.018319200000000001,-0.0021003000000000003,0.0079360000000000003,-0.0104092,0.0107403,0.014234100000000001,-0.0066016,0.00062470000000000017,0.0032605999999999998,-0.013300099999999999,0.0036434999999999996,0.014407,0.0081391999999999992,-0.010385,-0.027100799999999998,0.018389799999999998,-0.030827999999999998,-0.0049253999999999999,-0.0080894000000000001,0.0123812,-0.0044956000000000006,-0.0058969000000000001,-0.0049595000000000004,-0.0051803000000000023,-0.024977600000000003,0.0084026999999999991,0.017973999999999997,0.020057200000000004,0.017668000000000003,-0.029754599999999999,-0.00079349999999999993,-0.0019918999999999996,0.0024781999999999998,-0.0073131000000000003,0.0110542,-0.0083090999999999998,-0.0012506000000000001,-0.0012589000000000001,0.0023720999999999998,-0.0012033,-0.0008738000000000001,0.0073567000000000007,0.0109298,-0.0016020999999999995,0.0055734000000000009,0.011845100000000001,-0.0031790000000000004,0.0048476000000000005,0.0013206999999999993,0.0105551,-0.0034381999999999998,-0.0111342,0.0032456999999999998,0.00044220000000000023,0.0060791999999999999,-0.012154199999999999,-0.0010277999999999999,0.0027134000000000004,0.0014816999999999999,-0.0015939999999999999,-0.016894200000000002,-0.019400500000000001,0.0046759000000000019,-0.0091840000000000012,-0.0094909999999999994,-0.0060437000000000008,-0.0062237999999999998,-0.0023825999999999999,0.013711800000000001,-0.010044200000000001,4.7799999999999969e-05,-0.00021970000000000003,-0.0047434,0.0029803000000000004,-0.0016725000000000002,-0.0053057999999999994,0.00019899999999999996,-0.0050235999999999996,0.0019173,-0.0018736000000000004,0.0028904999999999998,0.0055092000000000006,-0.00055880000000000003,-0.0040642999999999999,0.0058967000000000012,-0.0021912000000000004,0.0027242999999999998,-0.0086005999999999999,0.0013329000000000001,-0.00038910000000000073,0.0044885000000000003,-0.0012575000000000002,0.0029287000000000011,-0.0022009999999999998,-9.3999999999996864e-06,0.0016944999999999998,-0.017365800000000001,0.0013948999999999999,0.001755,0.012771100000000001,-0.0014965000000000004,-0.0012050999999999997,0.0020482999999999999,0.0100313,0.00090240000000000003,0.0034637000000000005,-0.0021478000000000009,-0.00060849999999999967,-0.0023148999999999999,-0.012095100000000001,0.0089037000000000005,0.0035357999999999995,0.009902600000000001,0.00083130000000000009,-0.0021116999999999998,-0.0016386999999999999,0.00079159999999999994,-0.00066780000000000008,-0.0012893000000000002,-0.0012755000000000002,0.0011123000000000001,-0.0015990000000000002,-0.0024870000000000001,0.0039795999999999998,0.0025693000000000001,-0.00189,-0.00093090000000000013,-0.00040800000000000005,0.00029920000000000001,-0.0029934000000000002,-0.0039069999999999999,0.00073230000000000007,0.0010097999999999997,-0.0010983999999999998,-0.0003901,0.002614,-0.0018966999999999999,-0.0022025999999999999,0.0018478000000000001,0.0069622,-0.0008230999999999999,0.0052147999999999995,0.0058840999999999997,0.0018612000000000004,0.0010360999999999999,0.0044128000000000006,-0.004097400000000001,-6.7699999999999965e-05,-0.0016003000000000002,0.0065322999999999996,-0.0017357000000000002,-0.0028929000000000003,0.0038368,0.0035792000000000003,-0.0051695999999999999,0.0027558999999999999,-0.0045037999999999996,-0.0039781999999999994,0.0024822000000000004,-0.0048918,-0.0014211000000000002,-0.0077040999999999993,-0.0038975000000000008,-0.012119399999999999,-0.00053359999999999996,-0.0072838,0.001464,-0.0019346000000000001,-0.0012879000000000002,-0.0010196999999999999,-0.0010419000000000001,-0.0016312,0.0011556999999999997,0.0015467000000000007,-0.00031080000000000002,-0.0016676,-0.00041999999999999991,0.0058063000000000003,-0.0015146000000000001,0.0015269999999999997,0.0022276000000000002,0.00094539999999999989,-0.0020701999999999999,0.0045512,-0.0042951000000000005,0.0011183999999999999,-0.00081210000000000006,0.0043652000000000005,0.00014689999999999994,-0.0029662,-6.3000000000000122e-05,0.00077150000000000005,-0.0017764,-0.0019555000000000002,0.0036034000000000001,0.0022620000000000001,0.0043512000000000004,-0.00070119999999999991,0.0045824000000000004,-0.0054634000000000002,0.0028420000000000003,-0.00029119999999999927,0.0021787999999999998,0.00037529999999999996,-0.0001102000000000004,0.00069439999999999997,0.00019450000000000023,-0.0024434999999999999,-0.0024014000000000001,0.0051139999999999996,-0.0018587,0.0060758999999999995,0.00048169999999999984,0.0042057999999999991,-0.00060429999999999989,0.0040796999999999995,0.0017443000000000003,0.0054280000000000005,0.00097529999999999926,0.0017830999999999999,0.0048377000000000003,-0.010396499999999999,0.0043061999999999996,-0.0017214000000000001,0.00061019999999999998,-3.4999999999999983e-05,-0.0013348999999999995,0.0010126,-0.0017516999999999999,0.0007247,0.0016014000000000002,-0.0027713,0.0014393000000000001,0.0012642,6.3999999999999929e-06,0.00064499999999999996,0.0017998999999999999,-0.00047460000000000004,-0.00066300000000000007,-0.0019597000000000004,0.0015099,-0.0029649999999999998,-0.001307,-7.8400000000000063e-05,0.0012266,0.00034040000000000003,-0.0024296000000000001,-0.0028738000000000001,-0.00039999999999999986,0.0012821,-0.00021210000000000001,0.00096690000000000014,-0.0016216,0.0029173999999999997,0.0011811999999999999,-0.0030452000000000005,-0.0017970999999999998,-0.00075569999999999999,-0.0010581,-0.00025890000000000028,0.0028999,0.00061169999999999996,0.0016769,0.00037829999999999993,-0.00064749999999999996,-0.00014860000000000003,-0.0015300000000000001,0.0002329999999999997,0.0046172999999999995,0.0023625,0.00068840000000000025,0.0017410000000000001,-0.0030858000000000001,0.0011646,-0.0037766000000000006,0.0019794000000000001,0.0026696999999999997,0.0026889000000000006,-0.00021999999999999993,0.0032859999999999999,0.0030950000000000001,0.0063022,-0.0055021999999999996,4.2000000000002105e-06,0.0047311000000000002,-0.0034565999999999998,0.00054490000000000007,0.00020790000000000001,-0.00043050000000000011,0.0012645999999999998,-0.00043540000000000001,0.00052590000000000004,0.0010230000000000003,-0.0017665999999999997,0.00022320000000000003,-0.0014943999999999997,0.00097109999999999991,-0.0014169,-0.00074880000000000009,0.00011250000000000002,0.0017340000000000001,-0.0026995000000000001,0.00091419999999999989,-0.0036197,-0.00022269999999999994,-0.00093340000000000003,-0.0013204000000000002,0.0017629,-0.00033169999999999999,-0.0017114999999999999,-0.0015120999999999999,0.0027527000000000003,-0.0018913999999999997,0.0024258999999999999,-0.00096139999999999984,0.0026623000000000003,-0.0031269000000000002,-0.00088250000000000004,-0.0017103000000000008,0.0008899,-0.00043370000000000008,0.0013965000000000002,0.0023432000000000001,-0.0015094000000000002,0.0014867000000000001,0.0028595999999999999,-0.0030305999999999996,-0.00095199999999999994,0.0019632,-0.0026844,-0.00099569999999999997,-0.0021783999999999996,0.00095710000000000001,0.0016325999999999999,-0.0020823,0.00013119999999999999,0.0013215000000000004,-0.0011780000000000002,0.0053362000000000001,-0.0035614000000000002,-0.00017500000000000008,0.0025521000000000003,0.0017320999999999999,-0.000272,0.0013189999999999999,0.0025071,-0.0013357999999999998,0.0015172000000000002,0.0038529999999999997,0.0021199999999999999,-0.0043554000000000006,0.0021168999999999997,0.0010557000000000001,0.0031573,0.0001114,0.0011478999999999999,1.8599999999999991e-05,0.00011459999999999986,-0.0013466000000000001,0.00022499999999999999,-0.0034616,0.00033310000000000002,0.00036279999999999998,0.00030269999999999999,-0.0025607,0.00068120000000000029,-0.0014602999999999999,-0.00040180000000000001,0.0011714,0.00099720000000000017,-0.00027470000000000012,0.00014720000000000008,-0.0010057,-0.00017369999999999997,0.00036010000000000003,0.0013954,0.0014968000000000002,0.00039940000000000006,0.00090090000000000005,0.0010494,-0.00027880000000000005,0.00039610000000000003,0.0016872000000000002,0.00055019999999999993,-7.2199999999999695e-05,0.00057620000000000013,0.00026630000000000002,-0.0019112000000000001,0.0017731999999999997,0.0012244999999999999,-0.00058730000000000002,0.0013099000000000001,-0.0038909000000000001,-0.0014560999999999997,0.0013164000000000001,0.0016841,-0.0021036000000000002,0.0010150000000000001,0.0011358999999999998,-0.00041040000000000022,4.4299999999999938e-05,-0.00082950000000000005,0.00031419999999999989,0.0002053,0.00035089999999999991,-0.0015041,0.0019166000000000001,-0.0019719000000000004,0.0018422999999999998,-0.00099580000000000003,-0.0021326000000000001,0.0027317000000000001,-0.0028472000000000003,-0.00066740000000000007,-0.00052159999999999999,0.00081520000000000008,0.0025621000000000003,-0.0028986000000000003,-0.0008263999999999997,0.0047765999999999998,-0.0022025999999999999,0.0015690000000000001,0.0013161,8.449999999999994e-05,0.0011264000000000001,-0.00017280000000000008,-0.0014939,-0.0017285,-0.0018832999999999999,0.0024363000000000002
aug_between_class_right_pair0003_child02,Healthy,0,0,Augmented,0,0,0,0,0,0.30688579999999999,2.0103771999999998,1.1999999999999999e-06,-1.5999999999999999e-06,1.9999999999999999e-07,0.99391919999999989,0,0.045513200000000004,-0.11668980000000001,0.0279376,0.091914200000000001,-0.087721599999999997,0.076089799999999999,-0.012022000000000001,-0.0066452000000000004,-0.017936599999999997,-0.099063600000000002,0.29210120000000001,-0.076080200000000001,0.019336200000000001,0.055615999999999999,0.011897200000000004,-0.017119799999999998,-0.0052358000000000005,-0.039591600000000005,0.018858800000000002,0.016934600000000001,-0.0447052,0.0044365999999999997,-0.095380599999999996,0.0139452,0.049895000000000002,-0.023448799999999999,0.021616200000000002,0.0091762000000000007,-0.055963200000000005,0.034784599999999999,-0.049222200000000001,-0.022622,0.086055599999999996,-0.020871199999999999,0.17897880000000002,-0.049067399999999997,0.0068294000000000002,-0.0038420000000000004,-0.010824200000000001,-0.0087223999999999982,0.0122582,0.040014200000000007,0.0047540000000000013,-0.0055340000000000007,-0.0109558,-0.018175399999999998,0.0036951999999999992,0.028928600000000002,0.017724400000000001,0.0089122000000000003,0.0031304000000000002,0.0059161999999999999,-2.1399999999999544e-05,-0.032857800000000006,-0.0088668000000000028,0.0052708,-0.016281199999999999,0.017626199999999995,-0.091617000000000004,0.0098968000000000025,-0.029847200000000001,-0.0063648000000000003,-0.012098199999999998,-0.0016542,0.0016820000000000001,0.018217399999999998,-0.0011235999999999989,0.0072690000000000003,-0.010925400000000002,0.0103176,0.0142262,-0.0063822000000000002,0.00071739999999999977,0.0029372000000000001,-0.013883199999999998,0.0033999999999999998,0.013498000000000001,0.0075903999999999998,-0.010266000000000001,-0.0262446,0.0190496,-0.029464999999999998,-0.0051377999999999997,-0.0085477999999999995,0.0126284,-0.0041162000000000004,-0.0059178,-0.0041289999999999999,-0.0053626000000000021,-0.023603199999999998,0.0075994000000000009,0.017517999999999999,0.020557400000000003,0.017451000000000001,-0.028595200000000001,-2.7000000000000114e-05,-0.0018118000000000001,0.0022704000000000005,-0.0068102000000000006,0.0111784,-0.0078122,-0.0011472000000000001,-0.0014608000000000002,0.0027261999999999998,-0.0013636,-0.0012996000000000001,0.0074434000000000002,0.0102106,-0.0012512000000000009,0.0055818000000000013,0.011542200000000001,-0.0031849999999999999,0.0047532,0.00053240000000000058,0.0103462,-0.0033714000000000001,-0.0101934,0.0041733999999999999,0.00061540000000000076,0.0063474000000000004,-0.0119104,-0.0011326000000000003,0.0021688000000000002,0.0013534000000000003,-0.0015489999999999998,-0.016361400000000002,-0.019765999999999999,0.0040118000000000011,-0.0093769999999999999,-0.0085089999999999992,-0.0053644000000000001,-0.0061406000000000004,-0.0025371999999999999,0.012735600000000001,-0.0102144,1.4599999999999921e-05,-9.1400000000000026e-05,-0.0050277999999999998,0.0031036000000000002,-0.0011430000000000006,-0.0049046000000000003,0.00041499999999999995,-0.0050311999999999996,0.0023996,-0.0016652000000000004,0.0026909999999999998,0.0056004000000000002,-0.00023360000000000004,-0.0041846000000000001,0.0059724000000000001,-0.0013294000000000003,0.0028665999999999995,-0.0082411999999999989,0.0011218000000000005,9.5799999999999184e-05,0.0036350000000000002,-0.001139,0.0027114000000000001,-0.0028939999999999999,-0.00078879999999999922,0.0017099999999999997,-0.016630599999999999,0.0014797999999999999,0.0020439999999999998,0.0130382,-0.0013279999999999993,-0.0014961999999999996,0.0022455999999999999,0.010020600000000001,0.00022979999999999984,0.0034074000000000005,-0.0023746000000000001,-0.00070600000000000003,-0.0021118000000000005,-0.0133262,0.0091263999999999998,0.0035716000000000003,0.0094612000000000012,0.0016695999999999994,-0.0017803999999999999,-0.0014054,0.00084019999999999993,-0.00055659999999999998,-0.00075460000000000002,-0.0009850000000000002,0.0011486000000000001,-0.0015299999999999999,-0.0024159999999999997,0.0035772,0.0025875999999999998,-0.0019989999999999999,-0.0011488000000000002,-0.00039800000000000002,0.00023139999999999999,-0.0030467999999999997,-0.0039239999999999995,0.00033260000000000006,0.00025559999999999965,-0.0012758000000000001,-7.020000000000008e-05,0.0026919999999999999,-0.0019464,-0.0018061999999999998,0.0024156000000000004,0.0066294000000000006,-0.0012411999999999998,0.0047716,0.0062881999999999999,0.0013064000000000005,0.0014662,0.0045236000000000009,-0.0039278000000000004,0.00026459999999999982,-0.0018046000000000004,0.0064446,-0.0016854000000000001,-0.0029627999999999998,0.0038896,0.0031494000000000005,-0.0048532000000000002,0.0029667999999999999,-0.0042005999999999996,-0.0034403999999999997,0.0026894000000000002,-0.0048636000000000009,-0.0010221999999999996,-0.0075531999999999995,-0.0035739999999999999,-0.0124408,-0.00093019999999999952,-0.0070386000000000008,0.0016099999999999999,-0.0017582000000000001,-0.0014458000000000001,-0.00074540000000000001,-0.0012118000000000001,-0.0011753999999999998,0.0010484000000000001,0.0014084000000000004,-0.00023059999999999997,-0.0019231999999999999,-0.0004149999999999999,0.0056525999999999998,-0.0013472,0.0014369999999999999,0.0021472000000000006,0.00096680000000000008,-0.0021863999999999998,0.0042354000000000003,-0.0041582000000000008,0.00099580000000000003,-0.00087920000000000012,0.0041754000000000001,0.00011279999999999992,-0.0028974000000000001,-0.00012399999999999998,0.00090499999999999999,-0.0015207999999999999,-0.0022770000000000004,0.0035428,0.0023140000000000001,0.0042304000000000005,-0.00052439999999999995,0.0044088,-0.0051028000000000002,0.0026470000000000005,-0.00035440000000000037,0.0021855999999999998,0.00037560000000000002,-0.00011140000000000021,0.00091079999999999991,8.9000000000000103e-05,-0.0019330000000000005,-0.0024827999999999999,0.0045319999999999996,-0.0019294000000000002,0.0058487999999999995,0.00019739999999999992,0.0040775999999999998,-0.00058059999999999969,0.0035283999999999997,0.0015366000000000004,0.0052440000000000004,0.0013255999999999997,0.0019152000000000001,0.0046274000000000003,-0.010439,0.0044483999999999999,-0.0016928000000000002,0.00048939999999999997,6.3000000000000013e-05,-0.00094280000000000015,0.00086420000000000008,-0.0016674000000000001,0.00065539999999999999,0.0016908000000000001,-0.0026566000000000003,0.0015076,0.0012014,-1.420000000000002e-05,0.00071199999999999996,0.0017268000000000001,-0.00033820000000000003,-0.00084800000000000012,-0.0015824000000000001,0.0017878,-0.0026930000000000001,-0.0011299999999999999,-0.00017280000000000008,0.0010812,0.0002628000000000001,-0.0023822000000000001,-0.0031016000000000004,-0.00027400000000000005,0.0010341999999999999,5.880000000000002e-05,0.00099980000000000012,-0.0017052,0.0028268,0.0010904,-0.0030964,-0.0017861999999999999,-0.0009094000000000001,-0.0005981999999999999,0.0001211999999999998,0.0029548,0.00044439999999999996,0.0014368,0.0001385999999999999,-0.0004280000000000001,-0.00024120000000000001,-0.001253,0.00019399999999999973,0.0048915999999999994,0.0027309999999999999,6.180000000000012e-05,0.0018439999999999999,-0.0032475999999999998,0.0011941999999999999,-0.0039582000000000003,0.0017787999999999999,0.0028693999999999998,0.0024887999999999998,-5.4999999999999927e-05,0.0031429999999999995,0.0026540000000000001,0.0061473999999999999,-0.0056154000000000004,0.00060639999999999956,0.0051701999999999998,-0.0036661999999999997,0.00048880000000000017,0.00023879999999999998,-0.00053700000000000015,0.0014112,-0.00014380000000000003,0.00059480000000000004,0.00095900000000000022,-0.0016761999999999997,0.00016140000000000005,-0.0013247999999999999,0.00097919999999999995,-0.0011708000000000001,-0.00060660000000000022,1.9999999999999944e-06,0.0015640000000000001,-0.0025140000000000002,0.00086840000000000018,-0.0036774000000000004,-0.00019840000000000005,-0.00079279999999999997,-0.0012938000000000001,0.0017118000000000003,-0.00040240000000000002,-0.0018159999999999999,-0.0014932000000000001,0.0025804000000000001,-0.0019697999999999998,0.0022557999999999996,-0.00081379999999999994,0.0028946000000000002,-0.0028158000000000002,-0.00088600000000000007,-0.0014926000000000004,0.00054779999999999987,-0.00039440000000000005,0.001358,0.0023823999999999998,-0.0013748000000000002,0.0014404000000000001,0.0025542000000000004,-0.0028241999999999998,-0.0010939999999999999,0.0018184000000000006,-0.0024717999999999997,-0.00071239999999999997,-0.0020677999999999998,0.00085419999999999995,0.0016192000000000001,-0.0019656000000000001,0.00011039999999999995,0.0011490000000000001,-0.0012660000000000002,0.0048183999999999996,-0.0033968000000000002,-0.00048999999999999998,0.0028622000000000001,0.0014621999999999999,0.00020999999999999995,0.001487,0.0024152000000000002,-0.0011225999999999996,0.0012634,0.0036740000000000002,0.0026480000000000002,-0.0045138000000000001,0.0021267999999999999,0.0010984000000000002,0.0018596000000000001,0.00011479999999999997,0.0012458,4.3199999999999993e-05,8.4199999999999987e-05,-0.0011232,0.00031,-0.0032942000000000002,0.00031820000000000004,0.00032560000000000005,0.00042939999999999997,-0.0025214000000000005,0.00055840000000000013,-0.0013506,-0.00029960000000000002,0.0010208000000000001,0.0010904,-0.00017140000000000015,-1.9599999999999961e-05,-0.00080840000000000024,-6.2399999999999999e-05,0.00035820000000000003,0.0012178,0.0012376000000000006,0.00040880000000000007,0.00090079999999999999,0.0010608000000000002,-0.00044459999999999986,0.00028719999999999999,0.0017723999999999999,0.00043639999999999998,-0.00013639999999999985,0.00046540000000000004,0.00021960000000000003,-0.0016694000000000001,0.0015664000000000001,0.001333,-0.00062859999999999999,0.0012228,-0.0034048000000000008,-0.0011711999999999998,0.0011328000000000004,0.0016772000000000002,-0.0021082000000000006,0.00099599999999999992,0.0010257999999999999,-0.00035480000000000006,0.00016360000000000007,-0.0010449999999999999,3.4399999999999969e-05,0.00020259999999999999,0.00037980000000000002,-0.0014702000000000001,0.0017872000000000001,-0.0015898000000000002,0.0021216000000000004,-0.00084360000000000001,-0.0020801999999999999,0.0022994000000000001,-0.0025104000000000003,-0.00078579999999999991,-0.00050920000000000002,0.00052540000000000009,0.0024572000000000001,-0.0025582000000000001,-0.0011327999999999998,0.0045622000000000006,-0.0022981999999999998,0.0013720000000000002,0.0012832,0.00012100000000000001,0.0010937999999999994,-0.00033159999999999982,-0.0018017999999999999,-0.0020050000000000003,-0.0016175999999999999,0.0021286000000000005
aug_between_class_right_pair0003_child03,Healthy,0,0,Augmented,0,0,0,0,0,0.30432570000000003,2.0050563000000001,1.3e-06,-1.3999999999999999e-06,2.9999999999999999e-07,0.98288629999999999,4.1359030627651384e-25,0.045500800000000001,-0.11599570000000001,0.0302399,0.092322799999999997,-0.085515399999999991,0.07606170000000001,-0.0118335,-0.004586299999999998,-0.016475400000000001,-0.099632899999999996,0.2910103,-0.082675799999999994,0.018980800000000003,0.057332500000000002,0.0096373000000000014,-0.0173022,-0.0059156999999999994,-0.039685400000000003,0.019663200000000002,0.017259900000000002,-0.046750799999999995,0.0049984000000000001,-0.094089900000000004,0.0132163,0.051126499999999998,-0.022827199999999999,0.021269799999999998,0.0097833,-0.055355799999999997,0.0366159,-0.050753300000000001,-0.022757500000000003,0.0877439,-0.0230058,0.1768082,-0.046514600000000003,0.0075711000000000007,-0.0041714999999999999,-0.0106683,-0.0087571000000000003,0.011435800000000003,0.040811300000000002,0.0044200000000000003,-0.0059740000000000001,-0.0104732,-0.0200181,0.004890799999999999,0.028346900000000001,0.016776099999999999,0.0092648000000000001,0.0019620999999999996,0.0057528000000000006,-0.00057960000000000129,-0.034381200000000001,-0.009039199999999999,0.0059221999999999999,-0.015470299999999998,0.018731299999999999,-0.090049500000000005,0.0093396999999999977,-0.0288723,-0.0066292000000000018,-0.013521300000000002,-0.0018477999999999997,0.0019919999999999998,0.018115599999999999,-0.00014689999999999842,0.0066019999999999994,-0.011441600000000001,0.0098948999999999999,0.0142183,-0.0061627999999999995,0.00081010000000000023,0.0026137999999999999,-0.0144663,0.0031564999999999996,0.012588999999999999,0.0070415999999999994,-0.010147,-0.025388399999999998,0.019709399999999998,-0.028101999999999995,-0.0053501999999999994,-0.0090061999999999989,0.012875599999999999,-0.0037368000000000002,-0.0059386999999999999,-0.0032985000000000002,-0.0055448999999999984,-0.0222288,0.0067960999999999994,0.017061999999999997,0.021057600000000003,0.017234000000000003,-0.0274358,0.00073950000000000003,-0.0016316999999999998,0.0020625999999999995,-0.0063073000000000001,0.011302600000000001,-0.0073152999999999994,-0.0010438000000000005,-0.0016627,0.0030803000000000002,-0.0015239000000000003,-0.0017254000000000002,0.0075301000000000005,0.0094914000000000005,-0.00090029999999999971,0.0055902,0.011239300000000001,-0.0031910000000000007,0.0046588000000000003,-0.00025590000000000074,0.0101373,-0.0033045999999999996,-0.0092525999999999997,0.0051010999999999999,0.00078859999999999998,0.0066156000000000001,-0.011666599999999999,-0.0012374000000000003,0.0016242000000000001,0.0012251000000000007,-0.0015040000000000001,-0.015828600000000002,-0.0201315,0.0033477000000000003,-0.0095700000000000004,-0.0075269999999999998,-0.0046850999999999993,-0.0060573999999999992,-0.0026917999999999998,0.011759399999999998,-0.010384600000000001,-1.8600000000000018e-05,3.6900000000000016e-05,-0.0053121999999999996,0.0032269,-0.00061350000000000033,-0.0045033999999999994,0.00063100000000000005,-0.0050387999999999995,0.0028818999999999997,-0.0014568000000000003,0.0024914999999999998,0.0056916000000000007,9.1600000000000085e-05,-0.0043048999999999995,0.006048099999999999,-0.0004676000000000002,0.0030088999999999992,-0.0078817999999999996,0.00091069999999999996,0.00058070000000000083,0.0027815000000000001,-0.0010204999999999999,0.0024940999999999991,-0.0035869999999999995,-0.0015682000000000005,0.0017255,-0.015895399999999997,0.0015647,0.002333,0.013305299999999999,-0.0011594999999999991,-0.0017872999999999995,0.0024429,0.0100099,-0.00044279999999999992,0.0033511000000000001,-0.0026013999999999994,-0.00080350000000000039,-0.0019086999999999995,-0.0145573,0.0093491000000000008,0.0036073999999999993,0.0090197999999999997,0.0025079000000000004,-0.0014490999999999998,-0.0011721000000000001,0.00088880000000000003,-0.00044540000000000009,-0.00021990000000000009,-0.0006944999999999998,0.0011849,-0.0014610000000000001,-0.0023449999999999999,0.0031747999999999993,0.0026059,-0.0021080000000000001,-0.0013667000000000002,-0.000388,0.00016359999999999997,-0.0031002,-0.0039409999999999992,-6.7100000000000032e-05,-0.00049860000000000052,-0.0014532,0.00024970000000000005,0.0027699999999999999,-0.0019961000000000002,-0.0014098000000000001,0.0029834000000000002,0.0062966000000000003,-0.0016592999999999998,0.0043283999999999996,0.0066923,0.00075159999999999995,0.0018962999999999996,0.0046344000000000003,-0.0037582000000000002,0.00059690000000000003,-0.0020089000000000001,0.0063569000000000004,-0.0016351,-0.0030327000000000002,0.0039424000000000004,0.0027196000000000004,-0.0045367999999999997,0.0031777000000000003,-0.0038973999999999988,-0.0029026,0.0028966,-0.0048354000000000001,-0.00062329999999999981,-0.0074022999999999997,-0.0032504999999999999,-0.0127622,-0.0013267999999999999,-0.0067933999999999998,0.001756,-0.0015818,-0.0016037,-0.0004710999999999999,-0.0013817,-0.00071959999999999982,0.00094109999999999984,0.0012701000000000001,-0.00015039999999999997,-0.0021788000000000003,-0.00040999999999999999,0.0054989000000000001,-0.0011797999999999997,0.0013469999999999997,0.0020668000000000001,0.00098819999999999984,-0.0023025999999999997,0.0039195999999999996,-0.0040213000000000002,0.00087319999999999997,-0.00094629999999999975,0.0039855999999999997,7.8700000000000124e-05,-0.0028285999999999997,-0.00018500000000000005,0.0010384999999999999,-0.0012652,-0.0025984999999999997,0.0034822,0.002366,0.0041095999999999997,-0.00034760000000000005,0.0042351999999999997,-0.0047422000000000002,0.0024520000000000002,-0.00041759999999999974,0.0021923999999999997,0.00037589999999999998,-0.00011260000000000003,0.0011271999999999999,-1.6499999999999588e-05,-0.0014225000000000002,-0.0025642,0.0039499999999999995,-0.0020000999999999999,0.0056216999999999994,-8.6899999999999998e-05,0.0039493999999999996,-0.00055689999999999993,0.0029770999999999999,0.0013288999999999996,0.0050600000000000003,0.0016759000000000001,0.0020472999999999993,0.0044171000000000002,-0.010481500000000001,0.0045906000000000002,-0.0016642000000000002,0.00036859999999999996,0.00016100000000000001,-0.00055069999999999945,0.00071579999999999994,-0.0015831,0.00058609999999999999,0.0017802,-0.0025418999999999997,0.0015758999999999999,0.0011386,-3.4799999999999979e-05,0.00077899999999999996,0.0016536999999999999,-0.00020180000000000005,-0.0010330000000000001,-0.0012051000000000002,0.0020656999999999997,-0.0024209999999999995,-0.00095299999999999996,-0.00026720000000000004,0.00093579999999999998,0.00018519999999999973,-0.0023347999999999997,-0.0033294000000000002,-0.0001479999999999998,0.00078629999999999998,0.00032969999999999983,0.0010326999999999999,-0.0017887999999999999,0.0027362000000000003,0.00099959999999999979,-0.0031476,-0.0017753000000000001,-0.0010630999999999998,-0.0001383,0.00050129999999999977,0.0030096999999999997,0.00027709999999999985,0.0011967,-0.00010110000000000002,-0.00020849999999999992,-0.00033379999999999993,-0.00097600000000000009,0.00015500000000000019,0.0051658999999999993,0.0030994999999999998,-0.00056479999999999963,0.0019470000000000002,-0.0034093999999999999,0.0012237999999999999,-0.0041397999999999999,0.0015781999999999999,0.0030691,0.0022886999999999994,0.00010999999999999996,0.0029999999999999996,0.0022130000000000001,0.0059925999999999998,-0.0057285999999999995,0.0012085999999999998,0.0056093000000000002,-0.0038757999999999996,0.0004327,0.0002697,-0.00064350000000000019,0.0015577999999999998,0.00014779999999999991,0.00066369999999999982,0.00089499999999999996,-0.0015857999999999996,9.9600000000000009e-05,-0.0011551999999999997,0.00098729999999999977,-0.00092469999999999998,-0.00046440000000000001,-0.00010849999999999993,0.0013939999999999998,-0.0023284999999999998,0.00082259999999999983,-0.0037350999999999999,-0.00017409999999999995,-0.00065220000000000002,-0.0012672,0.0016607,-0.00047310000000000001,-0.0019204999999999999,-0.0014743,0.0024080999999999998,-0.0020481999999999996,0.0020856999999999998,-0.00066620000000000004,0.0031269000000000002,-0.0025046999999999999,-0.00088949999999999999,-0.0012749,0.00020569999999999988,-0.0003550999999999999,0.0013194999999999999,0.0024215999999999999,-0.0012401999999999999,0.0013941000000000001,0.0022488,-0.0026178,-0.0012360000000000001,0.0016736000000000001,-0.0022591999999999994,-0.00042909999999999997,-0.0019571999999999997,0.00075129999999999999,0.0016057999999999999,-0.0018488999999999999,8.9600000000000009e-05,0.00097649999999999972,-0.0013540000000000002,0.0043005999999999999,-0.0032322000000000002,-0.00080499999999999994,0.0031722999999999994,0.0011922999999999999,0.00069200000000000002,0.001655,0.0023232999999999999,-0.00090939999999999988,0.0010095999999999998,0.0034949999999999998,0.0031759999999999991,-0.0046721999999999996,0.0021367000000000001,0.0011410999999999999,0.00056190000000000016,0.00011819999999999995,0.0013437,6.7799999999999995e-05,5.3799999999999898e-05,-0.00089980000000000008,0.00039500000000000001,-0.0031267999999999999,0.0003033,0.00028840000000000002,0.00055610000000000002,-0.0024820999999999997,0.00043560000000000013,-0.0012409000000000001,-0.00019739999999999992,0.00087020000000000001,0.0011835999999999999,-6.8100000000000083e-05,-0.00018639999999999987,-0.00061109999999999995,4.8899999999999942e-05,0.00035630000000000004,0.0010401999999999998,0.00097840000000000015,0.00041819999999999997,0.00090069999999999994,0.0010722000000000001,-0.00061040000000000009,0.00017830000000000016,0.0018575999999999998,0.00032259999999999993,-0.0002006,0.0003546,0.00017289999999999997,-0.0014276,0.0013595999999999999,0.0014415000000000001,-0.00066989999999999997,0.0011356999999999999,-0.0029186999999999998,-0.0008862999999999998,0.00094920000000000009,0.0016703,-0.0021128000000000002,0.000977,0.00091569999999999976,-0.0002991999999999999,0.00028289999999999999,-0.0012605000000000001,-0.0002454,0.00019989999999999998,0.00040870000000000001,-0.0014362999999999997,0.0016578000000000001,-0.0012077000000000001,0.0024009000000000001,-0.0006914,-0.0020278000000000002,0.0018671,-0.0021735999999999999,-0.00090419999999999986,-0.00049679999999999993,0.00023560000000000009,0.0023522999999999999,-0.0022178000000000002,-0.0014391999999999999,0.0043477999999999998,-0.0023937999999999997,0.0011749999999999998,0.0012503,0.00015750000000000009,0.0010612,-0.00049039999999999999,-0.0021096999999999995,-0.0022814999999999997,-0.0013518999999999998,0.0018209000000000001
aug_between_class_right_pair0003_child04,Healthy,0,0,Augmented,0,0,0,0,0,0.30176560000000002,1.9997354000000001,1.3999999999999999e-06,-1.1999999999999999e-06,3.9999999999999998e-07,0.97185339999999998,0,0.045488399999999998,-0.1153016,0.0325422,0.092731400000000005,-0.0833092,0.076033600000000007,-0.011644999999999999,-0.0025274,-0.015014199999999998,-0.10020220000000001,0.28991940000000005,-0.089271400000000001,0.0186254,0.059049000000000004,0.007377400000000001,-0.017484599999999999,-0.0065956000000000001,-0.039779200000000001,0.020467600000000002,0.017585199999999999,-0.048796399999999997,0.0055601999999999995,-0.092799199999999998,0.012487399999999999,0.052358000000000002,-0.022205599999999999,0.020923399999999998,0.010390400000000001,-0.054748400000000003,0.038447200000000001,-0.052284400000000002,-0.022893000000000004,0.089432200000000003,-0.0251404,0.1746376,-0.043961800000000002,0.0083128000000000004,-0.0045009999999999998,-0.0105124,-0.0087917999999999989,0.010613400000000002,0.041608400000000004,0.0040859999999999994,-0.0064140000000000004,-0.0099905999999999988,-0.0218608,0.0060863999999999988,0.0277652,0.0158278,0.0096174000000000016,0.00079379999999999902,0.0055894000000000004,-0.0011377999999999996,-0.035904600000000002,-0.0092116000000000003,0.0065736000000000006,-0.014659399999999998,0.019836399999999997,-0.088482000000000005,0.0087825999999999998,-0.027897399999999999,-0.0068935999999999997,-0.014944400000000002,-0.0020414000000000001,0.0023019999999999998,0.0180138,0.0008298000000000012,0.0059349999999999993,-0.011957800000000001,0.0094722000000000001,0.0142104,-0.0059433999999999997,0.00090280000000000004,0.0022903999999999997,-0.015049399999999999,0.0029129999999999998,0.011679999999999999,0.0064928,-0.010027999999999999,-0.024532199999999997,0.020369200000000001,-0.026738999999999999,-0.0055626,-0.0094646000000000001,0.013122799999999999,-0.0033574,-0.0059595999999999998,-0.0024679999999999997,-0.0057272,-0.020854399999999999,0.0059927999999999995,0.016605999999999999,0.021557800000000002,0.017017000000000001,-0.026276400000000002,0.001506,-0.0014515999999999995,0.0018547999999999998,-0.0058043999999999995,0.011426800000000001,-0.0068183999999999996,-0.00094040000000000009,-0.0018646000000000001,0.0034343999999999998,-0.0016842000000000001,-0.0021512000000000002,0.0076168,0.0087721999999999991,-0.00054940000000000024,0.0055985999999999987,0.010936400000000001,-0.0031970000000000002,0.0045643999999999997,-0.0010442000000000003,0.0099284000000000004,-0.0032377999999999999,-0.0083117999999999994,0.0060288,0.00096179999999999963,0.0068837999999999998,-0.0114228,-0.0013422000000000002,0.0010796,0.0010967999999999993,-0.001459,-0.015295800000000003,-0.020496999999999998,0.0026836000000000004,-0.0097630000000000008,-0.0065449999999999996,-0.0040057999999999995,-0.0059741999999999998,-0.0028463999999999998,0.010783199999999998,-0.0105548,-5.1799999999999958e-05,0.00016520000000000006,-0.0055966000000000002,0.0033502000000000002,-8.4000000000000307e-05,-0.0041022000000000003,0.0008470000000000001,-0.0050463999999999995,0.0033642000000000003,-0.0012484000000000002,0.0022919999999999998,0.0057828000000000003,0.00041680000000000016,-0.0044251999999999998,0.0061237999999999996,0.00039420000000000015,0.0031511999999999998,-0.0075223999999999994,0.00069959999999999987,0.0010655999999999999,0.0019280000000000002,-0.00090200000000000013,0.0022767999999999998,-0.0042799999999999991,-0.0023476000000000005,0.0017410000000000004,-0.015160199999999999,0.0016496,0.0026219999999999998,0.0135724,-0.00099100000000000056,-0.0020784000000000002,0.0026402000000000001,0.0099991999999999998,-0.0011154000000000001,0.0032948000000000001,-0.0028282000000000003,-0.00090100000000000076,-0.0017056,-0.015788400000000001,0.0095718000000000001,0.0036432000000000001,0.0085784000000000016,0.0033461999999999997,-0.0011178,-0.00093879999999999994,0.00093740000000000002,-0.00033419999999999999,0.0003148000000000005,-0.00040399999999999985,0.0012212,-0.001392,-0.002274,0.0027723999999999995,0.0026242000000000001,-0.0022170000000000002,-0.0015846000000000002,-0.00037800000000000003,9.5799999999999998e-05,-0.0031535999999999999,-0.0039579999999999997,-0.00046680000000000007,-0.0012528000000000007,-0.0016306000000000001,0.00056959999999999997,0.0028479999999999998,-0.0020458,-0.0010133999999999998,0.0035512,0.0059638,-0.0020774000000000001,0.0038852000000000001,0.0070964000000000001,0.00019680000000000001,0.0023264000000000002,0.0047451999999999998,-0.0035886000000000004,0.00092919999999999982,-0.0022132000000000007,0.0062691999999999999,-0.0015847999999999999,-0.0031026000000000001,0.0039952,0.0022898000000000003,-0.0042204,0.0033886000000000003,-0.0035941999999999988,-0.0023647999999999994,0.0031038000000000003,-0.0048072000000000002,-0.00022440000000000003,-0.0072513999999999999,-0.0029269999999999999,-0.013083600000000001,-0.0017233999999999999,-0.0065481999999999997,0.001902,-0.0014054,-0.0017616000000000003,-0.00019680000000000001,-0.0015516,-0.00026379999999999985,0.00083379999999999999,0.0011318000000000003,-7.0199999999999972e-05,-0.0024344000000000002,-0.00040499999999999998,0.0053451999999999996,-0.0010123999999999999,0.0012569999999999999,0.0019864000000000001,0.0010096,-0.0024187999999999996,0.0036037999999999999,-0.0038843999999999997,0.00075059999999999992,-0.0010133999999999998,0.0037958000000000002,4.4599999999999891e-05,-0.0027598000000000002,-0.00024600000000000012,0.0011719999999999999,-0.0010096,-0.0029200000000000003,0.0034216000000000003,0.002418,0.0039888000000000007,-0.0001708,0.0040616000000000003,-0.0043816000000000003,0.0022570000000000003,-0.00048079999999999998,0.0021991999999999997,0.00037620000000000004,-0.00011379999999999984,0.0013435999999999999,-0.00012200000000000015,-0.00091199999999999994,-0.0026456000000000001,0.0033679999999999995,-0.0020707999999999998,0.0053945999999999994,-0.00037120000000000035,0.0038211999999999994,-0.00053320000000000017,0.0024257999999999997,0.0011211999999999997,0.0048760000000000001,0.0020261999999999997,0.0021793999999999997,0.0042068000000000001,-0.010524,0.0047328000000000005,-0.0016356000000000001,0.00024779999999999995,0.00025899999999999995,-0.00015859999999999941,0.00056740000000000002,-0.0014988,0.00051679999999999999,0.0018696000000000001,-0.0024272,0.0016442,0.0010758,-5.5399999999999991e-05,0.00084599999999999996,0.0015805999999999999,-6.5400000000000031e-05,-0.0012180000000000003,-0.00082780000000000017,0.0023435999999999999,-0.0021490000000000003,-0.00077599999999999989,-0.00036160000000000006,0.00079039999999999991,0.0001075999999999998,-0.0022874000000000002,-0.0035571999999999999,-2.1999999999999884e-05,0.00053839999999999997,0.00060059999999999996,0.0010656000000000001,-0.0018724,0.0026456000000000006,0.00090879999999999997,-0.0031987999999999999,-0.0017644,-0.0012167999999999999,0.00032160000000000028,0.00088139999999999985,0.0030645999999999998,0.00010979999999999985,0.00095659999999999994,-0.00034080000000000004,1.1000000000000051e-05,-0.00042640000000000001,-0.00069900000000000019,0.00011600000000000022,0.0054402000000000001,0.0034679999999999997,-0.0011914,0.0020499999999999997,-0.0035712000000000001,0.0012534,-0.0043214000000000004,0.0013775999999999999,0.0032687999999999997,0.0020885999999999999,0.00027500000000000007,0.0028570000000000002,0.0017720000000000001,0.0058378000000000006,-0.0058417999999999994,0.0018108000000000002,0.0060483999999999998,-0.0040854000000000003,0.0003766000000000001,0.00030059999999999999,-0.00075000000000000002,0.0017044,0.00043939999999999995,0.00073260000000000003,0.00083100000000000014,-0.0014953999999999996,3.7799999999999997e-05,-0.00098559999999999989,0.00099540000000000002,-0.00067859999999999991,-0.00032220000000000003,-0.00021899999999999996,0.001224,-0.0021429999999999999,0.00077679999999999991,-0.0037927999999999998,-0.00014980000000000006,-0.00051160000000000008,-0.0012406000000000001,0.0016096000000000001,-0.00054379999999999999,-0.0020249999999999999,-0.0014554000000000001,0.0022358,-0.0021266000000000002,0.0019155999999999997,-0.00051859999999999992,0.0033592000000000001,-0.0021936,-0.00089299999999999991,-0.0010572000000000003,-0.00013640000000000009,-0.00031579999999999998,0.001281,0.0024608,-0.0011056,0.0013478000000000001,0.0019433999999999996,-0.0024114000000000002,-0.0013780000000000001,0.0015288000000000001,-0.0020466,-0.00014579999999999975,-0.0018465999999999999,0.00064839999999999993,0.0015924000000000001,-0.0017321999999999999,6.8799999999999992e-05,0.00080399999999999981,-0.0014420000000000006,0.0037827999999999998,-0.0030676000000000002,-0.0011199999999999999,0.0034823999999999996,0.00092239999999999976,0.0011739999999999999,0.001823,0.0022314000000000001,-0.00069620000000000012,0.00075580000000000005,0.0033159999999999995,0.0037039999999999998,-0.0048306,0.0021465999999999998,0.0011838,-0.0007358,0.00012160000000000014,0.0014416000000000001,9.2399999999999996e-05,2.3399999999999918e-05,-0.00067639999999999996,0.00048000000000000001,-0.0029594000000000001,0.00028839999999999996,0.00025119999999999998,0.00068280000000000001,-0.0024428000000000002,0.00031279999999999996,-0.0011312000000000002,-9.5199999999999929e-05,0.00071959999999999993,0.0012767999999999998,3.5199999999999988e-05,-0.00035319999999999991,-0.00041380000000000008,0.00016019999999999999,0.00035439999999999999,0.00086259999999999983,0.00071920000000000013,0.00042760000000000009,0.00090059999999999999,0.0010836000000000001,-0.0007762,6.9400000000000061e-05,0.0019428000000000004,0.00020880000000000003,-0.00026479999999999993,0.00024380000000000007,0.00012619999999999998,-0.0011857999999999999,0.0011527999999999998,0.0015499999999999999,-0.00071119999999999994,0.0010486,-0.0024326,-0.00060139999999999976,0.00076559999999999996,0.0016633999999999998,-0.0021174000000000002,0.00095800000000000008,0.00080559999999999985,-0.00024360000000000007,0.00040220000000000002,-0.0014760000000000003,-0.00052519999999999997,0.0001972,0.00043760000000000001,-0.0014023999999999998,0.0015284000000000001,-0.00082560000000000023,0.0026801999999999998,-0.00053919999999999999,-0.0019754,0.0014347999999999997,-0.0018368,-0.0010226,-0.00048439999999999996,-5.4200000000000071e-05,0.0022474000000000001,-0.0018774000000000002,-0.0017455999999999999,0.0041333999999999997,-0.0024893999999999997,0.00097800000000000014,0.0012174,0.00019400000000000005,0.0010285999999999997,-0.00064920000000000017,-0.0024175999999999994,-0.0025580000000000004,-0.0010861999999999998,0.0015132000000000001
aug_between_class_right_pair0003_child05,TLE,1,1,Augmented,0,0,0,0,0,0.2966454,1.9890935999999999,1.6000000000000001e-06,-7.9999999999999996e-07,5.9999999999999997e-07,0.94978759999999995,0,0.0454636,-0.1139134,0.037146800000000001,0.093548599999999996,-0.078896799999999989,0.0759774,-0.011268,0.0015903999999999996,-0.0120918,-0.10134079999999999,0.28773760000000004,-0.10246259999999999,0.017914600000000003,0.062482000000000003,0.0028576000000000018,-0.017849399999999998,-0.0079553999999999996,-0.039966800000000004,0.022076399999999999,0.0182358,-0.0528876,0.0066837999999999993,-0.090217800000000001,0.011029600000000001,0.054821000000000002,-0.020962399999999999,0.020230600000000001,0.0116046,-0.053533600000000001,0.042109800000000003,-0.055346599999999996,-0.023164000000000001,0.092808799999999997,-0.029409600000000001,0.17029640000000001,-0.0388562,0.0097961999999999997,-0.0051599999999999997,-0.010200600000000001,-0.0088611999999999996,0.0089686000000000002,0.043202600000000001,0.0034179999999999996,-0.0072940000000000001,-0.0090253999999999994,-0.025546200000000002,0.0084775999999999983,0.026601800000000002,0.013931199999999999,0.010322600000000001,-0.0015427999999999996,0.0052626000000000001,-0.0022541999999999996,-0.038951400000000004,-0.0095563999999999996,0.0078764000000000004,-0.0130376,0.0220466,-0.085346999999999992,0.007668400000000004,-0.025947600000000001,-0.0074224000000000009,-0.017790600000000004,-0.0024285999999999999,0.0029219999999999997,0.017810199999999998,0.0027832,0.0046010000000000001,-0.0129902,0.0086268000000000004,0.0141946,-0.0055046000000000001,0.0010881999999999999,0.0016435999999999998,-0.0162156,0.0024259999999999998,0.0098619999999999992,0.0053952000000000002,-0.0097900000000000001,-0.022819799999999998,0.021688799999999998,-0.024013,-0.0059874000000000004,-0.010381399999999999,0.013617200000000001,-0.0025986000000000004,-0.0060014000000000005,-0.00080699999999999999,-0.0060917999999999979,-0.018105599999999999,0.0043861999999999998,0.015694,0.022558200000000007,0.016583000000000001,-0.023957600000000003,0.003039,-0.0010914,0.0014391999999999999,-0.0047986000000000001,0.0116752,-0.0058246000000000001,-0.00073360000000000048,-0.0022683999999999998,0.0041425999999999998,-0.0020048000000000002,-0.0030027999999999999,0.0077902000000000006,0.0073337999999999997,0.00015240000000000002,0.0056153999999999996,0.010330600000000001,-0.003209,0.0043756000000000003,-0.0026207999999999995,0.009510600000000001,-0.0031042000000000001,-0.0064302000000000005,0.0078841999999999992,0.0013082000000000007,0.0074202000000000001,-0.010935199999999999,-0.0015518000000000001,-9.6000000000011007e-06,0.00084020000000000015,-0.0013690000000000002,-0.0142302,-0.021228,0.0013554000000000005,-0.010149,-0.004581,-0.0026472000000000006,-0.0058077999999999992,-0.0031555999999999997,0.0088307999999999998,-0.010895200000000001,-0.00011820000000000005,0.0004217999999999999,-0.0061653999999999997,0.0035967999999999998,0.00097499999999999974,-0.0032997999999999999,0.001279,-0.0050615999999999994,0.0043287999999999998,-0.00083160000000000005,0.0018930000000000002,0.0059652000000000004,0.0010671999999999999,-0.0046657999999999995,0.0062752000000000007,0.0021177999999999995,0.0034357999999999993,-0.0068035999999999999,0.00027740000000000013,0.0020353999999999997,0.00022099999999999984,-0.00066500000000000012,0.0018422000000000004,-0.0056659999999999992,-0.0039064,0.0017719999999999997,-0.013689799999999998,0.0018193999999999999,0.0031999999999999997,0.0141066,-0.0006539999999999992,-0.0026605999999999999,0.0030348000000000003,0.0099778000000000002,-0.0024606000000000003,0.0031822000000000005,-0.0032817999999999988,-0.0010959999999999998,-0.0012994000000000003,-0.018250599999999999,0.010017199999999999,0.0037147999999999999,0.0076956000000000004,0.0050227999999999991,-0.00045520000000000001,-0.00047220000000000009,0.0010346000000000001,-0.00011180000000000001,0.0013842000000000004,0.00017699999999999986,0.0012937999999999999,-0.0012539999999999999,-0.0021320000000000002,0.0019675999999999999,0.0026608000000000001,-0.0024349999999999997,-0.0020204000000000003,-0.00035800000000000003,-3.9800000000000046e-05,-0.0032604000000000001,-0.0039919999999999999,-0.0012662000000000003,-0.002761200000000001,-0.0019854,0.0012093999999999998,0.0030040000000000002,-0.0021451999999999999,-0.00022060000000000048,0.0046867999999999996,0.0052982000000000003,-0.0029135999999999997,0.0029988000000000003,0.0079045999999999995,-0.00091279999999999964,0.0031865999999999995,0.0049668000000000004,-0.0032493999999999999,0.0015937999999999994,-0.0026218000000000005,0.0060937999999999999,-0.0014842,-0.0032423999999999999,0.0041007999999999999,0.0014302000000000004,-0.0035875999999999998,0.0038104000000000002,-0.0029877999999999997,-0.0012892000000000001,0.0035182,-0.0047508000000000003,0.00057339999999999952,-0.0069495999999999994,-0.0022799999999999999,-0.0137264,-0.0025165999999999999,-0.0060578000000000003,0.0021940000000000002,-0.0010526000000000001,-0.0020774000000000001,0.00035179999999999999,-0.0018914000000000001,0.00064779999999999992,0.00061919999999999998,0.0008552000000000004,9.0200000000000133e-05,-0.0029456,-0.00039499999999999995,0.0050378000000000003,-0.00067760000000000021,0.0010769999999999998,0.0018256000000000001,0.0010524,-0.0026511999999999994,0.0029721999999999999,-0.0036106000000000003,0.00050540000000000003,-0.0011476000000000001,0.0034162000000000003,-2.360000000000014e-05,-0.0026222000000000003,-0.00036799999999999984,0.001439,-0.00049839999999999997,-0.0035630000000000006,0.0033004000000000002,0.0025219999999999999,0.0037472,0.00018279999999999989,0.0037144000000000001,-0.0036604000000000003,0.0018670000000000006,-0.00060720000000000045,0.0022127999999999996,0.00037680000000000005,-0.0001161999999999999,0.0017763999999999998,-0.0003330000000000004,0.00010899999999999961,-0.0028084,0.0022040000000000002,-0.0022122000000000001,0.0049403999999999993,-0.00093979999999999997,0.0035647999999999999,-0.00048579999999999977,0.0013232000000000001,0.00070579999999999992,0.0045079999999999999,0.0027267999999999997,0.0024435999999999998,0.0037862,-0.010609,0.0050171999999999994,-0.0015784000000000002,6.2000000000000016e-06,0.000455,0.00062560000000000003,0.00027060000000000002,-0.0013302000000000001,0.00037819999999999998,0.0020484000000000001,-0.0021978000000000002,0.0017807999999999999,0.0009502,-9.6600000000000017e-05,0.00097999999999999997,0.0014344,0.00020739999999999984,-0.0015880000000000002,-7.320000000000018e-05,0.0028993999999999999,-0.0016050000000000001,-0.00042200000000000001,-0.00055040000000000004,0.0004996,-4.7600000000000073e-05,-0.0021926000000000003,-0.0040128000000000004,0.00022999999999999995,4.2600000000000277e-05,0.0011424,0.0011314000000000001,-0.0020395999999999999,0.0024644000000000003,0.0007271999999999999,-0.0033011999999999998,-0.0017426,-0.0015241999999999996,0.0012413999999999999,0.0016415999999999996,0.0031744,-0.00022480000000000004,0.00047640000000000009,-0.0008202000000000001,0.00044999999999999999,-0.00061160000000000012,-0.00014500000000000008,3.7999999999999839e-05,0.0059887999999999999,0.0042049999999999995,-0.002444599999999999,0.0022560000000000002,-0.0038947999999999999,0.0013125999999999999,-0.0046845999999999997,0.00097639999999999988,0.0036681999999999995,0.0016883999999999996,0.00060499999999999996,0.0025709999999999999,0.00089000000000000017,0.0055282000000000005,-0.0060682000000000002,0.0030151999999999996,0.0069265999999999998,-0.0045045999999999992,0.00026439999999999998,0.00036239999999999997,-0.0009630000000000001,0.0019976,0.0010225999999999998,0.0008703999999999998,0.00070300000000000007,-0.0013146,-8.5799999999999985e-05,-0.00064639999999999988,0.0010116000000000001,-0.00018640000000000014,-3.7800000000000079e-05,-0.00043999999999999991,0.00088400000000000002,-0.0017720000000000001,0.00068520000000000007,-0.0039082000000000006,-0.00010120000000000007,-0.00023039999999999996,-0.0011874000000000001,0.0015074000000000001,-0.00068519999999999996,-0.0022339999999999999,-0.0014176,0.0018912,-0.0022833999999999997,0.0015753999999999998,-0.00022340000000000006,0.0038238000000000005,-0.0015714000000000001,-0.00089999999999999998,-0.00062180000000000004,-0.0008206,-0.00023720000000000002,0.001204,0.0025392000000000001,-0.00083640000000000006,0.0012552000000000002,0.0013326000000000002,-0.0019986000000000001,-0.0016620000000000001,0.0012392000000000002,-0.0016214000000000001,0.00042080000000000025,-0.0016253999999999999,0.00044260000000000002,0.0015655999999999999,-0.0014988,2.7200000000000011e-05,0.00045899999999999999,-0.0016180000000000001,0.0027472,-0.0027384000000000002,-0.0017499999999999998,0.0041025999999999996,0.00038259999999999976,0.0021379999999999997,0.0021590000000000003,0.0020476000000000001,-0.00026980000000000016,0.00024820000000000007,0.0029580000000000001,0.0047599999999999995,-0.0051473999999999999,0.0021663999999999997,0.0012691999999999998,-0.0033311999999999999,0.00012839999999999987,0.0016374,0.0001416,-3.7399999999999933e-05,-0.00022960000000000011,0.00064999999999999997,-0.0026246000000000004,0.0002586,0.00017680000000000001,0.00093619999999999999,-0.0023642000000000003,6.7200000000000061e-05,-0.00091179999999999983,0.00010920000000000005,0.00041840000000000009,0.0014632,0.00024179999999999991,-0.00068679999999999967,-1.9200000000000141e-05,0.00038279999999999982,0.00035060000000000001,0.00050740000000000008,0.00020080000000000016,0.00044640000000000012,0.00090039999999999999,0.0011064,-0.0011077999999999999,-0.00014839999999999981,0.0021132,-1.8799999999999942e-05,-0.00039320000000000002,2.2200000000000072e-05,3.2799999999999998e-05,-0.00070220000000000005,0.00073919999999999997,0.0017669999999999999,-0.0007938,0.0008744,-0.0014604000000000002,-3.1599999999999901e-05,0.00039840000000000025,0.0016496000000000002,-0.0021266000000000002,0.00092000000000000003,0.00058539999999999992,-0.00013239999999999997,0.00064080000000000007,-0.0019070000000000001,-0.0010847999999999999,0.0001918,0.00049540000000000001,-0.0013346,0.0012696000000000001,-6.14000000000003e-05,0.0032388,-0.00023480000000000007,-0.0018706,0.00057020000000000009,-0.0011632000000000001,-0.0012593999999999999,-0.0004596,-0.00063380000000000012,0.0020376000000000001,-0.0011966000000000004,-0.0023584000000000001,0.0037045999999999997,-0.0026806,0.0005840000000000001,0.0011516,0.00026700000000000009,0.00096340000000000011,-0.00096679999999999997,-0.0030333999999999995,-0.0031110000000000001,-0.00055479999999999939,0.00089780000000000014
aug_between_class_right_pair0003_child06,TLE,1,1,Augmented,0,0,0,0,0,0.29408529999999999,1.9837727000000001,1.6999999999999998e-06,-5.9999999999999997e-07,6.9999999999999986e-07,0.93875469999999994,0,0.045451200000000004,-0.11321929999999999,0.039449100000000001,0.093957200000000005,-0.076690599999999998,0.075949299999999997,-0.011079500000000001,0.0036492999999999986,-0.0106306,-0.1019101,0.28664670000000003,-0.10905819999999999,0.017559200000000001,0.064198500000000006,0.00059770000000000266,-0.018031799999999997,-0.0086353000000000003,-0.040060600000000002,0.0228808,0.018561099999999997,-0.054933199999999995,0.0072455999999999996,-0.088927100000000009,0.010300699999999999,0.056052499999999998,-0.020340799999999999,0.019884199999999998,0.012211699999999999,-0.0529262,0.043941099999999997,-0.056877699999999996,-0.023299500000000001,0.094497100000000001,-0.031544200000000001,0.16812580000000002,-0.0363034,0.010537899999999999,-0.0054894999999999996,-0.0100447,-0.0088958999999999983,0.0081462000000000027,0.043999700000000003,0.0030840000000000004,-0.0077339999999999996,-0.0085427999999999997,-0.027388900000000001,0.0096731999999999981,0.026020100000000001,0.0129829,0.010675199999999999,-0.0027110999999999993,0.0050992000000000008,-0.0028124000000000014,-0.040474799999999998,-0.009728800000000001,0.0085278000000000003,-0.0122267,0.023151700000000001,-0.083779499999999993,0.007111300000000001,-0.0249727,-0.0076868000000000006,-0.0192137,-0.0026221999999999999,0.0032319999999999996,0.017708399999999999,0.0037598999999999996,0.003934,-0.0135064,0.0082041000000000006,0.0141867,-0.0052852000000000003,0.0011808999999999999,0.0013201999999999997,-0.0167987,0.0021824999999999995,0.0089529999999999992,0.0048464000000000007,-0.009670999999999999,-0.0219636,0.0223486,-0.02265,-0.0061998000000000001,-0.0108398,0.013864400000000001,-0.002219200000000001,-0.0060222999999999995,2.3499999999999216e-05,-0.0062740999999999977,-0.016731200000000002,0.0035829000000000004,0.015238,0.023058400000000007,0.016365999999999999,-0.022798199999999998,0.0038054999999999994,-0.00091129999999999987,0.0012314000000000001,-0.0042957000000000004,0.0117994,-0.0053277000000000003,-0.00063020000000000003,-0.0024702999999999999,0.0044966999999999993,-0.0021650999999999997,-0.0034286,0.0078769000000000009,0.0066146,0.00050329999999999993,0.0056238,0.010027700000000001,-0.0032150000000000004,0.0042811999999999998,-0.0034090999999999995,0.0093016999999999996,-0.0030374,-0.0054894000000000002,0.0088118999999999992,0.0014814000000000008,0.0076883999999999997,-0.0106914,-0.0016566,-0.00055420000000000035,0.00071190000000000055,-0.0013240000000000001,-0.013697400000000002,-0.021593499999999998,0.00069129999999999973,-0.010342,-0.0035989999999999998,-0.0019678999999999999,-0.005724599999999999,-0.0033102000000000001,0.0078545999999999998,-0.0110654,-0.0001514000000000001,0.00055009999999999976,-0.0064498000000000003,0.0037200999999999996,0.0015044999999999995,-0.0028986000000000003,0.0014949999999999998,-0.0050691999999999994,0.0048110999999999996,-0.00062320000000000019,0.0016935000000000001,0.0060564,0.0013924000000000002,-0.0047860999999999997,0.0063508999999999996,0.0029795999999999998,0.0035780999999999999,-0.0064441999999999998,6.6300000000000039e-05,0.0025202999999999996,-0.00063249999999999982,-0.00054650000000000011,0.0016249000000000012,-0.0063589999999999983,-0.0046857999999999995,0.0017875,-0.0129546,0.0019042999999999998,0.0034889999999999995,0.0143737,-0.00048549999999999982,-0.0029516999999999998,0.0032320999999999999,0.0099670999999999996,-0.0031331999999999992,0.0031259,-0.003508599999999998,-0.0011934999999999997,-0.0010963000000000004,-0.019481700000000001,0.0102399,0.0037505999999999998,0.0072542000000000006,0.0058610999999999993,-0.00012390000000000014,-0.00023890000000000001,0.0010832000000000001,-5.9999999999990616e-07,0.0019188999999999999,0.00046749999999999982,0.0013300999999999999,-0.0011849999999999999,-0.0020610000000000003,0.0015652000000000001,0.0026790999999999998,-0.0025439999999999998,-0.0022382999999999995,-0.000348,-0.00010759999999999996,-0.0033138,-0.0040089999999999995,-0.0016659000000000001,-0.0035154000000000006,-0.0021627999999999999,0.0015292999999999997,0.0030820000000000001,-0.0021949000000000001,0.00017579999999999983,0.0052545999999999999,0.0049654,-0.0033316999999999991,0.0025555999999999999,0.0083087000000000005,-0.0014675999999999995,0.0036166999999999992,0.0050775999999999998,-0.0030798000000000002,0.0019260999999999992,-0.0028261000000000002,0.0060061000000000003,-0.0014339000000000001,-0.0033122999999999998,0.0041536000000000003,0.0010004000000000007,-0.0032712000000000001,0.0040213000000000002,-0.0026845999999999997,-0.00075140000000000016,0.0037253999999999994,-0.0047226000000000004,0.00097229999999999929,-0.0067986999999999995,-0.0019564999999999999,-0.014047799999999999,-0.0029131999999999995,-0.0058126000000000002,0.0023400000000000001,-0.00087620000000000005,-0.0022353,0.00062610000000000009,-0.0020612999999999999,0.0011035999999999999,0.00051190000000000003,0.00071690000000000035,0.00017039999999999991,-0.0032012,-0.00038999999999999994,0.0048841000000000006,-0.00051020000000000015,0.00098700000000000003,0.0017451999999999997,0.0010738,-0.0027674000000000002,0.0026564000000000002,-0.0034737000000000001,0.00038279999999999998,-0.0012147,0.0032263999999999999,-5.7700000000000156e-05,-0.0025533999999999999,-0.00042899999999999991,0.0015724999999999999,-0.00024280000000000005,-0.0038845000000000004,0.0032398000000000001,0.0025739999999999999,0.0036264000000000001,0.0003595999999999998,0.0035408000000000002,-0.0032998000000000003,0.0016720000000000003,-0.00067039999999999982,0.0022195999999999995,0.0003771,-0.00011740000000000014,0.0019927999999999999,-0.00043850000000000009,0.00061949999999999983,-0.0028898000000000001,0.0016220000000000002,-0.0022829,0.0047133000000000001,-0.0012240999999999999,0.0034366000000000006,-0.00046209999999999958,0.00077190000000000006,0.00049810000000000002,0.0043239999999999997,0.0030770999999999997,0.0025756999999999993,0.0035759000000000003,-0.010651500000000001,0.0051593999999999998,-0.0015498,-0.00011459999999999995,0.00055299999999999989,0.0010177000000000001,0.00012220000000000004,-0.0012459000000000001,0.00030889999999999997,0.0021378,-0.0020831000000000001,0.0018491,0.00088739999999999999,-0.00011719999999999998,0.001047,0.0013613,0.00034379999999999995,-0.0017730000000000001,0.0003040999999999998,0.0031773000000000001,-0.0013330000000000002,-0.00024500000000000005,-0.00064479999999999995,0.00035420000000000004,-0.00012520000000000001,-0.0021451999999999999,-0.0042406000000000006,0.00035599999999999993,-0.00020529999999999984,0.0014132999999999997,0.0011643000000000001,-0.0021232,0.0023738000000000006,0.00063639999999999986,-0.0033524000000000002,-0.0017316999999999999,-0.0016778999999999997,0.0017012999999999998,0.0020216999999999995,0.0032293000000000001,-0.00039209999999999999,0.00023630000000000005,-0.0010598999999999999,0.00066949999999999996,-0.00070419999999999999,0.00013199999999999979,-1.0000000000001327e-06,0.0062630999999999997,0.0045734999999999994,-0.0030711999999999992,0.002359,-0.0040566000000000005,0.0013422,-0.0048662000000000002,0.00077579999999999988,0.0038678999999999996,0.0014883000000000001,0.00076999999999999996,0.002428,0.00044900000000000029,0.0053734000000000004,-0.0061814000000000001,0.0036173999999999998,0.0073657000000000002,-0.0047142,0.00020830000000000018,0.00039329999999999996,-0.0010695000000000001,0.0021441999999999998,0.0013141999999999997,0.00093929999999999979,0.00063900000000000003,-0.0012241999999999999,-0.00014759999999999996,-0.0004768000000000001,0.0010196999999999999,5.9699999999999879e-05,0.00010439999999999992,-0.00055049999999999977,0.00071400000000000012,-0.0015865000000000002,0.00063940000000000004,-0.0039658999999999996,-7.6899999999999972e-05,-8.9800000000000069e-05,-0.0011608,0.0014563,-0.0007559,-0.0023384999999999999,-0.0013987000000000001,0.0017188999999999998,-0.0023617999999999998,0.0014053,-7.5799999999999999e-05,0.0040561,-0.0012603000000000002,-0.00090350000000000001,-0.00040410000000000012,-0.0011626999999999998,-0.00019789999999999999,0.0011654999999999999,0.0025784000000000002,-0.00070180000000000004,0.0012089000000000002,0.0010272,-0.0017922000000000001,-0.001804,0.0010944000000000001,-0.0014088000000000002,0.00070410000000000004,-0.0015148,0.00033970000000000007,0.0015522000000000001,-0.0013821,6.3999999999999929e-06,0.00028650000000000008,-0.0017060000000000001,0.0022294000000000003,-0.0025738000000000002,-0.0020649999999999996,0.0044126999999999994,0.00011270000000000008,0.0026199999999999995,0.0023270000000000001,0.0019557000000000003,-5.6599999999999966e-05,-5.5999999999999193e-06,0.0027790000000000002,0.0052879999999999993,-0.0053057999999999994,0.0021762999999999999,0.0013119,-0.0046288999999999983,0.00013179999999999984,0.0017353000000000002,0.00016619999999999997,-6.7799999999999913e-05,-6.2000000000001507e-06,0.00073499999999999998,-0.0024572000000000005,0.00024370000000000001,0.00013959999999999998,0.0010629000000000001,-0.0023249000000000004,-5.5599999999999942e-05,-0.00080210000000000014,0.00021140000000000015,0.00026780000000000011,0.0015563999999999999,0.00034509999999999999,-0.00085359999999999982,0.00017809999999999983,0.00049409999999999992,0.00034870000000000002,0.00032980000000000005,-5.8399999999999793e-05,0.00045580000000000002,0.00090030000000000004,0.0011178,-0.0012735999999999999,-0.0002572999999999998,0.0021984000000000001,-0.00013259999999999994,-0.00045739999999999995,-8.8599999999999931e-05,-1.3899999999999999e-05,-0.00046040000000000013,0.00053240000000000004,0.0018755,-0.00083509999999999997,0.00078730000000000011,-0.00097430000000000032,0.00025330000000000014,0.00021480000000000013,0.0016427,-0.0021312000000000002,0.000901,0.00047530000000000001,-7.6800000000000132e-05,0.00076009999999999988,-0.0021225000000000003,-0.0013645999999999997,0.00018910000000000002,0.0005243,-0.0013006999999999999,0.0011402000000000001,0.00032069999999999961,0.0035180999999999997,-8.2600000000000056e-05,-0.0018181999999999999,0.00013790000000000015,-0.00082640000000000025,-0.0013778,-0.00044720000000000003,-0.00092360000000000001,0.0019327000000000001,-0.00085620000000000032,-0.0026647999999999997,0.0034902000000000002,-0.0027761999999999999,0.00038700000000000019,0.0011187,0.00030350000000000006,0.00093079999999999986,-0.0011256,-0.0033412999999999989,-0.0033874999999999999,-0.00028910000000000003,0.00059010000000000009
aug_between_class_right_pair0003_child07,TLE,1,1,Augmented,0,0,0,0,0,0.29152520000000004,1.9784518,1.8000000000000001e-06,-3.9999999999999988e-07,8.0000000000000007e-07,0.92772180000000004,0,0.045438800000000001,-0.11252519999999999,0.041751400000000001,0.0943658,-0.074484399999999992,0.075921200000000008,-0.010891,0.0057082000000000001,-0.0091693999999999977,-0.1024794,0.28555580000000003,-0.1156538,0.017203800000000002,0.065915000000000001,-0.0016621999999999991,-0.0182142,-0.0093152000000000009,-0.040154400000000007,0.0236852,0.018886399999999998,-0.056978800000000003,0.0078073999999999991,-0.087636400000000003,0.0095717999999999984,0.057284000000000002,-0.019719199999999999,0.019537800000000001,0.0128188,-0.052318799999999999,0.045772400000000005,-0.058408799999999997,-0.023435000000000001,0.096185400000000004,-0.033678800000000002,0.16595520000000002,-0.033750599999999999,0.011279600000000001,-0.0058190000000000004,-0.0098887999999999997,-0.0089305999999999986,0.0073238000000000001,0.044796800000000005,0.0027500000000000003,-0.0081740000000000007,-0.0080602,-0.029231600000000003,0.0108688,0.0254384,0.012034599999999999,0.011027800000000001,-0.0038794000000000007,0.0049358000000000006,-0.0033705999999999996,-0.041998199999999999,-0.0099012000000000006,0.0091792000000000002,-0.0114158,0.024256800000000002,-0.082211999999999993,0.0065541999999999996,-0.0239978,-0.0079512000000000003,-0.020636799999999997,-0.0028157999999999998,0.003542,0.0176066,0.0047366000000000005,0.0032669999999999999,-0.014022600000000001,0.0077813999999999999,0.014178800000000002,-0.0050658000000000005,0.0012736000000000002,0.00099679999999999951,-0.017381799999999999,0.0019389999999999995,0.0080439999999999991,0.0042976000000000004,-0.0095519999999999997,-0.021107399999999998,0.023008399999999998,-0.021287,-0.0064121999999999998,-0.011298200000000001,0.0141116,-0.0018398000000000008,-0.0060432000000000003,0.00085400000000000059,-0.0064563999999999993,-0.015356799999999999,0.0027795999999999997,0.014782,0.023558599999999999,0.016149,-0.0216388,0.0045719999999999997,-0.00073119999999999978,0.0010235999999999999,-0.0037927999999999998,0.011923599999999999,-0.0048307999999999997,-0.00052680000000000001,-0.0026722,0.0048507999999999997,-0.0023254,-0.0038544000000000004,0.0079635999999999995,0.0058953999999999994,0.00085420000000000027,0.0056322000000000004,0.0097248000000000005,-0.0032209999999999999,0.0041868000000000001,-0.0041974000000000004,0.0090927999999999998,-0.0029706000000000003,-0.0045485999999999999,0.0097395999999999993,0.0016546,0.0079566000000000012,-0.0104476,-0.0017614000000000002,-0.0010988000000000005,0.00058360000000000009,-0.001279,-0.0131646,-0.021958999999999999,2.7199999999999794e-05,-0.010535000000000001,-0.0026169999999999987,-0.0012885999999999991,-0.0056413999999999995,-0.0034647999999999997,0.0068783999999999989,-0.011235599999999998,-0.00018459999999999993,0.00067840000000000001,-0.0067342000000000009,0.0038434000000000003,0.0020340000000000002,-0.0024973999999999994,0.0017110000000000003,-0.0050767999999999994,0.0052934000000000002,-0.00041480000000000011,0.0014939999999999999,0.0061475999999999996,0.0017176000000000001,-0.0049064,0.0064265999999999993,0.0038414,0.0037203999999999996,-0.0060847999999999996,-0.00014480000000000005,0.0030052000000000004,-0.001485999999999999,-0.000428,0.0014076000000000002,-0.0070519999999999992,-0.0054651999999999999,0.0018030000000000003,-0.0122194,0.0019892,0.0037779999999999997,0.014640799999999999,-0.00031700000000000044,-0.0032428000000000005,0.0034294000000000004,0.0099564000000000007,-0.0038057999999999998,0.0030696000000000005,-0.003735399999999999,-0.001291,-0.00089320000000000003,-0.020712800000000003,0.010462600000000001,0.0037863999999999997,0.0068128000000000008,0.0066994000000000003,0.00020739999999999995,-5.5999999999999193e-06,0.0011318000000000001,0.00011060000000000019,0.0024535999999999998,0.00075799999999999999,0.0013663999999999998,-0.0011159999999999998,-0.00199,0.0011627999999999996,0.0026974,-0.002653,-0.0024562000000000004,-0.00033799999999999998,-0.00017540000000000009,-0.0033672000000000003,-0.0040260000000000001,-0.0020656000000000003,-0.0042696000000000019,-0.0023402000000000002,0.0018492000000000001,0.0031599999999999996,-0.0022446000000000002,0.00057220000000000057,0.0058224000000000001,0.0046325999999999997,-0.0037497999999999993,0.0021124,0.0087127999999999997,-0.0020224000000000002,0.0040467999999999997,0.0051883999999999993,-0.0029101999999999999,0.0022583999999999998,-0.0030304000000000004,0.0059183999999999999,-0.0013836,-0.0033822000000000001,0.0042063999999999999,0.00057060000000000032,-0.0029547999999999996,0.0042322000000000002,-0.0023813999999999997,-0.00021359999999999955,0.0039326000000000005,-0.0046943999999999996,0.0013711999999999999,-0.0066477999999999997,-0.0016329999999999999,-0.0143692,-0.0033097999999999999,-0.0055674000000000001,0.0024859999999999999,-0.00069979999999999999,-0.0023932000000000003,0.0009004000000000002,-0.0022312,0.0015594000000000001,0.00040459999999999997,0.00057860000000000008,0.00025060000000000013,-0.0034568000000000003,-0.00038500000000000003,0.0047303999999999992,-0.00034279999999999988,0.0008969999999999999,0.0016647999999999997,0.0010951999999999999,-0.0028836000000000001,0.0023406,-0.0033368,0.00026019999999999987,-0.0012818,0.0030366000000000004,-9.1800000000000171e-05,-0.0024846,-0.00048999999999999998,0.0017060000000000001,1.2800000000000311e-05,-0.0042060000000000005,0.0031792000000000001,0.0026259999999999999,0.0035056000000000002,0.00053640000000000003,0.0033671999999999999,-0.0029391999999999999,0.0014769999999999996,-0.00073359999999999918,0.0022263999999999995,0.00037739999999999996,-0.00011859999999999996,0.0022091999999999997,-0.00054399999999999978,0.0011300000000000004,-0.0029712000000000002,0.0010399999999999997,-0.0023536,0.0044862000000000001,-0.0015084,0.0033083999999999995,-0.00043839999999999981,0.00022059999999999962,0.00029039999999999969,0.0041399999999999996,0.0034273999999999997,0.0027077999999999998,0.0033656000000000003,-0.010694,0.0053016000000000001,-0.0015211999999999999,-0.00023540000000000008,0.00065099999999999999,0.0014098000000000005,-2.6200000000000041e-05,-0.0011616,0.00023959999999999997,0.0022272000000000004,-0.0019683999999999999,0.0019174000000000001,0.00082459999999999999,-0.00013779999999999993,0.001114,0.0012881999999999998,0.00048020000000000002,-0.0019580000000000005,0.00068139999999999997,0.0034551999999999999,-0.0010609999999999999,-6.799999999999981e-05,-0.00073920000000000008,0.00020879999999999998,-0.00020280000000000005,-0.0020977999999999999,-0.0044684000000000008,0.00048200000000000006,-0.00045320000000000017,0.0016841999999999998,0.0011972,-0.0022068000000000001,0.0022832,0.00054559999999999982,-0.0034035999999999997,-0.0017208,-0.0018315999999999999,0.0021612000000000003,0.0024017999999999999,0.0032842000000000001,-0.00055940000000000015,-3.8000000000000924e-06,-0.0012996000000000001,0.00088900000000000003,-0.00079680000000000018,0.00040899999999999991,-4.0000000000000105e-05,0.0065373999999999996,0.0049420000000000002,-0.0036977999999999998,0.0024619999999999998,-0.0042184000000000006,0.0013717999999999998,-0.0050478000000000007,0.00057519999999999989,0.0040675999999999993,0.0012881999999999998,0.00093500000000000018,0.0022850000000000001,7.9999999999998692e-06,0.0052186000000000003,-0.0062946,0.0042196000000000004,0.0078048000000000006,-0.0049237999999999999,0.00015219999999999996,0.00042420000000000001,-0.0011760000000000004,0.0022908,0.0016058000000000001,0.0010081999999999999,0.00057499999999999999,-0.0011337999999999999,-0.00020940000000000005,-0.00030719999999999993,0.0010277999999999999,0.00030580000000000006,0.00024660000000000009,-0.00066099999999999991,0.00054399999999999989,-0.0014009999999999999,0.00059360000000000001,-0.0040236000000000004,-5.2600000000000086e-05,5.0800000000000069e-05,-0.0011342000000000001,0.0014051999999999999,-0.00082659999999999993,-0.0024429999999999999,-0.0013798,0.0015465999999999998,-0.0024402,0.0012351999999999999,7.1800000000000011e-05,0.0042884000000000004,-0.00094919999999999987,-0.00090699999999999993,-0.00018639999999999998,-0.0015047999999999999,-0.00015859999999999995,0.001127,0.0026176000000000003,-0.00056719999999999991,0.0011626000000000002,0.00072179999999999987,-0.0015857999999999998,-0.0019460000000000002,0.00094959999999999988,-0.0011961999999999999,0.00098740000000000026,-0.0014042,0.00023679999999999996,0.0015388000000000001,-0.0012653999999999999,-1.4400000000000079e-05,0.00011399999999999995,-0.001794,0.0017115999999999998,-0.0024092000000000002,-0.0023800000000000002,0.0047227999999999992,-0.00015720000000000013,0.0031019999999999997,0.0024950000000000003,0.0018638000000000001,0.00015660000000000023,-0.00025940000000000013,0.0025999999999999999,0.005816,-0.0054641999999999998,0.0021862000000000001,0.0013545999999999996,-0.0059265999999999989,0.00013520000000000003,0.0018332000000000001,0.00019080000000000003,-9.8199999999999893e-05,0.00021720000000000002,0.00081999999999999998,-0.0022897999999999998,0.0002288,0.00010239999999999989,0.0011895999999999999,-0.0022856000000000005,-0.00017840000000000005,-0.00069240000000000002,0.00031359999999999992,0.00011719999999999992,0.0016496000000000002,0.0004484,-0.0010203999999999999,0.00037540000000000002,0.00060540000000000008,0.00034679999999999997,0.0001521999999999999,-0.00031760000000000002,0.00046519999999999992,0.00090019999999999998,0.0011291999999999999,-0.0014394000000000002,-0.00036620000000000012,0.0022836000000000002,-0.00024640000000000003,-0.00052159999999999999,-0.00019940000000000002,-6.060000000000003e-05,-0.00021859999999999992,0.00032559999999999989,0.0019840000000000001,-0.00087639999999999994,0.0007002,-0.00048819999999999983,0.00053820000000000018,3.1199999999999945e-05,0.0016357999999999998,-0.0021358000000000002,0.00088199999999999997,0.00036519999999999993,-2.1199999999999973e-05,0.00087940000000000013,-0.0023380000000000002,-0.0016444000000000001,0.0001864,0.00055320000000000011,-0.0012667999999999998,0.0010108000000000001,0.00070279999999999963,0.0037974000000000003,6.9600000000000065e-05,-0.0017658000000000001,-0.00029440000000000011,-0.00048960000000000008,-0.0014962,-0.00043480000000000005,-0.0012134000000000003,0.0018278000000000001,-0.00051579999999999985,-0.0029712000000000002,0.0032757999999999997,-0.0028718000000000003,0.00018999999999999996,0.0010858,0.00034000000000000008,0.00089820000000000004,-0.0012844,-0.0036491999999999996,-0.0036640000000000006,-2.339999999999981e-05,0.00028239999999999993
aug_between_class_right_pair0003_child08,TLE,1,1,Augmented,0,0,0,0,0,0.28896510000000003,1.9731309000000001,1.9e-06,-1.9999999999999989e-07,9.0000000000000007e-07,0.91668890000000003,0,0.045426400000000006,-0.1118311,0.044053700000000001,0.094774400000000009,-0.072278200000000001,0.075893100000000005,-0.010702499999999998,0.0077671000000000007,-0.0077081999999999984,-0.10304870000000001,0.28446490000000002,-0.12224939999999998,0.016848399999999999,0.067631500000000011,-0.0039221000000000004,-0.018396599999999999,-0.0099951000000000016,-0.040248200000000005,0.0244896,0.019211699999999998,-0.059024400000000005,0.0083692000000000003,-0.086345699999999997,0.0088429000000000008,0.058515499999999998,-0.019097599999999999,0.019191400000000001,0.013425900000000001,-0.051711399999999998,0.047603699999999999,-0.059939899999999997,-0.023570500000000001,0.097873699999999994,-0.035813400000000002,0.1637846,-0.031197800000000001,0.0120213,-0.0061485000000000003,-0.0097329000000000009,-0.008965299999999999,0.0065014000000000001,0.0455939,0.0024159999999999993,-0.0086140000000000001,-0.0075775999999999994,-0.031074299999999999,0.012064399999999999,0.024856700000000002,0.0110863,0.011380400000000001,-0.0050477000000000005,0.0047724000000000004,-0.0039288000000000014,-0.043521600000000001,-0.010073599999999999,0.0098305999999999984,-0.0106049,0.0253619,-0.080644499999999994,0.0059971000000000017,-0.023022899999999999,-0.0082156000000000017,-0.0220599,-0.0030094000000000002,0.0038519999999999995,0.017504799999999997,0.0057133000000000001,0.0025999999999999999,-0.014538800000000001,0.0073587000000000001,0.0141709,-0.0048463999999999998,0.0013663,0.00067339999999999935,-0.017964899999999999,0.0016954999999999995,0.0071349999999999998,0.0037487999999999996,-0.0094329999999999987,-0.020251199999999997,0.0236682,-0.019924000000000001,-0.0066246000000000005,-0.011756600000000001,0.014358799999999996,-0.0014604000000000015,-0.0060640999999999994,0.0016845000000000002,-0.0066386999999999974,-0.013982399999999999,0.0019762999999999994,0.014326,0.024058800000000005,0.015932000000000002,-0.020479400000000002,0.0053384999999999995,-0.00055109999999999968,0.00081580000000000021,-0.0032899000000000001,0.012047800000000001,-0.0043338999999999999,-0.00042340000000000043,-0.0028741000000000001,0.0052049000000000002,-0.0024857,-0.0042802000000000005,0.0080502999999999998,0.0051762000000000006,0.0012051000000000002,0.0056406000000000008,0.0094219000000000004,-0.0032269999999999998,0.0040923999999999995,-0.0049857,0.0088839000000000001,-0.0029037999999999998,-0.0036078,0.010667299999999999,0.0018278000000000001,0.0082248000000000009,-0.010203799999999999,-0.0018662000000000002,-0.0016434000000000015,0.00045529999999999963,-0.0012340000000000001,-0.0126318,-0.022324499999999997,-0.00063689999999999971,-0.010728,-0.0016350000000000002,-0.00060929999999999969,-0.0055581999999999993,-0.0036194,0.0059021999999999989,-0.011405800000000001,-0.00021779999999999998,0.00080670000000000004,-0.0070185999999999998,0.0039667000000000001,0.0025634999999999998,-0.0020961999999999999,0.0019269999999999999,-0.0050844000000000002,0.0057756999999999999,-0.00020639999999999981,0.0012945000000000001,0.0062387999999999992,0.0020428,-0.0050267000000000003,0.0065022999999999999,0.0047032000000000003,0.0038626999999999993,-0.0057254000000000003,-0.00035590000000000014,0.0034901000000000003,-0.0023395000000000009,-0.00030949999999999999,0.0011903,-0.0077449999999999984,-0.0062446000000000003,0.0018185000000000002,-0.0114842,0.0020740999999999997,0.0040669999999999994,0.014907899999999998,-0.00014849999999999933,-0.0035339000000000004,0.0036267000000000001,0.0099457,-0.0044783999999999996,0.0030133,-0.0039621999999999999,-0.0013885,-0.00069009999999999991,-0.021943900000000002,0.0106853,0.0038221999999999996,0.006371400000000001,0.0075376999999999996,0.00053870000000000025,0.00022770000000000017,0.0011804000000000001,0.00022179999999999986,0.0029882999999999997,0.0010485,0.0014027000000000002,-0.0010469999999999998,-0.0019189999999999999,0.00076039999999999983,0.0027156999999999997,-0.0027619999999999997,-0.0026741000000000004,-0.00032799999999999995,-0.0002432,-0.0034206000000000006,-0.0040429999999999997,-0.0024653000000000001,-0.0050238000000000001,-0.0025176,0.0021691000000000002,0.003238,-0.0022943,0.00096859999999999958,0.0063902000000000004,0.0042998000000000003,-0.0041678999999999996,0.0016692,0.0091169000000000007,-0.0025772,0.0044768999999999998,0.0052991999999999996,-0.0027405999999999997,0.0025906999999999996,-0.0032347000000000009,0.0058306999999999994,-0.0013333000000000002,-0.0034521,0.0042591999999999994,0.00014079999999999995,-0.0026383999999999999,0.0044431000000000002,-0.0020782000000000005,0.00032420000000000018,0.0041397999999999999,-0.0046661999999999997,0.0017701000000000001,-0.0064968999999999999,-0.0013094999999999999,-0.014690600000000002,-0.0037063999999999999,-0.0053222,0.0026320000000000002,-0.00052340000000000004,-0.0025511000000000002,0.0011747000000000005,-0.0024011000000000002,0.0020152,0.00029730000000000002,0.00044030000000000008,0.00033080000000000013,-0.0037124000000000002,-0.00038000000000000002,0.0045766999999999995,-0.00017539999999999995,0.00080699999999999999,0.0015843999999999997,0.0011165999999999999,-0.0029997999999999999,0.0020248000000000002,-0.0031999000000000003,0.00013759999999999993,-0.0013489000000000001,0.0028468,-0.00012590000000000062,-0.0024158000000000001,-0.00055100000000000006,0.0018395,0.00026840000000000024,-0.0045275000000000011,0.0031186,0.0026779999999999994,0.0033847999999999999,0.00071319999999999999,0.0031935999999999996,-0.0025785999999999999,0.0012819999999999997,-0.00079679999999999942,0.0022331999999999994,0.00037769999999999991,-0.0001198000000000002,0.0024256,-0.00064950000000000034,0.0016405,-0.0030525999999999999,0.00045800000000000051,-0.0024242999999999999,0.0042590999999999992,-0.0017926999999999999,0.0031802000000000006,-0.00041470000000000005,-0.00033070000000000039,8.2699999999999788e-05,0.0039559999999999994,0.0037776999999999993,0.0028398999999999994,0.0031553000000000002,-0.0107365,0.0054438000000000004,-0.0014926000000000002,-0.00035620000000000004,0.00074899999999999999,0.0018019000000000004,-0.00017460000000000002,-0.0010772999999999998,0.00017029999999999997,0.0023166000000000003,-0.0018537,0.0019857,0.00076179999999999998,-0.00015839999999999995,0.001181,0.0012151,0.00061659999999999992,-0.0021430000000000004,0.0010586999999999999,0.0037330999999999996,-0.00078899999999999999,0.00010900000000000016,-0.00083359999999999999,6.3400000000000023e-05,-0.00028040000000000009,-0.0020504,-0.0046962000000000011,0.00060800000000000003,-0.00070110000000000007,0.0019551,0.0012301000000000002,-0.0022903999999999997,0.0021926000000000003,0.00045479999999999978,-0.0034548000000000001,-0.0017098999999999999,-0.0019852999999999997,0.0026211000000000003,0.0027818999999999999,0.0033390999999999998,-0.00072670000000000005,-0.00024390000000000002,-0.0015393000000000004,0.0011085000000000001,-0.00088940000000000004,0.00068599999999999998,-7.9000000000000511e-05,0.0068117000000000004,0.0053105000000000001,-0.0043243999999999999,0.0025650000000000004,-0.0043801999999999999,0.0014014000000000001,-0.0052293999999999995,0.00037459999999999989,0.0042672999999999999,0.0010881000000000003,0.0011000000000000003,0.0021420000000000002,-0.00043300000000000006,0.0050638000000000002,-0.0064077999999999991,0.0048217999999999994,0.0082439000000000002,-0.0051333999999999998,9.6100000000000005e-05,0.0004551,-0.0012825000000000004,0.0024374000000000002,0.0018974,0.0010771000000000001,0.00051099999999999995,-0.0010433999999999999,-0.00027120000000000003,-0.00013759999999999998,0.0010359,0.00055190000000000013,0.00038880000000000007,-0.00077150000000000005,0.00037399999999999993,-0.0012155,0.00054780000000000009,-0.0040813000000000004,-2.8299999999999983e-05,0.00019140000000000013,-0.0011075999999999998,0.0013541,-0.00089730000000000007,-0.0025474999999999994,-0.0013609,0.0013743,-0.0025186000000000002,0.0010650999999999998,0.00021940000000000013,0.0045207000000000008,-0.00063809999999999984,-0.00091049999999999996,3.1299999999999948e-05,-0.0018469000000000001,-0.00011930000000000003,0.0010884999999999998,0.0026568,-0.00043259999999999989,0.0011163,0.00041639999999999993,-0.0013794,-0.0020880000000000004,0.00080480000000000005,-0.00098360000000000006,0.0012707000000000005,-0.0012936,0.00013389999999999995,0.0015254000000000001,-0.0011486999999999999,-3.5200000000000042e-05,-5.8500000000000175e-05,-0.0018820000000000004,0.0011937999999999996,-0.0022445999999999998,-0.0026949999999999999,0.005032899999999999,-0.00042710000000000014,0.0035839999999999999,0.0026630000000000004,0.0017719000000000001,0.00036980000000000021,-0.00051320000000000011,0.002421,0.0063439999999999998,-0.0056226000000000002,0.0021960999999999999,0.0013972999999999998,-0.0072242999999999995,0.00013860000000000001,0.0019311000000000003,0.0002154,-0.00012859999999999998,0.00044060000000000003,0.00090499999999999999,-0.0021224,0.0002139,6.5199999999999959e-05,0.0013163000000000001,-0.0022463000000000001,-0.00030120000000000006,-0.00058269999999999991,0.00041580000000000013,-3.3400000000000053e-05,0.0017428000000000001,0.00055170000000000002,-0.0011871999999999998,0.00057269999999999999,0.0007166999999999998,0.00034489999999999998,-2.5400000000000075e-05,-0.00057680000000000003,0.00047460000000000004,0.00090010000000000003,0.0011406000000000001,-0.0016052000000000002,-0.0004751,0.0023687999999999999,-0.00036020000000000003,-0.00058579999999999993,-0.0003102,-0.00010730000000000001,2.3200000000000022e-05,0.00011879999999999993,0.0020924999999999997,-0.00091770000000000003,0.00061309999999999989,-2.0999999999998884e-06,0.00082310000000000022,-0.00015240000000000002,0.0016289,-0.0021404000000000002,0.00086300000000000005,0.00025509999999999997,3.4400000000000077e-05,0.00099870000000000015,-0.0025535000000000002,-0.0019241999999999998,0.00018369999999999999,0.00058210000000000011,-0.0012328999999999999,0.00088139999999999996,0.0010848999999999998,0.0040766999999999999,0.00022180000000000019,-0.0017133999999999999,-0.00072670000000000037,-0.00015280000000000003,-0.0016146000000000001,-0.00042239999999999997,-0.0015032000000000001,0.0017229000000000001,-0.00017540000000000004,-0.0032776000000000003,0.0030614000000000001,-0.0029674000000000002,-7.0000000000000075e-06,0.0010529000000000001,0.00037649999999999999,0.00086559999999999979,-0.0014432,-0.003957099999999999,-0.0039405000000000004,0.00024229999999999998,-2.5300000000000019e-05
aug_between_class_right_pair0004_child01,Healthy,0,0,Augmented,0,0,0,0,0,0.30294169999999998,2.0879640999999998,9.9999999999999995e-07,-9.9999999999999995e-08,9.0000000000000007e-07,1.0119421,0,0.056317899999999997,-0.1242896,0.0065706000000000028,0.0723829,-0.097756300000000004,0.085299399999999997,-0.0061119000000000008,0.006549000000000001,-0.0030111999999999986,-0.14698910000000001,0.3102684,-0.046514899999999998,-0.073247800000000002,0.12929000000000002,-0.018517800000000001,-0.0163406,-0.0038663999999999999,-0.065461800000000001,0.022192899999999998,0.044260399999999998,-0.0307143,0.0149179,-0.082315900000000011,0.0150689,0.049004600000000002,-0.0045272000000000003,0.019447300000000001,0.0167472,-0.052522200000000005,0.033964899999999999,-0.036471600000000007,-0.1087939,0.1050425,-0.08288319999999999,0.1607875,-0.035683699999999999,0.0097623999999999992,-0.012011200000000001,-0.017809499999999999,-0.0076533000000000009,0.0025022999999999998,0.032421599999999995,-0.00022069999999999989,-0.0106835,-0.0050416999999999997,-0.028219600000000001,0.015868699999999999,0.028816000000000001,0.016187400000000001,0.018651000000000001,-0.0086039000000000011,0.0060498000000000001,0.019308499999999999,-0.042402099999999998,0.0020350999999999998,-0.002253600000000001,-0.020929200000000002,0.017936400000000002,-0.080420100000000008,-0.0057625999999999997,-0.0060535999999999993,-0.042231100000000001,0.0061804000000000008,-0.0028452999999999998,0.0023307000000000002,0.016648099999999999,0.014615699999999999,0.0069918999999999997,-0.013914100000000002,0.0060882000000000002,0.0042934999999999996,-0.0028376,0.0051643000000000001,0.0041267999999999999,-0.013991900000000002,0.0096162000000000001,0.0048107999999999996,0.0074094999999999994,-0.0126561,-0.015295100000000001,0.019548099999999999,-0.0154109,-0.0021646000000000009,0.0045021000000000011,0.0017330000000000002,0.00069549999999999994,-0.013147499999999999,-0.0082184000000000007,0.011540000000000002,-0.017508099999999999,-0.0038252000000000017,0.033369300000000005,0.0159568,0.019698999999999998,-0.012377800000000001,-0.00088059999999999961,0.0025091000000000002,-0.0022271000000000001,-0.0054313,0.0067416999999999998,-0.00054799999999999988,-0.0031578999999999999,1.1900000000000018e-05,0.0011754000000000001,-0.0043627000000000006,-0.0035532999999999997,0.0094323000000000011,0.011808600000000001,0.0067146000000000011,0.0013004,0.013075300000000002,-0.011795799999999999,0.0034148,0.00034510000000000096,0.0092175,0.0047219999999999996,-0.0072789000000000005,0.0134816,-0.008636099999999999,0.0024981000000000001,-0.012857199999999999,-0.0045173000000000001,0.0095655999999999988,0.010414900000000001,0.0068551000000000011,0.0048440999999999996,-0.0057476999999999997,-0.0044424,-0.014988000000000001,-0.013891299999999999,0.0133329,0.0012797999999999998,-0.0010190000000000002,0.0035187999999999999,0.0030172000000000003,-0.0011711,-0.00053379999999999986,-0.00068639999999999999,0.00034610000000000001,0.0016136000000000002,-0.0077321999999999998,0.00031329999999999997,-0.0017581999999999999,0.0011989000000000001,-0.0012511999999999996,0.0019541999999999997,0.00082140000000000012,0.00013880000000000001,-0.006715500000000001,-0.00030630000000000002,0.00043810000000000029,-0.0065093,-0.0093831000000000001,-0.006157000000000001,0.0059800999999999995,0.0048237000000000002,0.0031655000000000003,-0.0022959,-0.0031831000000000003,-0.0031297999999999999,-0.0010799,-0.0099679999999999994,0.0010118,0.0106315,0.0078965000000000007,0.012530099999999999,-0.0088035000000000006,0.0055481000000000003,0.0027265999999999992,0.0083803999999999997,0.0018484,0.011172899999999999,0.0014583,0.0058256000000000011,-0.016182200000000001,-0.011362100000000002,0.0046810000000000011,-0.014822699999999999,0.016236200000000003,-0.0013023000000000002,0.00043719999999999978,0.0010112000000000001,-0.00092229999999999981,-0.0018434999999999999,0.0039895,0.0014295,0.00030810000000000006,0.00029040000000000055,0.0021828000000000004,0.00099989999999999996,-0.0027485000000000001,0.00069550000000000005,-0.0016172999999999999,0.00045019999999999999,-0.0021780000000000002,0.0018296000000000005,-0.00069329999999999999,-0.00063580000000000017,-0.0030962000000000003,-0.0012638999999999997,0.00085020000000000007,-0.0042850000000000006,-0.0064116999999999993,-0.00071369999999999984,0.0040615,0.00030260000000000009,0.0061500000000000001,0.0052450999999999999,-0.0020250000000000003,-0.00063709999999999993,0.0062642000000000002,-0.0027181000000000002,-0.0065791000000000001,0.0002365999999999999,0.0059847999999999993,0.0009306999999999998,-0.0032355000000000005,0.0077575999999999999,0.0038868999999999996,-0.0053459000000000007,0.0012779000000000002,0.0012703,-0.0054086000000000013,0.0045030000000000001,0.0035543000000000007,0.012982,-0.0020788999999999998,0.0046186999999999999,0.0042966999999999997,-0.016002799999999998,0.0001546000000000004,0.00098050000000000003,-0.0020714000000000002,-0.00079509999999999997,-5.2899999999999822e-05,0.00062080000000000034,-0.00035160000000000004,0.0006538999999999999,-0.0012179999999999999,-0.0031261000000000001,-0.0024892999999999998,0.00015599999999999997,0.0030912000000000001,0.0001584999999999999,0.0037694000000000009,0.00025479999999999991,-5.030000000000003e-05,0.0010705000000000003,0.0020860000000000002,-0.00075749999999999993,6.6700000000000049e-05,0.0036029,0.0024345,0.0011411000000000001,-0.0024833000000000004,0.00010860000000000015,0.00043800000000000002,-0.0075353999999999994,0.0027145999999999997,-0.00013919999999999948,-0.0029382000000000002,0.0027380999999999998,0.0021304000000000002,0.0015652999999999999,-0.0017675999999999998,-0.00076199999999999998,0.002457,0.00043149999999999997,0.0011931999999999999,0.00085189999999999984,-6.9999999999952912e-07,-0.0038624000000000002,-0.00027129999999999998,0.0010931999999999999,0.0024694999999999999,0.0012876999999999997,0.0055060999999999999,-0.0081201999999999993,-0.0019040000000000003,-0.00084819999999999991,0.0016665,0.00035960000000000028,-0.0062841000000000008,0.015032500000000001,-0.0016209,0.0103891,-0.0018054999999999998,-0.0019482000000000002,-0.0019659999999999999,-0.00079650000000000012,0.0015077000000000001,-0.0015745999999999998,-0.0011214,-0.0020311000000000001,-0.00094590000000000017,0.0019756000000000001,-0.0035345999999999997,0.0020647,0.0025503000000000001,-0.0036065000000000003,0.0038284,0.0011068,-0.0031782999999999998,0.0016130000000000003,-0.0012036999999999998,0.0012305999999999999,0.001011,-0.0011478,0.00055689999999999982,0.0012309,-0.0012251,-0.00021480000000000002,-0.00084529999999999989,-0.00073060000000000019,0.00057939999999999999,-0.0014632999999999998,0.00098679999999999992,0.0010505000000000002,0.0016623999999999999,-0.00020109999999999996,-0.00054509999999999997,-0.0025078000000000001,-0.0013764000000000001,-0.00021899999999999996,-0.0019645000000000001,0.0014529999999999999,0.00011980000000000009,-0.0011757999999999998,0.0019432,-0.0017530000000000002,-0.0041636999999999993,0.0010990000000000002,0.0034898000000000004,0.0023308999999999999,-0.0011988999999999999,-0.0019469999999999999,-0.00030860000000000002,-0.0021489999999999999,-0.0018054999999999998,-0.00098130000000000049,0.00057510000000000026,0.0050908000000000004,0.0037296,-0.0023900000000000002,0.0033306000000000004,-0.0050789999999999993,-0.0015433000000000009,0.0032470000000000008,0.0029166999999999999,0.0094372999999999992,-0.0024919999999999999,-0.0011602000000000001,0.00090209999999999986,-0.00025270000000000002,-0.00043289999999999984,-0.0012171999999999999,-0.00024629999999999997,5.5000000000000036e-05,0.00010910000000000002,0.0010240000000000002,0.0022864000000000001,-0.00030340000000000006,0.001,-0.0031633000000000004,-0.00049019999999999988,0.00031639999999999994,-0.0018353,-0.00026209999999999997,0.00035040000000000028,-0.00032070000000000015,-0.00073920000000000008,-0.0026356999999999999,0.00062370000000000004,-0.00036919999999999998,-0.0020223000000000003,0.0006781999999999999,0.00022360000000000001,-0.00099830000000000014,-0.0012834000000000001,0.00050390000000000005,0.0013956000000000001,0.0015550999999999998,-0.00019989999999999998,-0.00068470000000000011,-0.0025800000000000003,9.1299999999999997e-05,-0.0021031000000000001,0.0017151,0.00098489999999999992,0.00039039999999999995,-0.00047010000000000004,-0.0023065000000000004,-0.0048457999999999999,-0.0018834000000000001,0.00051409999999999997,-0.0029965999999999999,0.0011441999999999997,-0.0013974,0.0014010999999999997,-0.0022433000000000002,-0.0012293999999999996,-0.0010213000000000002,0.0013939999999999998,-0.00021160000000000016,0.00086670000000000041,0.00084029999999999999,0.000183,-0.0047820000000000007,-0.0027529999999999998,0.0031148,-0.0024977999999999997,0.0013322,-0.0011007,0.0019824,0.0002840999999999998,-0.0051798,0.0016005000000000001,-7.0799999999999769e-05,-0.00022820000000000002,0.0035229000000000007,2.4000000000000041e-06,0.00033140000000000003,-0.00022489999999999994,-0.0009211,0.00047840000000000003,-0.0012905,0.0013414,-0.00013070000000000003,-0.0017110000000000001,-0.0010252,-0.00074140000000000013,0.0001405,-0.00038309999999999999,-0.00088210000000000003,0.00091770000000000013,-0.0006154000000000001,0.0015085000000000003,0.00075280000000000008,-0.00087489999999999985,-0.0003879,0.0018228000000000001,0.00046939999999999997,-0.00064880000000000005,-0.00031369999999999998,0.0017493000000000001,-0.0007742999999999999,0.0028717999999999999,4.3000000000000029e-06,-0.0023298999999999993,0.0011568000000000004,0.0012232999999999999,0.00079739999999999987,-0.0033354999999999999,-0.0012508999999999999,0.00047359999999999991,-0.0010360999999999999,-0.0001705,0.0011217000000000002,-0.0025699999999999994,-0.0016769000000000003,-0.0010666999999999999,-0.0027358,-0.0013840999999999997,0.00039840000000000003,0.0024752999999999997,6.3500000000000188e-05,-0.00035059999999999996,-7.3299999999999993e-05,0.0018534000000000001,-0.0025641000000000006,-0.00020620000000000002,0.0021232,0.0014889,-0.00058220000000000017,0.0015241999999999999,-0.0017631999999999999,0.0046226999999999996,0.00042950000000000019,-0.0023373999999999999,0.00065539999999999999,-0.0016766000000000001,0.0019352,0.00034420000000000002,-0.0049985999999999997,-0.0024378000000000008,0.00013040000000000003,-0.0054435000000000004,0.0043839999999999999,-0.0037634000000000001,0.0036151999999999998,-0.0044348999999999994,-0.0024923000000000007,-0.00040420000000000001,-0.0047997999999999999,-0.0019062999999999999
aug_between_class_right_pair0004_child02,Healthy,0,0,Augmented,0,0,0,0,0,0.30081039999999998,2.0654871999999997,1.0000000000000002e-06,-1.9999999999999999e-07,7.9999999999999996e-07,1.0090722000000001,0,0.055293799999999997,-0.12469820000000001,0.0083072000000000007,0.072720800000000002,-0.097080600000000003,0.082430799999999999,-0.0067758000000000002,0.0057630000000000008,-0.0036203999999999993,-0.14544020000000002,0.31192780000000003,-0.051275799999999996,-0.069602600000000001,0.130385,-0.019040599999999998,-0.015965200000000002,-0.0038048000000000001,-0.0633436,0.0226698,0.043241799999999997,-0.0307546,0.0139788,-0.082919800000000002,0.015287800000000001,0.047863200000000002,-0.0039313999999999998,0.016949599999999999,0.015626399999999999,-0.0522484,0.0333788,-0.036246199999999999,-0.10614180000000001,0.10231700000000001,-0.079194399999999998,0.16331700000000002,-0.034172399999999999,0.0105348,-0.0113744,-0.017233999999999999,-0.0070806000000000011,0.0032966000000000002,0.033332199999999999,-1.5400000000000049e-05,-0.010887000000000001,-0.0050933999999999979,-0.0297422,0.015883399999999999,0.029222999999999999,0.015780800000000001,0.019157,-0.0079708000000000001,0.0041896000000000008,0.018062000000000002,-0.042416200000000001,0.0014741999999999997,-0.0013232000000000001,-0.0194164,0.019111799999999998,-0.07978120000000001,-0.0061491999999999996,-0.0069671999999999963,-0.043704199999999999,0.004422800000000001,-0.0026846000000000001,0.0020724000000000003,0.016621199999999999,0.0139994,0.0067577999999999996,-0.012700200000000002,0.0061424000000000001,0.0040999999999999995,-0.0027872000000000001,0.0048766,0.0036836000000000004,-0.014019800000000001,0.0092794000000000001,0.0050165999999999995,0.0068629999999999993,-0.012401200000000001,-0.014994199999999999,0.018942199999999999,-0.0153908,-0.0024892000000000004,0.0040601999999999991,0.0015650000000000004,0.00059200000000000008,-0.012591,-0.0079938000000000023,0.009921000000000001,-0.016647200000000001,-0.0051694000000000011,0.032474600000000006,0.0155336,0.019871,-0.0113676,-0.00012819999999999997,0.0023742000000000004,-0.0023222,-0.0057115999999999998,0.0065593999999999991,-0.00094599999999999936,-0.0024667999999999999,-0.00014019999999999994,0.0019407999999999995,-0.0038824000000000003,-0.0034505999999999998,0.0089756000000000002,0.0116452,0.0062091999999999998,0.0012907999999999999,0.0129636,-0.0112376,0.0038335999999999999,-3.780000000000016e-05,0.0095139999999999999,0.0043889999999999997,-0.0075048000000000007,0.013185200000000001,-0.0082322000000000003,0.0026302000000000001,-0.012728400000000001,-0.0045266000000000004,0.0091062000000000001,0.010321799999999999,0.0060152000000000018,0.0043841999999999996,-0.0070493999999999991,-0.0043898000000000001,-0.014657,-0.0130136,0.0116308,0.0012566000000000001,-0.0018060000000000003,0.0042576000000000011,0.0022634000000000005,-0.0013162,-0.00048859999999999984,-0.00088880000000000003,-3.7999999999999839e-06,0.0017152000000000001,-0.0070684000000000007,0.00041959999999999995,-0.0018973999999999998,0.0012528000000000001,-0.00088639999999999986,0.0021543999999999999,0.00099279999999999985,0.00026959999999999999,-0.0060660000000000002,0.00010840000000000003,0.00044120000000000032,-0.0063606000000000001,-0.0096031999999999992,-0.0060330000000000002,0.0060482000000000001,0.0042944000000000003,0.0032910000000000001,-0.0024667999999999999,-0.0032582000000000002,-0.0030325999999999999,-0.00071079999999999993,-0.010231000000000001,0.0011635999999999999,0.010114999999999999,0.0076959999999999997,0.0114892,-0.0091920000000000005,0.0053922000000000006,0.0025011999999999986,0.0080248000000000003,0.0025008000000000001,0.010654800000000001,0.00084159999999999964,0.005401200000000001,-0.016208399999999998,-0.010396200000000001,0.0039890000000000004,-0.014109399999999999,0.015968400000000001,-0.0014896000000000002,0.00034540000000000005,0.00094840000000000007,-0.0010185999999999999,-0.001815,0.0038480000000000003,0.0014390000000000002,0.00046720000000000008,-0.00031119999999999976,0.0020956000000000004,0.0010118,-0.0025710000000000004,0.00035799999999999992,-0.0015836000000000001,0.00060139999999999998,-0.0021619999999999999,0.0014102000000000001,-0.00072060000000000006,-0.0009496000000000001,-0.0030444000000000001,-0.00094979999999999978,0.00072640000000000009,-0.003901,-0.0060864000000000005,-0.0003684000000000005,0.0040679999999999996,9.5200000000000146e-05,0.0059100000000000003,0.0054962000000000006,-0.0018570000000000001,-0.00046120000000000004,0.0059404000000000002,-0.0027292000000000002,-0.005872200000000001,-0.00014480000000000016,0.0060775999999999998,0.00061640000000000024,-0.0029570000000000004,0.0077862000000000001,0.0035737999999999998,-0.0047527999999999997,0.0014058,0.0010286000000000002,-0.0057272,0.0045119999999999995,0.0028326000000000002,0.012644000000000001,-0.0029068000000000002,0.0043904,0.0033334000000000011,-0.0161426,-0.00027580000000000052,0.00098700000000000003,-0.0020388000000000003,-0.00096519999999999993,0.00037320000000000018,0.00044160000000000033,-0.00052220000000000001,0.00059180000000000007,-0.0010560000000000001,-0.0030011999999999999,-0.0024015999999999998,1.1999999999999994e-05,0.0033354000000000001,0.00066299999999999974,0.0035238000000000005,6.4599999999999944e-05,-0.00028260000000000004,0.00075999999999999993,0.0021680000000000002,-0.00096899999999999981,0.0001994,0.0035788,0.0020770000000000003,0.0013611999999999999,-0.0023456000000000002,0.00028019999999999998,0.00034099999999999994,-0.0072468000000000003,0.0024422000000000003,0.00028960000000000053,-0.0031334000000000006,0.0030162000000000001,0.0023808000000000002,0.0017726,-0.0016731999999999999,-0.00045899999999999994,0.0024789999999999994,0.00019599999999999997,0.00094939999999999966,0.00085279999999999991,0.00056459999999999995,-0.0042158000000000004,-0.00025259999999999996,0.00080640000000000009,0.0025479999999999999,0.00090139999999999968,0.0053282000000000008,-0.0078213999999999992,-0.0014719999999999998,-0.0013554000000000001,0.001534,-2.4800000000000603e-05,-0.0057182000000000005,0.014941000000000001,-0.0015658000000000002,0.0098921999999999986,-0.0027320000000000001,-0.0019683999999999999,-0.0018100000000000002,-0.00084499999999999994,0.0013434,-0.0012592000000000002,-0.0011678000000000003,-0.0018252000000000001,-0.00097379999999999971,0.0020682000000000001,-0.0033702000000000003,0.0019264,0.0024386,-0.0032720000000000002,0.0036207999999999995,0.00086559999999999979,-0.0030296000000000003,0.0014390000000000002,-0.0010403999999999997,0.0010792,0.0013079999999999999,-0.0011236000000000002,0.00031679999999999979,0.0012077999999999998,-0.0012382000000000001,-0.00044260000000000002,-0.00065660000000000002,-0.00084420000000000014,0.00034779999999999989,-0.0015826,0.0011696,0.0014350000000000005,0.0010827999999999999,-0.00033619999999999993,-0.00024620000000000002,-0.0025446000000000002,-0.0013888000000000001,-0.00019299999999999997,-0.0018340000000000001,0.0016969999999999999,0.00024660000000000003,-0.0012635999999999999,0.0016474,-0.0019780000000000006,-0.0034813999999999999,0.0011559999999999999,0.0031456000000000001,0.0027128,-0.00084479999999999993,-0.0020639999999999999,-0.00045520000000000006,-0.002359,-0.0016819999999999999,-0.00078460000000000031,0.00057820000000000007,0.0049586000000000005,0.0035912000000000006,-0.002712,0.0029582000000000002,-0.0044079999999999996,-0.0015546000000000015,0.0029760000000000012,0.0028173999999999999,0.0095826000000000001,-0.0028649999999999999,-0.0010864,0.00086319999999999995,-0.00032240000000000003,-0.00052980000000000008,-0.00099439999999999988,-0.00034259999999999998,1.2000000000000021e-05,0.00012319999999999999,0.00081100000000000031,0.0019897999999999999,-0.00027080000000000002,0.00084200000000000008,-0.0031246000000000004,-0.00019440000000000001,0.00042579999999999994,-0.0018096,-0.0002832,0.00023980000000000008,-0.00023839999999999972,-0.0006334,-0.0024853999999999996,0.00075639999999999995,-0.00041740000000000006,-0.0021896000000000003,0.00065140000000000011,0.00028219999999999997,-0.0011876,-0.0010807999999999998,0.00050880000000000022,0.0013992,0.0014792,-0.0003568,-0.00026640000000000019,-0.0022100000000000002,0.00021159999999999997,-0.0018762000000000006,0.0017371999999999999,0.0007138,0.0006827999999999999,-0.00025220000000000006,-0.0021120000000000002,-0.0043166000000000003,-0.0018268000000000004,0.00050819999999999988,-0.0028792000000000002,0.00059339999999999979,-0.0012868000000000001,0.0017182,-0.0022325999999999999,-0.0008747999999999998,-0.0009946,0.001137,-6.8200000000000031e-05,0.00061040000000000031,0.00077460000000000007,0.00038099999999999999,-0.0045250000000000004,-0.0024169999999999999,0.0035036000000000004,-0.0022166,0.0015194,-0.00085340000000000014,0.0019488000000000001,0.00075120000000000026,-0.0050276000000000001,0.00141,-0.00024359999999999985,-0.0007844000000000002,0.0034148000000000008,9.0799999999999957e-05,0.00032979999999999999,-0.00021880000000000001,-0.0010372000000000001,0.00057980000000000011,-0.0013059999999999999,0.0014648,-0.00035040000000000006,-0.0017250000000000002,-0.0010804,-0.00069580000000000011,-0.0001020000000000002,-0.00042619999999999995,-0.00075920000000000002,0.00088840000000000013,-0.00058480000000000012,0.0015809999999999999,0.00076360000000000002,-0.0010068,-0.00010079999999999996,0.0018586,0.0002788,-0.00051560000000000006,-0.0003704,0.0016806,-0.00055759999999999989,0.0030136,7.2600000000000003e-05,-0.0021288000000000001,0.00099960000000000023,0.0010816000000000001,0.00064080000000000007,-0.0031240000000000005,-0.00096079999999999994,0.00054120000000000004,-0.0011212000000000001,-0.000321,0.0010704000000000004,-0.0026119999999999997,-0.0013828000000000002,-0.00091339999999999987,-0.0026896000000000003,-0.0011942000000000001,0.00044880000000000007,0.0024916000000000001,0.00010699999999999989,-0.00021619999999999994,-0.00014059999999999995,0.0020248000000000002,-0.0026081999999999998,-0.0004194,0.0020683999999999998,0.0014277999999999999,-0.00050440000000000012,0.0016293999999999996,-0.0017624000000000003,0.0044313999999999994,0.00017400000000000011,-0.0021767999999999996,0.00073280000000000003,-0.0018062000000000002,0.0020763999999999999,0.00059639999999999975,-0.0047632000000000004,-0.0020196000000000003,9.3800000000000112e-05,-0.005071,0.0042630000000000012,-0.0036858000000000004,0.0039823999999999997,-0.0037948000000000001,-0.0023026000000000001,-0.00040640000000000001,-0.0049105999999999993,-0.0017786000000000002
aug_between_class_right_pair0004_child03,Healthy,0,0,Augmented,0,0,0,0,0,0.29867909999999998,2.0430102999999997,9.9999999999999995e-07,-2.9999999999999993e-07,6.9999999999999986e-07,1.0062023,4.1359030627651384e-25,0.054269699999999997,-0.12510679999999999,0.010043800000000006,0.073058700000000004,-0.096404900000000002,0.0795622,-0.0074396999999999996,0.0049769999999999997,-0.0042296,-0.1438913,0.31358720000000001,-0.056036699999999995,-0.065957399999999999,0.13147999999999999,-0.019563400000000002,-0.015589800000000001,-0.0037431999999999999,-0.061225399999999999,0.023146699999999999,0.042223200000000002,-0.030794900000000004,0.0130397,-0.083523700000000006,0.0155067,0.046721800000000001,-0.0033356000000000011,0.014451899999999998,0.014505599999999999,-0.051974600000000003,0.032792700000000001,-0.036020800000000006,-0.10348969999999999,0.099591499999999999,-0.075505599999999992,0.16584650000000001,-0.032661099999999998,0.0113072,-0.0107376,-0.0166585,-0.0065079000000000014,0.0040908999999999997,0.034242799999999997,0.00018989999999999936,-0.0110905,-0.0051450999999999997,-0.031264800000000002,0.015898100000000002,0.02963,0.015374200000000001,0.019663,-0.0073377000000000008,0.0023294000000000001,0.016815500000000001,-0.042430300000000004,0.0009132999999999997,-0.00039280000000000044,-0.017903600000000002,0.020287200000000002,-0.079142299999999999,-0.0065357999999999996,-0.0078808000000000003,-0.045177300000000004,0.0026652000000000004,-0.0025238999999999999,0.0018141000000000003,0.016594299999999999,0.013383099999999998,0.0065236999999999995,-0.011486300000000001,0.0061966,0.0039065000000000003,-0.0027367999999999997,0.0045888999999999999,0.0032404000000000005,-0.0140477,0.0089426000000000002,0.0052223999999999994,0.0063164999999999992,-0.0121463,-0.014693299999999999,0.0183363,-0.015370700000000001,-0.0028138000000000008,0.0036182999999999988,0.0013969999999999998,0.00048850000000000022,-0.0120345,-0.0077692000000000004,0.0083020000000000004,-0.0157863,-0.0065136000000000013,0.031579899999999994,0.0151104,0.020042999999999998,-0.010357400000000001,0.00062420000000000054,0.0022393000000000001,-0.0024172999999999998,-0.0059918999999999997,0.0063770999999999993,-0.0013440000000000001,-0.0017757000000000003,-0.0002923,0.0027061999999999998,-0.0034020999999999999,-0.0033479,0.0085188999999999994,0.0114818,0.0057038000000000002,0.0012811999999999999,0.012851899999999999,-0.0106794,0.0042523999999999999,-0.00042069999999999955,0.0098104999999999998,0.0040559999999999997,-0.0077307000000000001,0.012888800000000001,-0.0078282999999999998,0.0027623000000000001,-0.012599599999999999,-0.0045358999999999998,0.0086467999999999996,0.0102287,0.005175299999999999,0.0039242999999999995,-0.0083511000000000002,-0.0043372000000000003,-0.014326,-0.0121359,0.0099286999999999986,0.0012333999999999999,-0.0025929999999999998,0.0049964000000000007,0.0015095999999999998,-0.0014613,-0.00044339999999999999,-0.0010911999999999999,-0.00035369999999999998,0.0018167999999999999,-0.0064045999999999999,0.00052589999999999994,-0.0020366,0.0013067,-0.00052159999999999988,0.0023546000000000001,0.0011642000000000002,0.00040039999999999997,-0.0054164999999999994,0.00052309999999999987,0.00044430000000000012,-0.0062118999999999994,-0.0098233000000000001,-0.0059090000000000002,0.0061162999999999999,0.0037651,0.0034165000000000003,-0.0026377000000000002,-0.0033333,-0.0029353999999999999,-0.0003416999999999999,-0.010494,0.0013154000000000002,0.0095984999999999977,0.0074955000000000004,0.010448300000000001,-0.0095805000000000005,0.0052363000000000002,0.0022758000000000006,0.007669200000000001,0.0031532000000000001,0.0101367,0.00022489999999999923,0.0049768,-0.016234599999999998,-0.0094303000000000008,0.0032970000000000005,-0.013396099999999999,0.015700600000000002,-0.0016769000000000003,0.00025359999999999988,0.00088560000000000006,-0.0011148999999999998,-0.0017864999999999999,0.0037064999999999997,0.0014484999999999999,0.00062629999999999999,-0.00091280000000000007,0.0020083999999999996,0.0010237,-0.0023934999999999998,2.0499999999999956e-05,-0.0015498999999999999,0.00075259999999999997,-0.0021459999999999999,0.00099080000000000023,-0.00074789999999999991,-0.0012633999999999998,-0.0029926000000000002,-0.00063569999999999989,0.00060260000000000012,-0.0035170000000000006,-0.0057610999999999999,-2.3099999999999423e-05,0.0040745,-0.00011220000000000013,0.0056699999999999997,0.0057473000000000003,-0.001689,-0.00028529999999999972,0.0056166000000000002,-0.0027403000000000002,-0.0051652999999999994,-0.00052619999999999989,0.0061703999999999995,0.00030210000000000024,-0.0026785000000000003,0.0078147999999999985,0.0032606999999999996,-0.0041597000000000005,0.0015337,0.00078690000000000021,-0.0060457999999999996,0.0045209999999999998,0.0021109000000000002,0.012305999999999999,-0.0037347000000000014,0.0041621000000000002,0.0023700999999999991,-0.016282399999999995,-0.00070620000000000101,0.00099350000000000003,-0.0020062000000000001,-0.0011352999999999997,0.00079930000000000018,0.00026239999999999987,-0.00069280000000000003,0.00052969999999999992,-0.00089399999999999994,-0.0028763,-0.0023138999999999998,-0.00013200000000000001,0.0035796000000000001,0.0011674999999999997,0.0032782000000000002,-0.00012560000000000002,-0.00051489999999999999,0.00044949999999999981,0.0022500000000000003,-0.0011805000000000001,0.00033210000000000005,0.0035547,0.0017194999999999999,0.0015813000000000001,-0.0022079000000000005,0.00045180000000000014,0.00024400000000000008,-0.0069581999999999995,0.0021697999999999995,0.00071840000000000033,-0.0033286000000000001,0.0032943,0.0026312000000000002,0.0019799000000000001,-0.0015788,-0.00015599999999999989,0.0025010000000000002,-3.949999999999993e-05,0.0007055999999999997,0.00085369999999999999,0.0011299000000000001,-0.0045691999999999998,-0.00023389999999999999,0.00051959999999999984,0.0026264999999999999,0.00051509999999999924,0.0051503,-0.0075225999999999991,-0.0010400000000000001,-0.0018626000000000005,0.0014015,-0.00040920000000000019,-0.0051522999999999994,0.0148495,-0.0015106999999999996,0.0093953000000000005,-0.0036584999999999994,-0.0019885999999999997,-0.0016540000000000001,-0.00089349999999999987,0.0011791,-0.00094379999999999941,-0.0012142000000000001,-0.0016192999999999997,-0.0010016999999999999,0.0021608,-0.0032058,0.0017880999999999999,0.0023268999999999998,-0.0029375,0.0034131999999999995,0.0006244,-0.0028808999999999996,0.0012650000000000001,-0.00087709999999999991,0.00092780000000000011,0.0016049999999999999,-0.0010993999999999999,7.669999999999975e-05,0.0011846999999999999,-0.0012512999999999999,-0.00067040000000000003,-0.00046790000000000004,-0.00095780000000000008,0.00011620000000000011,-0.0017019000000000001,0.0013523999999999999,0.0018194999999999999,0.00050319999999999944,-0.00047129999999999996,5.2700000000000143e-05,-0.0025814000000000002,-0.0014011999999999998,-0.00016699999999999999,-0.0017034999999999997,0.001941,0.00037339999999999986,-0.0013513999999999998,0.0013516000000000001,-0.0022030000000000001,-0.0027990999999999992,0.0012129999999999997,0.0028014000000000003,0.0030946999999999997,-0.00049069999999999995,-0.0021810000000000002,-0.0006018000000000001,-0.0025690000000000001,-0.0015584999999999996,-0.00058790000000000014,0.00058130000000000009,0.0048263999999999998,0.0034527999999999994,-0.0030339999999999998,0.0025858000000000001,-0.0037369999999999994,-0.0015658999999999985,0.0027050000000000008,0.0027181000000000002,0.0097278999999999994,-0.003238,-0.0010126,0.00082429999999999992,-0.00039209999999999983,-0.00062669999999999989,-0.00077159999999999989,-0.00043889999999999999,-3.1000000000000049e-05,0.0001373,0.00059800000000000001,0.0016931999999999997,-0.00023819999999999999,0.00068399999999999993,-0.0030858999999999999,0.00010139999999999997,0.0005352,-0.0017838999999999999,-0.00030429999999999997,0.0001292000000000001,-0.00015609999999999995,-0.00052760000000000003,-0.0023350999999999997,0.00088909999999999998,-0.00046559999999999999,-0.0023569000000000003,0.00062459999999999989,0.00034079999999999999,-0.0013768999999999999,-0.00087819999999999955,0.00051370000000000018,0.0014028000000000001,0.0014033000000000001,-0.00051369999999999996,0.00015189999999999995,-0.0018400000000000001,0.00033189999999999999,-0.0016493000000000002,0.0017593000000000001,0.00044269999999999997,0.00097519999999999996,-3.4300000000000237e-05,-0.0019174999999999999,-0.0037873999999999998,-0.0017702,0.00050230000000000001,-0.0027618,4.2599999999999843e-05,-0.0011761999999999999,0.0020353000000000003,-0.0022218999999999997,-0.00052019999999999953,-0.00096790000000000005,0.00087999999999999992,7.5200000000000093e-05,0.00035409999999999999,0.00070889999999999994,0.00057900000000000009,-0.0042680000000000001,-0.002081,0.0038923999999999999,-0.0019353999999999994,0.0017066,-0.00060610000000000026,0.0019151999999999999,0.0012182999999999999,-0.0048754000000000002,0.0012195000000000001,-0.00041639999999999993,-0.0013405999999999995,0.0033067000000000001,0.00017920000000000002,0.00032820000000000001,-0.00021270000000000002,-0.0011532999999999999,0.00068119999999999997,-0.0013215,0.0015881999999999999,-0.00057010000000000003,-0.0017389999999999999,-0.0011356000000000001,-0.00065019999999999998,-0.00034449999999999986,-0.00046930000000000002,-0.00063630000000000002,0.00085910000000000012,-0.00055419999999999992,0.0016535,0.00077439999999999996,-0.0011387000000000001,0.00018630000000000008,0.0018943999999999994,8.8199999999999975e-05,-0.00038239999999999997,-0.00042709999999999981,0.0016118999999999999,-0.00034089999999999988,0.0031554,0.00014090000000000001,-0.0019276999999999996,0.00084240000000000009,0.0009398999999999997,0.00048420000000000001,-0.0029124999999999997,-0.00067069999999999999,0.00060880000000000005,-0.0012063,-0.00047149999999999991,0.0010191000000000002,-0.0026539999999999997,-0.0010887000000000002,-0.00076009999999999999,-0.0026433999999999997,-0.0010042999999999996,0.00049919999999999999,0.0025078999999999995,0.00015050000000000003,-8.1799999999999928e-05,-0.00020789999999999998,0.0021962000000000001,-0.0026522999999999998,-0.00063260000000000009,0.0020135999999999999,0.0013666999999999998,-0.00042660000000000007,0.0017345999999999998,-0.0017615999999999999,0.0042401000000000001,-8.1499999999999975e-05,-0.0020162000000000001,0.00081019999999999985,-0.0019357999999999999,0.0022176000000000001,0.00084859999999999992,-0.0045278000000000002,-0.0016014000000000007,5.7199999999999764e-05,-0.0046985000000000004,0.0041419999999999998,-0.0036081999999999998,0.0043496000000000003,-0.0031546999999999999,-0.0021129,-0.00040860000000000001,-0.0050213999999999996,-0.0016509000000000001
aug_between_class_right_pair0004_child04,Healthy,0,0,Augmented,0,0,0,0,0,0.29654779999999997,2.0205333999999997,9.9999999999999995e-07,-3.9999999999999993e-07,5.9999999999999997e-07,1.0033324000000001,0,0.053245599999999997,-0.1255154,0.011780400000000002,0.073396600000000006,-0.095729200000000014,0.076693600000000001,-0.0081036000000000007,0.0041910000000000003,-0.0048387999999999973,-0.14234240000000001,0.31524660000000004,-0.0607976,-0.062312199999999998,0.132575,-0.020086200000000002,-0.015214400000000001,-0.0036816000000000002,-0.059107199999999999,0.023623600000000002,0.041204600000000001,-0.0308352,0.0121006,-0.084127599999999997,0.015725599999999999,0.0455804,-0.0027398000000000006,0.011954199999999998,0.013384799999999999,-0.051700800000000005,0.032206600000000002,-0.035795400000000005,-0.1008376,0.096866000000000008,-0.071816799999999986,0.168376,-0.031149799999999998,0.012079599999999999,-0.0101008,-0.016083,-0.0059351999999999999,0.0048851999999999993,0.035153400000000001,0.00039519999999999963,-0.011294,-0.0051967999999999997,-0.032787400000000001,0.015912800000000001,0.030037000000000001,0.014967600000000001,0.020168999999999999,-0.0067046000000000007,0.00046919999999999975,0.015569,-0.0424444,0.00035240000000000011,0.00053759999999999962,-0.016390800000000001,0.021462600000000002,-0.078503400000000001,-0.0069224000000000004,-0.0087944000000000008,-0.046650400000000002,0.00090760000000000146,-0.0023632000000000002,0.0015558000000000002,0.016567399999999999,0.0127668,0.0062895999999999994,-0.010272400000000001,0.0062507999999999999,0.0037129999999999997,-0.0026863999999999998,0.0043011999999999998,0.0027972000000000001,-0.014075600000000001,0.0086058000000000003,0.0054281999999999993,0.00577,-0.0118914,-0.0143924,0.0177304,-0.015350600000000001,-0.0031384000000000004,0.0031764000000000002,0.0012290000000000001,0.00038499999999999993,-0.011477999999999999,-0.0075446000000000003,0.0066830000000000006,-0.014925399999999998,-0.0078578000000000033,0.030685200000000003,0.014687199999999999,0.020215,-0.0093472,0.0013766000000000004,0.0021044000000000002,-0.0025124000000000001,-0.0062721999999999995,0.0061947999999999994,-0.0017419999999999998,-0.0010846000000000002,-0.00044440000000000001,0.0034716,-0.0029218,-0.0032452000000000002,0.0080622000000000003,0.011318399999999999,0.0051983999999999997,0.0012715999999999999,0.0127402,-0.0101212,0.0046712000000000004,-0.0008035999999999998,0.010107,0.0037229999999999989,-0.0079566000000000012,0.0125924,-0.0074243999999999985,0.0028944000000000001,-0.012470800000000001,-0.0045451999999999992,0.0081873999999999992,0.0101356,0.0043353999999999988,0.0034643999999999994,-0.0096527999999999996,-0.0042846000000000004,-0.013995,-0.011258199999999999,0.0082266000000000006,0.0012102000000000003,-0.0033800000000000006,0.0057352000000000011,0.00075580000000000005,-0.0016064,-0.00039820000000000003,-0.0012936,-0.00070360000000000019,0.0019184,-0.0057408000000000008,0.00063220000000000008,-0.0021758000000000003,0.0013606,-0.00015679999999999991,0.0025547999999999999,0.0013356000000000002,0.0005311999999999999,-0.0047670000000000004,0.00093780000000000014,0.00044740000000000014,-0.0060632000000000004,-0.010043399999999999,-0.0057850000000000002,0.0061843999999999996,0.0032358,0.003542,-0.0028086000000000001,-0.0034084000000000002,-0.0028381999999999995,2.7400000000000341e-05,-0.010757000000000001,0.0014671999999999999,0.0090819999999999998,0.0072950000000000003,0.0094073999999999998,-0.0099690000000000004,0.0050803999999999997,0.0020504,0.0073136,0.0038056000000000006,0.0096185999999999997,-0.00039180000000000031,0.0045524000000000007,-0.016260799999999999,-0.0084643999999999987,0.0026050000000000005,-0.012682800000000001,0.0154328,-0.0018642000000000003,0.0001617999999999997,0.00082280000000000005,-0.0012112,-0.001758,0.003565,0.0014580000000000001,0.00078540000000000012,-0.0015144000000000004,0.0019211999999999999,0.0010356,-0.0022160000000000001,-0.00031700000000000022,-0.0015161999999999997,0.00090379999999999996,-0.0021299999999999999,0.0005713999999999999,-0.00077519999999999987,-0.0015772,-0.0029408000000000004,-0.00032160000000000001,0.00047880000000000015,-0.0031330000000000004,-0.0054358000000000002,0.00032220000000000035,0.0040809999999999996,-0.00031960000000000018,0.0054299999999999999,0.005998400000000001,-0.0015210000000000002,-0.00010939999999999984,0.0052928000000000003,-0.0027514000000000002,-0.0044583999999999995,-0.00090760000000000016,0.0062632,-1.2199999999999971e-05,-0.0024000000000000002,0.0078434000000000004,0.0029475999999999999,-0.0035666000000000001,0.0016616000000000001,0.00054520000000000002,-0.0063644000000000001,0.0045300000000000002,0.0013891999999999997,0.011967999999999999,-0.0045626000000000009,0.0039337999999999994,0.0014068000000000006,-0.016422199999999998,-0.0011366000000000006,0.001,-0.0019735999999999998,-0.0013054,0.0012254000000000004,8.3199999999999854e-05,-0.00086340000000000006,0.00046760000000000004,-0.00073200000000000001,-0.0027514000000000002,-0.0022261999999999998,-0.00027600000000000004,0.0038238000000000005,0.0016719999999999999,0.0030325999999999999,-0.00031579999999999998,-0.00074720000000000016,0.00013899999999999986,0.0023319999999999999,-0.001392,0.00046480000000000002,0.0035306000000000001,0.0013619999999999999,0.0018014000000000001,-0.0020702000000000003,0.00062340000000000008,0.000147,-0.0066695999999999995,0.0018974,0.0011472000000000003,-0.0035237999999999997,0.0035723999999999999,0.0028816000000000007,0.0021872000000000003,-0.0014843999999999999,0.0001470000000000001,0.0025230000000000001,-0.00027500000000000012,0.00046179999999999984,0.00085460000000000006,0.0016952000000000002,-0.0049226000000000001,-0.00021519999999999997,0.00023280000000000002,0.0027049999999999999,0.00012879999999999966,0.0049724000000000001,-0.007223799999999999,-0.00060800000000000003,-0.0023698,0.0012689999999999999,-0.00079359999999999977,-0.0045864,0.014758,-0.0014555999999999998,0.008898399999999999,-0.0045849999999999997,-0.0020087999999999998,-0.001498,-0.00094200000000000002,0.0010148000000000002,-0.00062839999999999945,-0.0012606,-0.0014134,-0.0010296000000000001,0.0022534,-0.0030413999999999997,0.0016498000000000001,0.0022151999999999996,-0.0026029999999999998,0.0032056000000000003,0.00038319999999999988,-0.0027321999999999997,0.0010910000000000002,-0.00071379999999999979,0.00077640000000000001,0.001902,-0.0010752000000000001,-0.00016340000000000018,0.0011616,-0.0012643999999999999,-0.00089820000000000004,-0.00027920000000000006,-0.0010714000000000001,-0.00011540000000000009,-0.0018212000000000002,0.0015352,0.0022040000000000002,-7.6400000000000448e-05,-0.00060639999999999999,0.00035160000000000009,-0.0026182000000000002,-0.0014136000000000001,-0.00014099999999999996,-0.0015729999999999997,0.0021849999999999999,0.00050020000000000012,-0.0014391999999999999,0.0010558,-0.002428,-0.0021167999999999998,0.0012700000000000001,0.0024572000000000001,0.0034765999999999998,-0.00013659999999999996,-0.0022980000000000001,-0.00074840000000000009,-0.0027790000000000002,-0.0014349999999999996,-0.00039120000000000018,0.00058440000000000011,0.0046941999999999999,0.0033143999999999999,-0.0033559999999999996,0.0022133999999999995,-0.0030660000000000001,-0.0015772000000000008,0.0024340000000000004,0.0026188000000000001,0.0098731999999999986,-0.0036110000000000001,-0.00093880000000000005,0.0007853999999999999,-0.00046179999999999984,-0.00072359999999999992,-0.0005488,-0.0005352,-7.4000000000000037e-05,0.00015139999999999999,0.00038500000000000014,0.0013966,-0.00020559999999999996,0.00052599999999999978,-0.0030471999999999995,0.00039720000000000006,0.00064459999999999995,-0.0017581999999999999,-0.00032539999999999999,1.8600000000000127e-05,-7.3799999999999951e-05,-0.00042180000000000006,-0.0021847999999999998,0.0010218,-0.00051380000000000002,-0.0025241999999999999,0.00059780000000000011,0.0003994,-0.0015662000000000002,-0.00067559999999999994,0.00051860000000000014,0.0014063999999999999,0.0013274000000000003,-0.00067060000000000004,0.00057019999999999998,-0.00147,0.00045220000000000004,-0.0014223999999999999,0.0017814,0.00017159999999999994,0.0012675999999999998,0.00018359999999999991,-0.0017230000000000001,-0.0032581999999999993,-0.0017135999999999998,0.00049640000000000003,-0.0026443999999999999,-0.00050820000000000021,-0.0010655999999999999,0.0023524000000000002,-0.0022112,-0.00016559999999999963,-0.0009412,0.00062299999999999986,0.00021860000000000022,9.78000000000001e-05,0.00064320000000000002,0.00077700000000000002,-0.0040110000000000007,-0.0017449999999999998,0.0042812000000000006,-0.0016541999999999993,0.0018938000000000002,-0.00035880000000000026,0.0018816,0.0016854000000000001,-0.0047232000000000003,0.001029,-0.00058920000000000001,-0.0018968000000000001,0.0031986000000000002,0.0002676,0.00032660000000000002,-0.00020659999999999998,-0.0012694,0.00078260000000000005,-0.0013370000000000001,0.0017116000000000002,-0.00078980000000000012,-0.001753,-0.0011908000000000001,-0.00060460000000000006,-0.00058699999999999996,-0.00051239999999999999,-0.00051340000000000001,0.0008298,-0.00052359999999999993,0.0017260000000000001,0.0007852,-0.0012706,0.00047340000000000012,0.0019301999999999998,-0.0001024,-0.00024919999999999999,-0.00048379999999999983,0.0015432000000000002,-0.00012419999999999987,0.0032972000000000001,0.00020919999999999999,-0.0017265999999999998,0.00068520000000000018,0.00079819999999999989,0.00032759999999999989,-0.0027009999999999998,-0.00038059999999999993,0.00067640000000000007,-0.0012913999999999998,-0.00062199999999999994,0.00096779999999999989,-0.0026959999999999996,-0.00079460000000000012,-0.0006067999999999999,-0.0025972,-0.00081439999999999963,0.00054960000000000002,0.0025241999999999999,0.00019399999999999995,5.2600000000000303e-05,-0.00027520000000000002,0.0023676000000000001,-0.0026963999999999998,-0.00084580000000000018,0.0019588000000000001,0.0013056000000000001,-0.00034880000000000002,0.0018397999999999999,-0.0017607999999999999,0.0040488,-0.00033699999999999984,-0.0018556,0.00088759999999999989,-0.0020654000000000002,0.0023588000000000003,0.0011008000000000001,-0.0042924,-0.0011832000000000001,2.0599999999999959e-05,-0.004326,0.0040210000000000003,-0.0035306000000000001,0.0047168000000000002,-0.0025145999999999996,-0.0019232000000000001,-0.00041080000000000001,-0.0051322,-0.0015231999999999999
aug_between_class_right_pair0004_child05,TLE,1,1,Augmented,0,0,0,0,0,0.29228520000000002,1.9755795999999999,9.9999999999999995e-07,-5.9999999999999997e-07,3.9999999999999998e-07,0.99759260000000005,0,0.051197399999999997,-0.12633259999999999,0.015253599999999999,0.07407240000000001,-0.094377800000000012,0.070956400000000003,-0.0094313999999999995,0.0026189999999999998,-0.0060572000000000022,-0.1392446,0.3185654,-0.070319400000000004,-0.055021799999999996,0.134765,-0.021131800000000003,-0.0144636,-0.0035583999999999998,-0.054870800000000004,0.024577399999999999,0.039167399999999998,-0.0309158,0.0102224,-0.085335400000000006,0.016163399999999998,0.043297600000000006,-0.0015481999999999996,0.0069587999999999994,0.011143200000000001,-0.051153199999999996,0.0310344,-0.035344600000000004,-0.095533399999999991,0.091414999999999996,-0.064439200000000002,0.17343500000000001,-0.028127199999999998,0.013624399999999998,-0.0088272000000000003,-0.014932000000000001,-0.0047898000000000003,0.0064737999999999992,0.036974599999999996,0.00080579999999999931,-0.011701,-0.0053001999999999997,-0.035832599999999999,0.0159422,0.030851,0.014154400000000001,0.021181000000000002,-0.0054384000000000012,-0.0032511999999999992,0.013076000000000001,-0.042472599999999999,-0.00076940000000000038,0.0023983999999999993,-0.013365200000000001,0.023813399999999998,-0.077225600000000005,-0.0076955999999999995,-0.010621599999999998,-0.049596599999999998,-0.0026075999999999981,-0.0020418000000000003,0.0010392000000000001,0.0165136,0.0115342,0.0058213999999999991,-0.0078446000000000002,0.0063592000000000006,0.0033260000000000004,-0.0025856,0.0037258000000000005,0.0019108000000000003,-0.014131400000000001,0.0079322000000000004,0.0058398,0.0046769999999999997,-0.0113816,-0.0137906,0.016518599999999998,-0.0153104,-0.0037876000000000003,0.0022925999999999997,0.0008929999999999997,0.00017799999999999977,-0.010364999999999999,-0.0070954000000000008,0.003445000000000001,-0.013203599999999999,-0.0105462,0.028895799999999999,0.0138408,0.020558999999999997,-0.0073268000000000005,0.0028814000000000001,0.0018346,-0.0027025999999999999,-0.0068328,0.0058301999999999998,-0.0025379999999999999,0.00029759999999999986,-0.00074859999999999987,0.0050023999999999997,-0.0019612000000000006,-0.0030397999999999996,0.0071488000000000003,0.010991600000000001,0.0041875999999999997,0.0012523999999999999,0.012516800000000002,-0.0090048000000000003,0.0055088000000000003,-0.0015693999999999994,0.010700000000000001,0.0030570000000000007,-0.0084083999999999999,0.011999600000000001,-0.0066166000000000003,0.0031586000000000001,-0.0122132,-0.0045637999999999998,0.0072686000000000001,0.0099494000000000006,0.002655600000000001,0.0025446000000000002,-0.012256199999999998,-0.0041793999999999998,-0.013333000000000001,-0.0095028000000000005,0.004822400000000001,0.0011638,-0.0049539999999999992,0.007212800000000001,-0.00075179999999999952,-0.0018966,-0.00030779999999999995,-0.0016984000000000001,-0.0014034,0.0021215999999999995,-0.0044132000000000008,0.00084480000000000004,-0.0024541999999999997,0.0014683999999999999,0.00057279999999999994,0.0029551999999999998,0.0016784,0.00079279999999999986,-0.0034680000000000006,0.0017671999999999998,0.00045359999999999997,-0.0057657999999999997,-0.010483599999999999,-0.0055370000000000003,0.0063206,0.0021772000000000007,0.0037929999999999999,-0.0031504000000000002,-0.0035586000000000003,-0.0026438,0.00076560000000000039,-0.011283,0.0017707999999999999,0.0080489999999999989,0.0068940000000000008,0.0073255999999999998,-0.010746,0.0047686000000000004,0.0015995999999999996,0.0066024000000000005,0.0051103999999999993,0.0085824000000000004,-0.0016252000000000003,0.0037036000000000005,-0.0163132,-0.0065326000000000013,0.0012210000000000007,-0.011256200000000001,0.014897199999999999,-0.0022388,-2.1799999999999988e-05,0.00069720000000000003,-0.0014038,-0.001701,0.0032820000000000002,0.001477,0.0011036000000000002,-0.0027175999999999997,0.0017468,0.0010593999999999998,-0.001861,-0.00099200000000000004,-0.0014488000000000001,0.0012061999999999999,-0.002098,-0.00026739999999999989,-0.0008298,-0.0022047999999999998,-0.0028371999999999998,0.00030659999999999997,0.0002312000000000002,-0.0023650000000000003,-0.0047851999999999999,0.0010127999999999999,0.0040940000000000004,-0.00073440000000000007,0.0049499999999999995,0.0065006000000000005,-0.0011850000000000001,0.00024240000000000004,0.0046452000000000004,-0.0027736000000000002,-0.0030446000000000006,-0.0016704000000000003,0.0064487999999999993,-0.00064079999999999975,-0.0018430000000000002,0.0079005999999999989,0.0023213999999999999,-0.0023804000000000004,0.0019174000000000001,6.180000000000031e-05,-0.0070015999999999993,0.004548,-5.4199999999999908e-05,0.011291999999999998,-0.0062184000000000007,0.0034772000000000002,-0.00051979999999999995,-0.016701799999999996,-0.0019974000000000003,0.001013,-0.0019084,-0.0016455999999999997,0.0020776000000000006,-0.00027519999999999986,-0.0012045999999999999,0.00034340000000000005,-0.000408,-0.0025015999999999997,-0.0020507999999999998,-0.00056399999999999994,0.0043122000000000004,0.0026809999999999998,0.0025414000000000005,-0.00069620000000000001,-0.0012118000000000001,-0.00048200000000000001,0.002496,-0.0018150000000000002,0.00073019999999999986,0.0034824000000000001,0.00064700000000000001,0.0022416000000000003,-0.0017948,0.00096659999999999997,-4.699999999999995e-05,-0.0060923999999999996,0.0013526000000000002,0.0020048000000000002,-0.0039142000000000005,0.0041285999999999996,0.0033824000000000003,0.0026018,-0.0012956000000000001,0.0007530000000000002,0.0025669999999999998,-0.00074599999999999992,-2.5800000000000065e-05,0.0008564,0.0028257999999999998,-0.0056293999999999997,-0.00017779999999999998,-0.00034080000000000004,0.002862,-0.00064379999999999993,0.0046166000000000002,-0.0066261999999999988,0.00025599999999999972,-0.0033842,0.0010040000000000001,-0.0015624,-0.0034546000000000004,0.014574999999999999,-0.0013453999999999999,0.0079046000000000012,-0.0064380000000000001,-0.0020492000000000002,-0.001186,-0.001039,0.00068620000000000009,2.3999999999998415e-06,-0.0013534,-0.0010016000000000001,-0.0010854,0.0024386,-0.0027126000000000003,0.0013732000000000002,0.0019917999999999997,-0.0019340000000000002,0.0027903999999999997,-9.9200000000000026e-05,-0.0024348000000000004,0.00074300000000000017,-0.00038719999999999992,0.00047360000000000002,0.002496,-0.0010268,-0.00064359999999999992,0.0011153999999999999,-0.0012906,-0.0013538000000000001,9.820000000000011e-05,-0.0012986000000000004,-0.00057860000000000008,-0.0020598000000000001,0.0019007999999999998,0.0029729999999999999,-0.0012356000000000001,-0.00087660000000000006,0.00094939999999999998,-0.0026918000000000003,-0.0014383999999999998,-8.9000000000000049e-05,-0.0013120000000000002,0.002673,0.0007538,-0.0016147999999999998,0.00046420000000000012,-0.0028780000000000003,-0.00075220000000000007,0.0013839999999999998,0.0017688000000000003,0.0042404000000000001,0.0005715999999999998,-0.002532,-0.0010416000000000002,-0.003199,-0.001188,2.1999999999997282e-06,0.00059059999999999994,0.0044298000000000002,0.0030376000000000001,-0.0040000000000000001,0.0014686,-0.0017240000000000003,-0.0015998000000000002,0.0018920000000000002,0.0024202,0.010163800000000001,-0.0043569999999999998,-0.00079119999999999993,0.00070759999999999996,-0.00060120000000000009,-0.00091739999999999996,-0.00010320000000000001,-0.00072780000000000002,-0.00015999999999999996,0.00017959999999999997,-4.0999999999999858e-05,0.00080340000000000012,-0.00014040000000000005,0.00021000000000000001,-0.0029697999999999999,0.00098879999999999997,0.00086339999999999995,-0.0017068000000000001,-0.00036759999999999999,-0.00020260000000000005,9.0800000000000256e-05,-0.00021020000000000007,-0.0018841999999999997,0.0012871999999999998,-0.00061019999999999998,-0.0028587999999999999,0.00054419999999999989,0.00051659999999999998,-0.0019447999999999996,-0.00027040000000000007,0.00052840000000000005,0.0014136000000000001,0.0011755999999999997,-0.00098439999999999986,0.0014067999999999997,-0.00073000000000000018,0.00069279999999999993,-0.00096860000000000012,0.0018255999999999999,-0.00037059999999999996,0.0018523999999999999,0.00061939999999999955,-0.0013340000000000001,-0.0021998,-0.0016003999999999999,0.00048460000000000002,-0.0024096,-0.0016098,-0.00084439999999999992,0.0029866000000000007,-0.0021898,0.0005436000000000002,-0.0008878,0.00010899999999999994,0.00050540000000000003,-0.00041479999999999989,0.00051179999999999997,0.001173,-0.0034970000000000001,-0.001073,0.0050587999999999996,-0.0010918,0.0022682000000000002,0.00013579999999999951,0.0018144000000000001,0.0026195999999999997,-0.0044188000000000005,0.00064800000000000003,-0.00093479999999999995,-0.0030092000000000005,0.0029824000000000005,0.00044439999999999996,0.0003234,-0.00019440000000000001,-0.0015015999999999999,0.00098539999999999999,-0.0013679999999999999,0.0019584000000000003,-0.0012292,-0.0017810000000000002,-0.0013012,-0.00051340000000000001,-0.001072,-0.00059859999999999991,-0.00026760000000000005,0.00077119999999999988,-0.00046240000000000018,0.0018710000000000003,0.00080679999999999999,-0.0015344,0.0010476000000000001,0.0020018000000000002,-0.00048359999999999999,1.7199999999999984e-05,-0.00059719999999999988,0.0014058,0.00030919999999999993,0.0035808000000000003,0.00034579999999999995,-0.0013243999999999999,0.00037080000000000012,0.00051480000000000004,1.4400000000000093e-05,-0.0022780000000000001,0.00019960000000000003,0.0008116,-0.0014616,-0.00092299999999999978,0.00086520000000000011,-0.0027800000000000004,-0.00020640000000000014,-0.00030019999999999992,-0.0025048000000000002,-0.00043459999999999983,0.00065039999999999998,0.0025568000000000006,0.000281,0.00032140000000000055,-0.00040979999999999999,0.0027104,-0.0027845999999999999,-0.0012722000000000002,0.0018492000000000001,0.0011834000000000003,-0.00019320000000000014,0.0020501999999999994,-0.0017591999999999998,0.0036662000000000001,-0.0008479999999999998,-0.0015344000000000002,0.0010424,-0.0023246000000000005,0.0026411999999999998,0.0016051999999999996,-0.0038216000000000001,-0.00034680000000000041,-5.2600000000000086e-05,-0.003581,0.0037789999999999998,-0.0033754000000000006,0.0054511999999999998,-0.0012344000000000005,-0.0015438000000000001,-0.00041520000000000001,-0.0053538000000000006,-0.0012678000000000001
aug_between_class_right_pair0004_child06,TLE,1,1,Augmented,0,0,0,0,0,0.29015390000000002,1.9531026999999999,9.9999999999999995e-07,-6.9999999999999986e-07,3.0000000000000004e-07,0.99472270000000007,0,0.050173299999999997,-0.1267412,0.016990199999999997,0.074410299999999999,-0.09370210000000001,0.068087800000000004,-0.0100953,0.0018330000000000002,-0.0066663999999999994,-0.1376957,0.32022480000000003,-0.075080300000000003,-0.051376599999999994,0.13585999999999998,-0.021654600000000003,-0.0140882,-0.0034968,-0.052752600000000004,0.025054300000000002,0.038148799999999997,-0.0309561,0.0092833000000000013,-0.085939299999999996,0.016382299999999999,0.042156200000000005,-0.00095239999999999908,0.0044610999999999991,0.010022400000000001,-0.050879399999999998,0.030448299999999998,-0.035119200000000003,-0.0928813,0.088689500000000004,-0.060750399999999996,0.1759645,-0.026615900000000001,0.014396799999999998,-0.0081904000000000005,-0.014356499999999999,-0.0042170999999999997,0.0072680999999999987,0.037885200000000001,0.0010110999999999987,-0.0119045,-0.0053518999999999997,-0.037355200000000005,0.0159569,0.031258000000000001,0.013747800000000001,0.021687000000000001,-0.0048053000000000002,-0.0051113999999999995,0.0118295,-0.042486700000000002,-0.0013303,0.0033287999999999989,-0.011852400000000001,0.024988799999999999,-0.076586700000000008,-0.0080821999999999995,-0.011535199999999999,-0.051069699999999996,-0.0043651999999999979,-0.0018811000000000001,0.00078090000000000017,0.0164867,0.010917900000000001,0.0055872999999999999,-0.0066307000000000015,0.0064134000000000005,0.0031325000000000003,-0.0025352,0.0034381000000000004,0.0014676000000000008,-0.014159300000000001,0.0075954000000000004,0.0060455999999999999,0.0041305000000000005,-0.0111267,-0.0134897,0.015912699999999998,-0.0152903,-0.0041121999999999999,0.0018506999999999994,0.00072499999999999995,7.4499999999999914e-05,-0.0098084999999999995,-0.0068707999999999998,0.0018260000000000021,-0.0123427,-0.011890399999999999,0.028001100000000001,0.0134176,0.020730999999999999,-0.0063166000000000012,0.0036338000000000004,0.0016997000000000002,-0.0027976999999999998,-0.0071130999999999989,0.0056478999999999991,-0.0029359999999999998,0.00098869999999999948,-0.00090069999999999983,0.0057677999999999991,-0.0014809000000000003,-0.0029370999999999998,0.0066921000000000003,0.0108282,0.0036822000000000001,0.0012428000000000001,0.012405100000000001,-0.0084466000000000003,0.0059275999999999999,-0.0019522999999999997,0.010996500000000001,0.0027239999999999999,-0.008634300000000001,0.0117032,-0.0062126999999999998,0.0032907000000000001,-0.0120844,-0.0045731000000000001,0.0068091999999999996,0.0098563000000000001,0.0018157000000000008,0.0020847000000000001,-0.013557899999999999,-0.0041267999999999999,-0.013002,-0.0086251000000000001,0.0031203000000000003,0.0011405999999999999,-0.0057410000000000004,0.0079516000000000014,-0.0015055999999999995,-0.0020417,-0.00026259999999999999,-0.0019007999999999998,-0.0017532999999999997,0.0022231999999999998,-0.0037494000000000008,0.00095109999999999997,-0.0025933999999999996,0.0015222999999999999,0.00093759999999999981,0.0031554,0.0018498,0.0009235999999999999,-0.0028185000000000003,0.0021818999999999996,0.00045669999999999999,-0.0056170999999999999,-0.0107037,-0.0054129999999999994,0.0063886999999999998,0.0016479000000000005,0.0039185000000000001,-0.0033213000000000001,-0.0036337000000000001,-0.0025466,0.0011347000000000006,-0.011546000000000001,0.0019225999999999998,0.007532500000000001,0.0066935000000000007,0.0062847000000000007,-0.0111345,0.0046127000000000008,0.0013741999999999999,0.0062468000000000003,0.0057628000000000002,0.0080642999999999999,-0.0022418999999999998,0.0032792000000000003,-0.0163394,-0.0055667000000000008,0.00052900000000000061,-0.010542900000000001,0.014629400000000001,-0.0024261000000000005,-0.00011360000000000016,0.00063440000000000002,-0.0015000999999999999,-0.0016724999999999999,0.0031405000000000001,0.0014865,0.0012626999999999998,-0.0033192,0.0016596,0.0010712999999999999,-0.0016835000000000001,-0.0013295,-0.0014151000000000003,0.0013573999999999999,-0.0020819999999999996,-0.00068679999999999967,-0.00085709999999999996,-0.0025185999999999997,-0.0027854000000000004,0.00062069999999999985,0.00010740000000000012,-0.0019810000000000001,-0.0044599000000000001,0.0013580999999999997,0.0041005,-0.00094179999999999991,0.0047099999999999998,0.0067517000000000002,-0.0010170000000000001,0.00041829999999999992,0.0043214000000000004,-0.0027847000000000002,-0.0023377000000000003,-0.0020517999999999999,0.0065415999999999998,-0.00095509999999999974,-0.0015645000000000001,0.0079291999999999991,0.0020083000000000002,-0.0017873000000000003,0.0020452999999999999,-0.00017989999999999955,-0.0073201999999999998,0.0045570000000000003,-0.00077589999999999972,0.010953999999999998,-0.0070463000000000001,0.0032488999999999999,-0.0014831000000000002,-0.016841599999999998,-0.0024278000000000004,0.0010195,-0.0018758,-0.0018157,0.0025037000000000002,-0.00045439999999999988,-0.0013752,0.00028130000000000012,-0.00024600000000000012,-0.0023766999999999998,-0.0019630999999999997,-0.00070799999999999997,0.0045564000000000004,0.0031854999999999991,0.0022958000000000002,-0.00088639999999999986,-0.0014441,-0.0007924999999999998,0.002578,-0.0020265000000000001,0.00086289999999999989,0.0034583000000000001,0.00028950000000000004,0.0024616999999999998,-0.0016570999999999999,0.0011382,-0.00014400000000000003,-0.0058037999999999996,0.0010801999999999999,0.0024336000000000002,-0.0041094,0.0044066999999999995,0.0036328000000000003,0.0028091000000000001,-0.0012011999999999999,0.0010560000000000001,0.0025889999999999997,-0.00098149999999999973,-0.00026959999999999994,0.00085730000000000008,0.0033910999999999998,-0.0059827999999999999,-0.00015909999999999996,-0.00062760000000000008,0.0029405,-0.0010300999999999999,0.0044387000000000003,-0.0063274000000000004,0.0006879999999999997,-0.0038914000000000002,0.00087150000000000031,-0.0019467999999999998,-0.0028887000000000001,0.0144835,-0.0012903000000000001,0.0074076999999999997,-0.0073644999999999995,-0.0020693999999999999,-0.0010300000000000001,-0.0010875000000000001,0.00052190000000000005,0.00031780000000000003,-0.0013998000000000001,-0.0007957000000000001,-0.0011133000000000002,0.0025311999999999999,-0.0025482,0.0012349000000000001,0.0018800999999999998,-0.0015995000000000002,0.0025827999999999997,-0.00034039999999999998,-0.0022861000000000005,0.00056900000000000006,-0.00022389999999999997,0.00032220000000000013,0.0027929999999999999,-0.0010026000000000002,-0.00088369999999999985,0.0010923,-0.0013037000000000001,-0.0015815999999999998,0.00028689999999999987,-0.0014122000000000002,-0.00081020000000000007,-0.0021791000000000002,0.0020835999999999997,0.0033574999999999994,-0.0018151999999999999,-0.0010116999999999999,0.0012482999999999999,-0.0027285999999999999,-0.0014508000000000001,-6.3000000000000013e-05,-0.0011815,0.0029169999999999999,0.00088060000000000005,-0.0017025999999999999,0.00016840000000000019,-0.0031030000000000003,-6.9900000000000371e-05,0.001441,0.0014246000000000003,0.0046222999999999993,0.0009257,-0.0026489999999999999,-0.0011881999999999999,-0.0034089999999999997,-0.0010644999999999999,0.0001988999999999999,0.00059369999999999974,0.0042976000000000004,0.0028991999999999998,-0.0043220000000000003,0.0010962000000000003,-0.0010530000000000003,-0.001611099999999999,0.0016210000000000003,0.0023208999999999999,0.0103091,-0.0047299999999999998,-0.00071739999999999998,0.00066869999999999994,-0.00067089999999999988,-0.0010143000000000001,0.00011959999999999987,-0.00082410000000000003,-0.00020299999999999997,0.00019369999999999999,-0.00025399999999999983,0.00050680000000000007,-0.00010780000000000007,5.1999999999999963e-05,-0.0029311000000000003,0.0012845999999999999,0.00097280000000000001,-0.0016811,-0.00038869999999999996,-0.00031319999999999959,0.00017310000000000003,-0.00010440000000000006,-0.0017339,0.0014198999999999998,-0.00065839999999999996,-0.0030260999999999999,0.00051740000000000011,0.0005752000000000001,-0.0021340999999999999,-6.7800000000000239e-05,0.00053330000000000001,0.0014172,0.0010997000000000003,-0.0011412999999999998,0.0018250999999999996,-0.00036000000000000019,0.00081309999999999987,-0.00074169999999999998,0.0018476999999999999,-0.00064169999999999982,0.0021447999999999997,0.00083729999999999959,-0.0011394999999999999,-0.0016705999999999999,-0.0015437999999999999,0.00047869999999999998,-0.0022922000000000003,-0.0021605999999999995,-0.00073380000000000006,0.0033036999999999997,-0.0021790999999999998,0.00089820000000000004,-0.00086110000000000006,-0.00014800000000000013,0.00064880000000000016,-0.00067109999999999989,0.0004461,0.001371,-0.0032400000000000003,-0.00073700000000000013,0.0054476000000000004,-0.00081059999999999986,0.0024553999999999999,0.0003830999999999995,0.0017808000000000001,0.0030867000000000004,-0.0042665999999999997,0.00045750000000000022,-0.0011075999999999998,-0.0035654000000000003,0.0028743000000000006,0.00053279999999999994,0.00032180000000000002,-0.00018829999999999997,-0.0016176999999999997,0.0010868000000000002,-0.0013835,0.0020818000000000004,-0.0014488999999999999,-0.0017950000000000004,-0.0013564,-0.00046780000000000004,-0.0013144999999999997,-0.00064170000000000004,-0.00014470000000000005,0.00074190000000000009,-0.0004318000000000002,0.0019434999999999999,0.00081759999999999992,-0.0016663000000000001,0.0013346999999999999,0.0020376000000000001,-0.00067420000000000002,0.00015039999999999986,-0.00065389999999999969,0.0013371000000000001,0.00052590000000000015,0.0037226,0.00041409999999999993,-0.0011233,0.00021359999999999999,0.00037310000000000007,-0.00014219999999999993,-0.0020665000000000002,0.00048969999999999981,0.00087920000000000001,-0.0015467,-0.0010735,0.00081390000000000011,-0.0028219999999999999,8.7699999999999801e-05,-0.00014690000000000005,-0.0024586,-0.00024469999999999993,0.00070080000000000001,0.0025731,0.00032450000000000003,0.00045579999999999991,-0.00047709999999999994,0.0028817999999999999,-0.0028287,-0.0014854,0.0017944,0.0011223000000000001,-0.00011540000000000009,0.0021554,-0.0017583999999999998,0.0034749,-0.0011034999999999999,-0.0013738000000000001,0.0011197999999999998,-0.0024542000000000001,0.0027824,0.0018573999999999997,-0.0035862000000000003,7.1399999999999676e-05,-8.9200000000000217e-05,-0.0032085000000000004,0.0036580000000000002,-0.0032978,0.0058183999999999996,-0.00059430000000000051,-0.0013541000000000002,-0.00041739999999999995,-0.0054646,-0.0011401
aug_between_class_right_pair0004_child07,TLE,1,1,Augmented,0,0,0,0,0,0.28802260000000002,1.9306258000000001,9.9999999999999995e-07,-7.9999999999999996e-07,1.9999999999999994e-07,0.99185279999999998,0,0.049149199999999997,-0.12714980000000001,0.018726800000000002,0.074748200000000001,-0.093026400000000009,0.065219200000000005,-0.0107592,0.0010469999999999993,-0.0072756000000000001,-0.13614680000000001,0.32188420000000001,-0.079841200000000001,-0.047731399999999993,0.13695499999999999,-0.022177400000000003,-0.013712799999999999,-0.0034351999999999998,-0.050634400000000003,0.0255312,0.037130200000000002,-0.0309964,0.0083441999999999995,-0.086543200000000001,0.0166012,0.041014800000000004,-0.00035660000000000205,0.0019633999999999971,0.0089015999999999991,-0.050605600000000001,0.029862199999999998,-0.034893800000000003,-0.090229199999999996,0.085963999999999999,-0.057061599999999997,0.17849399999999999,-0.025104600000000001,0.015169200000000001,-0.0075536000000000006,-0.013781000000000002,-0.003644399999999999,0.0080624000000000008,0.038795799999999998,0.0012163999999999999,-0.012108000000000001,-0.0054035999999999997,-0.038877800000000004,0.015971600000000002,0.031664999999999999,0.013341199999999999,0.022193000000000001,-0.0041722000000000009,-0.0069715999999999997,0.010582999999999999,-0.042500799999999998,-0.0018912000000000004,0.0042591999999999994,-0.010339599999999999,0.026164199999999999,-0.075947799999999996,-0.0084688000000000003,-0.012448799999999999,-0.052542800000000001,-0.006122799999999996,-0.0017204000000000002,0.00052259999999999991,0.0164598,0.010301600000000001,0.0053531999999999989,-0.0054168000000000003,0.0064676000000000004,0.0029389999999999998,-0.0024847999999999997,0.0031503999999999998,0.0010243999999999995,-0.014187200000000001,0.0072585999999999996,0.0062513999999999998,0.0035839999999999995,-0.010871800000000001,-0.013188799999999999,0.015306799999999999,-0.015270200000000001,-0.0044368000000000012,0.0014088,0.00055699999999999977,-2.900000000000038e-05,-0.0092519999999999998,-0.0066462000000000005,0.00020699999999999885,-0.0114818,-0.013234600000000001,0.027106400000000003,0.0129944,0.020902999999999998,-0.005306400000000001,0.0043862000000000016,0.0015647999999999999,-0.0028928000000000001,-0.0073933999999999996,0.0054655999999999993,-0.0033340000000000002,0.0016797999999999995,-0.0010528,0.0065332000000000003,-0.0010005999999999995,-0.0028343999999999999,0.0062354000000000003,0.0106648,0.0031768,0.0012331999999999998,0.012293400000000001,-0.0078884000000000003,0.0063464000000000003,-0.0023351999999999999,0.011293000000000001,0.0023909999999999999,-0.0088602000000000004,0.011406800000000002,-0.0058087999999999994,0.0034228000000000001,-0.0119556,-0.0045824000000000004,0.0063498000000000001,0.0097631999999999997,0.00097579999999999976,0.0016247999999999998,-0.014859600000000001,-0.0040742,-0.012671,-0.0077473999999999989,0.0014181999999999997,0.0011173999999999999,-0.0065280000000000008,0.0086904000000000009,-0.0022594,-0.0021868,-0.00021739999999999997,-0.0021032000000000004,-0.0021032000000000004,0.0023248000000000001,-0.0030856,0.0010574,-0.0027326,0.0015761999999999998,0.0013024,0.0033555999999999998,0.0020212000000000003,0.0010544,-0.0021689999999999999,0.0025965999999999993,0.00045980000000000001,-0.0054684,-0.010923800000000001,-0.0052890000000000003,0.0064567999999999995,0.0011186000000000002,0.0040439999999999999,-0.0034922,-0.0037087999999999999,-0.0024494,0.0015038000000000004,-0.011809,0.0020744000000000001,0.0070159999999999997,0.0064930000000000005,0.005243799999999999,-0.011523,0.0044568000000000003,0.0011487999999999993,0.0058912000000000001,0.0064152000000000011,0.0075462000000000003,-0.0028586000000000006,0.0028548000000000002,-0.016365599999999998,-0.0046008000000000004,-0.00016299999999999995,-0.0098296000000000008,0.014361599999999999,-0.0026134000000000001,-0.00020540000000000033,0.00057159999999999991,-0.0015964,-0.0016440000000000001,0.0029989999999999999,0.0014959999999999999,0.0014218000000000002,-0.0039208000000000003,0.0015723999999999998,0.0010831999999999999,-0.001506,-0.0016670000000000003,-0.0013814000000000001,0.0015085999999999999,-0.0020659999999999997,-0.0011062000000000001,-0.00088439999999999981,-0.0028324000000000001,-0.0027336000000000001,0.00093480000000000017,-1.6399999999999965e-05,-0.0015969999999999999,-0.0041346000000000004,0.0017034000000000001,0.0041070000000000004,-0.0011492000000000002,0.00447,0.0070028000000000009,-0.00084899999999999993,0.00059420000000000013,0.0039976000000000005,-0.0027958000000000002,-0.0016307999999999997,-0.0024332000000000004,0.0066343999999999995,-0.0012694,-0.0012859999999999998,0.007957800000000001,0.0016951999999999996,-0.0011941999999999999,0.0021732000000000001,-0.00042160000000000006,-0.0076388000000000003,0.0045660000000000006,-0.0014976000000000004,0.010615999999999999,-0.0078742000000000013,0.0030206,-0.0024464000000000005,-0.016981400000000001,-0.0028582,0.001026,-0.0018432000000000001,-0.0019857999999999998,0.0029298000000000015,-0.00063360000000000011,-0.0015458000000000002,0.00021920000000000002,-8.3999999999999873e-05,-0.0022518,-0.0018753999999999997,-0.00085199999999999989,0.0048006000000000004,0.0036899999999999993,0.0020501999999999999,-0.0010766,-0.0016764000000000002,-0.0011030000000000002,0.00266,-0.0022380000000000004,0.00099560000000000013,0.0034342000000000001,-6.8000000000000135e-05,0.0026818000000000002,-0.0015194000000000002,0.0013098000000000001,-0.00024100000000000011,-0.0055151999999999996,0.00080779999999999979,0.0028624000000000006,-0.0043045999999999996,0.0046848000000000002,0.0038832000000000003,0.0030163999999999998,-0.0011068,0.0013590000000000004,0.0026109999999999996,-0.001217,-0.00051340000000000023,0.00085820000000000015,0.0039564000000000005,-0.0063362000000000002,-0.0001404,-0.00091440000000000011,0.003019,-0.0014164000000000004,0.0042608000000000004,-0.0060286000000000003,0.0011199999999999999,-0.0043986000000000008,0.00073899999999999986,-0.0023312000000000003,-0.0023227999999999999,0.014392,-0.0012351999999999999,0.0069107999999999999,-0.0082909999999999998,-0.0020895999999999992,-0.00087399999999999999,-0.0011360000000000001,0.00035760000000000002,0.0006332000000000001,-0.0014462000000000001,-0.00058979999999999981,-0.0011411999999999998,0.0026237999999999999,-0.0023838000000000002,0.0010965999999999999,0.0017683999999999998,-0.0012649999999999998,0.0023752000000000001,-0.00058160000000000048,-0.0021373999999999998,0.00039499999999999995,-6.0599999999999833e-05,0.00017080000000000003,0.0030900000000000003,-0.00097839999999999993,-0.0011238000000000003,0.0010692,-0.0013167999999999999,-0.0018094000000000001,0.00047560000000000007,-0.0015258000000000003,-0.0010418000000000001,-0.0022983999999999999,0.0022664,0.0037420000000000005,-0.0023948000000000003,-0.0011468000000000001,0.0015472000000000003,-0.0027653999999999999,-0.0014632,-3.7000000000000032e-05,-0.0010509999999999996,0.0031610000000000002,0.0010073999999999999,-0.0017903999999999999,-0.00012740000000000039,-0.0033280000000000002,0.00061240000000000036,0.0014979999999999998,0.0010804,0.0050042000000000003,0.0012798,-0.0027659999999999998,-0.0013348000000000001,-0.0036190000000000003,-0.000941,0.00039560000000000007,0.00059679999999999998,0.0041653999999999997,0.0027608000000000003,-0.0046440000000000006,0.00072380000000000014,-0.00038199999999999958,-0.0016224000000000013,0.0013499999999999999,0.0022216000000000002,0.010454399999999999,-0.0051029999999999999,-0.00064360000000000003,0.00062979999999999991,-0.0007405999999999999,-0.0011112000000000001,0.00034240000000000008,-0.00092040000000000004,-0.00024600000000000002,0.00020780000000000001,-0.00046699999999999997,0.00021019999999999996,-7.5199999999999985e-05,-0.00010600000000000008,-0.0028923999999999994,0.0015804,0.0010822000000000002,-0.0016554,-0.00040979999999999999,-0.0004238,0.00025540000000000024,1.4000000000000069e-06,-0.0015835999999999999,0.0015525999999999999,-0.00070660000000000004,-0.0031933999999999999,0.00049059999999999989,0.00063380000000000012,-0.0023233999999999998,0.00013480000000000002,0.00053819999999999996,0.0014208000000000001,0.0010238000000000001,-0.0012982,0.0022434,1.0000000000000131e-05,0.00093339999999999992,-0.00051479999999999983,0.0018698,-0.00091280000000000007,0.0024372,0.0010551999999999998,-0.00094499999999999988,-0.0011413999999999997,-0.0014871999999999999,0.0004728,-0.0021748000000000002,-0.0027114000000000001,-0.00062319999999999997,0.0036208000000000004,-0.0021684,0.0012528000000000005,-0.0008343999999999999,-0.00040500000000000041,0.00079220000000000007,-0.0009274000000000001,0.00038039999999999992,0.0015690000000000001,-0.002983,-0.00040099999999999983,0.0058364000000000003,-0.00052939999999999975,0.0026426000000000002,0.00063039999999999971,0.0017472,0.0035538000000000002,-0.0041143999999999998,0.00026700000000000009,-0.0012804000000000001,-0.0041216000000000013,0.0027661999999999999,0.00062120000000000003,0.00032020000000000003,-0.00018219999999999998,-0.0017338,0.0011882000000000002,-0.0013989999999999999,0.0022052000000000005,-0.0016686000000000003,-0.0018090000000000001,-0.0014115999999999998,-0.00042220000000000002,-0.0015570000000000002,-0.00068479999999999995,-2.1799999999999879e-05,0.00071259999999999997,-0.00040119999999999999,0.002016,0.00082839999999999997,-0.0017982,0.0016218000000000003,0.0020734,-0.00086479999999999999,0.00028360000000000006,-0.00071059999999999971,0.0012684,0.00074260000000000016,0.0038644,0.00048240000000000002,-0.00092219999999999976,5.6399999999999853e-05,0.00023139999999999993,-0.00029880000000000011,-0.0018549999999999999,0.0007798000000000002,0.00094680000000000003,-0.0016318000000000001,-0.001224,0.00076259999999999989,-0.0028639999999999998,0.00038180000000000006,6.4000000000000471e-06,-0.0024124000000000003,-5.4799999999999923e-05,0.00075120000000000004,0.0025893999999999999,0.00036800000000000005,0.00059020000000000014,-0.00054440000000000001,0.0030532000000000003,-0.0028728,-0.0016986000000000002,0.0017396,0.0010612000000000004,-3.7600000000000047e-05,0.0022605999999999998,-0.0017576000000000002,0.0032836000000000002,-0.001359,-0.0012132,0.0011971999999999998,-0.0025837999999999998,0.0029236000000000002,0.0021095999999999997,-0.0033508000000000001,0.00048959999999999976,-0.00012580000000000013,-0.0028359999999999995,0.0035370000000000002,-0.0032201999999999995,0.0061856000000000003,4.5800000000000137e-05,-0.0011643999999999999,-0.00041960000000000001,-0.0055753999999999995,-0.0010124000000000001
aug_between_class_right_pair0004_child08,TLE,1,1,Augmented,0,0,0,0,0,0.28589130000000001,1.9081489,9.9999999999999995e-07,-8.9999999999999996e-07,9.9999999999999969e-08,0.9889829,0,0.048125099999999997,-0.12755839999999999,0.0204634,0.075086100000000003,-0.092350700000000008,0.062350599999999999,-0.0114231,0.00026099999999999951,-0.0078848000000000008,-0.13459789999999999,0.32354360000000004,-0.0846021,-0.044086199999999992,0.13805000000000001,-0.0227002,-0.013337399999999999,-0.0033736,-0.048516200000000002,0.026008100000000003,0.036111600000000001,-0.0310367,0.0074050999999999995,-0.087147099999999991,0.016820099999999998,0.039873400000000003,0.00023919999999999844,-0.00053430000000000318,0.0077808,-0.050331799999999996,0.029276099999999999,-0.034668400000000002,-0.087577099999999991,0.083238499999999993,-0.053372799999999998,0.1810235,-0.023593300000000001,0.0159416,-0.0069168000000000007,-0.0132055,-0.0030717000000000001,0.0088566999999999986,0.039706400000000003,0.0014216999999999993,-0.0123115,-0.0054552999999999997,-0.040400400000000003,0.015986300000000002,0.032072000000000003,0.012934600000000001,0.022699,-0.0035391000000000008,-0.0088318000000000008,0.009336500000000001,-0.042514899999999994,-0.0024521,0.0051895999999999991,-0.0088267999999999992,0.027339599999999999,-0.075308899999999998,-0.0088553999999999994,-0.0133624,-0.054015899999999992,-0.0078804000000000009,-0.0015597,0.00026429999999999992,0.0164329,0.0096853000000000009,0.0051190999999999997,-0.0042028999999999999,0.0065218000000000003,0.0027454999999999997,-0.0024343999999999998,0.0028627000000000001,0.00058120000000000047,-0.014215100000000001,0.0069217999999999997,0.0064571999999999997,0.0030374999999999998,-0.0106169,-0.012887899999999999,0.014700899999999999,-0.015250100000000001,-0.0047614000000000007,0.0009668999999999997,0.00038899999999999959,-0.00013249999999999981,-0.0086955000000000001,-0.0064216000000000004,-0.0014120000000000001,-0.010620899999999999,-0.014578800000000001,0.026211699999999998,0.012571200000000001,0.021075,-0.0042962,0.005138600000000001,0.0014299,-0.0029878999999999999,-0.0076736999999999994,0.0052832999999999995,-0.0037320000000000001,0.0023708999999999996,-0.0012049000000000001,0.0072986000000000006,-0.00052030000000000002,-0.0027317000000000001,0.0057787000000000003,0.010501399999999999,0.0026714,0.0012236,0.0121817,-0.0073302000000000003,0.0067651999999999999,-0.0027181000000000002,0.011589500000000001,0.0020579999999999999,-0.0090860999999999997,0.011110399999999999,-0.0054048999999999998,0.0035549000000000002,-0.0118268,-0.0045917000000000006,0.0058904000000000005,0.0096701000000000009,0.0001359,0.0011648999999999997,-0.0161613,-0.0040216000000000002,-0.01234,-0.0068696999999999994,-0.00028390000000000056,0.0010942,-0.0073150000000000003,0.0094292000000000004,-0.0030131999999999997,-0.0023319,-0.00017219999999999998,-0.0023056000000000001,-0.0024530999999999997,0.0024263999999999996,-0.0024218,0.0011637000000000002,-0.0028717999999999999,0.0016301,0.0016672000000000002,0.0035558000000000005,0.0021926000000000003,0.0011852000000000002,-0.0015195,0.0030112999999999997,0.00046289999999999981,-0.0053197000000000001,-0.011143900000000002,-0.0051650000000000003,0.0065249000000000001,0.00058930000000000007,0.0041694999999999996,-0.0036631000000000003,-0.0037838999999999998,-0.0023522,0.0018729000000000007,-0.012071999999999999,0.0022262000000000002,0.0064995000000000001,0.0062925000000000003,0.0042028999999999999,-0.0119115,0.0043008999999999999,0.00092340000000000044,0.0055355999999999999,0.0070675999999999994,0.0070280999999999998,-0.0034753000000000006,0.0024304000000000001,-0.016391799999999998,-0.0036348999999999999,-0.00085500000000000007,-0.0091163000000000008,0.0140938,-0.0028007000000000006,-0.00029720000000000007,0.00050880000000000001,-0.0016927000000000001,-0.0016155,0.0028574999999999998,0.0015054999999999999,0.0015809000000000003,-0.0045224000000000002,0.0014851999999999999,0.0010950999999999999,-0.0013284999999999998,-0.0020045000000000002,-0.0013476999999999999,0.0016597999999999999,-0.0020499999999999997,-0.0015256,-0.00091169999999999988,-0.0031461999999999996,-0.0026817999999999998,0.0012489000000000001,-0.00014019999999999983,-0.0012129999999999999,-0.0038092999999999998,0.0020486999999999997,0.0041135000000000008,-0.0013566000000000001,0.0042299999999999994,0.0072539000000000006,-0.00068099999999999996,0.00077010000000000002,0.0036738000000000001,-0.0028069000000000002,-0.00092389999999999985,-0.0028146000000000009,0.0067272,-0.0015837,-0.0010075000000000001,0.0079863999999999994,0.0013821,-0.00060109999999999981,0.0023011000000000004,-0.0006632999999999997,-0.0079573999999999999,0.0045750000000000001,-0.0022193,0.010277999999999999,-0.0087021000000000008,0.0027922999999999997,-0.0034097000000000003,-0.017121199999999996,-0.0032886,0.0010325,-0.0018106000000000001,-0.0021558999999999997,0.0033559000000000011,-0.00081280000000000002,-0.0017164000000000003,0.00015710000000000002,7.8000000000000107e-05,-0.0021268999999999997,-0.0017876999999999997,-0.00099599999999999992,0.0050448000000000003,0.0041945000000000003,0.0018046,-0.0012668,-0.0019087000000000002,-0.0014135000000000003,0.0027420000000000001,-0.0024495000000000003,0.0011283,0.0034101000000000001,-0.00042550000000000031,0.0029019000000000002,-0.0013817000000000005,0.0014814000000000001,-0.00033800000000000019,-0.0052265999999999996,0.0005353999999999999,0.0032912000000000002,-0.0044998,0.0049629000000000001,0.0041336000000000012,0.0032236999999999999,-0.0010123999999999999,0.0016620000000000003,0.0026329999999999999,-0.0014525,-0.00075720000000000019,0.00085910000000000023,0.0045217,-0.0066896000000000004,-0.00012169999999999998,-0.0012012000000000001,0.0030975,-0.0018027000000000002,0.0040829000000000004,-0.0057298000000000002,0.0015520000000000004,-0.0049058000000000001,0.00060650000000000005,-0.0027155999999999999,-0.0017568999999999996,0.014300500000000001,-0.0011800999999999999,0.0064139000000000002,-0.0092175,-0.0021097999999999993,-0.000718,-0.0011844999999999998,0.00019329999999999998,0.00094859999999999996,-0.0014926000000000002,-0.00038389999999999995,-0.0011690999999999997,0.0027163999999999999,-0.0022193999999999998,0.00095830000000000004,0.0016566999999999999,-0.0009304999999999999,0.0021676,-0.00082280000000000005,-0.0019886999999999999,0.00022099999999999995,0.0001027000000000001,1.9399999999999929e-05,0.0033870000000000003,-0.0009542000000000001,-0.0013639000000000001,0.0010460999999999999,-0.0013299,-0.0020372000000000003,0.00066429999999999961,-0.0016394000000000005,-0.0012734000000000003,-0.0024177000000000001,0.0024491999999999999,0.0041265,-0.0029744000000000003,-0.0012819000000000001,0.0018461000000000003,-0.0028021999999999999,-0.0014756000000000001,-1.1000000000000051e-05,-0.00092049999999999966,0.003405,0.0011342000000000001,-0.0018781999999999998,-0.00042319999999999988,-0.0035530000000000006,0.0012947000000000002,0.001555,0.00073620000000000022,0.0053860999999999996,0.0016339,-0.0028829999999999997,-0.0014814000000000003,-0.0038289999999999999,-0.00081749999999999987,0.00059230000000000003,0.00059990000000000022,0.0040331999999999998,0.0026224,-0.0049660000000000008,0.00035139999999999976,0.00028900000000000019,-0.0016337000000000001,0.0010789999999999999,0.0021223000000000001,0.0105997,-0.005476,-0.00056980000000000008,0.00059089999999999989,-0.00081029999999999991,-0.0012081000000000001,0.00056519999999999997,-0.0010167000000000002,-0.00028899999999999998,0.0002219,-0.00067999999999999994,-8.6400000000000054e-05,-4.2600000000000005e-05,-0.00026400000000000007,-0.0028536999999999998,0.0018762000000000002,0.0011916000000000001,-0.0016297,-0.00043090000000000001,-0.00053439999999999987,0.00033770000000000002,0.0001072,-0.0014332999999999998,0.0016852999999999998,-0.00075480000000000002,-0.0033606999999999999,0.00046380000000000011,0.00069240000000000013,-0.0025127000000000001,0.00033740000000000018,0.00054310000000000014,0.0014243999999999999,0.00094789999999999989,-0.0014551000000000002,0.0026616999999999999,0.00037999999999999997,0.0010536999999999999,-0.0002878999999999999,0.0018919,-0.0011838999999999999,0.0027296,0.0012730999999999997,-0.00075049999999999997,-0.00061219999999999981,-0.0014306,0.00046690000000000002,-0.0020574,-0.0032621999999999998,-0.00051259999999999988,0.0039379000000000011,-0.0021577000000000002,0.0016074000000000004,-0.00080769999999999995,-0.00066200000000000026,0.00093559999999999997,-0.0011837000000000002,0.00031469999999999995,0.0017669999999999999,-0.0027260000000000001,-6.499999999999994e-05,0.0062252000000000002,-0.00024820000000000007,0.0028298000000000004,0.00087769999999999992,0.0017136,0.0040209,-0.0039621999999999999,7.6499999999999962e-05,-0.0014532,-0.0046777999999999993,0.0026581,0.00070960000000000001,0.00031859999999999999,-0.0001761,-0.0018498999999999998,0.0012896000000000001,-0.0014145,0.0023286000000000001,-0.0018883000000000001,-0.0018230000000000006,-0.0014667999999999999,-0.00037660000000000005,-0.0017995000000000003,-0.00072789999999999997,0.00010110000000000002,0.00068329999999999997,-0.00037060000000000001,0.0020885000000000001,0.00083920000000000002,-0.0019301000000000001,0.0019089,0.0021091999999999999,-0.0010554,0.00041680000000000005,-0.00076729999999999995,0.0011997000000000002,0.00095930000000000017,0.0040061999999999997,0.0005507,-0.0007210999999999998,-0.00010080000000000006,8.9699999999999958e-05,-0.00045539999999999996,-0.0016434999999999998,0.0010698999999999999,0.0010144000000000002,-0.0017169000000000002,-0.0013745000000000001,0.00071129999999999989,-0.0029060000000000002,0.00067589999999999989,0.00015970000000000009,-0.0023662000000000006,0.00013510000000000009,0.00080159999999999997,0.0026057000000000003,0.00041149999999999997,0.00072459999999999994,-0.00061170000000000007,0.0032245999999999998,-0.0029169,-0.0019118000000000004,0.0016848,0.0010001000000000003,4.0200000000000001e-05,0.0023658000000000004,-0.0017568000000000002,0.0030923000000000001,-0.0016145,-0.0010526000000000001,0.0012745999999999999,-0.0027134000000000004,0.0030648000000000003,0.0023617999999999998,-0.0031153999999999999,0.00090780000000000006,-0.00016240000000000015,-0.0024635,0.0034160000000000002,-0.0031425999999999997,0.0065528000000000001,0.00068589999999999992,-0.0009747,-0.00042180000000000001,-0.0056862000000000006,-0.0008847000000000002
aug_between_class_right_pair0005_child01,Healthy,0,0,Augmented,0,0,0,0,0,0.30578270000000002,1.9724276000000001,0,-8.9999999999999996e-07,0,1.0040875,0,0.023388900000000001,-0.1101147,0.016782000000000002,0.079803899999999997,-0.055158799999999994,0.065571299999999999,0.0100477,0.0065335000000000002,-0.037125999999999999,-0.035368899999999995,0.2669974,-0.072650599999999996,-0.0046674999999999989,0.013984500000000011,0.057482699999999998,-0.021075,-0.0019693000000000002,-0.058533700000000001,0.0012891999999999973,0.024496200000000003,-0.050261600000000003,0.0024307,-0.088996199999999998,0.013884199999999999,0.062032500000000004,-0.024811699999999999,0.0038028000000000003,0.011776,-0.036124799999999999,0.045366799999999999,-0.0486276,-0.013572399999999998,0.098115900000000006,-0.014392100000000001,0.17055139999999999,-0.052140899999999997,0.0086590999999999994,-0.00071230000000000035,-0.01076,-0.010305599999999998,-0.0023441000000000004,0.044086699999999999,-0.0014109999999999999,-0.0083526,-0.0083105000000000002,-0.0143649,0.016168599999999998,0.026666200000000001,0.019006599999999998,0.0151136,0.0064226000000000005,0.0006711,0.015839800000000001,-0.042791500000000003,0.0052839000000000002,0.0021708999999999999,-0.0034218000000000004,0.011611,-0.094673199999999999,-0.0065633999999999996,-0.025051199999999999,0.012402099999999996,0.0051709000000000008,0.0042039,0.0030866999999999999,0.021250999999999999,0.0082966000000000012,-0.00060830000000000042,-0.0026045999999999995,0.0092007000000000009,0.0059430999999999998,-0.0010555999999999999,-0.0032020000000000017,0.0017776999999999997,-0.014828000000000001,0.0017038000000000001,0.0047731000000000006,0.011925500000000002,-0.0089797999999999996,-0.013137000000000001,0.018823299999999998,-0.018394000000000001,-0.0067935999999999995,-0.0050305999999999997,-0.0050734000000000005,0.0062158000000000005,-0.0103214,-0.0018208999999999994,0.011267300000000001,-0.0150388,0.017320599999999998,0.0105728,0.0014096,0.015759700000000001,-0.024379999999999999,0.0058250999999999997,-3.9000000000000406e-06,-0.0025555,-0.0044608,0.0115557,-0.0035471000000000001,-0.0018890999999999999,-0.0026765000000000001,0.0064799999999999996,-0.0026180999999999999,-0.0010547999999999998,0.0051920999999999998,0.0067057999999999996,0.0059293999999999996,-0.0018386000000000001,0.0088706999999999987,-0.0038935999999999997,0.0060666999999999995,-0.0111298,0.011632799999999999,-0.0017385,-0.0029849,0.0018844000000000005,-0.0047014999999999999,0.0052339000000000005,-0.014218000000000001,-0.0052173000000000002,0.0079771000000000009,-0.0067326000000000009,0.00028769999999999967,-0.0025146999999999999,-0.014365099999999999,0.0029613,-0.014103900000000001,0.0016334999999999987,-0.0037292000000000002,-0.0045111999999999999,-0.013122100000000001,-0.0036857000000000001,0.0033173999999999999,-0.0022939000000000002,-0.00086450000000000003,-0.0017420000000000001,-0.00025159999999999983,0.0016526000000000002,-0.0053284999999999999,0.00057779999999999995,-0.0021581999999999999,0.00024959999999999978,0.0028703000000000001,-0.0011541999999999995,0.0035076,0.00096750000000000004,0.0015149,0.0024789,0.00075250000000000035,-0.0016348000000000001,-0.0079287999999999997,-0.0062386999999999998,0.0097599000000000002,0.0020695000000000002,-0.00046569999999999999,-0.0023436999999999998,-0.0057938999999999994,-0.0048954999999999997,-0.0019190000000000001,-0.014996599999999999,0.0052594,0.0014752999999999999,0.0079239000000000011,0.0062278000000000003,-0.0096707000000000008,0.0031504000000000002,0.0118727,-0.00048669999999999985,0.0090313000000000008,0.0053492999999999995,-0.011860799999999999,-0.00020120000000000012,-0.016172100000000002,0.0040187,0.0043138000000000004,0.0021616999999999999,0.011170099999999999,0.0037401999999999999,-0.0022301999999999999,0.0014476000000000001,-0.0012745,0.0010305000000000002,0.00024360000000000007,-0.0015606999999999999,0.00060030000000000001,-0.0041653000000000003,-0.0013017,0.0043496999999999997,-0.0028278000000000001,-0.0028836000000000001,0.00032400000000000007,0.00050690000000000002,-0.00019069999999999992,-0.0025909999999999996,-0.00019759999999999998,0.00198,-0.0038298999999999998,0.00087990000000000008,0.0013378999999999999,-0.0046715999999999997,-0.0049417000000000003,0.0075522999999999996,0.0041779,0.00064650000000000016,-0.00082670000000000031,0.0060159000000000002,-0.00016839999999999992,0.0013671,0.0065455000000000001,-0.0022691000000000005,-0.0023111999999999998,0.0034175999999999998,0.0086087999999999998,-0.0069593999999999993,0.0040026999999999997,-0.0016841999999999998,0.0056927999999999996,0.00060049999999999991,0.00069420000000000029,0.0033241,0.0013553,-0.0015330999999999997,0.00022300000000000011,-0.0036216000000000004,-0.0073740999999999998,0.0049012000000000005,-0.017509999999999998,0.0095908,-0.0088798999999999996,0.0031459000000000001,0.00028039999999999988,-0.0007205,-0.0002364,-0.00075129999999999999,-0.0021373000000000004,0.00067770000000000005,-0.0015820000000000001,0.00015450000000000001,-0.0031238000000000004,0.0020558999999999998,0.0051183000000000001,-0.00070489999999999995,-0.0012206999999999999,0.0009419999999999997,0.00058540000000000003,-0.0010717999999999999,0.0049027000000000003,-0.0016928999999999998,-0.00093310000000000008,-0.00095389999999999993,0.0015820999999999999,0.0046782999999999998,-0.0060683999999999998,0.00056259999999999991,0.0021648000000000001,-0.0058779000000000001,-0.0036611,0.0038697999999999996,-0.00042420000000000001,0.0042047000000000005,0.0011605000000000001,0.0054386999999999994,-0.0046664000000000002,-0.00068829999999999998,0.0054342000000000001,0.00083009999999999985,0.00033109999999999997,0.0036980000000000003,0.0024412000000000001,-0.0026908000000000001,-0.0010210000000000002,-0.0052971000000000008,0.0066800999999999996,-0.0031728999999999998,0.0047621999999999994,-0.0081632999999999983,-0.0021232,-0.00198,-0.0010800999999999999,-0.0048152000000000004,0.0059655999999999997,0.0026132000000000004,0.0092116999999999997,-0.0013482999999999998,-0.019385199999999998,0.00060030000000000001,-0.00020209999999999987,-0.00045079999999999995,0.0014994000000000001,0.0026922999999999999,0.00057919999999999998,-0.0025583999999999997,-0.00077519999999999998,0.0014140999999999999,-0.00032319999999999994,0.00018879999999999993,0.0018637,6.6700000000000103e-05,0.00081889999999999979,-0.00072809999999999997,0.0013544999999999998,-0.0019164,0.00095620000000000015,0.0020139999999999997,1.0599999999999987e-05,0.0012504999999999999,-0.0011456999999999999,-0.00015400000000000006,-0.00089000000000000006,-0.00035979999999999996,-0.0014969999999999998,0.0013917000000000001,-0.0005290999999999998,-0.0021006000000000002,0.000513,-0.0039091000000000004,0.00078410000000000003,-0.00036360000000000011,-0.0032924,-0.0013504000000000003,0.00032279999999999999,-0.0028362999999999999,0.0016956000000000002,0.0051494000000000002,-0.00060280000000000002,-0.0016003000000000002,0.0015324,0.0015152,-0.0039879,0.00045570000000000002,0.0057857000000000004,0.0043629000000000003,-0.0033623000000000004,0.00054589999999999999,-7.0899999999999934e-05,-0.0027205000000000003,-0.0012134000000000003,0.0030915999999999999,-0.0017203000000000001,0.0027266999999999999,-0.0014990000000000001,-0.0027188999999999998,-0.00072730000000000006,0.00070739999999999996,0.013975500000000002,-0.0023785000000000004,0.0057691000000000001,0.0011822999999999998,-0.0020869,-0.00082980000000000011,-0.00059500000000000004,1.3999999999999907e-05,0.00082169999999999997,7.2700000000000087e-05,-0.00085890000000000001,-0.00055500000000000005,0.0012859,0.0012008000000000001,0.0019442000000000003,0.00061760000000000005,-0.00034000000000000002,0.00059840000000000002,0.0017078,-0.00034460000000000003,-0.0020695000000000002,-0.00056109999999999992,-0.0015425999999999999,0.0015660000000000001,-0.00015890000000000001,0.0003837999999999999,-0.0019127000000000003,-0.0012781000000000003,-0.0014179000000000001,-0.0028274999999999997,0.0011175999999999998,-0.0011339000000000002,0.0017222000000000001,-0.00087600000000000004,-0.00026240000000000009,-0.0007562999999999999,0.00027060000000000007,0.0014902000000000001,-0.00028230000000000014,0.00054920000000000001,0.0027580999999999999,-5.9199999999999921e-05,-0.0029035999999999997,0.0047518999999999999,-0.0012636000000000001,-0.0025909999999999996,-0.0013743,0.00092259999999999998,6.1399999999999975e-05,-0.0020157,-0.0031721000000000006,0.0012960000000000001,0.0013766,0.0002113000000000002,0.0012340999999999999,-0.0027207999999999998,0.0029256999999999998,0.0030359999999999996,0.00022640000000000008,-0.0013195000000000001,0.00040650000000000001,-0.00087319999999999997,0.00086240000000000004,-0.00038430000000000018,0.0029030000000000002,-0.0016477999999999996,0.00023010000000000044,0.0026267999999999999,0.00026069999999999999,-0.0010196000000000003,0.001686,0.0064282999999999996,0.0030517000000000001,-0.0051478000000000001,0.00038329999999999999,-0.00035279999999999996,-0.001029,-0.00029179999999999999,-0.0003012,-0.00020749999999999995,-0.00071240000000000008,0.00032710000000000014,-0.0013824,-0.00065780000000000005,-0.00067259999999999998,0.00034190000000000002,-0.0012505000000000001,0.0012992999999999998,0.0002611,0.0014982999999999999,-0.0013382999999999997,0.0007742999999999999,0.00028830000000000007,0.0015170000000000003,-0.0014611000000000001,9.4000000000000116e-06,-0.0013254999999999999,0.0016618000000000002,0.0010252999999999998,-0.0019535999999999998,4.6099999999999982e-05,0.00038930000000000003,-0.00017219999999999993,-9.2000000000000068e-06,0.00015629999999999998,-0.00069610000000000017,-0.00071190000000000012,-0.00076300000000000022,0.0019502,-0.0024262000000000003,7.7000000000000381e-06,-0.0016270000000000004,-0.00068119999999999997,-0.00041219999999999994,0.00046640000000000001,-0.0027157000000000001,-0.0011649000000000004,0.00062859999999999988,0.0013074,0.0029891000000000002,-0.00089120000000000009,-0.0026166000000000002,0.00023760000000000003,-0.00059099999999999995,-0.0012910999999999999,0.0020674000000000001,-0.0021804000000000003,0.0029969000000000003,-0.00034919999999999992,0.00080459999999999982,0.0010694999999999999,-0.0024191,-0.00036680000000000003,0.0028885,0.00046100000000000004,0.0030634,-0.0020566999999999998,-0.0040908000000000003,0.0041986000000000002,-0.0016509000000000001,-0.0020428000000000004,0.0038012000000000002,0.0040706000000000006,0.0022725000000000002,-0.0062494999999999998,-0.0017941000000000001,-0.0039129999999999998,-0.0039361999999999999,-0.00033270000000000001
aug_between_class_right_pair0005_child02,Healthy,0,0,Augmented,0,0,0,0,0,0.29933540000000003,1.9840342,-5.2939559203393771e-23,-7.9999999999999996e-07,0,0.99355000000000004,0,0.0241338,-0.11240039999999998,0.015646,0.081388799999999997,-0.055512599999999995,0.06461059999999999,0.0096193999999999984,0.0061450000000000012,-0.035026000000000002,-0.040266799999999998,0.2754548,-0.070075200000000004,-0.0010739999999999986,0.016793000000000002,0.053652400000000003,-0.020317000000000002,-0.0012105999999999996,-0.0578264,0.0029823999999999962,0.023666400000000001,-0.050495200000000004,0.0026464000000000001,-0.088860400000000006,0.013821399999999999,0.059482,-0.0242204,0.0054086000000000013,0.012527,-0.034588599999999997,0.044779600000000003,-0.048424200000000001,-0.014782799999999992,0.095886800000000008,-0.0168962,0.17084179999999999,-0.052267799999999996,0.0079121999999999994,-0.00088460000000000014,-0.010807000000000001,-0.0112342,-0.0021911999999999999,0.043183400000000004,-0.0013140000000000001,-0.0080802000000000009,-0.0086160000000000004,-0.0141838,0.015787200000000001,0.027361400000000001,0.0187072,0.014852199999999999,0.0053312000000000012,0.0018112000000000002,0.015714599999999999,-0.041577000000000003,0.0047178000000000003,0.0012607999999999999,-0.0028755999999999999,0.012637999999999996,-0.093296400000000002,-0.0065147999999999994,-0.023994399999999999,0.011635199999999998,0.0063858000000000005,0.0040258000000000004,0.0026773999999999999,0.020913000000000001,0.0092072000000000005,-0.0011826000000000002,-0.0038131999999999992,0.0090174000000000001,0.0063771999999999995,-0.0015881999999999999,-0.0021870000000000006,0.0014403999999999997,-0.013728000000000001,0.0023246,0.0039982000000000004,0.011084,-0.0096615999999999994,-0.012546,0.0181166,-0.01796,-0.0065112,-0.0052902000000000001,-0.0056368000000000008,0.0063186000000000006,-0.010564800000000001,-0.0022387999999999996,0.0109786,-0.0147636,0.016273199999999998,0.0098345999999999989,0.0015872000000000002,0.014995399999999999,-0.021957000000000001,0.0062051999999999993,-0.00030079999999999994,-0.0027390000000000001,-0.0046815999999999993,0.0119664,-0.0036652000000000004,-0.0022101999999999998,-0.00282,0.0065570000000000003,-0.0024241999999999996,-0.00058159999999999983,0.0052181999999999992,0.0070135999999999992,0.0061208000000000009,-0.0020551999999999996,0.0086023999999999996,-0.0040441999999999995,0.0053944000000000006,-0.010635600000000002,0.0114016,-0.002307,-0.0033147999999999997,0.0020258000000000003,-0.0048960000000000002,0.0055578000000000008,-0.013714,-0.004731599999999999,0.0074562000000000005,-0.0065882000000000015,-0.00017059999999999992,-0.0019164,-0.0144552,0.0032546000000000007,-0.013889800000000001,0.0010569999999999998,-0.0031834000000000012,-0.0045084000000000001,-0.012373200000000001,-0.0044713999999999986,0.0032718000000000009,-0.0019758000000000002,-0.00072199999999999999,-0.0019560000000000003,0.00035180000000000015,0.0014511999999999999,-0.0053,0.00039060000000000001,-0.0022843999999999998,0.00020119999999999969,0.0021916000000000001,-0.00075339999999999977,0.0036892000000000001,0.001031,0.0017998000000000003,0.0018468000000000002,0.00010300000000000023,-0.0014415999999999999,-0.0078945999999999999,-0.0059773999999999999,0.0098288000000000004,0.0022950000000000002,-0.00033339999999999997,-0.0024334000000000001,-0.0059378,-0.0051399999999999996,-0.002075,-0.0147712,0.0051287999999999993,0.0010826,0.0077328000000000006,0.0062516000000000004,-0.010196400000000001,0.0027528000000000006,0.0116524,-0.00093640000000000021,0.0084465999999999986,0.0054475999999999995,-0.011276599999999998,-0.00048840000000000016,-0.016229199999999999,0.0048084,0.0037255999999999999,0.0026833999999999998,0.0111872,0.0029433999999999997,-0.0022294000000000003,0.0015132000000000001,-0.0009720000000000001,0.00041400000000000031,0.00047520000000000017,-0.0013443999999999995,0.00068359999999999992,-0.0044736000000000003,-0.00092139999999999995,0.0043553999999999997,-0.0026405999999999999,-0.0031302000000000005,0.00030800000000000001,0.00037380000000000003,-0.00052839999999999994,-0.0028339999999999997,-1.8200000000000029e-05,0.0022490000000000001,-0.0036798,0.00095980000000000002,0.0014637999999999999,-0.0046002000000000005,-0.0050334000000000004,0.0071355999999999998,0.0037447999999999995,0.001126,-0.00049540000000000022,0.0058437999999999997,-0.00017579999999999994,0.0010742,0.0058280000000000007,-0.0019462000000000001,-0.0024343999999999998,0.0034412000000000006,0.0086165999999999986,-0.0071057999999999998,0.0039944000000000004,-0.0016054000000000003,0.0055256000000000003,0.000892,0.00035840000000000004,0.0032821999999999999,0.0012676,-0.0019392000000000001,-0.00022400000000000002,-0.0031762000000000001,-0.0083631999999999995,0.0050363999999999999,-0.016506,0.0080856000000000018,-0.0090317999999999996,0.0030308000000000002,7.8000000000000812e-06,-0.00077500000000000008,-0.00019879999999999984,-0.00067059999999999993,-0.0019735999999999998,0.0006154,-0.001498,7.2000000000000015e-05,-0.0029036000000000001,0.0019608,0.0050466,-0.00070080000000000001,-0.0014174000000000001,0.00097199999999999977,0.00029280000000000007,-0.00080160000000000019,0.0047423999999999999,-0.0014028000000000001,-0.00086620000000000013,-0.00092280000000000031,0.0015341999999999999,0.0047885999999999996,-0.0059217999999999996,0.00095719999999999974,0.0021226000000000001,-0.0055948000000000005,-0.0033032000000000005,0.0036186,-0.00031440000000000005,0.0038254000000000005,0.0010340000000000002,0.0051944000000000001,-0.0047488000000000009,-0.00071560000000000005,0.0056974,0.00049419999999999987,0.0003302,0.0034029999999999998,0.0026773999999999999,-0.0029336000000000002,-0.0011000000000000001,-0.0053182000000000004,0.0066682000000000009,-0.0033928000000000001,0.0046974,-0.0074375999999999991,-0.0021944000000000004,-0.0019689999999999998,-0.00097420000000000037,-0.0048254000000000005,0.0062132000000000003,0.0023914000000000001,0.0084843999999999996,-0.0012396,-0.019334400000000002,0.00063159999999999996,-0.0002591999999999999,-0.00060759999999999992,0.0015168,0.0025926000000000005,0.00048340000000000004,-0.0024327999999999997,-0.00081340000000000015,0.0015642,-0.00043339999999999996,0.00035959999999999996,0.0018184,-0.00020759999999999987,0.00092179999999999996,-0.00070320000000000018,0.0011669999999999999,-0.0018607999999999999,0.00070440000000000032,0.0020199999999999997,8.1199999999999995e-05,0.0010889999999999997,-0.00096440000000000002,0.00016800000000000007,-0.00086800000000000006,-0.00027359999999999993,-0.001562,0.0010614000000000001,-0.00014319999999999979,-0.0016252000000000003,0.000321,-0.0038162000000000001,0.00066519999999999991,-0.00050620000000000005,-0.0034758000000000002,-0.0020328000000000004,0.00069060000000000009,-0.0027566000000000001,0.0020462000000000002,0.0048138,-0.00085059999999999997,-0.0016086000000000002,0.0016697999999999999,0.0017163999999999999,-0.0034218000000000004,0.00046240000000000002,0.0059634000000000006,0.0042598000000000011,-0.0032856000000000005,0.00066680000000000005,-0.00072579999999999997,-0.0023910000000000003,-0.00097980000000000007,0.0027242,-0.0017496,0.0028373999999999999,-0.0017149999999999999,-0.0024708000000000004,-0.0009496000000000001,0.0011668,0.013726000000000002,-0.0024390000000000002,0.0054871999999999994,0.00094059999999999977,-0.0025777999999999999,-0.0010166000000000001,-0.00031999999999999992,-3.4999999999999983e-05,0.00081039999999999997,-2.0599999999999904e-05,-0.00079279999999999997,-0.00058200000000000005,0.0013318,0.00098160000000000001,0.0018434,0.00061920000000000009,-0.00041300000000000001,0.0002498,0.0017096000000000001,-4.0200000000000001e-05,-0.0019789999999999999,-0.00065919999999999998,-0.0013491999999999998,0.001506,-0.0001828,0.00046960000000000003,-0.0017474000000000005,-0.0014682000000000002,-0.0012668,-0.002758,0.0011161999999999999,-0.0010747999999999999,0.0018633999999999999,-0.00078300000000000006,-0.00027980000000000019,-0.00072959999999999995,0.00018620000000000008,0.0012994,4.8399999999999903e-05,0.00039840000000000003,0.0026521999999999995,0.00018460000000000026,-0.0027402000000000004,0.0044978000000000006,-0.0010011999999999998,-0.0023109999999999997,-0.0012606,0.0011312000000000002,0.00020479999999999988,-0.0020714000000000002,-0.0032712000000000001,0.001495,0.0014031999999999998,0.00015260000000000013,0.0012772,-0.0028216000000000001,0.0024903999999999998,0.0027439999999999999,7.4799999999999867e-05,-0.0012700000000000003,0.00048700000000000002,-0.00075940000000000003,0.0010028000000000001,-0.00055560000000000028,0.0029429999999999999,-0.0015836000000000001,-0.00019680000000000001,0.0023955999999999999,-0.00050060000000000002,-0.00070220000000000005,0.0018939999999999999,0.005968600000000001,0.0035294000000000002,-0.0050146000000000001,0.00033960000000000001,-0.00026160000000000002,-0.001,-0.00034659999999999997,-0.0003054,-0.00023899999999999995,-0.00063679999999999997,4.120000000000008e-05,-0.0012108000000000002,-0.00068559999999999997,-0.00057620000000000013,0.00046579999999999994,-0.0012360000000000001,0.0011926,0.00016820000000000002,0.0013305999999999999,-0.0011105999999999998,0.00087659999999999995,0.00048860000000000006,0.0012950000000000001,-0.0012822,-9.6200000000000007e-05,-0.001392,0.0016396000000000002,0.00071959999999999993,-0.0015692,0.00019919999999999991,0.00022160000000000002,0.0001536000000000001,-0.00028240000000000003,5.2599999999999998e-05,-0.0003142000000000001,-0.00084880000000000003,-0.000687,0.0018714000000000001,-0.0023744,0.00021340000000000006,-0.0015200000000000001,-0.00070439999999999999,-0.00028639999999999991,0.00033379999999999998,-0.0024524,-0.0010598000000000001,0.00039619999999999998,0.0013397999999999999,0.0032132000000000003,-0.0010993999999999999,-0.0024152000000000002,0.00035720000000000001,-0.00064199999999999999,-0.0011662,0.0021587999999999998,-0.0022218000000000003,0.0028578000000000002,-0.00037940000000000001,0.00078619999999999981,0.0011529999999999999,-0.0021592,-0.00016960000000000006,0.0026449999999999998,0.00028700000000000004,0.0029388000000000001,-0.0022903999999999997,-0.0040726,0.0041451999999999999,-0.0014848000000000001,-0.0017056000000000003,0.0037294000000000003,0.0039112000000000001,0.0028840000000000003,-0.0059220000000000002,-0.0018192000000000004,-0.0038599999999999997,-0.0039693999999999997,-0.00021640000000000016
aug_between_class_right_pair0005_child03,Healthy,0,0,Augmented,0,0,0,0,0,0.29288809999999998,1.9956407999999999,5.2939559203393771e-23,-6.9999999999999997e-07,0,0.98301250000000007,4.1359030627651384e-25,0.0248787,-0.1146861,0.01451,0.082973699999999997,-0.055866400000000004,0.063649899999999995,0.0091910999999999989,0.0057565000000000003,-0.032925999999999997,-0.045164700000000002,0.2839122,-0.067499799999999999,0.0025195000000000009,0.019601500000000001,0.049822099999999987,-0.019559,-0.0004519000000000003,-0.057119099999999999,0.004675600000000002,0.022836600000000002,-0.050728800000000004,0.0028621000000000002,-0.088724600000000001,0.013758599999999999,0.056931499999999996,-0.0236291,0.0070144000000000014,0.013278,-0.033052400000000003,0.0441924,-0.048220800000000001,-0.015993199999999999,0.093657699999999997,-0.019400299999999995,0.17113220000000001,-0.052394699999999995,0.0071652999999999994,-0.0010569000000000002,-0.010853999999999999,-0.0121628,-0.0020382999999999994,0.042280100000000001,-0.0012170000000000002,-0.0078078000000000002,-0.0089215000000000006,-0.0140027,0.015405799999999999,0.028056600000000001,0.018407800000000002,0.014590799999999999,0.0042398000000000002,0.0029513,0.0155894,-0.040362500000000003,0.0041516999999999995,0.00035070000000000023,-0.0023293999999999997,0.013665,-0.09191959999999999,-0.0064662000000000001,-0.022937599999999999,0.010868299999999994,0.0076007000000000002,0.003847699999999999,0.0022680999999999999,0.020575,0.0101178,-0.0017569000000000005,-0.0050217999999999999,0.008834100000000001,0.0068113000000000002,-0.0021208000000000004,-0.0011719999999999999,0.0011031000000000005,-0.012628,0.0029453999999999999,0.0032233000000000001,0.010242500000000002,-0.010343399999999999,-0.011955,0.017409899999999999,-0.017526,-0.0062287999999999996,-0.0055498000000000006,-0.0062001999999999995,0.0064214000000000007,-0.0108082,-0.0026566999999999997,0.0106899,-0.014488399999999999,0.015225799999999999,0.009096400000000001,0.0017648000000000002,0.0142311,-0.019533999999999999,0.0065853000000000005,-0.00059769999999999984,-0.0029224999999999998,-0.0049023999999999995,0.0123771,-0.0037833000000000003,-0.0025313000000000002,-0.0029635,0.0066340000000000001,-0.0022303000000000002,-0.00010839999999999982,0.0052443000000000004,0.0073214000000000005,0.0063122000000000004,-0.0022717999999999992,0.0083341000000000005,-0.0041948000000000003,0.0047220999999999999,-0.0101414,0.011170399999999999,-0.0028755,-0.0036446999999999998,0.0021672000000000011,-0.0050904999999999995,0.0058817000000000001,-0.01321,-0.0042459000000000004,0.0069353000000000001,-0.0064437999999999987,-0.00062889999999999995,-0.0013181,-0.014545300000000001,0.0035478999999999997,-0.013675700000000001,0.00048049999999999916,-0.0026376000000000004,-0.0045055999999999994,-0.011624299999999997,-0.0052570999999999989,0.0032261999999999994,-0.0016576999999999998,-0.00057949999999999994,-0.0021700000000000001,0.00095520000000000012,0.0012497999999999999,-0.0052714999999999993,0.00020340000000000007,-0.0024106000000000002,0.00015280000000000024,0.0015129,-0.00035259999999999957,0.0038707999999999998,0.0010945,0.0020846999999999997,0.0012147000000000002,-0.00054650000000000011,-0.0012484,-0.0078604,-0.0057161,0.0098977000000000006,0.0025205000000000002,-0.00020109999999999996,-0.0025230999999999999,-0.0060816999999999989,-0.0053844999999999995,-0.0022309999999999999,-0.014545799999999999,0.0049981999999999995,0.00068990000000000002,0.0075417000000000001,0.0062754000000000004,-0.0107221,0.0023552,0.011432099999999999,-0.0013861000000000001,0.0078618999999999998,0.0055458999999999994,-0.010692399999999998,-0.00077559999999999977,-0.0162863,0.0055980999999999991,0.0031374000000000003,0.0032050999999999989,0.0112043,0.0021465999999999994,-0.0022285999999999999,0.0015788,-0.00066949999999999996,-0.00020250000000000021,0.00070680000000000016,-0.0011280999999999995,0.00076690000000000005,-0.0047819000000000004,-0.00054109999999999987,0.0043610999999999997,-0.0024533999999999997,-0.0033768000000000001,0.00029200000000000005,0.00024070000000000005,-0.00086609999999999986,-0.0030769999999999999,0.00016119999999999999,0.0025179999999999998,-0.0035296999999999993,0.0010397000000000002,0.0015897000000000001,-0.0045287999999999995,-0.0051251000000000005,0.0067188999999999999,0.0033116999999999995,0.0016054999999999999,-0.00016410000000000014,0.0056717,-0.00018320000000000006,0.00078129999999999996,0.0051105000000000005,-0.0016233,-0.0025575999999999997,0.0034648000000000001,0.0086243999999999991,-0.0072521999999999994,0.0039860999999999994,-0.0015265999999999999,0.0053583999999999993,0.0011834999999999992,2.2600000000000224e-05,0.0032402999999999998,0.0011799000000000002,-0.0023452999999999989,-0.00067100000000000005,-0.0027307999999999998,-0.0093522999999999992,0.0051716000000000002,-0.015501999999999998,0.0065804000000000001,-0.0091836999999999995,0.0029156999999999998,-0.00026480000000000004,-0.00082950000000000016,-0.00016120000000000012,-0.00058989999999999997,-0.0018099000000000001,0.00055309999999999995,-0.0014139999999999999,-1.0500000000000093e-05,-0.0026833999999999998,0.0018656999999999997,0.0049749,-0.00069669999999999986,-0.0016140999999999998,0.0010020000000000003,2.0000000000009973e-07,-0.00053140000000000001,0.0045821000000000004,-0.0011126999999999999,-0.00079929999999999997,-0.00089169999999999983,0.0014862999999999999,0.0048989000000000003,-0.0057751999999999994,0.0013517999999999998,0.0020804,-0.0053116999999999999,-0.0029453000000000001,0.0033673999999999996,-0.00020459999999999988,0.0034461000000000001,0.00090749999999999989,0.0049500999999999989,-0.0048311999999999999,-0.00074290000000000001,0.0059605999999999999,0.00015829999999999992,0.00032929999999999993,0.0031080000000000001,0.0029135999999999997,-0.0031764000000000002,-0.0011789999999999999,-0.0053392999999999999,0.0066563000000000004,-0.0036126999999999999,0.0046325999999999989,-0.0067118999999999998,-0.0022656,-0.0019580000000000001,-0.00086829999999999958,-0.0048355999999999998,0.0064607999999999992,0.0021696000000000007,0.0077571000000000003,-0.0011308999999999994,-0.019283599999999998,0.00066290000000000012,-0.00031629999999999994,-0.00076439999999999982,0.0015341999999999999,0.0024929000000000002,0.00038759999999999999,-0.0023071999999999997,-0.0008516000000000001,0.0017143,-0.00054359999999999999,0.0005304000000000001,0.0017730999999999999,-0.00048189999999999984,0.0010246999999999999,-0.00067829999999999995,0.0009794999999999999,-0.0018051999999999996,0.00045260000000000005,0.002026,0.00015180000000000003,0.00092749999999999994,-0.00078310000000000001,0.00048999999999999998,-0.00084600000000000007,-0.00018740000000000011,-0.001627,0.00073109999999999994,0.0002427000000000001,-0.0011498000000000001,0.00012900000000000005,-0.0037233000000000001,0.00054629999999999978,-0.00064880000000000005,-0.0036592,-0.0027152000000000001,0.0010584000000000001,-0.0026768999999999999,0.0023968000000000001,0.0044781999999999999,-0.0010984,-0.0016169000000000001,0.0018072000000000001,0.0019175999999999998,-0.0028556999999999996,0.00046910000000000002,0.0061411,0.0041567000000000002,-0.0032088999999999998,0.00078769999999999969,-0.0013806999999999999,-0.0020615,-0.00074619999999999981,0.0023568,-0.0017788999999999999,0.0029480999999999999,-0.001931,-0.0022226999999999998,-0.0011719,0.0016262,0.013476500000000001,-0.0024995,0.0052052999999999995,0.0006988999999999997,-0.0030687000000000002,-0.0012034000000000001,-4.4999999999999955e-05,-8.400000000000009e-05,0.00079909999999999996,-0.0001139,-0.00072670000000000005,-0.00060899999999999995,0.0013776999999999999,0.00076239999999999988,0.0017426,0.00062079999999999991,-0.000486,-9.8800000000000043e-05,0.0017114000000000001,0.00026420000000000013,-0.0018885,-0.00075730000000000003,-0.0011558,0.001446,-0.00020669999999999998,0.00055539999999999995,-0.0015820999999999999,-0.0016583000000000001,-0.0011157000000000001,-0.0026884999999999999,0.0011147999999999998,-0.0010157,0.0020046,-0.00069000000000000008,-0.00029719999999999985,-0.0007028999999999999,0.00010180000000000003,0.0011086,0.0003791,0.00024760000000000006,0.0025462999999999996,0.00042840000000000044,-0.0025767999999999998,0.0042436999999999996,-0.00073879999999999996,-0.0020309999999999998,-0.0011469,0.0013397999999999999,0.00034820000000000001,-0.0021270999999999998,-0.0033703000000000001,0.001694,0.0014298,9.390000000000006e-05,0.0013202999999999999,-0.0029223999999999999,0.0020550999999999994,0.0024519999999999998,-7.6800000000000132e-05,-0.0012204999999999998,0.00056750000000000008,-0.00064559999999999997,0.0011432,-0.00072689999999999994,0.002983,-0.0015193999999999993,-0.00062370000000000004,0.0021643999999999999,-0.0012619,-0.00038480000000000068,0.0021019999999999997,0.0055089000000000006,0.0040070999999999996,-0.0048813999999999993,0.00029590000000000004,-0.00017040000000000008,-0.00097099999999999997,-0.0004014,-0.00030959999999999999,-0.00027050000000000002,-0.00056119999999999987,-0.00024470000000000004,-0.0010391999999999999,-0.00071339999999999999,-0.00047980000000000006,0.00058970000000000008,-0.0012214999999999999,0.0010858999999999997,7.5300000000000014e-05,0.0011628999999999999,-0.00088289999999999961,0.0009789,0.0006889000000000001,0.001073,-0.0011032999999999998,-0.00020180000000000003,-0.0014584999999999999,0.0016174000000000002,0.00041389999999999987,-0.0011848,0.00035229999999999994,5.3899999999999962e-05,0.00047940000000000005,-0.00055560000000000017,-5.1100000000000016e-05,6.7699999999999816e-05,-0.00098569999999999994,-0.00061100000000000011,0.0017926000000000001,-0.0023226000000000002,0.00041910000000000005,-0.0014130000000000002,-0.0007275999999999999,-0.00016059999999999995,0.00020120000000000001,-0.0021890999999999998,-0.00095470000000000017,0.00016379999999999989,0.0013722000000000001,0.0034372999999999999,-0.0013076000000000001,-0.0022137999999999997,0.00047679999999999999,-0.00069300000000000004,-0.0010412999999999998,0.0022501999999999999,-0.0022631999999999999,0.0027187000000000001,-0.00040959999999999998,0.00076780000000000001,0.0012364999999999998,-0.0018993,2.760000000000001e-05,0.0024015,0.00011299999999999993,0.0028141999999999998,-0.0025240999999999996,-0.0040543999999999997,0.0040917999999999996,-0.0013186999999999999,-0.0013683999999999999,0.0036575999999999996,0.0037518,0.0034954999999999999,-0.0055945000000000005,-0.0018442999999999999,-0.0038069999999999996,-0.0040026000000000003,-0.00010009999999999989
aug_between_class_right_pair0005_child04,Healthy,0,0,Augmented,0,0,0,0,0,0.2864408,2.0072473999999998,0,-5.9999999999999997e-07,0,0.97247500000000009,0,0.025623600000000003,-0.1169718,0.013373999999999999,0.084558599999999998,-0.056220199999999998,0.0626892,0.0087627999999999977,0.0053680000000000004,-0.030825999999999999,-0.050062600000000006,0.29236960000000001,-0.064924400000000007,0.0061130000000000004,0.022409999999999999,0.045991799999999999,-0.018801000000000002,0.00030679999999999987,-0.056411799999999998,0.0063687999999999974,0.0220068,-0.050962400000000005,0.0030777999999999999,-0.088588800000000009,0.013695799999999999,0.054380999999999999,-0.023037799999999997,0.0086202000000000015,0.014029,-0.031516199999999994,0.043605200000000004,-0.048017400000000002,-0.017203599999999999,0.091428599999999999,-0.021904399999999997,0.17142260000000001,-0.052521599999999995,0.0064183999999999995,-0.0012292,-0.010901000000000001,-0.0130914,-0.0018853999999999997,0.041376800000000005,-0.0011199999999999995,-0.0075354000000000003,-0.0092270000000000008,-0.0138216,0.0150244,0.028751800000000001,0.0181084,0.014329399999999999,0.0031483999999999991,0.0040914000000000011,0.015464200000000001,-0.039148000000000002,0.0035856,-0.00055940000000000026,-0.0017831999999999998,0.014692,-0.090542799999999993,-0.0064175999999999999,-0.021880799999999999,0.010101400000000003,0.0088156000000000016,0.0036695999999999999,0.0018588000000000001,0.020236999999999998,0.011028400000000001,-0.0023312000000000003,-0.0062303999999999997,0.0086508000000000002,0.0072453999999999999,-0.0026534000000000002,-0.00015700000000000002,0.00076579999999999964,-0.011528,0.0035662000000000003,0.0024484000000000007,0.0094009999999999996,-0.011025199999999999,-0.011364000000000001,0.016703199999999998,-0.017092,-0.0059463999999999993,-0.0058094000000000002,-0.0067635999999999998,0.0065242000000000008,-0.0110516,-0.0030745999999999998,0.010401199999999999,-0.014213199999999999,0.014178399999999999,0.0083581999999999997,0.0019423999999999999,0.013466800000000001,-0.017111000000000001,0.0069654000000000001,-0.00089459999999999995,-0.0031060000000000003,-0.0051231999999999996,0.0127878,-0.0039014000000000002,-0.0028524000000000002,-0.003107,0.006711,-0.0020363999999999998,0.00036480000000000019,0.0052703999999999997,0.0076292,0.0065036,-0.0024883999999999996,0.0080657999999999997,-0.0043454000000000001,0.0040498000000000001,-0.0096471999999999999,0.0109392,-0.003444,-0.0039746,0.0023086000000000009,-0.0052849999999999998,0.0062056000000000004,-0.012706,-0.0037602,0.0064143999999999998,-0.0062993999999999993,-0.0010872,-0.00071979999999999993,-0.0146354,0.0038411999999999995,-0.013461600000000001,-9.6000000000000599e-05,-0.0020918000000000004,-0.0045028000000000004,-0.010875399999999999,-0.0060427999999999983,0.0031806000000000004,-0.0013395999999999998,-0.000437,-0.0023839999999999998,0.0015586000000000003,0.0010484000000000001,-0.0052429999999999994,1.6200000000000069e-05,-0.0025368000000000001,0.00010439999999999972,0.00083419999999999979,4.8200000000000196e-05,0.0040523999999999994,0.001158,0.0023695999999999999,0.00058259999999999996,-0.001196,-0.0010552000000000001,-0.0078262000000000002,-0.0054547999999999992,0.0099665999999999991,0.0027460000000000002,-6.8799999999999992e-05,-0.0026128000000000002,-0.0062255999999999995,-0.0056289999999999995,-0.0023870000000000002,-0.0143204,0.0048675999999999997,0.00029719999999999963,0.0073506000000000005,0.0062991999999999996,-0.011247800000000001,0.0019575999999999999,0.011211799999999999,-0.0018358000000000001,0.0072771999999999993,0.0056442000000000003,-0.010108200000000001,-0.0010628000000000002,-0.016343400000000001,0.0063877999999999999,0.0025492000000000002,0.0037268000000000006,0.011221399999999999,0.0013497999999999997,-0.0022278000000000003,0.0016443999999999999,-0.00036699999999999992,-0.0008190000000000005,0.00093840000000000026,-0.00091179999999999983,0.00085020000000000017,-0.0050901999999999996,-0.0001607999999999999,0.0043667999999999997,-0.0022661999999999999,-0.0036234000000000006,0.00027599999999999999,0.00010760000000000001,-0.0012037999999999999,-0.0033199999999999996,0.00034060000000000009,0.0027870000000000004,-0.0033795999999999995,0.0011196000000000001,0.0017156000000000001,-0.0044573999999999994,-0.0052167999999999997,0.0063022000000000009,0.0028785999999999994,0.002085,0.00016719999999999973,0.0054995999999999995,-0.00019059999999999997,0.00048839999999999995,0.0043929999999999993,-0.0013004000000000002,-0.0026807999999999997,0.0034884,0.0086321999999999996,-0.0073986,0.0039778000000000001,-0.0014478000000000004,0.0051912,0.0014749999999999993,-0.00031320000000000002,0.0031983999999999997,0.0010922,-0.0027513999999999993,-0.0011180000000000001,-0.0022854000000000004,-0.010341400000000001,0.0053068000000000004,-0.014497999999999999,0.0050751999999999985,-0.0093355999999999995,0.0028005999999999999,-0.00053740000000000005,-0.00088400000000000013,-0.00012359999999999986,-0.00050920000000000002,-0.0016462000000000002,0.0004908,-0.00133,-9.3000000000000092e-05,-0.0024632,0.0017705999999999998,0.0049031999999999999,-0.00069259999999999992,-0.0018107999999999996,0.0010319999999999999,-0.00029239999999999995,-0.00026119999999999995,0.0044218,-0.00082259999999999994,-0.00073240000000000002,-0.00086060000000000021,0.0014383999999999998,0.0050092000000000001,-0.0056286000000000001,0.0017463999999999997,0.0020382,-0.0050285999999999994,-0.0025874000000000006,0.0031162,-9.4799999999999919e-05,0.0030668000000000002,0.0007809999999999999,0.0047057999999999996,-0.0049136000000000006,-0.00077020000000000007,0.0062237999999999998,-0.00017760000000000014,0.00032839999999999996,0.002813,0.0031497999999999999,-0.0034192000000000003,-0.001258,-0.0053604000000000004,0.0066444,-0.0038326000000000002,0.0045677999999999995,-0.0059861999999999988,-0.0023368,-0.0019469999999999999,-0.00076239999999999967,-0.0048457999999999999,0.0067083999999999998,0.0019478000000000004,0.0070298000000000001,-0.0010222000000000005,-0.019232800000000001,0.00069420000000000007,-0.00037339999999999991,-0.00092119999999999995,0.0015516,0.0023931999999999998,0.00029179999999999999,-0.0021816000000000001,-0.00088980000000000027,0.0018644,-0.00065379999999999995,0.00070120000000000002,0.0017278,-0.00075619999999999995,0.0011275999999999999,-0.00065339999999999994,0.00079199999999999995,-0.0017495999999999996,0.0002008,0.002032,0.00022240000000000001,0.00076599999999999975,-0.00060179999999999999,0.00081200000000000011,-0.00082400000000000008,-0.00010119999999999986,-0.0016919999999999999,0.00040079999999999993,0.00062860000000000021,-0.00067440000000000002,-6.2999999999999959e-05,-0.0036304000000000002,0.00042740000000000009,-0.00079140000000000005,-0.0038425999999999998,-0.0033976000000000006,0.0014262000000000001,-0.0025971999999999996,0.0027474000000000001,0.0041425999999999998,-0.0013462000000000001,-0.0016252,0.0019445999999999999,0.0021188000000000001,-0.0022896000000000001,0.00047580000000000002,0.0063188000000000012,0.004053600000000001,-0.0031321999999999999,0.00090859999999999997,-0.0020356000000000003,-0.001732,-0.00051259999999999999,0.0019893999999999997,-0.0018082,0.0030588,-0.002147,-0.0019746,-0.0013942000000000002,0.0020856,0.013226999999999999,-0.0025599999999999998,0.0049233999999999997,0.00045720000000000005,-0.0035596000000000004,-0.0013902000000000003,0.00023000000000000003,-0.00013300000000000009,0.00078779999999999996,-0.00020719999999999999,-0.00066060000000000001,-0.00063600000000000006,0.0014236000000000001,0.00054319999999999998,0.0016418000000000001,0.00062239999999999995,-0.00055900000000000004,-0.00044740000000000003,0.0017132,0.00056860000000000005,-0.0017979999999999999,-0.00085540000000000008,-0.00096239999999999987,0.0013860000000000001,-0.00023060000000000002,0.00064119999999999997,-0.0014168000000000002,-0.0018484,-0.00096460000000000003,-0.0026189999999999998,0.0011133999999999998,-0.00095660000000000005,0.0021457999999999998,-0.00059700000000000009,-0.00031459999999999995,-0.00067619999999999996,1.7399999999999989e-05,0.00091779999999999997,0.00070980000000000012,9.6799999999999968e-05,0.0024403999999999997,0.00067220000000000018,-0.0024133999999999996,0.0039895999999999994,-0.00047639999999999992,-0.001751,-0.0010332,0.0015484000000000003,0.00049159999999999991,-0.0021827999999999999,-0.0034694000000000001,0.0018930000000000002,0.0014564000000000001,3.5199999999999988e-05,0.0013634000000000001,-0.0030232000000000002,0.0016197999999999996,0.0021599999999999996,-0.00022839999999999991,-0.0011709999999999999,0.00064800000000000003,-0.00053180000000000002,0.0012836,-0.00089820000000000004,0.0030230000000000001,-0.0014551999999999998,-0.0010506000000000003,0.0019331999999999999,-0.0020232000000000002,-6.7400000000000446e-05,0.00231,0.0050492000000000002,0.0044848000000000006,-0.0047482000000000002,0.0002522,-7.9199999999999974e-05,-0.00094199999999999991,-0.00045619999999999998,-0.00031379999999999998,-0.00030199999999999997,-0.00048559999999999988,-0.0005306000000000001,-0.00086760000000000027,-0.00074120000000000002,-0.00038340000000000005,0.0007136,-0.001207,0.00097919999999999995,-1.7600000000000035e-05,0.0009951999999999999,-0.00065519999999999977,0.0010812,0.00088920000000000015,0.00085100000000000019,-0.00092439999999999992,-0.00030740000000000005,-0.0015249999999999999,0.0015952000000000002,0.0001081999999999997,-0.00080040000000000005,0.00050539999999999992,-0.00011379999999999999,0.00080520000000000006,-0.0008288000000000002,-0.0001548,0.00044959999999999992,-0.0011226000000000001,-0.00053499999999999999,0.0017137999999999999,-0.0022708000000000003,0.00062480000000000012,-0.0013060000000000001,-0.00075079999999999993,-3.4799999999999924e-05,6.8599999999999933e-05,-0.0019257999999999999,-0.00084960000000000027,-6.8600000000000095e-05,0.0014046,0.0036613999999999996,-0.0015158000000000001,-0.0020124000000000001,0.00059640000000000008,-0.00074400000000000009,-0.00091639999999999994,0.0023416000000000001,-0.0023046,0.0025796,-0.00043979999999999996,0.00074939999999999978,0.00132,-0.0016393999999999998,0.00022480000000000002,0.0021580000000000002,-6.1000000000000073e-05,0.0026895999999999999,-0.0027577999999999999,-0.0040362000000000002,0.0040384000000000001,-0.0011525999999999999,-0.0010311999999999999,0.0035858000000000001,0.0035924000000000004,0.0041070000000000004,-0.005267,-0.0018694000000000002,-0.0037539999999999995,-0.0040358,1.6200000000000069e-05
aug_between_class_right_pair0005_child05,TLE,1,1,Augmented,0,0,0,0,0,0.27354620000000002,2.0304606000000001,0,-3.9999999999999993e-07,0,0.95140000000000002,0,0.027113400000000003,-0.12154319999999999,0.011101999999999999,0.087728399999999998,-0.056927800000000001,0.060767799999999997,0.0079061999999999986,0.0045910000000000005,-0.026626,-0.059858399999999999,0.30928439999999996,-0.059773600000000003,0.013300000000000003,0.028026999999999996,0.038331199999999996,-0.017285000000000002,0.0018241999999999985,-0.054997200000000003,0.0097551999999999986,0.020347200000000003,-0.051429599999999999,0.0035092000000000001,-0.088317199999999998,0.013570199999999999,0.049280000000000004,-0.021855199999999998,0.0118318,0.015531,-0.028443799999999998,0.042430800000000005,-0.047610600000000003,-0.0196244,0.086970400000000003,-0.026912599999999998,0.1720034,-0.0527754,0.0049245999999999995,-0.0015738,-0.010995,-0.014948599999999999,-0.0015796,0.0395702,-0.00092599999999999974,-0.0069906000000000005,-0.0098379999999999995,-0.0134594,0.014261599999999999,0.030142200000000001,0.0175096,0.0138066,0.00096560000000000049,0.0063715999999999998,0.0152138,-0.036719000000000002,0.0024534000000000001,-0.0023795999999999995,-0.00069079999999999999,0.016746,-0.087789199999999998,-0.0063204000000000003,-0.019767199999999999,0.0085675999999999947,0.011245400000000001,0.0033133999999999998,0.0010402,0.019560999999999999,0.012849599999999999,-0.0034797999999999999,-0.0086475999999999983,0.0082842000000000002,0.0081135999999999986,-0.0037185999999999999,0.0018729999999999997,9.1200000000000482e-05,-0.0093280000000000012,0.0048077999999999992,0.00089860000000000027,0.007718,-0.012388799999999998,-0.010182,0.015289799999999999,-0.016223999999999999,-0.0053816000000000003,-0.0063286000000000002,-0.0078903999999999988,0.0067298000000000011,-0.011538400000000001,-0.0039103999999999996,0.0098238000000000006,-0.013662799999999999,0.0120836,0.0068818000000000004,0.0022975999999999999,0.0119382,-0.012265000000000002,0.0077256000000000009,-0.0014884,-0.0034729999999999995,-0.0055648,0.0136092,-0.0041376,-0.0034946000000000001,-0.0033940000000000003,0.0068649999999999996,-0.0016486000000000001,0.0013112000000000002,0.0053226000000000002,0.0082448,0.0068864000000000009,-0.0029215999999999999,0.0075291999999999998,-0.0046465999999999999,0.0027052000000000001,-0.0086588000000000012,0.0104768,-0.004581,-0.0046344000000000003,0.0025914000000000006,-0.0056740000000000002,0.0068533999999999999,-0.011698,-0.0027888000000000001,0.0053725999999999999,-0.0060106000000000005,-0.0020038,0.0004768000000000001,-0.0148156,0.0044278000000000008,-0.013033400000000001,-0.0012490000000000001,-0.0010002000000000001,-0.0044971999999999998,-0.0093775999999999998,-0.0076141999999999981,0.0030894,-0.00070340000000000018,-0.00015200000000000004,-0.0028119999999999998,0.0027653999999999999,0.00064560000000000008,-0.0051859999999999996,-0.00035819999999999971,-0.0027891999999999999,7.5999999999999679e-06,-0.00052320000000000014,0.00084980000000000016,0.0044156000000000004,0.0012849999999999999,0.0029393999999999996,-0.00068159999999999976,-0.0024949999999999998,-0.0006688000000000001,-0.0077578000000000005,-0.0049321999999999994,0.010104399999999999,0.0031970000000000002,0.00019579999999999993,-0.0027921999999999999,-0.0065133999999999991,-0.0061180000000000002,-0.002699,-0.013869599999999999,0.0046064000000000001,-0.00048819999999999983,0.0069684000000000005,0.0063467999999999997,-0.0122992,0.0011624000000000001,0.0107712,-0.0027352000000000001,0.0061078,0.0058408000000000002,-0.0089397999999999995,-0.0016371999999999995,-0.016457599999999999,0.0079671999999999989,0.0013728000000000004,0.0047702000000000005,0.011255600000000001,-0.00024379999999999996,-0.0022262000000000002,0.0017756,0.00023799999999999993,-0.002052,0.0014016,-0.00047919999999999983,0.0010168,-0.0057067999999999997,0.00059980000000000005,0.0043782000000000005,-0.0018917999999999999,-0.0041165999999999998,0.00024400000000000008,-0.00015860000000000001,-0.0018791999999999997,-0.0038059999999999999,0.00069939999999999998,0.0033249999999999998,-0.0030793999999999999,0.0012794,0.0019674000000000002,-0.0043146,-0.0054002,0.0054687999999999994,0.0020123999999999993,0.003043999999999999,0.0008297999999999999,0.0051554000000000001,-0.00020540000000000001,-9.7399999999999874e-05,0.0029580000000000006,-0.00065460000000000008,-0.0029272,0.0035356000000000003,0.0086477999999999989,-0.0076914000000000001,0.0039611999999999998,-0.0012901999999999996,0.0048567999999999997,0.0020579999999999995,-0.00098480000000000009,0.0031145999999999999,0.00091680000000000006,-0.0035635999999999992,-0.0020119999999999999,-0.0013946000000000006,-0.0123196,0.0055772,-0.012490000000000001,0.0020648000000000012,-0.0096393999999999994,0.0025704,-0.0010825999999999998,-0.00099300000000000018,-4.8399999999999875e-05,-0.0003478,-0.0013188000000000002,0.00036620000000000006,-0.0011620000000000001,-0.00025799999999999998,-0.0020227999999999999,0.0015803999999999998,0.0047598000000000007,-0.00068440000000000005,-0.0022041999999999999,0.0010920000000000001,-0.00087759999999999965,0.0002791999999999999,0.0041012000000000002,-0.00024240000000000004,-0.00059860000000000002,-0.00079840000000000011,0.0013426,0.0052297999999999997,-0.0053353999999999997,0.0025355999999999994,0.0019537999999999999,-0.0044624,-0.0018716000000000002,0.0026137999999999999,0.0001248,0.0023082000000000003,0.00052800000000000004,0.0042171999999999999,-0.0050784000000000003,-0.00082479999999999999,0.0067501999999999996,-0.00084939999999999972,0.00032659999999999992,0.0022230000000000001,0.0036221999999999999,-0.0039047999999999999,-0.0014160000000000002,-0.0054025999999999996,0.0066205999999999999,-0.0042724,0.0044381999999999998,-0.0045348000000000003,-0.0024792,-0.0019250000000000001,-0.00055060000000000026,-0.0048662000000000002,0.0072035999999999992,0.0015042000000000007,0.0055751999999999998,-0.00080480000000000005,-0.019131200000000001,0.00075679999999999996,-0.00048759999999999993,-0.0012347999999999999,0.0015864,0.0021938000000000001,0.00010020000000000005,-0.0019304000000000001,-0.00096619999999999996,0.0021646,-0.0008742,0.0010428,0.0016372000000000001,-0.0013047999999999996,0.0013334,-0.00060360000000000014,0.000417,-0.0016383999999999999,-0.00030279999999999988,0.0020439999999999998,0.00036359999999999995,0.00044299999999999982,-0.00023919999999999996,0.001456,-0.00078000000000000009,7.1199999999999996e-05,-0.0018219999999999998,-0.00025979999999999981,0.0014004,0.00027639999999999956,-0.00044699999999999981,-0.0034446000000000004,0.00018960000000000005,-0.0010766,-0.0042094000000000003,-0.0047624,0.0021617999999999997,-0.0024377999999999999,0.0034486,0.0034713999999999999,-0.0018418,-0.0016418000000000001,0.0022193999999999998,0.0025211999999999999,-0.0011574000000000003,0.00048920000000000018,0.0066741999999999999,0.0038474,-0.0029787999999999998,0.0011503999999999998,-0.0033454000000000001,-0.0010730000000000002,-4.5400000000000128e-05,0.0012546000000000002,-0.0018668000000000001,0.0032802,-0.0025789999999999997,-0.0014784000000000002,-0.0018388,0.0030044,0.012728,-0.0026810000000000002,0.0043595999999999999,-2.6199999999999661e-05,-0.0045414000000000001,-0.0017638,0.00077999999999999988,-0.00023100000000000009,0.00076520000000000006,-0.00039379999999999992,-0.00052840000000000005,-0.00068999999999999997,0.0015153999999999999,0.00010480000000000008,0.0014402000000000002,0.00062560000000000003,-0.00070500000000000001,-0.0011446000000000002,0.0017168000000000001,0.0011773999999999999,-0.0016169999999999999,-0.0010516,-0.0005756,0.001266,-0.00027839999999999999,0.00081279999999999992,-0.0010862000000000003,-0.0022286000000000003,-0.00066240000000000005,-0.00248,0.0011106,-0.0008384,0.0024282000000000001,-0.00041100000000000002,-0.00034940000000000014,-0.00062279999999999996,-0.00015139999999999991,0.00053620000000000013,0.0013712000000000002,-0.00020479999999999988,0.0022285999999999999,0.0011598000000000001,-0.0020866000000000001,0.0034814000000000004,4.8399999999999984e-05,-0.001191,-0.00080579999999999996,0.0019656000000000001,0.00077839999999999995,-0.0022942000000000001,-0.0036676,0.0022909999999999996,0.0015095999999999998,-8.2199999999999938e-05,0.0014495999999999999,-0.0032247999999999999,0.00074919999999999967,0.0015760000000000001,-0.00053159999999999991,-0.001072,0.00080900000000000004,-0.00030420000000000002,0.0015643999999999999,-0.0012407999999999998,0.0031029999999999999,-0.0013267999999999999,-0.0019044000000000001,0.0014708000000000002,-0.0035457999999999996,0.00056740000000000002,0.0027260000000000001,0.0041298000000000012,0.0054402000000000001,-0.0044817999999999993,0.00016479999999999999,0.00010319999999999996,-0.00088400000000000002,-0.00056579999999999998,-0.00032220000000000008,-0.00036499999999999998,-0.0003344,-0.0011023999999999999,-0.00052440000000000017,-0.00079680000000000007,-0.00019060000000000008,0.00096139999999999995,-0.001178,0.00076579999999999986,-0.00020339999999999996,0.00065979999999999999,-0.0001997999999999999,0.0012857999999999997,0.0012898,0.00040700000000000014,-0.0005666,-0.00051860000000000003,-0.0016579999999999998,0.0015508000000000002,-0.0005032000000000002,-3.1600000000000118e-05,0.00081159999999999989,-0.00044919999999999997,0.0014568000000000003,-0.0013752,-0.00036219999999999997,0.0012133999999999997,-0.0013963999999999999,-0.00038299999999999999,0.0015562,-0.0021672000000000002,0.0010361999999999999,-0.0010920000000000001,-0.00079719999999999997,0.00021680000000000007,-0.00019660000000000001,-0.0013991999999999997,-0.00063940000000000004,-0.00053340000000000006,0.0014693999999999998,0.0041095999999999997,-0.0019322,-0.0016096000000000003,0.00083559999999999993,-0.00084599999999999996,-0.00066660000000000005,0.0025244,-0.0023874,0.0023014000000000003,-0.00050020000000000002,0.00071259999999999997,0.001487,-0.0011196000000000001,0.00061919999999999998,0.001671,-0.00040900000000000002,0.0024403999999999997,-0.0032251999999999997,-0.0039997999999999995,0.0039315999999999995,-0.00082039999999999999,-0.00035680000000000022,0.0034421999999999999,0.0032735999999999998,0.0053299999999999997,-0.0046119999999999998,-0.0019196000000000003,-0.0036479999999999993,-0.0041022000000000003,0.00024879999999999992
aug_between_class_right_pair0005_child06,TLE,1,1,Augmented,0,0,0,0,0,0.26709890000000003,2.0420672,0,-2.9999999999999993e-07,0,0.94086250000000005,0,0.027858300000000003,-0.12382889999999999,0.0099659999999999992,0.089313299999999998,-0.057281600000000002,0.059807100000000002,0.0074779,0.0042025000000000005,-0.024525999999999999,-0.064756300000000003,0.31774179999999996,-0.057198200000000005,0.016893499999999999,0.030835499999999995,0.034500900000000001,-0.016527,0.0025828999999999995,-0.054289900000000002,0.011448399999999999,0.019517400000000001,-0.051663199999999999,0.0037248999999999997,-0.088181400000000007,0.013507399999999999,0.0467295,-0.021263899999999999,0.013437599999999999,0.016281999999999998,-0.0269076,0.041843600000000002,-0.047407199999999997,-0.020834799999999997,0.084741300000000006,-0.029416699999999997,0.1722938,-0.052902299999999999,0.0041776999999999995,-0.0017461,-0.011042,-0.015877199999999998,-0.0014267000000000004,0.038666900000000004,-0.00082899999999999988,-0.0067182000000000006,-0.0101435,-0.013278300000000002,0.013880200000000001,0.030837400000000001,0.017210200000000002,0.0135452,-0.00012579999999999883,0.0075117000000000005,0.015088600000000001,-0.035504500000000001,0.0018873,-0.0032897,-0.00014459999999999994,0.017773000000000001,-0.0864124,-0.0062718000000000001,-0.018710400000000002,0.0078006999999999972,0.012460300000000001,0.0031352999999999997,0.00063090000000000021,0.019223000000000001,0.0137602,-0.0040540999999999997,-0.009856199999999999,0.0081009000000000012,0.0085476999999999984,-0.0042512000000000001,0.0028879999999999995,-0.00024609999999999996,-0.0082280000000000009,0.0054285999999999996,0.00012370000000000089,0.0068765000000000007,-0.013070599999999998,-0.0095910000000000006,0.0145831,-0.015789999999999998,-0.0050991999999999999,-0.0065882000000000007,-0.0084538000000000009,0.0068326000000000003,-0.0117818,-0.0043283000000000002,0.0095350999999999995,-0.0133876,0.011036199999999999,0.0061436000000000008,0.0024751999999999999,0.0111739,-0.0098420000000000018,0.0081057000000000004,-0.0017852999999999996,-0.0036564999999999996,-0.0057856000000000001,0.0140199,-0.0042557000000000003,-0.0038157,-0.0035374999999999998,0.0069420000000000003,-0.0014547,0.0017844000000000002,0.0053486999999999996,0.0085526000000000005,0.0070778000000000004,-0.0031381999999999998,0.0072608999999999998,-0.0047971999999999997,0.0020328999999999998,-0.008164600000000001,0.010245600000000001,-0.0051494999999999996,-0.0049642999999999996,0.0027328000000000005,-0.0058685000000000005,0.0071772999999999993,-0.011194000000000001,-0.0023031000000000002,0.0048517000000000005,-0.0058662000000000011,-0.0024621000000000001,0.0010750999999999996,-0.014905699999999999,0.0047211000000000006,-0.0128193,-0.001825499999999999,-0.0004544000000000002,-0.0044944000000000008,-0.0086286999999999996,-0.0083998999999999983,0.0030438000000000002,-0.0003853000000000001,-9.5000000000000547e-06,-0.003026,0.0033687999999999995,0.00044420000000000017,-0.0051575000000000006,-0.0005453999999999997,-0.0029153999999999998,-4.0800000000000124e-05,-0.0012018999999999997,0.0012505999999999997,0.0045971999999999992,0.0013484999999999999,0.0032243000000000007,-0.0013136999999999997,-0.0031445000000000002,-0.00047560000000000007,-0.0077235999999999997,-0.0046708999999999995,0.0101733,0.0034225000000000002,0.0003280999999999999,-0.0028819000000000002,-0.0066572999999999997,-0.0063625000000000001,-0.0028549999999999999,-0.0136442,0.0044758000000000003,-0.0008809,0.0067773000000000009,0.0063705999999999997,-0.0128249,0.00076480000000000027,0.0105509,-0.0031849000000000001,0.0055230999999999995,0.0059391000000000001,-0.0083556000000000012,-0.0019244000000000004,-0.0165147,0.008756899999999998,0.00078460000000000053,0.0052919000000000004,0.0112727,-0.0010405999999999998,-0.0022254000000000002,0.0018411999999999999,0.00054050000000000018,-0.0026684999999999999,0.0016332,-0.00026290000000000005,0.0011000999999999999,-0.0060151000000000007,0.00098009999999999981,0.0043839000000000005,-0.0017045999999999999,-0.0043631999999999994,0.00022800000000000001,-0.00029169999999999993,-0.0022168999999999999,-0.0040489999999999996,0.0008788,0.0035939999999999995,-0.0029293000000000001,0.0013592999999999999,0.0020933000000000002,-0.0042431999999999999,-0.0054919000000000009,0.0050521000000000003,0.0015792999999999998,0.0035234999999999997,0.0011610999999999995,0.0049832999999999995,-0.00021280000000000002,-0.00039029999999999978,0.0022405000000000003,-0.00033169999999999999,-0.0030504,0.0035592000000000002,0.0086555999999999994,-0.0078378000000000007,0.0039529000000000005,-0.0012114000000000005,0.0046896000000000004,0.0023494999999999996,-0.0013205999999999999,0.0030726999999999998,0.00082910000000000004,-0.0039696999999999996,-0.0024590000000000002,-0.0009492000000000003,-0.013308699999999998,0.0057123999999999994,-0.011486,0.00055960000000000037,-0.0097912999999999993,0.0024553000000000001,-0.0013552,-0.0010475000000000003,-1.0799999999999829e-05,-0.00026710000000000004,-0.0011551000000000001,0.00030390000000000012,-0.0010780000000000002,-0.00034049999999999998,-0.0018026000000000001,0.0014852999999999999,0.0046881000000000006,-0.0006803,-0.0024009000000000001,0.0011220000000000002,-0.0011701999999999997,0.00054939999999999991,0.0039409000000000007,4.7699999999999479e-05,-0.00053169999999999997,-0.00076730000000000006,0.0012947,0.0053400999999999995,-0.0051888000000000004,0.0029301999999999991,0.0019115999999999998,-0.0041793000000000004,-0.0015137000000000002,0.0023625999999999999,0.00023459999999999996,0.0019289000000000003,0.00040150000000000006,0.0039728999999999997,-0.0051608000000000001,-0.00085210000000000006,0.0070133999999999995,-0.0011852999999999998,0.00032569999999999995,0.0019280000000000002,0.0038583999999999997,-0.0041475999999999996,-0.001495,-0.0054237,0.0066087000000000003,-0.0044923000000000003,0.0043733999999999995,-0.0038091000000000002,-0.0025504,-0.0019140000000000001,-0.00044470000000000035,-0.0048763999999999995,0.007451199999999999,0.0012824000000000012,0.0048479000000000005,-0.00069610000000000028,-0.019080399999999997,0.00078810000000000002,-0.00054469999999999996,-0.0013916,0.0016038000000000001,0.0020940999999999998,4.4000000000000527e-06,-0.0018048000000000003,-0.0010044000000000001,0.0023146999999999998,-0.00098439999999999986,0.0012136,0.0015918999999999998,-0.0015790999999999997,0.0014362999999999999,-0.00057869999999999992,0.00022950000000000005,-0.0015827999999999999,-0.00055459999999999982,0.0020499999999999997,0.00043419999999999993,0.00028149999999999996,-5.7900000000000052e-05,0.0017780000000000001,-0.00075799999999999999,0.00015739999999999981,-0.001887,-0.00059009999999999998,0.0017862999999999998,0.00075179999999999973,-0.0006389999999999997,-0.0033517,7.0700000000000146e-05,-0.0012191999999999999,-0.0043928000000000005,-0.0054448000000000005,0.0025295999999999999,-0.0023580999999999997,0.0037991999999999995,0.0031358000000000002,-0.0020895999999999996,-0.0016501000000000003,0.0023568,0.0027223999999999994,-0.00059130000000000055,0.00049590000000000007,0.0068519000000000002,0.0037442999999999999,-0.0029020999999999999,0.0012712999999999999,-0.0040002999999999992,-0.00074350000000000002,0.00018819999999999986,0.00088720000000000021,-0.0018961,0.0033909000000000001,-0.0027949999999999997,-0.0012303000000000001,-0.0020610999999999997,0.0034637999999999995,0.0124785,-0.0027415,0.0040777000000000001,-0.00026789999999999974,-0.0050323,-0.0019506,0.0010549999999999999,-0.00028000000000000008,0.00075390000000000006,-0.00048709999999999991,-0.00046230000000000007,-0.00071699999999999997,0.0015612999999999998,-0.00011439999999999988,0.0013394000000000004,0.00062719999999999996,-0.00077800000000000005,-0.0014932000000000001,0.0017186,0.0014817999999999999,-0.0015265000000000001,-0.0011497,-0.00038220000000000007,0.001206,-0.00030229999999999998,0.00089859999999999983,-0.0009209,-0.0024187000000000002,-0.00051130000000000001,-0.0024104999999999999,0.0011092000000000001,-0.00077930000000000002,0.0025693999999999999,-0.00031800000000000003,-0.00036680000000000046,-0.00059610000000000002,-0.00023579999999999993,0.00034540000000000016,0.0017019000000000003,-0.00035559999999999997,0.0021226999999999999,0.0014036000000000001,-0.0019231999999999999,0.0032273000000000002,0.00031079999999999997,-0.00091100000000000003,-0.00069210000000000007,0.0021742000000000003,0.00092179999999999985,-0.0023499000000000003,-0.0037667,0.00249,0.0015361999999999999,-0.00014089999999999979,0.0014927,-0.0033255999999999997,0.00031389999999999999,0.001284,-0.00068319999999999991,-0.0010225000000000002,0.00088949999999999999,-0.00019039999999999997,0.0017047999999999998,-0.0014121000000000003,0.003143,-0.0012626,-0.0023313000000000001,0.0012396000000000002,-0.0043070999999999995,0.00088479999999999896,0.002934,0.0036700999999999995,0.0059179000000000002,-0.0043486000000000002,0.00012109999999999999,0.00019439999999999993,-0.00085499999999999997,-0.00062060000000000001,-0.00032640000000000007,-0.00039649999999999999,-0.0002588,-0.0013883000000000001,-0.00035280000000000012,-0.00082459999999999999,-9.420000000000004e-05,0.0010853,-0.0011635,0.00065910000000000003,-0.00029629999999999988,0.00049210000000000009,2.7900000000000028e-05,0.0013880999999999998,0.0014900999999999998,0.00018500000000000019,-0.00038770000000000005,-0.00062419999999999999,-0.0017244999999999999,0.0015286000000000002,-0.00080890000000000009,0.0003527999999999999,0.00096469999999999976,-0.00061689999999999998,0.0017826000000000003,-0.0016484,-0.00046589999999999994,0.0015952999999999996,-0.0015333,-0.00030699999999999998,0.0014774,-0.0021153999999999999,0.0012418999999999998,-0.0009850000000000002,-0.00082039999999999999,0.00034260000000000009,-0.00032919999999999987,-0.0011359,-0.00053430000000000014,-0.00076579999999999986,0.0015017999999999997,0.0043337000000000002,-0.0021403999999999998,-0.0014082000000000003,0.00095520000000000002,-0.0008969999999999999,-0.00054169999999999999,0.0026158000000000002,-0.0024288000000000001,0.0021622999999999998,-0.00053039999999999999,0.00069420000000000018,0.0015704999999999998,-0.00085970000000000003,0.0008164,0.0014274999999999999,-0.00058299999999999997,0.0023157999999999998,-0.0034589,-0.0039816000000000001,0.0038782000000000001,-0.00065430000000000013,-1.9600000000000205e-05,0.0033704,0.0031141999999999997,0.0059414999999999989,-0.0042845000000000001,-0.0019447000000000002,-0.0035950000000000001,-0.0041354,0.00036509999999999998
aug_between_class_right_pair0005_child07,TLE,1,1,Augmented,0,0,0,0,0,0.26065159999999998,2.0536738000000003,-5.2939559203393771e-23,-1.9999999999999999e-07,0,0.93032500000000007,0,0.028603200000000002,-0.12611459999999999,0.0088299999999999976,0.090898199999999998,-0.057635400000000003,0.0588464,0.0070495999999999987,0.0038140000000000001,-0.022425999999999998,-0.069654199999999999,0.32619919999999997,-0.054622799999999999,0.020487000000000002,0.033644,0.030670599999999996,-0.015768999999999998,0.0033415999999999997,-0.053582600000000001,0.0131416,0.018687599999999999,-0.0518968,0.0039405999999999998,-0.088045600000000002,0.013444599999999999,0.044179000000000003,-0.020672599999999999,0.0150434,0.017033,-0.025371399999999999,0.041256399999999999,-0.047203799999999997,-0.022045200000000001,0.082512199999999994,-0.031920799999999999,0.17258420000000002,-0.053029199999999999,0.0034307999999999986,-0.0019183999999999998,-0.011089000000000002,-0.016805799999999999,-0.0012738000000000003,0.037763600000000001,-0.00073199999999999958,-0.0064457999999999998,-0.010449,-0.0130972,0.0134988,0.031532600000000001,0.0169108,0.0132838,-0.0012171999999999999,0.0086518000000000012,0.0149634,-0.034290000000000001,0.0013211999999999996,-0.0041998000000000001,0.00040160000000000044,0.018800000000000001,-0.085035599999999989,-0.0062231999999999999,-0.017653599999999998,0.0070337999999999998,0.013675200000000002,0.0029571999999999997,0.00022159999999999988,0.018884999999999999,0.014670800000000001,-0.0046283999999999995,-0.0110648,0.0079176000000000003,0.0089817999999999999,-0.0047838000000000004,0.0039030000000000002,-0.00058340000000000041,-0.0071279999999999989,0.0060493999999999999,-0.00065119999999999935,0.0060349999999999996,-0.0137524,-0.0089999999999999993,0.013876400000000001,-0.015356,-0.0048167999999999996,-0.0068478000000000011,-0.0090172000000000013,0.0069354000000000004,-0.0120252,-0.0047461999999999999,0.0092464000000000001,-0.0131124,0.0099887999999999991,0.0054054000000000012,0.0026527999999999999,0.010409599999999998,-0.0074190000000000002,0.0084858000000000017,-0.0020822000000000002,-0.0038400000000000001,-0.0060064000000000003,0.0144306,-0.0043738000000000006,-0.0041368000000000004,-0.0036810000000000002,0.0070189999999999992,-0.0012608000000000001,0.0022576000000000002,0.0053748000000000008,0.0088604000000000009,0.0072692000000000008,-0.0033548000000000002,0.0069925999999999999,-0.0049478000000000005,0.0013605999999999996,-0.0076703999999999991,0.0100144,-0.005718,-0.0052942000000000006,0.0028742000000000004,-0.0060630000000000007,0.0075012000000000004,-0.01069,-0.0018173999999999998,0.0043307999999999992,-0.0057218000000000017,-0.0029204000000000001,0.0016733999999999996,-0.0149958,0.0050144000000000005,-0.0126052,-0.0024020000000000005,9.1399999999999728e-05,-0.0044916000000000001,-0.0078797999999999993,-0.0091855999999999986,0.0029982000000000003,-6.719999999999979e-05,0.00013300000000000009,-0.0032399999999999998,0.0039722000000000004,0.00024279999999999994,-0.0051289999999999999,-0.0007325999999999997,-0.0030416000000000002,-8.9200000000000217e-05,-0.0018806000000000005,0.0016514000000000001,0.0047787999999999997,0.0014120000000000001,0.0035092000000000009,-0.0019458000000000006,-0.0037940000000000005,-0.00028240000000000014,-0.0076893999999999999,-0.0044095999999999996,0.0102422,0.0036480000000000002,0.00046039999999999992,-0.0029716,-0.0068011999999999986,-0.006607,-0.0030109999999999998,-0.0134188,0.0043451999999999996,-0.0012736000000000006,0.0065862000000000004,0.0063943999999999997,-0.013350600000000001,0.00036719999999999982,0.010330599999999999,-0.0036346000000000009,0.0049383999999999999,0.0060374000000000001,-0.0077713999999999995,-0.0022116000000000002,-0.016571799999999998,0.0095466000000000006,0.00019639999999999979,0.0058136000000000021,0.011289800000000001,-0.0018374000000000003,-0.0022246000000000002,0.0019067999999999997,0.000843,-0.0032850000000000006,0.0018648000000000002,-4.659999999999994e-05,0.0011834000000000003,-0.0063233999999999999,0.0013604000000000001,0.0043896000000000004,-0.0015173999999999999,-0.0046097999999999998,0.00021200000000000006,-0.00042480000000000008,-0.0025545999999999998,-0.0042919999999999998,0.0010582,0.0038630000000000005,-0.0027791999999999999,0.0014392000000000001,0.0022192000000000002,-0.0041717999999999998,-0.0055836000000000002,0.0046353999999999996,0.0011461999999999991,0.0040029999999999996,0.0014923999999999998,0.0048111999999999999,-0.00022019999999999999,-0.00068320000000000024,0.0015229999999999996,-8.7999999999997802e-06,-0.0031735999999999999,0.0035828000000000001,0.0086633999999999982,-0.0079842000000000003,0.0039445999999999995,-0.0011326000000000001,0.0045223999999999993,0.0026409999999999997,-0.0016564000000000006,0.0030308000000000002,0.00074139999999999991,-0.0043758000000000009,-0.0029060000000000002,-0.00050379999999999999,-0.014297799999999999,0.0058475999999999997,-0.010482,-0.00094560000000000087,-0.0099431999999999993,0.0023401999999999997,-0.0016278,-0.0011020000000000001,2.6800000000000001e-05,-0.00018639999999999998,-0.00099139999999999992,0.00024160000000000002,-0.00099400000000000009,-0.00042300000000000009,-0.0015823999999999999,0.0013901999999999999,0.0046163999999999997,-0.00067620000000000006,-0.0025975999999999998,0.0011520000000000002,-0.0014628,0.00081960000000000019,0.0037805999999999998,0.00033780000000000051,-0.00046480000000000002,-0.00073620000000000001,0.0012467999999999999,0.0054504000000000002,-0.0050422000000000002,0.0033247999999999993,0.0018694,-0.0038961999999999998,-0.0011557999999999998,0.0021113999999999998,0.00034440000000000013,0.0015495999999999997,0.00027499999999999991,0.0037285999999999994,-0.0052431999999999999,-0.00087940000000000002,0.0072766000000000003,-0.0015211999999999999,0.00032479999999999998,0.0016330000000000001,0.0040946000000000003,-0.0043904,-0.0015739999999999999,-0.0054447999999999996,0.0065967999999999999,-0.0047122000000000006,0.0043086000000000001,-0.0030833999999999996,-0.0026216,-0.001903,-0.00033880000000000043,-0.0048865999999999996,0.0076988000000000004,0.0010606000000000001,0.0041205999999999994,-0.00058739999999999964,-0.019029600000000001,0.00081939999999999997,-0.00060179999999999999,-0.0015484000000000001,0.0016211999999999999,0.0019943999999999999,-9.1399999999999999e-05,-0.0016792000000000001,-0.0010426000000000003,0.0024648000000000001,-0.0010946,0.0013844,0.0015466,-0.0018533999999999998,0.0015392000000000001,-0.00055380000000000013,4.1999999999999882e-05,-0.0015272,-0.00080640000000000009,0.0020560000000000001,0.00050480000000000002,0.00011999999999999999,0.00012340000000000007,0.0021000000000000003,-0.00073600000000000011,0.00024359999999999985,-0.0019520000000000002,-0.00092040000000000015,0.0021722,0.0012272000000000003,-0.00083099999999999982,-0.0032588000000000005,-4.8199999999999979e-05,-0.0013618,-0.0045762000000000008,-0.0061272000000000019,0.0028974000000000005,-0.0022783999999999994,0.0041498000000000004,0.0028001999999999997,-0.0023374000000000003,-0.0016584000000000002,0.0024942000000000002,0.0029236000000000002,-2.5199999999999854e-05,0.00050259999999999997,0.0070296000000000004,0.0036412000000000003,-0.0028253999999999996,0.0013922000000000001,-0.0046552,-0.00041400000000000031,0.00042180000000000012,0.00051979999999999995,-0.0019254000000000001,0.0035016000000000001,-0.0030109999999999998,-0.00098219999999999991,-0.0022834000000000005,0.0039232,0.012229,-0.0028019999999999998,0.0037957999999999998,-0.00050959999999999981,-0.0055232000000000007,-0.0021374000000000002,0.00133,-0.00032900000000000008,0.00074260000000000005,-0.00058040000000000001,-0.00039620000000000004,-0.00074399999999999998,0.0016072,-0.00033360000000000009,0.0012386000000000001,0.0006288,-0.00085100000000000009,-0.0018418000000000004,0.0017204,0.0017862000000000002,-0.001436,-0.0012477999999999999,-0.00018879999999999982,0.0011459999999999999,-0.00032620000000000001,0.00098439999999999986,-0.00075560000000000004,-0.0026088000000000001,-0.00036019999999999997,-0.0023410000000000002,0.0011077999999999999,-0.00072019999999999994,0.0027106000000000001,-0.00022499999999999999,-0.00038420000000000012,-0.00056939999999999996,-0.00032019999999999998,0.00015460000000000018,0.0020326000000000003,-0.00050640000000000006,0.0020168,0.0016474000000000003,-0.0017597999999999997,0.0029732000000000001,0.00057320000000000005,-0.00063099999999999994,-0.00057839999999999986,0.0023828,0.0010652000000000001,-0.0024055999999999999,-0.0038658,0.0026890000000000004,0.0015627999999999998,-0.00019960000000000008,0.0015357999999999999,-0.0034264000000000005,-0.00012140000000000067,0.00099199999999999983,-0.00083479999999999991,-0.00097299999999999991,0.00097000000000000005,-7.659999999999991e-05,0.0018451999999999997,-0.0015834000000000004,0.0031830000000000001,-0.0011984000000000001,-0.0027582000000000006,0.0010084,-0.0050683999999999998,0.0012022000000000005,0.0031420000000000003,0.0032104,0.0063956000000000004,-0.0042153999999999994,7.7399999999999957e-05,0.0002856,-0.00082599999999999991,-0.00067540000000000005,-0.00033060000000000007,-0.000428,-0.00018319999999999998,-0.0016742000000000003,-0.00018119999999999996,-0.0008523999999999999,2.2000000000000535e-06,0.0012092000000000001,-0.0011489999999999998,0.00055239999999999998,-0.00038920000000000003,0.00032439999999999986,0.00025560000000000014,0.0014903999999999998,0.0016904000000000003,-3.7000000000000032e-05,-0.00020879999999999993,-0.00072980000000000007,-0.0017910000000000001,0.0015064,-0.0011146000000000003,0.0007371999999999997,0.0011178,-0.0007846000000000001,0.0021084000000000007,-0.0019216000000000003,-0.00056959999999999997,0.0019771999999999997,-0.0016701999999999999,-0.00023100000000000009,0.0013985999999999998,-0.0020635999999999996,0.0014476000000000001,-0.00087799999999999998,-0.00084359999999999991,0.00046840000000000022,-0.00046180000000000017,-0.00087259999999999985,-0.00042920000000000002,-0.00099820000000000009,0.0015341999999999999,0.0045577999999999999,-0.0023486000000000002,-0.0012068000000000001,0.0010748000000000003,-0.00094799999999999995,-0.00041679999999999994,0.0027072000000000003,-0.0024702000000000001,0.0020232000000000002,-0.00056060000000000007,0.00067579999999999995,0.0016540000000000001,-0.00059979999999999994,0.0010136000000000001,0.0011839999999999999,-0.00075700000000000008,0.0021911999999999999,-0.0036925999999999999,-0.0039633999999999997,0.0038247999999999997,-0.00048819999999999989,0.00031760000000000008,0.0032985999999999996,0.0029548,0.0065529999999999998,-0.0039569999999999996,-0.0019698000000000003,-0.0035419999999999991,-0.0041685999999999997,0.00048139999999999999
aug_between_class_right_pair0005_child08,TLE,1,1,Augmented,0,0,0,0,0,0.25420429999999999,2.0652804000000002,0,-9.9999999999999995e-08,0,0.91978749999999998,0,0.029348100000000002,-0.12840029999999999,0.007693999999999996,0.092483099999999999,-0.057989200000000005,0.057885699999999998,0.0066212999999999992,0.0034255000000000002,-0.020326,-0.07455210000000001,0.33465659999999997,-0.052047400000000001,0.024080500000000001,0.036452499999999999,0.026840299999999994,-0.015011,0.0041003000000000012,-0.0528753,0.0148348,0.0178578,-0.0521304,0.0041562999999999999,-0.08790980000000001,0.013381799999999999,0.041628499999999999,-0.0200813,0.016649199999999999,0.017784000000000001,-0.023835199999999997,0.040669200000000003,-0.047000399999999998,-0.023255599999999998,0.080283099999999996,-0.034424899999999994,0.17287460000000002,-0.053156099999999998,0.0026838999999999995,-0.0020907,-0.011136,-0.017734399999999997,-0.0011208999999999998,0.036860300000000006,-0.00063500000000000015,-0.0061733999999999999,-0.0107545,-0.0129161,0.013117400000000001,0.032227800000000001,0.016611399999999998,0.0130224,-0.0023086000000000009,0.009791900000000001,0.014838200000000001,-0.033075500000000001,0.00075509999999999943,-0.0051099000000000006,0.00094780000000000038,0.019827000000000001,-0.083658799999999992,-0.0061746000000000006,-0.016596799999999998,0.0062668999999999989,0.0148901,0.0027790999999999996,-0.00018770000000000001,0.018547000000000001,0.015581400000000002,-0.0052026999999999993,-0.0122734,0.0077343000000000004,0.0094158999999999996,-0.0053163999999999998,0.0049179999999999996,-0.00092069999999999999,-0.0060279999999999986,0.0066702000000000003,-0.0014260999999999996,0.0051935000000000002,-0.014434199999999998,-0.0084089999999999998,0.013169699999999999,-0.014922,-0.0045343999999999992,-0.0071074000000000007,-0.0095806000000000016,0.0070382000000000005,-0.012268600000000001,-0.0051640999999999996,0.008957699999999999,-0.0128372,0.0089414000000000004,0.0046671999999999998,0.0028303999999999998,0.009645299999999999,-0.0049959999999999996,0.0088659000000000012,-0.0023790999999999994,-0.0040234999999999993,-0.0062271999999999996,0.0148413,-0.0044919000000000001,-0.0044579000000000008,-0.0038245000000000002,0.0070959999999999999,-0.0010669000000000004,0.0027308000000000002,0.0054009000000000001,0.0091681999999999996,0.0074606000000000004,-0.0035714000000000002,0.0067242999999999999,-0.0050984000000000003,0.0006883000000000002,-0.0071761999999999998,0.0097832000000000006,-0.0062865000000000004,-0.0056240999999999999,0.0030156000000000002,-0.0062575,0.0078251000000000015,-0.010186000000000001,-0.0013316999999999999,0.0038098999999999993,-0.0055774000000000006,-0.0033787000000000001,0.0022716999999999998,-0.015085899999999999,0.0053077000000000003,-0.0123911,-0.0029785000000000002,0.00063720000000000009,-0.0044888000000000003,-0.0071309000000000008,-0.0099712999999999972,0.0029526000000000005,0.00025090000000000019,0.00027550000000000003,-0.003454,0.0045756,4.1400000000000031e-05,-0.0051005,-0.00091979999999999991,-0.0031678000000000001,-0.00013759999999999988,-0.0025593000000000005,0.0020522000000000001,0.0049604000000000002,0.0014755,0.0037941000000000003,-0.0025779000000000002,-0.0044435000000000004,-8.9200000000000217e-05,-0.0076552,-0.0041482999999999997,0.0103111,0.0038735000000000002,0.00059270000000000004,-0.0030613000000000003,-0.0069450999999999992,-0.0068515,-0.0031670000000000001,-0.013193400000000001,0.0042145999999999998,-0.0016663000000000003,0.0063951000000000008,0.0064181999999999998,-0.013876299999999999,-3.0400000000000305e-05,0.010110299999999999,-0.0040842999999999999,0.0043536999999999994,0.0061357,-0.0071872000000000004,-0.0024988000000000007,-0.016628899999999999,0.0103363,-0.00039180000000000009,0.0063352999999999986,0.0113069,-0.0026342000000000002,-0.0022238000000000002,0.0019724,0.0011455000000000003,-0.0039015000000000005,0.0020964000000000004,0.00016970000000000006,0.0012667000000000002,-0.0066317000000000008,0.0017407000000000002,0.0043953000000000004,-0.0013301999999999997,-0.0048563999999999994,0.00019600000000000005,-0.00055790000000000006,-0.0028922999999999996,-0.004535,0.0012375999999999999,0.0041319999999999994,-0.0026290999999999997,0.0015191,0.0023451000000000001,-0.0041003999999999997,-0.0056753000000000003,0.0042186999999999997,0.0007130999999999995,0.0044825000000000004,0.0018236999999999999,0.0046390999999999993,-0.00022760000000000006,-0.00097609999999999982,0.0008054999999999999,0.00031409999999999988,-0.0032967999999999999,0.0036064000000000005,0.0086711999999999987,-0.0081306000000000017,0.0039363000000000002,-0.0010537999999999997,0.0043552,0.0029324999999999998,-0.0019922000000000004,0.0029889000000000001,0.0006536999999999999,-0.0047819000000000004,-0.0033530000000000005,-5.8400000000000118e-05,-0.015286899999999999,0.0059827999999999999,-0.0094780000000000003,-0.0024508000000000004,-0.010095099999999999,0.0022250999999999998,-0.0019004000000000002,-0.0011565,6.4400000000000047e-05,-0.00010570000000000002,-0.00082770000000000001,0.00017930000000000002,-0.00091,-0.00050549999999999998,-0.0013621999999999998,0.0012951,0.0045447000000000005,-0.00067210000000000002,-0.0027943,0.0011819999999999999,-0.0017553999999999998,0.0010898000000000001,0.0036202999999999999,0.00062789999999999981,-0.00039789999999999997,-0.00070509999999999995,0.0011988999999999999,0.0055607,-0.0048956,0.0037193999999999994,0.0018272,-0.0036131000000000002,-0.00079789999999999972,0.0018601999999999998,0.00045420000000000009,0.0011703,0.00014849999999999998,0.0034842999999999996,-0.0053255999999999998,-0.00090670000000000008,0.0075398000000000001,-0.0018571,0.0003238999999999999,0.001338,0.0043307999999999992,-0.0046332000000000005,-0.0016530000000000002,-0.0054658999999999992,0.0065848999999999994,-0.0049321,0.0042437999999999998,-0.0023576999999999999,-0.0026928,-0.001892,-0.00023290000000000008,-0.0048967999999999998,0.0079463999999999993,0.00083880000000000066,0.0033932999999999993,-0.00047869999999999987,-0.018978800000000001,0.00085070000000000002,-0.00065889999999999992,-0.0017052000000000002,0.0016386,0.0018947,-0.0001872,-0.0015535999999999998,-0.0010808000000000003,0.0026149000000000003,-0.0012048,0.0015552000000000001,0.0015013000000000001,-0.0021276999999999997,0.0016421000000000001,-0.0005288999999999999,-0.00014550000000000007,-0.0014716,-0.0010582,0.002062,0.0005754,-4.1499999999999979e-05,0.00030469999999999987,0.0024220000000000001,-0.00071400000000000001,0.00032979999999999988,-0.0020170000000000001,-0.0012507,0.0025580999999999998,0.0017025999999999999,-0.001023,-0.0031659000000000001,-0.00016709999999999989,-0.0015043999999999999,-0.0047595999999999992,-0.0068095999999999999,0.0032652000000000002,-0.0021986999999999996,0.0045003999999999999,0.0024646,-0.0025852000000000002,-0.0016667000000000003,0.0026316,0.0031247999999999996,0.00054089999999999997,0.00050930000000000007,0.0072073000000000016,0.0035380999999999998,-0.0027486999999999998,0.0015130999999999999,-0.0053100999999999999,-8.449999999999994e-05,0.0006554000000000001,0.00015240000000000002,-0.0019547000000000002,0.0036123000000000001,-0.0032269999999999998,-0.0007340999999999999,-0.0025057,0.0043826000000000004,0.011979500000000001,-0.0028624999999999996,0.0035138999999999999,-0.00075130000000000075,-0.0060140999999999997,-0.0023242000000000002,0.0016050000000000001,-0.00037800000000000008,0.00073130000000000005,-0.00067369999999999995,-0.00033010000000000005,-0.00077099999999999998,0.0016530999999999998,-0.00055279999999999999,0.0011378,0.00063039999999999993,-0.00092400000000000002,-0.0021904000000000003,0.0017222000000000001,0.0020906000000000006,-0.0013454999999999999,-0.0013459000000000001,4.6000000000002202e-06,0.0010859999999999999,-0.0003501,0.0010702000000000001,-0.00059029999999999987,-0.0027989,-0.00020910000000000004,-0.0022715000000000001,0.0011064000000000002,-0.00066109999999999997,0.0028518000000000003,-0.00013199999999999996,-0.00040160000000000022,-0.00054269999999999991,-0.00040459999999999997,-3.6200000000000013e-05,0.0023633,-0.00065720000000000004,0.0019108999999999997,0.0018912000000000002,-0.0015964,0.0027191000000000003,0.00083560000000000014,-0.00035100000000000018,-0.00046469999999999997,0.0025913999999999998,0.0012086,-0.0024613,-0.0039649000000000004,0.0028879999999999999,0.0015893999999999999,-0.00025830000000000004,0.0015789000000000001,-0.0035272000000000003,-0.00055670000000000068,0.00069999999999999988,-0.00098639999999999991,-0.00092349999999999984,0.0010505,3.7200000000000037e-05,0.0019855999999999997,-0.0017546999999999997,0.0032229999999999997,-0.0011341999999999997,-0.0031851000000000006,0.00077719999999999981,-0.0058296999999999993,0.0015196000000000003,0.0033499999999999997,0.0027506999999999996,0.0068733000000000006,-0.0040821999999999994,3.3700000000000006e-05,0.0003768,-0.00079699999999999997,-0.00073020000000000008,-0.00033480000000000006,-0.0004595,-0.00010759999999999999,-0.0019601000000000002,-9.6000000000000165e-06,-0.00088020000000000004,9.8599999999999957e-05,0.0013331,-0.0011344999999999999,0.00044570000000000005,-0.00048209999999999995,0.00015669999999999985,0.00048330000000000009,0.0015926999999999998,0.0018907000000000004,-0.00025900000000000006,-2.9899999999999968e-05,-0.00083540000000000003,-0.0018574999999999998,0.0014842,-0.0014203000000000002,0.0011215999999999999,0.0012708999999999999,-0.0009523,0.0024342000000000001,-0.0021948000000000002,-0.00067329999999999994,0.0023590999999999998,-0.0018070999999999999,-0.00015500000000000003,0.0013197999999999999,-0.0020118000000000002,0.0016533000000000001,-0.00077099999999999998,-0.00086679999999999993,0.00059420000000000002,-0.00059440000000000003,-0.0006092999999999999,-0.00032409999999999991,-0.0012306000000000001,0.0015665999999999998,0.0047819000000000004,-0.0025568000000000001,-0.0010054,0.0011944000000000002,-0.00099899999999999989,-0.00029189999999999999,0.0027986,-0.0025116000000000001,0.0018841000000000001,-0.00059080000000000005,0.00065740000000000015,0.0017374999999999999,-0.00033990000000000008,0.0012107999999999999,0.00094049999999999993,-0.00093100000000000008,0.0020666,-0.0039262999999999998,-0.0039451999999999994,0.0037713999999999998,-0.00032209999999999997,0.00065480000000000009,0.0032268000000000002,0.0027954,0.007164499999999999,-0.0036294999999999995,-0.0019949,-0.003488999999999999,-0.0042018000000000003,0.00059770000000000005
aug_between_class_right_pair0006_child01,Healthy,0,0,Augmented,0,0,0,0,0,0.3159382,1.9541408,9.9999999999999995e-07,-1.1999999999999999e-06,9.0000000000000007e-07,0.99533609999999995,0,0.024030799999999998,-0.12884390000000001,0.023588500000000002,0.056315199999999996,-0.054101999999999997,0.058112799999999999,0.013501300000000004,0.0040873000000000003,-0.043822,-0.086169100000000012,0.30005500000000002,-0.074058799999999994,-0.0090624999999999994,0.089850100000000002,0.0091751000000000003,-0.0152839,0.00059909999999999998,-0.050153899999999994,0.0064617000000000008,0.0098451999999999984,-0.042172000000000001,0.0032777000000000001,-0.10044169999999999,0.016993899999999999,0.037338800000000005,-0.019127700000000001,0.018516999999999999,0.0148772,-0.036961800000000003,0.022563199999999999,-0.071962499999999999,-0.0215541,0.096614600000000009,-0.021602,0.1917922,-0.040353,0.0046076999999999993,-0.0019737000000000001,-0.011029600000000001,-0.015195,0.0016050999999999999,0.033425999999999997,-0.0024390000000000002,-0.0046760000000000005,-0.015604,-0.012090499999999999,0.0096935000000000007,0.020815199999999999,0.021235399999999998,0.0059776000000000013,0.0075816999999999985,-0.0011540000000000005,0.0231822,-0.039644899999999997,0.0056099000000000001,-0.0014378999999999998,-0.013968400000000001,0.012522099999999998,-0.083707100000000007,-0.0066713000000000007,-0.018254699999999999,0.0018081,0.010224199999999999,0.0011524,-0.0012595,0.020881899999999998,0.0042976999999999998,0.00093209999999999994,-0.0071295999999999998,0.0057104,0.010689799999999999,-0.0085181000000000007,-0.0022296999999999994,0.0047890000000000007,-0.022859700000000004,-0.00043690000000000005,0.0145462,0.0078882999999999991,-0.0071418000000000002,-0.0139195,0.0082290999999999996,-0.0116285,-0.0099211999999999998,0.0044626999999999991,-0.00072289999999999984,0.0067155999999999995,-0.0020200999999999995,-0.0035122999999999995,0.0082675999999999999,-0.016047199999999998,0.0078500999999999987,0.020040200000000001,0.0084860999999999999,0.0296955,-0.028299300000000003,0.0071759000000000007,0.00084410000000000008,-0.0016180999999999999,-0.0011875999999999996,0.0096871000000000006,-0.0058484999999999995,-0.008546500000000002,-0.00040039999999999997,0.0016496999999999996,-0.0060226999999999989,-1.020000000000014e-05,0.0074865000000000001,0.0061483999999999992,0.0011042000000000001,-0.0022828000000000002,0.0087253999999999995,-0.0054064999999999998,0.0027586999999999998,0.0026186000000000004,0.009389999999999999,0.0031621999999999987,-0.0075398000000000001,0.0019721999999999995,-0.0013755000000000002,-0.0043356000000000011,-0.0113051,0.0001137,0.012623599999999999,-0.00022839999999999926,-0.00022079999999999973,-0.0054765000000000005,-0.0106955,0.0030435000000000002,-0.0092342999999999991,-0.0074197999999999998,-0.00099540000000000088,-0.0047812000000000002,-0.0049415999999999991,0.0023194000000000001,-0.0012255000000000002,-0.0012723000000000001,0.00097840000000000015,-0.0013478000000000001,0.0013316999999999999,0.00070790000000000002,-0.0040388999999999998,-0.0013602999999999998,-0.0071723999999999989,-0.00034630000000000034,-0.00025969999999999986,-0.00083429999999999984,0.0013512999999999999,0.0017005000000000002,-0.0022399,0.0011695000000000002,-0.0017824,-0.00035359999999999992,-0.011101699999999999,-0.0031222000000000003,0.0048191999999999992,0.0023931,-0.0025758999999999999,-0.0021891000000000002,-0.0014954,-0.0037975999999999999,-0.00064550000000000002,-0.014474799999999999,0.0032284000000000002,8.1499999999999975e-05,0.003657399999999999,0.0017096000000000008,-0.0066520999999999993,0.0044483000000000005,0.0087572000000000014,0.00037340000000000008,0.0050222000000000001,0.0024909999999999993,-0.00045219999999999982,0.0059669999999999983,-0.0174798,-0.0026062999999999998,0.0020791,0.00093250000000000017,0.012060500000000002,-0.0016064999999999999,-0.00023970000000000003,-2.0500000000000119e-05,0.0015649000000000001,-0.0040116000000000006,0.0007247,1.7399999999999881e-05,0.00047240000000000021,-0.0017147,-4.9699999999999961e-05,0.0019141,-0.0015051000000000001,-0.0015472000000000001,-0.0011518000000000001,0.0011393999999999998,-0.0027807999999999999,0.00018639999999999998,0.0016800000000000003,0.0015858000000000001,-0.0032744000000000002,0.0021305,-0.0007823000000000001,-0.0043522999999999999,-0.0053926,-0.0029294,0.0073731999999999999,0.00050630000000000011,0.0029929000000000002,0.0077868,2.1500000000000035e-05,-0.0011698999999999998,0.0041059,-0.0026734000000000003,-0.0027054000000000002,0.0024207999999999999,0.0071440000000000002,-0.0032960000000000003,-0.0026274000000000002,-0.00026559999999999995,0.0012262,-0.0050504999999999994,-0.00064260000000000012,-0.0011842999999999995,-0.00086299999999999983,0.0017253000000000001,0.0020980999999999999,8.2200000000000155e-05,-0.0052731999999999987,-0.00020790000000000001,-0.010889099999999999,0.0029677000000000011,-0.0060660999999999996,0.0034697,-0.00083139999999999993,0.00024340000000000001,0.0003336000000000003,-0.0023791000000000003,-0.0001797,-0.00020850000000000003,-5.7599999999999991e-05,-0.0023438999999999995,-0.0034180999999999999,0.00011109999999999999,0.0062042,0.00042599999999999995,0.0012537,-0.0002519,-0.00053200000000000003,-0.0026801000000000004,0.0059397000000000009,-0.00216,-8.4700000000000053e-05,-0.0003102999999999999,0.0019306000000000002,0.0031354,-0.0050306999999999999,0.00096699999999999998,0.0011676,-0.0065570000000000003,0.00059040000000000004,0.0027584000000000003,-0.0020997999999999998,0.0031539000000000003,-0.0020947999999999995,0.0060585999999999991,-0.00023090000000000003,-0.00087929999999999996,0.0024964000000000002,0.00039880000000000004,-0.0011507000000000004,0.0025945,0.0019326999999999999,-0.0023433,-0.00041310000000000001,-0.00087050000000000018,0.0040733999999999996,-0.0056048000000000001,0.0022272000000000004,-0.0049484000000000004,-0.0038639999999999998,-0.0039302999999999994,0.0035888000000000001,-0.0039642999999999996,1.6500000000000238e-05,-0.00073989999999999993,-0.00017839999999999989,-0.0017202999999999997,-0.0123447,0.00092779999999999989,-0.00026870000000000003,1.5200000000000004e-05,-0.00064419999999999983,0.00062979999999999991,-0.0010035000000000001,-0.00015320000000000004,9.3099999999999932e-05,0.00097559999999999997,-0.00042020000000000002,0.0011587000000000001,0.0025990000000000002,0.0019273999999999999,0.0016155,0.00010949999999999998,-0.0011027000000000003,-6.7999999999999484e-06,-0.00016490000000000005,0.0022881000000000004,0.00061249999999999998,-0.0015156,-0.0023146000000000004,0.00032659999999999997,-0.00096559999999999984,-0.0033758999999999998,-0.0011550999999999998,-0.0023381999999999999,0.0037836000000000007,-0.0037111000000000002,0.0010703999999999998,0.00029750000000000024,-0.00074610000000000008,0.0018633999999999999,-0.0017963,-0.002029,2.4999999999999998e-06,-0.00097050000000000001,-0.00042660000000000029,0.0035501000000000005,-0.0038469999999999997,0.0013184,0.0032265000000000002,-0.0018241000000000004,-0.0029723000000000002,-0.0015958999999999999,0.0047269,0.0026296000000000002,-0.0033905000000000003,0.0012718,0.0023573999999999999,-0.0051538999999999995,-0.0010114000000000004,-0.00016120000000000002,-0.001377,0.0034970999999999999,-0.00064219999999999989,-0.0017296,-0.0012810999999999999,-0.0032500000000000003,0.0098098000000000005,-0.0036381,0.0018121000000000001,0.0076684000000000006,-0.0049699000000000002,-0.0015134999999999999,0.00048249999999999996,0.0017890999999999998,-0.00082760000000000006,0.00091859999999999999,-0.00054259999999999996,-1.5599999999999946e-05,0.0001495,-0.00034400000000000001,0.0018653000000000003,-3.5400000000000047e-05,-0.0015992000000000001,0.00064130000000000003,-0.00014459999999999994,0.0025333,-0.0010695000000000001,0.0013965999999999996,1.5100000000000096e-05,-0.00018640000000000019,0.0007670000000000001,-0.00048280000000000003,0.00070140000000000003,-0.0022215,-0.0017097000000000002,-0.00069530000000000004,0.00043320000000000007,-0.0010600000000000002,0.0022152999999999999,-0.0013203999999999998,0.0017907000000000001,-0.00014560000000000007,-0.001261,0.0014170999999999999,0.00070420000000000009,-0.00029549999999999997,0.0032249000000000002,0.00078160000000000002,1.400000000000034e-06,0.0030376999999999999,-0.0032171000000000001,-0.0013576,0.0025041000000000004,0.0011820000000000001,0.00010059999999999995,-0.0034308000000000003,-0.0023370999999999999,0.0029227000000000012,-0.0027273000000000002,-0.0014777999999999998,0.0027474999999999999,0.00025109999999999998,0.0018882999999999999,0.0031413000000000001,-0.0030010000000000002,0.000174,-0.00047479999999999994,-0.0014950000000000002,0.0006667,0.00023669999999999984,0.0024534000000000001,0.0011006,-0.0070048000000000003,0.00053589999999999996,0.0041308000000000004,-0.0040492999999999996,0.006235000000000001,0.00053240000000000015,0.00021889999999999974,-0.0032648,0.0017016999999999998,-0.00046609999999999995,-0.0015378000000000002,-0.0028362000000000001,0.00057130000000000006,0.00067939999999999993,0.00040660000000000002,-0.0017155,0.00037960000000000001,-0.0010363,-0.0011513000000000001,0.0021951000000000002,-0.0016536000000000001,0.0014526000000000003,-0.0011513999999999999,0.00074640000000000004,0.00016459999999999999,0.00013920000000000002,-0.0014802999999999999,0.0011575000000000001,-0.00087620000000000016,-0.00064810000000000009,-0.0011650000000000002,0.0011129,0.0018075999999999999,-0.0015388999999999999,0.0036402000000000001,0.0012116000000000002,-0.00094689999999999998,0.00079940000000000024,0.00087520000000000002,-5.9200000000000002e-05,-0.00030020000000000003,-0.00016530000000000001,0.0020311000000000001,-0.0011060000000000002,-0.0010226,0.0001292,-0.00099489999999999995,0.00055579999999999985,0.00019989999999999998,-0.0029359999999999998,-5.6999999999999759e-06,0.0023974999999999999,0.00028839999999999996,0.0012050000000000001,-0.0014694,0.0010165999999999999,-0.00023149999999999996,-0.00080290000000000005,-0.0015385000000000004,-4.3399999999999862e-05,-0.0012205,0.0023538999999999999,-0.0023839999999999998,0.0012693000000000001,0.00073900000000000007,-0.0010195,0.00017369999999999997,0.0012046000000000001,0.0016067999999999996,0.00052300000000000003,-0.0030876000000000002,-0.0044153000000000005,0.0064406999999999989,-0.0026201000000000002,0.0019813000000000001,0.0017274,0.00027139999999999998,-0.00093509999999999991,-0.0032853000000000005,0.00037579999999999992,-0.0013880000000000003,-0.0017564999999999998,0.0038374999999999998
aug_between_class_right_pair0006_child02,Healthy,0,0,Augmented,0,0,0,0,0,0.30998539999999997,1.9691026,1.0000000000000002e-06,-1.4000000000000001e-06,7.9999999999999996e-07,0.99110920000000002,0,0.025586599999999998,-0.12794179999999999,0.022783999999999999,0.056218399999999995,-0.055418999999999996,0.057946600000000001,0.010751600000000002,0.0038406,-0.041498999999999994,-0.088934200000000005,0.29794500000000002,-0.074534599999999993,-0.0071259999999999995,0.091304200000000002,0.0075752000000000007,-0.016082800000000001,0.00012519999999999979,-0.049730799999999999,0.007937399999999999,0.0067513999999999977,-0.043901999999999997,0.0020574,-0.1002794,0.015446799999999998,0.038720600000000001,-0.018377399999999999,0.018710000000000001,0.0134424,-0.037344599999999999,0.0211954,-0.071572999999999998,-0.019965199999999999,0.096229200000000001,-0.021566000000000002,0.19089239999999999,-0.038280000000000002,0.0043753999999999998,-0.0020194000000000002,-0.0105062,-0.014366,0.0018711999999999999,0.033397999999999997,-0.002519,-0.0053769999999999998,-0.015520000000000001,-0.012610999999999999,0.010493000000000001,0.021807400000000001,0.020994799999999997,0.0051432000000000005,0.0056864000000000029,-0.0029020000000000005,0.022698400000000001,-0.039707800000000001,0.0059597999999999995,-0.00013480000000000002,-0.0138808,0.0136972,-0.085901199999999997,-0.0092486000000000009,-0.021843399999999999,0.0028202000000000019,0.0096264000000000002,0.00095380000000000009,-0.00099900000000000032,0.020605800000000001,0.0051923999999999998,0.0010822000000000002,-0.0074451999999999999,0.0052177999999999999,0.010844599999999999,-0.0084772000000000007,-0.0016313999999999999,0.0044190000000000002,-0.021458400000000002,-0.00038080000000000015,0.013401400000000001,0.0066535999999999991,-0.0084735999999999995,-0.013696,0.0092011999999999997,-0.011453000000000001,-0.0094254000000000004,0.0036783999999999992,-0.00052480000000000018,0.0064792000000000001,-0.0030381999999999987,-0.0028445999999999996,0.0073581999999999996,-0.0159264,0.0070661999999999999,0.018641399999999999,0.0091732000000000011,0.028956000000000003,-0.0273476,0.0065977999999999992,0.00093720000000000001,-0.0015211999999999999,-0.0017311999999999996,0.0094871999999999995,-0.0054459999999999995,-0.0074290000000000007,-0.00061479999999999998,0.0023524000000000002,-0.0049113999999999989,-2.2399999999999677e-05,0.0073720000000000001,0.0069428000000000007,0.0013264000000000001,-0.0024866000000000003,0.0085497999999999998,-0.0054029999999999998,0.0026784000000000001,0.002552200000000001,0.0096790000000000001,0.0023854000000000002,-0.0077575999999999999,0.0012373999999999996,-0.001743,-0.0043982000000000005,-0.0113962,0.00018040000000000027,0.0119402,-0.00041080000000000109,-0.0009425999999999996,-0.006051,-0.011568,0.0026110000000000005,-0.009985599999999999,-0.0061145999999999995,-0.00034780000000000054,-0.0050474000000000005,-0.0039762,0.00076080000000000028,-0.0018289999999999999,-0.0014436,0.0010848000000000003,-0.0015906,0.00097939999999999985,0.0008248000000000001,-0.0036557999999999998,-0.0012975999999999997,-0.0069698,0.00013539999999999993,0.00035760000000000024,-0.00060460000000000006,0.0018396,0.0016000000000000001,-0.0022668000000000002,0.0016359999999999997,-0.0013887999999999999,-0.00036019999999999976,-0.0108564,-0.0031694000000000002,0.0043414000000000005,0.0021422000000000004,-0.0027547999999999995,-0.0017562000000000003,-0.0015717999999999999,-0.0038051999999999999,-0.00042799999999999978,-0.014268599999999999,0.0032938000000000004,-0.000232,0.0040547999999999999,0.0015742000000000004,-0.0069081999999999998,0.0043616000000000002,0.0090194000000000003,0.0001428,0.0046484000000000004,0.0026329999999999991,-0.00090240000000000025,0.0047549999999999997,-0.0183806,-0.0016535999999999999,0.0021532000000000001,0.0014530000000000003,0.011954000000000001,-0.001423,-0.00043040000000000005,-3.7999999999999839e-05,0.0014968000000000008,-0.0040812000000000001,0.00072340000000000002,3.6799999999999973e-05,0.00033780000000000019,-0.0018764000000000001,0.00014459999999999994,0.0020882000000000001,-0.0016792000000000001,-0.0017284000000000002,-0.0012606000000000002,0.0012417999999999999,-0.0027686000000000004,0.00014580000000000002,0.0018890000000000001,0.0016786000000000001,-0.0029307999999999999,0.0021660000000000004,-0.00049160000000000002,-0.0044486000000000005,-0.0051262,-0.0023518000000000007,0.0066413999999999987,0.0006236000000000002,0.0028878000000000003,0.0083656000000000008,0.00011400000000000017,-0.0011288000000000001,0.0037418,-0.0025428,-0.0030688,0.0026086,0.0067270000000000003,-0.0028870000000000007,-0.0024017999999999999,-0.00070419999999999988,0.00090540000000000022,-0.0051570000000000001,-0.00048519999999999987,-0.00075160000000000005,-0.001225,0.0015106000000000002,0.0018362000000000001,1.4399999999999916e-05,-0.0055294000000000003,-0.00048080000000000041,-0.011743199999999999,0.0032504000000000005,-0.0061082000000000003,0.0032393999999999999,-0.00089680000000000001,0.00013880000000000001,0.00048020000000000007,-0.0023262000000000001,-0.00040340000000000005,-9.999999999999701e-07,-1.6199999999999906e-05,-0.0020617999999999999,-0.0033641999999999995,0.0001572,0.0058354000000000001,0.00051399999999999992,0.0011424,-0.00015679999999999991,-0.0007980000000000001,-0.0022781999999999998,0.0057284000000000007,-0.0022099999999999997,7.559999999999994e-05,-0.00031760000000000002,0.0017752000000000002,0.0029718000000000001,-0.0045314000000000005,0.001036,0.0011502000000000001,-0.0063220000000000012,0.00047980000000000006,0.0027188000000000004,-0.0019256000000000002,0.0032088000000000004,-0.0020436,0.0057392000000000007,-0.00046480000000000002,-0.00074359999999999997,0.0026108000000000004,-7.4000000000000172e-06,-0.0010574000000000002,0.0026719999999999999,0.0021473999999999998,-0.0023536,-0.00048919999999999996,-0.0011969999999999999,0.0039927999999999995,-0.0056905999999999997,0.0022723999999999999,-0.0050468000000000006,-0.0036129999999999995,-0.0042675999999999999,0.0033425999999999998,-0.0035455999999999999,0.00066599999999999993,-0.00076580000000000051,-0.00026279999999999999,-0.0017945999999999999,-0.0122714,0.00046559999999999982,-0.00025039999999999996,-6.6600000000000006e-05,-0.00047839999999999981,0.00080859999999999992,-0.0010059999999999999,-0.00054440000000000011,0.00018119999999999996,0.0012262,-0.00059139999999999996,0.0011274000000000002,0.0024819999999999998,0.0016468000000000001,0.0015669999999999998,-0.00010800000000000002,-0.00096340000000000011,-1.4599999999999975e-05,-0.00040680000000000008,0.0025652000000000001,0.00044799999999999994,-0.0015141999999999998,-0.0017982000000000002,0.00021019999999999991,-0.00089619999999999988,-0.0034418000000000005,-0.00095619999999999993,-0.0021404000000000002,0.0034372000000000005,-0.0037002000000000003,0.0012147999999999998,3.9999999999999888e-05,-0.00077320000000000004,0.0017408000000000002,-0.0023755999999999998,-0.0016469999999999998,1.9999999999999944e-06,-0.00062599999999999993,-0.0004362000000000003,0.0035312,-0.0032550000000000001,0.0015638000000000004,0.0030040000000000002,-0.0017041999999999999,-0.0022406000000000001,-0.0018198000000000003,0.0047748000000000001,0.0020922000000000002,-0.0033439999999999998,0.0014476000000000003,0.0022148000000000003,-0.0048587999999999999,-0.0010948000000000002,-0.00042540000000000069,-0.0015040000000000001,0.0030662000000000003,-0.00088140000000000007,-0.0012082,-0.0012062000000000002,-0.0027430000000000002,0.0091906000000000002,-0.0037932,0.0019691999999999999,0.0070127999999999996,-0.0051298000000000003,-0.001585,0.00057700000000000004,0.0014451999999999998,-0.00074519999999999979,0.00070020000000000011,-0.00066520000000000001,7.5799999999999999e-05,0.000137,-0.00013800000000000002,0.0017966,-2.4800000000000007e-05,-0.0013094000000000003,0.00055860000000000013,1.0799999999999991e-05,0.0026736000000000004,-0.001183,0.0014402,-0.00026979999999999973,-0.00017079999999999981,0.0006820000000000001,-0.00048760000000000003,0.00061380000000000007,-0.0021430000000000004,-0.0017914000000000001,-0.00095359999999999998,0.00052340000000000004,-0.00094400000000000007,0.0023065999999999998,-0.0013197999999999999,0.0017384,-0.0003032,-0.001343,0.0014201999999999999,0.0010024000000000001,-0.00033500000000000012,0.0032628000000000002,0.00085020000000000007,-2.5199999999999962e-05,0.0028483999999999996,-0.0031302000000000001,-0.0012182,0.0023292,0.0014630000000000003,6.519999999999985e-05,-0.0033036000000000003,-0.0026102,0.0029854000000000009,-0.0026606000000000008,-0.0012065999999999999,0.0025770000000000003,0.00022520000000000005,0.0017116,0.0027826000000000001,-0.0029569999999999996,-5.8e-05,-0.00018760000000000011,-0.001488,0.0011934000000000001,0.00040240000000000002,0.0025747999999999999,0.0010021999999999997,-0.0069896000000000003,0.00043679999999999978,0.0036196000000000006,-0.0038535999999999996,0.0059740000000000001,0.00074380000000000019,0.00029280000000000018,-0.0030416000000000002,0.0015693999999999999,-0.00052120000000000009,-0.0013176000000000002,-0.0031044000000000002,0.0005976,0.00040280000000000009,0.00057120000000000001,-0.0017930000000000001,0.00033719999999999996,-0.00099659999999999983,-0.0010336,0.0019422000000000003,-0.0016712000000000001,0.0013972000000000004,-0.0010888,0.00071980000000000004,0.00032419999999999997,0.00023539999999999998,-0.0014076,0.0011580000000000002,-0.00084140000000000018,-0.00059820000000000012,-0.001139,0.00093879999999999994,0.0020041999999999998,-0.0014398,0.0034964000000000002,0.0013492000000000003,-0.00093380000000000004,0.00067679999999999997,0.00054240000000000007,0.00010559999999999995,-0.0001884,0.00013639999999999998,0.0020632000000000003,-0.00099300000000000018,-0.0010292000000000001,9.4000000000000116e-06,-0.0011448000000000001,0.0002366,0.00023379999999999994,-0.0025109999999999998,0.00012459999999999999,0.0021129999999999999,0.00047080000000000001,0.001199,-0.0013178,0.0010232000000000002,-0.00013399999999999998,-0.00076179999999999998,-0.0014140000000000003,0.00028819999999999996,-0.0011949999999999999,0.0021308,-0.0024679999999999997,0.0010376000000000001,0.00065600000000000001,-0.0010460000000000001,3.9999999999996568e-07,0.0013431999999999999,0.0014885999999999999,0.00038099999999999983,-0.0030702000000000004,-0.0045345999999999997,0.0061104000000000002,-0.0025452000000000001,0.0017646000000000001,0.0014218000000000002,0.00022679999999999987,-0.0009012,-0.0029226000000000005,9.7600000000000014e-05,-0.0014830000000000002,-0.0013019999999999996,0.0034530000000000003
aug_between_class_right_pair0006_child03,Healthy,0,0,Augmented,0,0,0,0,0,0.30403259999999999,1.9840644000000001,9.9999999999999995e-07,-1.5999999999999999e-06,6.9999999999999986e-07,0.98688229999999999,4.1359030627651384e-25,0.027142399999999997,-0.12703970000000001,0.021979500000000003,0.056121600000000001,-0.056735999999999995,0.057780399999999996,0.008001900000000001,0.0035939000000000001,-0.039175999999999996,-0.091699300000000011,0.29583500000000001,-0.075010399999999991,-0.0051894999999999997,0.092758300000000002,0.0059753000000000002,-0.016881699999999999,-0.0003487000000000004,-0.049307699999999996,0.0094131000000000024,0.0036576000000000004,-0.045631999999999999,0.00083710000000000034,-0.1001171,0.013899699999999999,0.040102400000000003,-0.0176271,0.018903,0.0120076,-0.037727400000000001,0.019827600000000001,-0.071183499999999997,-0.018376300000000005,0.095843800000000007,-0.021530000000000001,0.18999260000000001,-0.036206999999999996,0.0041431000000000003,-0.0020651000000000003,-0.0099828,-0.013537,0.0021373,0.033369999999999997,-0.0025990000000000002,-0.0060780000000000001,-0.015436,-0.013131500000000001,0.0112925,0.0227996,0.0207542,0.0043088000000000015,0.0037910999999999986,-0.0046500000000000005,0.022214600000000001,-0.039770699999999999,0.0063096999999999997,0.0011683000000000006,-0.0137932,0.014872300000000001,-0.088095300000000001,-0.011825900000000002,-0.025432099999999999,0.0038323000000000003,0.0090285999999999995,0.00075519999999999993,-0.00073850000000000001,0.020329699999999999,0.0060870999999999998,0.0012323,-0.0077608,0.0047252000000000006,0.010999399999999999,-0.008436299999999999,-0.001033099999999999,0.0040490000000000005,-0.020057100000000001,-0.00032469999999999938,0.012256599999999999,0.0054188999999999991,-0.0098053999999999988,-0.0134725,0.0101733,-0.011277500000000001,-0.0089295999999999993,0.0028940999999999984,-0.00032670000000000051,0.0062427999999999997,-0.0040562999999999997,-0.0021768999999999998,0.0064487999999999993,-0.0158056,0.0062822999999999993,0.0172426,0.0098602999999999989,0.028216499999999999,-0.0263959,0.0060196999999999994,0.0010303000000000001,-0.0014242999999999999,-0.0022748000000000004,0.0092873000000000001,-0.0050434999999999994,-0.0063115000000000003,-0.00082919999999999999,0.0030551000000000003,-0.003800099999999999,-3.4600000000000082e-05,0.0072575000000000001,0.0077372000000000005,0.0015486000000000002,-0.0026903999999999999,0.0083742,-0.0053994999999999998,0.0025980999999999999,0.0024857999999999998,0.0099679999999999994,0.0016085999999999995,-0.0079754000000000005,0.00050259999999999888,-0.0021105,-0.0044608,-0.011487299999999999,0.0002471000000000001,0.011256799999999999,-0.00059319999999999859,-0.0016644000000000001,-0.0066254999999999994,-0.0124405,0.002178499999999999,-0.010736899999999999,-0.0048094000000000001,0.00029979999999999937,-0.0053135999999999991,-0.0030107999999999997,-0.00079779999999999977,-0.0024325000000000002,-0.0016148999999999998,0.0011912000000000001,-0.0018334,0.00062709999999999979,0.00094170000000000007,-0.0032726999999999999,-0.0012348999999999995,-0.0067671999999999984,0.00061709999999999998,0.00097490000000000033,-0.00037489999999999941,0.0023278999999999999,0.0014994999999999997,-0.0022937000000000001,0.0021025000000000002,-0.0009951999999999999,-0.00036679999999999981,-0.010611099999999998,-0.0032166,0.0038636,0.0018913000000000001,-0.0029336999999999992,-0.0013233000000000001,-0.0016481999999999998,-0.0038127999999999999,-0.00021049999999999975,-0.014062399999999999,0.0033592000000000001,-0.00054549999999999998,0.0044521999999999999,0.0014388000000000005,-0.0071643000000000002,0.0042748999999999999,0.009281600000000001,-8.7799999999999857e-05,0.0042745999999999999,0.0027750000000000006,-0.0013526000000000007,0.0035429999999999993,-0.019281400000000001,-0.00070090000000000029,0.0022272999999999998,0.0019734999999999987,0.0118475,-0.0012395000000000002,-0.00062109999999999997,-5.5499999999999994e-05,0.0014287000000000002,-0.0041507999999999996,0.00072209999999999993,5.6200000000000065e-05,0.00020320000000000006,-0.0020381000000000002,0.00033889999999999994,0.0022623000000000001,-0.0018533,-0.0019096000000000002,-0.0013694000000000002,0.0013441999999999998,-0.0027564,0.0001052,0.002098,0.0017713999999999998,-0.0025872,0.0022015000000000003,-0.00020089999999999995,-0.0045449000000000002,-0.0048598000000000001,-0.0017742000000000005,0.0059095999999999992,0.00074090000000000007,0.0027826999999999999,0.0089444000000000017,0.00020649999999999998,-0.0010877,0.0033777,-0.0024122000000000002,-0.0034322000000000003,0.0027964000000000001,0.0063099999999999996,-0.0024780000000000002,-0.0021762000000000001,-0.0011427999999999998,0.00058460000000000044,-0.0052634999999999991,-0.00032780000000000005,-0.00031889999999999978,-0.0015870000000000001,0.0012959,0.0015742999999999998,-5.3399999999999455e-05,-0.0057856000000000001,-0.00075369999999999951,-0.012597299999999999,0.0035330999999999991,-0.0061503,0.0030090999999999998,-0.00096220000000000008,3.4199999999999964e-05,0.00062679999999999984,-0.0022732999999999998,-0.00062710000000000012,0.00020650000000000003,2.5200000000000016e-05,-0.0017796999999999999,-0.0033102999999999995,0.00020330000000000001,0.0054666000000000003,0.00060199999999999989,0.0010310999999999999,-6.1700000000000036e-05,-0.0010640000000000001,-0.0018762999999999998,0.0055171000000000005,-0.0022599999999999999,0.00023589999999999999,-0.00032490000000000004,0.0016198,0.0028081999999999998,-0.0040321000000000003,0.0011050000000000001,0.0011328,-0.0060870000000000004,0.00036919999999999998,0.0026792000000000001,-0.0017514000000000004,0.0032637,-0.0019924000000000001,0.0054197999999999989,-0.00069870000000000023,-0.00060789999999999998,0.0027252000000000005,-0.00041359999999999992,-0.00096410000000000018,0.0027495000000000002,0.0023620999999999998,-0.0023638999999999999,-0.00056530000000000003,-0.0015234999999999999,0.0039121999999999994,-0.0057763999999999992,0.0023175999999999995,-0.0051451999999999991,-0.0033619999999999995,-0.0046049000000000003,0.0030964,-0.0031269000000000002,0.0013155000000000003,-0.00079169999999999935,-0.00034719999999999977,-0.0018689000000000002,-0.0121981,3.3999999999999742e-06,-0.0002321,-0.00014839999999999998,-0.00031259999999999979,0.00098740000000000004,-0.0010084999999999998,-0.00093559999999999997,0.00026929999999999999,0.0014767999999999999,-0.0007626,0.0010961,0.0023649999999999999,0.0013661999999999999,0.0015184999999999999,-0.0003255,-0.00082410000000000014,-2.2399999999999948e-05,-0.00064869999999999999,0.0028422999999999999,0.0002834999999999999,-0.0015127999999999999,-0.0012818000000000003,9.3800000000000003e-05,-0.00082679999999999993,-0.0035076999999999999,-0.00075730000000000003,-0.0019425999999999996,0.0030908000000000003,-0.0036893,0.0013591999999999999,-0.00021750000000000003,-0.0008003000000000001,0.0016181999999999998,-0.0029548999999999999,-0.0012650000000000001,1.5000000000000026e-06,-0.00028149999999999985,-0.00044580000000000032,0.0035123000000000003,-0.002663,0.0018092000000000002,0.0027814999999999997,-0.0015842999999999999,-0.0015088999999999997,-0.0020436999999999999,0.0048227000000000001,0.0015548000000000003,-0.0032974999999999992,0.0016234000000000001,0.0020722000000000006,-0.0045636999999999995,-0.0011782000000000001,-0.00068960000000000028,-0.0016310000000000001,0.0026353000000000001,-0.0011206,-0.0006868,-0.0011313,-0.0022359999999999997,0.0085713999999999999,-0.0039483000000000001,0.0021263000000000002,0.0063571999999999995,-0.0052896999999999996,-0.0016564999999999998,0.0006715,0.0011012999999999999,-0.00066279999999999996,0.0004818,-0.00078779999999999996,0.00016720000000000005,0.00012449999999999999,6.7999999999999999e-05,0.0017278999999999999,-1.4199999999999966e-05,-0.0010196000000000001,0.00047590000000000002,0.00016620000000000006,0.0028139000000000003,-0.0012964999999999999,0.0014837999999999995,-0.00055470000000000009,-0.00015520000000000009,0.00059699999999999998,-0.00049240000000000004,0.0005262,-0.0020644999999999999,-0.0018730999999999999,-0.0012119000000000001,0.00061359999999999995,-0.00082799999999999996,0.0023979000000000001,-0.0013192,0.0016861000000000001,-0.00046080000000000003,-0.0014249999999999998,0.0014233,0.0013006000000000001,-0.00037450000000000005,0.0033006999999999997,0.00091880000000000011,-5.1800000000000066e-05,0.0026590999999999997,-0.0030432999999999997,-0.0010788,0.0021542999999999996,0.0017440000000000001,2.9799999999999965e-05,-0.0031764000000000002,-0.0028833000000000001,0.0030480999999999998,-0.0025939000000000005,-0.00093539999999999997,0.0024065000000000002,0.00019930000000000013,0.0015349000000000001,0.0024239000000000001,-0.0029129999999999998,-0.00028999999999999995,9.9599999999999982e-05,-0.0014810000000000001,0.0017201000000000002,0.00056810000000000009,0.0026962000000000002,0.00090379999999999996,-0.0069743999999999987,0.00033769999999999981,0.0031084000000000007,-0.0036579,0.0057129999999999993,0.0009551999999999998,0.00036670000000000019,-0.0028184,0.0014370999999999997,-0.00057629999999999986,-0.0010973999999999999,-0.0033726000000000003,0.00062390000000000004,0.00012620000000000009,0.00073579999999999989,-0.0018704999999999998,0.00029480000000000001,-0.00095689999999999989,-0.00091589999999999987,0.0016893000000000003,-0.0016887999999999998,0.0013418000000000002,-0.0010261999999999997,0.00069319999999999994,0.00048379999999999994,0.00033160000000000004,-0.0013348999999999998,0.0011585,-0.00080659999999999998,-0.00054830000000000005,-0.0011130000000000001,0.00076469999999999989,0.0022007999999999997,-0.0013407,0.0033525999999999999,0.0014868000000000004,-0.00092069999999999988,0.00055419999999999992,0.00020959999999999989,0.00027039999999999996,-7.6600000000000019e-05,0.00043809999999999997,0.0020953,-0.00088000000000000003,-0.0010357999999999999,-0.00011040000000000003,-0.0012947000000000002,-8.260000000000011e-05,0.00026770000000000006,-0.0020859999999999993,0.00025489999999999996,0.0018285000000000003,0.00065319999999999994,0.001193,-0.0011662,0.0010298,-3.6499999999999966e-05,-0.0007206999999999999,-0.0012895000000000001,0.00061980000000000021,-0.0011695,0.0019076999999999998,-0.002552,0.00080590000000000013,0.00057300000000000005,-0.0010725000000000001,-0.00017290000000000006,0.0014817999999999999,0.0013703999999999997,0.00023900000000000006,-0.0030528,-0.0046538999999999999,0.0057800999999999998,-0.0024702999999999999,0.0015478999999999998,0.0011162000000000001,0.00018219999999999998,-0.00086729999999999923,-0.0025599000000000004,-0.00018060000000000011,-0.0015780000000000002,-0.00084749999999999995,0.0030685
aug_between_class_right_pair0006_child04,Healthy,0,0,Augmented,0,0,0,0,0,0.29807980000000001,1.9990262000000001,9.9999999999999995e-07,-1.7999999999999999e-06,5.9999999999999997e-07,0.98265539999999996,0,0.0286982,-0.12613759999999999,0.021174999999999999,0.0560248,-0.058053,0.057614200000000004,0.0052522000000000003,0.0033472000000000003,-0.036852999999999997,-0.094464400000000004,0.29372500000000001,-0.075486199999999989,-0.0032529999999999981,0.094212400000000002,0.0043753999999999998,-0.017680600000000001,-0.00082260000000000015,-0.0488846,0.010888800000000002,0.00056379999999999625,-0.047362000000000001,-0.00038319999999999977,-0.099954799999999996,0.012352599999999998,0.041484199999999999,-0.016876800000000001,0.019096000000000002,0.0105728,-0.038110199999999997,0.018459799999999998,-0.070793999999999996,-0.016787399999999997,0.095458399999999999,-0.021493999999999999,0.18909280000000001,-0.034133999999999998,0.0039107999999999999,-0.0021107999999999999,-0.0094593999999999998,-0.012708000000000001,0.0024034,0.033341999999999997,-0.002679,-0.0067790000000000003,-0.015352000000000001,-0.013652000000000001,0.012092000000000002,0.023791800000000002,0.0205136,0.0034744000000000008,0.0018958000000000013,-0.0063980000000000009,0.021730800000000002,-0.039833599999999997,0.0066595999999999999,0.0024714000000000008,-0.013705600000000002,0.0160474,-0.090289400000000006,-0.014403200000000001,-0.029020799999999999,0.0048444000000000022,0.0084308000000000004,0.00055659999999999987,-0.00047799999999999996,0.020053600000000001,0.0069817999999999998,0.0013824000000000002,-0.0080763999999999992,0.0042325999999999996,0.0111542,-0.0083954000000000008,-0.00043479999999999951,0.003679,-0.0186558,-0.00026859999999999948,0.0111118,0.004184199999999999,-0.0111372,-0.013249,0.0111454,-0.011102000000000001,-0.0084338,0.0021098000000000002,-0.00012859999999999998,0.0060064000000000003,-0.0050743999999999989,-0.0015091999999999996,0.0055393999999999999,-0.015684799999999999,0.0054983999999999996,0.015843799999999998,0.0105474,0.027477000000000001,-0.0254442,0.0054415999999999996,0.0011234000000000001,-0.0013274000000000001,-0.0028184,0.009087399999999999,-0.0046409999999999993,-0.0051940000000000007,-0.0010436,0.0037578000000000004,-0.002688799999999999,-4.679999999999962e-05,0.007143,0.0085316000000000003,0.0017708000000000001,-0.0028942,0.0081986000000000003,-0.0053959999999999998,0.0025177999999999997,0.0024194000000000004,0.010257,0.00083179999999999929,-0.0081931999999999994,-0.00023220000000000185,-0.0024780000000000002,-0.0045233999999999995,-0.011578399999999999,0.00031380000000000036,0.010573399999999998,-0.00077560000000000042,-0.0023861999999999998,-0.0071999999999999998,-0.013313,0.0017459999999999993,-0.011488199999999999,-0.0035041999999999998,0.00094739999999999928,-0.0055798000000000002,-0.0020453999999999997,-0.0023563999999999998,-0.0030360000000000001,-0.0017861999999999999,0.0012976000000000003,-0.0020762000000000003,0.00027479999999999996,0.0010586,-0.0028895999999999995,-0.0011721999999999998,-0.0065645999999999994,0.0010988000000000003,0.0015922000000000002,-0.00014519999999999984,0.0028162,0.0013990000000000001,-0.0023205999999999999,0.0025690000000000001,-0.00060159999999999999,-0.00037340000000000008,-0.0103658,-0.0032637999999999999,0.0033857999999999996,0.0016404000000000002,-0.0031125999999999997,-0.00089039999999999996,-0.0017246,-0.0038203999999999998,7.0000000000000617e-06,-0.013856199999999999,0.0034245999999999999,-0.00085899999999999995,0.0048495999999999999,0.0013033999999999997,-0.0074203999999999997,0.0041882000000000004,0.0095437999999999999,-0.00031839999999999972,0.0039007999999999998,0.0029170000000000003,-0.0018027999999999998,0.0023309999999999997,-0.020182199999999997,0.00025180000000000016,0.0023013999999999999,0.0024939999999999997,0.011741000000000001,-0.0010559999999999999,-0.00081179999999999989,-7.2999999999999931e-05,0.0013606,-0.0042204,0.00072079999999999996,7.559999999999994e-05,6.8600000000000041e-05,-0.0021998,0.00053320000000000006,0.0024364,-0.0020273999999999999,-0.0020908000000000003,-0.0014782000000000003,0.0014465999999999999,-0.0027442000000000005,6.4599999999999985e-05,0.0023070000000000005,0.0018641999999999999,-0.0022436000000000001,0.0022370000000000003,8.9800000000000123e-05,-0.0046411999999999998,-0.0045934000000000001,-0.0011966000000000004,0.0051777999999999998,0.00085820000000000037,0.0026776,0.009523199999999999,0.00029900000000000011,-0.0010466,0.0030136,-0.0022815999999999999,-0.0037956000000000005,0.0029841999999999998,0.0058929999999999998,-0.0020690000000000001,-0.0019506,-0.0015813999999999997,0.00026380000000000023,-0.0053699999999999998,-0.00017040000000000024,0.00011380000000000049,-0.001949,0.0010812,0.0013124,-0.00012120000000000013,-0.0060417999999999999,-0.0010265999999999999,-0.013451399999999999,0.0038157999999999994,-0.0061923999999999998,0.0027788000000000001,-0.0010276,-7.0400000000000044e-05,0.00077340000000000004,-0.0022204,-0.00085080000000000008,0.00041400000000000003,6.6600000000000047e-05,-0.0014976,-0.0032563999999999996,0.00024939999999999999,0.0050977999999999996,0.00068999999999999986,0.00091979999999999991,3.3400000000000053e-05,-0.0013300000000000002,-0.0014744000000000001,0.0053058000000000003,-0.00231,0.00039620000000000004,-0.00033219999999999994,0.0014644,0.0026446,-0.0035328,0.0011740000000000001,0.0011153999999999999,-0.0058519999999999996,0.0002586,0.0026396000000000002,-0.0015772000000000002,0.0033186000000000001,-0.0019411999999999999,0.0051003999999999997,-0.00093260000000000001,-0.00047219999999999999,0.0028396000000000003,-0.00081979999999999987,-0.00087080000000000013,0.0028270000000000001,0.0025767999999999998,-0.0023741999999999999,-0.00064139999999999998,-0.0018500000000000001,0.0038315999999999997,-0.0058621999999999997,0.0023628,-0.0052436000000000002,-0.0031110000000000001,-0.0049421999999999999,0.0028501999999999998,-0.0027081999999999996,0.0019650000000000002,-0.00081759999999999992,-0.00043160000000000008,-0.0019431999999999987,-0.0121248,-0.00045880000000000009,-0.00021379999999999999,-0.00023020000000000001,-0.00014679999999999977,0.0011662,-0.0010109999999999997,-0.0013268000000000004,0.00035740000000000001,0.0017274,-0.00093380000000000004,0.0010648000000000001,0.002248,0.0010856000000000001,0.00147,-0.00054300000000000008,-0.00068479999999999995,-3.0199999999999975e-05,-0.00089060000000000018,0.0031194,0.00011899999999999991,-0.0015114,-0.00076540000000000017,-2.2600000000000007e-05,-0.00075739999999999987,-0.0035736000000000001,-0.00055839999999999991,-0.0017447999999999999,0.0027444000000000001,-0.0036784000000000001,0.0015035999999999999,-0.00047499999999999994,-0.00082740000000000005,0.0014956000000000001,-0.0035341999999999999,-0.00088299999999999978,9.999999999999972e-07,6.3000000000000068e-05,-0.0004553999999999999,0.0034934000000000002,-0.0020709999999999999,0.0020546000000000002,0.0025589999999999996,-0.0014644000000000003,-0.00077719999999999992,-0.0022675999999999998,0.0048706000000000001,0.0010173999999999999,-0.0032510000000000004,0.0017991999999999999,0.0019296000000000003,-0.0042685999999999991,-0.0012616000000000003,-0.00095380000000000031,-0.001758,0.0022044,-0.0013598000000000002,-0.00016540000000000006,-0.0010563999999999999,-0.0017290000000000001,0.0079521999999999995,-0.0041034000000000001,0.0022834000000000001,0.0057015999999999994,-0.0054495999999999998,-0.0017279999999999999,0.00076599999999999997,0.00075739999999999976,-0.0005803999999999999,0.0002633999999999999,-0.00091040000000000001,0.00025860000000000005,0.00011200000000000001,0.00027400000000000005,0.0016592,-3.6000000000000333e-06,-0.00072979999999999996,0.00039320000000000002,0.00032160000000000007,0.0029542000000000001,-0.00141,0.0015273999999999999,-0.00083960000000000003,-0.00013960000000000014,0.00051199999999999998,-0.00049719999999999994,0.00043859999999999998,-0.0019859999999999999,-0.0019548,-0.0014702000000000001,0.00070379999999999998,-0.00071199999999999996,0.0024892000000000004,-0.0013186000000000001,0.0016337999999999999,-0.00061840000000000007,-0.0015070000000000001,0.0014264,0.0015988000000000003,-0.00041399999999999998,0.0033386000000000002,0.00098740000000000004,-7.8400000000000063e-05,0.0024697999999999999,-0.0029564000000000001,-0.00093939999999999996,0.0019793999999999992,0.0020250000000000003,-5.6000000000001361e-06,-0.0030492000000000002,-0.0031564000000000002,0.0031108000000000004,-0.0025272000000000003,-0.00066419999999999977,0.0022360000000000001,0.0001734000000000002,0.0013581999999999999,0.0020652000000000001,-0.002869,-0.00052200000000000011,0.00038679999999999997,-0.001474,0.0022468000000000002,0.00073379999999999995,0.0028176,0.00080539999999999995,-0.0069592000000000005,0.00023860000000000005,0.0025971999999999996,-0.0034621999999999999,0.0054520000000000002,0.0011665999999999998,0.00044059999999999976,-0.0025951999999999998,0.0013047999999999998,-0.00063139999999999984,-0.00087720000000000007,-0.0036408000000000005,0.00065019999999999998,-0.00015039999999999992,0.00090039999999999999,-0.0019480000000000001,0.00025239999999999996,-0.00091719999999999996,-0.00079819999999999978,0.0014364000000000002,-0.0017064000000000003,0.0012863999999999998,-0.00096359999999999989,0.00066660000000000005,0.00064340000000000003,0.00042780000000000004,-0.0012622,0.0011590000000000001,-0.0007718,-0.00049839999999999997,-0.0010869999999999999,0.00059059999999999983,0.0023974000000000001,-0.0012415999999999998,0.0032087999999999995,0.0016244000000000002,-0.00090759999999999994,0.00043160000000000008,-0.00012320000000000009,0.0004351999999999999,3.5199999999999988e-05,0.00073980000000000009,0.0021273999999999998,-0.00076699999999999989,-0.0010424,-0.00023020000000000001,-0.0014446000000000001,-0.00040180000000000012,0.00030159999999999996,-0.0016609999999999995,0.00038520000000000004,0.001544,0.00083560000000000004,0.0011869999999999999,-0.0010146000000000001,0.0010363999999999998,6.1000000000000073e-05,-0.00067960000000000004,-0.001165,0.00095140000000000025,-0.0011440000000000001,0.0016845999999999999,-0.0026359999999999999,0.00057420000000000008,0.00048999999999999998,-0.0010989999999999999,-0.00034620000000000007,0.0016203999999999999,0.0012521999999999998,9.6999999999999864e-05,-0.0030353999999999997,-0.0047732,0.0054497999999999994,-0.0023953999999999998,0.0013311999999999998,0.00081060000000000008,0.00013759999999999988,-0.0008334000000000002,-0.0021972000000000003,-0.00045880000000000009,-0.0016730000000000002,-0.00039299999999999969,0.0026839999999999998
aug_between_class_right_pair0006_child05,TLE,1,1,Augmented,0,0,0,0,0,0.28617419999999999,2.0289497999999999,9.9999999999999995e-07,-2.2000000000000001e-06,3.9999999999999998e-07,0.9742016,0,0.031809799999999999,-0.1243334,0.019566,0.055831199999999997,-0.060686999999999991,0.057281800000000001,-0.00024719999999999961,0.0028538000000000001,-0.032207,-0.099994600000000003,0.28950500000000001,-0.0764378,0.00062000000000000076,0.097120600000000001,0.0011756000000000006,-0.019278400000000001,-0.0017704000000000001,-0.048038399999999995,0.013840199999999999,-0.0056238000000000052,-0.050821999999999999,-0.0028237999999999991,-0.099630200000000002,0.0092584,0.044247800000000004,-0.0153762,0.019481999999999999,0.0077032000000000003,-0.038875800000000002,0.015724199999999997,-0.070014999999999994,-0.013609599999999999,0.094687600000000011,-0.021422,0.18729319999999999,-0.029987999999999997,0.0034461999999999991,-0.0022022000000000001,-0.008412600000000001,-0.011050000000000001,0.0029356,0.033286000000000003,-0.0028389999999999999,-0.008180999999999999,-0.015184,-0.014693000000000001,0.013691,0.025776199999999999,0.020032399999999999,0.001805600000000001,-0.0018947999999999986,-0.009894,0.020763200000000002,-0.039959399999999999,0.0073593999999999986,0.0050775999999999998,-0.013530400000000001,0.0183976,-0.094677600000000001,-0.0195578,-0.0361982,0.006868599999999999,0.0072351999999999998,0.00015939999999999994,4.2999999999999853e-05,0.019501399999999999,0.0087711999999999998,0.0016826,-0.0087075999999999994,0.0032474000000000005,0.0114638,-0.0083135999999999991,0.00076179999999999998,0.0029390000000000006,-0.015853200000000001,-0.00015640000000000012,0.0088222000000000005,0.001714799999999999,-0.013800799999999998,-0.012801999999999999,0.0130896,-0.010751,-0.0074422000000000004,0.00054119999999999949,0.00026759999999999978,0.0055335999999999996,-0.0071105999999999999,-0.0001738,0.0037206000000000001,-0.015443199999999999,0.0039306000000000002,0.013046200000000001,0.011921600000000001,0.025998,-0.023540800000000001,0.0042854,0.0013096,-0.0011336,-0.0039056,0.0086876000000000002,-0.003836,-0.0029590000000000003,-0.0014724,0.0051631999999999997,-0.00046620000000000038,-7.120000000000043e-05,0.006914,0.0101204,0.0022151999999999996,-0.0033018000000000001,0.0078473999999999992,-0.0053889999999999997,0.0023572000000000003,0.0022865999999999997,0.010834999999999999,-0.00072179999999999998,-0.008628799999999999,-0.0017018000000000016,-0.0032129999999999997,-0.0046485999999999993,-0.0117606,0.00044720000000000046,0.0092066000000000005,-0.0011403999999999997,-0.0038297999999999995,-0.0083489999999999988,-0.015057999999999998,0.00088099999999999984,-0.0129908,-0.00089380000000000015,0.0022425999999999991,-0.0061122000000000008,-0.00011460000000000002,-0.0054735999999999995,-0.0042430000000000002,-0.0021287999999999997,0.0015104000000000001,-0.0025618000000000004,-0.00042980000000000036,0.0012924,-0.0021233999999999997,-0.0010467999999999999,-0.0061593999999999998,0.0020622000000000001,0.0028268,0.00031419999999999972,0.0037927999999999998,0.0011980000000000001,-0.0023744,0.0035019999999999999,0.00018559999999999996,-0.00038659999999999975,-0.0098752000000000006,-0.0033581999999999996,0.0024302000000000004,0.0011386,-0.0034703999999999994,-2.4600000000000056e-05,-0.0018774,-0.0038355999999999998,0.00044200000000000012,-0.013443799999999999,0.0035554000000000002,-0.0014859999999999999,0.0056443999999999999,0.0010325999999999998,-0.0079325999999999997,0.0040147999999999998,0.010068200000000001,-0.00077959999999999943,0.0031532000000000001,0.0032009999999999999,-0.0027032000000000002,-9.3000000000000201e-05,-0.021983799999999998,0.0021571999999999997,0.0024495999999999997,0.0035349999999999999,0.011528,-0.00068900000000000016,-0.0011931999999999997,-0.00010800000000000002,0.0012244000000000005,-0.0043595999999999999,0.0007182,0.00011440000000000002,-0.00020059999999999994,-0.0025232000000000002,0.00092179999999999996,0.0027845999999999999,-0.0023756000000000003,-0.0024532,-0.0016957999999999999,0.0016513999999999999,-0.0027198000000000001,-1.6599999999999983e-05,0.0027250000000000004,0.0020498000000000001,-0.0015564000000000001,0.0023080000000000002,0.00067119999999999983,-0.0048338000000000001,-0.0040606000000000001,-4.1400000000000031e-05,0.0037141999999999995,0.0010928000000000003,0.0024674000000000002,0.010680800000000001,0.00048400000000000016,-0.00096439999999999991,0.0022853999999999999,-0.0020204000000000003,-0.0045224000000000002,0.0033597999999999996,0.0050590000000000001,-0.0012510000000000004,-0.0014993999999999999,-0.0024586,-0.00037779999999999975,-0.0055829999999999994,0.00014440000000000026,0.00097920000000000017,-0.002673,0.00065180000000000012,0.00078859999999999998,-0.00025680000000000017,-0.0065541999999999996,-0.0015723999999999998,-0.015159599999999999,0.0043812,-0.0062766000000000002,0.0023182000000000003,-0.0011584,-0.00027960000000000007,0.0010665999999999998,-0.0021145999999999999,-0.0012982000000000002,0.00082899999999999998,0.0001494,-0.00093340000000000003,-0.0031485999999999997,0.00034159999999999995,0.0043601999999999998,0.00086599999999999991,0.00069720000000000003,0.00022360000000000001,-0.0018620000000000002,-0.00067059999999999993,0.0048832000000000007,-0.0024099999999999998,0.00071679999999999986,-0.00034680000000000008,0.0011536000000000001,0.0023173999999999998,-0.0025342000000000003,0.001312,0.0010805999999999999,-0.0053819999999999996,3.7400000000000042e-05,0.0025604,-0.0012288000000000002,0.0034284000000000003,-0.0018388,0.0044616000000000005,-0.0014004,-0.0002008,0.0030684000000000002,-0.0016321999999999999,-0.00068420000000000026,0.0029819999999999998,0.0030062000000000001,-0.0023947999999999999,-0.00079359999999999999,-0.002503,0.0036703999999999999,-0.0060337999999999989,0.0024532,-0.0054403999999999997,-0.0026089999999999998,-0.0056167999999999999,0.0023578000000000002,-0.0018707999999999999,0.003264,-0.00086939999999999934,-0.00060040000000000007,-0.0020917999999999991,-0.0119782,-0.0013832000000000002,-0.00017719999999999997,-0.00039379999999999998,0.00018480000000000005,0.0015238000000000001,-0.001016,-0.0021092000000000003,0.00053359999999999996,0.0022285999999999999,-0.0012761999999999999,0.0010022,0.0020139999999999997,0.00052439999999999995,0.0013729999999999999,-0.00097799999999999992,-0.00040620000000000012,-4.5799999999999975e-05,-0.0013744000000000002,0.0036736,-0.00021000000000000006,-0.0015085999999999999,0.00026739999999999978,-0.00025539999999999992,-0.00061859999999999986,-0.0037054000000000006,-0.00016060000000000011,-0.0013492000000000001,0.0020516000000000002,-0.0036565999999999999,0.0017923999999999998,-0.00098999999999999999,-0.00088159999999999996,0.0012504,-0.0046927999999999996,-0.00011900000000000018,0,0.00075200000000000006,-0.00047459999999999994,0.0034556000000000001,-0.0008870000000000002,0.0025453999999999997,0.002114,-0.0012246000000000002,0.00068619999999999966,-0.0027153999999999998,0.0049664000000000002,-5.7399999999999552e-05,-0.0031580000000000002,0.0021508,0.0016444000000000005,-0.0036784000000000001,-0.0014284000000000002,-0.0014822000000000004,-0.0020119999999999999,0.0013426000000000002,-0.0018382000000000001,0.00087739999999999986,-0.00090660000000000003,-0.00071500000000000014,0.0067138000000000007,-0.004413600000000001,0.0025976000000000003,0.0043904,-0.0057694,-0.0018709999999999998,0.0009549999999999999,6.9600000000000065e-05,-0.00041560000000000002,-0.00017339999999999993,-0.0011555999999999999,0.00044140000000000005,8.7000000000000001e-05,0.00068599999999999998,0.0015218,1.7599999999999994e-05,-0.00015020000000000018,0.00022780000000000006,0.00063239999999999998,0.0032348000000000003,-0.001637,0.0016145999999999999,-0.0014093999999999999,-0.00010839999999999982,0.00034199999999999996,-0.00050679999999999996,0.00026340000000000001,-0.0018289999999999999,-0.0021181999999999998,-0.0019867999999999999,0.00088420000000000002,-0.00048000000000000001,0.0026718000000000002,-0.0013173999999999998,0.0015292000000000001,-0.00093360000000000003,-0.001671,0.0014326,0.0021952,-0.00049299999999999995,0.0034144000000000006,0.0011245999999999999,-0.00013160000000000005,0.0020911999999999997,-0.0027826000000000001,-0.0006605999999999999,0.0016296000000000004,0.0025869999999999999,-7.6400000000000122e-05,-0.0027948000000000001,-0.0037025999999999999,0.0032362000000000007,-0.0023938000000000006,-0.00012180000000000003,0.0018950000000000002,0.00012160000000000014,0.0010047999999999999,0.0013478000000000003,-0.0027810000000000001,-0.00098599999999999968,0.00096119999999999984,-0.0014599999999999999,0.0033002000000000001,0.0010652000000000001,0.0030604,0.00060859999999999972,-0.0069288000000000006,4.0400000000000115e-05,0.0015748000000000008,-0.0030707999999999998,0.0049300000000000004,0.0015893999999999999,0.00058839999999999977,-0.0021488000000000002,0.0010401999999999998,-0.00074160000000000003,-0.0004368000000000001,-0.0041771999999999998,0.00070279999999999995,-0.00070359999999999986,0.0012295999999999997,-0.0021029999999999998,0.00016760000000000001,-0.00083779999999999998,-0.00056280000000000002,0.00093060000000000018,-0.0017415999999999998,0.0011756000000000002,-0.00083839999999999989,0.00061340000000000006,0.00096259999999999998,0.0006202,-0.0011167999999999998,0.00116,-0.00070220000000000005,-0.00039860000000000004,-0.0010349999999999999,0.00024239999999999993,0.0027905999999999999,-0.0010434000000000001,0.0029212000000000001,0.0018996000000000002,-0.00088140000000000007,0.00018639999999999998,-0.00078880000000000009,0.00076479999999999972,0.00025879999999999984,0.0013431999999999999,0.0021916000000000001,-0.00054100000000000003,-0.0010556000000000001,-0.00046979999999999998,-0.0017443999999999999,-0.0010401999999999998,0.00036939999999999998,-0.00081099999999999987,0.00064579999999999998,0.00097500000000000017,0.0012003999999999999,0.001175,-0.00071140000000000016,0.0010496000000000001,0.00025599999999999999,-0.00059739999999999999,-0.00091600000000000015,0.0016145999999999999,-0.001093,0.0012384,-0.0028040000000000001,0.00011079999999999998,0.00032400000000000007,-0.001152,-0.00069280000000000003,0.0018975999999999999,0.0010157999999999999,-0.00018700000000000032,-0.0030006,-0.0050118000000000003,0.0047892000000000004,-0.0022455999999999999,0.00089780000000000003,0.00019940000000000029,4.8399999999999875e-05,-0.00076559999999999953,-0.0014718000000000003,-0.0010152000000000002,-0.0018630000000000001,0.0005160000000000004,0.001915
aug_between_class_right_pair0006_child06,TLE,1,1,Augmented,0,0,0,0,0,0.28022140000000001,2.0439115999999999,9.9999999999999995e-07,-2.3999999999999999e-06,3.0000000000000004e-07,0.96997469999999997,0,0.033365599999999995,-0.12343129999999999,0.0187615,0.055734399999999996,-0.062003999999999997,0.057115600000000002,-0.0029968999999999994,0.0026071000000000002,-0.029884000000000001,-0.10275970000000001,0.28739500000000001,-0.076913599999999999,0.0025564999999999997,0.098574700000000001,-0.00042429999999999898,-0.020077299999999999,-0.0022442999999999999,-0.047615299999999999,0.015315899999999999,-0.008717599999999992,-0.052552000000000001,-0.0040440999999999984,-0.099467899999999998,0.0077112999999999999,0.045629599999999999,-0.014625900000000001,0.019675000000000002,0.0062684000000000012,-0.039258599999999998,0.014356399999999998,-0.069625500000000007,-0.012020699999999995,0.094302200000000003,-0.021385999999999999,0.18639339999999999,-0.027915000000000002,0.0032138999999999996,-0.0022478999999999997,-0.0078892000000000007,-0.010221000000000001,0.0032017,0.033258000000000003,-0.0029189999999999997,-0.0088819999999999993,-0.015100000000000001,-0.015213500000000001,0.0144905,0.026768400000000001,0.019791799999999998,0.00097120000000000192,-0.0037900999999999994,-0.011642000000000001,0.0202794,-0.040022299999999997,0.0077092999999999988,0.0063806999999999996,-0.013442800000000003,0.019572699999999998,-0.096871700000000005,-0.022135099999999998,-0.0397869,0.0078806999999999974,0.0066373999999999999,-3.919999999999995e-05,0.00030349999999999984,0.019225300000000001,0.0096658999999999981,0.0018326999999999998,-0.0090232000000000003,0.0027548000000000008,0.0116186,-0.0082726999999999992,0.0013600999999999999,0.0025690000000000005,-0.014451900000000002,-0.00010029999999999978,0.0076774000000000009,0.00048009999999999893,-0.0151326,-0.012578499999999999,0.0140617,-0.010575500000000002,-0.0069464000000000001,-0.00024309999999999957,0.00046569999999999988,0.0052972000000000002,-0.0081286999999999991,0.00049389999999999937,0.0028111999999999998,-0.0153224,0.0031467000000000005,0.011647399999999999,0.0126087,0.025258500000000003,-0.022589100000000001,0.0037072999999999997,0.0014026999999999998,-0.0010367000000000002,-0.0044492000000000004,0.0084876999999999991,-0.0034334999999999999,-0.0018415000000000007,-0.0016867999999999998,0.0058659000000000003,0.00064509999999999958,-8.3399999999999967e-05,0.0067995,0.010914800000000001,0.0024374000000000002,-0.0035056000000000006,0.0076718000000000003,-0.0053854999999999997,0.0022769000000000001,0.0022202000000000003,0.011124,-0.0014985999999999999,-0.0088465999999999996,-0.0024366000000000023,-0.0035804999999999995,-0.0047111999999999987,-0.0118517,0.00051389999999999986,0.0085231999999999999,-0.0013227999999999998,-0.0045515999999999994,-0.0089234999999999991,-0.0159305,0.00044850000000000011,-0.013742099999999998,0.00041140000000000013,0.0028901999999999995,-0.0063784000000000002,0.00085079999999999965,-0.0070321999999999989,-0.0048464999999999992,-0.0023000999999999998,0.0016168000000000001,-0.0028046,-0.00078209999999999998,0.0014093,-0.0017403,-0.00098409999999999991,-0.0059567999999999999,0.0025439,0.0034440999999999994,0.00054389999999999994,0.0042810999999999995,0.0010975000000000002,-0.0024012999999999999,0.0039685000000000007,0.00057919999999999998,-0.0003931999999999998,-0.0096299000000000003,-0.0034053999999999998,0.0019524000000000008,0.00088770000000000038,-0.0036492999999999994,0.00040829999999999946,-0.0019537999999999999,-0.0038431999999999997,0.00065950000000000036,-0.0132376,0.0036208,-0.0017994999999999995,0.0060417999999999999,0.00089719999999999991,-0.0081887000000000001,0.0039280999999999995,0.0103304,-0.0010101999999999995,0.0027794,0.0033430000000000005,-0.0031533999999999998,-0.0013049999999999991,-0.022884599999999998,0.0031098999999999992,0.0025237000000000002,0.0040555000000000001,0.011421500000000001,-0.00050550000000000009,-0.0013838999999999998,-0.00012549999999999996,0.0011563000000000003,-0.0044291999999999995,0.00071690000000000002,0.0001338,-0.00033519999999999991,-0.0026849,0.0011160999999999999,0.0029586999999999999,-0.0025497000000000002,-0.0026344000000000003,-0.0018046,0.0017537999999999998,-0.0027076000000000001,-5.7199999999999988e-05,0.002934,0.0021425999999999997,-0.0012128,0.0023435000000000001,0.00096189999999999991,-0.0049300999999999998,-0.0037942000000000002,0.0005361999999999997,0.0029824000000000001,0.0012101000000000002,0.0023623000000000003,0.011259600000000002,0.00057650000000000008,-0.00092330000000000027,0.0019213000000000001,-0.0018898000000000001,-0.0048858000000000009,0.0035476000000000001,0.0046420000000000003,-0.0008420000000000003,-0.0012738000000000001,-0.0028971999999999991,-0.00069859999999999931,-0.0056894999999999992,0.00030180000000000007,0.0014119,-0.0030349999999999995,0.00043710000000000016,0.00052669999999999995,-0.00032459999999999998,-0.0068103999999999994,-0.0018453000000000002,-0.016013699999999999,0.0046639000000000003,-0.0063187,0.0020879000000000002,-0.0012237999999999999,-0.00038420000000000001,0.0012132,-0.0020617000000000001,-0.0015219000000000001,0.0010364999999999999,0.00019079999999999992,-0.00065130000000000006,-0.0030946999999999997,0.00038769999999999999,0.0039914,0.00095399999999999988,0.00058589999999999998,0.00031869999999999989,-0.0021280000000000001,-0.00026870000000000008,0.0046719000000000005,-0.0024599999999999999,0.00087710000000000002,-0.00035409999999999999,0.00099820000000000009,0.0021538,-0.0020349000000000005,0.0013810000000000001,0.0010632,-0.0051470000000000005,-7.319999999999999e-05,0.0025208000000000001,-0.0010546000000000004,0.0034832999999999999,-0.0017876000000000001,0.0041422000000000004,-0.0016343,-6.510000000000001e-05,0.0031828000000000004,-0.0020383999999999997,-0.00059090000000000011,0.0030594999999999997,0.0032209000000000001,-0.0024050999999999999,-0.00086969999999999994,-0.0028294999999999996,0.0035897999999999998,-0.0061195999999999993,0.0024983999999999996,-0.0055388,-0.0023580000000000003,-0.0059541000000000004,0.0021115999999999999,-0.0014521000000000004,0.0039135000000000003,-0.00089529999999999992,-0.00068479999999999995,-0.0021661000000000002,-0.0119049,-0.0018453999999999996,-0.00015890000000000001,-0.00047559999999999991,0.00035060000000000001,0.0017025999999999999,-0.0010185000000000001,-0.0025004000000000003,0.00062169999999999999,0.0024792,-0.0014474000000000002,0.00097090000000000002,0.001897,0.00024380000000000013,0.0013244999999999999,-0.0011954999999999999,-0.00026690000000000009,-5.3599999999999948e-05,-0.0016163,0.0039506999999999997,-0.0003745,-0.0015071999999999998,0.00078379999999999954,-0.00037180000000000015,-0.00054919999999999991,-0.0037713000000000004,3.8300000000000226e-05,-0.0011514000000000003,0.0017052000000000002,-0.0036457,0.0019367999999999998,-0.0012474999999999999,-0.00090870000000000002,0.0011278,-0.0052720999999999992,0.000263,-4.9999999999999182e-07,0.0010965,-0.00048419999999999995,0.0034367,-0.00029500000000000034,0.0027908000000000004,0.0018915,-0.0011047000000000001,0.0014178999999999997,-0.0029392999999999997,0.0050143000000000002,-0.00059479999999999993,-0.0031114999999999997,0.0023266000000000003,0.0015018,-0.0033832999999999997,-0.0015117999999999998,-0.0017464000000000004,-0.0021390000000000003,0.00091170000000000053,-0.0020774000000000001,0.0013988,-0.0008317000000000001,-0.00020800000000000034,0.0060946000000000012,-0.0045687000000000002,0.0027547000000000001,0.0037347999999999999,-0.0059293000000000002,-0.0019424999999999998,0.0010495000000000001,-0.00027429999999999967,-0.00033319999999999997,-0.00039179999999999982,-0.0012782,0.00053279999999999994,7.4499999999999995e-05,0.000892,0.0014531000000000001,2.8199999999999927e-05,0.00013959999999999982,0.00014510000000000011,0.00078779999999999996,0.0033750999999999998,-0.0017504999999999999,0.0016581999999999999,-0.0016942999999999999,-9.279999999999987e-05,0.00025700000000000007,-0.00051159999999999997,0.00017580000000000004,-0.0017504999999999999,-0.0021999000000000003,-0.0022450999999999999,0.00097439999999999994,-0.00036400000000000007,0.0027631000000000001,-0.0013167999999999999,0.0014769,-0.0010912000000000001,-0.001753,0.0014357,0.0024934000000000002,-0.0005325000000000001,0.0034523000000000002,0.0011931999999999999,-0.00015820000000000005,0.0019019,-0.0026957000000000001,-0.00052119999999999988,0.0014547,0.0028680000000000003,-0.00011180000000000012,-0.0026676,-0.0039756999999999995,0.0032989000000000004,-0.0023271000000000003,0.00014939999999999962,0.0017245000000000003,9.5700000000000212e-05,0.00082810000000000013,0.00098910000000000035,-0.0027369999999999998,-0.0012179999999999997,0.0012483999999999998,-0.0014529999999999999,0.0038269000000000003,0.0012308999999999998,0.0031817999999999998,0.00051019999999999993,-0.0069136000000000006,-5.8699999999999855e-05,0.0010636000000000005,-0.0028751000000000002,0.0046689999999999995,0.0018008,0.00066229999999999935,-0.0019256,0.0009079,-0.0007966999999999998,-0.00021660000000000011,-0.0044453999999999995,0.00072909999999999989,-0.00098019999999999965,0.0013941999999999997,-0.0021805000000000001,0.00012520000000000001,-0.00079809999999999994,-0.00044510000000000003,0.00067770000000000026,-0.0017592,0.0011202,-0.00077579999999999988,0.00058679999999999995,0.0011221999999999998,0.00071640000000000007,-0.0010441000000000001,0.0011605000000000001,-0.00066740000000000007,-0.00034870000000000007,-0.0010089999999999999,6.829999999999998e-05,0.0029872000000000002,-0.00094430000000000002,0.0027773999999999997,0.0020371999999999999,-0.00086830000000000002,6.3799999999999924e-05,-0.0011215999999999999,0.00092959999999999972,0.00037059999999999985,0.0016448999999999999,0.0022237000000000003,-0.00042800000000000005,-0.0010622000000000001,-0.00058959999999999991,-0.0018943000000000002,-0.0013593999999999998,0.00040329999999999999,-0.000386,0.00077609999999999995,0.00069050000000000014,0.0013828,0.0011689999999999999,-0.00055980000000000005,0.0010561999999999998,0.00035349999999999997,-0.00055630000000000002,-0.0007915000000000001,0.0019461999999999999,-0.0010674999999999999,0.0010153,-0.0028879999999999999,-0.00012089999999999985,0.00024100000000000006,-0.0011785000000000001,-0.00086609999999999996,0.0020361999999999997,0.00089759999999999992,-0.00032900000000000008,-0.0029832000000000001,-0.0051310999999999996,0.0044589,-0.0021707000000000002,0.00068110000000000013,-0.00010619999999999976,3.8000000000000924e-06,-0.00073169999999999963,-0.0011091000000000005,-0.0012934000000000001,-0.0019580000000000001,0.00097050000000000001,0.0015305000000000002
aug_between_class_right_pair0006_child07,TLE,1,1,Augmented,0,0,0,0,0,0.27426860000000003,2.0588734,9.9999999999999995e-07,-2.6000000000000001e-06,1.9999999999999994e-07,0.96574779999999993,0,0.034921399999999998,-0.1225292,0.017957000000000001,0.055637600000000002,-0.063321000000000002,0.056949399999999997,-0.005746600000000001,0.0023603999999999999,-0.027560999999999999,-0.1055248,0.28528500000000001,-0.077389399999999997,0.0044930000000000039,0.1000288,-0.0020242000000000003,-0.020876200000000001,-0.0027182000000000005,-0.047192199999999997,0.016791600000000004,-0.0118114,-0.054282000000000004,-0.0052643999999999989,-0.099305599999999994,0.006164199999999999,0.047011400000000002,-0.013875599999999998,0.019868000000000004,0.0048335999999999987,-0.0396414,0.012988599999999996,-0.069236000000000006,-0.010431799999999991,0.093916800000000009,-0.021350000000000001,0.18549360000000001,-0.025842,0.0029816,-0.0022935999999999998,-0.0073657999999999996,-0.009392000000000001,0.0034678,0.033230000000000003,-0.0029989999999999999,-0.0095830000000000012,-0.015016,-0.015734000000000001,0.015290000000000002,0.0277606,0.019551199999999998,0.00013679999999999942,-0.005685400000000001,-0.013390000000000003,0.0197956,-0.040085199999999994,0.008059199999999999,0.007683800000000001,-0.013355200000000001,0.0207478,-0.099065800000000009,-0.024712400000000002,-0.0433756,0.0088927999999999993,0.0060396,-0.00023780000000000012,0.00056400000000000005,0.018949199999999999,0.0105606,0.0019827999999999998,-0.0093387999999999995,0.0022621999999999998,0.0117734,-0.0082317999999999992,0.0019584000000000003,0.0021989999999999996,-0.013050599999999999,-4.4200000000000315e-05,0.0065325999999999995,-0.0007546000000000011,-0.016464400000000001,-0.012355,0.0150338,-0.0104,-0.0064505999999999999,-0.0010273999999999999,0.00066379999999999998,0.0050608000000000007,-0.0091468000000000001,0.0011616000000000005,0.0019017999999999995,-0.015201599999999999,0.0023628,0.010248599999999998,0.0132958,0.024519000000000003,-0.021637400000000001,0.0031291999999999995,0.0014957999999999998,-0.00093980000000000018,-0.0049928000000000004,0.0082877999999999997,-0.0030309999999999998,-0.00072399999999999895,-0.0019012,0.0065686000000000008,0.0017564000000000004,-9.5599999999999505e-05,0.006685,0.011709200000000001,0.0026595999999999998,-0.0037093999999999994,0.0074961999999999997,-0.0053819999999999996,0.0021965999999999999,0.0021538000000000009,0.011413,-0.0022754000000000003,-0.0090644000000000002,-0.0031714000000000013,-0.0039480000000000001,-0.0047737999999999982,-0.0119428,0.00058060000000000013,0.0078397999999999992,-0.0015051999999999999,-0.0052734000000000001,-0.0094980000000000012,-0.016802999999999998,1.6000000000000389e-05,-0.0144934,0.0017165999999999995,0.0035377999999999998,-0.0066446000000000005,0.0018162000000000005,-0.0085908000000000009,-0.00545,-0.0024713999999999999,0.0017232000000000003,-0.0030474,-0.0011344,0.0015262000000000001,-0.0013571999999999996,-0.00092139999999999995,-0.0057541999999999992,0.0030256000000000007,0.0040613999999999997,0.00077359999999999994,0.0047694,0.00099699999999999984,-0.0024281999999999997,0.0044350000000000006,0.00097280000000000001,-0.00039980000000000007,-0.0093845999999999999,-0.0034525999999999997,0.0014746000000000004,0.00063680000000000073,-0.0038281999999999999,0.00084119999999999985,-0.0020302000000000002,-0.0038508000000000001,0.00087700000000000018,-0.0130314,0.0036862000000000002,-0.0021129999999999999,0.0064392,0.00076179999999999911,-0.0084447999999999988,0.0038413999999999992,0.010592600000000001,-0.0012408,0.0024055999999999999,0.0034850000000000007,-0.0036036000000000006,-0.0025170000000000001,-0.023785399999999998,0.0040626000000000004,0.0025977999999999999,0.0045760000000000002,0.011315,-0.0003219999999999998,-0.0015746,-0.0001429999999999999,0.0010882000000000005,-0.0044987999999999998,0.00071559999999999994,0.00015319999999999998,-0.00046980000000000004,-0.0028466000000000003,0.0013104000000000002,0.0031327999999999998,-0.0027238000000000002,-0.0028156000000000006,-0.0019134000000000004,0.0018561999999999999,-0.0026954000000000006,-9.7800000000000019e-05,0.0031430000000000004,0.0022354000000000002,-0.00086919999999999999,0.002379,0.0012526,-0.0050264000000000003,-0.0035277999999999998,0.0011138000000000003,0.0022505999999999993,0.0013274000000000001,0.0022572,0.011838399999999999,0.000669,-0.00088220000000000019,0.0015571999999999999,-0.0017592,-0.0052492000000000007,0.0037354000000000003,0.0042249999999999996,-0.0004329999999999999,-0.0010482,-0.003335799999999999,-0.0010194000000000002,-0.0057959999999999991,0.00045919999999999989,0.0018446000000000003,-0.0033969999999999998,0.0002224000000000002,0.00026479999999999971,-0.00039240000000000065,-0.0070665999999999993,-0.0021182000000000006,-0.016867799999999999,0.0049466000000000006,-0.0063607999999999998,0.0018576,-0.0012892000000000001,-0.00048880000000000017,0.0013598000000000002,-0.0020087999999999998,-0.0017456000000000001,0.0012440000000000001,0.00023219999999999995,-0.00036919999999999987,-0.0030407999999999998,0.00043379999999999997,0.0036226000000000001,0.001042,0.00047459999999999994,0.00041379999999999976,-0.0023940000000000003,0.00013320000000000017,0.0044606000000000003,-0.0025100000000000001,0.0010374,-0.0003614,0.00084279999999999999,0.0019901999999999997,-0.0015355999999999998,0.0014500000000000001,0.0010457999999999999,-0.0049119999999999997,-0.00018379999999999991,0.0024812000000000002,-0.00088040000000000015,0.0035382,-0.0017363999999999999,0.0038227999999999999,-0.0018682,7.0600000000000198e-05,0.0032972000000000001,-0.0024446000000000003,-0.00049760000000000006,0.003137,0.0034356000000000005,-0.0024153999999999998,-0.00094580000000000011,-0.003156,0.0035091999999999996,-0.0062053999999999998,0.0025436,-0.0056372000000000002,-0.0021069999999999999,-0.0062913999999999999,0.0018653999999999999,-0.0010333999999999994,0.0045630000000000011,-0.00092120000000000049,-0.00076920000000000005,-0.0022403999999999996,-0.011831599999999999,-0.0023075999999999999,-0.00014059999999999995,-0.0005574,0.00051640000000000019,0.0018814000000000001,-0.001021,-0.0028916000000000002,0.00070980000000000001,0.0027298000000000001,-0.0016186,0.00093959999999999996,0.0017799999999999999,-3.680000000000019e-05,0.0012759999999999998,-0.0014129999999999998,-0.00012759999999999993,-6.1400000000000029e-05,-0.0018582000000000004,0.0042277999999999994,-0.0005390000000000002,-0.0015057999999999998,0.0013002000000000005,-0.00048819999999999994,-0.00047979999999999984,-0.0038372000000000002,0.00023720000000000034,-0.00095359999999999987,0.0013587999999999999,-0.0036348000000000001,0.0020812000000000001,-0.001505,-0.00093579999999999998,0.0010051999999999999,-0.0058513999999999997,0.00064500000000000039,-1.000000000000004e-06,0.0014409999999999998,-0.00049379999999999997,0.0034178000000000004,0.00029700000000000006,0.0030362000000000011,0.0016689999999999999,-0.00098479999999999965,0.0021496000000000002,-0.0031631999999999997,0.0050622000000000002,-0.0011322000000000007,-0.003065,0.0025024000000000001,0.0013592000000000001,-0.0030881999999999997,-0.0015952000000000002,-0.0020106000000000013,-0.0022660000000000002,0.00048079999999999954,-0.0023166000000000003,0.0019201999999999999,-0.00075679999999999996,0.00029900000000000011,0.0054754000000000001,-0.0047238000000000002,0.0029118,0.0030791999999999998,-0.0060891999999999995,-0.0020140000000000002,0.0011440000000000001,-0.00061820000000000017,-0.00025079999999999981,-0.00061019999999999998,-0.0014008,0.0006242000000000001,6.2000000000000016e-05,0.0010980000000000002,0.0013844,3.8799999999999967e-05,0.00042939999999999992,6.2399999999999999e-05,0.00094319999999999994,0.0035154000000000001,-0.001864,0.0017018000000000003,-0.0019792,-7.7200000000000142e-05,0.00017199999999999998,-0.00051639999999999998,8.8200000000000084e-05,-0.0016719999999999999,-0.0022815999999999999,-0.0025034000000000002,0.0010646,-0.00024799999999999996,0.0028544,-0.0013162,0.0014246,-0.0012488000000000002,-0.001835,0.0014388000000000001,0.0027916,-0.00057200000000000003,0.0034902000000000002,0.0012618,-0.00018480000000000005,0.0017125999999999999,-0.0026088000000000001,-0.00038179999999999985,0.0012798000000000004,0.0031490000000000003,-0.00014720000000000011,-0.0025403999999999999,-0.0042488000000000005,0.003361600000000001,-0.0022604000000000001,0.00042060000000000036,0.001554,6.980000000000007e-05,0.00065140000000000011,0.00063039999999999993,-0.0026930000000000001,-0.0014499999999999999,0.0015355999999999998,-0.0014459999999999998,0.0043536,0.0013966,0.0033032000000000001,0.00041179999999999971,-0.0068984000000000007,-0.00015779999999999982,0.00055239999999999998,-0.0026794000000000002,0.0044080000000000005,0.0020122000000000004,0.00073619999999999979,-0.0017024,0.00077559999999999988,-0.00085179999999999978,3.5999999999999791e-06,-0.0047136000000000001,0.00075539999999999993,-0.0012568,0.0015587999999999999,-0.0022580000000000005,8.2799999999999844e-05,-0.0007584,-0.00032739999999999993,0.00042479999999999997,-0.0017768,0.0010648000000000001,-0.00071319999999999988,0.00056019999999999996,0.0012817999999999996,0.00081260000000000013,-0.00097139999999999987,0.0011610000000000001,-0.00063260000000000009,-0.0002988,-0.00098299999999999993,-0.00010580000000000019,0.0031837999999999997,-0.00084519999999999994,0.0026336000000000003,0.0021748000000000002,-0.00085519999999999997,-5.8800000000000128e-05,-0.0014544,0.0010943999999999999,0.00048240000000000007,0.0019466000000000002,0.0022557999999999996,-0.00031499999999999996,-0.0010688,-0.00070940000000000011,-0.0020442000000000004,-0.0016785999999999999,0.0004372,3.9000000000000297e-05,0.00090640000000000013,0.00040599999999999984,0.0015652000000000001,0.001163,-0.00040820000000000006,0.0010627999999999998,0.00045100000000000001,-0.00051519999999999995,-0.00066700000000000006,0.0022778000000000004,-0.001042,0.00079219999999999985,-0.0029719999999999998,-0.00035260000000000011,0.00015800000000000005,-0.0012049999999999999,-0.0010394000000000002,0.0021748000000000002,0.00077939999999999975,-0.00047100000000000028,-0.0029658000000000002,-0.0052504000000000006,0.0041285999999999996,-0.0020958000000000001,0.0004643999999999999,-0.00041180000000000025,-4.0800000000000124e-05,-0.00069779999999999886,-0.00074640000000000014,-0.0015716,-0.0020530000000000001,0.0014250000000000005,0.0011459999999999999
aug_between_class_right_pair0006_child08,TLE,1,1,Augmented,0,0,0,0,0,0.26831579999999999,2.0738352,9.9999999999999995e-07,-2.7999999999999999e-06,9.9999999999999969e-08,0.96152090000000001,0,0.036477199999999994,-0.1216271,0.017152500000000001,0.055540799999999994,-0.064638000000000001,0.056783200000000006,-0.0084963000000000018,0.0021136999999999996,-0.025238,-0.10828990000000001,0.28317500000000001,-0.077865199999999996,0.0064295000000000047,0.1014829,-0.0036240999999999999,-0.021675099999999999,-0.0031921000000000002,-0.046769100000000001,0.0182673,-0.0149052,-0.056012000000000006,-0.0064846999999999995,-0.099143300000000004,0.0046171000000000007,0.048393199999999997,-0.013125299999999999,0.020061000000000002,0.0033988000000000004,-0.040024199999999996,0.011620800000000001,-0.068846500000000005,-0.0088428999999999938,0.093531400000000001,-0.021314,0.1845938,-0.023769000000000002,0.0027492999999999997,-0.0023392999999999999,-0.0068424000000000002,-0.0085630000000000012,0.0037339000000000005,0.033202000000000002,-0.0030790000000000001,-0.010284,-0.014932000000000001,-0.016254500000000002,0.0160895,0.028752800000000002,0.019310600000000001,-0.00069760000000000134,-0.0075807000000000001,-0.015138000000000002,0.0193118,-0.040148099999999999,0.0084090999999999992,0.0089869000000000008,-0.013267600000000003,0.021922900000000002,-0.1012599,-0.0272897,-0.0469643,0.0099049000000000012,0.0054418000000000001,-0.00043640000000000009,0.00082450000000000004,0.018673100000000002,0.0114553,0.0021329000000000001,-0.0096544000000000005,0.0017696000000000005,0.0119282,-0.0081908999999999992,0.0025566999999999999,0.0018290000000000003,-0.011649300000000001,1.1899999999999585e-05,0.0053877999999999999,-0.001989300000000002,-0.017796199999999998,-0.0121315,0.0160059,-0.010224500000000001,-0.0059547999999999997,-0.0018117000000000003,0.00086189999999999965,0.0048243999999999995,-0.010164900000000001,0.0018292999999999998,0.00099239999999999832,-0.015080799999999998,0.0015789000000000003,0.0088497999999999979,0.013982900000000003,0.023779500000000002,-0.020685700000000001,0.0025510999999999997,0.0015888999999999999,-0.00084289999999999994,-0.0055364000000000003,0.0080878999999999986,-0.0026284999999999998,0.00039350000000000062,-0.0021156,0.0072713000000000005,0.0028677000000000004,-0.00010780000000000078,0.0065705,0.0125036,0.0028817999999999999,-0.0039132000000000004,0.0073206,-0.0053784999999999996,0.0021163000000000002,0.0020873999999999997,0.011702000000000001,-0.0030522000000000006,-0.0092822000000000009,-0.0039062000000000003,-0.0043154999999999999,-0.0048363999999999994,-0.0120339,0.00064729999999999996,0.0071563999999999994,-0.0016876,-0.0059951999999999991,-0.0100725,-0.0176755,-0.0004165000000000002,-0.0152447,0.0030218000000000007,0.0041853999999999997,-0.0069108000000000008,0.0027816,-0.010149400000000001,-0.0060534999999999999,-0.0026427,0.0018296,-0.0032902000000000001,-0.0014867000000000001,0.0016431000000000002,-0.00097409999999999988,-0.0008587,-0.0055515999999999994,0.0035073000000000001,0.0046786999999999992,0.0010032999999999999,0.0052577000000000006,0.00089650000000000005,-0.0024551,0.0049015000000000013,0.0013664,-0.0004063999999999999,-0.0091392999999999995,-0.0034998,0.00099679999999999994,0.00038590000000000022,-0.0040070999999999996,0.0012741000000000002,-0.0021066000000000001,-0.0038584000000000001,0.0010945000000000004,-0.0128252,0.0037515999999999999,-0.0024264999999999985,0.0068366,0.00062640000000000005,-0.0087008999999999993,0.0037546999999999997,0.010854800000000001,-0.0014713999999999997,0.0020318000000000003,0.0036270000000000004,-0.0040538000000000006,-0.0037290000000000005,-0.024686199999999998,0.0050153000000000003,0.0026719000000000005,0.0050964999999999986,0.0112085,-0.00013850000000000017,-0.0017653,-0.00016050000000000005,0.0010201000000000003,-0.0045684000000000002,0.00071429999999999996,0.00017260000000000002,-0.00060439999999999995,-0.0030083000000000002,0.0015046999999999999,0.0033069000000000002,-0.0028979000000000001,-0.0029968,-0.0020222,0.0019585999999999996,-0.0026832000000000002,-0.0001384,0.0033519999999999999,0.0023281999999999999,-0.00052559999999999998,0.0024145,0.0015433000000000001,-0.0051227,-0.0032613999999999998,0.0016914,0.0015187999999999998,0.0014447000000000004,0.0021521000000000001,0.0124172,0.00076150000000000013,-0.0008410999999999999,0.0011930999999999999,-0.0016286,-0.0056126000000000006,0.0039232,0.0038079999999999998,-2.3999999999999933e-05,-0.00082259999999999983,-0.0037743999999999998,-0.0013401999999999997,-0.0059024999999999998,0.0006165999999999997,0.0022773000000000003,-0.0037590000000000002,7.7000000000000245e-06,2.899999999999691e-06,-0.00046020000000000045,-0.0073228,-0.002391100000000001,-0.017721899999999999,0.005229300000000001,-0.0064029000000000004,0.0016272999999999999,-0.0013546000000000001,-0.00059340000000000011,0.0015064,-0.0019559,-0.0019693000000000002,0.0014515000000000001,0.00027359999999999998,-8.7099999999999895e-05,-0.0029868999999999998,0.00047990000000000001,0.0032537999999999998,0.0011299999999999997,0.00036329999999999999,0.00050890000000000006,-0.0026600000000000005,0.00053510000000000005,0.0042492999999999993,-0.0025599999999999998,0.0011977000000000001,-0.00036870000000000013,0.0006873999999999999,0.0018265999999999998,-0.0010363,0.001519,0.0010284000000000001,-0.0046769999999999997,-0.00029440000000000011,0.0024415999999999999,-0.00070620000000000014,0.0035931000000000001,-0.0016852000000000002,0.0035034000000000003,-0.0021021,0.00020629999999999997,0.0034115999999999999,-0.0028508000000000001,-0.00040430000000000002,0.0032144999999999995,0.0036503000000000004,-0.0024256999999999998,-0.0010219000000000001,-0.0034824999999999999,0.0034286,-0.0062912000000000003,0.0025888,-0.0057356000000000004,-0.001856,-0.0066286999999999995,0.0016191999999999999,-0.00061470000000000014,0.0052125000000000001,-0.0009471000000000002,-0.00085359999999999993,-0.0023146999999999998,-0.011758299999999999,-0.0027698000000000002,-0.00012229999999999999,-0.00063919999999999982,0.0006822000000000001,0.0020601999999999999,-0.0010234999999999999,-0.0032828000000000006,0.00079790000000000004,0.0029804000000000002,-0.0017898,0.00090830000000000001,0.001663,-0.00031740000000000007,0.0012274999999999999,-0.0016305000000000002,1.1700000000000095e-05,-6.9200000000000002e-05,-0.0021001000000000001,0.0045049000000000001,-0.00070350000000000013,-0.0015043999999999999,0.0018166000000000007,-0.00060459999999999995,-0.00041039999999999989,-0.0039031000000000005,0.00043610000000000003,-0.00075579999999999994,0.0010123999999999999,-0.0036239000000000002,0.0022255999999999999,-0.0017625000000000002,-0.00096290000000000004,0.00088259999999999988,-0.0064307000000000001,0.0010270000000000004,-1.4999999999999958e-06,0.0017855000000000002,-0.0005034000000000002,0.0033989000000000003,0.00088899999999999982,0.0032816,0.0014464999999999999,-0.00086489999999999994,0.0028813000000000003,-0.0033870999999999997,0.0051101000000000002,-0.0016695999999999998,-0.0030184999999999995,0.0026781999999999999,0.0012166,-0.0027930999999999997,-0.0016785999999999997,-0.0022748000000000009,-0.0023930000000000002,4.9899999999999858e-05,-0.0025558000000000004,0.0024416000000000004,-0.00068190000000000004,0.00080600000000000008,0.0048561999999999998,-0.0048789000000000011,0.0030689000000000003,0.0024235999999999997,-0.0062491000000000005,-0.0020854999999999997,0.0012385,-0.00096210000000000002,-0.00016840000000000008,-0.00082859999999999997,-0.0015233999999999998,0.00071560000000000005,4.9499999999999983e-05,0.0013040000000000003,0.0013157000000000002,4.9400000000000008e-05,0.00071919999999999992,-2.0300000000000006e-05,0.0010986000000000001,0.0036557,-0.0019775000000000001,0.0017454000000000002,-0.0022641000000000002,-6.1599999999999979e-05,8.7000000000000001e-05,-0.00052119999999999998,6.00000000000123e-07,-0.0015934999999999999,-0.0023633,-0.0027617000000000002,0.0011548000000000001,-0.00013200000000000001,0.0029457000000000003,-0.0013155999999999999,0.0013722999999999999,-0.0014064000000000001,-0.0019170000000000001,0.0014419000000000001,0.0030898000000000002,-0.00061150000000000017,0.0035281000000000002,0.0013304,-0.00021140000000000004,0.0015232999999999998,-0.0025218999999999997,-0.00024240000000000004,0.0011049,0.0034299999999999999,-0.00018260000000000021,-0.0024131999999999999,-0.0045218999999999997,0.0034242999999999999,-0.0021937000000000007,0.00069180000000000023,0.0013835,4.3900000000000146e-05,0.00047469999999999999,0.00027170000000000015,-0.0026490000000000003,-0.0016819999999999999,0.0018227999999999999,-0.0014389999999999997,0.0048803000000000006,0.0015623,0.0034245999999999999,0.0003133999999999997,-0.0068832000000000008,-0.00025689999999999979,4.1200000000000134e-05,-0.0024837000000000001,0.0041469999999999996,0.0022236000000000001,0.0008100999999999998,-0.0014792,0.00064329999999999986,-0.00090689999999999998,0.00022379999999999991,-0.0049818000000000006,0.00078169999999999997,-0.0015333999999999999,0.0017233999999999999,-0.0023355000000000003,4.0399999999999898e-05,-0.00071870000000000007,-0.0002097,0.0001718999999999999,-0.0017944,0.0010093999999999999,-0.00065059999999999998,0.00053359999999999996,0.0014413999999999998,0.00090880000000000008,-0.00089869999999999989,0.0011615000000000002,-0.0005978,-0.00024890000000000003,-0.00095699999999999995,-0.00027990000000000014,0.0033804,-0.00074609999999999998,0.0024898000000000003,0.0023124,-0.00084210000000000014,-0.00018140000000000007,-0.0017872000000000001,0.0012592,0.00059420000000000002,0.0022483,0.0022879000000000003,-0.00020199999999999998,-0.0010754,-0.00082919999999999999,-0.0021941,-0.0019978000000000001,0.00047110000000000001,0.00046400000000000006,0.0010367,0.00012149999999999992,0.0017476,0.0011569999999999998,-0.00025660000000000006,0.0010694000000000001,0.00054850000000000005,-0.00047409999999999998,-0.00054250000000000001,0.0026094000000000004,-0.0010164999999999998,0.00056910000000000001,-0.0030560000000000001,-0.00058430000000000005,7.499999999999998e-05,-0.0012315,-0.0012127000000000001,0.0023134000000000002,0.00066120000000000003,-0.00061300000000000048,-0.0029484000000000003,-0.0053696999999999998,0.0037983000000000001,-0.0020209000000000004,0.00024769999999999995,-0.00071740000000000009,-8.5400000000000016e-05,-0.00066389999999999982,-0.00038370000000000027,-0.0018498000000000002,-0.0021479999999999997,0.0018795000000000005,0.00076149999999999992
aug_between_class_right_pair0007_child01,Healthy,0,0,Augmented,0,0,0,0,0,0.33969939999999998,2.0965211999999998,8.9999999999999996e-07,-9.9999999999999995e-07,9.0000000000000007e-07,0.98015370000000002,0,0.056517399999999995,-0.13959649999999998,0.0061410000000000006,0.12109839999999999,-0.1095322,0.083473099999999995,-0.013950799999999999,-0.015092700000000001,-0.0223976,-0.1561649,0.32653340000000003,-0.0246527,-0.056322600000000014,0.11855589999999999,-0.012708799999999999,-0.022383400000000001,-0.0049388000000000001,-0.048406100000000001,0.027950599999999999,0.040827799999999997,-0.042834000000000004,0.0133645,-0.0914793,0.009052300000000001,0.047645699999999999,-0.0026729999999999983,0.018703500000000001,0.0197939,-0.061551700000000001,0.031661399999999999,-0.050802200000000006,-0.092716400000000004,0.099205799999999997,-0.063891599999999993,0.1886612,-0.030446999999999998,0.0050907999999999995,0.00014639999999999966,-0.0088635999999999993,-0.0075773000000000004,0.0050154999999999991,0.028042999999999998,-0.0050842000000000005,-0.0067355000000000002,-0.0064098999999999996,-0.018838500000000001,0.0066828,0.038368900000000004,0.0107683,0.012754099999999999,-0.0076281999999999999,-0.0016643999999999999,0.024360800000000002,-0.029142500000000002,0.0074906,0.001542,-0.015680599999999999,0.044965500000000005,-0.0849916,-0.0058081000000000001,-0.017867299999999996,-0.0624054,0.011701000000000001,0.00057959999999999989,0.00030160000000000001,0.020283799999999998,0.0041632000000000006,0.0018565999999999999,-0.0087310000000000009,0.0097113999999999985,0.0101967,-0.0033959000000000003,0.0041543000000000005,0.0028806000000000001,-0.018756700000000001,0.0051692999999999999,0.0083230000000000005,0.010192099999999999,0.0014950000000000007,-0.0153207,0.027572799999999998,-0.0230536,-0.016297900000000001,-0.0016911999999999999,0.0047525999999999992,-0.0020756000000000004,-0.00067739999999999988,-0.016484099999999998,0.0023478000000000006,-0.021078600000000003,0.00090290000000000032,0.021085699999999999,0.0043972000000000004,0.0213811,-0.0136826,-0.00019660000000000033,0.00037810000000000008,-0.0012647000000000001,-0.0083259000000000007,0.010548500000000001,-0.0052913999999999999,-0.011605400000000002,-0.00069000000000000008,0.0067868000000000008,-0.0072776000000000004,-0.0042724,0.0074710000000000002,0.010956,0.0059699999999999996,0.0065506999999999996,0.0106103,-0.0090080000000000004,0.0037848000000000001,-0.0031327999999999994,0.0124849,-0.0047813999999999999,-0.0074045999999999999,0.0113323,-0.006777,0.010782100000000003,-0.013520500000000001,-0.0038834,0.013060500000000001,0.0116992,-0.013465299999999999,0.0059366000000000002,-0.019104200000000002,-0.0022545,-0.014517800000000001,-0.0131892,0.0036976000000000005,0.0016039000000000001,-0.0072861999999999996,0.00036930000000000003,-0.014099400000000002,0.00066199999999999994,-0.00079800000000000031,0.0022811999999999997,0.0051013999999999999,-0.0027879000000000003,-0.0048831000000000005,0.0016086,-0.0047515999999999999,0.0042237999999999998,-0.0012904000000000001,0.0023994999999999997,0.0016906,-0.00023910000000000001,-0.00080439999999999982,-0.0021405999999999999,-0.0057214000000000006,-0.0036135999999999998,-0.0071885999999999999,-0.00064610000000000015,0.0076617999999999999,-0.0037677000000000001,0.0015079000000000004,-0.0013836,0.00026800000000000044,-0.0036939999999999994,0.0016449000000000004,-0.013391900000000002,0.00085890000000000033,0.0048023000000000007,0.0092239000000000002,0.0023966999999999999,-0.0072678000000000005,-0.0015812000000000003,0.0074928,0.0025814000000000002,0.0039434999999999991,0.014796,-0.0073013999999999996,-0.0008154000000000002,-0.0117804,-0.0050752999999999996,0.0072977000000000007,-0.019240599999999997,0.0091012000000000003,-0.0019404000000000001,-0.0031117999999999996,0.0021038999999999997,-0.0020344,-0.0034409000000000002,0.0021262999999999998,-0.0019485000000000001,-0.0013440000000000001,-0.0030857000000000002,0.0021704000000000003,0.0015221,-0.00081539999999999976,0.0031793999999999998,0.00036889999999999991,-0.0025666,-0.0062442000000000018,0.00026730000000000005,-0.00037760000000000002,-0.0018447999999999997,-0.0010638000000000002,0.0029027000000000002,0.0026132999999999998,-0.0020791,-0.0040572000000000004,0.0035868000000000002,0.0032179999999999999,-0.0026752,0.0044418999999999995,0.0043600000000000002,0.0009438999999999998,0.0028787999999999999,0.0026116999999999998,-0.00097970000000000002,-0.0039201000000000001,0.0012078000000000002,0.007149,-0.0044789000000000009,0.0001326999999999997,0.0049391000000000001,-0.0050884999999999993,-0.0041012999999999996,0.0053769000000000004,0.0021361000000000002,-0.0036464000000000002,0.0034505999999999998,-0.0025567999999999997,0.0085681999999999998,-0.0069307000000000006,0.0042800000000000008,-0.00013230000000000013,-0.0064470999999999999,-0.0049527,0.00011760000000000004,-0.00097019999999999995,-0.00017910000000000002,-5.1999999999999963e-05,-0.0013253,-0.0019493000000000002,0.0016112000000000001,7.0400000000000031e-05,0.00088019999999999993,0.0017902000000000009,-0.00035429999999999999,0.0050454999999999996,0.0013457000000000002,-0.0013004000000000002,-0.0019828000000000003,-0.0012337000000000001,0.0024264000000000004,0.0050936000000000002,-0.0047880000000000006,0.00055149999999999991,0.0026890999999999998,-0.0004506,0.0039382999999999996,-0.0049036000000000001,0.00041779999999999996,0.002784,-0.0029973999999999999,-0.00092680000000000008,0.0031149000000000003,-0.0037903999999999993,0.0029915000000000002,0.0025249000000000001,-0.0027552999999999996,-0.00062989999999999986,-0.00068159999999999998,0.00021819999999999912,-0.00098360000000000027,-0.0016526999999999998,0.0018513,0.0036626999999999996,-0.0040496000000000004,0.0039552000000000007,4.5299999999999854e-05,0.0018933999999999999,-0.0054058000000000005,-0.00031800000000000014,-0.00018169999999999992,0.0027863000000000007,-0.0071175000000000006,0.00050920000000000023,-0.00042960000000000047,0.0032024000000000002,0.017999600000000001,-9.1600000000000058e-05,0.011616400000000002,-0.0084016000000000004,0.00043959999999999984,-0.0018247000000000001,-0.0011274999999999998,0.00052910000000000001,0.0004925000000000001,0.0010034999999999998,-0.00067100000000000005,-0.00043730000000000006,0.0010874000000000001,-0.0017382999999999999,0.0030903000000000003,0.0019740000000000001,-0.0025398000000000005,0.0045628999999999999,0.0004282,-0.0010409,0.0017055,0.00018790000000000001,0.0025274,0.0019799000000000001,-0.00087750000000000002,0.0015014999999999998,0.0021640000000000001,-0.00049649999999999998,-0.00049439999999999987,-0.0015425999999999999,0.0016270999999999998,0.0030676000000000002,-0.0022829,0.0010460000000000001,0.00046640000000000006,-0.0018683000000000003,-0.0015790000000000001,-0.00019289999999999976,-0.0038774999999999999,-0.0016544000000000001,0.00096910000000000008,-0.0010843999999999999,0.0037569999999999999,0.0007986,-0.00034509999999999999,0.0021945000000000003,-0.0030928000000000001,-0.0013439000000000003,-0.0018087000000000001,0.0031061999999999999,0.0010944000000000001,0.0015903999999999998,-0.0015689000000000002,-0.0025049,-0.0021881000000000001,-0.002271,0.0014071999999999999,-0.0027728000000000002,0.00085400000000000016,0.00074489999999999995,0.00020130000000000018,6.6400000000000096e-05,-0.0028666000000000004,0.0016749,0.00097999999999999975,0.00088600000000000007,0.0067775999999999999,-0.0062044000000000005,-0.00055560000000000006,0.0017576,0.00089309999999999997,-0.0004299000000000001,-0.0019477000000000001,-0.0014314,4.1500000000000033e-05,0.0013143,-0.00065640000000000013,0.00019649999999999995,-0.00099950000000000017,-0.00092330000000000016,0.0001087,-0.00050310000000000025,0.0017133000000000001,0.00042259999999999997,-0.0012809000000000002,-0.0024537000000000001,-0.00035490000000000001,-0.00041739999999999995,6.4700000000000001e-05,0.0022882000000000002,0.00059779999999999979,-0.00030100000000000005,-0.0023537999999999996,0.00030290000000000004,-0.0016562,0.00020669999999999998,-0.00030729999999999999,0.0038641000000000005,0.0021030999999999997,-0.001575,0.0001586999999999999,-0.0021834999999999997,0.0022323999999999998,0.00013969999999999998,0.0026997000000000002,-0.0019764000000000001,0.0049807000000000002,-0.0011604999999999999,-0.00073970000000000004,0.0010654999999999998,0.00080159999999999997,-0.00016240000000000004,-0.0027857999999999997,-0.0013603999999999999,-0.0013476,0.00088920000000000004,-0.0036290000000000003,0.0025661,0.0011663000000000001,0.0024733000000000003,0.00010930000000000011,-0.0019742000000000002,-0.0006533000000000001,0.0022233000000000001,-0.0040309999999999999,-0.0002119,0.0046078000000000004,0.00060169999999999993,0.0047679000000000003,-0.0017567000000000001,0.0031735000000000001,-0.0027086000000000002,-0.0064466000000000002,0.0022462999999999997,-0.0017706,0.0047605,0.0027805000000000009,0.00034850000000000001,0.00045670000000000004,-0.00083539999999999992,0.0011964999999999999,0.00019289999999999997,-0.00048260000000000002,0.0010888000000000002,-0.0013048000000000001,0.0012296999999999998,-0.00013819999999999994,-0.00060990000000000003,0.0017385,-0.0019250000000000001,0.00030960000000000004,0.00086810000000000001,3.5299999999999936e-05,-0.00069690000000000008,0.0012201,-0.00060319999999999992,0.00082850000000000003,-0.0018573000000000001,-0.0001078,-0.0020969000000000001,0.0031042000000000001,-0.00038179999999999996,-0.0011045,0.0016425000000000001,0.00055900000000000004,-0.00032959999999999999,-0.0034307000000000001,-0.0017248000000000001,-0.00045220000000000004,-0.0013550999999999999,-0.0014133000000000001,0.00018959999999999984,-0.0011613999999999999,0.00094200000000000035,0.0011007,-0.0010916000000000001,-0.0013671000000000002,0.00084899999999999993,-0.0010740000000000001,0.0019591000000000001,0.0011023000000000001,0.0011062000000000001,0.0013493000000000001,0.00192,0.00023299999999999997,0.0032921000000000001,-0.0024429999999999999,-0.00028430000000000003,0.0057550000000000006,0.00046980000000000014,0.00095940000000000001,-0.0020027000000000001,-0.0027769000000000005,0.0040900999999999993,0.00055430000000000041,-5.1399999999999962e-05,0.0023270000000000001,0.0010995,-0.00083069999999999954,-0.0017128,-0.0037737999999999999,-0.00011250000000000019,-0.0021833,-0.0039363000000000002,0.0020205000000000002,-0.0023475000000000002,0.0030691,1.0299999999999979e-05,-0.0010349000000000001,0.0012500000000000002,-0.00011429999999999947,-0.0010916000000000007
aug_between_class_right_pair0007_child02,Healthy,0,0,Augmented,0,0,0,0,0,0.33580379999999999,2.0754614,7.9999999999999996e-07,-9.9999999999999995e-07,7.9999999999999996e-07,0.99192939999999996,0,0.054891800000000004,-0.13938,0.007477000000000001,0.1183968,-0.1074494,0.083305199999999996,-0.011151599999999999,-0.012159400000000001,-0.020926199999999999,-0.14866580000000001,0.32905080000000003,-0.032026399999999997,-0.052898200000000006,0.1153508,-0.011880599999999998,-0.021983800000000001,-0.0054446000000000008,-0.049752199999999996,0.026666200000000001,0.0421266,-0.044250999999999999,0.012945,-0.092673600000000009,0.0102346,0.047790400000000004,-0.0022529999999999981,0.018756000000000002,0.022054799999999999,-0.062071399999999999,0.034518800000000002,-0.051722400000000002,-0.092776800000000006,0.1028816,-0.0619392,0.18842739999999999,-0.030785,0.0053375999999999996,9.7999999999999129e-06,-0.0080242000000000004,-0.0090426000000000013,0.0042829999999999995,0.028151000000000002,-0.0048994000000000008,-0.0073419999999999996,-0.0067467999999999998,-0.018197999999999999,0.0059265999999999998,0.036450800000000005,0.012136599999999999,0.012699199999999999,-0.0079243999999999998,-0.0014868000000000004,0.0240906,-0.028698999999999999,0.0063861999999999999,0.0017830000000000001,-0.013990200000000001,0.045732000000000002,-0.085958199999999998,-0.0055912000000000002,-0.0188276,-0.063461800000000013,0.013355000000000001,0.00058520000000000002,0.0003302,0.0197086,0.0038014000000000004,0.0015892,-0.0082959999999999996,0.0096387999999999995,0.010402399999999999,-0.0038668000000000001,0.0041446,0.0026281999999999998,-0.018884399999999999,0.0049156,0.0082590000000000007,0.0114562,0.0023670000000000002,-0.0152354,0.028125600000000001,-0.022636199999999999,-0.016345800000000001,-0.00061139999999999979,0.0048862000000000003,-0.0023022000000000008,-0.00028479999999999825,-0.0147312,0.0032265999999999996,-0.020921200000000001,0.0012028000000000004,0.020851399999999999,0.0035484000000000002,0.020888200000000003,-0.0132882,0.00026479999999999993,0.00078620000000000003,-0.0011173999999999999,-0.0078428000000000005,0.010688,-0.0054657999999999998,-0.010681800000000002,-0.00067400000000000001,0.0068986000000000004,-0.0073211999999999999,-0.0048107999999999996,0.0073159999999999996,0.010992999999999999,0.0059430000000000004,0.0063394000000000002,0.0097725999999999993,-0.0085080000000000017,0.0040055999999999998,-0.0036605999999999995,0.0123728,-0.0039617999999999997,-0.0072411999999999997,0.0114786,-0.0064180000000000001,0.010523200000000002,-0.012779000000000002,-0.0036357999999999998,0.012556000000000001,0.0118884,-0.012816600000000001,0.0065232000000000007,-0.018676400000000003,-0.0028730000000000001,-0.0144596,-0.012372399999999999,0.0030212000000000004,0.0021198000000000002,-0.0074123999999999987,4.5600000000000106e-05,-0.014198800000000001,0.00056900000000000017,-0.00054200000000000016,0.0019223999999999999,0.0050038000000000001,-0.0023037999999999999,-0.0048771999999999999,0.0016242000000000001,-0.0046922000000000005,0.0041895999999999999,-0.0011778000000000005,0.0021359999999999999,0.0015762,-0.00039720000000000001,-0.00099479999999999989,-0.0017342,-0.0053617999999999999,-0.0035361999999999998,-0.0073191999999999997,-0.00085220000000000001,0.0073536000000000001,-0.0036434000000000002,0.0010568000000000001,-0.0013411999999999999,0.00026400000000000035,-0.0039150000000000001,0.0012797999999999998,-0.013022800000000001,0.00075979999999999993,0.0046395999999999998,0.0092478000000000005,0.0029854,-0.0066396000000000007,-0.0013074000000000004,0.0076425999999999994,0.0024978000000000001,0.003895,0.014834,-0.0072688000000000006,-0.00098879999999999997,-0.012087799999999999,-0.0039775999999999995,0.0073254000000000001,-0.018122199999999998,0.0090163999999999991,-0.0016718,-0.0029496000000000001,0.0019788000000000002,-0.0020888,-0.0029958000000000003,0.0018785999999999998,-0.0015560000000000001,-0.0011279999999999999,-0.0032454000000000003,0.0022618000000000004,0.0016592,-0.0010187999999999998,0.0029928000000000003,0.00034380000000000001,-0.0022791999999999999,-0.0056774000000000008,-0.00030940000000000004,-0.00025020000000000012,-0.0016545999999999996,-0.0015906000000000002,0.0032194000000000003,0.0027475999999999998,-0.0025311999999999999,-0.0041733999999999999,0.0030806000000000002,0.0026339999999999996,-0.0025643999999999997,0.0040958000000000001,0.0047469999999999995,0.00097979999999999986,0.0024326,0.0026693999999999997,-0.00099540000000000002,-0.0041621999999999996,0.0012876000000000001,0.0072350000000000001,-0.0036098000000000007,0.0002723999999999999,0.0046952000000000001,-0.0046470000000000001,-0.0047305999999999997,0.0057328000000000006,0.0024792,-0.0032968000000000008,0.0032681999999999998,-0.0021375999999999999,0.0085763999999999996,-0.0060204000000000004,0.0040870000000000004,3.7400000000000801e-05,-0.0062702000000000001,-0.0042474000000000001,0.00037919999999999989,-0.0011923999999999999,1.980000000000002e-05,-0.00036900000000000008,-0.0011065999999999999,-0.0016306000000000003,0.0015754,7.080000000000004e-05,0.00085040000000000018,0.0015864000000000004,-0.00035060000000000007,0.0047679999999999997,0.0016504,-0.0014558000000000001,-0.0015896,-0.00090939999999999988,0.0023748000000000007,0.0050162000000000002,-0.0047780000000000001,0.00024699999999999988,0.0023812,-0.00055519999999999983,0.0038256000000000002,-0.0049832000000000001,0.00049560000000000001,0.0028939999999999999,-0.0030607999999999998,-0.0010226000000000002,0.0028498,-0.0034838000000000004,0.00313,0.0024588000000000001,-0.0022036,-0.00056080000000000019,-0.00050319999999999998,-3.8600000000000613e-05,-0.00098420000000000018,-0.0013943999999999998,0.0021735999999999999,0.0035073999999999999,-0.0042802000000000005,0.0034064000000000008,2.5599999999999755e-05,0.0026857999999999999,-0.0053296000000000003,-0.00071999999999999994,-0.00056239999999999979,0.0022396000000000004,-0.0065340000000000016,0.0010104000000000001,-0.0010282000000000004,0.0031898,0.017122200000000001,-0.00051219999999999998,0.010800800000000001,-0.0082842000000000002,0.00073720000000000003,-0.0015804,-0.001023,0.0004682,0.00071499999999999992,0.00082600000000000013,-0.00069800000000000005,-0.00039460000000000016,0.0012568,-0.0015996000000000001,0.0027816000000000004,0.0018960000000000001,-0.0023316000000000001,0.0043998000000000006,0.0005844,-0.00082180000000000013,0.0019290000000000002,0.00025080000000000002,0.0027297999999999997,0.0018808000000000002,-0.00097599999999999998,0.0011099999999999999,0.0020349999999999999,-0.00054799999999999988,-0.00061679999999999981,-0.0013322,0.0014651999999999998,0.0027122000000000001,-0.0023798000000000001,0.00088500000000000015,0.00044779999999999993,-0.0016056,-0.0016680000000000002,-0.00048480000000000007,-0.0038320000000000003,-0.0015788000000000002,0.0014101999999999999,-0.0010928000000000001,0.0036420000000000003,0.0011772,-0.00016820000000000002,0.0019840000000000001,-0.0030676000000000002,-0.0016108000000000001,-0.0016194000000000002,0.0037093999999999999,0.0011328,0.0014898000000000001,-0.0014288,-0.0021668000000000004,-0.0020461999999999998,-0.0020670000000000003,0.0015654,-0.0028796000000000004,0.00091399999999999988,0.00062480000000000001,1.9600000000000043e-05,0.00091080000000000045,-0.0028142000000000002,0.0016467999999999995,0.00092000000000000003,0.00066599999999999993,0.0073812000000000001,-0.0057207999999999998,-0.00058020000000000001,0.0017452000000000004,0.0010012,-0.00047480000000000016,-0.0018364000000000002,-0.0014247999999999999,2.3000000000000017e-05,0.0012435999999999999,-0.00068680000000000011,2.8999999999999932e-05,-0.00079699999999999997,-0.00092160000000000007,0.0001104,-5.6200000000000119e-05,0.0016586000000000001,4.4200000000000099e-05,-0.0012208000000000002,-0.0024394000000000004,-0.00038080000000000015,-0.00032379999999999996,-0.00019660000000000001,0.0023703999999999999,0.00041459999999999989,-0.00036499999999999998,-0.0022315999999999998,0.00028879999999999997,-0.0017484000000000002,0.00049739999999999995,-0.00039559999999999997,0.0037192000000000011,0.0019001999999999999,-0.0015820000000000001,0.00031339999999999992,-0.0020009999999999997,0.0022228,-6.3600000000000028e-05,0.0026703999999999999,-0.0021337999999999999,0.0044574000000000003,-0.001219,-0.00074839999999999987,0.0010580000000000001,0.00075719999999999997,-0.00015379999999999994,-0.0027936000000000002,-0.0011007999999999999,-0.0013342,0.00039139999999999997,-0.0037390000000000001,0.0022791999999999999,0.0011896000000000001,0.0026776000000000005,0.00032560000000000011,-0.0020823999999999999,-0.00039260000000000006,0.0018885999999999998,-0.0041480000000000006,-7.680000000000001e-05,0.0045406000000000005,0.00044839999999999984,0.0048127999999999999,-0.0019184,0.0029909999999999997,-0.0024101999999999999,-0.0066851999999999996,0.0020395999999999999,-0.0016941999999999999,0.0047320000000000001,0.0026990000000000004,0.00040000000000000002,0.00051340000000000001,-0.0010838,0.0011160000000000002,0.00032680000000000003,-0.00055019999999999993,0.0010726000000000004,-0.0013045999999999999,0.0015244,-0.00027039999999999996,-0.0006778000000000001,0.0016680000000000002,-0.0018180000000000002,0.00035520000000000007,0.00089819999999999993,-0.00020540000000000001,-0.00054280000000000007,0.0012162000000000002,-0.00053039999999999999,0.00077699999999999991,-0.0019366000000000003,-0.00021559999999999998,-0.0019718000000000005,0.0029404000000000001,-0.00043860000000000004,-0.001139,0.001691,0.00092600000000000017,-0.0005042,-0.0034404000000000001,-0.0016566,-0.00042040000000000003,-0.0013041999999999999,-0.0012646000000000003,1.9999999999989644e-07,-0.00073180000000000001,0.00078700000000000026,0.0010653999999999998,-0.0010222,-0.0014922,0.000767,-0.0011010000000000002,0.0019372000000000002,0.00089360000000000004,0.0010634000000000002,0.0012606,0.0015579999999999997,0.00047200000000000003,0.0030762000000000003,-0.0023679999999999994,-0.00055660000000000009,0.0052649999999999997,0.00031060000000000018,0.0010118,-0.0018314,-0.0026738000000000005,0.0040112000000000004,0.00011960000000000052,0.00029320000000000003,0.0022370000000000003,0.0010429999999999999,-0.00066740000000000007,-0.0019206,-0.0039665999999999998,-0.00027200000000000011,-0.0023615999999999997,-0.0034486000000000004,0.0020570000000000002,-0.0022630000000000007,0.0027292000000000002,-3.7399999999999716e-05,-0.00091980000000000002,0.001261,-0.00079159999999999973,-0.00087220000000000028
aug_between_class_right_pair0007_child03,Healthy,0,0,Augmented,0,0,0,0,0,0.33190819999999999,2.0544015999999998,6.9999999999999997e-07,-9.9999999999999995e-07,6.9999999999999986e-07,1.0037050999999999,4.1359030627651384e-25,0.0532662,-0.1391635,0.0088130000000000014,0.11569519999999998,-0.1053666,0.083137299999999997,-0.0083523999999999994,-0.0092260999999999975,-0.019454800000000001,-0.14116670000000001,0.33156820000000004,-0.0394001,-0.049473799999999998,0.11214569999999999,-0.011052399999999997,-0.021584200000000001,-0.0059503999999999998,-0.051098299999999999,0.0253818,0.043425400000000003,-0.045668,0.0125255,-0.093867900000000004,0.011416900000000001,0.047935100000000001,-0.0018330000000000013,0.018808499999999999,0.024315699999999996,-0.062591099999999997,0.037376199999999998,-0.052642600000000005,-0.092837199999999995,0.1065574,-0.059986799999999993,0.18819360000000002,-0.031123000000000001,0.0055843999999999998,-0.00012680000000000026,-0.0071847999999999999,-0.010507900000000001,0.0035504999999999994,0.028258999999999999,-0.0047146000000000002,-0.0079485000000000007,-0.0070837000000000001,-0.0175575,0.0051704000000000012,0.0345327,0.0135049,0.012644299999999999,-0.0082205999999999998,-0.0013091999999999999,0.023820399999999999,-0.028255500000000003,0.0052817999999999997,0.0020240000000000002,-0.012299799999999996,0.046498499999999998,-0.086924799999999997,-0.0053743000000000003,-0.019787899999999997,-0.064518199999999998,0.015009,0.00059079999999999994,0.00035880000000000005,0.019133399999999998,0.0034396000000000001,0.0013218000000000001,-0.0078609999999999999,0.0095661999999999987,0.010608099999999999,-0.0043376999999999999,0.0041349000000000004,0.0023758,-0.019012100000000001,0.0046619000000000001,0.0081950000000000009,0.0127203,0.0032389999999999997,-0.0151501,0.0286784,-0.0222188,-0.016393700000000001,0.00046839999999999989,0.0050197999999999996,-0.0025287999999999995,0.00010779999999999991,-0.012978299999999996,0.0041054000000000004,-0.020763799999999999,0.0015027000000000005,0.020617099999999999,0.0026995999999999999,0.020395300000000002,-0.012893799999999999,0.00072620000000000009,0.0011943000000000001,-0.00097010000000000022,-0.0073597000000000003,0.0108275,-0.0056401999999999997,-0.0097582000000000016,-0.00065800000000000006,0.0070104,-0.0073648000000000012,-0.0053492000000000001,0.0071609999999999998,0.01103,0.0059159999999999994,0.0061280999999999992,0.0089349000000000008,-0.0080080000000000012,0.0042263999999999999,-0.0041883999999999992,0.012260699999999999,-0.0031421999999999999,-0.0070777999999999995,0.011624900000000001,-0.0060589999999999993,0.010264300000000001,-0.0120375,-0.0033882000000000001,0.0120515,0.012077600000000001,-0.012167899999999999,0.0071098000000000003,-0.0182486,-0.0034914999999999998,-0.0144014,-0.011555599999999999,0.0023448000000000002,0.0026356999999999999,-0.0075385999999999995,-0.00027809999999999988,-0.0142982,0.00047599999999999997,-0.00028600000000000012,0.0015635999999999998,0.0049061999999999995,-0.0018196999999999998,-0.0048713000000000003,0.0016398000000000001,-0.0046328000000000003,0.0041554000000000001,-0.0010652000000000001,0.0018724999999999998,0.0014618000000000001,-0.0005553,-0.0011852000000000002,-0.0013277999999999999,-0.0050021999999999992,-0.0034587999999999997,-0.0074498000000000003,-0.0010583000000000003,0.0070453999999999994,-0.0035190999999999985,0.00060569999999999992,-0.0012988000000000001,0.00026000000000000025,-0.0041359999999999999,0.00091469999999999963,-0.0126537,0.00066070000000000018,0.0044768999999999998,0.009271699999999999,0.0035741000000000002,-0.0060114000000000001,-0.0010336000000000002,0.0077923999999999997,0.0024142,0.0038465000000000001,0.014872,-0.0072361999999999999,-0.0011622000000000002,-0.0123952,-0.002879899999999999,0.0073530999999999987,-0.017003799999999999,0.0089315999999999996,-0.0014032000000000001,-0.0027873999999999998,0.0018537,-0.0021432000000000001,-0.0025507000000000004,0.0016308999999999998,-0.0011635,-0.00091199999999999994,-0.0034051000000000003,0.0023532000000000002,0.0017963,-0.0012221999999999997,0.0028062,0.00031869999999999989,-0.0019918000000000002,-0.0051105999999999999,-0.00088610000000000013,-0.00012280000000000003,-0.0014643999999999996,-0.0021174000000000002,0.0035361000000000004,0.0028818999999999997,-0.0029832999999999999,-0.0042896000000000002,0.0025744000000000001,0.0020499999999999997,-0.0024536000000000002,0.0037496999999999999,0.0051339999999999997,0.0010156999999999996,0.0019864000000000001,0.0027270999999999997,-0.0010111,-0.0044042999999999999,0.0013674,0.0073209999999999994,-0.0027407000000000004,0.00041209999999999945,0.0044513,-0.0042054999999999992,-0.0053598999999999999,0.0060887000000000007,0.0028223000000000002,-0.0029472000000000005,0.0030857999999999997,-0.0017183999999999999,0.0085845999999999995,-0.0051101000000000011,0.0038940000000000003,0.00020709999999999913,-0.0060932999999999994,-0.0035421000000000003,0.00064079999999999996,-0.0014145999999999998,0.0002187,-0.00068599999999999998,-0.00088790000000000006,-0.0013119,0.0015396000000000001,7.120000000000005e-05,0.0008206,0.0013825999999999999,-0.00034690000000000003,0.0044904999999999997,0.0019551,-0.0016111999999999997,-0.0011964,-0.00058509999999999986,0.0023232000000000001,0.0049388000000000001,-0.0047680000000000005,-5.7499999999999988e-05,0.0020732999999999997,-0.00065979999999999967,0.0037128999999999999,-0.0050628000000000001,0.00057340000000000017,0.0030039999999999997,-0.0031242000000000002,-0.0011183999999999999,0.0025847000000000001,-0.0031771999999999989,0.0032684999999999997,0.0023926999999999998,-0.0016519,-0.0004917000000000003,-0.00032479999999999998,-0.00029540000000000035,-0.00098480000000000009,-0.0011361000000000001,0.0024959000000000001,0.0033521000000000002,-0.0045108000000000006,0.0028576000000000001,5.9000000000000892e-06,0.0034781999999999999,-0.0052534000000000001,-0.001122,-0.0009431000000000001,0.0016928999999999998,-0.0059505000000000009,0.0015116000000000001,-0.0016268000000000003,0.0031771999999999998,0.016244799999999997,-0.00093279999999999991,0.0099852000000000014,-0.0081668000000000001,0.0010348,-0.0013361000000000002,-0.00091849999999999994,0.00040730000000000003,0.00093749999999999997,0.00064849999999999999,-0.00072499999999999995,-0.00035189999999999993,0.0014262000000000001,-0.0014608999999999998,0.0024729000000000005,0.001818,-0.0021234000000000001,0.0042366999999999995,0.0007405999999999999,-0.00060270000000000007,0.0021524999999999995,0.00031369999999999998,0.0029321999999999994,0.0017816999999999998,-0.0010744999999999999,0.00071849999999999963,0.0019060000000000001,-0.0005995000000000001,-0.00073919999999999997,-0.0011218000000000001,0.0013032999999999999,0.0023568,-0.0024767000000000001,0.00072400000000000003,0.00042920000000000002,-0.0013429000000000002,-0.0017569999999999999,-0.00077670000000000018,-0.0037864999999999999,-0.0015031999999999999,0.0018512999999999997,-0.0011011999999999997,0.0035269999999999998,0.0015558,8.7000000000000488e-06,0.0017734999999999999,-0.0030423999999999998,-0.0018777000000000002,-0.0014300999999999999,0.0043125999999999998,0.0011712000000000003,0.0013891999999999999,-0.0012887000000000003,-0.0018287000000000004,-0.0019042999999999998,-0.0018629999999999996,0.0017236,-0.0029864000000000002,0.00097400000000000004,0.00050470000000000007,-0.00016209999999999998,0.0017552000000000002,-0.0027618,0.0016187000000000007,0.00085999999999999987,0.00044600000000000022,0.0079848000000000002,-0.0052371999999999991,-0.00060479999999999996,0.0017327999999999998,0.0011092999999999999,-0.0005197,-0.0017250999999999998,-0.0014182000000000001,4.500000000000001e-06,0.0011728999999999997,-0.00071719999999999998,-0.00013850000000000006,-0.00059449999999999998,-0.00091989999999999997,0.00011210000000000001,0.00039069999999999985,0.0016039000000000001,-0.00033419999999999999,-0.0011607,-0.0024250999999999999,-0.00040669999999999986,-0.00023019999999999998,-0.00045789999999999996,0.0024526000000000001,0.00023139999999999988,-0.00042900000000000002,-0.0021094,0.00027469999999999996,-0.0018406,0.00078809999999999991,-0.00048389999999999994,0.0035743000000000007,0.0016972999999999997,-0.0015889999999999999,0.00046809999999999994,-0.0018184999999999998,0.0022131999999999998,-0.00026689999999999993,0.0026411,-0.0022911999999999997,0.0039341000000000003,-0.0012775,-0.00075710000000000003,0.0010505,0.00071279999999999976,-0.00014520000000000006,-0.0028013999999999999,-0.00084119999999999996,-0.0013207999999999998,-0.00010639999999999988,-0.0038489999999999991,0.0019923000000000002,0.0012128999999999996,0.0028819000000000002,0.00054190000000000054,-0.0021906,-0.00013189999999999995,0.0015539,-0.0042649999999999997,5.8300000000000021e-05,0.0044733999999999998,0.00029510000000000018,0.0048576999999999995,-0.0020801000000000001,0.0028084999999999998,-0.0021117999999999996,-0.0069237999999999991,0.0018328999999999999,-0.0016178,0.0047034999999999993,0.0026175,0.00045149999999999997,0.00057010000000000003,-0.0013322,0.0010355,0.00046069999999999998,-0.00061779999999999995,0.0010564000000000001,-0.0013043999999999998,0.0018190999999999999,-0.00040260000000000003,-0.00074569999999999997,0.0015975,-0.0017110000000000001,0.00040079999999999988,0.00092830000000000007,-0.00044610000000000006,-0.00038869999999999996,0.0012122999999999999,-0.00045759999999999996,0.00072550000000000002,-0.0020158999999999997,-0.0003234,-0.0018467000000000002,0.0027765999999999997,-0.0004953999999999999,-0.0011735000000000001,0.0017394999999999999,0.0012930000000000001,-0.00067880000000000002,-0.0034500999999999998,-0.0015884,-0.00038859999999999996,-0.0012532999999999997,-0.0011159,-0.00018919999999999983,-0.00030219999999999992,0.00063200000000000018,0.0010300999999999995,-0.00095279999999999996,-0.0016172999999999999,0.00068499999999999995,-0.0011280000000000001,0.0019153,0.00068490000000000001,0.0010206,0.0011719,0.0011959999999999998,0.00071099999999999961,0.0028602999999999996,-0.0022929999999999999,-0.00082890000000000004,0.0047749999999999997,0.00015139999999999999,0.0010642,-0.0016600999999999999,-0.0025707,0.0039322999999999997,-0.0003150999999999998,0.00063780000000000011,0.002147,0.00098649999999999996,-0.00050410000000000016,-0.0021283999999999999,-0.0041593999999999997,-0.00043150000000000003,-0.0025398999999999999,-0.0029608999999999998,0.0020934999999999999,-0.0021784999999999999,0.0023893,-8.5100000000000063e-05,-0.00080469999999999988,0.0012719999999999997,-0.0014689,-0.00065280000000000026
aug_between_class_right_pair0007_child04,Healthy,0,0,Augmented,0,0,0,0,0,0.32801259999999999,2.0333418000000001,5.9999999999999997e-07,-9.9999999999999995e-07,5.9999999999999997e-07,1.0154808,0,0.051640599999999995,-0.13894699999999999,0.010149000000000002,0.1129936,-0.10328380000000001,0.082969399999999999,-0.0055531999999999995,-0.0062927999999999994,-0.0179834,-0.1336676,0.33408560000000004,-0.046773800000000004,-0.046049400000000004,0.1089406,-0.010224199999999999,-0.021184600000000001,-0.0064562000000000005,-0.052444399999999995,0.024097399999999998,0.044724200000000006,-0.047085000000000002,0.012105999999999999,-0.095062199999999999,0.0125992,0.048079799999999999,-0.0014130000000000011,0.018860999999999999,0.026576599999999999,-0.063110799999999995,0.040233600000000001,-0.053562800000000001,-0.092897599999999997,0.1102332,-0.0580344,0.18795980000000001,-0.031461000000000003,0.0058311999999999999,-0.00026340000000000001,-0.0063454000000000002,-0.011973200000000002,0.0028179999999999993,0.028367,-0.0045298000000000005,-0.0085550000000000001,-0.0074205999999999994,-0.016917000000000001,0.0044142000000000001,0.032614600000000001,0.0148732,0.012589399999999999,-0.0085167999999999997,-0.0011316,0.0235502,-0.027812,0.0041773999999999995,0.0022650000000000001,-0.010609399999999998,0.047265000000000001,-0.087891399999999995,-0.0051574000000000004,-0.020748200000000001,-0.065574599999999997,0.016663000000000001,0.00059639999999999997,0.00038740000000000004,0.0185582,0.0030778000000000003,0.0010544,-0.0074260000000000003,0.0094935999999999996,0.010813799999999998,-0.0048085999999999997,0.0041251999999999999,0.0021233999999999997,-0.019139799999999998,0.0044082000000000001,0.0081310000000000011,0.013984400000000001,0.0041110000000000009,-0.0150648,0.029231199999999999,-0.021801399999999999,-0.016441600000000001,0.0015481999999999996,0.005153399999999999,-0.0027553999999999999,0.0005003999999999998,-0.0112254,0.0049841999999999994,-0.0206064,0.0018026000000000006,0.0203828,0.0018507999999999999,0.019902400000000001,-0.012499399999999999,0.0011876,0.0016024000000000001,-0.00082280000000000005,-0.0068766000000000001,0.010966999999999999,-0.0058145999999999996,-0.0088346000000000015,-0.00064199999999999999,0.0071222000000000004,-0.0074084000000000007,-0.0058875999999999998,0.0070060000000000001,0.011067,0.0058890000000000001,0.0059167999999999998,0.0080972000000000006,-0.0075079999999999999,0.0044472000000000001,-0.0047161999999999994,0.012148600000000001,-0.0023226000000000002,-0.0069144000000000002,0.011771200000000001,-0.0057000000000000002,0.010005400000000001,-0.011296,-0.0031405999999999999,0.011547,0.0122668,-0.011519199999999999,0.0076964000000000017,-0.017820800000000001,-0.0041099999999999999,-0.0143432,-0.0107388,0.0016684,0.0031516000000000001,-0.0076647999999999994,-0.00060179999999999977,-0.0143976,0.00038299999999999999,-3.0000000000000079e-05,0.0012048,0.0048086000000000005,-0.0013355999999999999,-0.0048654000000000006,0.0016554,-0.0045734,0.0041212000000000002,-0.00095260000000000006,0.001609,0.0013473999999999999,-0.0007134000000000001,-0.0013755999999999998,-0.00092139999999999995,-0.0046426000000000002,-0.0033813999999999997,-0.0075804000000000002,-0.0012644000000000002,0.0067371999999999996,-0.0033947999999999995,0.00015460000000000007,-0.0012563999999999997,0.00025600000000000058,-0.0043569999999999998,0.00054960000000000035,-0.012284600000000001,0.00056160000000000021,0.0043141999999999998,0.0092955999999999993,0.0041627999999999995,-0.0053832000000000003,-0.00075980000000000036,0.0079422,0.0023305999999999999,0.0037979999999999997,0.01491,-0.007203600000000001,-0.0013355999999999999,-0.0127026,-0.001782199999999999,0.0073807999999999999,-0.015885399999999997,0.0088468000000000001,-0.0011345999999999999,-0.0026252000000000003,0.0017286000000000001,-0.0021976000000000001,-0.0021056,0.0013831999999999998,-0.00077100000000000009,-0.0006959999999999999,-0.0035648000000000003,0.0024445999999999999,0.0019334,-0.0014256,0.0026196000000000006,0.00029359999999999998,-0.0017044,-0.0045437999999999997,-0.0014628,4.5999999999999831e-06,-0.0012741999999999999,-0.0026442000000000002,0.0038528000000000004,0.0030162000000000001,-0.0034353999999999999,-0.0044057999999999996,0.0020682000000000001,0.0014659999999999996,-0.0023427999999999999,0.0034036000000000001,0.0055209999999999999,0.0010515999999999998,0.0015402,0.0027848,-0.0010268,-0.0046464000000000002,0.0014472,0.0074069999999999995,-0.0018716000000000004,0.00055179999999999986,0.0042074,-0.0037639999999999996,-0.0059892000000000001,0.0064446000000000008,0.0031654000000000001,-0.0025976000000000003,0.0029033999999999996,-0.0012991999999999999,0.0085927999999999994,-0.0041998000000000009,0.0037010000000000003,0.00037680000000000005,-0.0059163999999999996,-0.0028368,0.00090240000000000003,-0.0016368000000000001,0.00041760000000000018,-0.001003,-0.00066919999999999979,-0.00099319999999999986,0.0015038,7.160000000000006e-05,0.00079080000000000003,0.0011788000000000002,-0.00034319999999999999,0.0042129999999999997,0.0022597999999999997,-0.0017666000000000001,-0.0008031999999999999,-0.00026079999999999983,0.0022715999999999999,0.0048614000000000001,-0.0047580000000000001,-0.00036200000000000023,0.0017653999999999997,-0.00076439999999999993,0.0036002,-0.0051424000000000001,0.00065120000000000011,0.0031140000000000004,-0.0031876000000000001,-0.0012141999999999999,0.0023195999999999998,-0.0028706000000000001,0.0034069999999999999,0.0023265999999999998,-0.0011001999999999995,-0.00042259999999999997,-0.00014639999999999998,-0.00055220000000000095,-0.00098540000000000021,-0.00087779999999999998,0.0028182000000000003,0.0031967999999999996,-0.0047413999999999998,0.0023087999999999997,-1.380000000000001e-05,0.0042705999999999994,-0.0051771999999999999,-0.0015240000000000004,-0.0013238000000000002,0.0011462,-0.0053670000000000002,0.0020128000000000004,-0.0022254000000000006,0.0031646000000000001,0.0153674,-0.0013534,0.0091696,-0.0080494,0.0013324000000000001,-0.0010918,-0.00081399999999999994,0.00034640000000000002,0.00116,0.00047099999999999996,-0.00075200000000000006,-0.00030920000000000003,0.0015956000000000002,-0.0013221999999999999,0.0021642000000000002,0.0017399999999999998,-0.0019151999999999997,0.0040736000000000001,0.0008967999999999999,-0.00038360000000000005,0.0023759999999999996,0.00037659999999999999,0.0031345999999999995,0.0016826,-0.001173,0.00032699999999999993,0.0017769999999999999,-0.00065099999999999999,-0.00086160000000000002,-0.00091139999999999982,0.0011413999999999999,0.0020014,-0.0025735999999999997,0.00056300000000000002,0.0004105999999999999,-0.0010801999999999999,-0.001846,-0.0010686000000000001,-0.0037410000000000004,-0.0014276,0.0022924,-0.0011095999999999999,0.0034120000000000001,0.0019343999999999997,0.00018560000000000007,0.0015629999999999997,-0.0030172000000000003,-0.0021446,-0.0012408,0.0049157999999999997,0.0012095999999999999,0.0012885999999999998,-0.0011486000000000001,-0.0014906000000000001,-0.0017623999999999999,-0.0016589999999999999,0.0018818000000000001,-0.0030931999999999999,0.0010339999999999998,0.00038459999999999992,-0.00034379999999999995,0.0025996000000000005,-0.0027094000000000003,0.0015905999999999993,0.00080000000000000015,0.00022600000000000007,0.0085883999999999995,-0.0047536000000000002,-0.00062940000000000001,0.0017204000000000002,0.0012174,-0.00056460000000000006,-0.0016137999999999999,-0.0014116000000000001,-1.4000000000000015e-05,0.0011022,-0.00074760000000000007,-0.00030600000000000017,-0.00039199999999999993,-0.00091819999999999998,0.00011379999999999999,0.00083759999999999998,0.0015492000000000001,-0.00071260000000000008,-0.0011006,-0.0024108000000000003,-0.00043259999999999978,-0.00013659999999999999,-0.00071920000000000013,0.0025348000000000002,4.8199999999999816e-05,-0.00049300000000000006,-0.0019871999999999997,0.00026060000000000005,-0.0019328000000000001,0.0010788,-0.00057220000000000003,0.0034294000000000004,0.0014943999999999999,-0.001596,0.00062279999999999996,-0.0016360000000000001,0.0022036,-0.00047020000000000015,0.0026118000000000001,-0.0024486000000000004,0.0034107999999999999,-0.0013359999999999999,-0.00076579999999999997,0.0010429999999999999,0.00066839999999999998,-0.00013659999999999996,-0.0028092,-0.00058159999999999993,-0.0013074,-0.00060420000000000027,-0.0039589999999999998,0.0017053999999999999,0.0012362,0.0030861999999999999,0.00075820000000000011,-0.0022988000000000001,0.00012880000000000004,0.0012191999999999997,-0.0043820000000000005,0.00019340000000000004,0.0044062000000000007,0.00014180000000000009,0.0049026,-0.0022418,0.0026259999999999999,-0.0018134000000000002,-0.0071623999999999993,0.0016262,-0.0015413999999999998,0.0046750000000000003,0.0025359999999999996,0.00050299999999999997,0.00062680000000000006,-0.0015805999999999999,0.0009549999999999999,0.00059460000000000003,-0.00068539999999999996,0.0010402000000000002,-0.0013042000000000002,0.0021137999999999999,-0.00053479999999999999,-0.00081360000000000004,0.0015270000000000001,-0.001604,0.00044640000000000012,0.00095839999999999999,-0.0006868,-0.00023460000000000004,0.0012084000000000001,-0.00038479999999999992,0.00067400000000000001,-0.0020952000000000002,-0.00043120000000000007,-0.0017216000000000002,0.0026127999999999998,-0.00055219999999999998,-0.0012080000000000001,0.0017880000000000001,0.0016600000000000005,-0.00085339999999999993,-0.0034597999999999999,-0.0015202000000000002,-0.00035679999999999994,-0.0012024,-0.00096720000000000009,-0.0003786000000000002,0.00012739999999999995,0.0004770000000000001,0.00099479999999999968,-0.00088340000000000001,-0.0017424000000000001,0.00060299999999999991,-0.0011550000000000002,0.0018934000000000002,0.00047620000000000003,0.00097780000000000002,0.0010832000000000001,0.00083399999999999989,0.00095000000000000011,0.0026443999999999999,-0.0022179999999999995,-0.0011012000000000001,0.0042849999999999997,-7.8000000000000812e-06,0.0011165999999999999,-0.0014888,-0.0024676000000000003,0.0038534000000000003,-0.00074979999999999979,0.00098240000000000003,0.0020569999999999998,0.00093000000000000005,-0.00034079999999999983,-0.0023362000000000001,-0.0043522000000000005,-0.00059099999999999995,-0.0027182,-0.0024731999999999996,0.0021299999999999999,-0.0020940000000000004,0.0020493999999999998,-0.00013280000000000019,-0.00068960000000000007,0.0012830000000000001,-0.0021462,-0.00043340000000000023
aug_between_class_right_pair0007_child05,TLE,1,1,Augmented,0,0,0,0,0,0.32022139999999999,1.9912221999999999,4.0000000000000003e-07,-9.9999999999999995e-07,3.9999999999999998e-07,1.0390322000000001,0,0.048389399999999999,-0.138514,0.012821000000000001,0.10759039999999999,-0.099118200000000004,0.082633599999999988,4.5200000000000313e-05,-0.00042620000000000071,-0.015040600000000001,-0.11866940000000001,0.33912039999999999,-0.061521199999999998,-0.039200600000000002,0.10253039999999999,-0.0085678000000000004,-0.020385400000000001,-0.0074678000000000001,-0.055136600000000001,0.021528600000000002,0.047321799999999997,-0.049918999999999998,0.011266999999999999,-0.097450800000000004,0.014963799999999999,0.048369200000000001,-0.00057300000000000059,0.018966,0.031098399999999998,-0.064150199999999991,0.0459484,-0.0554032,-0.093018400000000001,0.11758479999999999,-0.0541296,0.1874922,-0.032136999999999999,0.0063248000000000002,-0.00053659999999999992,-0.0046665999999999999,-0.0149038,0.0013529999999999998,0.028582999999999997,-0.0041602000000000002,-0.0097679999999999989,-0.0080943999999999999,-0.015636000000000001,0.0029017999999999995,0.028778400000000003,0.017609799999999998,0.0124796,-0.0091091999999999996,-0.00077640000000000012,0.0230098,-0.026924999999999998,0.0019686,0.0027469999999999999,-0.0072286,0.048798000000000001,-0.089824600000000004,-0.0047235999999999997,-0.022668799999999999,-0.067687400000000009,0.019970999999999999,0.00060760000000000002,0.00044460000000000002,0.017407800000000001,0.0023541999999999999,0.00051960000000000027,-0.0065560000000000002,0.0093483999999999998,0.011225199999999999,-0.0057503999999999993,0.0041057999999999997,0.0016186,-0.019395200000000001,0.0039008000000000003,0.0080029999999999997,0.016512600000000002,0.0058549999999999982,-0.0148942,0.030336800000000001,-0.020966600000000002,-0.016537400000000001,0.0037077999999999998,0.0054206000000000011,-0.0032085999999999998,0.0012855999999999996,-0.0077195999999999992,0.0067418000000000009,-0.0202916,0.0024024000000000003,0.0199142,0.00015320000000000047,0.018916600000000002,-0.0117106,0.0021104000000000001,0.0024185999999999999,-0.00052820000000000015,-0.0059104000000000005,0.011246000000000001,-0.0061633999999999994,-0.0069874000000000004,-0.00061000000000000008,0.0073457999999999996,-0.0074955999999999998,-0.0069643999999999991,0.0066959999999999997,0.011141,0.0058349999999999999,0.0054941999999999994,0.0064218000000000001,-0.0065079999999999999,0.0048888000000000004,-0.0057717999999999997,0.0119244,-0.00068340000000000024,-0.0065875999999999999,0.0120638,-0.0049820000000000003,0.0094876000000000005,-0.0098130000000000005,-0.0026454,0.010538,0.012645199999999999,-0.0102218,0.0088696000000000001,-0.0169652,-0.0053469999999999993,-0.014226800000000001,-0.0091052000000000008,0.00031560000000000052,0.0041834000000000003,-0.007917200000000001,-0.0012491999999999996,-0.014596399999999999,0.00019700000000000002,0.00048199999999999979,0.00048720000000000002,0.0046134000000000001,-0.00036739999999999993,-0.0048535999999999996,0.0016865999999999999,-0.0044545999999999995,0.0040527999999999996,-0.00072740000000000023,0.0010820000000000001,0.0011186,-0.0010296000000000001,-0.0017564,-0.00010859999999999993,-0.0039233999999999996,-0.0032265999999999996,-0.0078416000000000007,-0.0016766000000000001,0.0061208,-0.0031461999999999996,-0.00074759999999999985,-0.0011715999999999999,0.00024799999999999996,-0.0047989999999999994,-0.00018059999999999994,-0.011546400000000002,0.00036340000000000027,0.0039887999999999998,0.0093434,0.0053401999999999998,-0.0041267999999999999,-0.00021220000000000028,0.0082418000000000005,0.0021633999999999998,0.0037009999999999999,0.014985999999999999,-0.0071384000000000005,-0.0016823999999999999,-0.0133174,0.00041320000000000039,0.0074362000000000004,-0.0136486,0.0086771999999999995,-0.00059740000000000032,-0.0023008,0.0014783999999999999,-0.0023064000000000001,-0.0012154000000000004,0.0008877999999999999,1.3999999999999907e-05,-0.00026399999999999997,-0.0038842,0.0026274000000000002,0.0022076000000000001,-0.0018323999999999999,0.0022464,0.00024339999999999995,-0.0011295999999999999,-0.0034102,-0.0026162000000000004,0.00025939999999999991,-0.00089379999999999993,-0.0036978000000000002,0.0044862000000000001,0.0032847999999999996,-0.0043395999999999999,-0.0046382000000000003,0.0010558000000000004,0.00029800000000000009,-0.0021212000000000002,0.0027114000000000001,0.0062949999999999994,0.0011233999999999997,0.00064780000000000024,0.0029001999999999999,-0.0010582,-0.0051305999999999999,0.0016068000000000002,0.0075789999999999998,-0.00013340000000000053,0.00083119999999999982,0.0037196,-0.0028810000000000003,-0.0072477999999999987,0.0071564000000000003,0.0038516000000000002,-0.0018984000000000004,0.0025386000000000002,-0.00046080000000000014,0.0086092000000000009,-0.0023792000000000006,0.0033150000000000002,0.00071620000000000017,-0.0055626,-0.0014262000000000003,0.0014256,-0.0020812000000000001,0.00081540000000000009,-0.001637,-0.0002318,-0.00035580000000000019,0.0014322,7.2399999999999971e-05,0.00073119999999999988,0.0007712000000000001,-0.00033580000000000003,0.0036579999999999998,0.0028691999999999997,-0.0020773999999999996,-1.6800000000000192e-05,0.00038779999999999999,0.0021684,0.0047066,-0.0047380000000000009,-0.00097099999999999986,0.0011496,-0.0009735999999999996,0.0033747999999999998,-0.0053016000000000001,0.0008068000000000001,0.0033340000000000002,-0.0033143999999999999,-0.0014058,0.0017894,-0.0022574000000000006,0.0036839999999999998,0.0021944,3.2000000000000778e-06,-0.00028440000000000019,0.00021040000000000002,-0.0010657999999999996,-0.00098660000000000002,-0.00036120000000000011,0.0034627999999999998,0.0028862000000000002,-0.0052025999999999999,0.0012112000000000006,-5.3200000000000209e-05,0.0058554000000000002,-0.0050248000000000003,-0.0023280000000000002,-0.0020851999999999997,5.2799999999999982e-05,-0.0042000000000000006,0.0030152,-0.0034226,0.0031393999999999997,0.013612599999999999,-0.0021945999999999997,0.0075384000000000007,-0.0078145999999999997,0.0019276,-0.00060320000000000013,-0.00060499999999999996,0.00022459999999999993,0.0016049999999999999,0.00011600000000000008,-0.00080599999999999997,-0.00022380000000000002,0.0019344000000000002,-0.0010448,0.0015468000000000001,0.0015839999999999999,-0.0014988,0.0037474000000000001,0.0012091999999999999,5.4599999999999891e-05,0.002823,0.00050239999999999996,0.0035393999999999998,0.0014844000000000001,-0.0013699999999999999,-0.00045600000000000003,0.001519,-0.0007539999999999999,-0.0011064,-0.00049059999999999989,0.00081759999999999992,0.0012906,-0.0027673999999999997,0.00024100000000000011,0.00037340000000000008,-0.00055480000000000004,-0.0020239999999999998,-0.0016524,-0.0036500000000000005,-0.0012764,0.0031745999999999992,-0.0011264000000000001,0.0031819999999999999,0.0026915999999999997,0.00053940000000000021,0.001142,-0.0029667999999999999,-0.0026784000000000005,-0.00086220000000000003,0.0061221999999999995,0.0012864,0.0010874000000000003,-0.00086840000000000018,-0.00081440000000000017,-0.0014786000000000001,-0.0012509999999999999,0.0021982,-0.0033068000000000004,0.0011540000000000001,0.00014440000000000004,-0.00070719999999999995,0.0042884000000000004,-0.0026046000000000003,0.0015343999999999991,0.00068000000000000027,-0.00021399999999999978,0.0097955999999999998,-0.0037864000000000001,-0.00067860000000000001,0.0016956,0.0014336000000000002,-0.00065439999999999997,-0.0013912,-0.0013984000000000002,-5.0999999999999993e-05,0.00096080000000000004,-0.00080840000000000003,-0.00064100000000000019,1.3000000000000045e-05,-0.00091480000000000001,0.0001172,0.0017313999999999997,0.0014398000000000002,-0.0014693999999999998,-0.00098039999999999998,-0.0023822000000000001,-0.00048440000000000006,5.0599999999999929e-05,-0.0012417999999999999,0.0026991999999999997,-0.00031820000000000009,-0.00062099999999999992,-0.0017428000000000001,0.00023239999999999998,-0.0021171999999999996,0.0016601999999999999,-0.00074879999999999988,0.0031396000000000006,0.0010885999999999999,-0.0016099999999999999,0.0009322,-0.001271,0.0021844,-0.00087679999999999995,0.0025532000000000003,-0.0027634000000000001,0.0023642000000000003,-0.0014529999999999999,-0.00078320000000000006,0.0010280000000000005,0.00057959999999999999,-0.00011940000000000008,-0.0028247999999999997,-6.2400000000000216e-05,-0.0012806,-0.0015997999999999995,-0.0041789999999999996,0.0011316,0.0012828,0.0034948000000000002,0.0011908000000000001,-0.0025152000000000004,0.00065019999999999987,0.00054980000000000003,-0.0046160000000000003,0.00046359999999999994,0.0042717999999999992,-0.0001648000000000001,0.0049923999999999993,-0.0025652000000000001,0.002261,-0.0012166000000000002,-0.0076395999999999999,0.0012128,-0.0013886,0.0046180000000000006,0.0023730000000000005,0.00060599999999999998,0.00074019999999999989,-0.0020773999999999996,0.000794,0.00086239999999999993,-0.00082059999999999989,0.0010078000000000001,-0.0013038000000000001,0.0027031999999999994,-0.00079919999999999991,-0.00094939999999999998,0.0013860000000000001,-0.0013900000000000002,0.00053760000000000006,0.0010186000000000001,-0.0011681999999999999,7.3599999999999919e-05,0.0012006,-0.00023920000000000001,0.000571,-0.0022537999999999998,-0.00064679999999999989,-0.0014714000000000001,0.0022852000000000003,-0.00066580000000000014,-0.0012769999999999999,0.001885,0.0023939999999999999,-0.0012026000000000001,-0.0034792,-0.0013838000000000001,-0.00029320000000000003,-0.0011006,-0.00066980000000000013,-0.0007574000000000003,0.00098660000000000002,0.0001670000000000001,0.00092419999999999991,-0.00074459999999999999,-0.0019925999999999998,0.00043900000000000005,-0.001209,0.0018496000000000001,5.8800000000000074e-05,0.0008922,0.00090580000000000001,0.00010999999999999964,0.0014279999999999994,0.0022125999999999999,-0.002068,-0.0016458000000000002,0.0033050000000000002,-0.00032619999999999991,0.0012214000000000001,-0.0011462,-0.0022614000000000002,0.0036956000000000003,-0.0016191999999999995,0.0016715999999999999,0.001877,0.00081700000000000002,-1.4199999999999803e-05,-0.0027517999999999996,-0.0047378000000000003,-0.00090999999999999978,-0.0030747999999999999,-0.0014978000000000001,0.0022030000000000001,-0.0019250000000000005,0.0013695999999999999,-0.0002281999999999998,-0.0004594,0.001305,-0.0035007999999999997,5.399999999999806e-06
aug_between_class_right_pair0007_child06,TLE,1,1,Augmented,0,0,0,0,0,0.31632579999999999,1.9701624,3.0000000000000004e-07,-9.9999999999999995e-07,3.0000000000000004e-07,1.0508079000000001,0,0.046763800000000001,-0.13829749999999999,0.014156999999999999,0.10488879999999999,-0.097035400000000008,0.082465699999999989,0.0028443999999999995,0.0025070999999999982,-0.013569200000000002,-0.1111703,0.34163779999999999,-0.068894899999999995,-0.035776200000000008,0.099325300000000005,-0.0077396000000000001,-0.019985800000000001,-0.0079735999999999991,-0.056482699999999997,0.0202442,0.0486206,-0.051336,0.0108475,-0.098645099999999999,0.0161461,0.048513899999999999,-0.00015299999999999689,0.019018500000000001,0.033359299999999995,-0.064669900000000002,0.048805799999999996,-0.056323399999999996,-0.093078799999999989,0.1212606,-0.0521772,0.18725839999999999,-0.032475000000000004,0.0065716000000000004,-0.0006732000000000001,-0.0038272000000000002,-0.016369100000000001,0.00062050000000000017,0.028691000000000001,-0.0039754000000000005,-0.0103745,-0.0084312999999999992,-0.0149955,0.002145600000000001,0.026860300000000004,0.018978099999999998,0.0124247,-0.0094053999999999995,-0.00059880000000000003,0.022739599999999999,-0.026481499999999998,0.0008642000000000003,0.0029879999999999998,-0.0055382000000000001,0.049564500000000004,-0.090791200000000002,-0.0045067000000000006,-0.0236291,-0.068743799999999994,0.021625000000000002,0.00061320000000000005,0.00047320000000000001,0.0168326,0.0019924000000000001,0.00025220000000000017,-0.0061209999999999997,0.0092758000000000007,0.011430900000000001,-0.0062212999999999999,0.0040961000000000001,0.0013662000000000001,-0.019522899999999999,0.0036471000000000003,0.0079389999999999999,0.017776699999999999,0.0067269999999999995,-0.0148089,0.0308896,-0.0205492,-0.016585300000000001,0.0047876000000000004,0.0055542000000000005,-0.0034351999999999994,0.0016782000000000012,-0.0059667000000000001,0.0076205999999999999,-0.020134200000000001,0.0027023000000000004,0.0196799,-0.00069559999999999978,0.018423700000000001,-0.0113162,0.0025718,0.0028266999999999997,-0.00038089999999999999,-0.0054273000000000004,0.0113855,-0.0063377999999999993,-0.0060638000000000003,-0.00059400000000000002,0.0074576,-0.0075391999999999994,-0.0075027999999999987,0.0065409999999999999,0.011178,0.0058080000000000007,0.0052829000000000001,0.0055840999999999998,-0.0060080000000000003,0.0051096000000000006,-0.006299599999999999,0.0118123,0.00013619999999999973,-0.0064241999999999997,0.012210100000000002,-0.0046230000000000004,0.0092286999999999994,-0.0090714999999999997,-0.0023978000000000003,0.010033500000000001,0.012834399999999999,-0.0095731000000000011,0.0094561999999999979,-0.016537400000000001,-0.0059654999999999994,-0.0141686,-0.0082883999999999996,-0.00036079999999999966,0.0046993,-0.0080434000000000009,-0.0015728999999999995,-0.014695799999999998,0.00010400000000000003,0.00073799999999999972,0.00012840000000000022,0.0045157999999999995,0.00011669999999999996,-0.0048476999999999999,0.0017021999999999999,-0.0043952000000000001,0.0040185999999999998,-0.0006148000000000002,0.00081850000000000011,0.0010042000000000002,-0.0011877000000000001,-0.0019467999999999998,0.00029779999999999954,-0.0035637999999999998,-0.0031492,-0.0079722000000000005,-0.0018827000000000002,0.0058126000000000002,-0.0030219000000000005,-0.0011986999999999996,-0.0011291999999999999,0.00024400000000000029,-0.0050200000000000002,-0.00054569999999999966,-0.011177300000000001,0.0002643000000000003,0.0038260999999999998,0.0093672999999999985,0.0059288999999999991,-0.003498600000000001,6.1599999999999763e-05,0.0083915999999999991,0.0020797999999999997,0.0036524999999999999,0.015023999999999999,-0.0071058000000000007,-0.0018558000000000001,-0.013624799999999999,0.0015108999999999999,0.007463899999999999,-0.012530200000000002,0.0085924,-0.00032880000000000019,-0.0021386,0.0013533,-0.0023608000000000001,-0.00077030000000000024,0.0006401,0.00040649999999999974,-4.8000000000000083e-05,-0.0040439000000000004,0.0027188000000000004,0.0023446999999999999,-0.0020357999999999999,0.0020598000000000005,0.00021829999999999994,-0.0008422000000000002,-0.0028434000000000003,-0.0031928999999999998,0.00038679999999999997,-0.00070359999999999997,-0.0042246000000000002,0.0048029000000000006,0.0034191,-0.0047916999999999994,-0.0047543999999999998,0.00054960000000000078,-0.0002859999999999998,-0.0020104000000000003,0.0023653000000000003,0.0066819999999999996,0.0011592999999999998,0.00020160000000000024,0.0029578999999999999,-0.0010739,-0.0053727000000000002,0.0016865999999999999,0.0076649999999999999,0.00073569999999999907,0.0009708999999999998,0.0034757,-0.0024395000000000003,-0.0078770999999999997,0.0075123000000000004,0.0041947,-0.0015488000000000006,0.0023562000000000001,-4.1600000000000144e-05,0.0086174000000000008,-0.0014689000000000013,0.0031220000000000002,0.00088589999999999936,-0.0053857000000000002,-0.00072090000000000131,0.0016871999999999998,-0.0023033999999999997,0.0010143000000000001,-0.001954,-1.3100000000000047e-05,-3.7100000000000251e-05,0.0013964000000000001,7.2800000000000089e-05,0.00070140000000000014,0.00056740000000000002,-0.00033210000000000005,0.0033804999999999998,0.003173899999999999,-0.0022328000000000001,0.00037639999999999982,0.0007120999999999998,0.0021168000000000003,0.0046292,-0.0047279999999999996,-0.0012754999999999999,0.00084170000000000002,-0.0010781999999999999,0.0032621,-0.0053812,0.00088460000000000003,0.003444,-0.0033777999999999998,-0.0015016000000000001,0.0015243000000000001,-0.0019508000000000001,0.0038224999999999995,0.0021282999999999996,0.00055489999999999988,-0.0002153000000000003,0.00038879999999999991,-0.0013226000000000002,-0.00098720000000000014,-0.00010290000000000012,0.0037850999999999996,0.0027309000000000001,-0.0054332000000000009,0.00066240000000000049,-7.2899999999999875e-05,0.0066477999999999988,-0.0049486,-0.0027299999999999998,-0.0024659,-0.00049389999999999992,-0.0036165000000000004,0.0035163999999999994,-0.0040211999999999999,0.0031267999999999999,0.0127352,-0.0026151999999999989,0.006722800000000001,-0.0076971999999999995,0.0022252000000000001,-0.00035890000000000005,-0.00050049999999999997,0.00016370000000000002,0.0018274999999999997,-6.1499999999999977e-05,-0.00083299999999999997,-0.00018110000000000001,0.0021038000000000003,-0.00090610000000000007,0.0012381000000000002,0.001506,-0.0012906,0.0035843000000000008,0.0013653999999999999,0.00027369999999999982,0.0030464999999999997,0.00056529999999999992,0.0037417999999999991,0.0013852999999999999,-0.0014684999999999998,-0.00084749999999999984,0.0013900000000000002,-0.00080550000000000001,-0.0012287999999999999,-0.00028019999999999998,0.00065570000000000005,0.00093519999999999996,-0.0028643000000000002,8.0000000000000129e-05,0.00035479999999999995,-0.00029210000000000011,-0.0021130000000000003,-0.0019442999999999999,-0.0036045000000000001,-0.0012007999999999999,0.003615699999999999,-0.0011347999999999998,0.0030670000000000003,0.0030701999999999999,0.00071629999999999979,0.00093150000000000014,-0.0029415999999999995,-0.0029453000000000001,-0.00067290000000000015,0.0067253999999999986,0.0013248000000000001,0.00098680000000000013,-0.00072830000000000019,-0.00047630000000000014,-0.0013366999999999999,-0.0010470000000000002,0.0023563999999999998,-0.0034136000000000001,0.0012139999999999998,2.4300000000000103e-05,-0.00088889999999999998,0.0051328000000000007,-0.0025522000000000001,0.0015063000000000003,0.00062000000000000011,-0.00043399999999999949,0.010399200000000001,-0.0033028000000000003,-0.00070319999999999996,0.0016831999999999999,0.0015417,-0.00069930000000000003,-0.0012799,-0.0013917999999999999,-6.9499999999999982e-05,0.00089010000000000001,-0.00083880000000000001,-0.00080850000000000008,0.0002154999999999999,-0.00091310000000000002,0.0001189,0.0021782999999999998,0.0013851000000000002,-0.0018477999999999997,-0.00092029999999999998,-0.0023679,-0.00051029999999999977,0.00014419999999999995,-0.0015030999999999998,0.0027814000000000003,-0.00050140000000000004,-0.00068499999999999995,-0.0016205999999999998,0.00021829999999999999,-0.0022093999999999998,0.0019508999999999998,-0.00083709999999999991,0.0029947000000000003,0.00088570000000000001,-0.0016169999999999999,0.0010869,-0.0010885000000000003,0.0021747999999999997,-0.0010801000000000001,0.0025238999999999999,-0.0029207999999999999,0.0018409000000000003,-0.0015114999999999998,-0.0007919,0.0010205000000000004,0.0005352,-0.00011079999999999998,-0.0028325999999999998,0.00019720000000000002,-0.0012672,-0.0020975999999999998,-0.0042889999999999994,0.00084470000000000009,0.0013060999999999999,0.0036990999999999999,0.0014070999999999999,-0.0026234000000000001,0.00091089999999999986,0.00021510000000000013,-0.0047330000000000002,0.00059869999999999986,0.0042045999999999993,-0.00031809999999999998,0.0050372999999999998,-0.0027269,0.0020785000000000001,-0.0009182000000000002,-0.0078781999999999984,0.0010061000000000002,-0.0013121999999999999,0.0045894999999999998,0.0022915000000000001,0.00065749999999999988,0.00079689999999999991,-0.0023257999999999994,0.00071349999999999994,0.00099629999999999988,-0.00088819999999999991,0.00099160000000000003,-0.0013036,0.0029978999999999995,-0.00093139999999999998,-0.0010173000000000001,0.0013155,-0.0012829999999999999,0.00058319999999999997,0.0010487000000000001,-0.0014089,0.00022769999999999984,0.0011967000000000002,-0.00016639999999999998,0.0005195,-0.0023330999999999998,-0.00075460000000000002,-0.0013463000000000001,0.0021213999999999998,-0.00072259999999999978,-0.0013114999999999999,0.0019335000000000001,0.002761,-0.0013771999999999999,-0.0034888999999999996,-0.0013155999999999999,-0.00026140000000000001,-0.0010497000000000002,-0.00052110000000000004,-0.00094680000000000003,0.0014161999999999998,1.2000000000000139e-05,0.00088889999999999987,-0.00067520000000000004,-0.0021177000000000001,0.000357,-0.0012359999999999999,0.0018277,-0.00014989999999999985,0.00084939999999999994,0.00081710000000000007,-0.00025200000000000005,0.0016669999999999999,0.0019967000000000001,-0.001993,-0.0019180999999999998,0.0028149999999999998,-0.00048539999999999998,0.0012738000000000001,-0.00097490000000000012,-0.0021583000000000001,0.0036167000000000005,-0.0020538999999999996,0.0020162000000000001,0.001787,0.00076050000000000011,0.00014909999999999988,-0.0029595999999999997,-0.0049306000000000003,-0.0010695000000000006,-0.0032531000000000001,-0.0010101000000000003,0.0022394999999999997,-0.0018404999999999997,0.0010297000000000006,-0.00027589999999999993,-0.00034430000000000007,0.0013160000000000001,-0.0041780999999999997,0.00022479999999999983
aug_between_class_right_pair0007_child07,TLE,1,1,Augmented,0,0,0,0,0,0.31243019999999999,1.9491026,1.9999999999999994e-07,-9.9999999999999995e-07,1.9999999999999994e-07,1.0625836,0,0.045138199999999996,-0.13808099999999998,0.015493000000000002,0.10218719999999999,-0.094952599999999998,0.08229779999999999,0.005643600000000003,0.0054404000000000015,-0.012097799999999999,-0.10367119999999999,0.34415519999999999,-0.076268600000000006,-0.0323518,0.096120199999999989,-0.006911399999999999,-0.019586200000000002,-0.0084793999999999998,-0.0578288,0.018959799999999999,0.049919400000000003,-0.052753000000000001,0.010428,-0.099839399999999995,0.017328400000000001,0.048658599999999996,0.00026699999999999988,0.019070999999999998,0.035620199999999998,-0.0651896,0.051663200000000006,-0.057243599999999999,-0.093139200000000005,0.12493639999999999,-0.0502248,0.18702460000000001,-0.032812999999999995,0.0068183999999999996,-0.00080980000000000006,-0.0029877999999999997,-0.0178344,-0.00011200000000000077,0.028798999999999998,-0.0037905999999999999,-0.010981000000000001,-0.0087682000000000003,-0.014355,0.001389399999999999,0.024942199999999998,0.020346400000000001,0.0123698,-0.0097015999999999995,-0.00042119999999999994,0.0224694,-0.026037999999999999,-0.00024020000000000031,0.0032290000000000001,-0.0038477999999999993,0.050331000000000001,-0.0917578,-0.0042897999999999999,-0.024589399999999997,-0.069800200000000007,0.023279000000000001,0.00061879999999999997,0.00050180000000000005,0.016257399999999998,0.0016305999999999994,-1.5199999999999936e-05,-0.0056860000000000001,0.0092031999999999999,0.0116366,-0.0066921999999999997,0.0040864000000000004,0.0011137999999999999,-0.019650600000000001,0.0033934,0.0078750000000000001,0.0190408,0.007598999999999999,-0.0147236,0.031442400000000002,-0.020131800000000002,-0.016633200000000001,0.0058674000000000009,0.0056877999999999998,-0.0036617999999999998,0.0020707999999999994,-0.0042137999999999993,0.0084994000000000007,-0.019976799999999999,0.0030022000000000004,0.0194456,-0.0015444000000000005,0.0179308,-0.010921799999999999,0.0030332000000000002,0.0032347999999999999,-0.00023360000000000004,-0.0049441999999999993,0.011525000000000001,-0.0065122000000000001,-0.0051401999999999993,-0.00057800000000000006,0.0075694000000000004,-0.0075827999999999989,-0.0080411999999999983,0.0063860000000000002,0.011215000000000001,0.0057809999999999997,0.0050716000000000008,0.0047463999999999996,-0.0055079999999999999,0.0053304000000000008,-0.0068274,0.011700200000000001,0.00095580000000000014,-0.0062608000000000004,0.0123564,-0.0042640000000000004,0.0089698,-0.0083299999999999989,-0.0021501999999999997,0.0095289999999999993,0.0130236,-0.008924399999999999,0.010042799999999999,-0.016109600000000002,-0.0065839999999999996,-0.0141104,-0.0074716000000000001,-0.0010372000000000003,0.0052152000000000006,-0.0081696000000000008,-0.0018965999999999998,-0.014795200000000001,1.0999999999999942e-05,0.00099400000000000009,-0.00023040000000000007,0.0044182000000000006,0.00060080000000000029,-0.0048418000000000003,0.0017177999999999998,-0.0043357999999999999,0.0039843999999999999,-0.00050219999999999996,0.00055499999999999994,0.00088980000000000005,-0.0013458000000000001,-0.0021372000000000001,0.00070419999999999966,-0.0032041999999999999,-0.0030717999999999995,-0.0081028000000000003,-0.0020888,0.0055043999999999996,-0.0028975999999999997,-0.0016497999999999997,-0.0010868,0.0002400000000000002,-0.005241,-0.00091080000000000002,-0.0108082,0.0001651999999999999,0.0036633999999999998,0.0093911999999999989,0.0065176000000000001,-0.0028704000000000004,0.00033540000000000024,0.0085413999999999993,0.0019962000000000001,0.0036039999999999996,0.015061999999999999,-0.0070732,-0.0020292000000000001,-0.013932199999999999,0.0026086000000000008,0.0074915999999999993,-0.0114118,0.0085076000000000006,-6.0200000000000054e-05,-0.0019764000000000001,0.0012281999999999998,-0.0024152000000000002,-0.0003252000000000001,0.00039239999999999989,0.00079900000000000023,0.00016800000000000018,-0.0042036,0.0028101999999999997,0.0024818000000000002,-0.0022392000000000002,0.0018732000000000002,0.00019319999999999993,-0.00055479999999999982,-0.0022765999999999997,-0.0037696000000000006,0.00051420000000000014,-0.0005133999999999999,-0.0047514000000000011,0.0051196000000000002,0.0035534,-0.0052437999999999999,-0.0048706000000000001,4.3399999999999862e-05,-0.00087000000000000055,-0.0018996,0.0020192000000000001,0.0070689999999999998,0.0011951999999999996,-0.00024459999999999987,0.0030156000000000002,-0.0010896,-0.0056148000000000005,0.0017664,0.0077509999999999992,0.0016048000000000006,0.0011106000000000002,0.0032318,-0.0019979999999999993,-0.008506399999999999,0.0078682000000000023,0.0045377999999999998,-0.0011992000000000001,0.0021738,0.00037760000000000007,0.0086255999999999989,-0.00055860000000000111,0.0029290000000000002,0.0010555999999999994,-0.0052087999999999995,-1.5600000000000162e-05,0.0019488000000000001,-0.0025256000000000002,0.0012132000000000002,-0.0022710000000000004,0.00020560000000000044,0.00028160000000000012,0.0013606,7.319999999999999e-05,0.00067159999999999995,0.00036359999999999995,-0.00032840000000000001,0.0031029999999999999,0.0034785999999999992,-0.0023882000000000005,0.00076960000000000006,0.0010364000000000005,0.0020651999999999997,0.0045517999999999999,-0.004718,-0.0015800000000000005,0.00053379999999999975,-0.0011827999999999997,0.0031494000000000001,-0.0054608,0.00096240000000000008,0.0035540000000000007,-0.0034412000000000002,-0.0015974000000000006,0.0012591999999999998,-0.0016442,0.0039610000000000001,0.0020621999999999997,0.0011066000000000006,-0.00014619999999999998,0.00056720000000000013,-0.0015793999999999999,-0.00098780000000000027,0.00015540000000000009,0.0041074000000000006,0.0025755999999999999,-0.0056638000000000001,0.00011359999999999983,-9.2599999999999974e-05,0.0074401999999999992,-0.0048724000000000007,-0.0031320000000000002,-0.0028466000000000003,-0.0010406000000000005,-0.0030330000000000001,0.0040176000000000005,-0.0046198000000000003,0.0031142000000000001,0.011857799999999998,-0.0030357999999999991,0.0059071999999999996,-0.0075797999999999994,0.0025228000000000004,-0.00011459999999999986,-0.00039599999999999992,0.00010280000000000001,0.0020499999999999997,-0.00023900000000000001,-0.00085999999999999998,-0.0001384,0.0022732000000000004,-0.0007673999999999999,0.00092939999999999993,0.0014279999999999998,-0.0010823999999999999,0.0034212000000000001,0.0015216000000000001,0.00049280000000000005,0.0032699999999999995,0.00062819999999999998,0.0039441999999999993,0.0012861999999999999,-0.0015669999999999998,-0.0012390000000000001,0.001261,-0.00085700000000000001,-0.0013512000000000001,-6.9799999999999637e-05,0.00049379999999999986,0.00057979999999999967,-0.0029611999999999998,-8.1000000000000044e-05,0.00033619999999999982,-2.9399999999999739e-05,-0.002202,-0.0022362000000000003,-0.0035590000000000005,-0.0011252,0.0040568000000000002,-0.0011432,0.0029520000000000002,0.0034487999999999993,0.00089320000000000024,0.00072099999999999985,-0.0029163999999999995,-0.0032122000000000001,-0.00048359999999999988,0.0073285999999999994,0.0013632000000000002,0.00088619999999999953,-0.00058819999999999988,-0.00013819999999999978,-0.0011947999999999998,-0.00084299999999999978,0.0025146000000000005,-0.0035203999999999999,0.001274,-9.5800000000000052e-05,-0.0010706000000000001,0.0059772000000000011,-0.0024998000000000004,0.0014781999999999998,0.00055999999999999995,-0.00065400000000000007,0.0110028,-0.0028191999999999996,-0.00072780000000000002,0.0016707999999999998,0.0016498000000000003,-0.00074420000000000009,-0.0011686000000000001,-0.0013852000000000001,-8.7999999999999971e-05,0.00081939999999999997,-0.00086920000000000009,-0.00097600000000000041,0.00041800000000000013,-0.00091139999999999993,0.0001206,0.0026252000000000003,0.0013304,-0.0022262000000000002,-0.00086019999999999988,-0.0023536,-0.0005361999999999997,0.00023780000000000001,-0.0017644000000000002,0.0028636,-0.00068460000000000016,-0.00074899999999999999,-0.0014983999999999998,0.0002042,-0.0023015999999999996,0.0022415999999999998,-0.00092539999999999994,0.0028498000000000004,0.00068279999999999979,-0.001624,0.0012416,-0.0009059999999999999,0.0021651999999999999,-0.0012834000000000001,0.0024946,-0.0030782000000000006,0.0013175999999999999,-0.0015699999999999998,-0.00080060000000000005,0.0010129999999999998,0.00049079999999999979,-0.0001022000000000001,-0.0028403999999999999,0.00045680000000000004,-0.0012538000000000002,-0.0025954000000000003,-0.0043990000000000001,0.00055779999999999979,0.0013293999999999995,0.0039034,0.0016234000000000003,-0.0027316000000000003,0.0011716000000000001,-0.0001196000000000002,-0.0048500000000000001,0.00073380000000000006,0.0041373999999999994,-0.00047140000000000029,0.0050822000000000003,-0.0028885999999999998,0.0018960000000000001,-0.0006198,-0.0081168000000000004,0.00079939999999999992,-0.0012358,0.004561,0.0022100000000000006,0.00070899999999999999,0.00085359999999999993,-0.0025742,0.0006330000000000001,0.0011302,-0.00095579999999999992,0.00097540000000000007,-0.0013033999999999999,0.0032925999999999997,-0.0010636,-0.0010852000000000001,0.001245,-0.001176,0.00062880000000000021,0.0010788,-0.0016496,0.00038179999999999996,0.0011927999999999999,-9.3599999999999944e-05,0.00046799999999999999,-0.0024124000000000003,-0.00086239999999999993,-0.0012212,0.0019575999999999999,-0.00077940000000000008,-0.001346,0.0019820000000000003,0.0031280000000000006,-0.0015517999999999999,-0.0034985999999999997,-0.0012473999999999999,-0.0002296,-0.00099879999999999999,-0.00037239999999999994,-0.0011362000000000002,0.0018457999999999999,-0.00014300000000000001,0.00085359999999999982,-0.00060579999999999998,-0.0022427999999999997,0.00027499999999999996,-0.001263,0.0018058,-0.00035859999999999999,0.00080659999999999998,0.00072839999999999992,-0.00061400000000000018,0.0019059999999999999,0.0017807999999999999,-0.0019179999999999998,-0.0021904000000000003,0.0023249999999999998,-0.00064460000000000006,0.0013262,-0.00080359999999999991,-0.0020552000000000001,0.0035377999999999998,-0.0024885999999999997,0.0023608000000000001,0.0016969999999999999,0.00070399999999999998,0.00031240000000000044,-0.0031673999999999999,-0.0051234000000000002,-0.0012290000000000005,-0.0034314000000000002,-0.0005223999999999998,0.0022759999999999998,-0.0017560000000000002,0.00068979999999999996,-0.00032360000000000006,-0.00022919999999999996,0.0013270000000000001,-0.0048554000000000002,0.00044420000000000001
aug_between_class_right_pair0007_child08,TLE,1,1,Augmented,0,0,0,0,0,0.30853459999999999,1.9280428000000001,9.9999999999999995e-08,-9.9999999999999995e-07,9.9999999999999969e-08,1.0743593,0,0.043512599999999999,-0.1378645,0.016829,0.099485599999999993,-0.092869800000000002,0.082129899999999992,0.008442800000000002,0.0083737000000000013,-0.010626400000000001,-0.096172099999999996,0.3466726,-0.083642300000000003,-0.028927400000000002,0.0929151,-0.0060831999999999995,-0.019186600000000002,-0.0089852000000000005,-0.059174900000000002,0.017675400000000001,0.051218199999999998,-0.054169999999999996,0.0100085,-0.1010337,0.018510699999999998,0.048803300000000001,0.00068700000000000011,0.019123499999999998,0.037881100000000001,-0.065709299999999998,0.054520600000000002,-0.058163800000000002,-0.093199599999999994,0.12861219999999998,-0.0482724,0.18679080000000001,-0.033151,0.0070651999999999998,-0.00094640000000000002,-0.0021484000000000008,-0.019299699999999999,-0.0008445000000000002,0.028906999999999999,-0.0036058000000000002,-0.011587500000000001,-0.0091051000000000014,-0.013714500000000001,0.00063319999999999869,0.023024099999999999,0.0217147,0.0123149,-0.0099977999999999994,-0.00024360000000000001,0.022199200000000002,-0.025594499999999999,-0.0013446,0.00347,-0.0021573999999999994,0.051097500000000004,-0.092724399999999998,-0.0040729,-0.025549700000000002,-0.070856600000000006,0.024933,0.00062440000000000011,0.00053039999999999999,0.0156822,0.0012687999999999996,-0.00028260000000000047,-0.0052510000000000005,0.0091305999999999991,0.0118423,-0.0071630999999999995,0.0040766999999999999,0.00086140000000000001,-0.019778299999999999,0.0031397,0.0078110000000000002,0.020304900000000001,0.0084709999999999994,-0.0146383,0.031995200000000001,-0.0197144,-0.016681100000000001,0.0069471999999999997,0.0058214000000000009,-0.0038883999999999993,0.0024633999999999993,-0.0024608999999999994,0.0093782000000000015,-0.019819400000000001,0.0033021000000000001,0.019211300000000001,-0.0023931999999999998,0.017437900000000003,-0.010527399999999999,0.0034946000000000005,0.0036429000000000001,-8.6300000000000092e-05,-0.0044610999999999991,0.0116645,-0.0066866,-0.0042166,-0.000562,0.0076811999999999991,-0.0076264000000000002,-0.0085795999999999997,0.0062309999999999996,0.011252,0.0057540000000000004,0.0048602999999999997,0.0039087000000000002,-0.0050080000000000003,0.0055512000000000009,-0.0073551999999999992,0.0115881,0.0017754000000000008,-0.0060974000000000002,0.0125027,-0.0039050000000000001,0.0087109000000000006,-0.0075884999999999998,-0.0019026,0.0090244999999999995,0.0132128,-0.0082757000000000004,0.010629400000000001,-0.015681799999999999,-0.0072025000000000006,-0.014052200000000001,-0.0066547999999999998,-0.0017136000000000009,0.0057311000000000003,-0.0082958000000000007,-0.0022202999999999997,-0.014894600000000001,-8.2000000000000042e-05,0.00125,-0.00058920000000000001,0.0043206,0.0010849000000000002,-0.0048358999999999997,0.0017334,-0.0042764000000000005,0.0039502000000000001,-0.00038960000000000015,0.00029149999999999988,0.00077540000000000009,-0.0015039000000000001,-0.0023276,0.0011105999999999996,-0.0028446000000000001,-0.0029943999999999995,-0.0082334000000000001,-0.0022949000000000003,0.0051961999999999998,-0.0027733000000000007,-0.0021008999999999997,-0.0010444000000000002,0.0002360000000000001,-0.0054619999999999998,-0.0012759000000000002,-0.010439100000000002,6.610000000000036e-05,0.0035006999999999998,0.0094150999999999992,0.0071062999999999994,-0.0022422000000000006,0.00060919999999999995,0.0086911999999999996,0.0019126,0.0035554999999999996,0.015100000000000002,-0.0070406000000000002,-0.0022026000000000007,-0.0142396,0.0037063000000000005,0.0075192999999999996,-0.010293400000000001,0.0084227999999999994,0.00020840000000000008,-0.0018142,0.0011030999999999999,-0.0024696000000000002,0.00011990000000000004,0.00014469999999999999,0.0011914999999999999,0.00038400000000000023,-0.0043633000000000005,0.0029015999999999998,0.0026189000000000004,-0.0024425999999999996,0.0016865999999999999,0.00016809999999999991,-0.00026739999999999994,-0.0017097999999999998,-0.0043463000000000009,0.00064160000000000009,-0.00032320000000000005,-0.0052782000000000003,0.0054362999999999998,0.0036876999999999999,-0.0056959000000000003,-0.0049867999999999996,-0.00046279999999999976,-0.001454,-0.0017887999999999999,0.0016731000000000001,0.0074559999999999991,0.0012310999999999997,-0.00069079999999999999,0.0030733000000000002,-0.0011053,-0.0058569,0.0018462000000000003,0.0078370000000000002,0.0024739000000000002,0.0012503000000000002,0.0029878999999999999,-0.001556500000000001,-0.0091357000000000001,0.0082241000000000015,0.0048809000000000005,-0.00084960000000000005,0.0019913999999999999,0.00079680000000000029,0.0086337999999999988,0.00035169999999999993,0.0027360000000000002,0.0012252999999999995,-0.0050318999999999997,0.00068969999999999969,0.0022104,-0.0027477999999999999,0.0014121000000000003,-0.002588,0.00042430000000000028,0.0006002999999999999,0.0013248000000000001,7.36e-05,0.0006418000000000002,0.00015979999999999987,-0.00032470000000000003,0.0028254999999999999,0.0037832999999999994,-0.0025435999999999996,0.0011628000000000003,0.0013607000000000003,0.0020135999999999999,0.0044743999999999999,-0.0047080000000000004,-0.0018845000000000003,0.00022589999999999985,-0.0012874,0.0030366999999999998,-0.0055404,0.0010402,0.0036640000000000006,-0.0035046000000000001,-0.0016932000000000002,0.00099409999999999971,-0.0013375999999999998,0.0040994999999999998,0.0019960999999999998,0.0016583000000000004,-7.7100000000000085e-05,0.00074560000000000013,-0.0018362000000000005,-0.00098840000000000017,0.00041370000000000014,0.0044297,0.0024203000000000002,-0.0058944000000000002,-0.00043520000000000017,-0.00011230000000000007,0.0082325999999999996,-0.0047962000000000005,-0.0035340000000000007,-0.0032273000000000002,-0.0015873000000000003,-0.0024494999999999999,0.0045187999999999999,-0.0052183999999999998,0.0031016000000000004,0.0109804,-0.0034564000000000001,0.0050915999999999999,-0.0074623999999999992,0.0028204000000000003,0.00012970000000000017,-0.00029149999999999998,4.1899999999999988e-05,0.0022725000000000002,-0.00041650000000000004,-0.00088699999999999998,-9.5699999999999887e-05,0.0024426000000000005,-0.00062869999999999994,0.00062069999999999985,0.0013500000000000001,-0.00087419999999999989,0.0032581000000000003,0.0016777999999999999,0.00071190000000000012,0.0034934999999999996,0.00069109999999999994,0.0041465999999999994,0.0011871000000000002,-0.0016654999999999999,-0.0016305,0.001132,-0.00090850000000000002,-0.0014736,0.00014060000000000006,0.00033189999999999994,0.00022439999999999971,-0.0030580999999999998,-0.00024199999999999995,0.00031759999999999991,0.0002333000000000003,-0.0022910000000000005,-0.0025281000000000001,-0.0035135000000000001,-0.0010495999999999999,0.0044979,-0.0011516000000000002,0.0028370000000000001,0.0038273999999999999,0.0010701,0.00051049999999999989,-0.0028912,-0.0034791000000000002,-0.00029429999999999994,0.0079317999999999975,0.0014016000000000002,0.0007855999999999998,-0.0004481,0.00019990000000000003,-0.0010529000000000001,-0.00063900000000000003,0.0026728000000000003,-0.0036271999999999997,0.0013339999999999999,-0.00021589999999999999,-0.0012523,0.0068216000000000014,-0.0024474000000000002,0.0014500999999999993,0.00049999999999999979,-0.00087399999999999978,0.011606399999999999,-0.0023355999999999997,-0.00075240000000000007,0.0016583999999999998,0.0017579000000000002,-0.00078910000000000015,-0.0010572999999999999,-0.0013785999999999998,-0.00010650000000000001,0.00074870000000000004,-0.00089960000000000018,-0.0011435000000000002,0.00062050000000000007,-0.00090969999999999994,0.00012229999999999999,0.0030720999999999999,0.0012757000000000003,-0.0026045999999999999,-0.00080009999999999999,-0.0023392999999999999,-0.00056209999999999984,0.00033140000000000003,-0.0020257000000000001,0.0029458000000000002,-0.00086780000000000017,-0.00081299999999999992,-0.0013761999999999999,0.00019010000000000001,-0.0023937999999999997,0.0025322999999999999,-0.0010137,0.0027049000000000001,0.00047990000000000001,-0.0016309999999999999,0.0013963000000000001,-0.00072350000000000008,0.0021556000000000001,-0.0014867000000000005,0.0024653000000000001,-0.0032356000000000004,0.00079429999999999995,-0.0016284999999999997,-0.00080929999999999999,0.0010055000000000001,0.00044639999999999985,-9.3599999999999998e-05,-0.0028482,0.00071640000000000028,-0.0012404,-0.0030931999999999999,-0.0045089999999999991,0.00027089999999999986,0.0013527000000000003,0.0041077000000000006,0.0018397000000000001,-0.0028398,0.0014323000000000001,-0.00045430000000000004,-0.0049670000000000009,0.00086889999999999992,0.0040701999999999995,-0.00062470000000000017,0.0051271000000000008,-0.0030503000000000001,0.0017135,-0.00032140000000000001,-0.0083553999999999989,0.00059269999999999993,-0.0011593999999999999,0.0045325000000000001,0.0021285000000000002,0.00076049999999999989,0.00091029999999999995,-0.0028225999999999998,0.00055250000000000004,0.0012641,-0.0010234,0.0009592,-0.0013032,0.0035872999999999999,-0.0011958000000000001,-0.0011531,0.0011745,-0.0010689999999999999,0.00067440000000000013,0.0011089000000000003,-0.0018902999999999999,0.00053589999999999996,0.0011889000000000001,-2.0799999999999963e-05,0.00041649999999999999,-0.0024916999999999999,-0.00097020000000000006,-0.0010961,0.0017937999999999999,-0.00083620000000000016,-0.0013805,0.0020305000000000002,0.0034949999999999998,-0.0017264000000000001,-0.0035082999999999998,-0.0011792,-0.00019779999999999998,-0.0009479,-0.00022369999999999996,-0.0013256000000000003,0.0022753999999999999,-0.00029799999999999998,0.0008183,-0.00053640000000000003,-0.0023679,0.00019300000000000003,-0.0012900000000000001,0.0017838999999999999,-0.00056729999999999997,0.00076380000000000003,0.00063969999999999999,-0.00097600000000000009,0.0021449999999999998,0.0015649000000000001,-0.0018429999999999998,-0.0024627,0.0018349999999999998,-0.00080380000000000002,0.0013786,-0.00063230000000000003,-0.0019521,0.0034589000000000004,-0.0029232999999999998,0.0027054000000000002,0.0016070000000000001,0.00064750000000000007,0.00047570000000000012,-0.0033751999999999996,-0.0053162000000000001,-0.0013885000000000004,-0.0036097,-3.4699999999999868e-05,0.0023125000000000003,-0.0016715000000000002,0.00034990000000000021,-0.00037129999999999997,-0.00011409999999999998,0.001338,-0.0055326999999999998,0.00066359999999999998
aug_between_class_right_pair0008_child01,Healthy,0,0,Augmented,0,0,0,0,0,0.30646119999999999,2.0216360999999998,9.9999999999999995e-07,-9.9999999999999995e-08,9.9999999999999995e-07,1.0461875,0,0.033203200000000002,-0.14879890000000001,0.028245200000000002,0.086265800000000004,-0.080765000000000003,0.067194100000000007,0.00096339999999999967,0.0145519,-0.042065000000000005,-0.087199800000000008,0.34975980000000001,-0.10626039999999999,-0.0336032,0.086440199999999995,-0.0005478000000000002,-0.0162659,-0.0020302000000000002,-0.057005899999999998,0.014114400000000001,0.0312026,-0.047784599999999997,0.0059180999999999999,-0.1026488,0.0075415999999999999,0.047069399999999997,-0.018439500000000001,-0.00056260000000000164,0.016884200000000002,-0.044890100000000002,0.052869300000000008,-0.075137599999999999,-0.042228399999999999,0.101797,-0.040935199999999998,0.22142780000000001,-0.054368399999999997,0.0075539000000000005,-0.0035907999999999999,-0.012106800000000001,-0.014237000000000001,0.0047833000000000007,0.037002399999999998,-0.0011663999999999997,-0.0107356,-0.017943299999999999,-0.0208717,0.015659099999999999,0.028600400000000002,0.031205399999999998,0.0113756,0.0029174000000000005,-0.0088957999999999988,0.022421500000000004,-0.035856199999999998,0.0055647000000000005,0.00013560000000000026,0.0022488,0.026002900000000002,-0.094667799999999996,-0.014387299999999999,-0.026677300000000001,-0.017923700000000001,0.0106064,0.00077989999999999982,0.00041290000000000001,0.024169099999999999,0.013430299999999999,-0.0016602000000000006,-0.0090718999999999991,0.0023184000000000008,0.0077916000000000001,-0.0050892999999999997,0.0056752,0.0068531000000000009,-0.023658600000000002,0.0026909999999999998,0.0036345999999999995,0.007728200000000001,-0.0070780000000000001,-0.010563700000000001,0.020135499999999997,-0.0041527000000000005,-0.0064824000000000001,-0.0057984999999999998,-0.011179399999999999,0.0046623000000000003,-0.0086015999999999992,-0.010120800000000001,0.0099109999999999997,-0.0102182,0.0047851999999999999,0.0146573,-0.00020849999999999992,0.025345100000000002,-0.022291499999999999,0.0051829000000000007,0.00086729999999999999,-0.0012664,-0.0070257000000000002,0.0105673,-0.0050489000000000003,0.00059399999999999991,0.0013735000000000002,0.0039440999999999999,-0.0061053000000000001,-0.0060255000000000005,0.0037529999999999998,0.015709000000000001,0.0040308000000000002,0.0005306,0.0176218,-0.0046313999999999999,0.00065539999999999956,-0.010338399999999999,0.0022731999999999995,-0.0043054,0.001478199999999999,0.012671,-0.0094868999999999995,0.0013933999999999999,-0.0121177,-0.0043058000000000003,0.0013403000000000009,0.0015551999999999996,0.0041345999999999996,0.010089899999999999,-0.0087870999999999991,-0.00041279999999999963,-0.019791300000000001,-0.00379,0.0062085999999999999,-0.0052845000000000001,-0.00012119999999999999,-0.0038854000000000002,0.0051441000000000004,-0.0027878,-0.0010102000000000002,0.0011390000000000003,-0.00062050000000000017,0.0028006000000000003,-0.0075338999999999996,0.0014142000000000002,-0.0066425000000000008,-0.00032899999999999987,0.0047685999999999996,0.0022542999999999999,0.00072879999999999993,0.0032538000000000007,-0.0011473999999999996,-0.0030332000000000002,-0.0023806000000000001,-0.0010342000000000001,-0.0030144999999999998,-0.0044958000000000003,0.010917699999999999,0.0046318000000000002,-0.0026343,-0.0059071000000000002,-0.0037794999999999999,-0.0127866,0.00036709999999999998,-0.0114824,0.0053363000000000004,0.0024867999999999999,0.0027280000000000004,0.0026643000000000001,-0.0098725000000000011,0.0013171000000000001,0.010506400000000001,-0.00045410000000000025,0.0069524999999999995,0.0061993000000000005,-0.0083808000000000007,-0.003552200000000001,-0.019910999999999998,-0.0032859000000000005,0.0038944000000000001,-0.0041672999999999997,0.0095797,-0.0038871000000000001,-0.00095370000000000003,0.00085850000000000011,-0.0039627000000000004,-0.00011899999999999997,0.0021615000000000002,0.0051851000000000006,-0.00028809999999999996,-0.0025688,-0.00070009999999999994,0.0019497999999999998,-0.0045113999999999996,-0.00020210000000000003,0.00056349999999999998,0.0017642999999999999,-0.0013633,0.0016853999999999999,0.0019784999999999998,-0.0044075,-0.0029249000000000002,-0.00045750000000000001,6.1399999999999866e-05,-0.0077455999999999992,-0.0030109000000000004,0.0061869999999999998,0.0053182999999999998,3.0300000000000032e-05,-0.0014153000000000002,0.0050922000000000007,-0.0039817000000000003,0.0075643000000000004,0.0015784999999999998,-0.00097359999999999992,-0.0024033000000000001,0.0030331000000000004,0.0065957000000000003,-0.0059674000000000003,-0.0058236,0.0038877999999999998,0.0062589000000000013,-0.0048051999999999999,0.0028238999999999998,-0.00028100000000000022,0.0013310000000000002,0.00022139999999999985,-0.0030975999999999998,0.0042487000000000002,-0.0093192000000000014,0.0049846999999999999,-0.0118914,-0.0037406000000000002,-0.0072505,0.0036128000000000002,7.5100000000000253e-05,1.6400000000000019e-05,0.00055550000000000022,-0.0018630000000000001,-0.0028114000000000004,-0.0008675,-0.00052130000000000004,-0.00027899999999999995,-0.0014866000000000002,0.00071650000000000012,0.0021706,-0.0013037000000000001,0.00080480000000000005,-0.0026637000000000002,-0.0018664000000000003,0.00049889999999999982,0.0069937999999999997,-9.7999999999999129e-06,0.0012229000000000001,0.0003993,-0.0013818999999999995,0.001753,-0.0080729000000000009,0.0022093,0.0028044999999999997,-0.0038111,0.0012097,0.0043939000000000009,-0.0064079999999999988,0.0030769,-0.0032300000000000002,-0.00029250000000000044,-0.0032286999999999997,-0.00036870000000000002,0.011520899999999999,0.0042261000000000009,-0.0015238000000000001,0.0006226999999999999,-0.0016169999999999997,-0.0023927000000000002,0.0056615999999999993,-0.0033170999999999999,0.0074426000000000006,-0.0015617000000000001,0.0049746999999999994,-0.0058665999999999996,-0.0035834999999999999,-0.0070193,0.0029537000000000001,-0.0068925000000000011,0.0052478999999999998,0.0093650000000000001,-0.00078650000000000009,0.0088072000000000011,-0.0155917,-0.00066119999999999981,0.0004837000000000001,0.00028740000000000005,0.0018474999999999998,0.0013608000000000001,0.00076899999999999994,0.0006954000000000001,-0.00050710000000000013,0.0014084,-0.0021784999999999999,-0.00084940000000000005,0.0015661,-0.0016589,-0.00050000000000000001,0.0011252999999999999,-0.00022720000000000002,-0.0025015999999999997,-0.00036790000000000005,0.0018089000000000002,0.0012627000000000001,-0.00081139999999999999,-0.0032139999999999998,0.00044939999999999997,-0.0020742,-0.0017425000000000001,0.00040620000000000022,0.0011303999999999999,0.00028950000000000015,-0.0019497,-0.00079000000000000001,-0.0018042000000000002,-0.0026324,-0.00045160000000000003,0.0024476000000000003,-2.2700000000000064e-05,0.0011971000000000002,-0.003186,0.0010275999999999998,0.0017305999999999997,-1.6799999999999866e-05,-0.0020005999999999999,0.0042096000000000008,0.0013539999999999997,0.0002206,0.00058519999999999991,0.00033969999999999964,0.00056139999999999966,6.4000000000000255e-05,-0.00078949999999999995,0.0028971999999999999,-0.0024452000000000002,-0.00079039999999999991,0.0038521000000000002,-0.0015,0.0029399999999999999,0.0024056999999999998,-0.0014646000000000001,0.00044609999999999984,-0.0018708000000000002,0.0091979999999999996,-0.0022448000000000004,0.0022843999999999998,0.008018299999999999,-0.0027804000000000001,-0.0013236000000000001,0.00041009999999999999,0.00088000000000000014,0.0008095,1.7600000000000048e-05,-0.0039198999999999996,0.00019319999999999998,-0.0016762000000000003,0.0017979000000000001,0.00092209999999999981,0.00063009999999999997,-0.00060040000000000007,0.0011819999999999999,0.0010277999999999999,0.00085019999999999996,-0.0010731,-0.00084409999999999997,0.00064299999999999991,0.0006912,0.0014319000000000001,-0.0015498,0.0016658000000000003,-0.00058069999999999997,-0.0026116000000000004,-0.0018324000000000001,-0.0030907999999999999,0.00050619999999999994,-0.0013697999999999996,-0.00026140000000000001,0.0011822,0.0015661,-0.00086019999999999998,0.0014326,-0.0018087000000000001,-0.00051710000000000005,0.0038763999999999999,0.0018780000000000001,-0.0016467999999999999,0.0037828000000000002,0.0011024999999999997,-0.0023831999999999998,-0.0009147999999999999,-0.0033778000000000002,0.0016553,0.0016901000000000004,-0.00045470000000000005,0.00014980000000000001,-0.0018220000000000001,-0.00099029999999999995,0.0028433000000000004,-0.0025276000000000001,0.00014080000000000017,0.0020853999999999998,-0.00066760000000000007,0.0011081000000000001,-7.2900000000000037e-05,-0.0046201999999999997,-0.00050320000000000009,0.0017438000000000002,0.0031849999999999999,0.0015032000000000001,-0.0033968000000000002,0.0029632,0.0042418000000000004,-0.0020550999999999998,0.0043159999999999995,0.0026134000000000005,0.0021102,-0.0028300000000000001,0.00067680000000000008,-6.8500000000000039e-05,-3.3600000000000058e-05,-0.00058029999999999996,-3.79e-05,0.00089709999999999985,-0.0011498000000000001,0.00080820000000000002,0.00033390000000000004,-0.0010022999999999998,0.00046260000000000013,0.00030659999999999997,-0.0019838999999999998,-0.00092330000000000005,-0.001193,0.00018080000000000006,-0.00021220000000000001,0.0014207999999999998,0.00038329999999999999,0.00010329999999999999,-0.00043810000000000002,0.00075680000000000018,-0.0014133000000000001,0.0017420000000000001,0.0017217000000000001,-0.0011189000000000001,0.00089710000000000007,0.0021332999999999999,-0.00065790000000000011,-0.0010543,-0.00013179999999999998,3.4500000000000012e-05,-4.1900000000000043e-05,0.0019045000000000002,0.0029071000000000001,-0.0036565,-0.0027651000000000004,0.00024880000000000008,0.00014899999999999994,-0.0026724000000000001,0.0016214000000000003,0.00026550000000000006,0.0029405,-0.00031969999999999996,-0.00017720000000000008,0.0027055999999999998,-0.0033492999999999995,1.5800000000000059e-05,7.4000000000000037e-06,0.00019900000000000007,0.00025950000000000007,0.0056166000000000002,-0.0026329000000000001,3.7999999999999839e-05,-0.0029840000000000001,-0.00011869999999999996,0.0008943,-0.0015311000000000001,0.00060639999999999999,0.0018271000000000001,0.00031829999999999998,0.0009773999999999998,-0.00060829999999999999,-0.006073499999999999,0.0052876999999999993,-0.0026520999999999997,0.00068769999999999996,0.0021462,0.0030900000000000003,0.0031395000000000004,-0.0028570000000000002,-0.0016152,-0.0021391000000000001,-0.0016002,0.00066050000000000006
aug_between_class_right_pair0008_child02,Healthy,0,0,Augmented,0,0,0,0,0,0.30655739999999998,2.0537062000000001,1.0000000000000002e-06,-1.9999999999999999e-07,9.9999999999999995e-07,1.0369699999999999,0,0.035260399999999997,-0.1481228,0.026287399999999999,0.093359600000000001,-0.082721000000000003,0.068164200000000008,-0.00085720000000000024,0.0129658,-0.040372000000000005,-0.091455599999999998,0.34811160000000002,-0.1005978,-0.032227400000000003,0.085919399999999993,-0.0018575999999999992,-0.016454800000000002,-0.0021754000000000001,-0.056452799999999997,0.015128800000000001,0.029849200000000003,-0.0469532,0.0056232000000000001,-0.1014496,0.0067662,0.047083800000000002,-0.019696000000000002,6.2800000000000009e-05,0.0156594,-0.044056200000000004,0.051644600000000006,-0.07658319999999999,-0.042901800000000004,0.10169400000000001,-0.042873399999999999,0.2208396,-0.0540898,0.0080098000000000009,-0.0034356000000000005,-0.012331600000000002,-0.014522,0.0047156000000000003,0.037491799999999999,-0.00073879999999999996,-0.0106792,-0.017608599999999999,-0.0220804,0.016026200000000001,0.0290938,0.0294208,0.0115052,0.00073979999999999879,-0.0089925999999999999,0.021599,-0.037203399999999998,0.0039024000000000003,0.0021542000000000002,0.0016206000000000003,0.0244598,-0.092625600000000002,-0.0160866,-0.025465600000000001,-0.0149704,0.0094527999999999991,0.0003257999999999999,0.00066580000000000003,0.023711200000000002,0.0123126,-0.001035400000000001,-0.0088868000000000003,0.0029798000000000003,0.0076442000000000003,-0.0049585999999999996,0.0060984000000000003,0.0063542000000000008,-0.023583200000000002,0.0036949999999999995,0.003292199999999999,0.0076034000000000006,-0.007365,-0.010525400000000001,0.019599999999999999,-0.0049873999999999995,-0.0069788000000000003,-0.0066140000000000001,-0.010945799999999999,0.0051276000000000004,-0.0087612000000000002,-0.0099236000000000012,0.0094669999999999997,-0.0099294000000000014,0.0043563999999999999,0.015991599999999998,0.00049600000000000035,0.026052200000000001,-0.021474,0.0056908000000000011,0.00089959999999999997,-0.0016248,-0.0069654000000000001,0.010596600000000001,-0.0046978000000000002,-4.200000000000037e-05,0.0011679999999999998,0.0039272000000000005,-0.0058006000000000004,-0.0060689999999999997,0.0042430000000000002,0.015227000000000001,0.0037955999999999997,0.00038019999999999997,0.016293599999999998,-0.0049057999999999992,0.0008288000000000002,-0.010285799999999999,0.0031734000000000007,-0.0050798000000000006,0.00084640000000000062,0.01273,-0.0090367999999999993,0.0012367999999999997,-0.011788400000000001,-0.0044945999999999996,0.0018676000000000005,0.0013693999999999989,0.0042802000000000005,0.0088988000000000001,-0.0089382000000000003,-0.00086059999999999999,-0.018771599999999999,-0.0035919999999999997,0.0055371999999999999,-0.0054329999999999995,0.00021060000000000002,-0.0050758000000000001,0.0042032000000000016,-0.0026165999999999997,-0.00094439999999999997,0.001016,-7.0000000000002786e-06,0.0021662000000000001,-0.0073568000000000001,0.0013134000000000002,-0.0064810000000000006,-0.00021100000000000025,0.0042342000000000005,0.0020295999999999999,0.0011205999999999998,0.0032735999999999998,-0.0013737999999999999,-0.0031023999999999999,-0.0027222000000000001,-0.00085740000000000002,-0.0032450000000000001,-0.0040876000000000003,0.0105194,0.0042556,-0.0018926000000000001,-0.0059512000000000002,-0.0041980000000000003,-0.012770199999999999,0.00023119999999999998,-0.010807799999999999,0.0054686000000000005,0.0022246000000000002,0.0033690000000000005,0.0021546,-0.009613,0.0017592000000000003,0.010764800000000001,-0.00080220000000000009,0.0065030000000000001,0.0067506000000000007,-0.0089405999999999999,-0.0034554000000000017,-0.019207999999999999,-0.0026987999999999999,0.0041178000000000005,-0.0037085999999999998,0.0091593999999999998,-0.0036851999999999996,-0.00084040000000000004,0.00080100000000000006,-0.0038134000000000002,-0.00078699999999999994,0.0021149999999999997,0.0052962000000000009,-0.00031819999999999998,-0.0026976000000000001,-0.00085319999999999992,0.0017535999999999999,-0.0038748000000000003,-0.0003012,0.0006510000000000001,0.0018786,-0.0018346,0.0013138,0.001843,-0.0046519999999999999,-0.0029578,-2.1684043449710089e-19,0.00029479999999999979,-0.0070981999999999998,-0.0032598000000000002,0.0061930000000000006,0.0052096,3.6599999999999914e-05,-0.0013306000000000001,0.0052344000000000002,-0.0039424000000000004,0.0079086000000000017,0.001707,-0.00079119999999999993,-0.0026456000000000001,0.0029022000000000006,0.0068824000000000003,-0.0055107999999999997,-0.0056342000000000007,0.0036616000000000001,0.0060898000000000002,-0.0052534000000000001,0.0025438000000000001,-0.00011000000000000007,0.00094800000000000006,8.7799999999999857e-05,-0.0032222000000000002,0.0047774000000000002,-0.0097584000000000004,0.0042713999999999998,-0.011795799999999999,-0.0038411999999999999,-0.0075180000000000004,0.0035746000000000003,-3.4799999999999762e-05,-0.00024319999999999995,0.00050700000000000051,-0.0017490000000000001,-0.0026527999999999999,-0.00071699999999999997,-0.00054560000000000003,-0.00028399999999999996,-0.0018552,0.0007620000000000002,0.0025612,-0.0014014000000000001,0.00074360000000000008,-0.0026324,-0.0018308000000000003,0.00045579999999999991,0.0065366,-0.00029359999999999976,0.0014828,3.6000000000000875e-06,-0.00094779999999999973,0.001861,-0.0082617999999999997,0.0018795999999999999,0.002689,-0.0036572000000000002,0.0012924,0.0042168000000000006,-0.0059309999999999996,0.0031597999999999999,-0.0035050000000000003,-0.00018199999999999987,-0.0035703999999999996,-0.00055939999999999994,0.0112278,0.0038572000000000007,-0.0012696000000000003,0.00024439999999999965,-0.0020749999999999996,-0.0020163999999999998,0.0053641999999999995,-0.0037652000000000002,0.0074032000000000004,-0.0016824000000000001,0.0048683999999999993,-0.0055881999999999998,-0.0035080000000000003,-0.0068016000000000005,0.0031254000000000004,-0.0062820000000000011,0.0052307999999999999,0.0088089999999999991,-0.00080000000000000036,0.0080403999999999996,-0.0157004,-0.00030340000000000033,0.00047840000000000014,0.00016680000000000002,0.0018479999999999998,0.00086660000000000003,0.00062899999999999989,0.0010208000000000001,-0.00041920000000000021,0.0013787999999999999,-0.0020930000000000002,-0.00072780000000000013,0.0015282,-0.0015248,-0.00044799999999999983,0.00081260000000000013,-0.00048740000000000003,-0.0023481999999999999,-0.00040080000000000004,0.0014768000000000001,0.0011694000000000001,-0.00097280000000000001,-0.0028160000000000004,0.00055380000000000002,-0.0020634,-0.0018900000000000002,0.00038840000000000012,0.0010998,0.00061100000000000021,-0.0016263999999999999,-0.0008470000000000002,-0.0014444000000000002,-0.0021418000000000001,-0.00047620000000000003,0.0020551999999999996,-0.00022139999999999985,0.0011081999999999999,-0.0031890000000000004,0.00087119999999999993,0.0016232,-0.00030159999999999996,-0.0020042000000000003,0.003924200000000001,0.0012179999999999999,2.1199999999999973e-05,0.00084040000000000004,0.00056240000000000023,0.00075680000000000018,2.6000000000000198e-05,-0.00096000000000000002,0.0026893999999999998,-0.0026023999999999999,-0.00098680000000000013,0.0033442000000000003,-0.0013320000000000001,0.0032829999999999999,0.0021703999999999998,-0.0011352000000000003,0.00012819999999999976,-0.0011975999999999998,0.0093919999999999993,-0.0028666000000000004,0.0025298,0.0075205999999999997,-0.0029098000000000001,-0.0011282000000000002,0.00039320000000000002,0.00069900000000000008,0.0010059999999999999,-5.6799999999999971e-05,-0.0035617999999999999,-8.0599999999999926e-05,-0.0015764000000000004,0.0016118,0.00078619999999999992,0.00047020000000000005,-0.00025479999999999996,0.00080400000000000003,0.00086460000000000009,0.00085740000000000002,-0.0010211999999999999,-0.00092719999999999999,0.00044799999999999983,0.0010164,0.0012998,-0.0017616000000000001,0.0013186000000000001,-0.00063940000000000004,-0.0025002000000000002,-0.0016168000000000001,-0.0028056000000000001,0.00060040000000000017,-0.00092459999999999981,-0.00011479999999999997,0.00094640000000000002,0.0015022,-0.00087039999999999991,0.0015402,-0.0019074000000000001,-0.00034720000000000009,0.0041208,0.002166,-0.0016665999999999999,0.0035056000000000002,0.0012920000000000002,-0.0024643999999999998,-0.0011226000000000001,-0.0032366000000000005,0.0017886,0.0017012000000000004,-0.00031539999999999997,5.4600000000000026e-05,-0.001933,-0.0010725999999999999,0.0026776,-0.0027602,0.00033859999999999988,0.0018087999999999999,-0.0008342,0.0012872000000000003,-0.00019080000000000008,-0.0045254000000000006,-0.0005214000000000001,0.0017716000000000001,0.0034789999999999999,0.0016613999999999999,-0.0034996000000000003,0.0027023999999999998,0.0035306000000000009,-0.0020652000000000001,0.0042830000000000003,0.0025368000000000005,0.0023093999999999996,-0.002676,0.00062960000000000012,-4.000000000000043e-06,-5.6200000000000065e-05,-0.00061859999999999997,-5.3800000000000007e-05,0.0010591999999999999,-0.0010416000000000002,0.00074740000000000006,0.00026579999999999996,-0.0010506000000000001,0.00027820000000000009,0.00029520000000000002,-0.0021067999999999998,-0.0008696,-0.00097900000000000005,0.00035060000000000007,-0.00026440000000000003,0.0012346000000000002,0.0003146,1.0599999999999987e-05,-0.00050819999999999999,0.00078960000000000011,-0.0014515999999999999,0.0017290000000000001,0.0017214000000000001,-0.0009368,0.00074620000000000003,0.0018496000000000001,-0.00068480000000000006,-0.00071159999999999995,-2.0599999999999999e-05,1.0000000000000108e-06,-0.00023180000000000005,0.0018090000000000001,0.0027271999999999999,-0.0037440000000000004,-0.0027422000000000006,0.00028760000000000005,0.00022600000000000018,-0.0025648000000000003,0.0017428000000000001,0.000261,0.0029030000000000002,-0.00034040000000000009,-0.00043340000000000023,0.0026402000000000001,-0.0032426,9.8600000000000066e-05,-3.1199999999999999e-05,0.00023100000000000009,0.00034800000000000011,0.0055462000000000003,-0.0024468000000000003,0.00011099999999999999,-0.0028150000000000002,-0.00017539999999999998,0.00097060000000000007,-0.0013062,0.00037680000000000005,0.0014062,0.00014460000000000005,0.00085579999999999988,-0.00072460000000000005,-0.0060260000000000001,0.0052963999999999997,-0.0022842000000000001,0.0010414000000000001,0.0021084000000000003,0.0025360000000000001,0.0030820000000000001,-0.0028580000000000003,-0.0017753999999999999,-0.0024461999999999999,-0.0014363999999999998,0.000785
aug_between_class_right_pair0008_child03,Healthy,0,0,Augmented,0,0,0,0,0,0.30665360000000003,2.0857763,9.9999999999999995e-07,-2.9999999999999993e-07,9.9999999999999995e-07,1.0277525000000001,4.1359030627651384e-25,0.037317599999999999,-0.14744670000000001,0.0243296,0.1004534,-0.084677000000000002,0.06913430000000001,-0.0026778000000000006,0.0113797,-0.038678999999999998,-0.095711400000000002,0.34646339999999998,-0.094935199999999997,-0.030851600000000003,0.085398599999999991,-0.003167399999999999,-0.016643700000000001,-0.0023205999999999999,-0.055899699999999997,0.0161432,0.028495800000000002,-0.046121799999999998,0.0053282999999999994,-0.10025039999999999,0.0059907999999999993,0.0470982,-0.020952499999999999,0.00068820000000000166,0.014434599999999999,-0.043222299999999998,0.050419900000000004,-0.078028799999999995,-0.043575200000000001,0.101591,-0.044811599999999993,0.22025139999999999,-0.053811199999999997,0.0084656999999999996,-0.0032804000000000002,-0.012556399999999999,-0.014807000000000001,0.0046478999999999999,0.0379812,-0.00031119999999999976,-0.0106228,-0.017273899999999998,-0.0232891,0.0163933,0.029587200000000001,0.0276362,0.011634800000000001,-0.0014378000000000012,-0.0090893999999999992,0.0207765,-0.038550599999999997,0.0022401000000000001,0.0041727999999999991,0.00099240000000000005,0.022916700000000002,-0.090583400000000008,-0.0177859,-0.024253900000000002,-0.012017099999999999,0.0082991999999999996,-0.00012829999999999997,0.00091870000000000016,0.023253299999999998,0.011194899999999999,-0.00041060000000000011,-0.0087016999999999997,0.0036412000000000007,0.0074967999999999996,-0.0048278999999999996,0.0065215999999999998,0.0058552999999999999,-0.023507800000000002,0.0046989999999999992,0.0029497999999999998,0.0074786000000000002,-0.0076519999999999999,-0.010487100000000001,0.019064499999999998,-0.0058221000000000002,-0.0074752000000000004,-0.0074294999999999995,-0.010712199999999998,0.0055928999999999996,-0.0089207999999999996,-0.0097263999999999996,0.0090229999999999998,-0.0096406000000000009,0.0039275999999999998,0.017325899999999998,0.0012005000000000002,0.0267593,-0.020656500000000001,0.0061986999999999997,0.00093190000000000005,-0.0019832000000000001,-0.0069051,0.010625900000000001,-0.0043467000000000002,-0.00067800000000000065,0.00096249999999999992,0.0039103000000000002,-0.0054958999999999997,-0.0061124999999999999,0.0047330000000000002,0.014744999999999999,0.0035604,0.00022979999999999995,0.0149654,-0.0051801999999999994,0.0010022000000000004,-0.0102332,0.004073600000000001,-0.0058542000000000004,0.00021459999999999969,0.012788999999999998,-0.0085866999999999992,0.0010801999999999999,-0.0114591,-0.0046833999999999999,0.0023949000000000002,0.0011835999999999999,0.0044257999999999988,0.0077076999999999988,-0.0090892999999999998,-0.0013083999999999995,-0.017751900000000001,-0.0033940000000000003,0.0048658,-0.0055814999999999997,0.00054240000000000017,-0.0062661999999999995,0.0032623000000000001,-0.0024453999999999999,-0.0008786,0.00089300000000000002,0.00060649999999999994,0.0015318,-0.0071796999999999989,0.0012125999999999999,-0.0063195000000000005,-9.2999999999999767e-05,0.0036998000000000001,0.0018048999999999999,0.0015124000000000001,0.0032933999999999997,-0.0016002,-0.0031716000000000001,-0.0030638000000000002,-0.00068060000000000017,-0.0034755000000000003,-0.0036794000000000002,0.010121099999999999,0.0038794000000000003,-0.0011508999999999998,-0.0059953000000000003,-0.0046164999999999999,-0.012753799999999999,9.5299999999999552e-05,-0.010133199999999998,0.0056008999999999998,0.0019624,0.0040100000000000005,0.0016449000000000004,-0.0093535000000000007,0.0022013000000000002,0.0110232,-0.0011502999999999997,0.006053499999999999,0.0073019000000000001,-0.0095003999999999991,-0.0033586000000000006,-0.018505000000000001,-0.0021116999999999998,0.0043411999999999999,-0.0032499,0.0087390999999999996,-0.0034832999999999995,-0.00072710000000000006,0.00074350000000000002,-0.0036641,-0.0014549999999999997,0.0020685,0.0054072999999999994,-0.00034830000000000001,-0.0028263999999999997,-0.0010062999999999999,0.0015574,-0.0032381999999999992,-0.00040029999999999997,0.0007384999999999999,0.0019928999999999997,-0.0023059000000000001,0.00094219999999999948,0.0017074999999999996,-0.0048964999999999998,-0.0029906999999999998,0.00045750000000000001,0.00052819999999999994,-0.0064507999999999996,-0.0035087,0.0061989999999999996,0.0051009000000000002,4.2899999999999796e-05,-0.0012458999999999997,0.0053766000000000005,-0.0039030999999999996,0.0082529000000000005,0.0018354999999999999,-0.00060879999999999994,-0.0028879000000000001,0.0027713000000000004,0.0071691000000000003,-0.0050542,-0.0054447999999999996,0.0034353999999999999,0.0059207000000000001,-0.0057015999999999994,0.0022637,6.100000000000029e-05,0.00056499999999999996,-4.5800000000000354e-05,-0.0033467999999999996,0.0053061000000000002,-0.010197600000000001,0.0035581000000000002,-0.011700199999999999,-0.0039417999999999996,-0.007785499999999999,0.0035364000000000003,-0.00014469999999999989,-0.00050279999999999997,0.00045849999999999992,-0.001635,-0.0024941999999999998,-0.00056649999999999995,-0.00056990000000000003,-0.00028900000000000009,-0.0022238000000000002,0.00080750000000000006,0.0029518000000000001,-0.0014991,0.0006824,-0.0026010999999999999,-0.0017952000000000001,0.00041269999999999989,0.0060794000000000004,-0.00057740000000000005,0.0017426999999999998,-0.00039209999999999983,-0.00051369999999999953,0.0019689999999999998,-0.0084507000000000002,0.0015498999999999999,0.0025734999999999998,-0.0035033,0.0013750999999999998,0.0040397000000000002,-0.0054539999999999979,0.0032427000000000003,-0.0037799999999999999,-7.1499999999999732e-05,-0.0039121,-0.00075009999999999996,0.0109347,0.0034883000000000002,-0.0010154000000000001,-0.00013390000000000016,-0.0025329999999999997,-0.0016401,0.0050667999999999998,-0.0042132999999999997,0.0073637999999999993,-0.0018031000000000002,0.0047621,-0.0053097999999999999,-0.0034324999999999998,-0.0065839000000000002,0.0032970999999999999,-0.0056715000000000003,0.0052136999999999999,0.0082529999999999999,-0.00081349999999999999,0.0072735999999999999,-0.0158091,5.4399999999999804e-05,0.00047310000000000017,4.6200000000000025e-05,0.0018484999999999999,0.00037239999999999994,0.00048899999999999996,0.0013462000000000001,-0.00033129999999999998,0.0013492000000000001,-0.0020074999999999997,-0.00060619999999999999,0.0014903,-0.0013907000000000001,-0.00039600000000000008,0.00049990000000000017,-0.00074759999999999996,-0.0021947999999999994,-0.00043369999999999997,0.0011447000000000002,0.0010761,-0.0011341999999999999,-0.0024180000000000004,0.00065820000000000006,-0.0020525999999999999,-0.0020374999999999998,0.00037060000000000001,0.0010692,0.00093250000000000017,-0.0013031,-0.00090399999999999996,-0.0010846,-0.0016511999999999998,-0.00050080000000000003,0.0016627999999999999,-0.00042010000000000007,0.0010192999999999999,-0.0031920000000000004,0.00071479999999999992,0.0015157999999999999,-0.00058639999999999994,-0.0020078000000000001,0.0036387999999999998,0.0010820000000000001,-0.00017820000000000005,0.0010955999999999997,0.00078509999999999995,0.00095220000000000005,-1.2000000000000075e-05,-0.0011305,0.0024815999999999996,-0.0027596000000000001,-0.0011831999999999999,0.0028362999999999999,-0.0011639999999999999,0.0036259999999999999,0.0019350999999999999,-0.00080580000000000007,-0.00018970000000000011,-0.00052439999999999952,0.009585999999999999,-0.0034884000000000009,0.0027751999999999998,0.0070228999999999995,-0.0030392000000000001,-0.00093279999999999991,0.00037629999999999999,0.00051800000000000012,0.0012025,-0.00013119999999999999,-0.0032036999999999999,-0.00035439999999999999,-0.0014766000000000002,0.0014257,0.00065029999999999981,0.00031029999999999995,9.0800000000000039e-05,0.00042599999999999995,0.00070140000000000003,0.00086459999999999998,-0.00096929999999999987,-0.0010103,0.00025299999999999975,0.0013416000000000001,0.0011676999999999998,-0.0019734000000000002,0.00097140000000000008,-0.00069809999999999989,-0.0023888,-0.0014012,-0.0025203999999999999,0.00069459999999999975,-0.00047939999999999962,3.1799999999999906e-05,0.00071060000000000003,0.0014383,-0.00088059999999999994,0.0016477999999999998,-0.0020060999999999998,-0.00017730000000000003,0.0043651999999999996,0.002454,-0.0016864000000000002,0.0032284000000000002,0.0014814999999999997,-0.0025455999999999999,-0.0013304,-0.0030953999999999999,0.0019218999999999998,0.0017122999999999999,-0.00017610000000000021,-4.0600000000000011e-05,-0.0020439999999999998,-0.0011548999999999999,0.0025119000000000001,-0.0029928000000000003,0.00053640000000000024,0.0015322000000000001,-0.0010008,0.0014663,-0.00030869999999999997,-0.0044305999999999998,-0.0005396,0.0017994,0.0037729999999999999,0.0018196,-0.0036024,0.0024415999999999999,0.0028194000000000006,-0.0020753,0.0042499999999999994,0.0024602000000000001,0.0025085999999999997,-0.0025219999999999999,0.00058240000000000006,6.049999999999998e-05,-7.8800000000000181e-05,-0.00065689999999999998,-6.9700000000000014e-05,0.0012212999999999996,-0.00093340000000000003,0.0006866000000000001,0.00019770000000000003,-0.0010988999999999999,9.3800000000000112e-05,0.00028379999999999996,-0.0022296999999999994,-0.00081589999999999994,-0.00076499999999999995,0.00052040000000000007,-0.0003166,0.0010483999999999999,0.00024590000000000001,-8.2100000000000044e-05,-0.00057830000000000002,0.00082240000000000004,-0.0014898999999999997,0.0017160000000000001,0.0017210999999999999,-0.00075470000000000008,0.0005953,0.0015658999999999998,-0.00071170000000000001,-0.00036890000000000002,9.059999999999998e-05,-3.2500000000000004e-05,-0.0004217,0.0017135,0.0025472999999999997,-0.0038315000000000003,-0.0027192999999999996,0.00032640000000000002,0.00030299999999999988,-0.0024571999999999997,0.0018641999999999999,0.00025650000000000005,0.0028655,-0.0003611,-0.00068959999999999985,0.0025748000000000004,-0.0031358999999999996,0.00018139999999999991,-6.9800000000000016e-05,0.000263,0.00043650000000000004,0.0054757999999999994,-0.0022607,0.00018400000000000003,-0.0026459999999999999,-0.00023210000000000003,0.0010468999999999999,-0.0010813000000000001,0.00014720000000000003,0.00098529999999999993,-2.9099999999999948e-05,0.00073419999999999996,-0.00084090000000000011,-0.0059784999999999994,0.0053051000000000001,-0.0019162999999999997,0.0013950999999999998,0.0020706000000000001,0.0019819999999999998,0.0030245000000000003,-0.002859,-0.0019356,-0.0027533000000000002,-0.0012725999999999998,0.00090950000000000004
aug_between_class_right_pair0008_child04,Healthy,0,0,Augmented,0,0,0,0,0,0.30674980000000002,2.1178463999999999,9.9999999999999995e-07,-3.9999999999999993e-07,9.9999999999999995e-07,1.018535,0,0.039374800000000001,-0.1467706,0.022371800000000001,0.10754720000000001,-0.086633000000000002,0.070104400000000011,-0.0044984000000000005,0.0097935999999999995,-0.036985999999999998,-0.099967200000000006,0.34481519999999999,-0.089272599999999994,-0.0294758,0.084877800000000003,-0.004477199999999998,-0.0168326,-0.0024658000000000002,-0.055346599999999996,0.017157600000000002,0.027142400000000001,-0.045290400000000001,0.0050333999999999995,-0.099051199999999992,0.0052154000000000002,0.047112599999999998,-0.022209,0.0013135999999999998,0.013209800000000001,-0.0423884,0.049195200000000001,-0.079474400000000001,-0.044248599999999999,0.10148800000000001,-0.046749800000000001,0.2196632,-0.0535326,0.0089216,-0.0031252000000000003,-0.0127812,-0.015092000000000001,0.0045801999999999995,0.038470600000000001,0.00011640000000000044,-0.0105664,-0.016939199999999998,-0.0244978,0.016760400000000002,0.030080599999999999,0.025851599999999999,0.011764400000000001,-0.0036154000000000013,-0.0091862000000000003,0.019954,-0.039897799999999997,0.00057779999999999941,0.0061913999999999997,0.00036419999999999985,0.0213736,-0.0885412,-0.019485200000000001,-0.023042199999999999,-0.0090637999999999969,0.0071456000000000002,-0.00058240000000000006,0.0011716000000000003,0.0227954,0.0100772,0.00021419999999999989,-0.0085165999999999992,0.004302600000000001,0.0073493999999999999,-0.0046971999999999995,0.0069447999999999992,0.0053563999999999999,-0.023432400000000003,0.0057029999999999997,0.0026073999999999993,0.0073538000000000006,-0.0079389999999999999,-0.010448800000000001,0.018529,-0.0066567999999999992,-0.0079716000000000006,-0.0082450000000000006,-0.010478599999999999,0.0060581999999999997,-0.0090804000000000006,-0.0095291999999999998,0.0085789999999999998,-0.0093518000000000004,0.0034987999999999994,0.018660199999999998,0.0019050000000000004,0.027466400000000002,-0.019839000000000002,0.0067066000000000001,0.00096420000000000002,-0.0023416000000000001,-0.0068447999999999998,0.0106552,-0.0039956000000000002,-0.0013140000000000001,0.00075700000000000019,0.0038934,-0.0051912,-0.006156,0.0052230000000000002,0.014263,0.0033251999999999999,7.9399999999999978e-05,0.0136372,-0.0054545999999999996,0.0011755999999999997,-0.0101806,0.0049738000000000004,-0.0066286000000000001,-0.00041720000000000038,0.012848,-0.0081366000000000008,0.00092360000000000012,-0.0111298,-0.0048722000000000001,0.0029222000000000007,0.00099780000000000008,0.0045714000000000006,0.0065166,-0.0092403999999999993,-0.0017561999999999999,-0.016732199999999999,-0.0031960000000000001,0.0041943999999999992,-0.0057299999999999999,0.00087419999999999989,-0.0074566000000000007,0.0023214000000000004,-0.0022742000000000001,-0.00081280000000000002,0.00077000000000000007,0.0012199999999999997,0.0008973999999999998,-0.0070025999999999994,0.0011118,-0.0061580000000000003,2.4999999999999849e-05,0.0031654000000000001,0.0015801999999999999,0.0019042000000000002,0.0033132000000000005,-0.0018266000000000001,-0.0032408000000000003,-0.0034054000000000003,-0.00050380000000000021,-0.0037060000000000001,-0.0032712000000000001,0.0097228000000000002,0.0035032000000000002,-0.0004091999999999997,-0.0060394000000000003,-0.0050349999999999995,-0.012737399999999999,-4.0600000000000011e-05,-0.0094585999999999993,0.0057332000000000008,0.0017001999999999998,0.0046510000000000006,0.0011352000000000003,-0.0090940000000000014,0.0026434000000000002,0.011281599999999999,-0.0014984000000000002,0.0056039999999999996,0.0078532000000000012,-0.010060200000000002,-0.0032618000000000005,-0.017802000000000002,-0.0015245999999999997,0.0045646000000000003,-0.0027911999999999998,0.0083187999999999995,-0.0032814000000000003,-0.00061380000000000007,0.00068599999999999998,-0.0035148000000000002,-0.0021229999999999999,0.0020219999999999999,0.0055184000000000006,-0.00037839999999999998,-0.0029551999999999998,-0.0011593999999999999,0.0013611999999999999,-0.0026015999999999999,-0.0004994,0.00082600000000000002,0.0021072,-0.0027772000000000005,0.00057059999999999988,0.0015719999999999996,-0.0051409999999999997,-0.0030236000000000004,0.00091499999999999991,0.00076159999999999986,-0.0058034000000000002,-0.0037575999999999998,0.0062049999999999996,0.0049922000000000005,4.9200000000000112e-05,-0.0011611999999999996,0.0055188000000000008,-0.0038638000000000006,0.0085971999999999993,0.001964,-0.00042640000000000006,-0.0031302000000000001,0.0026404000000000002,0.0074558000000000003,-0.0045975999999999994,-0.0052554000000000003,0.0032091999999999997,0.0057515999999999999,-0.0061498000000000004,0.0019835999999999999,0.00023200000000000022,0.00018200000000000009,-0.00017940000000000013,-0.0034713999999999999,0.0058348000000000002,-0.0106368,0.0028447999999999998,-0.0116046,-0.0040423999999999998,-0.0080529999999999994,0.0034981999999999999,-0.00025460000000000001,-0.00076239999999999999,0.00040999999999999999,-0.001521,-0.0023355999999999997,-0.00041599999999999992,-0.00059420000000000002,-0.00029400000000000004,-0.0025924000000000003,0.00085300000000000024,0.0033423999999999997,-0.0015968,0.00062120000000000003,-0.0025697999999999997,-0.0017596000000000001,0.00036959999999999998,0.0056221999999999999,-0.00086119999999999968,0.0020026000000000002,-0.00078779999999999996,-7.9599999999999766e-05,0.0020769999999999999,-0.0086396000000000008,0.0012202000000000001,0.0024580000000000001,-0.0033493999999999998,0.0014578,0.0038626000000000003,-0.0049769999999999988,0.0033256000000000002,-0.0040549999999999996,3.8999999999999972e-05,-0.0042538000000000003,-0.00094079999999999999,0.010641600000000001,0.0031194000000000005,-0.00076120000000000018,-0.00051219999999999998,-0.0029909999999999989,-0.0012637999999999998,0.0047694,-0.0046613999999999996,0.0073244,-0.0019238000000000002,0.0046557999999999999,-0.0050314000000000001,-0.0033569999999999997,-0.0063661999999999998,0.0034688000000000002,-0.0050610000000000004,0.0051965999999999991,0.007696999999999999,-0.00082700000000000004,0.0065067999999999992,-0.015917800000000003,0.00041220000000000015,0.00046779999999999999,-7.4400000000000033e-05,0.0018489999999999999,-0.00012180000000000003,0.00034899999999999992,0.0016715999999999999,-0.00024340000000000006,0.0013196,-0.0019219999999999999,-0.00048459999999999985,0.0014524,-0.0012566000000000001,-0.0003439999999999999,0.00018720000000000005,-0.0010078000000000001,-0.0020413999999999996,-0.00046660000000000007,0.00081260000000000013,0.00098280000000000004,-0.0012956000000000001,-0.0020200000000000001,0.0007626,-0.0020417999999999999,-0.0021849999999999999,0.0003527999999999999,0.0010386,0.0012540000000000003,-0.00097979999999999986,-0.00096099999999999994,-0.00072479999999999984,-0.0011606000000000001,-0.00052540000000000009,0.0012703999999999997,-0.00061879999999999997,0.00093039999999999996,-0.0031950000000000004,0.00055839999999999991,0.0014083999999999998,-0.00087119999999999993,-0.0020114,0.0033533999999999999,0.00094600000000000001,-0.00037760000000000002,0.0013508000000000001,0.0010078000000000001,0.0011475999999999999,-4.9999999999999914e-05,-0.0013010000000000001,0.0022738000000000003,-0.0029168000000000002,-0.0013795999999999999,0.0023284,-0.00099599999999999992,0.0039690000000000003,0.0016998,-0.0004764000000000002,-0.0005076000000000002,0.00014880000000000036,0.0097800000000000005,-0.0041102000000000005,0.0030206,0.0065252000000000001,-0.0031686000000000001,-0.00073740000000000003,0.00035940000000000001,0.00033700000000000001,0.0013990000000000001,-0.00020560000000000001,-0.0028455999999999993,-0.00062819999999999998,-0.0013768000000000003,0.0012396,0.00051439999999999982,0.00015039999999999997,0.00043640000000000009,4.7999999999999866e-05,0.00053819999999999996,0.00087180000000000005,-0.00091739999999999996,-0.0010934,5.7999999999999892e-05,0.0016668,0.0010356,-0.0021852,0.0006242000000000001,-0.00075679999999999996,-0.0022773999999999997,-0.0011856,-0.0022352000000000001,0.00078879999999999977,-3.4199999999999856e-05,0.0001784,0.00047479999999999983,0.0013744,-0.00089079999999999997,0.0017553999999999998,-0.0021048000000000004,-7.4000000000000172e-06,0.0046096000000000002,0.0027420000000000005,-0.0017061999999999999,0.0029512000000000002,0.0016709999999999997,-0.0026268000000000003,-0.0015382,-0.0029542000000000001,0.0020552000000000001,0.0017233999999999999,-3.6800000000000027e-05,-0.00013579999999999999,-0.0021549999999999998,-0.0012371999999999999,0.0023462000000000001,-0.0032253999999999998,0.00073420000000000007,0.0012555999999999997,-0.0011674000000000001,0.0016454000000000002,-0.00042660000000000007,-0.0043357999999999999,-0.00055780000000000001,0.0018272000000000002,0.0040670000000000003,0.0019778,-0.0037052000000000001,0.0021808000000000001,0.0021082000000000002,-0.0020853999999999998,0.0042170000000000003,0.0023836,0.0027077999999999998,-0.0023679999999999999,0.0005352,0.00012499999999999998,-0.00010140000000000008,-0.00069519999999999998,-8.5600000000000021e-05,0.0013834000000000001,-0.00082520000000000011,0.00062580000000000014,0.00012960000000000001,-0.0011471999999999999,-9.0599999999999952e-05,0.00027240000000000001,-0.0023525999999999998,-0.00076219999999999999,-0.00055099999999999984,0.00069020000000000008,-0.00036880000000000002,0.00086219999999999982,0.00017720000000000002,-0.00017480000000000007,-0.00064839999999999993,0.00085519999999999997,-0.0015282,0.0017030000000000001,0.0017208000000000002,-0.00057260000000000004,0.00044439999999999996,0.0012822,-0.00073860000000000006,-2.6199999999999878e-05,0.00020180000000000003,-6.6000000000000005e-05,-0.00061160000000000001,0.0016180000000000001,0.0023674,-0.0039190000000000006,-0.0026963999999999998,0.00036520000000000009,0.00037999999999999991,-0.0023495999999999999,0.0019856000000000001,0.000252,0.0028279999999999998,-0.00038180000000000012,-0.00094580000000000011,0.0025094000000000002,-0.0030292000000000001,0.00026420000000000008,-0.00010840000000000003,0.00029500000000000001,0.00052499999999999997,0.0054054000000000003,-0.0020745999999999998,0.00025699999999999996,-0.002477,-0.00028879999999999997,0.0011232,-0.00085639999999999989,-8.2399999999999889e-05,0.00056439999999999984,-0.00020279999999999997,0.00061259999999999982,-0.00095720000000000006,-0.0059310000000000005,0.0053138000000000005,-0.0015483999999999999,0.0017488,0.0020328,0.0014279999999999998,0.002967,-0.0028600000000000001,-0.0020957999999999997,-0.0030603999999999996,-0.0011087999999999998,0.0010340000000000002
aug_between_class_right_pair0008_child05,TLE,1,1,Augmented,0,0,0,0,0,0.3069422,2.1819866000000001,9.9999999999999995e-07,-5.9999999999999997e-07,9.9999999999999995e-07,1.0001,0,0.043489199999999999,-0.1454184,0.018456199999999999,0.1217348,-0.090545,0.0720446,-0.008139600000000002,0.0066214000000000004,-0.033600000000000005,-0.1084788,0.34151880000000001,-0.0779474,-0.0267242,0.0838362,-0.0070967999999999977,-0.017210400000000001,-0.0027561999999999999,-0.054240400000000001,0.019186399999999999,0.024435600000000002,-0.043627599999999996,0.0044435999999999998,-0.096652799999999997,0.0036645999999999988,0.0471414,-0.024722000000000001,0.0025643999999999997,0.010760200000000001,-0.040720600000000003,0.046745800000000004,-0.082365599999999997,-0.045595400000000001,0.101282,-0.050626199999999996,0.21848679999999998,-0.052975399999999999,0.0098334000000000008,-0.0028148000000000001,-0.013230800000000001,-0.015662000000000002,0.0044448000000000005,0.039449399999999996,0.00097159999999999998,-0.010453599999999999,-0.016269800000000001,-0.0269152,0.017494599999999999,0.031067400000000002,0.022282400000000001,0.012023600000000001,-0.0079706000000000013,-0.0093798000000000006,0.018308999999999999,-0.042592200000000004,-0.0027467999999999993,0.010228599999999997,-0.00089219999999999989,0.018287400000000002,-0.084456799999999999,-0.022883799999999996,-0.0206188,-0.0031571999999999989,0.0048384000000000005,-0.0014905999999999997,0.0016774000000000001,0.021879599999999999,0.0078417999999999995,0.0014637999999999999,-0.0081463999999999998,0.0056254000000000009,0.0070546000000000003,-0.0044358000000000002,0.0077911999999999999,0.0043585999999999998,-0.0232816,0.0077109999999999991,0.0019226,0.0071041999999999998,-0.0085129999999999997,-0.010372200000000002,0.017457999999999998,-0.0083261999999999989,-0.0089643999999999991,-0.0098759999999999994,-0.0100114,0.0069887999999999999,-0.0093995999999999993,-0.0091348000000000002,0.0076909999999999999,-0.0087741999999999994,0.0026411999999999998,0.021328799999999998,0.0033140000000000001,0.028880599999999999,-0.018203999999999998,0.0077224000000000008,0.0010287999999999999,-0.0030584000000000002,-0.0067242000000000005,0.010713800000000001,-0.0032934000000000001,-0.0025860000000000002,0.00034600000000000028,0.0038595999999999999,-0.0045818000000000005,-0.0062430000000000003,0.0062030000000000002,0.013299,0.0028547999999999998,-0.00022139999999999996,0.010980800000000001,-0.0060033999999999999,0.0015223999999999997,-0.0100754,0.0067742000000000002,-0.0081774000000000013,-0.0016807999999999997,0.012966,-0.0072363999999999996,0.00061040000000000009,-0.0104712,-0.0052497999999999998,0.0039768000000000008,0.0006261999999999995,0.0048625999999999999,0.0041344000000000007,-0.0095426,-0.0026517999999999997,-0.014692800000000001,-0.0027999999999999995,0.0028515999999999997,-0.0060269999999999994,0.0015378,-0.0098373999999999996,0.00043960000000000049,-0.0019318,-0.00068120000000000008,0.00052400000000000005,0.002447,-0.00037139999999999981,-0.0066484000000000005,0.00091020000000000001,-0.0058350000000000008,0.00026100000000000016,0.0020966000000000001,0.0011307999999999999,0.0026878000000000002,0.0033528000000000004,-0.0022794,-0.0033791999999999997,-0.0040885999999999995,-0.00015020000000000007,-0.0041670000000000006,-0.0024548000000000005,0.0089261999999999987,0.0027508000000000003,0.0010742,-0.0061276000000000004,-0.0058720000000000005,-0.0127046,-0.0003124,-0.0081093999999999992,0.0059977999999999993,0.0011758000000000001,0.0059329999999999999,0.0001158000000000001,-0.008575000000000001,0.0035275999999999997,0.011798400000000001,-0.0021945999999999997,0.004705,0.0089557999999999999,-0.0111798,-0.0030682000000000001,-0.016396000000000001,-0.00035040000000000006,0.0050114000000000001,-0.0018738000000000001,0.0074782,-0.0028776000000000001,-0.00038720000000000009,0.000571,-0.0032161999999999998,-0.0034589999999999994,0.0019290000000000002,0.0057405999999999993,-0.00043860000000000004,-0.0032128,-0.0014655999999999998,0.00096879999999999991,-0.0013284,-0.00069759999999999993,0.0010010000000000002,0.0023357999999999994,-0.0037197999999999997,-0.00017260000000000016,0.0013009999999999999,-0.0056299999999999979,-0.0030894,0.0018299999999999998,0.0012283999999999997,-0.0045085999999999998,-0.0042553999999999995,0.0062170000000000003,0.0047748000000000001,6.1800000000000093e-05,-0.00099180000000000036,0.0058031999999999997,-0.0037851999999999998,0.0092858000000000003,0.0022209999999999999,-6.1599999999999979e-05,-0.0036148000000000005,0.0023786000000000007,0.0080292000000000002,-0.0036844,-0.0048766,0.0027567999999999998,0.0054134000000000005,-0.007046199999999999,0.0014234,0.00057399999999999986,-0.00058399999999999988,-0.00044660000000000034,-0.0037205999999999997,0.0068921999999999994,-0.011515200000000001,0.0014182000000000001,-0.011413400000000001,-0.0042436000000000001,-0.0085879999999999984,0.0034218,-0.00047439999999999982,-0.0012815999999999999,0.00031299999999999991,-0.0012929999999999999,-0.0020183999999999996,-0.00011499999999999998,-0.00064280000000000001,-0.00030399999999999996,-0.0033296000000000003,0.00094400000000000018,0.0041235999999999998,-0.0017922000000000001,0.00049879999999999998,-0.0025072000000000002,-0.0016884000000000001,0.00028339999999999995,0.0047077999999999998,-0.0014287999999999998,0.0025223999999999997,-0.0015791999999999996,0.00078859999999999998,0.0022929999999999999,-0.0090174000000000001,0.00056079999999999997,0.0022270000000000002,-0.0030416000000000002,0.0016232,0.0035084000000000001,-0.0040229999999999997,0.0034914,-0.0046049999999999997,0.00026000000000000025,-0.0049371999999999992,-0.0013221999999999999,0.010055399999999999,0.0023816000000000002,-0.00025280000000000013,-0.0012687999999999996,-0.003906999999999999,-0.00051119999999999985,0.0041746000000000005,-0.0055575999999999993,0.0072455999999999996,-0.0021651999999999999,0.0044431999999999996,-0.0044746000000000005,-0.0032060000000000001,-0.0059308,0.0038122,-0.0038400000000000005,0.0051624000000000001,0.0065849999999999997,-0.00085400000000000016,0.0049731999999999997,-0.016135200000000002,0.0011278,0.00045720000000000005,-0.00031559999999999997,0.0018500000000000001,-0.0011102,6.8999999999999942e-05,0.0023223999999999996,-6.7599999999999908e-05,0.0012604000000000001,-0.001751,-0.00024140000000000001,0.0013766,-0.00098839999999999996,-0.00023999999999999998,-0.00043819999999999965,-0.0015282,-0.0017346,-0.00053239999999999993,0.00014840000000000057,0.00079619999999999995,-0.0016183999999999999,-0.0012240000000000003,0.00097139999999999998,-0.0020202000000000002,-0.0024799999999999996,0.0003171999999999999,0.00097740000000000001,0.0018970000000000002,-0.00033320000000000008,-0.0010750000000000002,-5.1999999999999096e-06,-0.00017940000000000013,-0.00057459999999999998,0.00048560000000000009,-0.0010161999999999999,0.00075259999999999986,-0.0032009999999999999,0.0002455999999999999,0.0011935999999999997,-0.0014407999999999999,-0.0020186000000000006,0.0027826000000000001,0.00067400000000000001,-0.00077640000000000012,0.0018612000000000001,0.0014532,0.0015384000000000001,-0.00012600000000000003,-0.0016420000000000002,0.0018581999999999997,-0.0032312,-0.0017723999999999999,0.0013126000000000004,-0.00065999999999999989,0.0046549999999999994,0.0012291999999999997,0.00018239999999999988,-0.0011434000000000001,0.0014952000000000001,0.010168,-0.0053538000000000006,0.0035113999999999996,0.0055297999999999996,-0.0034273999999999997,-0.00034660000000000008,0.0003256,-2.4999999999999849e-05,0.0017919999999999998,-0.00035439999999999999,-0.0021294,-0.0011757999999999998,-0.0011772,0.00086739999999999994,0.00024259999999999993,-0.00016939999999999994,0.0011276000000000001,-0.00070800000000000019,0.00021180000000000013,0.00088619999999999997,-0.00081359999999999994,-0.0012596,-0.00033200000000000005,0.0023172000000000002,0.0007714000000000001,-0.0026087999999999997,-7.0199999999999863e-05,-0.0008742,-0.0020546000000000002,-0.00075440000000000012,-0.0016648000000000004,0.00097719999999999968,0.00085619999999999989,0.00047159999999999997,3.1999999999998609e-06,0.0012466000000000001,-0.00091120000000000003,0.0019705999999999999,-0.0023021999999999999,0.0003324,0.0050984000000000003,0.0033179999999999998,-0.0017458,0.0023968000000000001,0.0020499999999999997,-0.0027891999999999999,-0.0019537999999999999,-0.0026718000000000007,0.0023217999999999997,0.0017456000000000004,0.00024179999999999991,-0.00032619999999999991,-0.0023769999999999998,-0.0014017999999999999,0.0020147999999999998,-0.0036905999999999996,0.0011297999999999998,0.00070240000000000016,-0.0015005999999999999,0.0020036000000000003,-0.00066239999999999995,-0.0041462000000000001,-0.00059420000000000002,0.0018828,0.0046549999999999994,0.0022942000000000001,-0.0039107999999999999,0.0016592,0.0006858000000000003,-0.0021056,0.0041510000000000002,0.0022304,0.0031061999999999999,-0.0020600000000000002,0.00044080000000000004,0.00025399999999999999,-0.00014660000000000009,-0.0007718,-0.00011739999999999998,0.0017075999999999997,-0.00060880000000000016,0.0005042,-6.600000000000052e-06,-0.0012437999999999998,-0.00045939999999999989,0.0002496,-0.0025983999999999998,-0.00065480000000000009,-0.00012300000000000006,0.0010298,-0.00047319999999999996,0.00048980000000000009,3.9800000000000046e-05,-0.00036020000000000003,-0.00078859999999999998,0.00092080000000000005,-0.0016048,0.0016769999999999999,0.0017201999999999999,-0.00020839999999999986,0.0001426,0.00071479999999999992,-0.00079240000000000007,0.00065919999999999976,0.00042419999999999996,-0.00013299999999999998,-0.00099139999999999992,0.0014269999999999999,0.0020076,-0.0040940000000000004,-0.0026505999999999999,0.00044279999999999992,0.00053399999999999997,-0.0021343999999999998,0.0022284000000000002,0.000243,0.0027529999999999998,-0.00042320000000000004,-0.0014581999999999998,0.0023785999999999998,-0.0028158000000000002,0.00042979999999999998,-0.00018560000000000004,0.00035900000000000005,0.00070199999999999982,0.0052645999999999995,-0.0017024000000000002,0.00040300000000000004,-0.0021390000000000003,-0.00040219999999999996,0.0012758000000000001,-0.00040660000000000023,-0.00054159999999999983,-0.00027740000000000013,-0.00055019999999999993,0.00036939999999999998,-0.0011898,-0.0058359999999999992,0.0053312000000000003,-0.00081260000000000002,0.0024561999999999995,0.0019572000000000001,0.00031999999999999997,0.0028520000000000004,-0.002862,-0.0024162000000000003,-0.0036746000000000001,-0.00078119999999999969,0.0012830000000000001
aug_between_class_right_pair0008_child06,TLE,1,1,Augmented,0,0,0,0,0,0.30703839999999999,2.2140567,9.9999999999999995e-07,-6.9999999999999986e-07,9.9999999999999995e-07,0.9908825,0,0.045546400000000001,-0.14474230000000002,0.016498400000000003,0.12882859999999999,-0.092501,0.073014700000000002,-0.0099602000000000007,0.0050353000000000004,-0.031907000000000005,-0.1127346,0.33987060000000002,-0.072284799999999996,-0.0253484,0.083315399999999998,-0.0084065999999999967,-0.017399299999999999,-0.0029014000000000002,-0.0536873,0.020200800000000001,0.023082200000000001,-0.0427962,0.0041487,-0.0954536,0.0028891999999999998,0.047155799999999998,-0.025978500000000002,0.0031898000000000013,0.0095353999999999994,-0.039886700000000004,0.045521100000000002,-0.083811200000000002,-0.046268799999999999,0.10117900000000001,-0.052564399999999997,0.2178986,-0.052696800000000002,0.010289300000000001,-0.0026596000000000002,-0.0134556,-0.015946999999999999,0.0043771000000000001,0.039938799999999997,0.0013991999999999993,-0.010397199999999999,-0.015935100000000001,-0.0281239,0.017861700000000001,0.0315608,0.0204978,0.012153199999999999,-0.0101482,-0.0094766,0.017486500000000002,-0.043939400000000003,-0.0044090999999999991,0.012247199999999998,-0.0015203999999999997,0.016744300000000004,-0.082414600000000005,-0.024583099999999997,-0.019407100000000004,-0.00020389999999999991,0.0036848000000000011,-0.0019446999999999995,0.0019303,0.021421700000000002,0.0067241000000000002,0.0020885999999999999,-0.007961300000000001,0.0062868000000000004,0.0069072000000000005,-0.0043051000000000001,0.0082144000000000002,0.0038597000000000002,-0.023206200000000003,0.0087149999999999988,0.0015801999999999995,0.0069794000000000002,-0.0087999999999999988,-0.0103339,0.0169225,-0.0091608999999999996,-0.0094608000000000001,-0.0106915,-0.0097777999999999997,0.0074541,-0.0095592000000000003,-0.0089376000000000004,0.007247,-0.0084854000000000006,0.0022123999999999998,0.022663099999999999,0.0040184999999999995,0.029587700000000001,-0.017386499999999999,0.0082303000000000012,0.0010610999999999999,-0.0034168000000000002,-0.0066639000000000004,0.0107431,-0.0029423000000000001,-0.003222,0.00014050000000000011,0.0038427000000000001,-0.0042771000000000007,-0.0062865000000000004,0.0066930000000000002,0.012817,0.0026195999999999997,-0.00037179999999999982,0.0096526000000000008,-0.0062777999999999992,0.0016957999999999999,-0.0100228,0.0076743999999999996,-0.0089517999999999993,-0.0023125999999999997,0.013025,-0.0067863000000000003,0.00045379999999999986,-0.010141900000000001,-0.0054386,0.0045041000000000005,0.00044040000000000051,0.0050081999999999991,0.0029433000000000003,-0.0096936999999999995,-0.0030995999999999997,-0.013673100000000001,-0.0026019999999999993,0.0021802000000000002,-0.0061754999999999987,0.0018695999999999995,-0.011027800000000001,-0.00050129999999999923,-0.0017606000000000002,-0.0006154000000000001,0.00040100000000000015,0.0030604999999999999,-0.0010057999999999996,-0.0064712999999999993,0.00080940000000000005,-0.0056735000000000006,0.000379,0.0015622000000000004,0.00090609999999999996,0.0030796,0.0033726000000000003,-0.0025057999999999999,-0.0034483999999999999,-0.0044302000000000005,2.6599999999999888e-05,-0.0043974999999999995,-0.0020466000000000004,0.0085278999999999997,0.0023746000000000001,0.0018158999999999998,-0.0061717000000000004,-0.006290500000000001,-0.0126882,-0.0004483,-0.0074348000000000001,0.0061300999999999994,0.00091360000000000009,0.0065739999999999991,-0.00039389999999999998,-0.0083155,0.0039697000000000005,0.012056799999999999,-0.0025427000000000002,0.0042554999999999997,0.009507100000000001,-0.011739599999999999,-0.0029714000000000008,-0.015693000000000002,0.00023669999999999993,0.0052348000000000004,-0.0014150999999999999,0.0070579000000000006,-0.0026756999999999996,-0.0002739000000000001,0.00051350000000000007,-0.0030669,-0.0041269999999999987,0.0018825000000000001,0.0058517000000000005,-0.00046870000000000001,-0.0033416000000000001,-0.0016187,0.00077260000000000002,-0.00069180000000000044,-0.00079670000000000001,0.0010885000000000001,0.0024500999999999998,-0.0041910999999999997,-0.00054420000000000011,0.0011654999999999999,-0.0058744999999999995,-0.0031223000000000002,0.0022874999999999996,0.0014617999999999996,-0.0038612000000000004,-0.0045042999999999993,0.0062229999999999994,0.0046661000000000003,6.8099999999999975e-05,-0.00090709999999999988,0.0059454,-0.0037458999999999999,0.0096300999999999991,0.0023495,0.0001207999999999999,-0.0038571,0.0022477,0.0083159000000000011,-0.0032278000000000003,-0.0046872000000000007,0.0025306,0.0052443000000000004,-0.0074944,0.0011432999999999999,0.000745,-0.00096699999999999976,-0.00058020000000000055,-0.0038451999999999996,0.0074208999999999985,-0.0119544,0.00070490000000000049,-0.011317799999999999,-0.0043442000000000003,-0.0088554999999999988,0.0033836000000000005,-0.00058429999999999995,-0.0015411999999999995,0.00026449999999999998,-0.0011789999999999999,-0.0018598,3.5499999999999941e-05,-0.00066710000000000001,-0.00030899999999999998,-0.0036982000000000004,0.00098950000000000015,0.0045141999999999995,-0.0018898999999999997,0.00043760000000000001,-0.0024758999999999996,-0.0016528000000000003,0.00024029999999999999,0.0042506000000000002,-0.0017125999999999997,0.0027822999999999997,-0.0019748999999999999,0.0012227,0.0024009999999999999,-0.0092063000000000006,0.00023110000000000014,0.0021115000000000001,-0.0028877,0.0017058999999999998,0.0033313000000000001,-0.0035459999999999997,0.0035742999999999999,-0.0048800000000000007,0.00037049999999999995,-0.0052788999999999996,-0.0015128999999999997,0.0097623000000000015,0.0020127000000000005,1.3999999999999053e-06,-0.0016471000000000003,-0.004365,-0.0001349000000000003,0.0038771999999999995,-0.0060056999999999992,0.0072061999999999994,-0.0022859,0.0043368999999999994,-0.0041961999999999998,-0.0031305,-0.0057131000000000005,0.0039839000000000003,-0.0032295000000000006,0.0051453000000000002,0.0060290000000000005,-0.00086750000000000022,0.0042063999999999999,-0.016243900000000002,0.0014855999999999999,0.00045190000000000009,-0.00043619999999999992,0.0018504999999999997,-0.0016043999999999997,-7.0999999999999937e-05,0.0026478000000000005,2.0300000000000006e-05,0.0012308,-0.0016655000000000001,-0.00011980000000000009,0.0013387,-0.00085430000000000011,-0.00018800000000000002,-0.00075089999999999966,-0.0017883999999999999,-0.0015812000000000001,-0.00056529999999999992,-0.00018369999999999975,0.00070290000000000001,-0.0017798,-0.00082600000000000035,0.0010758,-0.0020093999999999997,-0.0026274999999999996,0.0002993999999999998,0.00094680000000000003,0.0022185,-9.9000000000001864e-06,-0.0011320000000000002,0.00035459999999999984,0.00031119999999999976,-0.00059920000000000004,9.319999999999988e-05,-0.0012148999999999997,0.00066370000000000003,-0.0032040000000000003,8.92e-05,0.0010861999999999998,-0.0017255999999999997,-0.0020222,0.0024972000000000002,0.00053800000000000007,-0.00097579999999999997,0.0021164000000000001,0.0016759000000000001,0.0017337999999999998,-0.00016399999999999987,-0.0018124999999999999,0.0016504,-0.0033884000000000002,-0.0019688000000000002,0.00080470000000000032,-0.00049199999999999992,0.0049979999999999998,0.00099390000000000025,0.00051179999999999965,-0.0014612999999999998,0.0021684,0.010362,-0.005975600000000001,0.0037567999999999994,0.0050321000000000003,-0.0035567999999999997,-0.0001512000000000001,0.00030869999999999997,-0.0002059999999999998,0.0019884999999999998,-0.00042879999999999996,-0.0017713,-0.0014495999999999999,-0.0010774000000000003,0.00068130000000000003,0.00010669999999999999,-0.00032929999999999998,0.0014732000000000002,-0.0010860000000000002,4.8600000000000206e-05,0.00089340000000000003,-0.00076169999999999992,-0.0013427000000000001,-0.00052699999999999991,0.0026424,0.00063930000000000009,-0.0028205999999999995,-0.00041739999999999995,-0.00093289999999999985,-0.0019432,-0.00053879999999999998,-0.0013796000000000001,0.0010714000000000001,0.0013013999999999999,0.00061819999999999974,-0.00023259999999999991,0.0011827000000000001,-0.00092140000000000006,0.0020781999999999997,-0.0024009000000000005,0.00050230000000000001,0.0053427999999999991,0.0036059999999999998,-0.0017656,0.0021196000000000001,0.0022395000000000002,-0.0028703999999999999,-0.0021616000000000001,-0.0025306,0.0024551,0.0017566999999999999,0.00038109999999999967,-0.00042139999999999994,-0.0024879999999999998,-0.0014840999999999999,0.0018491,-0.0039232,0.0013276,0.00042580000000000005,-0.0016672,0.0021827000000000001,-0.00078030000000000016,-0.004051400000000001,-0.00061239999999999992,0.0019106000000000001,0.0049490000000000003,0.0024524,-0.0040136,0.0013984000000000002,-2.5399999999999425e-05,-0.0021156999999999999,0.0041180000000000001,0.0021537999999999996,0.0033053999999999996,-0.0019059999999999999,0.00039360000000000003,0.00031849999999999994,-0.00016919999999999999,-0.00081010000000000001,-0.00013329999999999999,0.0018696999999999997,-0.00050060000000000013,0.00044339999999999999,-7.4700000000000027e-05,-0.0012921,-0.00064379999999999971,0.00023819999999999994,-0.0027212999999999998,-0.00060110000000000003,9.0999999999999962e-05,0.0011995999999999999,-0.00052539999999999998,0.00030360000000000006,-2.8899999999999998e-05,-0.00045290000000000006,-0.0008587,0.00095359999999999998,-0.0016431000000000002,0.0016639999999999999,0.0017198999999999999,-2.6300000000000151e-05,-8.3000000000000391e-06,0.00043110000000000007,-0.00081929999999999991,0.0010018999999999996,0.0005353999999999999,-0.00016649999999999998,-0.0011812999999999999,0.0013315,0.0018277000000000002,-0.0041814999999999995,-0.0026277000000000002,0.00048159999999999989,0.000611,-0.0020268000000000005,0.0023498,0.00023849999999999994,0.0027155,-0.00044389999999999995,-0.0017144,0.0023132000000000001,-0.0027090999999999999,0.00051259999999999977,-0.0002242,0.00039100000000000007,0.00079049999999999986,0.0051941999999999995,-0.0015163000000000002,0.00047599999999999997,-0.00197,-0.00045889999999999999,0.0013521,-0.00018170000000000013,-0.00077119999999999966,-0.00069830000000000001,-0.00072389999999999998,0.00024780000000000006,-0.0013060999999999999,-0.0057885000000000002,0.0053398999999999999,-0.00044470000000000018,0.0028098999999999997,0.0019193999999999999,-0.00023399999999999983,0.0027945000000000001,-0.0028630000000000001,-0.0025764,-0.0039817000000000003,-0.00061740000000000015,0.0014074999999999999
aug_between_class_right_pair0008_child07,TLE,1,1,Augmented,0,0,0,0,0,0.30713460000000004,2.2461267999999999,9.9999999999999995e-07,-7.9999999999999996e-07,9.9999999999999995e-07,0.98166500000000001,0,0.047603600000000003,-0.14406620000000001,0.014540599999999999,0.1359224,-0.094456999999999999,0.073984800000000003,-0.011780800000000001,0.0034491999999999991,-0.030213999999999998,-0.11699040000000001,0.33822239999999998,-0.066622199999999993,-0.0239726,0.08279460000000001,-0.0097163999999999966,-0.017588199999999998,-0.0030466,-0.053134199999999999,0.0212152,0.0217288,-0.041964799999999997,0.0038537999999999997,-0.094254399999999988,0.002113799999999999,0.047170199999999995,-0.027235000000000002,0.0038152000000000012,0.0083105999999999996,-0.039052799999999999,0.0442964,-0.085256799999999994,-0.046942199999999996,0.101076,-0.054502599999999998,0.21731039999999999,-0.052418199999999998,0.0107452,-0.0025043999999999999,-0.013680400000000001,-0.016232,0.0043093999999999997,0.040428199999999997,0.0018268000000000004,-0.010340799999999999,-0.0156004,-0.0293326,0.0182288,0.032054200000000005,0.018713199999999999,0.0122828,-0.012325800000000001,-0.0095733999999999993,0.016663999999999998,-0.045286600000000003,-0.0060714000000000011,0.014265799999999999,-0.0021486000000000005,0.0152012,-0.080372399999999997,-0.026282399999999997,-0.0181954,0.0027494000000000025,0.0025311999999999982,-0.0023988,0.0021832000000000002,0.020963800000000001,0.0056063999999999992,0.0027134000000000004,-0.0077762000000000005,0.0069482000000000007,0.0067597999999999998,-0.0041744,0.0086375999999999988,0.0033607999999999997,-0.0231308,0.0097190000000000002,0.0012377999999999998,0.0068545999999999998,-0.0090869999999999996,-0.0102956,0.016386999999999999,-0.0099956000000000003,-0.0099571999999999994,-0.011507,-0.0095441999999999992,0.0079194000000000001,-0.0097187999999999997,-0.0087403999999999989,0.006803,-0.0081966000000000001,0.0017835999999999993,0.023997399999999999,0.0047230000000000006,0.030294800000000004,-0.016569,0.0087382000000000015,0.0010934,-0.0037752000000000003,-0.0066036000000000003,0.0107724,-0.0025912000000000001,-0.0038580000000000003,-6.4999999999999954e-05,0.0038257999999999999,-0.0039724000000000001,-0.0063299999999999997,0.0071830000000000001,0.012334999999999999,0.0023843999999999996,-0.00052220000000000001,0.0083243999999999992,-0.0065522000000000002,0.0018692000000000001,-0.0099702000000000002,0.0085746000000000017,-0.0097262000000000008,-0.0029444000000000002,0.013084,-0.0063362000000000002,0.00029719999999999963,-0.0098126000000000012,-0.0056274000000000003,0.0050314000000000001,0.00025460000000000066,0.0051538,0.0017521999999999991,-0.0098448000000000008,-0.0035474,-0.0126534,-0.0024040000000000008,0.0015087999999999992,-0.0063239999999999989,0.0022014000000000001,-0.012218200000000004,-0.0014422000000000005,-0.0015893999999999999,-0.00054959999999999991,0.00027799999999999998,0.0036739999999999997,-0.0016402000000000003,-0.0062941999999999998,0.00070859999999999999,-0.0055119999999999995,0.00049700000000000005,0.0010277999999999999,0.00068139999999999997,0.0034714000000000004,0.0033924000000000003,-0.0027322000000000002,-0.0035176000000000001,-0.0047718000000000005,0.00020339999999999985,-0.0046280000000000002,-0.0016383999999999999,0.0081296000000000007,0.0019983999999999996,0.0025576000000000002,-0.0062158000000000005,-0.0067090000000000014,-0.0126718,-0.0005842,-0.0067601999999999992,0.0062623999999999996,0.0006513999999999999,0.0072150000000000001,-0.00090360000000000006,-0.0080560000000000007,0.0044118000000000004,0.0123152,-0.0028907999999999998,0.0038059999999999995,0.0100584,-0.012299400000000002,-0.0028746000000000006,-0.01499,0.00082380000000000018,0.0054581999999999999,-0.00095639999999999961,0.0066375999999999996,-0.0024738,-0.00016059999999999989,0.00045599999999999992,-0.0029175999999999998,-0.0047949999999999998,0.001836,0.0059628000000000007,-0.00049879999999999998,-0.0034704000000000002,-0.0017718000000000002,0.0005763999999999997,-5.5200000000000041e-05,-0.00089579999999999998,0.001176,0.0025643999999999997,-0.0046624000000000006,-0.00091580000000000036,0.0010299999999999999,-0.0061189999999999994,-0.0031552000000000004,0.002745,0.0016952,-0.0032137999999999997,-0.0047532,0.0062290000000000002,0.0045573999999999996,7.4400000000000074e-05,-0.00082240000000000026,0.0060876000000000003,-0.0037066,0.0099744000000000013,0.0024780000000000002,0.0003032,-0.0040994000000000004,0.0021168000000000003,0.0086026000000000002,-0.0027711999999999997,-0.0044977999999999997,0.0023043999999999999,0.0050752000000000002,-0.007942600000000001,0.00086319999999999973,0.00091600000000000015,-0.0013499999999999999,-0.00071379999999999989,-0.0039697999999999999,0.0079495999999999994,-0.012393600000000001,-8.400000000000421e-06,-0.011222199999999998,-0.0044447999999999996,-0.0091229999999999992,0.0033454000000000001,-0.00069420000000000007,-0.0018008,0.00021600000000000005,-0.001065,-0.0017011999999999999,0.00018600000000000008,-0.0006914,-0.00031400000000000004,-0.0040668000000000006,0.0010350000000000001,0.0049048000000000008,-0.0019876000000000004,0.00037639999999999993,-0.0024445999999999999,-0.0016172000000000001,0.00019719999999999997,0.0037933999999999997,-0.0019964000000000002,0.0030422000000000005,-0.0023705999999999996,0.0016568000000000002,0.0025089999999999999,-0.0093951999999999994,-9.860000000000012e-05,0.0019959999999999999,-0.0027338000000000002,0.0017886,0.0031542000000000002,-0.0030689999999999997,0.0036572000000000002,-0.0051549999999999999,0.00048100000000000009,-0.0056205999999999999,-0.0017036,0.0094692000000000005,0.0016438000000000002,0.00025560000000000014,-0.0020254000000000001,-0.0048229999999999992,0.00024140000000000012,0.0035797999999999997,-0.0064538,0.0071667999999999992,-0.0024066000000000001,0.0042306000000000002,-0.0039177999999999999,-0.003055,-0.0054954000000000001,0.0041556000000000006,-0.0026189999999999998,0.0051281999999999994,0.0054730000000000004,-0.00088100000000000006,0.0034395999999999993,-0.016352600000000002,0.0018434,0.00044660000000000012,-0.00055679999999999998,0.0018510000000000002,-0.0020986000000000004,-0.00021100000000000009,0.0029732000000000005,0.00010820000000000003,0.0012011999999999999,-0.0015800000000000002,1.7999999999999353e-06,0.0013008,-0.00072020000000000005,-0.00013600000000000005,-0.0010635999999999998,-0.0020486000000000002,-0.0014277999999999999,-0.00059820000000000012,-0.00051580000000000007,0.00060959999999999986,-0.0019412000000000001,-0.00042799999999999994,0.0011802000000000002,-0.0019986000000000001,-0.0027749999999999997,0.00028160000000000012,0.00091619999999999994,0.0025400000000000006,0.00031340000000000035,-0.001189,0.00071440000000000023,0.0008018000000000003,-0.00062379999999999998,-0.00029920000000000033,-0.0014136000000000001,0.00057479999999999988,-0.0032070000000000002,-6.7200000000000116e-05,0.00097879999999999972,-0.0020103999999999999,-0.0020258000000000003,0.0022117999999999999,0.00040199999999999996,-0.0011752000000000002,0.0023716000000000002,0.0018986000000000003,0.0019292000000000001,-0.00020199999999999992,-0.001983,0.0014425999999999998,-0.0035456000000000003,-0.0021652000000000004,0.00029679999999999962,-0.00032399999999999985,0.0053410000000000003,0.0007585999999999999,0.00084119999999999974,-0.0017792000000000003,0.0028416000000000005,0.010555999999999999,-0.0065974000000000007,0.0040021999999999992,0.0045344000000000001,-0.0036861999999999997,4.4200000000000044e-05,0.00029179999999999994,-0.00038699999999999997,0.0021849999999999999,-0.00050320000000000009,-0.0014131999999999999,-0.0017234000000000001,-0.00097760000000000013,0.00049519999999999989,-2.9200000000000113e-05,-0.00048919999999999996,0.0018188000000000004,-0.0014640000000000005,-0.00011459999999999997,0.0009006000000000001,-0.0007097999999999998,-0.0014258000000000001,-0.00072199999999999999,0.0029675999999999999,0.00050719999999999997,-0.0030324000000000002,-0.00076460000000000015,-0.00099160000000000003,-0.0018318,-0.00032319999999999983,-0.0010943999999999999,0.0011655999999999997,0.0017466000000000003,0.00076479999999999994,-0.00046840000000000011,0.0011188000000000001,-0.00093159999999999998,0.0021857999999999999,-0.0024996000000000007,0.00067220000000000018,0.0055871999999999996,0.0038940000000000003,-0.0017853999999999999,0.0018424000000000001,0.0024290000000000002,-0.0029516000000000004,-0.0023694000000000002,-0.0023893999999999999,0.0025883999999999998,0.0017678000000000004,0.00052039999999999964,-0.00051659999999999998,-0.0025990000000000006,-0.0015663999999999999,0.0016833999999999998,-0.0041558000000000003,0.0015254000000000001,0.00014919999999999951,-0.0018338,0.0023618000000000003,-0.00089820000000000015,-0.0039566000000000002,-0.00063060000000000004,0.0019384000000000003,0.0052430000000000003,0.0026105999999999998,-0.0041164000000000001,0.0011375999999999999,-0.00073660000000000023,-0.0021258000000000002,0.0040850000000000001,0.0020771999999999995,0.0035046000000000001,-0.0017520000000000001,0.00034639999999999996,0.00038299999999999999,-0.0001918,-0.00084840000000000002,-0.00014920000000000005,0.0020317999999999998,-0.00039240000000000011,0.00038260000000000003,-0.0001428,-0.0013403999999999998,-0.00082819999999999986,0.00022679999999999998,-0.0028441999999999999,-0.00054739999999999997,0.00030500000000000004,0.0013694000000000002,-0.00057760000000000005,0.00011739999999999987,-9.7600000000000014e-05,-0.00054560000000000003,-0.00092880000000000002,0.00098640000000000012,-0.0016814,0.0016510000000000001,0.0017196000000000002,0.00015579999999999999,-0.00015920000000000029,0.00014739999999999984,-0.00084619999999999997,0.0013446,0.0006466000000000001,-0.00020000000000000004,-0.0013712000000000002,0.0012360000000000001,0.0016478,-0.0042690000000000002,-0.0026048,0.00052040000000000007,0.00068800000000000003,-0.0019192,0.0024711999999999998,0.000234,0.0026779999999999998,-0.00046460000000000007,-0.0019706000000000003,0.0022477999999999999,-0.0026023999999999999,0.00059540000000000005,-0.0002628000000000001,0.00042299999999999998,0.0008789999999999999,0.0051238000000000004,-0.0013301999999999999,0.00054900000000000001,-0.0018010000000000001,-0.00051560000000000006,0.0014284,4.3200000000000183e-05,-0.0010007999999999998,-0.0011192000000000003,-0.00089760000000000003,0.00012620000000000014,-0.0014224000000000001,-0.0057409999999999996,0.0053486000000000002,-7.6799999999999915e-05,0.0031636000000000004,0.0018815999999999998,-0.00078800000000000051,0.0027370000000000003,-0.0028640000000000002,-0.0027366000000000001,-0.0042888000000000006,-0.00045359999999999975,0.0015320000000000002
aug_between_class_right_pair0008_child08,TLE,1,1,Augmented,0,0,0,0,0,0.30723080000000003,2.2781969000000002,9.9999999999999995e-07,-8.9999999999999996e-07,9.9999999999999995e-07,0.97244750000000002,0,0.049660799999999998,-0.14339010000000002,0.0125828,0.14301620000000001,-0.096412999999999999,0.074954900000000005,-0.013601400000000001,0.0018630999999999995,-0.028521000000000001,-0.1212462,0.33657419999999999,-0.060959600000000003,-0.0225968,0.082273800000000008,-0.0110262,-0.017777100000000001,-0.0031918000000000003,-0.052581099999999999,0.022229600000000002,0.020375400000000002,-0.041133400000000001,0.0035588999999999998,-0.093055199999999991,0.0013384000000000017,0.0471846,-0.028491500000000003,0.0044406000000000011,0.0070857999999999997,-0.0382189,0.043071700000000004,-0.086702400000000013,-0.047615600000000001,0.10097300000000001,-0.056440799999999999,0.21672219999999998,-0.052139600000000001,0.0112011,-0.0023492000000000001,-0.013905200000000001,-0.016517,0.0042416999999999993,0.040917599999999998,0.0022544000000000006,-0.010284399999999999,-0.0152657,-0.0305413,0.018595900000000002,0.032547600000000003,0.016928599999999999,0.012412400000000001,-0.014503400000000001,-0.0096701999999999986,0.015841499999999998,-0.046633800000000003,-0.0077336999999999996,0.016284399999999997,-0.0027768000000000003,0.013658100000000003,-0.078330199999999989,-0.027981699999999998,-0.016983700000000001,0.0057027000000000015,0.0013775999999999997,-0.0028529000000000002,0.0024361000000000001,0.020505900000000001,0.0044886999999999991,0.0033382000000000004,-0.0075910999999999999,0.0076096000000000011,0.0066124,-0.0040436999999999999,0.0090608000000000008,0.0028618999999999997,-0.0230554,0.010723,0.00089539999999999932,0.0067298000000000002,-0.0093740000000000004,-0.0102573,0.015851499999999998,-0.010830300000000001,-0.0104536,-0.0123225,-0.0093105999999999987,0.0083847000000000001,-0.0098784000000000007,-0.0085431999999999991,0.0063590000000000001,-0.0079077999999999996,0.0013547999999999993,0.025331699999999999,0.0054275000000000009,0.031001899999999999,-0.015751499999999998,0.0092461000000000019,0.0011256999999999999,-0.0041336000000000003,-0.0065433000000000002,0.010801700000000001,-0.0022401000000000001,-0.0044940000000000006,-0.00027050000000000012,0.0038088999999999996,-0.0036676999999999999,-0.0063735000000000007,0.0076730000000000001,0.011852999999999999,0.0021491999999999995,-0.00067260000000000019,0.0069962000000000002,-0.0068265999999999995,0.0020426000000000003,-0.0099176000000000004,0.0094748000000000002,-0.010500600000000001,-0.0035762000000000003,0.013143000000000002,-0.0058861,0.00014059999999999984,-0.0094833000000000001,-0.0058162000000000005,0.0055586999999999998,6.879999999999907e-05,0.0052993999999999993,0.00056109999999999992,-0.0099959000000000003,-0.0039952,-0.0116337,-0.0022059999999999996,0.00083739999999999943,-0.0064725000000000008,0.0025331999999999998,-0.013408600000000001,-0.0023831000000000004,-0.0014182000000000001,-0.0004838,0.000155,0.0042875000000000005,-0.0022745999999999999,-0.0061171000000000003,0.00060779999999999992,-0.0053504999999999994,0.0006150000000000001,0.00049339999999999985,0.00045669999999999999,0.0038632000000000007,0.0034122000000000002,-0.0029586,-0.0035868000000000002,-0.0051134000000000006,0.00038020000000000003,-0.0048585,-0.0012301999999999999,0.0077313,0.0016221999999999999,0.0032992999999999998,-0.0062599000000000005,-0.0071275000000000002,-0.012655399999999999,-0.00072009999999999999,-0.0060856,0.0063946999999999997,0.0003891999999999997,0.0078560000000000001,-0.0014132999999999993,-0.0077965000000000005,0.0048539000000000004,0.012573600000000001,-0.0032389000000000003,0.0033564999999999997,0.010609700000000001,-0.012859200000000001,-0.0027778000000000004,-0.014287000000000001,0.0014109000000000001,0.0056816000000000002,-0.00049769999999999936,0.0062173000000000003,-0.0022718999999999999,-4.7299999999999903e-05,0.00039849999999999998,-0.0027682999999999996,-0.0054629999999999991,0.0017894999999999999,0.0060739000000000001,-0.00052890000000000001,-0.0035991999999999999,-0.0019249,0.00038020000000000003,0.0005813999999999995,-0.00099489999999999995,0.0012635000000000003,0.0026786999999999996,-0.0051336999999999997,-0.0012874000000000002,0.0008944999999999999,-0.0063634999999999994,-0.0031881000000000001,0.0032024999999999996,0.0019285999999999999,-0.0025663999999999999,-0.0050020999999999998,0.0062350000000000001,0.0044486999999999999,8.0699999999999956e-05,-0.0007377000000000002,0.0062298000000000006,-0.0036673000000000001,0.010318700000000002,0.0026065000000000003,0.00048560000000000009,-0.0043417000000000004,0.0019859000000000001,0.008889300000000001,-0.0023146,-0.0043084000000000004,0.0020781999999999997,0.0049061,-0.0083907999999999986,0.00058309999999999959,0.0010870000000000001,-0.0017329999999999999,-0.00084740000000000054,-0.0040943999999999998,0.0084782999999999994,-0.012832800000000002,-0.00072169999999999873,-0.011126599999999999,-0.0045453999999999998,-0.0093904999999999995,0.0033072000000000002,-0.00080410000000000008,-0.0020603999999999996,0.0001674999999999999,-0.00095099999999999991,-0.0015425999999999999,0.00033650000000000005,-0.0007157,-0.000319,-0.0044354000000000008,0.0010805000000000001,0.0052954000000000005,-0.0020853,0.00031519999999999996,-0.0024133000000000002,-0.0015815999999999998,0.00015409999999999995,0.0033362000000000001,-0.0022802,0.0033021000000000001,-0.0027663000000000002,0.0020908999999999997,0.002617,-0.0095841000000000016,-0.00042830000000000016,0.0018805,-0.0025799,0.0018713000000000002,0.0029770999999999999,-0.0025919999999999988,0.0037400999999999997,-0.0054300000000000008,0.00059150000000000001,-0.0059623000000000002,-0.0018943,0.0091761000000000013,0.0012749,0.00050980000000000003,-0.0024036999999999999,-0.0052810000000000001,0.00061770000000000097,0.0032823999999999996,-0.0069018999999999999,0.007127399999999999,-0.0025273000000000001,0.0041243,-0.0036394000000000001,-0.0029794999999999999,-0.0052776999999999998,0.0043273000000000001,-0.0020084999999999999,0.0051111000000000004,0.0049170000000000004,-0.00089450000000000011,0.0026727999999999995,-0.016461300000000002,0.0022011999999999999,0.00044129999999999994,-0.00067740000000000009,0.0018515000000000003,-0.0025927999999999997,-0.00035100000000000002,0.0032986000000000005,0.00019610000000000005,0.0011716000000000001,-0.0014945000000000002,0.00012340000000000007,0.0012629,-0.00058609999999999999,-8.3999999999999873e-05,-0.0013762999999999996,-0.0023088000000000006,-0.0012744,-0.0006311,-0.00084789999999999974,0.00051629999999999992,-0.0021026,-2.999999999999997e-05,0.0012846000000000001,-0.0019878000000000001,-0.0029224999999999998,0.0002637999999999998,0.00088559999999999995,0.0028615000000000003,0.00063670000000000003,-0.0012459999999999999,0.0010742,0.0012924000000000006,-0.00064839999999999993,-0.00069160000000000011,-0.0016122999999999999,0.00048589999999999994,-0.0032100000000000002,-0.00022360000000000023,0.00087139999999999961,-0.0022951999999999998,-0.0020294000000000002,0.0019264,0.00026600000000000001,-0.0013746000000000001,0.0026268000000000003,0.0021213000000000004,0.0021245999999999999,-0.00024000000000000009,-0.0021535,0.0012347999999999999,-0.0037028,-0.0023616000000000002,-0.00021109999999999987,-0.00015599999999999989,0.0056839999999999998,0.0005233000000000002,0.0011705999999999995,-0.0020971000000000002,0.0035148000000000002,0.010750000000000001,-0.0072192000000000011,0.0042475999999999998,0.0040366999999999998,-0.0038155999999999997,0.00023959999999999992,0.00027489999999999996,-0.00056799999999999993,0.0023814999999999999,-0.00057760000000000005,-0.0010550999999999998,-0.0019971999999999998,-0.00087780000000000019,0.00030909999999999987,-0.00016510000000000006,-0.00064910000000000011,0.0021644000000000004,-0.0018420000000000005,-0.00027779999999999998,0.00090780000000000006,-0.00065790000000000011,-0.0015089000000000001,-0.00091699999999999995,0.0032928000000000002,0.00037509999999999996,-0.0032442,-0.0011118,-0.0010502999999999999,-0.0017204,-0.00010760000000000001,-0.00080919999999999994,0.0012597999999999997,0.0021918000000000003,0.00091139999999999993,-0.00070419999999999988,0.0010549000000000001,-0.00094180000000000002,0.0022934000000000001,-0.0025983,0.00084210000000000014,0.0058315999999999993,0.004182,-0.0018051999999999999,0.0015652000000000001,0.0026185000000000002,-0.0030328,-0.0025772,-0.0022482000000000001,0.0027216999999999996,0.0017788999999999999,0.00065969999999999961,-0.00061179999999999991,-0.0027100000000000006,-0.0016486999999999999,0.0015176999999999999,-0.0043883999999999998,0.0017232,-0.00012739999999999974,-0.0020004000000000003,0.0025409,-0.0010161000000000002,-0.0038617999999999999,-0.00064879999999999994,0.0019662,0.0055370000000000003,0.0027688000000000001,-0.0042192000000000002,0.00087679999999999985,-0.0014478000000000002,-0.0021359,0.004052,0.0020005999999999999,0.0037037999999999997,-0.001598,0.00029920000000000001,0.00044749999999999998,-0.00021440000000000012,-0.00088670000000000003,-0.0001651,0.0021938999999999999,-0.00028420000000000008,0.00032179999999999996,-0.00021089999999999998,-0.0013886999999999997,-0.0010125999999999998,0.00021539999999999992,-0.0029670999999999999,-0.00049370000000000002,0.00051900000000000004,0.0015391999999999999,-0.00062980000000000002,-6.8800000000000046e-05,-0.0001663,-0.00063830000000000007,-0.00099890000000000005,0.0010192000000000001,-0.0017197000000000002,0.0016379999999999997,0.0017193,0.00033790000000000014,-0.00031010000000000022,-0.00013630000000000011,-0.00087310000000000003,0.0016873000000000001,0.00075779999999999999,-0.00023350000000000004,-0.0015610999999999999,0.0011405,0.0014679000000000001,-0.004356500000000001,-0.0025818999999999998,0.00055919999999999993,0.00076499999999999984,-0.0018115999999999998,0.0025926,0.00022950000000000005,0.0026404999999999996,-0.00048530000000000009,-0.0022267999999999997,0.0021824000000000001,-0.0024957,0.0006781999999999999,-0.00030140000000000006,0.000455,0.00096749999999999994,0.0050533999999999996,-0.0011440999999999999,0.00062200000000000005,-0.0016320000000000002,-0.00057229999999999998,0.0015046999999999999,0.00026809999999999985,-0.0012304000000000002,-0.0015401000000000004,-0.0010712999999999999,4.6000000000000034e-06,-0.0015387000000000001,-0.0056935000000000006,0.0053573000000000006,0.00029110000000000019,0.0035172999999999997,0.0018438,-0.0013420000000000007,0.0026795,-0.0028650000000000004,-0.0028967999999999997,-0.0045959,-0.00028979999999999978,0.0016565
aug_between_class_right_pair0009_child01,Healthy,0,0,Augmented,0,0,0,0,0,0.2959735,2.0029052999999997,1.0000000000000005e-07,-9.9999999999999995e-07,0,1.0338242000000002,0,0.0085412000000000057,-0.131522,0.0403817,0.045299899999999997,-0.056911900000000001,0.05175550000000001,0.00081780000000000004,0.0192184,-0.047331600000000001,-0.02246200000000001,0.31389539999999999,-0.1369843,0.014033700000000003,0.029265800000000002,0.025330200000000001,-0.011979799999999999,-0.0023619000000000001,-0.0598763,-0.0010448999999999944,-0.0064303000000000068,-0.061800600000000004,-0.0066276000000000009,-0.099366200000000002,0.0106699,0.039172200000000004,-0.033799299999999997,0.021450500000000001,0.0063296000000000003,-0.033248400000000004,0.031453200000000001,-0.076962299999999997,0.034318900000000013,0.087439700000000009,0.0093686000000000047,0.18187220000000001,-0.060888700000000004,0.0025465000000000002,-0.00061980000000000021,-0.00057279999999999918,-0.020810100000000002,0.0027641000000000002,0.033232399999999995,-0.0026511,-0.0055482000000000005,-0.015685499999999998,-0.0032896000000000002,0.020331000000000002,0.0071874999999999994,0.025964500000000001,-0.0035550000000000009,-0.0072255000000000002,0.0010804,0.010894900000000001,-0.039856099999999998,0.011235200000000001,-0.0060596999999999995,0.0078957999999999997,-0.0086824999999999992,-0.090453500000000006,-0.012665900000000001,-0.034202999999999997,0.051287999999999993,-0.002501999999999999,-0.00047090000000000006,0.0017774000000000002,0.025494199999999998,0.0074673999999999999,-0.00056369999999999988,-0.017550200000000002,0.0024711999999999998,0.0088620000000000001,-0.0063636999999999999,-0.0020056000000000006,0.0054791000000000006,-0.0124198,0.0012728000000000001,0.0059405000000000005,0.0063222,-0.013233700000000001,-0.011865000000000001,0.0102819,-0.0043826000000000004,-0.0047101000000000001,-0.0079357000000000004,0.0051664000000000015,0.0040462000000000007,-0.0140549,-0.00067940000000000058,0.0026573999999999999,-0.0024963999999999993,0.023875700000000007,0.00049060000000000076,0.024121799999999999,0.026067100000000003,-0.030675799999999996,-0.0056340999999999995,0.00042299999999999993,-0.0021177000000000001,0.00031140000000000074,0.0063827999999999992,-0.0017753999999999997,-0.00091559999999999992,0.00090469999999999971,0.0041684000000000001,-0.00067409999999999996,-0.0008297999999999999,0.0053198999999999998,0.0070858000000000006,0.0031116999999999998,-0.0011192999999999997,0.0063252999999999998,-0.0038618000000000003,0.0064632999999999999,-0.0029243000000000003,0.0086376999999999999,-0.00076579999999999997,-0.00057939999999999988,-0.0037760999999999992,-0.0032082,0.0030859999999999998,-0.0103339,-0.00065989999999999994,0.008447399999999999,0.0015479000000000001,9.880000000000045e-05,-0.010415000000000001,-0.0091933999999999974,-0.010187,-0.004524799999999999,0.0022482999999999991,-0.00052499999999999943,0.0014936999999999997,-0.0070321000000000003,-0.0086031000000000007,0.0026935000000000006,-0.0011957999999999999,-0.00042999999999999999,-0.0048576999999999995,0.00015549999999999999,0.0027002000000000003,-0.0010817999999999999,0.0028967000000000003,-0.0033710000000000003,0.0032106000000000001,0.0051000000000000004,-0.0014440000000000002,0.0075319000000000011,-0.0020676000000000002,-0.0012016000000000002,0.00039709999999999984,0.0026190000000000007,0.0015069999999999999,-0.0084405999999999995,-0.0072033999999999996,0.0071348000000000002,0.00039379999999999971,-0.0037533999999999996,0.0010839000000000009,-0.0036233999999999997,0.00082360000000000072,-0.0041083999999999999,-0.0069817999999999998,0.0028417,-0.0023811000000000001,0.017001200000000001,0.0038880999999999998,-0.0070167000000000007,0.0043343999999999995,0.011898200000000001,-0.0059024999999999998,0.0038428000000000008,-0.0088351999999999979,-0.0028464999999999996,0.0036039999999999996,-0.0119942,-0.0013555000000000004,0.0052496000000000001,0.012833999999999996,0.0051424999999999995,-0.0089051000000000009,-0.0021215000000000001,0.002258,0.00076190000000000025,-0.0020187,-0.0008845000000000003,-0.0023879999999999995,-0.00076009999999999999,-0.0015452999999999999,0.0016749000000000002,0.0047980000000000002,-0.0038422999999999999,-0.0054984999999999999,-0.00066759999999999996,0.0017160999999999999,-0.0021137,-0.0037053999999999998,-0.0023631999999999998,0.0026350999999999996,-0.00089670000000000006,0.00078639999999999992,-0.00025409999999999994,-0.0037366999999999999,-0.0012443999999999997,0.0026863,0.0093758000000000001,0.0010973999999999999,0.0018173999999999998,0.0094046999999999985,0.0005593000000000001,0.00033439999999999994,-0.0016294000000000005,-0.0005260000000000001,0.0028719000000000001,0.0038999000000000008,-0.00051560000000000061,0.0097021000000000017,-0.0031912000000000004,-0.00058980000000000013,0.0061615000000000003,0.0015029999999999996,-0.0028374999999999997,0.0030362000000000002,-0.00076279999999999968,-0.0016474999999999999,-0.0039220000000000001,-0.012110299999999999,-0.0010607999999999998,5.8100000000000165e-05,-0.0095534999999999995,0.0081470999999999991,-0.0079421000000000005,0.0034284000000000003,-0.00034499999999999993,0.0005821,-0.0018233999999999998,-0.0037654000000000003,0.0036665000000000005,0.00014300000000000001,-0.00050010000000000007,0.0013373,-0.0030794000000000004,0.00068290000000000007,0.00061990000000000005,-0.00098180000000000012,0.0019426000000000001,0.00031490000000000034,-0.0016165999999999999,0.0007873,0.0033255000000000003,-0.00025430000000000006,-0.0014583,-0.0046614000000000004,0.00059160000000000007,0.00086509999999999994,-0.0016797000000000001,0.0028657000000000005,0.0024387999999999996,0.0024561000000000001,0.00038400000000000001,0.00026380000000000023,0.0022834000000000001,0.0029754999999999998,-0.0028619000000000001,0.008826500000000001,0.00062449999999999962,-0.00094850000000000012,0.0069854000000000001,0.0055082999999999998,-0.0012255,0.00040669999999999986,0.0005241,0.0027926999999999991,0.0046058000000000002,-0.00048499999999999997,0.0031199000000000001,-0.0066690000000000004,-0.0018625000000000002,-0.00062049999999999996,-0.0010463999999999998,-0.009503300000000001,0.0067092000000000002,-0.0024978999999999999,0.0049033000000000011,-0.0090375999999999981,0.0018653000000000001,-0.0077929000000000019,-0.0114409,0.00028929999999999993,0.00013890000000000007,-0.00077789999999999999,0.00010980000000000007,0.0026229000000000001,0.00026870000000000003,-0.002751,0.00079900000000000001,0.0020998000000000002,-0.0020322000000000001,-0.00018800000000000012,0.00064980000000000007,0.00084630000000000013,0.0028229000000000001,-0.0010336,-0.00032659999999999997,-0.0009923,-2.3500000000000002e-05,0.0043544999999999999,0.00022660000000000001,-0.0024521999999999999,-0.0022649000000000002,-0.00035269999999999995,0.0012610999999999996,-0.0039603999999999993,-0.0034195000000000002,-0.0014625000000000003,0.0009255,-0.0015636000000000001,0.00057169999999999996,-0.0034523000000000002,6.9400000000000061e-05,0.00023040000000000018,0.0014543,-0.0013320999999999999,0.0032810000000000001,0.0020698000000000001,0.0023495999999999999,0.0025163,0.00047159999999999997,0.00058719999999999996,-0.0005107,0.0016649999999999998,0.0002611,-0.00066419999999999999,0.0016295000000000001,0.0057667000000000005,-0.0055907999999999999,0.0012734000000000001,-0.0034590000000000003,-0.0014486,-0.0028045999999999995,0.0022052,-0.0017426,0.0042862000000000004,-0.00031799999999999971,0.0019915999999999996,-0.0044107,-0.0030990000000000002,0.0091964999999999998,-0.0052623000000000001,0.0034601000000000002,-0.003023699999999999,0.0015146000000000009,-0.0008225000000000001,-0.00027159999999999993,0.0016945,0.001784,-0.00088040000000000004,0.00036090000000000004,-0.00052809999999999999,0.00059120000000000006,0.00064619999999999999,0.00028840000000000002,0.00073349999999999999,-0.00060179999999999999,-0.00023370000000000002,-6.4999999999999954e-06,-0.0010118999999999998,-0.0014823,0.0007842000000000002,-0.0042794999999999995,0.00094070000000000004,-2.1300000000000016e-05,-0.00070770000000000002,0.0010945999999999998,-0.00039720000000000001,-0.00017970000000000009,-0.0024445999999999999,-0.0001283,0.0012247,0.00050569999999999988,-0.0038412000000000003,0.0010497,-0.0012579000000000002,0.00078239999999999994,0.0026819000000000001,-0.00017679999999999999,-0.00058920000000000012,0.0010084,1.5099999999999879e-05,-0.00011799999999999994,-0.00068769999999999942,-0.0015366000000000002,0.0001008999999999999,0.0022910999999999999,-0.00067850000000000007,0.0014625000000000003,-0.00055959999999999994,-0.0015985000000000001,0.0013998999999999999,0.00047259999999999999,0.00041610000000000019,-1.7599999999999994e-05,0.0010502999999999999,0.0012235,0.0048643999999999996,-0.0034476999999999997,-8.0899999999999906e-05,-0.00034909999999999997,0.00085239999999999979,5.2899999999999992e-05,-0.0020295000000000001,0.0050145999999999993,-0.00092199999999999964,0.00053399999999999975,-0.0014014000000000003,0.0007679000000000004,-0.0020303000000000001,-0.0023710000000000003,-0.0029261000000000001,0.0035412,-0.0055660000000000006,-0.0001003,0.0011352000000000001,-0.0012120999999999998,0.00015060000000000014,0.00043389999999999998,-0.00011860000000000001,0.00054160000000000005,-0.00064520000000000007,0.00089840000000000004,-7.5799999999999945e-05,-0.0002812,0.0023363000000000004,0.00012199999999999993,0.00099200000000000004,0.0017351999999999997,0.00028390000000000002,-0.00061600000000000012,-0.00039079999999999996,-0.0011098000000000002,0.00078700000000000005,-0.00066320000000000007,0.00072769999999999996,-0.0011534000000000002,0.00015769999999999998,0.0020503000000000001,0.00028169999999999975,-8.3800000000000085e-05,0.0010914000000000002,0.00089210000000000005,-0.00072970000000000001,-0.00039619999999999998,-5.7699999999999993e-05,0.00029039999999999996,0.00051210000000000003,-2.6299999999999935e-05,-0.00077099999999999998,-0.0015111999999999999,-0.0025885000000000001,0.0013866999999999998,0.0015207000000000003,1.5099999999999988e-05,0.00066480000000000033,0.0019386,-0.00031219999999999995,0.00026149999999999996,-0.0013141000000000001,0.00014940000000000005,0.00041860000000000004,-0.0010587999999999999,0.0033364000000000006,-0.0018198000000000003,-0.00086930000000000015,0.00025190000000000011,0.00073329999999999999,-0.0002878999999999999,9.1000000000000586e-06,-0.0020115999999999997,0.00060260000000000001,0.00018890000000000001,-0.0044682000000000003,0.00078730000000000011,0.0020278000000000002,-0.00069149999999999995,-0.0026385999999999996,0.002104,-0.00035360000000000003,0.0015631,-0.0020395000000000001,0.0018566999999999998,0.00056569999999999971,-0.0025929000000000004,0.0014237,-0.00045170000000000008,-0.0022561,0.0002385
aug_between_class_right_pair0009_child02,Healthy,0,0,Augmented,0,0,0,0,0,0.29185800000000001,1.9991175999999999,1.9999999999999999e-07,-9.9999999999999995e-07,0,1.0225804000000001,0,0.0086854000000000028,-0.13284400000000002,0.0390654,0.046974799999999997,-0.057971799999999997,0.053178000000000003,0.00012260000000000011,0.020141800000000001,-0.045987199999999999,-0.026483999999999994,0.31739580000000001,-0.13638660000000002,0.010756399999999999,0.028731599999999996,0.023736400000000001,-0.013108599999999998,-0.0025707999999999998,-0.059477600000000005,0.0019231999999999999,-0.0056486000000000036,-0.062737200000000007,-0.0061162000000000005,-0.098112400000000002,0.0092367999999999999,0.040479399999999999,-0.032478599999999996,0.020070000000000001,0.0074902000000000007,-0.033037799999999999,0.031083399999999997,-0.078295599999999993,0.033554800000000023,0.0865784,0.010321200000000003,0.18376139999999999,-0.059149400000000005,0.0028119999999999994,-0.0010806000000000001,-0.0014256,-0.0208192,0.0027812000000000002,0.033974799999999999,-0.0027032000000000002,-0.0063753999999999998,-0.016118,-0.0042391999999999951,0.021197000000000001,0.0081609999999999981,0.026897000000000001,-0.0018870000000000015,-0.0081449999999999995,0.0018327999999999999,0.010101800000000001,-0.040810199999999998,0.0108994,-0.0051794000000000007,0.0082065999999999997,-0.0060060000000000009,-0.091749999999999998,-0.0116148,-0.03524,0.048978000000000001,-0.0025090000000000008,-0.00022680000000000006,0.0020108000000000001,0.0248974,0.0079947999999999998,-0.00076040000000000005,-0.016532400000000003,0.0026083999999999994,0.0083550000000000013,-0.0063254000000000001,-0.0018282000000000003,0.0049832000000000001,-0.0121216,0.0018556000000000002,0.0050820000000000006,0.0049343999999999994,-0.013503400000000002,-0.011105,0.010754800000000002,-0.0045471999999999995,-0.0047171999999999995,-0.0078884000000000003,0.0038398000000000017,0.0027704000000000006,-0.014156800000000001,-0.0010148000000000006,0.0030187999999999986,-0.0017897999999999994,0.022472400000000003,0.00078719999999999832,0.022660599999999996,0.023628200000000002,-0.028938599999999998,-0.004916199999999999,0.00042099999999999999,-0.0021773999999999999,0.0004048000000000003,0.0067545999999999995,-0.0019637999999999999,-0.00033219999999999951,0.00061140000000000012,0.0043947999999999999,-0.00060419999999999962,-0.00063859999999999958,0.0054538,0.0071915999999999994,0.0032253999999999998,-0.0016385999999999996,0.0059936,-0.0038206,0.0062545999999999999,-0.0030906000000000002,0.0087723999999999996,-0.0010185999999999999,-0.00043680000000000021,-0.0041282000000000003,-0.0038023999999999996,0.0039579999999999997,-0.0111558,-0.00046480000000000002,0.0077207999999999999,0.0012648,-0.00026739999999999967,-0.011163000000000001,-0.0096067999999999987,-0.0092120000000000014,-0.0057855999999999984,0.0012005999999999987,0.00014199999999999977,0.0013004000000000002,-0.0059291999999999999,-0.0067241999999999996,0.0017309999999999999,-0.0011946000000000001,-0.00045800000000000002,-0.0048354000000000001,-0.00010000000000000005,0.0025544000000000001,-0.00040059999999999965,0.0022694,-0.003359,0.0038501999999999998,0.0050240000000000007,-0.0012359999999999999,0.0075648,-0.0021392000000000004,-0.0012622000000000002,0.00061019999999999976,0.0028890000000000009,0.0016309999999999999,-0.0080061999999999998,-0.0062937999999999996,0.0072535999999999998,-0.00056940000000000029,-0.0037217999999999999,0.00082580000000000023,-0.0033877999999999998,0.00066719999999999974,-0.0036557999999999998,-0.0069605999999999991,0.0030673999999999996,-0.0026451999999999999,0.016421400000000003,0.0037181999999999996,-0.0076394000000000002,0.0036778000000000002,0.0117564,-0.0061100000000000008,0.0034086000000000003,-0.0087983999999999979,-0.0025869999999999995,0.0028110000000000001,-0.013944400000000001,-0.00039000000000000005,0.0049662000000000005,0.013026000000000001,0.0055580000000000004,-0.0086082000000000016,-0.002196,0.0021330000000000003,0.00048180000000000054,-0.0018804,-0.00051500000000000005,-0.0018759999999999996,-0.00081119999999999999,-0.0016775999999999998,0.0014737999999999999,0.0046210000000000001,-0.0038035999999999999,-0.0051540000000000006,-0.00093420000000000005,0.0017892000000000001,-0.0017834000000000001,-0.0034267999999999998,-0.0021983999999999997,0.0026962000000000002,-0.00081740000000000003,0.00074179999999999992,-2.7200000000000227e-05,-0.0035384000000000001,-0.0010617999999999999,0.0028796,0.0088176000000000001,0.0012608000000000005,0.0016488,0.0093913999999999994,5.0599999999999712e-05,-0.00034720000000000009,-0.0018188000000000002,-0.000357,0.0023838000000000002,0.0038238000000000009,-8.9200000000000217e-05,0.0085482000000000006,-0.0030974000000000002,-0.0010495999999999999,0.0054630000000000008,0.00065499999999999977,-0.0026409999999999993,0.0025364000000000003,-0.00060260000000000001,-0.0013129999999999997,-0.0039760000000000004,-0.012096600000000001,-0.0020206,-7.8800000000000398e-05,-0.0094000000000000004,0.008203199999999999,-0.0077192000000000007,0.0034088,-0.00048400000000000006,0.00036720000000000004,-0.0016838000000000001,-0.0037828000000000002,0.003192,6.200000000000003e-05,-0.00063820000000000012,0.0012485999999999999,-0.0030448000000000003,0.00079280000000000008,0.00064079999999999996,-0.0006006000000000004,0.0016801999999999997,0.00045580000000000035,-0.0014022000000000001,0.00085560000000000009,0.0034940000000000001,-0.00012260000000000005,-0.0011655999999999999,-0.0044468000000000008,0.00045019999999999999,0.0010011999999999998,-0.0016644000000000003,0.0026914,0.0024505999999999998,0.0018672000000000003,0.00018800000000000002,0.00034859999999999969,0.0023908000000000002,0.0026739999999999997,-0.0023698000000000005,0.0082319999999999997,0.00067000000000000046,-0.00067100000000000016,0.0064627999999999994,0.005151600000000001,-0.0012570000000000001,0.00033639999999999994,0.00046219999999999985,0.0024833999999999998,0.0043876000000000002,-0.0010629999999999999,0.0033048000000000001,-0.0065070000000000006,-0.002125000000000001,-0.00086299999999999983,-0.00095779999999999997,-0.0089386000000000014,0.0070093999999999998,-0.0026658000000000003,0.0052646000000000004,-0.0086812000000000018,0.0015615999999999998,-0.0072228000000000014,-0.0120088,0.00086759999999999973,7.1800000000000119e-05,-0.00055580000000000007,0.00016560000000000001,0.0026918000000000003,0.00025839999999999999,-0.0031660000000000004,0.00055200000000000008,0.0022025999999999999,-0.0021473999999999998,-0.000156,0.00058460000000000001,0.00097759999999999991,0.0027708000000000003,-0.0010392000000000001,-0.00018419999999999995,-0.00083960000000000003,-0.00021100000000000003,0.004246999999999999,0.00018019999999999999,-0.0025884000000000002,-0.0020098000000000004,-0.00021240000000000007,0.0012471999999999997,-0.0037477999999999999,-0.0034720000000000003,-0.0013670000000000002,0.00061299999999999994,-0.0015341999999999999,0.00082939999999999999,-0.0033756000000000003,0.00025979999999999992,3.0800000000000098e-05,0.0011965999999999999,-0.0011961999999999999,0.0032190000000000001,0.0019106000000000001,0.0023931999999999998,0.0024555999999999996,0.00052320000000000014,0.00080940000000000005,-0.00033040000000000022,0.0016259999999999998,0.00030220000000000008,-0.00085740000000000013,0.0016739999999999999,0.0052974000000000007,-0.0051876000000000005,0.0011078000000000004,-0.003771,-0.0012412,-0.0021892000000000005,0.0019264,-0.0017592,0.0038004000000000002,-0.00047999999999999985,0.0017092000000000001,-0.0044424,-0.0033520000000000008,0.0084110000000000001,-0.0051935999999999996,0.0030341999999999999,-0.0019533999999999992,0.0011322000000000003,-0.00078899999999999999,-0.00018320000000000006,0.001611,0.0016510000000000001,-0.0008068000000000001,8.1800000000000037e-05,-0.00067020000000000003,0.00060840000000000004,0.00066840000000000009,0.00026380000000000002,0.00073899999999999997,-0.00065360000000000006,-0.00029440000000000011,-3.9000000000000026e-05,-0.00087480000000000001,-0.0013395999999999998,0.00076040000000000016,-0.0040070000000000001,0.00097940000000000006,-6.1600000000000007e-05,-0.00071040000000000014,0.00091219999999999995,-0.00043639999999999998,-0.00042240000000000018,-0.0023622000000000001,-2.9600000000000015e-05,0.0011074000000000001,0.00078439999999999998,-0.0037004000000000004,0.00097940000000000006,-0.00089280000000000002,0.00048679999999999991,0.0024118000000000004,-3.5599999999999998e-05,-0.00077740000000000025,0.0010808,0.00013919999999999991,-0.00010300000000000001,-0.00050139999999999994,-0.0018152000000000001,0.00013480000000000002,0.002245200000000001,-0.0005170000000000001,0.0013640000000000002,-0.00057820000000000007,-0.00173,0.0015158000000000001,0.00030620000000000002,0.00055119999999999995,-0.00018120000000000001,0.00053559999999999979,0.001178,0.0049017999999999996,-0.0037013999999999997,2.7200000000000011e-05,-0.00020919999999999999,0.00081279999999999992,0.00019779999999999998,-0.0022540000000000004,0.0047241999999999996,-0.00086800000000000028,0.00029700000000000017,-0.0010558000000000002,0.00039180000000000031,-0.0020176,-0.0018160000000000003,-0.0028901999999999999,0.0036134000000000001,-0.0049670000000000001,5.2400000000000027e-05,0.0010494000000000002,-0.0011831999999999999,4.0200000000000001e-05,0.00052280000000000002,-0.00027719999999999996,0.00049620000000000003,-0.0005304000000000001,0.00087279999999999996,-0.00029959999999999991,-0.00032840000000000001,0.0023786000000000002,0.00012100000000000012,0.00099400000000000009,0.0013443999999999999,0.00017680000000000001,-0.00047200000000000009,-0.0003116000000000002,-0.00093160000000000009,0.00088600000000000007,-0.00057039999999999999,0.00068240000000000011,-0.00088579999999999996,-8.5999999999998838e-06,0.0020476000000000001,0.00036939999999999998,-1.8600000000000127e-05,0.00096980000000000005,0.00068420000000000004,-0.00084840000000000002,-0.00047940000000000005,-5.0399999999999992e-05,0.00047579999999999991,0.00048520000000000003,-9.9600000000000253e-05,-0.00060599999999999998,-0.0016213999999999998,-0.0024780000000000002,0.0013934000000000004,0.0012724000000000006,0.00012019999999999994,0.00051559999999999996,0.0021232,-0.00033939999999999996,1.5999999999999955e-05,-0.0010862000000000001,-7.5200000000000093e-05,0.00029119999999999998,-0.00065260000000000025,0.0032398000000000001,-0.0016496000000000002,-0.00082760000000000017,0.00016080000000000011,0.00061760000000000005,-0.00028279999999999983,-2.6799999999999947e-05,-0.0018971999999999999,0.00050120000000000004,0.00022679999999999998,-0.0040164000000000007,0.0007756000000000002,0.0013716000000000002,-0.00056500000000000007,-0.0025141999999999999,0.0019870000000000001,-0.00011319999999999993,0.0018841999999999999,-0.0019910000000000001,0.0016103999999999999,0.00048040000000000018,-0.0021788000000000003,0.0010754,-0.00079840000000000011,-0.0019151999999999997,0.00047600000000000008
aug_between_class_right_pair0009_child03,Healthy,0,0,Augmented,0,0,0,0,0,0.28774250000000001,1.9953298999999998,2.9999999999999999e-07,-9.9999999999999995e-07,0,1.0113366000000001,4.1359030627651384e-25,0.0088296000000000069,-0.13416600000000001,0.037749100000000001,0.048649699999999997,-0.059031699999999993,0.05460050000000001,-0.00057259999999999993,0.021065199999999999,-0.044642799999999996,-0.030506000000000005,0.32089619999999996,-0.13578890000000002,0.0074790999999999989,0.028197400000000004,0.022142599999999998,-0.014237399999999999,-0.0027797,-0.059078900000000004,0.0048913000000000047,-0.0048669000000000004,-0.063673800000000003,-0.0056047999999999966,-0.096858600000000003,0.0078036999999999994,0.0417866,-0.031157899999999995,0.018689500000000001,0.0086508000000000002,-0.032827200000000001,0.030713600000000001,-0.079628900000000002,0.032790699999999992,0.085717100000000004,0.011273799999999994,0.1856506,-0.057410100000000006,0.0030775000000000004,-0.0015414000000000001,-0.0022784000000000007,-0.020828300000000001,0.0027983000000000001,0.034717199999999997,-0.0027553,-0.0072026,-0.016550499999999999,-0.0051888000000000004,0.022062999999999999,0.0091345000000000037,0.0278295,-0.00021899999999999871,-0.0090644999999999996,0.0025851999999999997,0.0093086999999999996,-0.041764299999999997,0.010563599999999999,-0.0042991000000000001,0.0085173999999999979,-0.0033294999999999957,-0.093046500000000004,-0.010563699999999999,-0.036277000000000004,0.046667999999999994,-0.0025159999999999991,1.7300000000000014e-05,0.0022441999999999996,0.024300599999999999,0.0085222000000000006,-0.00095709999999999979,-0.0155146,0.0027456,0.0078480000000000008,-0.0062870999999999995,-0.0016508,0.0044873000000000005,-0.011823400000000001,0.0024384000000000003,0.0042235000000000007,0.0035465999999999996,-0.0137731,-0.010345,0.011227700000000002,-0.0047118000000000004,-0.0047242999999999999,-0.0078411000000000002,0.0025132000000000002,0.0014946000000000004,-0.014258699999999999,-0.0013502000000000002,0.0033801999999999999,-0.0010832000000000012,0.0210691,0.0010838000000000028,0.0211994,0.021189300000000001,-0.027201399999999997,-0.0041982999999999986,0.00041899999999999999,-0.0022370999999999997,0.00049820000000000073,0.0071263999999999997,-0.0021521999999999999,0.0002511999999999996,0.00031810000000000009,0.0046211999999999998,-0.00053429999999999971,-0.00044740000000000058,0.0055877000000000001,0.0072974000000000008,0.0033390999999999998,-0.0021578999999999995,0.0056619000000000001,-0.0037794,0.0060458999999999999,-0.0032569000000000005,0.0089070999999999994,-0.0012714,-0.00029420000000000054,-0.0044802999999999996,-0.0043965999999999996,0.0048299999999999992,-0.011977699999999999,-0.00026969999999999989,0.0069941999999999999,0.00098170000000000115,-0.00063360000000000022,-0.011911,-0.0100202,-0.0082369999999999995,-0.0070463999999999995,0.00015289999999999835,0.00080900000000000047,0.0011070999999999998,-0.0048262999999999995,-0.0048452999999999986,0.00076850000000000052,-0.0011933999999999998,-0.00048599999999999994,-0.0048130999999999998,-0.00035549999999999991,0.0024086000000000003,0.00028059999999999934,0.0016420999999999999,-0.0033470000000000001,0.0044897999999999995,0.0049479999999999993,-0.0010280000000000001,0.0075976999999999989,-0.0022108000000000002,-0.0013228000000000005,0.00082329999999999925,0.0031590000000000003,0.0017549999999999994,-0.0075717999999999992,-0.0053842000000000004,0.0073723999999999994,-0.0015326000000000007,-0.0036901999999999998,0.00056770000000000041,-0.0031522,0.00051080000000000049,-0.0032031999999999998,-0.0069394000000000001,0.0032930999999999998,-0.0029093000000000005,0.015841599999999997,0.0035482999999999999,-0.0082620999999999997,0.0030211999999999995,0.011614599999999999,-0.0063174999999999985,0.0029743999999999999,-0.0087615999999999979,-0.0023275000000000001,0.0020179999999999998,-0.015894600000000002,0.00057550000000000017,0.0046828,0.013217999999999995,0.0059734999999999996,-0.0083113000000000006,-0.0022704999999999999,0.0020079999999999998,0.00020169999999999997,-0.0017421000000000001,-0.0001454999999999998,-0.0013639999999999993,-0.00086230000000000009,-0.0018099000000000001,0.0012727000000000001,0.004444,-0.0037648999999999998,-0.0048094999999999995,-0.0012008000000000001,0.0018622999999999997,-0.0014530999999999999,-0.0031481999999999994,-0.0020335999999999996,0.0027572999999999999,-0.00073810000000000011,0.00069720000000000003,0.00019970000000000014,-0.0033400999999999999,-0.00087920000000000055,0.0030728999999999999,0.0082594000000000001,0.0014241999999999998,0.0014801999999999999,0.0093781000000000003,-0.00045810000000000024,-0.0010287999999999999,-0.0020081999999999999,-0.00018800000000000023,0.0018956999999999993,0.0037477000000000001,0.00033720000000000017,0.0073943000000000004,-0.0030036000000000004,-0.0015094000000000002,0.0047644999999999996,-0.0001930000000000009,-0.0024444999999999996,0.0020366,-0.0004423999999999998,-0.00097849999999999955,-0.0040299999999999989,-0.012082899999999999,-0.0029804000000000002,-0.00021569999999999966,-0.0092464999999999995,0.0082592999999999989,-0.0074963000000000009,0.0033892000000000002,-0.00062299999999999996,0.00015230000000000002,-0.0015441999999999999,-0.0038002000000000001,0.0027175000000000003,-1.9000000000000008e-05,-0.00077629999999999995,0.0011599000000000002,-0.0030102000000000002,0.0009027000000000001,0.00066170000000000009,-0.00021940000000000021,0.0014177999999999997,0.00059670000000000014,-0.0011877999999999999,0.00092390000000000007,0.0036625,9.0999999999997333e-06,-0.00087290000000000002,-0.0042322000000000002,0.00030880000000000002,0.0011372999999999999,-0.0016491000000000001,0.0025171000000000004,0.0024624,0.0012782999999999996,-7.9999999999999776e-06,0.00043340000000000002,0.0024981999999999999,0.0023725,-0.0018777000000000002,0.0076374999999999993,0.00071549999999999999,-0.00039350000000000013,0.0059401999999999996,0.0047948999999999995,-0.0012884999999999999,0.00026610000000000002,0.00040029999999999992,0.0021740999999999987,0.0041694000000000002,-0.0016410000000000001,0.0034897000000000001,-0.0063449999999999999,-0.0023874999999999999,-0.0011054999999999999,-0.00086919999999999988,-0.0083739000000000001,0.0073096000000000003,-0.0028337000000000002,0.0056259000000000005,-0.0083247999999999985,0.0012578999999999997,-0.006652700000000001,-0.0125767,0.0014458999999999997,4.6999999999999516e-06,-0.00033369999999999993,0.00022139999999999996,0.0027607,0.00024810000000000001,-0.003581,0.0003050000000000001,0.0023054,-0.0022626,-0.00012399999999999987,0.00051940000000000005,0.0011089000000000001,0.0027187000000000001,-0.0010447999999999998,-4.1799999999999959e-05,-0.00068689999999999984,-0.00039849999999999998,0.0041394999999999991,0.0001338,-0.0027245999999999998,-0.0017547000000000001,-7.2099999999999747e-05,0.0012332999999999999,-0.0035351999999999996,-0.0035244999999999999,-0.0012715000000000001,0.00030050000000000009,-0.0015047999999999999,0.0010870999999999999,-0.0032989000000000004,0.00045019999999999978,-0.00016879999999999998,0.00093889999999999989,-0.0010602999999999999,0.0031570000000000001,0.0017513999999999997,0.0024367999999999994,0.0023949000000000002,0.00057479999999999988,0.0010315999999999999,-0.00015010000000000002,0.0015869999999999999,0.00034330000000000005,-0.0010506000000000001,0.0017185000000000002,0.0048281000000000001,-0.0047844000000000003,0.00094219999999999992,-0.0040829999999999998,-0.0010338000000000001,-0.0015737999999999998,0.0016475999999999999,-0.0017758000000000001,0.0033146,-0.00064199999999999999,0.0014267999999999998,-0.0044741,-0.0036050000000000001,0.0076254999999999995,-0.0051248999999999991,0.0026083,-0.00088309999999999951,0.00074979999999999969,-0.00075549999999999999,-9.4799999999999865e-05,0.0015275,0.0015180000000000003,-0.00073319999999999993,-0.00019730000000000013,-0.00081229999999999996,0.00062559999999999992,0.00069059999999999998,0.00023920000000000001,0.00074449999999999994,-0.00070540000000000002,-0.00035510000000000001,-7.1499999999999949e-05,-0.00073769999999999999,-0.0011969000000000001,0.00073659999999999991,-0.0037345,0.0010181000000000001,-0.00010190000000000002,-0.00071310000000000004,0.00072979999999999996,-0.00047559999999999996,-0.00066510000000000028,-0.0022798000000000002,6.9100000000000026e-05,0.00099009999999999983,0.0010631,-0.0035596000000000004,0.00090909999999999993,-0.00052770000000000009,0.00019119999999999999,0.0021416999999999999,0.00010559999999999999,-0.00096559999999999994,0.0011532000000000001,0.00026329999999999995,-8.8000000000000079e-05,-0.00031509999999999958,-0.0020937999999999998,0.00016869999999999993,0.0021993000000000004,-0.00035550000000000002,0.0012655000000000001,-0.00059680000000000019,-0.0018614999999999999,0.0016316999999999998,0.00013980000000000004,0.00068629999999999993,-0.00034480000000000009,2.0899999999999695e-05,0.0011324999999999998,0.0049391999999999995,-0.0039550999999999996,0.00013530000000000009,-6.9300000000000004e-05,0.00077319999999999982,0.00034269999999999993,-0.0024784999999999994,0.0044337999999999999,-0.00081399999999999962,5.9999999999999724e-05,-0.00071020000000000002,1.5700000000000219e-05,-0.0020049,-0.001261,-0.0028542999999999997,0.0036855999999999998,-0.0043680000000000004,0.00020509999999999997,0.0009636,-0.0011543,-7.0199999999999972e-05,0.00061169999999999996,-0.00043579999999999997,0.00045080000000000001,-0.00041560000000000002,0.00084719999999999999,-0.00052340000000000004,-0.00037560000000000002,0.0024209000000000001,0.00011999999999999999,0.00099600000000000014,0.00095359999999999987,6.9700000000000014e-05,-0.00032799999999999995,-0.0002323999999999999,-0.00075340000000000021,0.00098499999999999998,-0.00047760000000000001,0.00063709999999999982,-0.00061820000000000006,-0.00017489999999999975,0.0020449000000000001,0.00045709999999999978,4.6600000000000049e-05,0.00084819999999999991,0.00047629999999999992,-0.00096710000000000003,-0.00056260000000000012,-4.3099999999999997e-05,0.00066120000000000003,0.00045830000000000003,-0.00017289999999999992,-0.00044099999999999993,-0.0017316,-0.0023674999999999998,0.0014000999999999996,0.0010241000000000002,0.00022530000000000006,0.00036640000000000007,0.0023077999999999996,-0.00036660000000000007,-0.00022949999999999999,-0.00085829999999999999,-0.00029980000000000024,0.00016379999999999992,-0.00024639999999999992,0.0031432000000000005,-0.0014794000000000001,-0.00078589999999999975,6.9699999999999797e-05,0.0005019,-0.00027769999999999997,-6.2700000000000006e-05,-0.0017827999999999997,0.00039979999999999985,0.00026470000000000004,-0.0035645999999999994,0.00076390000000000008,0.00071540000000000037,-0.00043850000000000009,-0.0023898000000000001,0.0018700000000000001,0.00012719999999999995,0.0022053000000000003,-0.0019425000000000002,0.0013640999999999998,0.00039510000000000023,-0.0017646999999999999,0.00072709999999999984,-0.0011451,-0.0015742999999999998,0.00071350000000000016
aug_between_class_right_pair0009_child04,Healthy,0,0,Augmented,0,0,0,0,0,0.28362700000000002,1.9915421999999998,4.0000000000000003e-07,-9.9999999999999995e-07,0,1.0000928,0,0.008973800000000004,-0.135488,0.036432800000000001,0.050324599999999997,-0.060091599999999995,0.056023000000000003,-0.0012678000000000001,0.021988600000000001,-0.043298400000000001,-0.034528000000000003,0.32439659999999998,-0.13519120000000001,0.0042017999999999986,0.027663199999999992,0.020548800000000002,-0.0153662,-0.0029886000000000001,-0.058680200000000002,0.0078594000000000025,-0.0040851999999999972,-0.064610400000000012,-0.0050933999999999979,-0.095604800000000004,0.0063705999999999988,0.043093800000000002,-0.029837199999999998,0.017309000000000001,0.0098114000000000014,-0.032616600000000003,0.030343799999999997,-0.080962199999999998,0.032026600000000002,0.084855799999999995,0.012226399999999998,0.18753980000000001,-0.055670799999999999,0.0033429999999999996,-0.0020022,-0.0031312000000000006,-0.020837399999999999,0.0028154,0.035459600000000001,-0.0028074000000000003,-0.0080298000000000001,-0.016983000000000002,-0.0061383999999999987,0.022928999999999998,0.010107999999999999,0.028761999999999999,0.0014490000000000024,-0.0099839999999999998,0.0033376,0.0085155999999999999,-0.042718399999999997,0.0102278,-0.0034188000000000001,0.0088281999999999979,-0.00065299999999999733,-0.09434300000000001,-0.0095125999999999995,-0.037314,0.044357999999999995,-0.0025230000000000009,0.00026139999999999996,0.0024775999999999999,0.023703799999999997,0.0090495999999999997,-0.0011538,-0.014496800000000001,0.0028827999999999996,0.0073410000000000003,-0.0062488000000000005,-0.0014734000000000006,0.0039914,-0.011525199999999999,0.0030212000000000004,0.0033649999999999999,0.0021587999999999989,-0.014042800000000001,-0.0095849999999999998,0.0117006,-0.0048763999999999995,-0.0047314000000000002,-0.0077938,0.0011866000000000003,0.00021880000000000033,-0.014360600000000001,-0.0016856000000000002,0.0037416000000000003,-0.0003765999999999995,0.019665800000000004,0.0013804000000000004,0.019738200000000004,0.0187504,-0.025464199999999999,-0.0034803999999999985,0.000417,-0.0022967999999999999,0.00059160000000000029,0.0074982,-0.0023406,0.00083460000000000045,2.4799999999999952e-05,0.0048475999999999997,-0.0004643999999999998,-0.00025619999999999983,0.0057216000000000003,0.0074031999999999995,0.0034527999999999998,-0.0026771999999999998,0.0053302000000000002,-0.0037382000000000001,0.0058371999999999999,-0.0034231999999999999,0.0090417999999999991,-0.0015241999999999999,-0.0001516,-0.0048323999999999988,-0.0049908000000000001,0.0057019999999999987,-0.012799600000000001,-7.4600000000000187e-05,0.0062675999999999999,0.00069859999999999974,-0.00099979999999999991,-0.012659,-0.010433599999999999,-0.0072619999999999994,-0.0083072000000000007,-0.00089480000000000115,0.0014760000000000005,0.00091379999999999977,-0.0037233999999999995,-0.0029663999999999992,-0.0001940000000000006,-0.0011922,-0.00051400000000000013,-0.0047908000000000004,-0.000611,0.0022628000000000001,0.00096179999999999963,0.0010147999999999997,-0.0033349999999999999,0.0051293999999999992,0.0048719999999999996,-0.00081999999999999977,0.0076305999999999995,-0.0022824,-0.0013834000000000001,0.0010363999999999996,0.0034290000000000006,0.0018789999999999998,-0.0071373999999999995,-0.0044746000000000005,0.0074911999999999999,-0.0024958000000000007,-0.0036586000000000001,0.00030960000000000015,-0.0029166000000000001,0.00035439999999999951,-0.0027505999999999997,-0.0069181999999999994,0.0035187999999999999,-0.0031734000000000003,0.015261799999999999,0.0033784000000000002,-0.0088848,0.0023645999999999997,0.0114728,-0.0065250000000000004,0.0025402000000000003,-0.0087247999999999944,-0.002068,0.0012249999999999995,-0.017844800000000001,0.0015410000000000003,0.0043994000000000004,0.013409999999999997,0.0063890000000000006,-0.0080144000000000014,-0.0023450000000000003,0.0018830000000000001,-7.8399999999999954e-05,-0.0016038000000000001,0.00022400000000000002,-0.00085199999999999935,-0.00091339999999999998,-0.0019422,0.0010716,0.004267,-0.0037261999999999998,-0.0044650000000000002,-0.0014674000000000002,0.0019353999999999999,-0.0011228,-0.0028695999999999995,-0.0018687999999999999,0.0028184,-0.00065879999999999997,0.00065259999999999992,0.00042660000000000007,-0.0031418000000000001,-0.00069659999999999991,0.0032661999999999999,0.0077012000000000001,0.0015876000000000004,0.0013116,0.0093647999999999995,-0.0009668000000000003,-0.0017104000000000004,-0.0021976000000000005,-1.899999999999992e-05,0.0014076000000000002,0.0036716000000000006,0.0007635999999999997,0.0062404000000000001,-0.0029098000000000001,-0.0019691999999999999,0.0040660000000000002,-0.0010410000000000007,-0.0022479999999999991,0.0015368000000000001,-0.00028219999999999981,-0.00064399999999999939,-0.0040839999999999991,-0.012069199999999997,-0.0039401999999999996,-0.00035259999999999935,-0.0090930000000000004,0.0083153999999999988,-0.007273400000000001,0.0033695999999999999,-0.00076199999999999998,-6.259999999999999e-05,-0.0014046,-0.0038176,0.0022429999999999998,-9.9999999999999978e-05,-0.00091440000000000011,0.0010712,-0.0029756000000000001,0.0010126000000000002,0.0006826,0.00016179999999999992,0.0011553999999999998,0.00073760000000000015,-0.00097339999999999981,0.00099219999999999994,0.0038310000000000002,0.00014079999999999995,-0.00058019999999999968,-0.0040175999999999996,0.00016740000000000006,0.0012734000000000001,-0.0016338000000000004,0.0023427999999999999,0.0024742000000000002,0.0006893999999999993,-0.00020399999999999997,0.00051819999999999969,0.0026056,0.0020709999999999999,-0.0013855999999999999,0.0070429999999999998,0.00076099999999999952,-0.000116,0.0054175999999999998,0.0044382000000000007,-0.00132,0.00019579999999999966,0.00033839999999999999,0.0018648000000000002,0.0039511999999999985,-0.0022190000000000001,0.0036746000000000001,-0.006183000000000001,-0.0026500000000000004,-0.001348,-0.00078059999999999989,-0.0078091999999999988,0.0076097999999999999,-0.0030016000000000001,0.0059871999999999998,-0.007968399999999997,0.00095419999999999988,-0.0060826000000000005,-0.013144600000000001,0.0020241999999999999,-6.2399999999999999e-05,-0.00011159999999999991,0.00027719999999999996,0.0028295999999999998,0.00023779999999999998,-0.0039960000000000004,5.8000000000000109e-05,0.0024082000000000001,-0.0023778000000000002,-9.1999999999999959e-05,0.00045420000000000004,0.0012402000000000001,0.0026665999999999999,-0.0010503999999999997,0.00010060000000000011,-0.00053419999999999997,-0.00058600000000000004,0.0040319999999999991,8.7399999999999983e-05,-0.0028608000000000001,-0.0014996000000000002,6.820000000000014e-05,0.0012194,-0.0033225999999999998,-0.0035769999999999999,-0.0011760000000000004,-1.1999999999999858e-05,-0.0014754,0.0013447999999999999,-0.0032222000000000002,0.00064060000000000007,-0.00036840000000000001,0.00068119999999999986,-0.00092439999999999992,0.0030950000000000001,0.0015922000000000002,0.0024803999999999998,0.0023341999999999998,0.00062639999999999983,0.0012538,3.0199999999999975e-05,0.0015479999999999999,0.00038440000000000007,-0.0012438000000000002,0.0017630000000000002,0.0043588000000000003,-0.0043812000000000009,0.00077660000000000001,-0.0043949999999999996,-0.00082640000000000014,-0.00095839999999999966,0.0013687999999999999,-0.0017924,0.0028287999999999998,-0.00080399999999999992,0.0011443999999999998,-0.0045058000000000008,-0.0038579999999999999,0.0068399999999999997,-0.0050562000000000003,0.0021824000000000001,0.00018720000000000021,0.00036739999999999993,-0.00072199999999999999,-6.3999999999999929e-06,0.001444,0.0013850000000000002,-0.00065959999999999999,-0.00047640000000000014,-0.0009544,0.00064280000000000001,0.00071279999999999998,0.00021460000000000001,0.00075000000000000002,-0.00075719999999999997,-0.00041580000000000013,-0.00010399999999999998,-0.00060059999999999996,-0.0010541999999999999,0.00071279999999999987,-0.0034619999999999998,0.0010568000000000001,-0.00014220000000000004,-0.00071580000000000005,0.00054739999999999997,-0.00051479999999999994,-0.00090780000000000016,-0.0021974,0.00016780000000000001,0.00087279999999999986,0.0013418000000000002,-0.0034188000000000005,0.0008387999999999999,-0.00016259999999999994,-0.00010440000000000004,0.0018716,0.00024680000000000004,-0.0011538000000000004,0.0012256000000000001,0.00038739999999999977,-7.300000000000004e-05,-0.00012879999999999966,-0.0023724000000000002,0.00020259999999999983,0.0021533999999999998,-0.000194,0.0011670000000000001,-0.0006154000000000001,-0.001993,0.0017476,-2.6599999999999996e-05,0.00082140000000000012,-0.0005084,-0.00049380000000000018,0.0010869999999999999,0.0049765999999999994,-0.0042088000000000004,0.00024340000000000006,7.0600000000000036e-05,0.00073359999999999994,0.00048759999999999993,-0.0027029999999999992,0.0041433999999999993,-0.00075999999999999983,-0.00017700000000000029,-0.00036459999999999986,-0.00036039999999999998,-0.0019922,-0.00070600000000000003,-0.0028183999999999996,0.0037577999999999999,-0.0037690000000000002,0.00035779999999999997,0.00087779999999999998,-0.0011253999999999999,-0.00018060000000000003,0.00070060000000000001,-0.00059440000000000003,0.00040539999999999999,-0.00030079999999999999,0.00082160000000000002,-0.00074719999999999995,-0.00042279999999999998,0.0024632,0.00011899999999999997,0.00099799999999999997,0.0005627999999999998,-3.7400000000000042e-05,-0.00018399999999999997,-0.00015319999999999993,-0.0005752000000000001,0.0010839999999999999,-0.00038480000000000003,0.00059179999999999996,-0.00035059999999999996,-0.00034119999999999995,0.0020422000000000001,0.00054480000000000002,0.0001117999999999999,0.0007266000000000001,0.00026839999999999996,-0.0010858,-0.00064580000000000008,-3.5799999999999989e-05,0.00084659999999999987,0.00043139999999999997,-0.00024620000000000002,-0.00027599999999999999,-0.0018418,-0.0022569999999999995,0.0014068000000000002,0.0007758000000000001,0.00033040000000000006,0.00021720000000000002,0.0024923999999999997,-0.00039379999999999998,-0.00047500000000000016,-0.00063039999999999993,-0.00052440000000000017,3.6399999999999963e-05,0.00015979999999999985,0.0030466,-0.0013092000000000002,-0.00074419999999999977,-2.1399999999999978e-05,0.00038619999999999995,-0.00027260000000000001,-9.8599999999999957e-05,-0.0016684,0.0002984000000000001,0.00030260000000000004,-0.0031127999999999993,0.00075220000000000039,5.9199999999999704e-05,-0.00031199999999999999,-0.0022653999999999999,0.001753,0.00036760000000000015,0.0025264000000000003,-0.0018940000000000003,0.0011178,0.00030979999999999983,-0.0013506,0.00037879999999999988,-0.0014918000000000002,-0.0012333999999999997,0.00095100000000000002
aug_between_class_right_pair0009_child05,TLE,1,1,Augmented,0,0,0,0,0,0.27539599999999997,1.9839667999999999,5.9999999999999997e-07,-9.9999999999999995e-07,0,0.97760520000000006,0,0.0092622000000000052,-0.138132,0.033800200000000002,0.053674399999999997,-0.062211399999999993,0.058868000000000004,-0.0026581999999999999,0.023835400000000003,-0.040609600000000003,-0.042571999999999999,0.33139740000000001,-0.1339958,-0.0023527999999999995,0.026594800000000002,0.0173612,-0.017623799999999998,-0.0034064,-0.057882799999999998,0.0137956,-0.0025218000000000046,-0.066483600000000004,-0.0040705999999999989,-0.093097199999999991,0.0035043999999999978,0.045708200000000004,-0.027195799999999999,0.014548,0.0121326,-0.032195399999999999,0.029604200000000001,-0.083628799999999989,0.030498400000000023,0.08313319999999999,0.014131599999999994,0.19131819999999999,-0.052192200000000001,0.0038740000000000007,-0.0029238000000000003,-0.0048368000000000005,-0.020855600000000002,0.0028495999999999999,0.036944399999999995,-0.0029115999999999999,-0.0096842000000000004,-0.017848000000000003,-0.0080376000000000006,0.024660999999999999,0.012055,0.030626999999999998,0.0047849999999999993,-0.011823,0.0048423999999999993,0.0069294000000000005,-0.044626600000000002,0.0095562000000000008,-0.0016582000000000003,0.0094497999999999978,0.0046999999999999993,-0.096935999999999994,-0.0074104000000000001,-0.039387999999999999,0.039738000000000002,-0.0025370000000000011,0.00074960000000000001,0.0029444000000000002,0.022510200000000001,0.010104399999999999,-0.0015471999999999999,-0.0124612,0.0031571999999999998,0.0063270000000000002,-0.0061721999999999992,-0.0011186000000000004,0.0029996000000000007,-0.010928799999999999,0.0041868000000000001,0.001648000000000001,-0.00061680000000000155,-0.014582200000000002,-0.008065000000000001,0.012646400000000002,-0.0052055999999999995,-0.0047456,-0.0076991999999999998,-0.0014665999999999993,-0.0023327999999999986,-0.0145644,-0.0023563999999999998,0.0044643999999999994,0.0010365999999999986,0.016859200000000001,0.001973599999999999,0.016815799999999999,0.013872599999999999,-0.0219898,-0.0020445999999999997,0.00041299999999999996,-0.0024161999999999999,0.0007783999999999994,0.0082418000000000005,-0.0027174,0.0020013999999999995,-0.00056179999999999989,0.0053003999999999994,-0.00032460000000000041,0.00012619999999999992,0.0059893999999999998,0.0076148000000000006,0.0036801999999999998,-0.0037157999999999996,0.0046668000000000005,-0.0036557999999999998,0.0054197999999999998,-0.0037557999999999997,0.0093111999999999986,-0.0020298,0.00013359999999999934,-0.0055365999999999974,-0.0061791999999999993,0.0074459999999999986,-0.014443399999999999,0.00031559999999999965,0.0048143999999999999,0.0001324000000000004,-0.0017321999999999999,-0.014155000000000001,-0.0112604,-0.0053120000000000007,-0.0108288,-0.0029902000000000001,0.00281,0.00052719999999999991,-0.0015176000000000002,0.00079140000000000005,-0.0021189999999999998,-0.0011898,-0.00056999999999999998,-0.0047461999999999999,-0.0011219999999999997,0.0019712000000000002,0.0023241999999999989,-0.00023979999999999987,-0.0033109999999999997,0.0064085999999999987,0.0047200000000000002,-0.00040400000000000006,0.0076963999999999991,-0.0024256,-0.0015046,0.0014625999999999994,0.0039690000000000003,0.0021269999999999996,-0.0062686,-0.0026554,0.0077287999999999992,-0.0044221999999999994,-0.0035954000000000003,-0.00020659999999999949,-0.0024453999999999999,4.1600000000000144e-05,-0.0018454000000000001,-0.0068757999999999996,0.0039702000000000001,-0.0037015999999999998,0.014102199999999999,0.0030385999999999998,-0.010130199999999999,0.0010514000000000003,0.0111892,-0.0069400000000000009,0.0016718000000000002,-0.0086511999999999978,-0.001549,-0.00036100000000000043,-0.021745200000000003,0.0034720000000000007,0.0038326000000000002,0.013793999999999999,0.007219999999999999,-0.0074206000000000012,-0.0024940000000000001,0.0016329999999999999,-0.00063860000000000002,-0.0013272000000000002,0.00096299999999999988,0.00017200000000000017,-0.0010156,-0.0022068000000000001,0.00066940000000000012,0.0039129999999999998,-0.0036487999999999998,-0.0037759999999999998,-0.0020005999999999999,0.0020815999999999999,-0.00046220000000000018,-0.0023124,-0.0015392000000000001,0.0029405999999999998,-0.00050019999999999991,0.00056339999999999993,0.00088039999999999993,-0.0027452000000000002,-0.00033140000000000079,0.0036528000000000003,0.0065848,0.0019143999999999999,0.00097439999999999994,0.0093381999999999979,-0.0019842000000000002,-0.0030736000000000001,-0.0025764000000000004,0.00031900000000000006,0.00043140000000000019,0.0035194000000000007,0.0016163999999999996,0.0039326000000000005,-0.0027222000000000001,-0.0028888000000000004,0.0026690000000000004,-0.0027369999999999998,-0.0018549999999999999,0.00053720000000000026,3.8200000000000007e-05,2.5000000000000282e-05,-0.0041919999999999995,-0.012041799999999997,-0.0058597999999999992,-0.00062639999999999918,-0.0087860000000000004,0.0084276000000000004,-0.0068276000000000005,0.0033304000000000003,-0.0010400000000000001,-0.00049239999999999983,-0.0011253999999999999,-0.0038524000000000006,0.0012940000000000002,-0.00026200000000000003,-0.0011906,0.00089380000000000004,-0.0029064,0.0012324,0.00072440000000000004,0.00092419999999999959,0.00063059999999999982,0.0010194000000000002,-0.00054460000000000001,0.0011288000000000001,0.0041679999999999998,0.00040420000000000039,5.200000000000018e-06,-0.0035884000000000003,-0.00011540000000000009,0.0015455999999999998,-0.0016032000000000004,0.0019942000000000002,0.0024978000000000001,-0.00048839999999999995,-0.00059600000000000007,0.00068779999999999991,0.0028204000000000003,0.0014679999999999999,-0.00040140000000000022,0.0058540000000000007,0.00085199999999999989,0.00043899999999999972,0.0043724000000000002,0.0037248000000000003,-0.0013829999999999999,5.5200000000000041e-05,0.00021460000000000012,0.0012461999999999998,0.0035147999999999998,-0.0033750000000000004,0.0040444000000000001,-0.0058589999999999996,-0.0031749999999999999,-0.001833,-0.00060340000000000003,-0.0066797999999999996,0.0082101999999999991,-0.0033374000000000003,0.006709800000000001,-0.0072555999999999992,0.00034679999999999992,-0.0049423999999999996,-0.0142804,0.0031807999999999993,-0.00019660000000000001,0.00033260000000000001,0.00038880000000000002,0.0029674000000000002,0.00021719999999999999,-0.0048259999999999996,-0.00043599999999999976,0.0026137999999999999,-0.0026082000000000002,-2.7999999999999813e-05,0.00032380000000000006,0.0015028000000000001,0.0025624000000000003,-0.0010616,0.0003854000000000001,-0.00022880000000000003,-0.00096100000000000005,0.0038170000000000001,-5.4000000000000228e-06,-0.0031332,-0.00098940000000000009,0.00034879999999999997,0.0011916000000000003,-0.0028974000000000001,-0.0036819999999999999,-0.0009850000000000002,-0.00063699999999999976,-0.0014166000000000001,0.0018601999999999998,-0.0030688,0.0010213999999999998,-0.0007675999999999999,0.00016580000000000002,-0.00065259999999999992,0.0029710000000000006,0.0012737999999999998,0.0025675999999999997,0.0022128,0.00072960000000000017,0.0016981999999999998,0.00039079999999999985,0.00147,0.00046660000000000007,-0.0016302000000000001,0.0018520000000000001,0.0034202000000000004,-0.0035748000000000004,0.00044540000000000009,-0.0050189999999999992,-0.00041160000000000068,0.00027239999999999963,0.00081119999999999988,-0.0018256000000000001,0.0018572,-0.0011279999999999999,0.0005796000000000001,-0.004569199999999999,-0.0043639999999999998,0.0052689999999999994,-0.0049187999999999992,0.0013305999999999999,0.0023278000000000001,-0.00039739999999999958,-0.00065499999999999998,0.00017040000000000002,0.0012769999999999999,0.001119,-0.00051240000000000009,-0.0010346000000000001,-0.0012385999999999999,0.00067719999999999998,0.00075719999999999997,0.00016540000000000001,0.00076099999999999996,-0.00086079999999999989,-0.00053720000000000005,-0.00016899999999999993,-0.00032640000000000013,-0.00076880000000000026,0.00066519999999999991,-0.0029170000000000003,0.0011342000000000001,-0.00022279999999999999,-0.00072120000000000007,0.00018259999999999999,-0.0005932,-0.0013932000000000003,-0.0020325999999999999,0.00036519999999999999,0.0006381999999999999,0.0018992000000000002,-0.0031372000000000006,0.00069819999999999995,0.00056760000000000003,-0.00069559999999999978,0.0013314000000000002,0.00052920000000000007,-0.0015301999999999998,0.0013703999999999999,0.00063559999999999984,-4.3000000000000069e-05,0.00024380000000000018,-0.0029296000000000001,0.00027039999999999963,0.0020616000000000002,0.00012899999999999994,0.00097000000000000016,-0.00065260000000000014,-0.0022560000000000002,0.0019793999999999996,-0.00035940000000000006,0.0010916000000000001,-0.00083559999999999993,-0.0015231999999999999,0.00099599999999999992,0.0050513999999999993,-0.0047161999999999994,0.0004596,0.00035040000000000001,0.00065439999999999997,0.00077739999999999971,-0.0031519999999999999,0.0035626,-0.0006519999999999998,-0.00065099999999999999,0.00032660000000000002,-0.0011125999999999998,-0.0019668000000000003,0.00040399999999999963,-0.0027466000000000001,0.0039022000000000002,-0.0025710000000000004,0.00066319999999999986,0.00070620000000000014,-0.0010675999999999999,-0.00040139999999999989,0.0008784000000000001,-0.00091159999999999993,0.00031460000000000006,-7.120000000000005e-05,0.00077039999999999997,-0.0011947999999999998,-0.00051719999999999999,0.0025478000000000002,0.00011700000000000002,0.0010019999999999999,-0.00021880000000000006,-0.00025160000000000004,0.00010399999999999998,5.1999999999999096e-06,-0.00021880000000000006,0.0012819999999999999,-0.00019920000000000002,0.00050120000000000004,0.00018460000000000004,-0.0006737999999999999,0.0020368000000000001,0.00072020000000000005,0.00024219999999999998,0.00048340000000000009,-0.00014740000000000006,-0.0013231999999999999,-0.00081220000000000001,-2.1199999999999987e-05,0.0012174,0.00037760000000000002,-0.00039280000000000001,5.4000000000000012e-05,-0.0020621999999999997,-0.002036,0.0014201999999999999,0.00027920000000000017,0.00054060000000000002,-8.1199999999999968e-05,0.0028615999999999997,-0.0004482,-0.00096599999999999984,-0.00017460000000000002,-0.00097360000000000003,-0.0002184,0.00097219999999999989,0.0028533999999999999,-0.00096880000000000024,-0.00066080000000000002,-0.00020359999999999996,0.00015480000000000008,-0.00026239999999999998,-0.00017039999999999997,-0.0014396000000000001,9.5599999999999938e-05,0.00037839999999999998,-0.0022092000000000001,0.00072880000000000015,-0.0012531999999999997,-5.8999999999999808e-05,-0.0020165999999999999,0.0015190000000000002,0.00084839999999999991,0.0031686000000000001,-0.0017970000000000004,0.00062519999999999991,0.00013919999999999991,-0.00052240000000000012,-0.00031779999999999992,-0.0021852,-0.00055160000000000018,0.0014260000000000002
aug_between_class_right_pair0009_child06,TLE,1,1,Augmented,0,0,0,0,0,0.27128049999999998,1.9801791,6.9999999999999997e-07,-9.9999999999999995e-07,0,0.96636140000000004,0,0.0094064000000000092,-0.13945399999999999,0.032483900000000003,0.055349299999999997,-0.063271300000000003,0.060290500000000004,-0.0033533999999999999,0.024758800000000001,-0.0392652,-0.046593999999999997,0.33489780000000002,-0.13339809999999999,-0.005630099999999999,0.026060600000000003,0.015767400000000001,-0.018752599999999998,-0.0036153000000000001,-0.057484100000000003,0.016763699999999999,-0.0017400999999999979,-0.0674202,-0.0035592000000000006,-0.091843399999999992,0.0020712999999999999,0.047015400000000006,-0.025875099999999998,0.0131675,0.013293200000000002,-0.031984799999999994,0.029234400000000001,-0.084962099999999999,0.029734300000000005,0.082271899999999995,0.015084199999999999,0.1932074,-0.050452900000000002,0.0041395,-0.0033845999999999998,-0.0056895999999999995,-0.0208647,0.0028666999999999998,0.037686799999999999,-0.0029637000000000001,-0.010511400000000001,-0.018280500000000002,-0.008987199999999999,0.025527000000000001,0.0130285,0.031559499999999997,0.0064530000000000004,-0.0127425,0.0055947999999999987,0.0061363000000000008,-0.045580700000000002,0.0092204000000000001,-0.00077790000000000021,0.0097605999999999978,0.0073765000000000011,-0.0982325,-0.0063593,-0.040425000000000003,0.037428000000000003,-0.0025440000000000011,0.00099369999999999992,0.0031778000000000002,0.0219134,0.0106318,-0.0017438999999999996,-0.011443400000000001,0.0032944000000000003,0.0058200000000000005,-0.0061339000000000003,-0.00094120000000000011,0.0025037000000000006,-0.0106306,0.0047695999999999997,0.00078950000000000027,-0.0020045999999999996,-0.014851900000000001,-0.0073049999999999999,0.0131193,-0.0053702000000000003,-0.0047526999999999995,-0.0076518999999999997,-0.0027931999999999992,-0.0036085999999999991,-0.0146663,-0.0026918000000000003,0.0048257999999999999,0.0017431999999999986,0.015455900000000002,0.0022702,0.015354600000000001,0.0114337,-0.020252600000000003,-0.0013266999999999997,0.00041099999999999996,-0.0024759000000000001,0.00087179999999999983,0.008613599999999999,-0.0029058,0.0025847999999999999,-0.00085509999999999981,0.0055268000000000001,-0.00025470000000000007,0.00031740000000000067,0.0061232999999999999,0.0077206000000000002,0.0037938999999999998,-0.0042351000000000003,0.0043350999999999997,-0.0036145999999999995,0.0052110999999999998,-0.0039220999999999995,0.0094459000000000001,-0.0022826000000000001,0.00027619999999999902,-0.0058887000000000002,-0.0067733999999999989,0.008317999999999999,-0.015265299999999999,0.00051069999999999978,0.0040877999999999999,-0.00015069999999999927,-0.0020983999999999998,-0.014903,-0.0116738,-0.0043370000000000006,-0.012089599999999999,-0.0040378999999999996,0.0034770000000000001,0.00033389999999999993,-0.00041470000000000043,0.0026702999999999991,-0.0030815,-0.0011885999999999999,-0.00059800000000000001,-0.0047238999999999996,-0.0013774999999999996,0.0018254,0.0030053999999999988,-0.00086709999999999977,-0.0032989999999999998,0.0070481999999999993,0.0046440000000000006,-0.00019600000000000021,0.0077292999999999997,-0.0024972000000000002,-0.0015652000000000001,0.0016756999999999998,0.0042389999999999997,0.0022509999999999995,-0.0058341999999999995,-0.0017458000000000005,0.0078475999999999997,-0.0053853999999999985,-0.0035638000000000002,-0.00046470000000000018,-0.0022098,-0.00011479999999999997,-0.0013928000000000002,-0.0068545999999999998,0.0041958999999999998,-0.0039657000000000008,0.0135224,0.0028687000000000001,-0.010752899999999999,0.00039480000000000027,0.011047399999999999,-0.0071475000000000002,0.0012376000000000002,-0.0086143999999999978,-0.0012895000000000003,-0.0011539999999999999,-0.023695399999999998,0.0044374999999999996,0.0035491999999999998,0.013985999999999997,0.0076354999999999999,-0.0071237000000000002,-0.0025685,0.001508,-0.00091869999999999973,-0.0011889000000000001,0.0013324999999999999,0.00068400000000000015,-0.0010666999999999999,-0.0023391000000000002,0.00046830000000000011,0.0037360000000000002,-0.0036101000000000002,-0.0034315000000000005,-0.0022672,0.0021546999999999994,-0.00013190000000000033,-0.0020338000000000001,-0.0013744000000000002,0.0030016999999999999,-0.00042090000000000031,0.00051880000000000003,0.0011073000000000001,-0.0025468999999999999,-0.00014880000000000015,0.0038460999999999999,0.0060266,0.0020778000000000003,0.00080579999999999996,0.0093249000000000005,-0.0024929000000000002,-0.0037551999999999998,-0.0027658000000000005,0.00048800000000000015,-5.6699999999999806e-05,0.0034432999999999998,0.0020428,0.0027787000000000011,-0.0026284000000000004,-0.0033486000000000011,0.0019705000000000005,-0.0035849999999999996,-0.0016584999999999994,3.7400000000000367e-05,0.0001984,0.00035950000000000001,-0.0042459999999999998,-0.012028099999999998,-0.0068195999999999986,-0.00076329999999999974,-0.0086325000000000013,0.0084837000000000003,-0.0066046999999999998,0.0033108,-0.0011789999999999999,-0.0007072999999999999,-0.0009858,-0.0038697999999999996,0.00081950000000000013,-0.00034299999999999999,-0.0013287000000000002,0.00080509999999999989,-0.0028717999999999999,0.0013423,0.00074529999999999996,0.0013054,0.00036820000000000006,0.0011603,-0.0003302,0.0011971,0.0043365000000000001,0.00053590000000000018,0.00029789999999999987,-0.0033737999999999997,-0.00025679999999999995,0.0016816999999999997,-0.0015879000000000002,0.0018199000000000002,0.0025095999999999999,-0.0010772999999999998,-0.00079199999999999984,0.00077259999999999959,0.0029278000000000004,0.0011665000000000002,9.0699999999999738e-05,0.0052595000000000003,0.00089749999999999986,0.00071649999999999991,0.0038498000000000004,0.0033681000000000006,-0.0014145,-1.5100000000000096e-05,0.00015270000000000019,0.00093690000000000049,0.0032965999999999998,-0.0039529999999999999,0.0042293000000000001,-0.0056970000000000007,-0.0034374999999999996,-0.0020754999999999997,-0.00051480000000000004,-0.0061151,0.0085103999999999996,-0.0035053000000000003,0.0070711000000000003,-0.0068991999999999994,4.3100000000000126e-05,-0.0043722999999999991,-0.014848300000000002,0.0037590999999999992,-0.00026369999999999996,0.00055469999999999998,0.00044460000000000002,0.0030363,0.00020689999999999999,-0.005241,-0.00068299999999999958,0.0027165999999999996,-0.0027234000000000004,4.0000000000000972e-06,0.0002586,0.0016341000000000001,0.0025103,-0.0010671999999999999,0.00052779999999999993,-7.6100000000000088e-05,-0.0011485,0.0037095000000000001,-5.1800000000000012e-05,-0.0032693999999999996,-0.00073430000000000001,0.00048910000000000002,0.0011776999999999996,-0.0026848000000000002,-0.0037345,-0.00088949999999999999,-0.00094950000000000004,-0.0013872000000000001,0.0021178999999999998,-0.0029921000000000001,0.0012118000000000001,-0.00096719999999999987,-9.1899999999999794e-05,-0.00051669999999999993,0.0029090000000000001,0.0011145999999999999,0.0026112000000000002,0.0021521000000000001,0.00078119999999999991,0.0019203999999999994,0.00057109999999999984,0.001431,0.00050770000000000003,-0.0018234000000000002,0.0018965,0.0029509000000000002,-0.0031716000000000001,0.00027980000000000008,-0.0053309999999999989,-0.0002042000000000003,0.00088779999999999957,0.00053239999999999993,-0.0018422,0.0013714,-0.0012899999999999999,0.00029720000000000007,-0.0046008999999999998,-0.0046170000000000004,0.0044834999999999996,-0.0048500999999999996,0.00090469999999999982,0.0033980999999999998,-0.00077979999999999976,-0.00062149999999999998,0.0002588,0.0011935000000000001,0.00098600000000000011,-0.00043880000000000004,-0.0013136999999999999,-0.0013806999999999999,0.00069439999999999997,0.00077939999999999997,0.00014080000000000001,0.00076650000000000004,-0.00091259999999999996,-0.00059790000000000017,-0.00020150000000000002,-0.0001893000000000001,-0.00062610000000000009,0.00064139999999999998,-0.0026445000000000001,0.0011728999999999999,-0.0002631,-0.00072389999999999998,2.0000000000000486e-07,-0.00063239999999999998,-0.0016359,-0.0019502,0.00046389999999999995,0.00052090000000000003,0.0021779,-0.0029963999999999998,0.00062790000000000003,0.00093269999999999952,-0.00099119999999999981,0.0010613,0.00067040000000000003,-0.0017183999999999997,0.0014427999999999999,0.00075969999999999987,-2.8000000000000138e-05,0.0004301000000000001,-0.0032081999999999996,0.00030429999999999954,0.0020156999999999996,0.00029049999999999991,0.0008715000000000001,-0.00067120000000000005,-0.0023874999999999999,0.0020952999999999996,-0.00052579999999999988,0.0012267000000000001,-0.0009992,-0.0020379,0.00095050000000000006,0.0050888000000000001,-0.0049699000000000002,0.00056769999999999998,0.00049029999999999994,0.00061480000000000009,0.0009222999999999996,-0.0033764999999999997,0.0032722000000000003,-0.00059800000000000001,-0.00088799999999999979,0.00067219999999999975,-0.0014886999999999999,-0.0019541000000000003,0.00095899999999999967,-0.0027106999999999999,0.0039744000000000003,-0.0019720000000000007,0.00081589999999999983,0.00062040000000000012,-0.0010387,-0.00051179999999999997,0.00096729999999999993,-0.0010701999999999999,0.00026920000000000004,4.3599999999999921e-05,0.0007448,-0.0014185999999999999,-0.00056440000000000006,0.0025900999999999997,0.000116,0.0010039999999999999,-0.00060959999999999986,-0.0003587000000000001,0.00024799999999999996,8.4400000000000046e-05,-4.060000000000012e-05,0.0013810000000000001,-0.00010640000000000007,0.00045590000000000002,0.00045219999999999972,-0.00084009999999999998,0.0020341000000000001,0.00080789999999999985,0.00030739999999999988,0.00036180000000000001,-0.00035530000000000002,-0.0014418999999999999,-0.00089539999999999997,-1.3899999999999999e-05,0.0014027999999999998,0.00035070000000000001,-0.00046609999999999989,0.0002189999999999999,-0.0021723999999999997,-0.0019254999999999997,0.0014269,3.0900000000000263e-05,0.00064570000000000003,-0.00023039999999999991,0.0030461999999999998,-0.00047540000000000012,-0.0012115000000000001,5.3300000000000049e-05,-0.0011982,-0.00034579999999999995,0.0013783999999999997,0.0027568000000000002,-0.00079860000000000011,-0.00061910000000000003,-0.00029470000000000006,3.9100000000000246e-05,-0.00025730000000000002,-0.00020629999999999997,-0.0013251999999999999,-5.7999999999998157e-06,0.00041629999999999993,-0.0017573999999999999,0.00071710000000000025,-0.0019093999999999992,6.7500000000000285e-05,-0.0018921999999999999,0.001402,0.0010887999999999996,0.0034897000000000001,-0.0017485000000000005,0.00037890000000000005,5.3900000000000389e-05,-0.00010829999999999998,-0.00066609999999999987,-0.0025319000000000001,-0.00021070000000000073,0.0016635
aug_between_class_right_pair0009_child07,TLE,1,1,Augmented,0,0,0,0,0,0.26716499999999999,1.9763913999999998,7.9999999999999996e-07,-9.9999999999999995e-07,0,0.95511760000000001,0,0.0095505999999999994,-0.14077599999999998,0.0311676,0.057024199999999997,-0.064331199999999991,0.061713000000000004,-0.0040486000000000003,0.025682200000000002,-0.037920799999999998,-0.050616000000000001,0.33839819999999998,-0.13280039999999999,-0.0089074000000000011,0.025526399999999998,0.014173599999999998,-0.0198814,-0.0038242000000000003,-0.057085399999999994,0.019731800000000001,-0.00095840000000000161,-0.068356799999999995,-0.0030477999999999994,-0.090589599999999992,0.00063819999999999849,0.048322600000000007,-0.024554399999999997,0.011786999999999999,0.014453800000000003,-0.031774199999999996,0.028864600000000001,-0.086295399999999994,0.028970200000000002,0.0814106,0.016036799999999997,0.19509660000000001,-0.048713599999999996,0.0044050000000000009,-0.0038454000000000006,-0.0065424000000000003,-0.020873800000000001,0.0028838000000000002,0.038429199999999997,-0.0030157999999999999,-0.011338600000000001,-0.018713,-0.0099367999999999991,0.026393,0.014002000000000002,0.032492,0.0081209999999999997,-0.013661999999999999,0.0063471999999999999,0.0053432000000000011,-0.046534800000000001,0.0088845999999999994,0.00010240000000000032,0.010071399999999999,0.010052999999999999,-0.099529000000000006,-0.0053082000000000008,-0.041461999999999999,0.035118000000000003,-0.0025510000000000012,0.0012378000000000001,0.0034111999999999996,0.021316599999999998,0.011159200000000001,-0.0019405999999999998,-0.0104256,0.0034315999999999999,0.0053129999999999991,-0.0060955999999999996,-0.00076380000000000024,0.0020077999999999997,-0.010332399999999999,0.0053524000000000002,-6.8999999999999617e-05,-0.0033924000000000011,-0.015121600000000002,-0.0065449999999999996,0.0135922,-0.0055348000000000012,-0.0047597999999999998,-0.0076046000000000004,-0.0041198000000000007,-0.0048844000000000005,-0.0147682,-0.0030272000000000003,0.0051872000000000003,0.0024497999999999985,0.014052599999999998,0.0025667999999999993,0.013893399999999998,0.008994799999999999,-0.018515399999999998,-0.00060879999999999919,0.00040900000000000002,-0.0025355999999999998,0.00096519999999999939,0.0089853999999999993,-0.0030942000000000001,0.0031682000000000004,-0.0011484000000000002,0.0057532,-0.00018479999999999972,0.00050859999999999968,0.0062572000000000001,0.0078264000000000007,0.0039075999999999998,-0.0047543999999999989,0.0040033999999999998,-0.0035734,0.0050023999999999997,-0.0040883999999999998,0.0095805999999999999,-0.0025354000000000002,0.00041880000000000042,-0.0062408000000000012,-0.0073675999999999993,0.0091899999999999985,-0.016087200000000003,0.00070579999999999992,0.0033611999999999995,-0.00043380000000000068,-0.0024646000000000004,-0.015651000000000002,-0.012087199999999999,-0.0033619999999999995,-0.0133504,-0.0050856000000000009,0.0041440000000000001,0.00014059999999999984,0.00068820000000000036,0.0045492000000000024,-0.0040440000000000007,-0.0011874000000000001,-0.00062600000000000004,-0.0047016000000000002,-0.0016329999999999999,0.0016795999999999998,0.0036865999999999995,-0.0014944000000000001,-0.003287,0.0076877999999999998,0.004568,1.2000000000000075e-05,0.0077622000000000003,-0.0025688,-0.0016258000000000002,0.0018887999999999997,0.004509,0.0023749999999999995,-0.0053997999999999997,-0.0008361999999999994,0.0079664000000000002,-0.0063485999999999994,-0.0035321999999999997,-0.0007228,-0.0019741999999999997,-0.00027120000000000009,-0.00094019999999999954,-0.0068333999999999999,0.0044215999999999995,-0.0042298000000000006,0.012942599999999999,0.0026987999999999999,-0.0113756,-0.00026180000000000018,0.0109056,-0.0073550000000000013,0.0008033999999999999,-0.0085775999999999943,-0.0010300000000000005,-0.0019470000000000006,-0.025645600000000005,0.0054030000000000007,0.0032658000000000001,0.014177999999999998,0.0080509999999999991,-0.0068267999999999992,-0.0026430000000000004,0.0013829999999999999,-0.0011987999999999999,-0.0010506000000000001,0.001702,0.0011960000000000007,-0.0011178,-0.0024714000000000003,0.00026719999999999994,0.0035590000000000001,-0.0035714000000000002,-0.0030869999999999995,-0.0025338000000000001,0.0022277999999999998,0.00019840000000000005,-0.0017551999999999999,-0.0012095999999999999,0.0030628000000000001,-0.00034159999999999985,0.00047419999999999971,0.0013342000000000002,-0.0023486000000000002,3.3799999999999629e-05,0.0040394000000000003,0.0054684,0.0022412000000000005,0.00063719999999999966,0.0093115999999999997,-0.0030016000000000005,-0.0044368000000000003,-0.0029551999999999998,0.00065699999999999982,-0.00054480000000000002,0.0033672000000000003,0.0024692000000000004,0.0016247999999999998,-0.0025346000000000001,-0.0038084,0.0012719999999999997,-0.0044330000000000003,-0.0014619999999999998,-0.00046240000000000018,0.00035860000000000015,0.00069400000000000028,-0.0043,-0.0120144,-0.0077794000000000006,-0.00090019999999999944,-0.0084790000000000004,0.0085398000000000019,-0.0063818,0.0032912000000000002,-0.0013179999999999999,-0.00092219999999999997,-0.00084619999999999986,-0.0038872000000000004,0.00034499999999999982,-0.00042400000000000001,-0.0014668000000000001,0.00071640000000000017,-0.0028371999999999998,0.0014522000000000003,0.0007662000000000003,0.0016866000000000001,0.00010579999999999981,0.0013012000000000002,-0.00011579999999999983,0.0012654000000000001,0.0045050000000000003,0.00066759999999999996,0.00059060000000000015,-0.0031591999999999992,-0.00039820000000000003,0.0018177999999999998,-0.0015726,0.0016455999999999999,0.0025214,-0.0016662000000000005,-0.00098800000000000016,0.00085739999999999992,0.0030352000000000001,0.00086499999999999988,0.00058280000000000007,0.0046649999999999999,0.00094299999999999983,0.00099400000000000009,0.0033271999999999998,0.0030114,-0.001446,-8.5400000000000233e-05,9.0800000000000039e-05,0.00062759999999999943,0.0030784000000000002,-0.0045310000000000003,0.0044142000000000001,-0.005535,-0.003700000000000001,-0.0023180000000000002,-0.00042619999999999995,-0.0055503999999999996,0.0088105999999999983,-0.0036732000000000002,0.0074324000000000005,-0.0065427999999999979,-0.00026060000000000015,-0.0038021999999999999,-0.015416200000000001,0.0043373999999999999,-0.00033080000000000007,0.00077680000000000023,0.00050040000000000002,0.0031051999999999998,0.00019660000000000001,-0.0056560000000000004,-0.00093000000000000005,0.0028193999999999997,-0.0028386000000000002,3.6000000000000116e-05,0.00019339999999999993,0.0017654000000000001,0.0024581999999999998,-0.0010727999999999998,0.00067020000000000014,7.6600000000000019e-05,-0.0013359999999999999,0.0036019999999999993,-9.820000000000011e-05,-0.0034055999999999999,-0.00047919999999999988,0.00062940000000000012,0.0011638000000000002,-0.0024721999999999999,-0.003787,-0.00079400000000000011,-0.0012619999999999999,-0.0013577999999999999,0.0023756000000000003,-0.0029154000000000003,0.0014022000000000004,-0.0011668,-0.00034960000000000004,-0.00038079999999999993,0.0028470000000000001,0.00095539999999999991,0.0026547999999999997,0.0020913999999999998,0.00083280000000000008,0.0021426000000000006,0.00075139999999999994,0.001392,0.0005488,-0.0020165999999999999,0.0019410000000000002,0.0024816,-0.0027683999999999999,0.00011419999999999998,-0.0056429999999999996,3.2000000000000778e-06,0.0015032000000000005,0.00025359999999999966,-0.0018588000000000001,0.00088559999999999984,-0.0014520000000000002,1.4799999999999818e-05,-0.0046325999999999989,-0.0048699999999999993,0.003697999999999999,-0.0047813999999999999,0.00047880000000000015,0.0044684000000000008,-0.0011622,-0.00058799999999999998,0.00034720000000000009,0.0011099999999999999,0.00085299999999999992,-0.00036519999999999999,-0.0015928000000000001,-0.0015228000000000002,0.00071159999999999995,0.00080159999999999997,0.00011619999999999999,0.0007719999999999999,-0.00096440000000000002,-0.00065860000000000029,-0.000234,-5.2199999999999968e-05,-0.00048339999999999993,0.00061760000000000016,-0.002372,0.0012116,-0.00030340000000000006,-0.00072659999999999999,-0.00018219999999999988,-0.00067159999999999995,-0.0018786000000000002,-0.0018678,0.00056260000000000001,0.00040359999999999984,0.0024566000000000002,-0.0028555999999999998,0.00055759999999999989,0.0012978000000000004,-0.0012868000000000001,0.00079119999999999993,0.0008116000000000001,-0.0019066000000000005,0.0015152,0.00088380000000000002,-1.2999999999999991e-05,0.00061640000000000024,-0.0034868000000000004,0.00033819999999999966,0.0019697999999999998,0.00045199999999999998,0.00077300000000000003,-0.00068980000000000007,-0.0025190000000000004,0.0022111999999999991,-0.00069220000000000002,0.0013617999999999996,-0.0011628000000000003,-0.0025526000000000004,0.0009050000000000001,0.0051261999999999992,-0.0052235999999999993,0.00067580000000000006,0.00063020000000000003,0.00057519999999999978,0.0010671999999999999,-0.0036010000000000005,0.0029817999999999997,-0.00054400000000000021,-0.0011250000000000001,0.0010178000000000001,-0.0018648000000000002,-0.0019414000000000002,0.0015140000000000002,-0.0026747999999999997,0.0040466,-0.0013729999999999997,0.00096860000000000002,0.00053459999999999998,-0.0010097999999999999,-0.00062220000000000005,0.0010562000000000002,-0.0012288000000000002,0.00022379999999999999,0.0001584,0.00071919999999999992,-0.0016423999999999998,-0.00061160000000000001,0.0026324,0.00011499999999999998,0.0010059999999999999,-0.0010004000000000002,-0.00046579999999999994,0.0003920000000000001,0.00016360000000000002,0.00013760000000000009,0.00148,-1.3599999999999951e-05,0.00041059999999999995,0.00071980000000000015,-0.0010063999999999997,0.0020314,0.0008956000000000003,0.0003726,0.00024019999999999993,-0.00056320000000000003,-0.0015605999999999999,-0.00097859999999999983,-6.5999999999999842e-06,0.0015881999999999997,0.00032380000000000001,-0.00053940000000000021,0.00038400000000000001,-0.0022826000000000001,-0.0018149999999999998,0.0014336000000000002,-0.00021740000000000011,0.00075080000000000004,-0.00037960000000000001,0.0032308000000000003,-0.00050260000000000018,-0.0014570000000000004,0.00028120000000000011,-0.0014228000000000001,-0.00047320000000000012,0.0017845999999999999,0.0026602000000000006,-0.00062839999999999999,-0.00057740000000000005,-0.00038580000000000005,-7.6600000000000019e-05,-0.00025219999999999995,-0.00024220000000000001,-0.0012107999999999997,-0.0001072,0.00045419999999999998,-0.0013055999999999999,0.00070540000000000034,-0.0025656000000000003,0.00019400000000000016,-0.0017677999999999999,0.0012850000000000001,0.0013292,0.0038108,-0.0017000000000000001,0.00013259999999999997,-3.1399999999999571e-05,0.00030580000000000039,-0.0010144000000000002,-0.0028786000000000011,0.00013020000000000045,0.0019010000000000001
aug_between_class_right_pair0009_child08,TLE,1,1,Augmented,0,0,0,0,0,0.26304949999999999,1.9726036999999998,8.9999999999999996e-07,-9.9999999999999995e-07,0,0.94387379999999999,0,0.0096947999999999965,-0.142098,0.029851300000000001,0.058699099999999997,-0.065391099999999994,0.063135500000000011,-0.0047438000000000003,0.0266056,-0.036576399999999995,-0.054637999999999999,0.3418986,-0.13220270000000001,-0.0121847,0.024992199999999999,0.012579799999999999,-0.0210102,-0.0040331000000000004,-0.0566867,0.022699900000000002,-0.00017669999999999492,-0.069293400000000005,-0.002536399999999999,-0.089335799999999993,-0.00079490000000000116,0.049629800000000002,-0.023233699999999999,0.010406499999999999,0.015614400000000001,-0.031563599999999997,0.028494800000000001,-0.087628700000000004,0.028206100000000012,0.08054929999999999,0.016989400000000002,0.19698579999999999,-0.046974299999999997,0.004670500000000001,-0.0043062000000000005,-0.0073952000000000002,-0.020882900000000003,0.0029009000000000001,0.039171600000000001,-0.0030679000000000001,-0.012165799999999999,-0.019145500000000003,-0.010886399999999999,0.027258999999999999,0.014975500000000003,0.033424499999999996,0.0097890000000000008,-0.014581499999999999,0.0070996000000000002,0.0045501000000000014,-0.047488900000000001,0.0085488000000000005,0.00098270000000000041,0.010382199999999998,0.012729500000000001,-0.1008255,-0.0042570999999999998,-0.042498999999999995,0.032808000000000004,-0.0025579999999999995,0.0014819000000000002,0.0036446000000000004,0.0207198,0.0116866,-0.0021373,-0.0094077999999999991,0.0035688,0.0048059999999999995,-0.0060572999999999998,-0.00058640000000000038,0.0015119,-0.0100342,0.0059351999999999999,-0.00092749999999999951,-0.0047802000000000009,-0.015391300000000004,-0.0057850000000000002,0.014065100000000001,-0.0056993999999999986,-0.0047668999999999993,-0.0075573000000000003,-0.0054464000000000005,-0.0061601999999999976,-0.014870099999999999,-0.0033625999999999999,0.0055485999999999999,0.0031563999999999984,0.0126493,0.0028633999999999986,0.012432199999999999,0.0065558999999999999,-0.0167782,0.00010910000000000021,0.00040700000000000003,-0.0025953,0.0010586000000000007,0.0093571999999999995,-0.0032826000000000001,0.0037515999999999999,-0.0014417000000000002,0.0059795999999999998,-0.00011489999999999981,0.00069979999999999955,0.0063911000000000003,0.0079322000000000004,0.0040213000000000002,-0.005273700000000001,0.0036717,-0.0035321999999999997,0.0047936999999999997,-0.0042547000000000001,0.0097152999999999996,-0.0027881999999999998,0.00056140000000000009,-0.0065928999999999988,-0.007961799999999998,0.010061999999999998,-0.0169091,0.00090089999999999962,0.0026346,-0.00071690000000000035,-0.0028308000000000001,-0.016399,-0.012500600000000001,-0.0023869999999999998,-0.014611200000000001,-0.0061333000000000004,0.0048109999999999993,-5.2700000000000143e-05,0.0017910999999999999,0.0064281000000000017,-0.0050065000000000005,-0.0011862000000000001,-0.00065400000000000007,-0.0046793,-0.0018884999999999996,0.0015337999999999999,0.0043677999999999998,-0.0021216999999999998,-0.0032750000000000001,0.0083273999999999987,0.0044919999999999995,0.00021999999999999993,0.0077950999999999993,-0.0026404000000000002,-0.0016864,0.0021019000000000003,0.0047789999999999994,0.0024989999999999995,-0.0049654,7.3400000000000375e-05,0.008085199999999999,-0.0073118000000000002,-0.0035006,-0.00098090000000000026,-0.0017385999999999999,-0.00042759999999999933,-0.00048759999999999993,-0.0068122000000000009,0.0046473,-0.0044939000000000003,0.0123628,0.0025288999999999997,-0.0119983,-0.00091840000000000042,0.0107638,-0.0075625000000000006,0.00036919999999999998,-0.0085407999999999977,-0.00077050000000000035,-0.0027400000000000002,-0.027595800000000004,0.0063685000000000009,0.0029824000000000001,0.014369999999999999,0.0084665000000000001,-0.0065298999999999999,-0.0027175000000000003,0.001258,-0.0014789,-0.00091229999999999979,0.0020715,0.0017080000000000003,-0.0011689000000000001,-0.0026037,6.6100000000000035e-05,0.0033819999999999996,-0.0035327000000000002,-0.0027425000000000001,-0.0028004000000000002,0.0023008999999999998,0.0005287,-0.0014765999999999998,-0.0010448,0.0031239000000000002,-0.00026230000000000003,0.00042959999999999982,0.0015611000000000002,-0.0021503,0.00021639999999999984,0.0042327000000000007,0.0049102,0.0024045999999999998,0.00046859999999999979,0.0092982999999999989,-0.0035103000000000005,-0.0051183999999999995,-0.0031446000000000009,0.00082599999999999991,-0.0010329,0.0032910999999999999,0.0028955999999999999,0.00047089999999999979,-0.0024407999999999999,-0.0042681999999999998,0.00057350000000000001,-0.0052810000000000001,-0.0012654999999999993,-0.00096220000000000008,0.00051880000000000003,0.0010285000000000003,-0.0043540000000000002,-0.012000699999999998,-0.0087391999999999991,-0.0010370999999999991,-0.0083254999999999996,0.0085959000000000018,-0.0061589000000000001,0.0032716000000000004,-0.001457,-0.0011370999999999998,-0.00070659999999999994,-0.0039046000000000003,-0.00012950000000000008,-0.00050500000000000002,-0.0016049,0.00062770000000000002,-0.0028026000000000001,0.0015621000000000001,0.00078709999999999978,0.0020677999999999998,-0.00015660000000000001,0.0014421,9.8600000000000147e-05,0.0013337000000000002,0.0046734999999999997,0.00079930000000000018,0.00088329999999999995,-0.0029445999999999995,-0.00053960000000000011,0.0019538999999999997,-0.0015573000000000002,0.0014713,0.0025332000000000002,-0.0022551000000000003,-0.0011840000000000002,0.00094219999999999981,0.0031425999999999997,0.00056349999999999976,0.0010748999999999999,0.0040704999999999995,0.00098850000000000023,0.0012715000000000001,0.0028046,0.0026546999999999999,-0.0014774999999999999,-0.00015570000000000037,2.8900000000000106e-05,0.00031829999999999966,0.0028601999999999998,-0.0051090000000000007,0.0045991000000000001,-0.005373000000000001,-0.0039624999999999999,-0.0025604999999999998,-0.00033759999999999997,-0.0049856999999999992,0.0091107999999999988,-0.0038411000000000005,0.0077937000000000015,-0.0061863999999999999,-0.0005643,-0.0032320999999999995,-0.015984100000000001,0.0049156999999999994,-0.00039790000000000002,0.00099890000000000005,0.00055619999999999997,0.0031741,0.00018629999999999997,-0.0060709999999999991,-0.0011770000000000001,0.0029221999999999998,-0.0029537999999999999,6.8000000000000135e-05,0.00012819999999999997,0.0018967000000000005,0.0024061,-0.0010783999999999998,0.00081260000000000034,0.0002293000000000001,-0.0015235000000000001,0.0034945000000000002,-0.00014460000000000015,-0.0035417999999999995,-0.00022409999999999997,0.00076970000000000001,0.0011499000000000004,-0.0022596000000000001,-0.0038395000000000005,-0.00069850000000000023,-0.0015744999999999997,-0.0013284,0.0026332999999999999,-0.0028387000000000004,0.0015926000000000002,-0.0013663999999999998,-0.00060730000000000007,-0.00024489999999999994,0.0027850000000000001,0.00079619999999999995,0.0026984000000000001,0.0020306999999999999,0.00088440000000000025,0.0023647999999999994,0.00093169999999999993,0.001353,0.00058990000000000008,-0.0022098,0.0019855000000000003,0.0020122999999999999,-0.0023652,-5.1400000000000016e-05,-0.0059550000000000002,0.00021060000000000002,0.0021186,-2.5200000000000396e-05,-0.0018754000000000002,0.0003997999999999992,-0.001614,-0.00026760000000000011,-0.0046642999999999997,-0.0051229999999999999,0.0029125000000000002,-0.0047126999999999994,5.2899999999999388e-05,0.0055387000000000006,-0.0015445999999999999,-0.00055449999999999998,0.00043560000000000007,0.0010265000000000001,0.00071999999999999994,-0.00029159999999999999,-0.0018719000000000001,-0.0016649,0.00072879999999999993,0.00082380000000000018,9.1600000000000004e-05,0.00077749999999999998,-0.0010162000000000001,-0.00071930000000000008,-0.00026649999999999986,8.4900000000000058e-05,-0.0003407000000000002,0.00059379999999999991,-0.0020994999999999998,0.0012503,-0.00034370000000000006,-0.0007293,-0.00036460000000000019,-0.00071080000000000004,-0.0021213000000000004,-0.0017853999999999999,0.00066130000000000008,0.00028629999999999997,0.0027353000000000004,-0.0027148000000000007,0.00048729999999999997,0.0016629000000000001,-0.0015823999999999999,0.00052109999999999993,0.00095280000000000017,-0.0020948,0.0015876000000000002,0.0010078999999999999,2.0000000000000486e-06,0.00080269999999999994,-0.0037653999999999999,0.00037209999999999977,0.0019238999999999999,0.00061350000000000011,0.00067449999999999997,-0.00070839999999999998,-0.0026505000000000001,0.0023270999999999995,-0.00085860000000000016,0.0014969,-0.0013264000000000001,-0.0030673000000000002,0.00085950000000000013,0.0051635999999999991,-0.0054773000000000001,0.00078390000000000013,0.00077010000000000002,0.0005355999999999999,0.0012120999999999998,-0.0038254999999999995,0.0026914,-0.00048999999999999998,-0.0013619999999999999,0.0013634000000000001,-0.0022409000000000001,-0.0019287000000000002,0.0020690000000000001,-0.0026388999999999996,0.0041188000000000006,-0.00077399999999999984,0.0011213,0.00044879999999999996,-0.00098090000000000004,-0.00073260000000000003,0.0011451000000000002,-0.0013874,0.0001784,0.00027320000000000019,0.00069359999999999995,-0.0018661999999999997,-0.00065880000000000008,0.0026746999999999999,0.00011400000000000006,0.001008,-0.0013912,-0.00057289999999999989,0.00053600000000000013,0.00024280000000000005,0.00031580000000000003,0.0015789999999999999,7.9199999999999974e-05,0.00036529999999999999,0.00098739999999999982,-0.0011726999999999996,0.0020287,0.00098329999999999989,0.00043779999999999996,0.00011859999999999998,-0.00077110000000000015,-0.0016792999999999999,-0.0010618000000000001,7.0000000000001701e-07,0.0017736000000000002,0.00029690000000000001,-0.00061270000000000009,0.00054900000000000023,-0.0023928,-0.0017044999999999999,0.0014402999999999998,-0.00046570000000000004,0.00085590000000000004,-0.00052880000000000006,0.0034153999999999999,-0.00052979999999999998,-0.0017025,0.00050910000000000018,-0.0016474,-0.00060060000000000007,0.0021908000000000001,0.0025636000000000001,-0.00045820000000000002,-0.00053569999999999985,-0.00047690000000000005,-0.00019230000000000007,-0.0002471000000000001,-0.00027809999999999998,-0.0010964,-0.00020859999999999997,0.00049209999999999998,-0.00085379999999999994,0.0006937,-0.0032218000000000004,0.00032050000000000047,-0.0016433999999999999,0.0011680000000000002,0.0015696,0.0041319000000000008,-0.0016515000000000006,-0.00011370000000000011,-0.00011669999999999996,0.0007199000000000001,-0.0013627000000000001,-0.0032253000000000004,0.0004710999999999999,0.0021385000000000002
aug_between_class_right_pair0010_child01,Healthy,0,0,Augmented,0,0,0,0,0,0.31793509999999997,2.0897302999999998,-1.0000000000000002e-06,-1.1000000000000001e-06,-8.9999999999999975e-07,1.0172648,9.9999999999999995e-08,0.044515900000000004,-0.1498524,0.0296388,0.1086208,-0.092962299999999998,0.09180060000000001,-0.00010349999999999999,0.010788900000000001,-0.048132300000000003,-0.065467700000000004,0.3570393,-0.079732899999999995,0.014248400000000001,0.055344100000000007,0.010933600000000002,-0.017103800000000002,-0.0015053999999999996,-0.050407100000000003,0.027080799999999999,0.031153199999999999,-0.045630299999999999,0.0019213999999999998,-0.092810599999999993,0.026337799999999998,0.039387900000000003,-0.010668,0.0061435999999999991,0.013678599999999999,-0.0538205,0.037210899999999998,-0.065568899999999999,-0.0344772,0.1122254,-0.031793200000000001,0.20524019999999998,-0.063576999999999995,0.0098277,-0.00066080000000000002,-0.0087811,-0.017147799999999998,0.0088392000000000019,0.026574199999999999,0.0013285999999999997,-0.010714600000000001,-0.016689700000000002,-0.0231326,0.0200206,0.0314966,0.035282400000000005,0.022885299999999997,0.00034700000000000009,0.0046164000000000005,0.0085708999999999994,-0.046556199999999999,-0.0060245999999999997,-0.0003432000000000001,0.0041711000000000005,0.029397200000000002,-0.1046253,-0.0093472999999999994,-0.0347709,-0.026368700000000002,0.0085533999999999992,0.0015685000000000002,-0.0022276000000000002,0.0169068,0.0027810999999999995,0.0045699,-0.0079728999999999998,0.0114865,0.0035377000000000004,0.0021868999999999999,0.00036720000000000025,0.009815299999999999,-0.012180099999999999,0.00021890000000000017,0.013957899999999999,0.010557499999999999,-0.0026841999999999994,-0.018368599999999999,0.016221599999999999,-0.0238254,-0.0095659000000000004,0.00083719999999999975,-0.0022846999999999998,0.0071678999999999996,-0.0056292999999999994,0.00040450000000000035,0.0068489999999999992,-0.016082300000000001,0.014600699999999999,0.021862099999999999,-0.0038714999999999999,0.032707199999999999,-0.011129,0.0059533999999999993,-0.00024790000000000012,-0.0019124000000000001,-0.0088980000000000014,0.014916099999999998,-0.0049508,-0.0019465999999999999,3.9500000000000039e-05,0.0077520999999999996,0.00067120000000000027,-0.0025572999999999998,0.0024633999999999993,0.0174209,-0.0021486999999999999,-0.0026333000000000003,0.011019500000000002,-0.0071561000000000003,0.0050683999999999998,0.00079870000000000201,0.015063500000000001,0.0019067000000000003,-0.012680999999999998,0.0056116999999999998,-0.0026491000000000002,-0.0006307000000000001,-0.0037051999999999996,-0.005457,0.0086418999999999992,0.0081901999999999982,-0.0047482999999999996,-0.0036167999999999999,-0.025476800000000001,-0.013005100000000002,-0.0040130000000000001,0.00075990000000000172,-0.0020927000000000012,0.009614300000000001,-0.0091220000000000016,-0.0060605000000000008,-0.0049451,-0.00063630000000000002,-0.00055600000000000029,0.0035429000000000003,-0.00050740000000000008,-0.0010888000000000002,-0.0047749000000000003,-0.0023758,-0.0042553000000000001,-0.0031670999999999995,0.00031349999999999987,0.0012764,0.0019578,0.0020259000000000002,-0.0031240999999999999,-0.0067284000000000007,-0.0056664000000000003,-0.0016759000000000001,-0.012186699999999998,0.0020214000000000005,0.0038335000000000001,0.0076714000000000001,0.0032255000000000001,-0.0035392000000000002,-0.0029561000000000001,-0.0088722999999999996,-0.0042786000000000005,-0.0063812000000000001,0.0059757000000000005,-0.0027109,0.011906099999999999,-0.00026230000000000003,-0.0082232,0.0054645000000000006,0.0071448999999999992,0.0015417000000000002,0.0027764999999999999,0.012152,-0.0027793000000000002,-0.0031749000000000005,-0.024032599999999998,-0.0088184999999999982,-0.0057116999999999992,-0.0149979,0.012457300000000001,-0.00078140000000000002,-0.0021464000000000001,0.0015518000000000001,-0.0033668999999999999,0.00026360000000000012,-0.00074170000000000008,0.00078760000000000006,0.00012019999999999999,-0.0051146999999999998,0.0033622000000000001,0.0020279999999999999,-0.0015819999999999999,0.00083230000000000001,0.00069850000000000001,0.0025863000000000001,-0.0040111999999999995,-0.00036569999999999994,1.5500000000000004e-05,0.0064650000000000003,-0.0021493000000000003,0.0046844999999999994,-0.0015993000000000001,-0.0029205000000000004,-0.0058901999999999999,0.0034857,0.0030918999999999999,-0.0009990000000000001,0.0049777000000000007,0.0050974999999999996,-0.00061070000000000004,0.0015099000000000002,0.00464,0.0012806000000000002,0.00016150000000000019,-0.0015742,0.0050842000000000005,0.0028967000000000003,-0.0016995000000000001,0.0019623000000000002,-0.0014568000000000003,0.0019364999999999994,-0.0011376000000000003,0.0013754000000000001,-0.0046121000000000009,-0.0006203999999999999,-0.0018844999999999999,0.010220400000000001,-0.0055405999999999997,0.0048861,-0.00075179999999999952,-0.0058611999999999996,-0.0078087999999999994,0.0020263,-0.0016063000000000002,0.0011004999999999999,-0.0035633000000000001,0.00038739999999999998,0.00042219999999999996,-9.2399999999999996e-05,0.0017140000000000002,-0.0019466000000000002,-0.0053579999999999999,0.0027696000000000005,0.0043204999999999997,0.001513,0.0028780999999999998,-0.0022006999999999999,0.00013149999999999994,0.00024510000000000005,-0.0016296000000000001,-0.0045942999999999991,-0.0029290000000000002,0.0017023000000000001,0.0053844000000000001,0.0031513999999999999,-0.0052351000000000003,0.0029843000000000001,0.0033243000000000005,-0.0038244000000000004,-0.0017515,0.0023329000000000002,0.0043049000000000004,0.0075928999999999996,-0.0022540000000000004,-2.6800000000000435e-05,-0.0025744000000000001,0.00084160000000000007,0.0067422000000000003,-0.0018680999999999997,-0.00017620000000000003,-0.00098289999999999966,0.0041652,-0.00088060000000000005,-0.0035498999999999999,-0.0038422999999999999,0.0078050999999999988,-0.0023641999999999999,-0.0015953999999999996,-0.0028051,-0.0042504000000000005,-0.0050925000000000007,0.0053965000000000003,-0.0042119999999999996,0.0013251000000000001,0.0049680000000000002,-0.0001518,-0.0020625000000000005,-0.014675000000000001,0.00037640000000000004,-7.3499999999999889e-05,0.00096240000000000008,0.0015104000000000001,0.0011004999999999999,0.0011119000000000001,0.0003991,0.0021237000000000001,0.0017667,0.00079910000000000007,0.0012088999999999999,0.00067029999999999998,0.0017915000000000003,-0.0010096000000000003,-0.0012410000000000001,-0.0017939999999999998,-0.00026160000000000002,-0.00029169999999999993,0.0018833000000000001,-0.0015382000000000004,0.0016241000000000001,-0.0037777000000000002,-9.3199999999999989e-05,-0.0016769999999999999,-0.0048475999999999997,-0.0029578,-0.00014079999999999995,0.0039001000000000001,-0.0013414,0.0008897,1.5799999999999842e-05,-0.0020502999999999997,-0.00063120000000000006,-0.0014381000000000001,-0.00052649999999999962,-0.00073930000000000003,0.00013860000000000006,0.0011348,0.0038288999999999997,-0.0024055999999999999,-0.0026511,0.00032109999999999984,-0.0015193000000000003,0.00068320000000000002,0.00022430000000000014,0.0030913,-0.00070990000000000029,-0.0018782,0.0026054999999999997,-0.0021931000000000003,-0.0017321999999999999,-0.0019716,0.0046737000000000003,-0.0019367999999999998,0.0034633000000000003,-0.0043663,-0.00022889999999999998,-0.00046020000000000002,0.0016695000000000002,0.013083500000000001,-0.0019265,0.0037561000000000001,-0.0017749999999999988,-0.0040712999999999999,-0.0013847999999999998,-0.00033840000000000004,0.00010239999999999989,-5.3000000000000096e-05,-0.00063340000000000011,0.0011009999999999995,-0.0008208,0.0012404,2.4200000000000019e-05,0.0010401,-0.00071070000000000009,-0.0025480000000000008,0.0017496999999999999,-0.00045809999999999997,0.0009969,-0.0017158,0.0011467000000000005,-0.0039367999999999998,0.0042502000000000009,-0.0011486000000000001,0.0020927999999999997,-0.00031530000000000002,0.00056910000000000001,0.0031936000000000004,-0.0035592999999999996,0.0011283000000000003,-0.00082299999999999995,0.0025913999999999998,-0.00055659999999999998,0.0025895000000000002,-0.0027443000000000003,0.0015727999999999998,0.00094199999999999991,0.0012653999999999999,0.0019375,-0.0041542000000000003,0.0027921999999999999,-0.0010995,0.0037022000000000001,-0.0019601000000000002,-0.0028174000000000003,-0.00080119999999999996,0.0019886999999999999,-0.00019380000000000005,-0.0013554000000000001,-0.0036968999999999999,-0.00033940000000000001,-0.00035250000000000006,-0.0017985,0.0025471999999999999,-0.00042089999999999999,0.00098959999999999998,0.0032818000000000001,-0.0028262000000000001,0.00040549999999999999,-0.00041950000000000017,-0.0023440000000000002,-0.0027708999999999998,0.001333,0.0041502999999999991,0.0031484,-0.0012704999999999999,0.0024261999999999999,-0.0069318000000000001,-0.0016338999999999998,-0.0008839000000000004,-0.0015066000000000001,0.0067363999999999992,-0.0037806999999999993,-0.00016649999999999998,0.00030800000000000001,2.2200000000000106e-05,0.00030370000000000001,-0.00066040000000000001,0.00046320000000000004,-0.00036030000000000003,-0.0011382,0.00081129999999999993,-0.00012430000000000004,0.00026740000000000005,-0.00037020000000000011,-0.00078410000000000003,-0.00021690000000000001,-0.00075970000000000009,-0.00022599999999999996,-0.00047270000000000005,-0.00010459999999999994,-0.00095080000000000013,0.0020599000000000004,-0.0030831999999999999,0.00091049999999999985,-0.0014407999999999999,-0.00064300000000000023,0.00037049999999999995,-0.0018622999999999999,0.00073999999999999999,0.0021830999999999999,0.00017840000000000005,-0.001552,0.0014278999999999997,-0.0016890000000000002,0.00052120000000000009,-0.00077340000000000004,0.0014870999999999999,0.0044153999999999981,0.0021294,-0.0020564999999999997,0.0012105999999999998,-0.00050939999999999991,-0.00038149999999999979,-0.0011143000000000001,-0.0021512000000000002,0.0017788999999999999,0.0022997000000000004,0.001238,-0.0027188999999999998,-0.00051329999999999995,-0.0017038999999999997,0.00032400000000000018,-0.0029461000000000001,-0.00033449999999999994,-0.0020265000000000001,0.00036279999999999993,0.00097299999999999958,-0.00057350000000000001,0.00011019999999999986,-0.0025666999999999999,0.0030601000000000001,-0.00084350000000000007,0.00018269999999999994,0.0026446999999999998,-0.00037909999999999984,-0.0021396000000000002,0.0061255000000000007,-0.0013993999999999999,0.0015885000000000001,0.000301,0.0051263999999999997,0.0079556999999999996,-0.0028554000000000001,0.0010759000000000001,0.0033378000000000001,-0.0067861999999999992,0.0020652999999999999
aug_between_class_right_pair0010_child02,Healthy,0,0,Augmented,0,0,0,0,0,0.3155212,2.0990015999999998,-9.9999999999999995e-07,-1.1999999999999999e-06,-7.9999999999999965e-07,1.0069585999999999,2.0000000000000002e-07,0.0441048,-0.14979980000000001,0.029059599999999998,0.1066266,-0.091518600000000006,0.089584200000000003,-0.00055100000000000006,0.010758800000000002,-0.0477256,-0.065653400000000001,0.35489960000000004,-0.078535800000000003,0.0059568000000000034,0.056594199999999997,0.0075811999999999997,-0.0171836,-0.0016767999999999998,-0.051799200000000004,0.029534600000000001,0.029289399999999997,-0.045837599999999999,0.0018967999999999997,-0.092266199999999993,0.025526599999999997,0.039856799999999998,-0.01082,0.0077921999999999991,0.0137932,-0.054272000000000001,0.034909799999999998,-0.06779679999999999,-0.0346244,0.11560579999999999,-0.031871400000000001,0.20492340000000001,-0.061507999999999993,0.0094663999999999998,-0.00092559999999999973,-0.0086861999999999998,-0.017558599999999997,0.0085334,0.027307399999999999,0.00043220000000000064,-0.0100932,-0.0168904,-0.023013199999999998,0.020846200000000002,0.0303492,0.035546800000000003,0.021817599999999999,0.00023000000000000104,0.0042698000000000007,0.0098828000000000006,-0.0460864,-0.0051412000000000003,0.0001755999999999995,0.0042562000000000016,0.031564399999999999,-0.1035276,-0.0106736,-0.0354668,-0.026107400000000003,0.0089637999999999992,0.001637,-0.0020211999999999999,0.017345599999999999,0.0035552000000000001,0.0045187999999999999,-0.0079167999999999999,0.011314999999999999,0.0033913999999999997,0.0022128000000000004,0.00057339999999999995,0.0093676000000000002,-0.0127192,8.7800000000000291e-05,0.013948800000000001,0.0097210000000000005,-0.0030943999999999998,-0.017018200000000001,0.016901199999999998,-0.023155800000000001,-0.0089908000000000002,0.0010213999999999996,-0.0023613999999999996,0.0067608,-0.0053275999999999992,0.00026700000000000074,0.0064970000000000002,-0.015776600000000002,0.0137404,0.021443199999999999,-0.0036769999999999997,0.0331404,-0.011701,0.0058087999999999994,-0.00016180000000000014,-0.0018998000000000001,-0.0086940000000000003,0.014638200000000001,-0.0049716000000000005,-0.0022391999999999998,-5.8e-05,0.0073661999999999998,0.00057239999999999982,-0.0024495999999999997,0.0026897999999999996,0.016744799999999997,-0.0014843999999999994,-0.0026436000000000003,0.011133000000000001,-0.0068272000000000003,0.0049218000000000005,0.00093440000000000103,0.014932000000000001,0.0017284000000000002,-0.011963,0.0060143999999999996,-0.0033861999999999998,-0.0011413999999999999,-0.0043993999999999995,-0.0049410000000000001,0.0087898000000000004,0.008244399999999999,-0.0045386000000000003,-0.0032225999999999999,-0.025297600000000003,-0.012556200000000002,-0.0046629999999999996,0.00061480000000000128,-0.001012400000000001,0.0087516000000000017,-0.0067470000000000013,-0.0069310000000000005,-0.0052431999999999999,-0.00064959999999999996,-0.00067400000000000012,0.0035927999999999997,-0.0003388,-0.0010846,-0.0049718000000000002,-0.0021196000000000001,-0.0043365999999999995,-0.0030052,0.00051499999999999983,0.00097380000000000003,0.0018426000000000002,0.0015428000000000006,-0.0030761999999999999,-0.0063087999999999998,-0.0053068000000000004,-0.0017178,-0.0122994,0.0016747999999999997,0.004385,0.0072347999999999996,0.0024390000000000002,-0.0034304000000000001,-0.0026042000000000001,-0.0077885999999999997,-0.0040722000000000006,-0.0064423999999999992,0.0059564000000000006,-0.0026868,0.011506199999999999,-0.0002846000000000003,-0.0079833999999999999,0.0055030000000000001,0.0079068000000000003,0.0010854000000000003,0.0028370000000000001,0.011513000000000001,-0.0034315999999999999,-0.0032568000000000007,-0.0231132,-0.0080960000000000008,-0.0046224000000000005,-0.014814800000000001,0.012042600000000001,-0.0012088000000000001,-0.0020838000000000002,0.0015696,-0.0032377999999999999,0.0004452000000000002,-0.00061240000000000014,0.0011472000000000001,0.0002404000000000001,-0.0047324000000000003,0.0034834000000000002,0.002307,-0.001609,0.00098059999999999987,0.00053800000000000007,0.0020745999999999998,-0.0039134,-0.00013740000000000001,1.9000000000000001e-05,0.0065770000000000012,-0.0020915999999999999,0.0046700000000000005,-0.0017886,-0.0034770000000000001,-0.0057114000000000002,0.0028004000000000002,0.0027177999999999998,-0.0006249999999999999,0.0045454000000000007,0.0048259999999999996,-0.00041440000000000004,0.0012198000000000001,0.0041550000000000007,0.0010872,-0.0003799999999999997,-0.0011424000000000002,0.0050834000000000001,0.0025164000000000002,-0.0016000000000000001,0.0015216000000000001,-0.0010856000000000004,0.0014720000000000007,-0.00063020000000000046,0.0019598000000000003,-0.0036021999999999998,-0.00089380000000000037,-0.0016980000000000001,0.0096198000000000013,-0.0062411999999999997,0.0047191999999999998,-0.0021645999999999992,-0.0048433999999999994,-0.008044599999999999,0.0020655999999999999,-0.0015526000000000001,0.00094000000000000019,-0.0032406000000000006,0.00056880000000000016,0.00033840000000000009,-0.00020580000000000002,0.0016220000000000006,-0.0020371999999999999,-0.0052270000000000007,0.0025512000000000004,0.0041739999999999998,0.0015320000000000002,0.0027022000000000001,-0.0021814,6.9999999999999804e-06,0.00031420000000000005,-0.0010832000000000007,-0.0044866000000000003,-0.0028830000000000006,0.0013906000000000001,0.0049438000000000008,0.0032588000000000001,-0.0051162000000000004,0.0029566000000000002,0.0030646000000000002,-0.0033668000000000001,-0.0015529999999999997,0.0021887999999999999,0.0040657999999999996,0.0071748000000000003,-0.0021970000000000002,0.00042040000000000003,-0.0025977999999999999,0.00055419999999999992,0.0062614000000000003,-0.0021241999999999997,-1.1400000000000026e-05,-0.00085480000000000018,0.0037684000000000003,-0.00066920000000000044,-0.0033928000000000001,-0.0035685999999999999,0.0080061999999999998,-0.0028584000000000001,-0.0013948000000000005,-0.0027092000000000001,-0.0041897999999999996,-0.0053660000000000001,0.0053889999999999997,-0.0041589999999999995,0.0020612,0.0043359999999999996,-1.5600000000000054e-05,-0.0018550000000000003,-0.014791,0.00030679999999999987,2.3000000000000017e-05,0.00097280000000000012,0.0013378000000000001,0.0011589999999999999,0.00087279999999999996,0.00060619999999999988,0.0020123999999999997,0.0016923999999999999,0.00080119999999999996,0.0012577999999999999,0.00062859999999999999,0.0018780000000000001,-0.00092319999999999989,-0.001052,-0.0018190000000000001,-7.6200000000000009e-05,-0.00029439999999999995,0.0019545999999999999,-0.0013034000000000006,0.0014922000000000002,-0.0036584,-0.00028039999999999999,-0.0015739999999999999,-0.0048862000000000003,-0.0028466000000000003,-0.00024660000000000014,0.0039512000000000002,-0.0012907999999999999,0.0012164000000000001,-0.00045039999999999978,-0.0022485999999999999,-0.00064040000000000006,-0.0014722000000000001,-0.00066799999999999987,-0.00059560000000000006,0.00028920000000000014,0.0012916,0.0035818,-0.0020381999999999996,-0.0026531999999999997,0.00024120000000000001,-0.0012396,0.00091639999999999994,8.9600000000000009e-05,0.0029445999999999999,-0.00061580000000000011,-0.0017894,0.0024089999999999997,-0.0021702000000000002,-0.0014713999999999999,-0.0020412,0.004456400000000001,-0.0017665999999999999,0.0028466000000000003,-0.0044876000000000004,-0.00021880000000000001,-0.0004104,0.0017360000000000001,0.012998000000000001,-0.0021160000000000003,0.0043391999999999997,-0.0018219999999999998,-0.0040085999999999993,-0.0013806000000000001,-0.00028480000000000015,0.00024979999999999989,-7.7000000000000137e-05,-0.00034380000000000001,0.0011489999999999998,-0.00068860000000000004,0.0013357999999999998,3.4400000000000023e-05,0.00095320000000000008,-0.00071739999999999998,-0.0023140000000000005,0.0016704000000000001,-0.0004792000000000001,0.0013468,-0.0017786,0.0012164000000000003,-0.0037096000000000008,0.0039324000000000008,-0.0012072000000000001,0.0017806,-0.00011360000000000005,0.00038120000000000005,0.0029862000000000005,-0.0032395999999999996,0.0012456000000000001,-0.000736,0.0027267999999999997,-0.00085519999999999997,0.0024239999999999999,-0.0026056000000000005,0.0013276,0.00092199999999999997,0.0011967999999999998,0.0019140000000000003,-0.0039394,0.0025293999999999998,-0.0012960000000000001,0.0032194000000000007,-0.0018352000000000002,-0.0025758000000000005,-0.00081939999999999986,0.0021794000000000002,-0.00032060000000000009,-0.0014658,-0.0037278000000000003,-0.00020680000000000004,-0.00053600000000000023,-0.001725,0.0024454000000000004,2.2199999999999998e-05,0.0011942000000000001,0.0030896000000000001,-0.0027504000000000001,0.00024399999999999994,-0.00044900000000000018,-0.0020950000000000001,-0.0023978000000000003,0.00086700000000000004,0.0040425999999999995,0.0025877999999999999,-0.00096299999999999988,0.0020203999999999999,-0.0065926000000000005,-0.0017527999999999997,-0.0010838000000000006,-0.0012792000000000001,0.0066828,-0.0039033999999999996,-4.2999999999999961e-05,0.00024899999999999998,9.7400000000000091e-05,0.00027640000000000005,-0.00051679999999999999,0.00036940000000000003,-0.00034659999999999997,-0.0012164000000000001,0.0009725999999999999,-0.00018859999999999998,0.00024380000000000013,-0.00044740000000000025,-0.00093820000000000014,-0.00017779999999999996,-0.00066640000000000004,-0.00018099999999999985,-0.00075740000000000009,8.1799999999999928e-05,-0.00095960000000000012,0.0020898000000000002,-0.0032204,0.00060199999999999989,-0.0012356000000000001,-0.00058000000000000033,0.00048899999999999985,-0.0017056,0.000571,0.0020041999999999998,0.00011080000000000004,-0.0015639999999999999,0.0012258,-0.001493,0.00043540000000000001,-0.00051980000000000006,0.0013882,0.0043178000000000001,0.0019927999999999999,-0.002111,0.0012202000000000001,-0.00039579999999999997,-0.00041100000000000002,-0.00092660000000000008,-0.0019064000000000004,0.0017057999999999999,0.0022944000000000003,0.0013489999999999999,-0.0026448000000000001,-0.00055860000000000003,-0.0014657999999999997,0.00036000000000000008,-0.0030122000000000005,-0.00042400000000000011,-0.0017460000000000002,0.00034659999999999997,0.00059799999999999968,-0.00054900000000000001,-9.9600000000000144e-05,-0.0025303999999999999,0.0028592000000000005,-0.00077500000000000008,4.0399999999999952e-05,0.0023684000000000001,-0.00035219999999999978,-0.0021031999999999999,0.0061550000000000007,-0.0013418,0.0016510000000000001,0.00013999999999999993,0.0050017999999999998,0.0075624000000000004,-0.0029738,0.00092179999999999996,0.0023936000000000009,-0.0060333999999999995,0.0022196
aug_between_class_right_pair0010_child03,Healthy,0,0,Augmented,0,0,0,0,0,0.31310729999999998,2.1082728999999998,-9.9999999999999995e-07,-1.2999999999999998e-06,-6.9999999999999976e-07,0.99665239999999999,2.9999999999999999e-07,0.043693700000000002,-0.14974720000000002,0.028480399999999999,0.1046324,-0.090074899999999999,0.087367799999999995,-0.00099850000000000004,0.010728699999999999,-0.047318899999999997,-0.065839100000000012,0.35275990000000002,-0.07733870000000001,-0.0023347999999999954,0.057844300000000001,0.0042288000000000004,-0.017263400000000002,-0.0018481999999999999,-0.053191300000000004,0.0319884,0.027425599999999998,-0.0460449,0.0018721999999999999,-0.091721799999999992,0.024715399999999998,0.040325700000000006,-0.010972000000000001,0.0094407999999999992,0.0139078,-0.054723499999999994,0.032608699999999997,-0.070024699999999995,-0.0347716,0.1189862,-0.031949600000000002,0.2046066,-0.059438999999999999,0.0091050999999999997,-0.0011904000000000001,-0.0085912999999999996,-0.017969399999999996,0.0082275999999999998,0.028040599999999999,-0.00046419999999999968,-0.009471799999999999,-0.017091099999999998,-0.022893799999999999,0.021671799999999998,0.0292018,0.035811200000000001,0.020749899999999998,0.00011300000000000025,0.0039232,0.011194700000000002,-0.0456166,-0.0042577999999999991,0.00069439999999999975,0.0043412999999999993,0.0337316,-0.10242989999999999,-0.011999900000000001,-0.036162699999999999,-0.025846100000000004,0.0093741999999999992,0.0017054999999999998,-0.0018147999999999999,0.017784399999999999,0.0043293000000000003,0.0044676999999999998,-0.0078607,0.011143500000000001,0.0032451000000000003,0.0022386999999999993,0.0007796000000000003,0.008919899999999998,-0.013258300000000001,-4.3299999999999589e-05,0.013939699999999999,0.0088845,-0.0035046000000000001,-0.015667799999999999,0.017580800000000001,-0.022486199999999998,-0.0084156999999999999,0.0012055999999999994,-0.0024380999999999999,0.0063537000000000003,-0.0050258999999999998,0.00012949999999999941,0.0061449999999999994,-0.015470899999999999,0.0128801,0.021024299999999999,-0.0034824999999999995,0.033573599999999995,-0.012273000000000001,0.0056641999999999994,-7.5700000000000051e-05,-0.0018872000000000001,-0.008490000000000001,0.014360299999999999,-0.0049924000000000001,-0.0025317999999999998,-0.00015550000000000015,0.0069802999999999992,0.00047360000000000024,-0.0023419000000000001,0.0029162000000000003,0.016068699999999998,-0.00082009999999999982,-0.0026538999999999998,0.0112465,-0.0064983000000000003,0.0047752000000000003,0.0010701,0.014800499999999999,0.0015501,-0.011245,0.0064171000000000002,-0.0041232999999999999,-0.0016520999999999992,-0.0050936000000000002,-0.0044250000000000001,0.0089376999999999998,0.0082985999999999997,-0.0043288999999999992,-0.0028284,-0.025118399999999999,-0.0121073,-0.005313,0.00046969999999999911,6.7899999999999645e-05,0.007888899999999999,-0.004372,-0.0078014999999999985,-0.0055412999999999999,-0.00066290000000000001,-0.00079199999999999995,0.0036426999999999996,-0.00017019999999999991,-0.0010803999999999998,-0.0051686999999999992,-0.0018633999999999996,-0.0044178999999999998,-0.0028432999999999996,0.00071650000000000001,0.00067120000000000005,0.0017274,0.0010597000000000002,-0.0030282999999999998,-0.0058891999999999998,-0.0049471999999999997,-0.0017597000000000001,-0.012412099999999999,0.0013281999999999999,0.0049364999999999999,0.0067982000000000008,0.0016524999999999997,-0.0033216000000000001,-0.0022523000000000005,-0.0067048999999999997,-0.0038658000000000004,-0.0065036,0.0059370999999999998,-0.0026627,0.0111063,-0.00030689999999999971,-0.0077435999999999998,0.0055415000000000004,0.0086686999999999997,0.00062910000000000028,0.0028974999999999999,0.010874,-0.0040838999999999997,-0.0033386999999999991,-0.0221938,-0.0073734999999999998,-0.0035331000000000008,-0.014631699999999999,0.0116279,-0.0016362000000000002,-0.0020211999999999999,0.0015873999999999999,-0.0031086999999999998,0.00062679999999999984,-0.00048309999999999998,0.0015068,0.00036059999999999977,-0.0043501,0.0036045999999999995,0.0025859999999999998,-0.0016359999999999999,0.0011289,0.00037749999999999991,0.0015628999999999999,-0.0038155999999999993,9.0899999999999973e-05,2.2500000000000001e-05,0.0066890000000000005,-0.0020338999999999999,0.0046554999999999999,-0.0019779000000000003,-0.0040335000000000006,-0.0055326000000000004,0.0021151,0.0023436999999999998,-0.00025099999999999981,0.0041130999999999997,0.0045544999999999995,-0.00021810000000000004,0.00092969999999999999,0.0036699999999999997,0.00089379999999999972,-0.00092150000000000001,-0.00071060000000000003,0.0050825999999999996,0.0021360999999999993,-0.0015005000000000001,0.0010809000000000001,-0.00071440000000000002,0.0010075000000000001,-0.00012279999999999973,0.0025442000000000004,-0.0025922999999999996,-0.0011672,-0.0015114999999999998,0.0090191999999999998,-0.0069417999999999997,0.0045523000000000004,-0.0035773999999999997,-0.0038255999999999997,-0.0082804000000000003,0.0021049000000000003,-0.0014989000000000001,0.00077949999999999992,-0.0029178999999999997,0.0007501999999999997,0.0002545999999999999,-0.00031919999999999995,0.0015300000000000001,-0.0021278,-0.0050959999999999998,0.0023327999999999999,0.0040274999999999998,0.0015510000000000001,0.0025263,-0.0021621000000000001,-0.00011750000000000004,0.00038329999999999994,-0.00053680000000000004,-0.0043788999999999998,-0.0028370000000000001,0.0010788999999999998,0.0045032000000000006,0.0033661999999999997,-0.0049973000000000005,0.0029288999999999999,0.0028048999999999999,-0.0029091999999999998,-0.0013544999999999998,0.0020447,0.0038266999999999997,0.0067566999999999992,-0.0021399999999999995,0.00086759999999999995,-0.0026212000000000002,0.00026679999999999998,0.0057806000000000003,-0.0023802999999999997,0.00015339999999999993,-0.00072669999999999983,0.0033715999999999998,-0.00045780000000000039,-0.0032356999999999998,-0.0032948999999999999,0.008207299999999999,-0.0033525999999999999,-0.0011941999999999996,-0.0026132999999999998,-0.0041292000000000004,-0.0056395000000000004,0.0053814999999999991,-0.0041059999999999994,0.0027973,0.0037040000000000003,0.0001205999999999999,-0.0016475000000000001,-0.014907,0.00023720000000000013,0.00011949999999999992,0.00098319999999999983,0.0011651999999999999,0.0012175,0.00063369999999999995,0.00081330000000000009,0.0019010999999999998,0.0016180999999999999,0.00080329999999999985,0.0013067,0.00058690000000000001,0.0019644999999999997,-0.00083679999999999996,-0.00086300000000000005,-0.0018439999999999999,0.00010919999999999994,-0.0002970999999999999,0.0020258999999999997,-0.0010686000000000003,0.0013602999999999998,-0.0035390999999999999,-0.00046759999999999998,-0.0014710000000000001,-0.0049248,-0.0027353999999999998,-0.00035239999999999978,0.0040023000000000003,-0.0012401999999999999,0.0015430999999999999,-0.00091659999999999995,-0.0024469000000000001,-0.00064960000000000007,-0.0015063000000000001,-0.00080949999999999989,-0.00045190000000000009,0.00043980000000000001,0.0014483999999999999,0.0033346999999999999,-0.0016707999999999998,-0.0026552999999999993,0.00016129999999999996,-0.00095990000000000018,0.0011496,-4.5099999999999958e-05,0.0027978999999999999,-0.00052169999999999994,-0.0017006,0.0022124999999999996,-0.0021473,-0.0012106,-0.0021107999999999999,0.0042391,-0.0015964,0.0022298999999999999,-0.0046088999999999991,-0.00020869999999999998,-0.00036059999999999998,0.0018025000000000001,0.0129125,-0.0023055000000000003,0.0049223000000000001,-0.0018689999999999991,-0.0039458999999999996,-0.0013764000000000001,-0.00023120000000000004,0.00039719999999999995,-0.00010099999999999996,-5.4200000000000016e-05,0.0011969999999999997,-0.00055640000000000008,0.0014311999999999999,4.46e-05,0.00086629999999999997,-0.00072409999999999987,-0.0020800000000000003,0.0015910999999999998,-0.00050029999999999996,0.0016967000000000002,-0.0018414,0.0012861000000000001,-0.0034824000000000001,0.0036145999999999999,-0.0012657999999999999,0.0014683999999999999,8.8099999999999919e-05,0.00019329999999999998,0.0027787999999999997,-0.0029198999999999996,0.0013628999999999998,-0.00064900000000000005,0.0028621999999999996,-0.0011538,0.0022585000000000001,-0.0024669000000000002,0.0010823999999999999,0.00090199999999999992,0.0011281999999999998,0.0018904999999999998,-0.0037246000000000002,0.0022665999999999997,-0.0014924999999999999,0.0027366000000000005,-0.0017103000000000001,-0.0023341999999999998,-0.00083759999999999998,0.0023700999999999996,-0.00044740000000000014,-0.0015762,-0.0037587000000000002,-7.419999999999996e-05,-0.00071950000000000009,-0.0016515,0.0023435999999999999,0.00046530000000000009,0.0013988000000000002,0.0028974000000000001,-0.0026746000000000001,8.2499999999999945e-05,-0.00047850000000000008,-0.001846,-0.0020246999999999999,0.00040100000000000053,0.0039348999999999999,0.0020271999999999998,-0.00065549999999999994,0.0016145999999999999,-0.0062534000000000001,-0.0018717,-0.0012836999999999996,-0.0010517999999999999,0.0066291999999999992,-0.0040260999999999995,8.0500000000000032e-05,0.00018999999999999998,0.00017260000000000008,0.00024909999999999998,-0.00037320000000000002,0.00027559999999999992,-0.00033290000000000001,-0.0012946000000000001,0.0011339,-0.00025290000000000002,0.00022020000000000004,-0.00052459999999999974,-0.0010923,-0.00013870000000000001,-0.0005731,-0.00013599999999999994,-0.0010420999999999998,0.00026820000000000001,-0.00096840000000000012,0.0021197000000000004,-0.0033575999999999996,0.00029349999999999976,-0.0010303999999999999,-0.00051699999999999999,0.00060749999999999997,-0.0015489,0.00040200000000000001,0.0018253000000000002,4.3200000000000047e-05,-0.0015759999999999999,0.0010236999999999998,-0.0012969999999999998,0.00034959999999999999,-0.00026619999999999986,0.0012893,0.0042201999999999986,0.0018561999999999995,-0.0021654999999999999,0.0012298000000000003,-0.00028219999999999992,-0.00044049999999999981,-0.00073890000000000002,-0.0016615999999999996,0.0016326999999999997,0.0022891000000000001,0.0014599999999999999,-0.0025706999999999995,-0.00060389999999999999,-0.0012276999999999998,0.00039599999999999987,-0.0030783,-0.00051349999999999985,-0.0014654999999999998,0.00033040000000000001,0.00022299999999999957,-0.00052450000000000001,-0.00030939999999999993,-0.0024941,0.0026582999999999997,-0.00070649999999999999,-0.00010190000000000004,0.0020920999999999999,-0.00032529999999999994,-0.0020668000000000001,0.0061844999999999999,-0.0012841999999999999,0.0017135000000000002,-2.099999999999986e-05,0.0048771999999999991,0.0071690999999999994,-0.0030921999999999998,0.00076769999999999985,0.0014494000000000002,-0.0052805999999999999,0.0023739
aug_between_class_right_pair0010_child04,Healthy,0,0,Augmented,0,0,0,0,0,0.31069340000000001,2.1175441999999998,-9.9999999999999995e-07,-1.4000000000000001e-06,-5.9999999999999987e-07,0.98634620000000006,4.0000000000000003e-07,0.043282599999999997,-0.14969460000000001,0.027901199999999998,0.1026382,-0.088631199999999993,0.085151400000000002,-0.001446,0.010698599999999999,-0.046912200000000001,-0.066024800000000008,0.35062020000000005,-0.076141600000000004,-0.010626399999999998,0.059094400000000005,0.0008763999999999994,-0.0173432,-0.0020195999999999999,-0.054583400000000004,0.034442199999999999,0.025561799999999999,-0.0462522,0.0018475999999999998,-0.091177399999999992,0.0239042,0.0407946,-0.011124,0.011089399999999999,0.014022400000000001,-0.055175000000000002,0.030307599999999997,-0.0722526,-0.0349188,0.12236659999999999,-0.032027800000000002,0.20428979999999999,-0.057369999999999997,0.0087437999999999995,-0.0014551999999999998,-0.0084964000000000012,-0.018380199999999999,0.0079217999999999997,0.028773800000000002,-0.0013605999999999996,-0.0088503999999999996,-0.0172918,-0.0227744,0.022497400000000001,0.0280544,0.036075599999999999,0.019682199999999997,-3.9999999999987962e-06,0.0035766000000000005,0.0125066,-0.045146800000000001,-0.0033743999999999992,0.0012132000000000002,0.0044264000000000005,0.035898800000000002,-0.1013322,-0.0133262,-0.036858600000000005,-0.025584800000000001,0.0097845999999999992,0.001774,-0.0016084000000000001,0.018223199999999998,0.0051034000000000001,0.0044165999999999997,-0.0078046000000000001,0.010971999999999999,0.0030987999999999996,0.0022645999999999999,0.00098580000000000022,0.0084721999999999992,-0.0137974,-0.0001743999999999999,0.013930600000000001,0.0080479999999999996,-0.0039147999999999995,-0.014317400000000001,0.0182604,-0.021816599999999998,-0.0078405999999999997,0.0013898000000000001,-0.0025147999999999998,0.0059465999999999998,-0.0047241999999999996,-8.0000000000001945e-06,0.0057929999999999995,-0.0151652,0.012019800000000001,0.020605399999999999,-0.0032880000000000001,0.034006799999999997,-0.012845000000000001,0.0055196000000000004,1.0399999999999819e-05,-0.0018746000000000001,-0.008286,0.0140824,-0.0050132000000000006,-0.0028243999999999999,-0.00025300000000000008,0.0065943999999999994,0.00037480000000000022,-0.0022342,0.0031426000000000002,0.015392599999999999,-0.00015579999999999978,-0.0026642000000000002,0.01136,-0.0061694000000000002,0.0046286000000000001,0.0012057999999999999,0.014669000000000001,0.0013717999999999998,-0.010526999999999998,0.0068198,-0.0048604,-0.0021627999999999994,-0.0057878000000000001,-0.0039089999999999993,0.0090855999999999992,0.0083528000000000005,-0.0041191999999999999,-0.0024341999999999996,-0.024939200000000002,-0.011658400000000001,-0.0059629999999999996,0.00032460000000000041,0.0011481999999999996,0.0070261999999999998,-0.0019970000000000005,-0.0086720000000000009,-0.0058394000000000007,-0.00067620000000000006,-0.00091000000000000022,0.0036926000000000003,-1.6000000000000389e-06,-0.0010762,-0.0053655999999999999,-0.0016071999999999998,-0.0044992000000000001,-0.0026814,0.00091799999999999998,0.00036859999999999996,0.0016122,0.00057660000000000035,-0.0029803999999999998,-0.0054695999999999998,-0.0045875999999999998,-0.0018016,-0.012524799999999999,0.00098160000000000001,0.0054879999999999998,0.0063616000000000002,0.0008659999999999998,-0.0032128,-0.0019004000000000002,-0.0056211999999999998,-0.0036594000000000002,-0.0065648,0.0059178,-0.0026386000000000001,0.0107064,-0.00032919999999999998,-0.0075037999999999997,0.0055799999999999999,0.0094306000000000008,0.0001728000000000003,0.0029580000000000001,0.010234999999999999,-0.0047362000000000003,-0.0034206000000000002,-0.021274399999999999,-0.0066509999999999998,-0.0024437999999999994,-0.014448600000000001,0.0112132,-0.0020636000000000005,-0.0019586,0.0016052000000000002,-0.0029795999999999998,0.00080839999999999992,-0.00035380000000000003,0.0018663999999999998,0.00048079999999999998,-0.0039677999999999996,0.0037257999999999996,0.0028649999999999995,-0.001663,0.0012772,0.00021699999999999985,0.0010511999999999997,-0.0037177999999999998,0.00031919999999999995,2.6000000000000005e-05,0.0068010000000000015,-0.0019762,0.0046410000000000002,-0.0021672000000000002,-0.0045900000000000003,-0.0053537999999999997,0.0014298000000000002,0.0019696000000000002,0.00012300000000000028,0.0036808000000000001,0.0042830000000000003,-2.1800000000000096e-05,0.00063960000000000004,0.0031849999999999999,0.00070039999999999989,-0.0014630000000000003,-0.00027879999999999984,0.0050818,0.0017557999999999999,-0.0014009999999999999,0.00064020000000000006,-0.00034319999999999967,0.00054299999999999965,0.00038460000000000057,0.0031286000000000005,-0.0015824000000000001,-0.0014406,-0.001325,0.0084186,-0.0076424000000000006,0.0043854000000000002,-0.0049901999999999993,-0.0028078000000000001,-0.0085161999999999998,0.0021442000000000002,-0.0014452,0.00061899999999999998,-0.0025951999999999998,0.00093160000000000009,0.0001708,-0.00043260000000000005,0.0014380000000000003,-0.0022183999999999997,-0.0049649999999999998,0.0021144000000000002,0.0038809999999999999,0.0015700000000000002,0.0023503999999999995,-0.0021428000000000003,-0.00024200000000000008,0.00045240000000000005,9.6000000000002333e-06,-0.0042711999999999993,-0.0027910000000000001,0.0007672,0.0040626000000000004,0.0034736000000000003,-0.0048783999999999998,0.0029011999999999996,0.0025452000000000001,-0.0024516,-0.0011559999999999999,0.0019006000000000001,0.0035875999999999998,0.0063385999999999998,-0.0020829999999999998,0.0013148000000000001,-0.0026446,-2.0600000000000067e-05,0.0052998000000000003,-0.0026363999999999992,0.00031820000000000004,-0.00059859999999999991,0.0029748000000000001,-0.00024639999999999992,-0.0030785999999999999,-0.0030211999999999999,0.0084083999999999999,-0.0038468,-0.00099360000000000008,-0.0025173999999999999,-0.0040685999999999995,-0.0059129999999999999,0.0053739999999999994,-0.0040530000000000002,0.0035334000000000003,0.0030719999999999996,0.00025680000000000001,-0.0014400000000000007,-0.015023000000000002,0.00016759999999999995,0.00021599999999999994,0.00099360000000000008,0.00099259999999999995,0.001276,0.00039460000000000005,0.0010203999999999999,0.0017897999999999998,0.0015437999999999999,0.00080540000000000017,0.0013556,0.00054520000000000002,0.0020509999999999999,-0.00075040000000000003,-0.0006739999999999999,-0.001869,0.00029460000000000001,-0.00029979999999999997,0.0020972,-0.00083380000000000021,0.0012283999999999997,-0.0034197999999999997,-0.00065479999999999998,-0.0013679999999999999,-0.0049633999999999998,-0.0026242000000000001,-0.00045820000000000008,0.0040534000000000004,-0.0011895999999999999,0.0018698,-0.0013828,-0.0026451999999999999,-0.00065879999999999997,-0.0015404000000000001,-0.00095100000000000002,-0.00030820000000000001,0.00059040000000000004,0.0016052000000000002,0.0030875999999999998,-0.0013034000000000001,-0.0026573999999999999,8.1400000000000027e-05,-0.00068020000000000027,0.0013828,-0.00017979999999999993,0.0026512000000000003,-0.0004276000000000002,-0.0016118,0.002016,-0.0021244000000000002,-0.00094979999999999999,-0.0021803999999999994,0.0040218000000000007,-0.0014261999999999999,0.0016132,-0.0047302000000000004,-0.00019860000000000006,-0.00031080000000000002,0.001869,0.012827000000000002,-0.0024949999999999998,0.0055053999999999997,-0.0019159999999999993,-0.0038831999999999998,-0.0013721999999999999,-0.00017760000000000003,0.0005445999999999999,-0.000125,0.00023539999999999987,0.0012449999999999996,-0.00042420000000000001,0.0015265999999999999,5.4800000000000004e-05,0.00077939999999999986,-0.00073079999999999998,-0.0018460000000000002,0.0015118,-0.00052140000000000021,0.0020466,-0.0019042,0.0013557999999999999,-0.0032551999999999998,0.0032967999999999999,-0.0013243999999999999,0.0011562,0.00028979999999999989,5.3999999999999144e-06,0.0025713999999999997,-0.0026001999999999996,0.0014802000000000001,-0.000562,0.0029976,-0.0014524,0.0020930000000000002,-0.0023281999999999999,0.00083719999999999975,0.00088199999999999997,0.0010596,0.0018669999999999997,-0.0035098,0.0020037999999999996,-0.001689,0.0022538000000000002,-0.0015854000000000003,-0.0020926,-0.00085579999999999999,0.0025607999999999998,-0.00057419999999999997,-0.0016865999999999999,-0.0037896000000000002,5.8400000000000037e-05,-0.00090300000000000016,-0.001578,0.0022418,0.00090839999999999996,0.0016034000000000001,0.0027052000000000001,-0.0025988000000000001,-7.9000000000000131e-05,-0.0005080000000000002,-0.0015969999999999999,-0.0016516000000000002,-6.4999999999999954e-05,0.0038271999999999998,0.0014665999999999998,-0.00034799999999999979,0.0012087999999999999,-0.0059142000000000005,-0.0019905999999999999,-0.0014836000000000003,-0.00082439999999999987,0.0065756,-0.0041487999999999994,0.00020400000000000005,0.00013099999999999999,0.00024779999999999995,0.00022180000000000002,-0.00022959999999999989,0.00018180000000000003,-0.00031919999999999995,-0.0013728,0.0012951999999999998,-0.00031720000000000001,0.00019660000000000001,-0.0006018000000000001,-0.0012464000000000002,-9.9599999999999982e-05,-0.00047980000000000001,-9.1000000000000044e-05,-0.0013267999999999999,0.0004546000000000001,-0.00097720000000000012,0.0021496000000000002,-0.0034947999999999993,-1.5000000000000229e-05,-0.0008252,-0.00045400000000000008,0.00072599999999999997,-0.0013921999999999999,0.00023299999999999992,0.0016464000000000001,-2.439999999999997e-05,-0.001588,0.0008215999999999998,-0.001101,0.00026379999999999996,-1.2600000000000035e-05,0.0011903999999999999,0.0041225999999999988,0.0017195999999999995,-0.0022199999999999998,0.0012394000000000001,-0.00016859999999999998,-0.00047000000000000004,-0.00055120000000000006,-0.0014167999999999997,0.0015595999999999997,0.0022837999999999999,0.0015709999999999999,-0.0024965999999999999,-0.00064920000000000006,-0.00098959999999999977,0.00043199999999999998,-0.0031443999999999999,-0.00060300000000000002,-0.0011850000000000001,0.00031419999999999994,-0.00015200000000000012,-0.00050000000000000001,-0.00051920000000000015,-0.0024577999999999996,0.0024573999999999998,-0.000638,-0.00024420000000000008,0.0018157999999999998,-0.00029839999999999988,-0.0020303999999999999,0.0062139999999999999,-0.0012266,0.001776,-0.00018199999999999998,0.0047525999999999992,0.0067758000000000002,-0.0032106000000000001,0.00061359999999999995,0.00050520000000000035,-0.0045277999999999994,0.0025281999999999995
aug_between_class_right_pair0010_child05,TLE,1,1,Augmented,0,0,0,0,0,0.30586559999999996,2.1360868000000002,-9.9999999999999995e-07,-1.5999999999999999e-06,-3.9999999999999988e-07,0.96573379999999998,5.9999999999999997e-07,0.042460400000000002,-0.14958940000000001,0.026742800000000001,0.09864980000000001,-0.085743799999999995,0.080718600000000001,-0.0023409999999999998,0.010638400000000001,-0.046098799999999995,-0.066396200000000002,0.3463408,-0.073747400000000005,-0.027209599999999994,0.061594599999999999,-0.0058283999999999983,-0.017502800000000002,-0.0023623999999999997,-0.057367600000000005,0.039349799999999997,0.021834199999999998,-0.046666799999999994,0.0017983999999999995,-0.090088600000000005,0.022281799999999997,0.041732400000000003,-0.011428000000000001,0.014386599999999999,0.0142516,-0.056077999999999996,0.025705399999999996,-0.076708399999999996,-0.0352132,0.1291274,-0.032184199999999996,0.20365620000000001,-0.053232000000000002,0.0080212000000000009,-0.0019848000000000001,-0.0083066000000000008,-0.019201799999999998,0.0073102000000000002,0.030240200000000002,-0.0031534000000000002,-0.0076076,-0.017693199999999999,-0.022535599999999999,0.024148599999999999,0.025759600000000001,0.036604399999999995,0.017546799999999998,-0.0002379999999999995,0.0028834000000000004,0.0151304,-0.044207199999999995,-0.0016075999999999994,0.0022507999999999998,0.0045965999999999993,0.040233199999999997,-0.099136799999999997,-0.015978800000000001,-0.038250400000000004,-0.0250622,0.010605399999999999,0.0019109999999999999,-0.0011956,0.019100800000000001,0.0066515999999999997,0.0043143999999999995,-0.0076923999999999994,0.010629,0.0028061999999999996,0.0023164000000000001,0.0013982000000000003,0.0075767999999999999,-0.014875599999999999,-0.0004366000000000001,0.0139124,0.0063750000000000005,-0.0047352000000000002,-0.011616600000000001,0.019619600000000001,-0.0204774,-0.0066904,0.0017581999999999997,-0.0026681999999999999,0.0051324000000000005,-0.0041208,-0.00028299999999999983,0.0050889999999999998,-0.0145538,0.0102992,0.0197676,-0.0028989999999999997,0.034873199999999993,-0.013989,0.0052303999999999996,0.00018259999999999999,-0.0018494,-0.0078779999999999996,0.0135266,-0.0050547999999999999,-0.0034095999999999996,-0.00044799999999999999,0.0058225999999999998,0.00017719999999999975,-0.0020187999999999998,0.0035953999999999999,0.0140404,0.0011727999999999999,-0.0026848000000000002,0.011587,-0.0055116000000000002,0.0043353999999999997,0.0014771999999999997,0.014406,0.0010152000000000004,-0.0090910000000000001,0.0076251999999999995,-0.0063345999999999993,-0.0031841999999999999,-0.0071761999999999998,-0.0028770000000000002,0.0093813999999999998,0.0084611999999999986,-0.0036997999999999996,-0.0016458,-0.0245808,-0.0107606,-0.0072630000000000004,3.4399999999999535e-05,0.0033087999999999993,0.0053008000000000005,0.0027529999999999985,-0.010412999999999999,-0.0064355999999999997,-0.00070280000000000006,-0.0011460000000000001,0.0037924,0.00033560000000000003,-0.0010677999999999998,-0.0057593999999999996,-0.0010947999999999999,-0.0046617999999999998,-0.0023576000000000009,0.0013209999999999999,-0.00023660000000000022,0.0013818000000000003,-0.00038959999999999944,-0.0028846000000000002,-0.0046303999999999998,-0.0038684000000000001,-0.0018854000000000002,-0.0127502,0.00028839999999999985,0.0065909999999999996,0.0054884,-0.00070699999999999984,-0.0029952000000000004,-0.0011966000000000004,-0.0034538000000000004,-0.0032466000000000001,-0.0066871999999999999,0.0058791999999999994,-0.0025904000000000009,0.0099065999999999998,-0.00037379999999999965,-0.0070242000000000004,0.0056569999999999997,0.0109544,-0.00073979999999999944,0.0030790000000000001,0.0089569999999999997,-0.0060407999999999998,-0.0035843999999999997,-0.019435600000000001,-0.0052060000000000006,-0.00026520000000000016,-0.0140824,0.0103838,-0.0029184000000000002,-0.0018334,0.0016408,-0.0027213999999999997,0.0011716000000000005,-9.5200000000000146e-05,0.0025855999999999995,0.00072119999999999975,-0.0032032000000000002,0.0039681999999999999,0.0034229999999999994,-0.001717,0.0015738,-0.00010399999999999998,2.7800000000000134e-05,-0.0035221999999999996,0.00077579999999999988,3.3000000000000003e-05,0.007025,-0.0018608000000000001,0.0046119999999999998,-0.0025458,-0.0057029999999999997,-0.0049962000000000001,5.9200000000000572e-05,0.0012214000000000001,0.00087100000000000025,0.0028162000000000005,0.0037400000000000003,0.00037080000000000001,5.9400000000000143e-05,0.0022150000000000004,0.00031360000000000003,-0.0025459999999999997,0.0005847999999999999,0.0050802,0.00099520000000000012,-0.0012019999999999999,-0.00024119999999999957,0.00039920000000000016,-0.00038600000000000006,0.0013994000000000001,0.0042974000000000007,0.00043739999999999957,-0.0019874000000000003,-0.00095199999999999994,0.0072173999999999997,-0.0090436000000000006,0.0040515999999999998,-0.0078157999999999995,-0.00077220000000000023,-0.0089878000000000006,0.0022228,-0.0013378000000000001,0.00029800000000000009,-0.0019498000000000002,0.0012944,3.2000000000000507e-06,-0.00065939999999999998,0.0012540000000000001,-0.0023995999999999996,-0.0047030000000000006,0.0016776000000000002,0.003588,0.0016080000000000001,0.0019986000000000001,-0.0021042000000000001,-0.00049100000000000001,0.00059059999999999994,0.0011023999999999997,-0.0040558,-0.002699,0.00014380000000000003,0.0031814,0.0036884000000000005,-0.0046405999999999999,0.0028457999999999999,0.0020258000000000003,-0.0015364,-0.00075900000000000002,0.0016124000000000002,0.0031094,0.0055024000000000002,-0.0019690000000000003,0.0022091999999999997,-0.0026914,-0.00059540000000000005,0.0043382000000000004,-0.0031485999999999988,0.00064779999999999992,-0.00034239999999999965,0.0021812000000000003,0.00017640000000000017,-0.0027644000000000002,-0.0024738,0.0088106,-0.0048351999999999996,-0.00059240000000000009,-0.0023256000000000001,-0.0039474000000000002,-0.0064600000000000005,0.005359,-0.003947,0.0050056000000000007,0.0018080000000000006,0.00052920000000000007,-0.0010250000000000003,-0.015255000000000001,2.840000000000004e-05,0.00040899999999999986,0.0010143999999999999,0.00064740000000000012,0.0013929999999999999,-8.3599999999999918e-05,0.0014346000000000001,0.0015671999999999999,0.0013952000000000001,0.00080959999999999995,0.0014534000000000001,0.0004618,0.0022239999999999994,-0.00057759999999999995,-0.00029600000000000009,-0.0019190000000000001,0.00066540000000000002,-0.00030519999999999994,0.0022398000000000001,-0.00036420000000000023,0.00096460000000000035,-0.0031812000000000003,-0.0010291999999999996,-0.0011620000000000001,-0.0050406000000000001,-0.0024017999999999999,-0.00066980000000000002,0.0041555999999999997,-0.0010884,0.0025232000000000002,-0.0023151999999999999,-0.0030417999999999999,-0.00067719999999999998,-0.0016086,-0.0012339999999999999,-2.0800000000000058e-05,0.00089159999999999999,0.0019188,0.0025934,-0.00056860000000000005,-0.0026616000000000001,-7.8400000000000171e-05,-0.00012080000000000023,0.0018491999999999998,-0.00044919999999999986,0.0023578000000000002,-0.00023939999999999986,-0.0014342000000000001,0.0016229999999999999,-0.0020785999999999999,-0.00042820000000000011,-0.0023195999999999998,0.0035872,-0.0010857999999999998,0.00037980000000000045,-0.0049727999999999994,-0.0001784,-0.00021119999999999993,0.0020020000000000003,0.012656000000000001,-0.0028739999999999998,0.0066715999999999998,-0.0020099999999999996,-0.0037577999999999999,-0.0013638000000000001,-7.0400000000000139e-05,0.00083939999999999991,-0.00017299999999999998,0.00081459999999999985,0.0013410000000000002,-0.00015979999999999998,0.0017174000000000002,7.5200000000000066e-05,0.00060559999999999998,-0.00074419999999999998,-0.0013780000000000001,0.0013531999999999999,-0.00056360000000000004,0.0027464000000000004,-0.0020298,0.0014951999999999999,-0.0028008,0.0026611999999999999,-0.0014416000000000001,0.00053180000000000013,0.00069319999999999994,-0.00037039999999999995,0.0021565999999999998,-0.0019608,0.0017147999999999998,-0.00038800000000000005,0.0032683999999999999,-0.0020495999999999995,0.0017620000000000001,-0.0020507999999999998,0.00034679999999999997,0.00084199999999999998,0.00092239999999999987,0.00182,-0.0030802,0.0014782,-0.0020820000000000001,0.0012882000000000004,-0.0013356000000000002,-0.0016094000000000002,-0.0008922,0.0029421999999999999,-0.00082780000000000006,-0.0019074000000000001,-0.0038514,0.00032359999999999995,-0.0012700000000000001,-0.001431,0.0020382,0.0017946000000000001,0.0020126000000000002,0.0023208,-0.0024472000000000001,-0.00040200000000000018,-0.00056700000000000001,-0.0010989999999999999,-0.00090540000000000032,-0.00099699999999999919,0.0036118000000000001,0.00034540000000000005,0.00026700000000000031,0.00039720000000000033,-0.0052358000000000005,-0.0022284000000000002,-0.0018833999999999995,-0.00036959999999999988,0.0064684,-0.0043941999999999991,0.00045100000000000001,1.3000000000000018e-05,0.00039819999999999981,0.0001672,5.7599999999999936e-05,-5.7999999999999783e-06,-0.00029179999999999994,-0.0015292000000000001,0.0016177999999999998,-0.00044579999999999994,0.0001494,-0.00075619999999999973,-0.0015546000000000002,-2.1399999999999978e-05,-0.00029320000000000008,-9.9999999999991589e-07,-0.0018961999999999998,0.00082740000000000005,-0.00099480000000000011,0.0022094000000000003,-0.003769199999999999,-0.00063199999999999997,-0.00041480000000000011,-0.00032800000000000006,0.00096299999999999988,-0.0010788,-0.00010499999999999995,0.0012886,-0.00015959999999999998,-0.0016119999999999999,0.00041739999999999995,-0.0007090000000000001,9.2200000000000073e-05,0.00049459999999999988,0.00099259999999999995,0.0039273999999999993,0.0014463999999999996,-0.0023289999999999999,0.0012586000000000001,5.8599999999999961e-05,-0.00052899999999999985,-0.0001758000000000001,-0.0009272000000000002,0.0014134,0.0022732000000000004,0.0017929999999999999,-0.0023484000000000001,-0.00073980000000000009,-0.00051340000000000001,0.00050399999999999989,-0.0032765999999999997,-0.00078200000000000014,-0.00062399999999999999,0.00028180000000000002,-0.00090200000000000002,-0.00045100000000000001,-0.00093880000000000016,-0.0023852000000000001,0.0020556000000000003,-0.00050100000000000003,-0.00052879999999999995,0.0012632000000000001,-0.00024459999999999977,-0.0019576000000000003,0.0062729999999999999,-0.0011114,0.0019009999999999997,-0.00050399999999999978,0.0045033999999999994,0.0059892000000000001,-0.0034473999999999998,0.00030540000000000005,-0.0013831999999999994,-0.0030222000000000001,0.0028367999999999996
aug_between_class_right_pair0010_child06,TLE,1,1,Augmented,0,0,0,0,0,0.30345169999999999,2.1453581000000002,-9.9999999999999995e-07,-1.7e-06,-2.9999999999999988e-07,0.95542760000000004,6.9999999999999986e-07,0.042049299999999998,-0.14953680000000003,0.026163599999999999,0.096655600000000008,-0.084300100000000003,0.078502200000000008,-0.0027884999999999993,0.010608300000000001,-0.045692099999999999,-0.066581899999999999,0.34420110000000004,-0.072550300000000012,-0.035501199999999997,0.062844700000000003,-0.0091807999999999994,-0.0175826,-0.0025337999999999997,-0.058759700000000005,0.041803599999999996,0.019970399999999999,-0.046874099999999995,0.0017737999999999999,-0.089544200000000004,0.021470599999999999,0.042201299999999997,-0.01158,0.016035199999999999,0.014366200000000001,-0.056529499999999996,0.023404300000000003,-0.078936300000000001,-0.0353604,0.13250780000000001,-0.032262399999999997,0.2033394,-0.051163,0.0076599000000000007,-0.0022495999999999996,-0.0082117000000000006,-0.019612600000000001,0.0070044000000000009,0.030973400000000002,-0.0040497999999999992,-0.0069861999999999997,-0.017893899999999997,-0.022416200000000001,0.024974199999999998,0.024612200000000001,0.0368688,0.0164791,-0.00035499999999999941,0.0025368000000000005,0.0164423,-0.043737399999999996,-0.00072420000000000036,0.0027695999999999997,0.0046817000000000004,0.042400399999999998,-0.09803909999999999,-0.0173051,-0.038946300000000003,-0.024800900000000001,0.011015799999999999,0.0019795000000000004,-0.00098919999999999998,0.019539600000000001,0.0074256999999999995,0.0042633000000000002,-0.0076362999999999995,0.010457500000000002,0.0026598999999999998,0.0023422999999999999,0.0016044000000000002,0.0071291000000000002,-0.015414699999999998,-0.00056770000000000041,0.0139033,0.0055385,-0.0051453999999999996,-0.0102662,0.0202992,-0.0198078,-0.0061153000000000006,0.0019423999999999995,-0.0027449000000000002,0.0047253,-0.0038190999999999998,-0.00042049999999999943,0.0047369999999999999,-0.0142481,0.0094389000000000001,0.0193487,-0.0027044999999999994,0.035306400000000002,-0.014560999999999999,0.0050857999999999997,0.00026869999999999997,-0.0018368,-0.0076740000000000003,0.0132487,-0.0050756000000000004,-0.0037021999999999997,-0.00054549999999999998,0.0054367,7.8399999999999737e-05,-0.0019111000000000002,0.0038217999999999998,0.013364300000000001,0.0018370999999999999,-0.0026951000000000002,0.011700499999999999,-0.0051827000000000002,0.0041888000000000003,0.0016129000000000004,0.014274499999999999,0.00083690000000000023,-0.0083730000000000002,0.0080278999999999993,-0.0070716999999999993,-0.0036948999999999984,-0.0078703999999999996,-0.0023610000000000003,0.0095292999999999992,0.0085153999999999994,-0.0034900999999999999,-0.0012516000000000003,-0.024401600000000002,-0.0103117,-0.0079129999999999999,-0.00011070000000000003,0.0043890999999999982,0.0044381000000000012,0.0051279999999999989,-0.011283499999999998,-0.0067337000000000004,-0.0007161,-0.0012639999999999999,0.0038422999999999999,0.0005042,-0.0010636,-0.0059562999999999994,-0.00083859999999999989,-0.0047431000000000001,-0.0021957000000000005,0.0015224999999999998,-0.00053920000000000031,0.0012666000000000001,-0.00087269999999999947,-0.0028367000000000002,-0.0042108000000000007,-0.0035088000000000003,-0.0019273000000000001,-0.0128629,-5.8200000000000005e-05,0.0071424999999999995,0.0050518000000000004,-0.0014934999999999998,-0.0028864000000000003,-0.00084470000000000053,-0.0023701000000000004,-0.0030401999999999998,-0.0067483999999999999,0.0058598999999999995,-0.0025663000000000001,0.0095066999999999999,-0.00039609999999999992,-0.0067844000000000003,0.0056955,0.011716300000000001,-0.0011960999999999992,0.0031395000000000004,0.0083180000000000007,-0.0066930999999999996,-0.0036662999999999999,-0.0185162,-0.0044835000000000005,0.0008240999999999997,-0.013899299999999998,0.0099690999999999998,-0.0033458000000000003,-0.0017707999999999999,0.0016586000000000001,-0.0025923000000000001,0.0013532000000000001,3.4100000000000016e-05,0.0029451999999999998,0.00084139999999999974,-0.0028209000000000003,0.0040894,0.0037019999999999996,-0.0017439999999999999,0.0017221000000000001,-0.00026449999999999998,-0.00048389999999999951,-0.0034244000000000002,0.0010040999999999997,3.6499999999999993e-05,0.007137000000000001,-0.0018031,0.0045975,-0.0027350999999999994,-0.0062594999999999994,-0.0048173999999999995,-0.00062609999999999966,0.00084730000000000005,0.0012450000000000002,0.0023839000000000004,0.0034685000000000002,0.00056709999999999974,-0.00023069999999999959,0.0017300000000000004,0.00012019999999999999,-0.0030875,0.0010165999999999997,0.0050793999999999995,0.00061490000000000026,-0.0011025000000000002,-0.00068189999999999961,0.00077039999999999964,-0.00085049999999999969,0.0019068000000000002,0.0048818000000000004,0.0014472999999999992,-0.0022607999999999994,-0.00076550000000000012,0.0066167999999999999,-0.0097441999999999997,0.0038847,-0.0092286,0.00024559999999999946,-0.0092236000000000002,0.0022621,-0.0012841,0.00013750000000000009,-0.0016271000000000002,0.0014758,-8.0599999999999953e-05,-0.00077279999999999992,0.0011620000000000003,-0.0024902000000000001,-0.0045720000000000005,0.0014592000000000001,0.0034415000000000001,0.001627,0.0018227,-0.0020849000000000002,-0.00061550000000000005,0.00065969999999999993,0.0016487999999999997,-0.0039481000000000004,-0.002653,-0.00016789999999999991,0.0027408000000000003,0.0037958000000000002,-0.0045217,0.0028181,0.0017661000000000003,-0.0010788,-0.00056050000000000002,0.0014683000000000003,0.0028703000000000001,0.0050842999999999999,-0.0019120000000000001,0.0026563999999999997,-0.0027147999999999999,-0.00088279999999999988,0.0038574000000000004,-0.0034046999999999992,0.0008125999999999998,-0.00021429999999999973,0.0017844000000000004,0.00038779999999999978,-0.0026072999999999999,-0.0022001,0.0090116999999999992,-0.0053293999999999998,-0.00039180000000000009,-0.0022296999999999998,-0.0038867999999999997,-0.0067334999999999999,0.0053514999999999995,-0.0038939999999999999,0.0057416999999999998,0.0011760000000000008,0.00066540000000000002,-0.00081750000000000008,-0.015370999999999999,-4.1199999999999917e-05,0.00050550000000000009,0.0010248,0.00047480000000000016,0.0014514999999999999,-0.00032269999999999971,0.0016417000000000001,0.0014559,0.0013209000000000001,0.00081170000000000005,0.0015023,0.00042009999999999997,0.0023104999999999996,-0.00049120000000000023,-0.00010700000000000005,-0.001944,0.00085079999999999986,-0.0003079,0.0023111,-0.00012940000000000022,0.00083270000000000024,-0.0030618999999999998,-0.0012163999999999999,-0.001059,-0.005079199999999999,-0.0022906000000000003,-0.00077559999999999988,0.0042066999999999998,-0.0010378,0.0028499000000000003,-0.0027813999999999998,-0.0032401000000000001,-0.00068639999999999999,-0.0016427,-0.0013754999999999998,0.0001228999999999999,0.0010422000000000001,0.0020755999999999999,0.0023462999999999999,-0.00020120000000000034,-0.0026636999999999997,-0.00015830000000000011,0.00015889999999999974,0.0020823999999999999,-0.00058389999999999983,0.0022111000000000006,-0.00014530000000000012,-0.0013454000000000001,0.0014265000000000003,-0.0020557000000000001,-0.00016739999999999984,-0.0023891999999999997,0.0033699000000000003,-0.00091559999999999992,-0.00023690000000000039,-0.0050941000000000007,-0.00016830000000000003,-0.00016139999999999991,0.0020685,0.0125705,-0.0030635000000000003,0.0072546999999999993,-0.0020569999999999998,-0.0036950999999999998,-0.0013596000000000001,-1.6800000000000083e-05,0.00098679999999999992,-0.00019700000000000013,0.0011042000000000001,0.001389,-2.7600000000000075e-05,0.0018128000000000003,8.5400000000000043e-05,0.00051870000000000009,-0.00075089999999999987,-0.0011440000000000003,0.0012738999999999999,-0.00058470000000000006,0.0030963000000000006,-0.0020926,0.0015649000000000001,-0.0025736000000000001,0.0023434000000000003,-0.0015002000000000001,0.00021960000000000008,0.00089489999999999991,-0.00055829999999999986,0.0019491999999999999,-0.0016411000000000002,0.0018321000000000001,-0.00030100000000000005,0.0034037999999999998,-0.0023481999999999999,0.0015965000000000003,-0.0019120999999999999,0.00010160000000000014,0.00082200000000000003,0.00085379999999999994,0.0017964999999999999,-0.0028654000000000002,0.0012154000000000002,-0.0022784999999999997,0.0008054000000000006,-0.0012107000000000003,-0.0013678000000000002,-0.00091040000000000001,0.0031329000000000001,-0.00095460000000000011,-0.0020178000000000001,-0.0038823000000000004,0.00045619999999999992,-0.0014535000000000006,-0.0013575,0.0019363999999999998,0.0022376999999999996,0.0022171999999999999,0.0021286,-0.0023714000000000001,-0.00056349999999999998,-0.00059649999999999992,-0.00085000000000000006,-0.00053230000000000031,-0.001462999999999999,0.0035040999999999996,-0.00021520000000000003,0.00057450000000000036,-8.5999999999996669e-06,-0.0048965999999999992,-0.0023473000000000001,-0.0020832999999999997,-0.0001422000000000001,0.0064148,-0.004516899999999999,0.00057449999999999992,-4.599999999999998e-05,0.00047339999999999991,0.00013989999999999999,0.0002011999999999999,-9.9599999999999927e-05,-0.00027809999999999998,-0.0016074000000000001,0.0017790999999999998,-0.00051009999999999998,0.00012580000000000002,-0.00083339999999999987,-0.0017087000000000001,1.7699999999999997e-05,-0.00019990000000000003,4.3999999999999985e-05,-0.0021808999999999999,0.0010138,-0.0010036000000000001,0.0022393000000000001,-0.0039064,-0.00094049999999999993,-0.00020960000000000005,-0.00026500000000000004,0.0010814999999999998,-0.00092210000000000002,-0.00027399999999999983,0.0011097000000000004,-0.00022719999999999994,-0.001624,0.00021530000000000003,-0.00051300000000000011,6.4000000000000471e-06,0.00074819999999999976,0.00089369999999999998,0.0038298,0.0013097999999999999,-0.0023834999999999998,0.0012682000000000001,0.00017219999999999996,-0.00055849999999999986,1.1899999999999856e-05,-0.00068240000000000011,0.0013402999999999998,0.0022678999999999998,0.0019039999999999999,-0.0022742999999999999,-0.00078510000000000006,-0.00027530000000000002,0.00053999999999999979,-0.0033427000000000001,-0.00087149999999999988,-0.00034350000000000006,0.00026559999999999995,-0.0012769999999999999,-0.00042650000000000001,-0.0011486000000000005,-0.0023489000000000001,0.0018547000000000001,-0.00043250000000000005,-0.0006711,0.00098690000000000019,-0.00021769999999999992,-0.0019212000000000001,0.0063024999999999999,-0.0010537999999999999,0.0019635,-0.0006649999999999999,0.0043788000000000004,0.0055959,-0.0035658,0.00015130000000000002,-0.002327399999999999,-0.0022694,0.0029911
aug_between_class_right_pair0010_child07,TLE,1,1,Augmented,0,0,0,0,0,0.30103779999999997,2.1546294000000001,-9.9999999999999995e-07,-1.8000000000000001e-06,-1.9999999999999991e-07,0.9451214,7.9999999999999996e-07,0.0416382,-0.14948420000000001,0.0255844,0.094661400000000007,-0.082856399999999997,0.076285800000000001,-0.0032359999999999997,0.010578200000000001,-0.045285399999999996,-0.06676760000000001,0.34206140000000002,-0.071353200000000006,-0.043792800000000007,0.064094800000000007,-0.012533200000000001,-0.017662400000000002,-0.0027052000000000001,-0.060151800000000005,0.044257400000000002,0.0181066,-0.047081399999999995,0.0017491999999999994,-0.088999800000000004,0.020659399999999998,0.042670199999999998,-0.011732000000000001,0.0176838,0.0144808,-0.056980999999999997,0.021103199999999996,-0.081164200000000006,-0.0355076,0.13588819999999999,-0.032340599999999997,0.2030226,-0.049093999999999999,0.0072985999999999997,-0.0025144,-0.0081168000000000004,-0.0200234,0.0066985999999999999,0.031706600000000001,-0.0049462000000000004,-0.0063647999999999995,-0.018094599999999999,-0.022296800000000002,0.025799800000000001,0.023464800000000001,0.037133200000000005,0.015411399999999999,-0.0004720000000000002,0.0021901999999999998,0.017754200000000001,-0.043267599999999996,0.0001592000000000004,0.0032884000000000004,0.0047667999999999999,0.044567599999999999,-0.096941399999999997,-0.018631399999999999,-0.039642200000000002,-0.024539600000000002,0.011426199999999999,0.0020479999999999999,-0.00078279999999999973,0.0199784,0.0081998000000000001,0.0042121999999999993,-0.0075801999999999996,0.010286,0.0025135999999999995,0.0023681999999999996,0.0018106000000000003,0.0066813999999999997,-0.015953800000000001,-0.00069880000000000072,0.013894199999999999,0.0047019999999999996,-0.0055555999999999999,-0.0089157999999999998,0.020978800000000002,-0.019138199999999998,-0.0055402000000000003,0.0021266000000000002,-0.0028216000000000001,0.0043181999999999995,-0.0035173999999999995,-0.0005579999999999999,0.004385,-0.013942400000000001,0.0085785999999999987,0.0189298,-0.0025099999999999992,0.035739599999999996,-0.015133000000000001,0.0049411999999999998,0.00035480000000000006,-0.0018242,-0.0074700000000000001,0.012970800000000001,-0.0050964000000000009,-0.0039947999999999997,-0.00064300000000000002,0.0050507999999999994,-2.0399999999999412e-05,-0.0018033999999999997,0.0040482000000000001,0.0126882,0.0025014000000000004,-0.0027054000000000002,0.011814,-0.0048538000000000001,0.0040422000000000001,0.0017485999999999995,0.014142999999999999,0.00065860000000000007,-0.0076549999999999986,0.0084305999999999999,-0.0078087999999999994,-0.0042055999999999994,-0.0085646000000000003,-0.0018449999999999996,0.0096771999999999987,0.0085696000000000001,-0.0032803999999999997,-0.00085739999999999981,-0.024222400000000002,-0.0098628000000000014,-0.0085630000000000012,-0.00025580000000000047,0.0054693999999999993,0.0035753999999999998,0.0075030000000000001,-0.012154000000000002,-0.0070317999999999995,-0.00072940000000000006,-0.0013820000000000004,0.0038921999999999997,0.00067280000000000009,-0.0010594000000000003,-0.0061531999999999993,-0.00058240000000000006,-0.0048243999999999995,-0.0020338000000000001,0.0017240000000000001,-0.0008418000000000004,0.0011513999999999999,-0.0013557999999999999,-0.0027888000000000001,-0.0037911999999999998,-0.0031491999999999996,-0.0019691999999999999,-0.012975599999999999,-0.00040480000000000008,0.0076940000000000003,0.0046151999999999999,-0.0022800000000000003,-0.0027776000000000003,-0.00049280000000000027,-0.0012863999999999992,-0.0028338,-0.0068095999999999999,0.0058405999999999996,-0.0025422000000000001,0.0091068,-0.0004184000000000002,-0.0065446000000000002,0.0057340000000000004,0.0124782,-0.0016523999999999994,0.0032000000000000006,0.0076789999999999992,-0.0073454000000000002,-0.0037482000000000001,-0.017596799999999999,-0.0037609999999999992,0.0019134000000000006,-0.013716200000000001,0.0095543999999999994,-0.0037732000000000009,-0.0017082,0.0016764,-0.0024632,0.0015347999999999998,0.00016339999999999996,0.0033048000000000001,0.00096159999999999995,-0.0024386,0.0042106000000000001,0.0039810000000000002,-0.001771,0.0018704000000000001,-0.00042500000000000008,-0.00099560000000000013,-0.0033266000000000003,0.0012323999999999998,4.0000000000000003e-05,0.0072490000000000002,-0.0017454,0.0045830000000000003,-0.0029244000000000002,-0.006816,-0.0046385999999999997,-0.0013114000000000003,0.00047320000000000001,0.0016190000000000004,0.0019515999999999999,0.0031970000000000002,0.00076340000000000012,-0.00052079999999999997,0.001245,-7.3200000000000261e-05,-0.0036290000000000003,0.0014484000000000003,0.0050786,0.00023459999999999996,-0.001003,-0.0011226000000000001,0.0011416000000000002,-0.0013150000000000002,0.0024142000000000005,0.0054662000000000001,0.0024572000000000005,-0.0025341999999999995,-0.00057899999999999987,0.0060161999999999993,-0.010444800000000001,0.0037177999999999998,-0.010641399999999999,0.0012634000000000005,-0.0094593999999999998,0.0023014000000000003,-0.0012304,-2.3000000000000071e-05,-0.0013043999999999998,0.0016571999999999999,-0.00016440000000000004,-0.00088620000000000007,0.00107,-0.0025807999999999998,-0.0044410000000000005,0.0012407999999999998,0.0032949999999999998,0.0016460000000000001,0.0016467999999999995,-0.0020655999999999999,-0.0007400000000000001,0.00072880000000000004,0.0021952000000000004,-0.0038403999999999999,-0.0026069999999999999,-0.00047960000000000038,0.0023001999999999996,0.0039031999999999999,-0.0044028000000000001,0.0027903999999999997,0.0015064,-0.0006211999999999997,-0.00036199999999999991,0.0013242000000000002,0.0026311999999999998,0.0046661999999999997,-0.0018549999999999999,0.0031036000000000002,-0.0027382000000000001,-0.0011702000000000001,0.0033765999999999996,-0.0036608000000000001,0.00097740000000000023,-8.6199999999999818e-05,0.0013876000000000001,0.00059919999999999982,-0.0024501999999999996,-0.0019264,0.0092128000000000002,-0.0058236,-0.00019119999999999988,-0.0021337999999999999,-0.0038262000000000001,-0.0070069999999999993,0.0053439999999999998,-0.0038409999999999998,0.0064778000000000006,0.00054399999999999935,0.00080160000000000019,-0.00060999999999999987,-0.015487000000000001,-0.00011080000000000009,0.0006020000000000001,0.0010352,0.00030220000000000008,0.0015100000000000001,-0.0005618000000000001,0.0018487999999999996,0.0013446,0.0012466000000000001,0.00081380000000000037,0.0015512,0.00037839999999999998,0.0023969999999999998,-0.00040480000000000008,8.2000000000000096e-05,-0.0019690000000000003,0.0010362000000000001,-0.00031059999999999996,0.0023823999999999998,0.00010540000000000001,0.00070080000000000012,-0.0029425999999999996,-0.0014036000000000001,-0.00095599999999999993,-0.0051178000000000005,-0.0021793999999999997,-0.00088140000000000017,0.0042578000000000008,-0.00098719999999999993,0.0031766000000000003,-0.0032476000000000002,-0.0034384000000000003,-0.00069559999999999999,-0.0016768,-0.0015169999999999999,0.00026660000000000008,0.0011928000000000002,0.0022324000000000003,0.0020991999999999999,0.00016619999999999981,-0.0026658000000000003,-0.00023819999999999983,0.00043860000000000004,0.0023156000000000001,-0.0007185999999999999,0.0020644000000000001,-5.1200000000000377e-05,-0.0012566000000000001,0.0012299999999999998,-0.0020328000000000004,9.3400000000000427e-05,-0.0024587999999999997,0.0031526000000000002,-0.0007453999999999999,-0.00085360000000000037,-0.0052154000000000002,-0.0001582,-0.00011159999999999989,0.0021350000000000002,0.012485,-0.0032530000000000002,0.0078377999999999989,-0.0021039999999999991,-0.0036324,-0.0013553999999999999,3.6799999999999973e-05,0.0011341999999999999,-0.00022100000000000006,0.0013937999999999997,0.0014370000000000003,0.00010460000000000005,0.0019082000000000003,9.560000000000002e-05,0.00043179999999999992,-0.00075759999999999998,-0.00091,0.0011945999999999999,-0.00060580000000000031,0.0034462000000000004,-0.0021554,0.0016345999999999999,-0.0023463999999999998,0.0020255999999999998,-0.0015587999999999997,-9.2600000000000096e-05,0.0010966000000000001,-0.00074620000000000014,0.0017417999999999999,-0.0013213999999999999,0.0019494000000000002,-0.00021399999999999994,0.0035391999999999997,-0.0026467999999999995,0.001431,-0.0017734000000000001,-0.00014360000000000018,0.00080199999999999998,0.0007851999999999999,0.0017729999999999998,-0.0026505999999999995,0.00095259999999999984,-0.0024749999999999998,0.00032259999999999993,-0.0010858,-0.0011261999999999999,-0.00092860000000000002,0.0033235999999999999,-0.0010814000000000002,-0.0021281999999999998,-0.0039132000000000004,0.00058880000000000011,-0.0016370000000000002,-0.001284,0.0018346,0.0026808000000000005,0.0024218000000000004,0.0019364,-0.0022956000000000001,-0.00072500000000000017,-0.00062600000000000015,-0.00060099999999999997,-0.00015919999999999991,-0.0019289999999999997,0.0033963999999999999,-0.00077580000000000097,0.00088200000000000041,-0.00041439999999999988,-0.0045573999999999996,-0.0024662,-0.0022832000000000004,8.5200000000000336e-05,0.0063612,-0.0046395999999999998,0.00069800000000000005,-0.00010500000000000006,0.0005486,0.00011259999999999997,0.00034480000000000003,-0.00019340000000000004,-0.00026440000000000003,-0.0016856000000000002,0.0019403999999999997,-0.00057439999999999998,0.00010219999999999999,-0.00091060000000000002,-0.0018628000000000004,5.680000000000008e-05,-0.00010659999999999998,8.9000000000000049e-05,-0.0024656000000000001,0.0012002000000000002,-0.0010124000000000001,0.0022691999999999999,-0.0040435999999999988,-0.0012490000000000003,-4.3999999999998901e-06,-0.00020200000000000003,0.0011999999999999999,-0.00076539999999999985,-0.00044300000000000025,0.00093079999999999986,-0.00029480000000000001,-0.0016359999999999999,1.319999999999988e-05,-0.0003169999999999999,-7.9400000000000006e-05,0.0010018000000000002,0.00079479999999999991,0.0037321999999999993,0.0011731999999999997,-0.0024380000000000001,0.0012777999999999999,0.00028580000000000001,-0.00058800000000000009,0.00019959999999999992,-0.00043760000000000001,0.0012672,0.0022626,0.0020149999999999999,-0.0022002000000000002,-0.00083040000000000002,-3.7199999999999901e-05,0.00057599999999999991,-0.0034088,-0.00096099999999999961,-6.2999999999999905e-05,0.00024939999999999999,-0.0016520000000000003,-0.00040200000000000001,-0.0013584000000000001,-0.0023125999999999997,0.0016538,-0.00036399999999999996,-0.00081340000000000015,0.0007105999999999996,-0.00019079999999999987,-0.0018848000000000001,0.006332,-0.00099619999999999982,0.002026,-0.00082600000000000002,0.0042541999999999996,0.0052025999999999999,-0.0036842000000000003,-2.8000000000000681e-06,-0.0032715999999999995,-0.0015165999999999992,0.0031454000000000005
aug_between_class_right_pair0010_child08,TLE,1,1,Augmented,0,0,0,0,0,0.2986239,2.1639007000000001,-9.9999999999999995e-07,-1.9e-06,-9.9999999999999916e-08,0.93481520000000007,8.9999999999999996e-07,0.041227099999999996,-0.1494316,0.025005199999999998,0.092667200000000005,-0.081412700000000005,0.074069399999999994,-0.0036834999999999997,0.010548100000000001,-0.044878699999999994,-0.066953300000000007,0.33992170000000005,-0.070156099999999999,-0.052084400000000003,0.065344899999999997,-0.015885600000000003,-0.0177422,-0.0028766,-0.061543900000000006,0.046711200000000001,0.016242800000000002,-0.047288699999999996,0.0017245999999999993,-0.088455400000000003,0.019848199999999996,0.0431391,-0.011884,0.0193324,0.014595400000000001,-0.057432499999999997,0.018802099999999999,-0.083392099999999997,-0.0356548,0.13926859999999999,-0.032418799999999998,0.20270580000000002,-0.047025000000000004,0.0069373000000000004,-0.0027791999999999999,-0.0080219000000000002,-0.0204342,0.0063928000000000006,0.032439800000000005,-0.0058425999999999999,-0.0057433999999999992,-0.0182953,-0.0221774,0.0266254,0.022317400000000001,0.037397600000000003,0.014343699999999999,-0.00058900000000000011,0.0018435999999999999,0.019066099999999999,-0.042797799999999997,0.0010426000000000003,0.0038072000000000002,0.0048518999999999993,0.046734800000000007,-0.095843700000000004,-0.019957700000000002,-0.040338100000000002,-0.024278300000000003,0.011836599999999999,0.0021165000000000003,-0.00057639999999999992,0.0204172,0.0089738999999999999,0.0041611,-0.0075240999999999997,0.0101145,0.0023672999999999993,0.0023941000000000001,0.0020168,0.0062337,-0.016492899999999998,-0.00082990000000000017,0.013885100000000001,0.0038654999999999996,-0.0059657999999999994,-0.007565399999999999,0.021658400000000001,-0.018468599999999998,-0.0049651000000000001,0.0023108,-0.0028983000000000004,0.0039110999999999998,-0.0032156999999999993,-0.00069549999999999994,0.0040329999999999993,-0.013636700000000002,0.0077183000000000009,0.0185109,-0.002315499999999999,0.036172799999999998,-0.015705,0.0047965999999999998,0.00044090000000000004,-0.0018116,-0.0072659999999999999,0.0126929,-0.0051172000000000006,-0.0042874000000000002,-0.00074050000000000006,0.0046648999999999996,-0.00011919999999999986,-0.0016956999999999996,0.0042745999999999999,0.0120121,0.0031657,-0.0027156999999999997,0.011927500000000001,-0.0045249000000000001,0.0038955999999999999,0.0018842999999999985,0.0140115,0.00048029999999999991,-0.0069369999999999996,0.0088332999999999988,-0.0085458999999999986,-0.0047162999999999997,-0.0092587999999999993,-0.0013289999999999997,0.0098250999999999998,0.0086238000000000009,-0.0030706999999999996,-0.00046319999999999998,-0.024043200000000001,-0.0094139000000000011,-0.0092130000000000007,-0.00040090000000000091,0.0065496999999999994,0.0027126999999999997,0.0098779999999999996,-0.0130245,-0.0073299000000000003,-0.0007427,-0.0015,0.0039420999999999996,0.00084140000000000007,-0.0010551999999999998,-0.0063501,-0.0003261999999999998,-0.0049057000000000007,-0.0018718999999999997,0.0019255000000000001,-0.0011444000000000001,0.0010361999999999999,-0.0018388999999999994,-0.0027409000000000001,-0.0033715999999999998,-0.0027895999999999997,-0.0020111,-0.013088299999999999,-0.00075139999999999994,0.0082454999999999994,0.0041786000000000002,-0.0030665000000000006,-0.0026688000000000003,-0.00014089999999999979,-0.00020269999999999923,-0.0026274000000000002,-0.0068707999999999998,0.0058212999999999997,-0.0025181000000000001,0.0087069000000000001,-0.0004406999999999996,-0.0063048000000000002,0.0057724999999999999,0.013240100000000001,-0.0021086999999999998,0.0032604999999999999,0.0070399999999999994,-0.0079976999999999999,-0.0038301000000000003,-0.016677400000000002,-0.0030384999999999991,0.0030027000000000005,-0.013533100000000001,0.0091397000000000006,-0.0042006000000000005,-0.0016455999999999999,0.0016941999999999999,-0.0023341,0.0017163999999999999,0.00029270000000000012,0.0036643999999999999,0.0010817999999999999,-0.0020563000000000001,0.0043318000000000002,0.0042599999999999999,-0.0017980000000000001,0.0020187,-0.00058550000000000008,-0.0015073,-0.0032288,0.0014607000000000001,4.35e-05,0.0073610000000000012,-0.0016876999999999999,0.0045684999999999996,-0.0031137000000000001,-0.0073725000000000006,-0.0044597999999999999,-0.001996700000000001,9.9099999999999536e-05,0.001993,0.0015192999999999999,0.0029255000000000001,0.00095970000000000007,-0.00081089999999999992,0.00076000000000000004,-0.00026660000000000008,-0.0041705000000000006,0.0018802000000000001,0.0050778000000000004,-0.00014570000000000013,-0.00090350000000000001,-0.0015632999999999997,0.0015128000000000001,-0.0017795,0.0029216000000000003,0.0060506000000000006,0.0034670999999999999,-0.0028075999999999995,-0.00039250000000000005,0.0054155999999999996,-0.0111454,0.0035509000000000001,-0.012054199999999999,0.0022811999999999997,-0.009695200000000001,0.0023407000000000002,-0.0011767000000000001,-0.00018350000000000007,-0.00098169999999999985,0.0018385999999999999,-0.00024820000000000002,-0.00099960000000000001,0.00097800000000000014,-0.0026714000000000004,-0.0043099999999999996,0.0010223999999999999,0.0031484999999999998,0.001665,0.0014708999999999998,-0.0020463,-0.00086450000000000003,0.00079790000000000004,0.0027416000000000003,-0.0037326999999999998,-0.0025609999999999995,-0.00079130000000000021,0.0018595999999999999,0.0040106000000000004,-0.0042839000000000002,0.0027626999999999999,0.0012466999999999999,-0.00016359999999999986,-0.00016350000000000002,0.0011801000000000001,0.0023920999999999999,0.0042480999999999994,-0.0017980000000000001,0.0035508000000000002,-0.0027616000000000003,-0.0014575999999999999,0.0028958,-0.0039169000000000001,0.0011421999999999999,4.1900000000000097e-05,0.00099080000000000001,0.00081059999999999943,-0.0022930999999999997,-0.0016527,0.0094138999999999994,-0.0063178000000000002,9.3999999999999032e-06,-0.0020379,-0.0037655999999999996,-0.0072804999999999988,0.0053365000000000001,-0.0037880000000000001,0.0072139000000000005,-8.8000000000000404e-05,0.00093780000000000014,-0.00040250000000000051,-0.015603000000000001,-0.00018039999999999961,0.00069850000000000012,0.0010456,0.00012960000000000001,0.0015685,-0.00080090000000000001,0.0020559000000000003,0.0012332999999999997,0.0011723,0.00081590000000000026,0.0016001000000000001,0.0003367,0.0024834999999999996,-0.00031839999999999993,0.00027100000000000003,-0.0019940000000000001,0.0012215999999999998,-0.00031329999999999997,0.0024537000000000001,0.00034019999999999998,0.0005689,-0.0028232999999999999,-0.0015908000000000003,-0.00085300000000000003,-0.0051564000000000002,-0.0020682000000000001,-0.00098719999999999971,0.0043089000000000001,-0.0009366,0.0035033,-0.0037137999999999997,-0.0036367000000000005,-0.0007048,-0.0017109,-0.0016585,0.00041030000000000005,0.0013434000000000002,0.0023892000000000002,0.0018521,0.00053359999999999974,-0.0026679,-0.0003181000000000002,0.00071830000000000006,0.0025487999999999999,-0.00085329999999999998,0.0019177000000000003,4.2899999999999796e-05,-0.0011678000000000001,0.0010335000000000001,-0.0020098999999999998,0.00035420000000000026,-0.0025284000000000001,0.0029353000000000001,-0.0005752,-0.0014703000000000008,-0.0053366999999999998,-0.00014809999999999997,-6.1799999999999984e-05,0.0022015000000000003,0.012399500000000001,-0.0034425000000000002,0.0084209000000000003,-0.0021509999999999993,-0.0035697000000000003,-0.0013512000000000001,9.0399999999999975e-05,0.0012815999999999999,-0.00024499999999999999,0.0016833999999999998,0.0014850000000000002,0.00023680000000000006,0.0020036000000000003,0.00010580000000000005,0.00034489999999999998,-0.00076430000000000009,-0.00067599999999999995,0.0011153000000000001,-0.0006268999999999999,0.0037961000000000006,-0.0022182,0.0017043000000000002,-0.0021191999999999999,0.0017077999999999998,-0.0016173999999999997,-0.00040480000000000003,0.0012983000000000001,-0.00093409999999999999,0.0015344,-0.0010016999999999999,0.0020667000000000003,-0.000127,0.0036746000000000001,-0.0029453999999999999,0.0012655000000000001,-0.0016346999999999998,-0.00038880000000000013,0.00078199999999999993,0.00071660000000000007,0.0017494999999999998,-0.0024357999999999997,0.00068979999999999996,-0.0026714999999999998,-0.0001602000000000001,-0.00096089999999999999,-0.00088460000000000014,-0.00094680000000000003,0.0035142999999999997,-0.0012082000000000002,-0.0022385999999999999,-0.0039441000000000007,0.00072140000000000008,-0.0018205000000000007,-0.0012105,0.0017327999999999998,0.0031238999999999998,0.0026264000000000001,0.0017442,-0.0022198000000000001,-0.00088650000000000035,-0.00065549999999999994,-0.00035199999999999999,0.0002139,-0.0023949999999999991,0.0032886999999999999,-0.0013364000000000002,0.0011895000000000005,-0.00082019999999999988,-0.0042182000000000001,-0.0025850999999999999,-0.0024830999999999998,0.00031260000000000012,0.0063076,-0.0047622999999999997,0.00082150000000000007,-0.00016400000000000008,0.00062380000000000009,8.5299999999999959e-05,0.00048839999999999995,-0.00028720000000000004,-0.00025069999999999997,-0.0017638,0.0021016999999999997,-0.00063869999999999997,7.8599999999999959e-05,-0.00098780000000000005,-0.0020169000000000003,9.5900000000000054e-05,-1.3299999999999998e-05,0.00013400000000000006,-0.0027502999999999998,0.0013866,-0.0010212000000000003,0.0022991000000000001,-0.0041807999999999993,-0.0015575000000000001,0.00020080000000000011,-0.00013900000000000002,0.0013185,-0.00060869999999999989,-0.00061200000000000013,0.00075190000000000001,-0.00036239999999999997,-0.0016480000000000002,-0.00018890000000000004,-0.00012099999999999996,-0.00016519999999999998,0.0012554,0.00069589999999999995,0.0036346000000000004,0.0010365999999999999,-0.0024924999999999999,0.0012874000000000002,0.00039940000000000006,-0.00061749999999999988,0.00038729999999999987,-0.00019280000000000002,0.0011940999999999998,0.0022573000000000003,0.0021259999999999999,-0.0021261000000000001,-0.00087570000000000009,0.00020090000000000006,0.00061199999999999991,-0.0034749,-0.0010505000000000002,0.00021750000000000014,0.00023319999999999992,-0.0020270000000000002,-0.00037750000000000001,-0.0015682000000000005,-0.0022762999999999998,0.0014528999999999998,-0.00029550000000000008,-0.00095570000000000008,0.00043429999999999988,-0.00016389999999999981,-0.0018484,0.0063614999999999991,-0.00093859999999999994,0.0020885000000000001,-0.00098700000000000003,0.0041295999999999998,0.0048092999999999999,-0.0038025999999999997,-0.00015690000000000005,-0.0042157999999999996,-0.00076379999999999959,0.0032997
aug_between_class_right_pair0011_child01,Healthy,0,0,Augmented,0,0,0,0,0,0.33091110000000001,1.9938801000000002,2.0000000000000004e-07,-8.9999999999999996e-07,1.0000000000000002e-07,0.91479770000000005,0,0.042549900000000002,-0.13948059999999998,0.025184000000000002,0.081289500000000001,-0.046064500000000001,0.076256999999999991,0.0088420000000000009,-0.0038440000000000002,-0.041864600000000002,-0.13415500000000002,0.32171070000000002,-0.082280800000000001,0.0079224000000000031,0.1028661,0.0200392,-0.0200152,-0.0076049999999999989,-0.0452042,0.0081707000000000012,0.0182615,-0.054273000000000002,0.0018613000000000002,-0.085927799999999999,0.00032879999999999888,0.038523500000000002,-0.010814399999999998,0.0085951000000000014,0.013989000000000001,-0.019296600000000004,0.022357800000000001,-0.059204000000000007,-0.040274299999999999,0.099624900000000002,-0.029068,0.1930357,-0.032935900000000004,0.0048073999999999999,-0.00086429999999999992,-0.0088301000000000004,-0.012310099999999999,-0.0080429999999999981,0.034660499999999997,-0.0058571999999999999,-0.0061343000000000005,-0.031526499999999999,-0.0183748,0.0098890999999999996,0.027557599999999998,0.012489499999999999,0.0160508,0.0021557999999999994,-0.010461700000000001,0.022597699999999998,-0.050680999999999997,0.016131599999999996,0.0062807999999999996,-0.0053466,0.041177800000000001,-0.0799927,-0.017073400000000002,-0.031995300000000004,-0.0267417,0.030067099999999999,0.00082510000000000005,-0.00012020000000000005,0.017681699999999998,-9.6100000000000005e-05,-0.00064640000000000053,-0.0088895999999999992,0.0064720999999999997,0.0041308999999999998,-0.0075040999999999997,-0.0018926999999999998,0.0049053999999999999,-0.020578300000000001,0.0045891999999999999,0.0055047999999999998,0.0067474000000000006,-0.0053441000000000001,-0.0059365999999999993,0.0044708000000000022,-0.0098928000000000002,-0.0068681999999999997,-0.00028030000000000069,0.0032207,0.0014685999999999998,-0.015127999999999999,0.0039194999999999994,0.010863899999999999,-0.013761800000000001,-0.00038030000000000008,-0.0076387999999999977,0.0057957,0.0182492,-0.012816899999999999,-0.00072609999999999992,-0.0011810000000000002,0.00097510000000000045,-0.0095159000000000007,0.0093989,-0.0027267999999999997,-0.0073041,-0.0026450000000000002,0.0038539999999999998,-0.0013168999999999998,-0.0011077999999999999,0.0068755999999999999,0.0121417,0.0025085999999999997,-0.0034360999999999997,0.010702,-0.0032131,0.0027585000000000001,-0.0102819,0.011156200000000002,-0.0036247000000000002,-0.0043955000000000001,0.010064399999999999,-0.0056001000000000002,0.0032003000000000001,-0.0017185999999999989,-0.0024527999999999998,0.013754200000000001,0.0050181000000000002,-0.0038738999999999996,0.0072957000000000013,-0.0081118999999999983,-0.0075058,-0.014906500000000001,-0.0074993000000000004,-0.001514699999999999,3.7300000000000012e-05,0.0022307999999999998,-0.0028611000000000001,0.0031612000000000003,-0.0026753999999999997,0.00028370000000000001,0.0016795000000000002,-0.0035235000000000006,0.0023712000000000004,-0.0069572999999999996,0.0008208,-0.0058271,0.00016379999999999997,0.0033110000000000001,0.0030693999999999999,0.0034176000000000002,-0.0016877999999999997,0.0015173999999999999,-0.0036945000000000007,0.00098700000000000025,-0.0028522,-0.0082826000000000011,-0.0051947,0.0038811000000000002,0.0018756999999999999,0.00013759999999999998,0.0010810000000000008,-0.0018096,-0.0065541999999999996,-0.004596600000000001,-0.012677299999999999,0.00066540000000000002,0.00088270000000000015,0.011032199999999999,0.0037079000000000001,-0.0104449,0.0039582999999999997,0.0097050999999999995,-0.0050737000000000004,0.0042551999999999998,0.0052747999999999996,-0.0073413000000000003,-0.0002764,-0.0099538999999999999,0.009597399999999999,0.0054504999999999996,-0.006637800000000001,0.0059106999999999996,-0.00044949999999999981,-0.0041249000000000008,0.00021309999999999992,-0.0019819,-0.0035072999999999997,-0.0019845000000000002,0.0027034999999999997,-0.0021102999999999998,-0.004467200000000001,-0.0027718999999999999,0.0043363999999999998,-0.0022139,8.9000000000000266e-06,0.0028086000000000001,-0.00091590000000000009,-0.0017383000000000001,0.0023841999999999999,-0.0013434000000000002,-0.00077660000000000012,0.00027740000000000013,0.00067559999999999973,0.0038294999999999996,-0.0048996000000000005,-0.0056054,0.0041891999999999997,0.0032389999999999997,0.00083280000000000008,0.0013332000000000001,0.0051243999999999994,-0.0011389999999999998,0.00017639999999999995,0.00030969999999999978,0.0022482000000000005,-0.0044981000000000005,0.0048932000000000003,0.0077672000000000001,-0.0017423,-0.0041104999999999996,0.0014283,0.0037523000000000001,-0.0021617999999999997,-0.0013599000000000007,0.0022164999999999997,-0.00059380000000000001,-0.00024439999999999987,-0.0012591000000000002,0.0033039999999999996,-0.0102986,0.0045595000000000002,-0.014893099999999999,-0.00031649999999999907,-0.0063228999999999994,0.0025595000000000001,-0.0010119,0.0015625999999999999,-0.0026143,-0.0017219000000000002,-0.0040122999999999999,-0.0014482000000000002,0.0022967999999999999,-0.0013510000000000002,-0.0040073999999999995,0.00051859999999999992,0.0019748999999999999,0.00092179999999999975,0.0013874,-0.0022407,-0.00013939999999999997,0.0014676000000000001,0.0037449000000000007,0.00037679999999999962,0.0024162000000000003,0.0015194,0.0028326000000000002,0.0013958999999999998,-0.0068670999999999992,0.0011578000000000001,0.0044023999999999999,-0.0048044999999999997,0.00031539999999999997,0.0029081000000000003,0.00059659999999999986,0.0012882000000000002,-0.00098180000000000012,-8.7500000000000121e-05,-0.0021114000000000003,-0.0040596,0.0104578,-0.00085220000000000022,0.0026956000000000003,0.0076394000000000002,0.0026589999999999999,-0.0050440999999999993,0.0023739,-0.0034812000000000003,0.0022364000000000004,-0.0082582000000000003,0.002513,-0.0041222000000000003,-0.00010160000000000003,-0.0052585999999999996,0.0043740000000000003,-0.0041163999999999992,0.00089899999999999995,0.0051286999999999999,0.0014227000000000003,0.0042580999999999999,-0.010340999999999999,-0.0017096999999999998,-0.0011550000000000002,0.00077750000000000009,0.0016589,-0.0011536000000000003,-0.0008043000000000002,0.0018749000000000003,0.00029100000000000003,0.0019130000000000002,-4.8199999999999979e-05,0.0012271000000000001,0.0032942000000000002,-0.0013812,0.0028901999999999999,-0.00069899999999999975,0.0010221,0.00086609999999999986,0.00012549999999999996,0.0034040000000000003,0.0012685999999999999,-0.00064869999999999999,0.00097709999999999984,0.0023890999999999999,-0.0012344999999999999,-0.0010166000000000001,-0.001653,0.00099360000000000008,0.0023572000000000003,-0.0031765000000000005,0.0020298,-0.0027697000000000004,0.00055229999999999971,0.00014809999999999997,-0.0030562999999999996,-0.0024911999999999998,0.00027060000000000002,-0.0031736000000000004,-0.0016518000000000006,0.0012247000000000002,-0.00090409999999999991,0.00086050000000000015,0.0022234000000000004,-0.0011963,0.00011820000000000001,0.00013160000000000005,0.0025398,0.0035468000000000001,-0.0010946,-0.0010800999999999996,0.00086479999999999999,-0.00014999999999999996,-0.0037253000000000004,0.0044719,-0.00045679999999999994,0.002833,-0.0039158000000000005,-0.00091500000000000001,-0.0014940999999999999,-9.5499999999999936e-05,0.0087156000000000004,-4.8399999999999875e-05,0.0039779999999999998,0.0016493999999999997,-0.0022383999999999998,-0.00024269999999999996,-0.00043080000000000001,0.00092069999999999999,-0.0002783000000000001,-0.0014547000000000002,-0.00094669999999999997,0.00026910000000000004,-0.0013221000000000001,-0.0010709999999999999,0.00090180000000000002,0.00038989999999999999,-8.7400000000000064e-05,0.0011796999999999999,-0.00052249999999999996,-7.5500000000000046e-05,-0.0016621000000000001,-0.00098830000000000012,-0.00071959999999999993,-0.0021438999999999998,-0.00061320000000000005,0.0015236999999999998,0.001274,0.00057439999999999987,-0.0022217000000000001,-0.0016053,-7.7499999999999986e-05,-0.00029730000000000002,0.0021069000000000001,-0.0024609000000000002,0.0013067,0.00022450000000000009,-0.0020156000000000002,0.00038470000000000008,-0.00056459999999999995,0.0003771,0.0034510000000000001,-0.00019939999999999997,-0.0021327,0.0025484000000000001,-0.00048829999999999989,-0.0018933999999999999,-0.00096509999999999999,0.00034610000000000006,0.0014661000000000001,-0.0035773000000000003,-0.0032833000000000003,0.0034639999999999992,0.00087949999999999996,-0.00052910000000000001,0.0008604000000000001,-0.0025336999999999998,0.0021848000000000002,0.0031600999999999999,-0.00082230000000000009,0.0017790999999999998,0.00029969999999999997,-0.0012551999999999999,-0.0016079999999999998,0.00054589999999999988,0.0026461000000000002,-0.0014509000000000002,-0.0023016999999999998,0.0027807000000000001,0.001219,-0.0029443999999999998,0.00019120000000000009,0.0017558000000000001,0.0013354,-0.0031737999999999996,-0.00039249999999999995,-0.0007113,0.0005886000000000001,-0.0015711000000000002,-0.00094160000000000012,-0.00033379999999999998,-0.00064780000000000013,-0.002467,0.00091909999999999995,0.0011201,-0.00094910000000000003,0.00036289999999999998,-0.0015054000000000001,-6.9000000000000024e-05,-0.0022265000000000002,0.0013786,-0.0019921000000000001,0.001359,0.00083219999999999995,0.0020163999999999998,-0.00081820000000000005,-0.0005375,-0.0016818000000000002,0.00015619999999999989,-0.00019910000000000001,-0.0016472000000000001,0.0034002000000000004,0.000185,-2.3000000000000017e-06,-0.0013449,-0.0010007000000000002,0.00053330000000000001,-0.00095279999999999996,-0.0012736000000000002,0.0032471000000000002,-0.0015195000000000002,0.0011043000000000001,-0.0002901,-0.0011693000000000001,-0.00057350000000000001,0.0015292999999999999,-0.002496,-0.00041989999999999996,-0.00073569999999999994,0.0025458,0.0027525000000000002,-0.0030342999999999998,-0.00079180000000000006,0.00041419999999999998,0.00044419999999999996,-0.00050909999999999996,0.0028260999999999998,-0.00081749999999999998,0.00049470000000000004,-0.00037160000000000003,0.00064340000000000003,-0.0012690000000000002,-0.0013709,-0.00032849999999999996,0.0020632999999999997,-0.00093760000000000013,0.0012072000000000003,-0.00089829999999999999,-0.0040318999999999997,0.0050363000000000005,0.00082570000000000007,-0.00069189999999999985,0.0019499999999999999,0.0031249999999999997,0.0046795000000000005,-0.0042715999999999995,-0.00078890000000000004,-0.0015046999999999999,-0.0016919000000000001,0.00018999999999999985
aug_between_class_right_pair0011_child02,Healthy,0,0,Augmented,0,0,0,0,0,0.32674219999999998,1.9833402,3.9999999999999998e-07,-7.9999999999999996e-07,1.9999999999999999e-07,0.90741040000000006,0,0.043581799999999997,-0.1396732,0.025163000000000001,0.085829000000000003,-0.050637999999999996,0.075847999999999999,0.0088120000000000004,-0.0040310000000000007,-0.040860199999999999,-0.13261600000000001,0.32282339999999998,-0.082523600000000003,0.0089368000000000017,0.10110719999999999,0.015711400000000004,-0.0197594,-0.0072610000000000001,-0.044697399999999998,0.0087714000000000021,0.020329,-0.052408999999999997,0.0018146,-0.084489599999999998,0.0017146000000000002,0.038733000000000004,-0.011110799999999997,0.0084061999999999991,0.014071999999999999,-0.021733199999999998,0.0224076,-0.055766000000000003,-0.044884600000000004,0.0983208,-0.030298000000000002,0.19083739999999999,-0.033911799999999999,0.0057967999999999995,-0.00076359999999999991,-0.0090652000000000007,-0.012187199999999999,-0.0068519999999999996,0.035742999999999997,-0.0055333999999999991,-0.0065675999999999998,-0.030728000000000005,-0.019662600000000002,0.0095811999999999998,0.028130199999999998,0.011599,0.0163676,0.00069559999999999934,-0.011188400000000001,0.022136400000000001,-0.049618999999999996,0.014367200000000002,0.0076955999999999986,-0.0058662000000000002,0.041721600000000005,-0.079055399999999998,-0.017157800000000001,-0.032266599999999999,-0.027848400000000002,0.028944199999999996,0.00099419999999999999,-0.00048240000000000007,0.016999399999999998,-0.00033420000000000151,-0.0003518000000000002,-0.0086072000000000006,0.0067501999999999996,0.0038298,-0.0079281999999999998,-0.0014853999999999996,0.0035147999999999998,-0.020087600000000001,0.0049703999999999998,0.0057115999999999998,0.0061538000000000001,-0.0055841999999999992,-0.0058252,0.0053386000000000024,-0.010613599999999999,-0.0063774000000000001,-0.0010156000000000002,0.0020414000000000014,0.0024591999999999999,-0.015008000000000001,0.0029989999999999999,0.010555800000000001,-0.0138616,-0.0017606000000000011,-0.0063236000000000021,0.0058174000000000003,0.018053400000000001,-0.0107928,-9.2000000000000068e-06,-0.0009170000000000005,0.00088520000000000005,-0.0088788000000000009,0.0090917999999999988,-0.0028736,-0.0059842000000000003,-0.0024340000000000004,0.0041419999999999998,-0.0012738000000000003,-0.0013066000000000002,0.0067582000000000007,0.0112564,0.0022312,-0.0033621999999999997,0.01044,-0.0035491999999999998,0.0024800000000000004,-0.0105688,0.011125400000000001,-0.0030324000000000002,-0.004568,0.0095017999999999995,-0.0049411999999999998,0.0022046000000000001,-0.0013391999999999987,-0.0024816,0.012957400000000001,0.0052702000000000001,-0.0031157999999999997,0.0063624000000000016,-0.0083407999999999989,-0.0071695999999999999,-0.014146000000000001,-0.0080166000000000005,-0.0010003999999999998,-0.00012740000000000001,0.0026795999999999999,-0.0028432000000000002,0.0028674000000000009,-0.0027498000000000002,0.00064139999999999987,0.0017229999999999999,-0.0031590000000000003,0.0025494000000000003,-0.0069426000000000002,0.00091659999999999995,-0.0057122000000000006,-0.00033940000000000012,0.003251,0.0031647999999999997,0.0039012000000000001,-0.0011696,0.0012287999999999999,-0.0032820000000000002,0.0010820000000000003,-0.0027834000000000001,-0.0083721999999999998,-0.0052784000000000008,0.0037472,0.0017944,0.0002452,0.0010110000000000006,-0.0022962,-0.0068944000000000002,-0.0040732000000000008,-0.0127826,0.00071979999999999982,0.0013033999999999999,0.0103794,0.0040788000000000005,-0.0103128,0.0043395999999999999,0.0095671999999999997,-0.0046354000000000013,0.0036903999999999995,0.0065756,-0.0075956000000000001,1.2199999999999754e-05,-0.0097287999999999993,0.0085158000000000005,0.0051430000000000009,-0.0074046000000000008,0.0063763999999999999,-0.00051999999999999963,-0.0041057999999999997,7.419999999999996e-05,-0.0019088,-0.0035396,-0.0016750000000000003,0.0027779999999999997,-0.0017236,-0.0047104,-0.002618800000000001,0.0043737999999999997,-0.0025428,-0.00046919999999999991,0.0025312000000000004,-0.00082780000000000006,-0.0017736000000000002,0.0024224000000000003,-0.0011447999999999999,-0.00043820000000000024,6.9800000000000287e-05,0.00025219999999999973,0.0033799999999999998,-0.0047482000000000002,-0.0057188000000000004,0.0046303999999999998,0.003555,0.00037860000000000042,0.0010663999999999999,0.0050558000000000001,-0.00082299999999999995,0.00034579999999999995,0.00040739999999999982,0.0018663999999999998,-0.0043402000000000007,0.0046034000000000005,0.0075884000000000004,-0.0020476000000000001,-0.0036740000000000002,0.0010985999999999999,0.0037046000000000002,-0.0023246,-0.0018717999999999999,0.0022190000000000001,-0.0013036000000000002,-0.00035380000000000003,-0.00078620000000000014,0.0032929999999999999,-0.010036199999999999,0.0048419999999999999,-0.0144222,-0.00080599999999999899,-0.0060867999999999998,0.0024729999999999999,-0.0009858,0.0013102000000000001,-0.0023496000000000003,-0.0016697999999999999,-0.0036385999999999996,-0.0013194000000000001,0.0024196000000000005,-0.0012800000000000003,-0.0036657999999999999,8.1200000000000049e-05,0.0021827999999999999,0.00052559999999999987,0.0014018000000000001,-0.0021324,-0.00022379999999999996,0.0012652000000000002,0.0035068000000000005,3.5600000000000215e-05,0.0023354000000000001,0.0014427999999999999,0.0028752000000000001,0.0012597999999999999,-0.0064682000000000003,0.0012015999999999999,0.0039348000000000005,-0.0051979999999999995,9.4800000000000027e-05,0.0028652,0.00056519999999999997,0.0017874,-0.00092460000000000014,5.8999999999999808e-05,-0.0023227999999999999,-0.0036832000000000002,0.009909600000000001,-0.00017040000000000029,0.0020112000000000003,0.0075618000000000005,0.0027390000000000001,-0.0051012000000000002,0.0024488000000000001,-0.0035954000000000003,0.0021387999999999997,-0.0075314000000000006,0.0024990000000000004,-0.0045263999999999999,-0.00019019999999999996,-0.0052061999999999994,0.0044530000000000004,-0.0043137999999999996,0.00023299999999999992,0.0057854000000000004,0.0010704,0.0043531999999999998,-0.010042000000000001,-0.0015893999999999999,-0.0012690000000000002,0.00092100000000000016,0.0015818,-0.00093420000000000005,-0.00084360000000000012,0.0017447999999999997,0.00034899999999999997,0.0018250000000000002,-3.6399999999999909e-05,0.0012421999999999999,0.0032444000000000006,-0.0013614,0.0026903999999999999,-0.00040200000000000007,0.00091920000000000023,0.00051619999999999997,0.00014300000000000001,0.0035929999999999998,0.0011692000000000002,-0.00034339999999999994,0.00090819999999999996,0.0022832,-0.001173,-0.0008742,-0.0015679999999999999,0.0013012000000000002,0.0023703999999999999,-0.0029160000000000002,0.0018995999999999998,-0.0028944000000000005,0.0001295999999999999,0.00047720000000000011,-0.0030655999999999999,-0.0024353999999999999,0.00029020000000000001,-0.0031481999999999999,-0.0014696000000000002,0.0012924,-0.00082519999999999989,0.00075200000000000006,0.0022498000000000006,-0.00068959999999999996,0.00034340000000000005,-0.00029880000000000005,0.0027315999999999998,0.0032776000000000003,-0.00095820000000000009,-0.00045919999999999972,0.00082459999999999999,-0.00021700000000000018,-0.0036766000000000008,0.0040448000000000003,-0.00054659999999999995,0.0028909999999999999,-0.0034696000000000006,-0.0009140000000000001,-0.0012101999999999998,-0.00015799999999999999,0.0081142000000000002,-4.4799999999999788e-05,0.0035460000000000001,0.0016527999999999998,-0.0025317999999999998,-0.00032939999999999998,-0.00044060000000000003,0.00099839999999999998,-6.5600000000000077e-05,-0.0013014000000000003,-0.00091839999999999999,0.00022620000000000002,-0.0015872000000000002,-0.0012090000000000002,0.00099960000000000001,0.00044780000000000004,-0.00020680000000000004,0.0010824000000000001,-0.00026700000000000015,0.00020299999999999995,-0.0018122000000000001,-0.00077859999999999995,-0.00093619999999999988,-0.0018168000000000004,-0.00064540000000000008,0.0013764000000000001,0.001189,0.00077280000000000003,-0.0020914000000000002,-0.0015135999999999999,-6.3000000000000013e-05,-0.00064560000000000008,0.0020438000000000001,-0.0020747999999999999,0.0015483999999999999,0.00034800000000000011,-0.0020412000000000004,0.00073640000000000001,-0.00061920000000000009,0.00021319999999999998,0.0032270000000000003,-0.00026880000000000025,-0.0018714000000000001,0.0028868000000000001,-0.00031359999999999992,-0.0019368,-0.00092919999999999993,-0.00017979999999999971,0.0017242,-0.0033806000000000001,-0.0029186000000000004,0.0031909999999999994,0.0006159999999999999,-0.00063120000000000006,0.00073879999999999996,-0.0028844000000000001,0.0023556000000000002,0.0032012,-0.00080860000000000003,0.0018952000000000001,0.0002164,-0.0011613999999999999,-0.0012999999999999997,0.0005667999999999999,0.0027752000000000002,-0.0014558000000000001,-0.0023013999999999999,0.0030644000000000001,0.0011050000000000001,-0.0029588000000000001,0.00037139999999999981,0.0018966000000000005,0.0014827999999999998,-0.0030096000000000003,-0.000379,-0.00059259999999999998,0.0005082000000000001,-0.0013052000000000001,-0.00090120000000000022,-0.00060760000000000002,-0.00048960000000000008,-0.0022680000000000001,0.00099520000000000012,0.0010042000000000002,-0.0012032,0.00021179999999999994,-0.0015538000000000001,-0.00020000000000000004,-0.0019630000000000003,0.0012891999999999999,-0.0019101999999999999,0.0014159999999999999,0.00072539999999999996,0.0017987999999999999,-0.00092540000000000005,-0.00038500000000000003,-0.0016396000000000002,-5.0600000000000037e-05,-0.0002092000000000001,-0.0017754000000000001,0.0030644000000000005,0.00024500000000000005,2.6400000000000018e-05,-0.0015458,-0.00078040000000000032,0.00032060000000000004,-0.0010145999999999998,-0.0010231999999999999,0.0031112000000000002,-0.0015810000000000002,0.00093360000000000025,-0.00033319999999999997,-0.0010016000000000001,-0.00063900000000000003,0.0013535999999999999,-0.0022619999999999997,-0.0005258000000000001,-0.00037639999999999999,0.0024315999999999999,0.0027070000000000002,-0.0031776,-0.00044360000000000005,0.00033740000000000007,0.00021240000000000007,-0.00070619999999999993,0.0030292000000000001,-0.00096299999999999999,0.00040539999999999988,-0.00030319999999999989,0.00069280000000000003,-0.00099400000000000009,-0.0013868000000000001,-0.00020600000000000007,0.0018825999999999999,-0.0010671999999999999,0.0011884,-0.00099359999999999987,-0.0043978000000000003,0.0048066000000000003,0.0010304000000000003,-0.00092979999999999994,0.0023599999999999997,0.0030199999999999997,0.0050240000000000007,-0.0039502000000000001,-0.00078380000000000008,-0.0011454000000000002,-0.0021578000000000001,0.00020299999999999995
aug_between_class_right_pair0011_child03,Healthy,0,0,Augmented,0,0,0,0,0,0.32257330000000001,1.9728003000000001,6.0000000000000008e-07,-6.9999999999999997e-07,2.9999999999999999e-07,0.90002309999999996,4.1359030627651384e-25,0.044613699999999999,-0.13986579999999998,0.025142000000000001,0.090368500000000004,-0.055211499999999997,0.075438999999999992,0.0087819999999999999,-0.0042180000000000004,-0.039855799999999997,-0.131077,0.3239361,-0.082766400000000004,0.0099512000000000003,0.0993483,0.011383600000000001,-0.019503599999999999,-0.0069169999999999995,-0.044190600000000003,0.0093721000000000013,0.0223965,-0.050545,0.0017679000000000002,-0.083051399999999997,0.0031004000000000014,0.038942500000000005,-0.011407200000000001,0.0082173000000000003,0.014155000000000001,-0.024169800000000002,0.022457400000000002,-0.052328,-0.049494900000000001,0.097016699999999997,-0.031528,0.1886391,-0.034887700000000001,0.0067862,-0.00066290000000000012,-0.0093003000000000009,-0.0120643,-0.0056609999999999985,0.036825499999999997,-0.0052095999999999991,-0.0070009,-0.029929499999999998,-0.020950400000000001,0.0092732999999999999,0.028702799999999997,0.010708500000000001,0.016684400000000002,-0.00076459999999999983,-0.0119151,0.021675099999999999,-0.048556999999999996,0.012602799999999999,0.0091103999999999977,-0.0063858000000000005,0.042265400000000002,-0.078118099999999996,-0.017242199999999999,-0.032537900000000002,-0.028955100000000001,0.0278213,0.0011632999999999999,-0.00084460000000000004,0.016317099999999998,-0.00057229999999999955,-5.7199999999999872e-05,-0.0083248000000000003,0.0070283000000000003,0.0035287000000000009,-0.0083523,-0.0010780999999999998,0.0021242000000000001,-0.0195969,0.0053515999999999998,0.0059183999999999999,0.0055602000000000004,-0.0058243000000000001,-0.0057138000000000006,0.0062064000000000008,-0.0113344,-0.0058866000000000005,-0.0017509000000000005,0.00086210000000000019,0.0034497999999999998,-0.014887999999999998,0.0020784999999999988,0.010247699999999998,-0.013961400000000001,-0.0031409000000000003,-0.0050083999999999962,0.0058390999999999998,0.017857600000000001,-0.0087687000000000008,0.00070770000000000023,-0.00065299999999999993,0.00079529999999999965,-0.0082417000000000011,0.0087846999999999995,-0.0030203999999999999,-0.0046642999999999997,-0.0022229999999999997,0.0044299999999999999,-0.0012306999999999999,-0.0015054000000000005,0.0066408000000000005,0.010371099999999999,0.0019537999999999999,-0.0032882999999999996,0.010178,-0.0038853,0.0022015000000000003,-0.010855699999999999,0.0110946,-0.0024400999999999997,-0.0047404999999999999,0.0089391999999999996,-0.0042822999999999993,0.0012089000000000002,-0.00095979999999999937,-0.0025103999999999999,0.012160600000000001,0.0055223,-0.0023576999999999999,0.0054291000000000018,-0.0085696999999999995,-0.0068333999999999999,-0.0133855,-0.0085339000000000005,-0.00048609999999999929,-0.00029209999999999994,0.0031283999999999995,-0.0028253000000000002,0.0025736000000000005,-0.0028241999999999998,0.00099909999999999994,0.0017664999999999998,-0.0027944999999999997,0.0027276000000000002,-0.006927899999999999,0.0010123999999999999,-0.0055972999999999995,-0.00084260000000000021,0.0031909999999999998,0.0032602,0.0043847999999999995,-0.00065139999999999968,0.00094019999999999911,-0.0028695000000000001,0.0011769999999999999,-0.0027146000000000002,-0.0084618000000000002,-0.0053620999999999999,0.0036133000000000007,0.0017131,0.00035279999999999996,0.00094100000000000043,-0.0027827999999999998,-0.0072345999999999999,-0.0035498000000000005,-0.012887900000000001,0.00077420000000000006,0.0017241000000000001,0.0097266000000000002,0.0044497,-0.010180700000000001,0.0047208999999999992,0.0094292999999999998,-0.0041970999999999996,0.0031255999999999996,0.0078764000000000004,-0.0078498999999999999,0.00030079999999999983,-0.0095037000000000003,0.0074341999999999984,0.0048354999999999995,-0.0081714000000000005,0.0068421000000000003,-0.0005905000000000001,-0.0040867000000000004,-6.4699999999999784e-05,-0.0018357,-0.0035718999999999998,-0.0013655,0.0028524999999999996,-0.0013369,-0.0049535999999999998,-0.0024656999999999995,0.0044112000000000005,-0.0028716999999999996,-0.0009473000000000001,0.0022538000000000002,-0.00073970000000000004,-0.0018089,0.0024606000000000003,-0.0009461999999999998,-9.9800000000000041e-05,-0.00013779999999999999,-0.00017120000000000026,0.0029304999999999999,-0.0045967999999999998,-0.0058322000000000001,0.0050715999999999999,0.0038709999999999999,-7.5600000000000103e-05,0.00079960000000000014,0.0049871999999999998,-0.00050699999999999996,0.00051519999999999995,0.00050510000000000008,0.0014846000000000004,-0.0041822999999999999,0.0043135999999999999,0.0074095999999999997,-0.0023528999999999998,-0.0032374999999999999,0.0007689000000000001,0.0036568999999999998,-0.0024873999999999999,-0.002383699999999999,0.0022215,-0.0020134000000000003,-0.00046319999999999977,-0.00031330000000000019,0.0032819999999999998,-0.0097737999999999992,0.0051245000000000006,-0.013951299999999998,-0.0012954999999999998,-0.0058507000000000003,0.0023864999999999997,-0.00095970000000000007,0.0010577999999999998,-0.0020848999999999998,-0.0016176999999999999,-0.0032648999999999998,-0.0011906,0.0025424000000000002,-0.001209,-0.0033241999999999998,-0.00035619999999999998,0.0023906999999999999,0.0001293999999999997,0.0014161999999999998,-0.0020241,-0.00030819999999999996,0.0010627999999999998,0.0032687000000000003,-0.00030560000000000006,0.0022545999999999998,0.0013661999999999997,0.0029177999999999999,0.0011237,-0.0060692999999999997,0.0012454,0.0034672000000000001,-0.0055914999999999992,-0.00012579999999999991,0.0028222999999999998,0.00053379999999999996,0.0022866000000000002,-0.00086740000000000005,0.00020549999999999995,-0.0025341999999999999,-0.0033067999999999995,0.0093614000000000006,0.00051139999999999996,0.0013268000000000004,0.0074841999999999999,0.0028190000000000003,-0.0051582999999999993,0.0025236999999999994,-0.0037096000000000004,0.0020412000000000004,-0.0068045999999999992,0.0024849999999999998,-0.0049306000000000003,-0.0002788,-0.0051538,0.0045320000000000004,-0.0045111999999999999,-0.00043300000000000022,0.0064421000000000001,0.00071810000000000016,0.0044482999999999997,-0.0097429999999999999,-0.0014690999999999992,-0.0013830000000000001,0.0010644999999999999,0.0015046999999999999,-0.00071480000000000024,-0.00088290000000000005,0.0016146999999999995,0.00040700000000000003,0.001737,-2.4599999999999947e-05,0.0012573,0.0031945999999999997,-0.0013416000000000001,0.0024905999999999999,-0.0001049999999999999,0.00081630000000000006,0.00016630000000000003,0.00016049999999999994,0.0037819999999999998,0.0010698000000000001,-3.8100000000000005e-05,0.00083929999999999996,0.0021772999999999996,-0.0011115000000000001,-0.00073180000000000012,-0.0014829999999999999,0.0016088000000000001,0.0023836,-0.0026554999999999999,0.0017693999999999997,-0.0030191000000000003,-0.00029310000000000002,0.00080629999999999981,-0.0030748999999999998,-0.0023795999999999999,0.00030979999999999994,-0.0031228000000000002,-0.0012873999999999997,0.0013601000000000002,-0.00074629999999999998,0.00064349999999999997,0.0022761999999999999,-0.00018289999999999984,0.00056859999999999994,-0.00072920000000000005,0.0029234,0.0030084,-0.00082180000000000013,0.00016170000000000014,0.00078439999999999998,-0.00028399999999999996,-0.0036279000000000003,0.0036176999999999997,-0.00063639999999999996,0.0029490000000000002,-0.0030234000000000003,-0.00091299999999999997,-0.00092629999999999991,-0.00022049999999999983,0.0075128000000000009,-4.1200000000000134e-05,0.003114,0.0016562,-0.0028251999999999999,-0.00041610000000000003,-0.00045039999999999994,0.0010761,0.00014710000000000005,-0.0011481,-0.00089010000000000001,0.00018330000000000001,-0.0018522999999999999,-0.0013470000000000001,0.0010973999999999999,0.00050569999999999999,-0.00032620000000000001,0.00098510000000000004,-1.1500000000000008e-05,0.00048150000000000005,-0.0019623000000000002,-0.0005689,-0.0011527999999999998,-0.0014896999999999996,-0.0006776000000000001,0.0012290999999999999,0.0011039999999999999,0.00097119999999999965,-0.0019610999999999999,-0.0014218999999999998,-4.8499999999999993e-05,-0.00099389999999999982,0.0019807000000000002,-0.0016887,0.0017901,0.00047149999999999981,-0.0020668000000000001,0.0010881,-0.00067380000000000001,4.930000000000006e-05,0.003003,-0.00033819999999999987,-0.0016100999999999997,0.0032252000000000001,-0.00013890000000000007,-0.0019802000000000001,-0.00089329999999999987,-0.00070569999999999986,0.0019822999999999998,-0.0031838999999999999,-0.0025539000000000004,0.0029179999999999996,0.00035249999999999989,-0.0007333000000000001,0.00061719999999999993,-0.0032350999999999994,0.0025263999999999998,0.0032422999999999996,-0.00079490000000000008,0.0020113000000000002,0.00013309999999999998,-0.0010675999999999999,-0.00099199999999999961,0.00058769999999999992,0.0029043000000000003,-0.0014606999999999997,-0.0023010999999999995,0.0033480999999999997,0.00099099999999999969,-0.0029732000000000001,0.00055159999999999996,0.0020374,0.0016302000000000001,-0.0028453999999999997,-0.00036549999999999994,-0.00047390000000000003,0.00042779999999999988,-0.0010392999999999999,-0.00086079999999999989,-0.00088139999999999996,-0.00033139999999999992,-0.0020689999999999997,0.0010712999999999999,0.00088830000000000007,-0.0014573000000000001,6.070000000000012e-05,-0.0016021999999999998,-0.00033100000000000002,-0.0016995000000000001,0.0011997999999999998,-0.0018282999999999997,0.0014729999999999999,0.00061859999999999997,0.0015811999999999998,-0.0010325999999999998,-0.00023250000000000001,-0.0015974000000000001,-0.00025739999999999986,-0.00021929999999999996,-0.0019036000000000001,0.0027285999999999999,0.00030499999999999999,5.5099999999999984e-05,-0.0017466999999999999,-0.00056010000000000012,0.00010789999999999998,-0.0010763999999999999,-0.00077279999999999992,0.0029753000000000002,-0.0016424999999999999,0.00076290000000000017,-0.00037629999999999999,-0.00083390000000000005,-0.00070449999999999994,0.0011779,-0.0020279999999999994,-0.00063170000000000001,-1.7100000000000036e-05,0.0023174000000000003,0.0026614999999999998,-0.0033208999999999999,-9.5400000000000042e-05,0.00026060000000000005,-1.9400000000000092e-05,-0.00090329999999999989,0.0032322999999999996,-0.0011085000000000001,0.00031610000000000004,-0.00023480000000000007,0.00074219999999999983,-0.00071899999999999991,-0.0014027,-8.3499999999999983e-05,0.0017018999999999995,-0.0011968,0.0011696000000000002,-0.0010889000000000001,-0.0047637000000000001,0.0045769000000000001,0.0012350999999999994,-0.0011676999999999998,0.0027699999999999999,0.0029150000000000001,0.0053685,-0.0036287999999999997,-0.0007786999999999999,-0.00078610000000000008,-0.0026237000000000001,0.00021600000000000005
aug_between_class_right_pair0011_child04,Healthy,0,0,Augmented,0,0,0,0,0,0.31840439999999998,1.9622604000000001,8.0000000000000007e-07,-5.9999999999999997e-07,3.9999999999999998e-07,0.89263579999999998,0,0.045645600000000001,-0.1400584,0.025121000000000001,0.094908000000000006,-0.059785000000000005,0.075029999999999999,0.0087520000000000011,-0.0044050000000000009,-0.038851399999999994,-0.12953800000000001,0.32504879999999997,-0.083009200000000005,0.010965599999999999,0.097589399999999993,0.0070557999999999992,-0.019247799999999999,-0.006572999999999999,-0.043683800000000002,0.0099728000000000021,0.024464,-0.048681000000000002,0.0017212000000000004,-0.081613199999999997,0.0044861999999999992,0.039151999999999999,-0.0117036,0.0080284000000000015,0.014238000000000001,-0.026606400000000002,0.022507200000000002,-0.048890000000000003,-0.054105200000000006,0.095712599999999995,-0.032758000000000002,0.18644079999999999,-0.035863600000000002,0.0077756000000000006,-0.00056219999999999968,-0.0095353999999999994,-0.0119414,-0.00447,0.037907999999999997,-0.0048857999999999992,-0.0074342000000000002,-0.029131000000000001,-0.0222382,0.0089654000000000001,0.029275399999999997,0.0098180000000000003,0.017001200000000001,-0.0022248000000000007,-0.0126418,0.021213799999999998,-0.047494999999999996,0.010838399999999998,0.0105252,-0.0069054000000000008,0.042809200000000006,-0.077180799999999994,-0.017326600000000001,-0.032809200000000004,-0.0300618,0.026698399999999997,0.0013324000000000001,-0.0012067999999999998,0.015634799999999997,-0.00081040000000000018,0.00023740000000000002,-0.0080423999999999999,0.0073064000000000002,0.0032276000000000002,-0.0087764000000000002,-0.00067079999999999961,0.00073359999999999918,-0.0191062,0.0057327999999999997,0.0061251999999999999,0.0049665999999999998,-0.0060644000000000002,-0.0056023999999999996,0.007074200000000001,-0.012055199999999999,-0.0053958000000000001,-0.0024862,-0.00031720000000000012,0.0044404000000000006,-0.014768,0.0011579999999999993,0.0099395999999999998,-0.014061199999999999,-0.0045212000000000013,-0.0036931999999999972,0.0058607999999999993,0.017661800000000002,-0.006744599999999999,0.0014246000000000003,-0.00038899999999999981,0.00070540000000000012,-0.0076046000000000004,0.0084776000000000001,-0.0031672000000000002,-0.0033443999999999995,-0.0020119999999999999,0.004718,-0.0011876,-0.0017041999999999999,0.0065234000000000004,0.0094857999999999991,0.0016764,-0.0032143999999999996,0.0099160000000000012,-0.0042214000000000002,0.0019230000000000002,-0.011142600000000001,0.0110638,-0.0018478000000000001,-0.0049129999999999998,0.0083765999999999997,-0.0036233999999999997,0.00021319999999999976,-0.00058040000000000001,-0.0025392000000000001,0.0113638,0.0057744000000000007,-0.0015995999999999996,0.0044958000000000003,-0.0087986000000000002,-0.0064971999999999999,-0.012625000000000001,-0.0090512000000000006,2.820000000000036e-05,-0.00045679999999999994,0.0035772,-0.0028074000000000003,0.0022798000000000002,-0.0028985999999999999,0.0013568,0.00181,-0.0024299999999999999,0.0029058,-0.0069131999999999996,0.0011081999999999999,-0.0054824000000000001,-0.0013458000000000003,0.0031310000000000001,0.0033556000000000002,0.0048684000000000002,-0.00013319999999999982,0.00065159999999999958,-0.002457,0.0012719999999999999,-0.0026458000000000002,-0.0085514000000000007,-0.0054458000000000006,0.0034794000000000005,0.0016317999999999999,0.00046039999999999992,0.00087099999999999981,-0.0032694,-0.0075747999999999996,-0.0030264000000000003,-0.0129932,0.00082859999999999987,0.0021448000000000005,0.0090737999999999999,0.0048206000000000004,-0.0100486,0.0051021999999999994,0.0092914,-0.0037588000000000005,0.0025607999999999998,0.0091771999999999999,-0.0081041999999999989,0.00058940000000000002,-0.0092785999999999997,0.006352599999999999,0.0045279999999999999,-0.0089382000000000003,0.0073077999999999997,-0.00066099999999999991,-0.0040676000000000002,-0.00020359999999999996,-0.0017626,-0.0036042000000000001,-0.0010560000000000001,0.0029269999999999999,-0.00095020000000000011,-0.0051967999999999997,-0.0023125999999999997,0.0044486000000000005,-0.0032005999999999996,-0.0014254000000000001,0.0019764000000000001,-0.00065159999999999979,-0.0018442,0.0024988000000000007,-0.00074759999999999985,0.00023860000000000011,-0.00034540000000000005,-0.00059460000000000025,0.0024809999999999997,-0.0044454000000000004,-0.0059456000000000005,0.0055128,0.0041869999999999997,-0.00052979999999999987,0.00053279999999999994,0.0049185999999999995,-0.00019099999999999998,0.00068460000000000005,0.00060280000000000012,0.0011028000000000001,-0.0040244,0.0040237999999999993,0.0072307999999999999,-0.0026582000000000003,-0.0028009999999999997,0.00043920000000000027,0.0036091999999999999,-0.0026502000000000001,-0.0028955999999999999,0.0022239999999999998,-0.0027232000000000003,-0.00057260000000000015,0.00015959999999999998,0.0032709999999999996,-0.0095113999999999997,0.0054070000000000003,-0.013480399999999998,-0.0017849999999999997,-0.0056146,0.0023,-0.00093360000000000003,0.00080540000000000006,-0.0018201999999999999,-0.0015655999999999999,-0.0028912,-0.0010617999999999999,0.0026651999999999999,-0.0011380000000000001,-0.0029825999999999997,-0.00079359999999999999,0.0025986,-0.00026680000000000009,0.0014306000000000002,-0.0019158000000000001,-0.00039259999999999989,0.0008604000000000001,0.0030306,-0.00064680000000000033,0.0021738,0.0012896000000000001,0.0029604000000000002,0.00098759999999999994,-0.0056703999999999999,0.0012891999999999999,0.0029995999999999994,-0.005984999999999999,-0.00034640000000000007,0.0027794,0.00050240000000000007,0.0027858000000000002,-0.00081019999999999996,0.0003520000000000001,-0.0027456,-0.0029303999999999997,0.0088132000000000002,0.0011932000000000002,0.00064239999999999989,0.0074066000000000002,0.0028990000000000005,-0.0052154000000000002,0.0025986,-0.0038238000000000005,0.0019436000000000002,-0.0060777999999999995,0.0024710000000000001,-0.0053348000000000007,-0.00036740000000000004,-0.0051013999999999999,0.0046109999999999996,-0.0047085999999999994,-0.0010989999999999997,0.0070988000000000006,0.00036580000000000016,0.0045433999999999995,-0.0094439999999999993,-0.0013488000000000003,-0.0014970000000000001,0.0012080000000000001,0.0014275999999999998,-0.00049539999999999979,-0.00092219999999999997,0.0014845999999999998,0.00046500000000000003,0.0016490000000000001,-1.2799999999999986e-05,0.0012723999999999999,0.0031448000000000001,-0.0013217999999999999,0.0022908,0.00019200000000000022,0.00071339999999999988,-0.00018360000000000007,0.00017799999999999999,0.0039710000000000006,0.00097039999999999995,0.0002672000000000001,0.00077039999999999975,0.0020713999999999997,-0.0010499999999999999,-0.00058940000000000002,-0.0013979999999999999,0.0019164,0.0023968000000000001,-0.002395,0.0016391999999999997,-0.0031438,-0.00071580000000000016,0.0011354,-0.0030841999999999996,-0.0023238,0.00032939999999999998,-0.0030974000000000006,-0.0011052000000000002,0.0014277999999999999,-0.00066739999999999996,0.0005350000000000001,0.0023026000000000001,0.00032380000000000017,0.0007938,-0.0011596000000000002,0.0031151999999999998,0.0027391999999999998,-0.00068539999999999996,0.00078260000000000048,0.00074419999999999998,-0.00035100000000000018,-0.0035791999999999998,0.0031906,-0.00072619999999999998,0.0030070000000000001,-0.0025772,-0.00091200000000000005,-0.0006424,-0.00028299999999999989,0.0069114000000000007,-3.759999999999983e-05,0.0026819999999999999,0.0016596000000000002,-0.0031186,-0.00050280000000000008,-0.00046019999999999996,0.0011538,0.00035980000000000013,-0.00099480000000000011,-0.00086179999999999991,0.00014040000000000005,-0.0021174000000000002,-0.001485,0.0011952,0.00056360000000000004,-0.0004456000000000001,0.0008877999999999999,0.00024400000000000002,0.00076000000000000004,-0.0021124000000000004,-0.0003592,-0.0013694,-0.0011625999999999997,-0.00070980000000000012,0.0010817999999999999,0.0010189999999999999,0.0011695999999999998,-0.0018308,-0.0013301999999999999,-3.4e-05,-0.0013422000000000002,0.0019176000000000002,-0.0013025999999999999,0.0020317999999999998,0.00059499999999999993,-0.0020923999999999999,0.0014398000000000002,-0.00072840000000000014,-0.00011460000000000008,0.0027789999999999994,-0.00040760000000000015,-0.0013487999999999998,0.0035636000000000001,3.5800000000000111e-05,-0.0020236,-0.00085739999999999992,-0.0012316,0.0022404,-0.0029871999999999998,-0.0021892000000000001,0.0026449999999999998,8.8999999999999886e-05,-0.00083540000000000003,0.00049560000000000001,-0.0035858000000000001,0.0026972000000000003,0.0032834000000000001,-0.00078120000000000002,0.0021273999999999998,4.9800000000000018e-05,-0.00097379999999999993,-0.00068399999999999993,0.00060859999999999983,0.0030334000000000003,-0.0014656000000000005,-0.0023007999999999995,0.0036318000000000001,0.00087700000000000018,-0.0029876,0.0007317999999999999,0.0021781999999999995,0.0017776000000000001,-0.0026811999999999999,-0.00035199999999999999,-0.00035520000000000001,0.0003474000000000001,-0.00077339999999999983,-0.00082039999999999999,-0.0011552000000000001,-0.0001731999999999999,-0.0018699999999999999,0.0011474,0.00077239999999999991,-0.0017114000000000003,-9.0400000000000137e-05,-0.0016506000000000001,-0.00046200000000000006,-0.0014360000000000002,0.0011103999999999999,-0.0017463999999999999,0.0015300000000000001,0.00051179999999999997,0.0013635999999999998,-0.0011398000000000001,-7.9999999999999939e-05,-0.0015552000000000001,-0.00046420000000000001,-0.00022940000000000016,-0.0020318000000000003,0.0023928,0.00036499999999999998,8.3800000000000004e-05,-0.0019476000000000001,-0.00033980000000000013,-0.00010480000000000009,-0.0011382,-0.0005223999999999998,0.0028393999999999997,-0.001704,0.00059220000000000008,-0.0004194,-0.00066620000000000004,-0.00077000000000000007,0.0010022,-0.0017939999999999996,-0.00073759999999999993,0.00034219999999999992,0.0022032000000000002,0.0026160000000000003,-0.0034641999999999997,0.00025280000000000002,0.00018380000000000002,-0.00025120000000000003,-0.0011004000000000001,0.0034353999999999999,-0.0012540000000000001,0.00022679999999999987,-0.00016639999999999992,0.00079159999999999983,-0.00044399999999999984,-0.0014186000000000001,3.8999999999999986e-05,0.0015211999999999997,-0.0013264000000000001,0.0011508,-0.0011842000000000001,-0.0051295999999999998,0.0043471999999999998,0.0014397999999999998,-0.0014056000000000001,0.0031799999999999997,0.0028099999999999996,0.0057130000000000002,-0.0033073999999999998,-0.00077360000000000005,-0.00042680000000000002,-0.0030895999999999996,0.00022899999999999987
aug_between_class_right_pair0011_child05,TLE,1,1,Augmented,0,0,0,0,0,0.31006660000000003,1.9411806,1.1999999999999999e-06,-3.9999999999999993e-07,5.9999999999999997e-07,0.87786120000000001,0,0.047709399999999999,-0.1404436,0.025079000000000001,0.103987,-0.068931999999999993,0.074212,0.0086920000000000001,-0.004779000000000002,-0.036842600000000003,-0.12645999999999999,0.32727420000000002,-0.083494799999999994,0.0129944,0.094071600000000005,-0.0015997999999999976,-0.018736200000000001,-0.0058849999999999996,-0.042670199999999998,0.011174200000000002,0.028598999999999999,-0.044953,0.0016277999999999996,-0.078736799999999996,0.0072577999999999991,0.039571000000000002,-0.012296399999999999,0.0076506000000000005,0.014404,-0.031479599999999996,0.022606800000000003,-0.042014000000000003,-0.063325800000000002,0.093104400000000004,-0.035217999999999999,0.18204419999999999,-0.037815399999999999,0.0097543999999999999,-0.0003608000000000001,-0.0100056,-0.0116956,-0.0020879999999999996,0.040072999999999998,-0.0042382000000000001,-0.0083008000000000005,-0.027533999999999999,-0.0248138,0.0083495999999999987,0.030420599999999999,0.0080370000000000007,0.017634799999999999,-0.0051451999999999999,-0.0140952,0.020291200000000002,-0.045371000000000002,0.0073096000000000012,0.013354799999999998,-0.0079446000000000013,0.043896800000000007,-0.07530619999999999,-0.017495400000000001,-0.033351800000000001,-0.032275199999999997,0.024452599999999998,0.0016706000000000002,-0.0019311999999999999,0.014270199999999999,-0.0012865999999999997,0.0008265999999999996,-0.0074776,0.0078626000000000008,0.0026254000000000004,-0.0096245999999999988,0.00014380000000000035,-0.0020476000000000001,-0.0181248,0.0064951999999999996,0.0065388,0.0037794000000000005,-0.0065446000000000002,-0.0053796,0.0088098000000000013,-0.013496799999999998,-0.0044142000000000001,-0.0039567999999999999,-0.0026757999999999999,0.0064215999999999995,-0.014527999999999999,-0.00068300000000000045,0.009323399999999999,-0.014260800000000001,-0.0072817999999999997,-0.0010627999999999992,0.0059042000000000001,0.017270199999999999,-0.0026964000000000016,0.0028584000000000005,0.00013899999999999991,0.00052559999999999933,-0.0063304000000000008,0.0078633999999999996,-0.0034608,-0.0007046000000000001,-0.0015900000000000003,0.0052940000000000001,-0.0011013999999999998,-0.0021018000000000005,0.0062886000000000001,0.0077152000000000002,0.0011215999999999995,-0.0030665999999999992,0.009392000000000001,-0.0048935999999999997,0.001366,-0.011716400000000002,0.0110022,-0.00066320000000000029,-0.0052580000000000005,0.0072513999999999999,-0.0023056000000000001,-0.0017781999999999997,0.00017840000000000043,-0.0025967999999999998,0.0097701999999999997,0.0062786000000000005,-8.3399999999999534e-05,0.0026292000000000008,-0.0092563999999999997,-0.0058247999999999998,-0.011104000000000001,-0.010085799999999999,0.0010568000000000001,-0.00078620000000000003,0.0044748000000000001,-0.0027716000000000004,0.0016921999999999996,-0.0030474,0.0020722000000000002,0.0018969999999999998,-0.0017009999999999998,0.0032621999999999998,-0.0068838000000000007,0.0012997999999999998,-0.0052526000000000005,-0.0023522,0.0030110000000000002,0.0035463999999999999,0.0058355999999999998,0.00090320000000000016,7.439999999999964e-05,-0.0016320000000000002,0.0014620000000000004,-0.0025082000000000004,-0.0087305999999999998,-0.0056132000000000005,0.0032116000000000002,0.0014691999999999999,0.00067559999999999983,0.00073099999999999945,-0.0042425999999999991,-0.008255199999999999,-0.0019796000000000002,-0.013203800000000002,0.00093739999999999991,0.0029862000000000001,0.0077682000000000003,0.0055624000000000003,-0.0097844000000000004,0.0058647999999999999,0.0090155999999999986,-0.0028822000000000006,0.0014312000000000001,0.011778799999999999,-0.0086128000000000003,0.0011665999999999998,-0.0088284000000000001,0.0041893999999999985,0.0039129999999999998,-0.0104718,0.0082392000000000003,-0.00080199999999999987,-0.0040294000000000007,-0.0004814000000000001,-0.0016164,-0.0036687999999999998,-0.00043700000000000032,0.0030759999999999997,-0.00017680000000000018,-0.0056832000000000002,-0.0020064000000000002,0.0045233999999999995,-0.0038583999999999997,-0.0023816000000000002,0.0014216000000000003,-0.00047540000000000012,-0.0019147999999999999,0.0025752000000000001,-0.0003503999999999999,0.00091539999999999992,-0.00076059999999999995,-0.0014414000000000002,0.0015819999999999999,-0.0041425999999999998,-0.0061723999999999998,0.0063952000000000002,0.0048189999999999995,-0.0014381999999999997,-7.9999999999980261e-07,0.0047813999999999999,0.00044099999999999988,0.0010234,0.00079819999999999999,0.0003392,-0.0037086000000000003,0.0034442000000000001,0.0068732000000000003,-0.0032687999999999997,-0.0019280000000000002,-0.00022019999999999982,0.0035138000000000001,-0.0029757999999999998,-0.0039193999999999991,0.0022290000000000001,-0.0041428000000000003,-0.00079140000000000005,0.0011053999999999994,0.0032489999999999997,-0.0089865999999999991,0.0059719999999999999,-0.0125386,-0.0027639999999999991,-0.0051424000000000001,0.002127,-0.00088140000000000007,0.00030059999999999999,-0.0012908000000000002,-0.0014614000000000001,-0.0021438,-0.00080420000000000003,0.0029108000000000003,-0.00099600000000000014,-0.0022994000000000001,-0.0016684,0.0030144,-0.0010592000000000002,0.0014594,-0.0016992000000000001,-0.00056139999999999988,0.00045560000000000012,0.0025544000000000001,-0.0013292,0.0020122,0.0011364000000000001,0.0030455999999999999,0.00071540000000000015,-0.0048725999999999995,0.0013768000000000001,0.0020644000000000001,-0.0067719999999999985,-0.00078759999999999995,0.0026936,0.00043960000000000006,0.0037842000000000002,-0.0006958,0.00064499999999999996,-0.0031684,-0.0021776,0.0077168000000000002,0.0025567999999999997,-0.00072639999999999988,0.0072513999999999999,0.0030590000000000001,-0.0053295999999999994,0.0027484000000000002,-0.0040521999999999997,0.0017484000000000002,-0.0046242000000000002,0.0024429999999999999,-0.0061431999999999997,-0.0005445999999999999,-0.0049965999999999995,0.0047690000000000007,-0.0051034000000000001,-0.002431,0.0084121999999999999,-0.00033879999999999956,0.0047335999999999993,-0.0088459999999999997,-0.0011081999999999997,-0.0017250000000000002,0.0014949999999999998,0.0012734000000000001,-5.6600000000000183e-05,-0.0010008,0.0012244000000000001,0.00058100000000000003,0.0014730000000000001,1.0799999999999937e-05,0.0013026000000000001,0.0030452000000000001,-0.0012822000000000003,0.0018912,0.00078600000000000002,0.00050759999999999998,-0.00088340000000000001,0.00021299999999999997,0.0043489999999999996,0.00077160000000000011,0.00087779999999999998,0.00063259999999999998,0.0018595999999999999,-0.00092699999999999998,-0.00030460000000000003,-0.0012279999999999999,0.0025316000000000002,0.0024231999999999999,-0.001874,0.0013787999999999999,-0.0033932000000000003,-0.0015612,0.0017935999999999998,-0.0031027999999999997,-0.0022122000000000001,0.00036859999999999996,-0.0030466,-0.00074080000000000001,0.0015631999999999998,-0.00050960000000000003,0.00031800000000000003,0.0023554000000000001,0.0013372,0.0012442000000000002,-0.0020203999999999999,0.0034987999999999998,0.0022008000000000002,-0.00041260000000000016,0.0020244,0.00066379999999999998,-0.00048500000000000019,-0.0034818000000000006,0.0023363999999999998,-0.00090580000000000001,0.0031229999999999999,-0.0016848000000000002,-0.00091,-7.459999999999997e-05,-0.00040799999999999989,0.0057086000000000012,-3.0399999999999872e-05,0.0018180000000000002,0.0016663999999999997,-0.0037053999999999998,-0.00067620000000000006,-0.00047980000000000001,0.0013091999999999999,0.0007852,-0.00068820000000000014,-0.00080520000000000006,5.460000000000008e-05,-0.0026475999999999995,-0.001761,0.0013908,0.00067939999999999993,-0.00068440000000000005,0.00069320000000000004,0.00075499999999999981,0.001317,-0.0024126,6.0199999999999945e-05,-0.0018025999999999997,-0.0005084,-0.00077420000000000006,0.00078719999999999994,0.00084900000000000004,0.0015663999999999999,-0.0015702000000000001,-0.0011467999999999999,-5.0000000000000063e-06,-0.0020387999999999999,0.0017914000000000003,-0.00053040000000000032,0.0025151999999999996,0.00084199999999999998,-0.0021435999999999998,0.0021431999999999996,-0.00083760000000000008,-0.00044240000000000002,0.0023310000000000002,-0.00054639999999999984,-0.00082620000000000013,0.0042404000000000001,0.00038519999999999982,-0.0021104000000000001,-0.00078560000000000001,-0.0022833999999999997,0.0027565999999999997,-0.0025937999999999998,-0.0014598000000000002,0.0020990000000000002,-0.00043800000000000002,-0.0010396000000000001,0.00025240000000000006,-0.0042871999999999997,0.0030388000000000004,0.0033655999999999998,-0.0007538,0.0023595999999999999,-0.00011680000000000002,-0.00078620000000000003,-6.799999999999985e-05,0.00065039999999999987,0.0032916000000000004,-0.0014754000000000004,-0.0023001999999999996,0.0041992000000000002,0.00064899999999999984,-0.0030163999999999998,0.0010921999999999998,0.0024597999999999998,0.0020723999999999998,-0.0023527999999999999,-0.00032499999999999999,-0.00011780000000000004,0.00018659999999999998,-0.00024160000000000002,-0.00073959999999999998,-0.0017028000000000002,0.00014320000000000001,-0.0014719999999999998,0.0012995999999999999,0.00054060000000000002,-0.0022196000000000004,-0.00039259999999999979,-0.0017474000000000001,-0.00072399999999999993,-0.00090900000000000009,0.00093159999999999988,-0.0015826,0.0016440000000000001,0.00029819999999999993,0.00092840000000000002,-0.0013542000000000001,0.00022499999999999994,-0.0014708,-0.00087780000000000009,-0.00024959999999999989,-0.0022881999999999998,0.0017212,0.00048500000000000003,0.00014120000000000002,-0.0023494000000000002,0.00010079999999999979,-0.00053019999999999999,-0.0012618,-2.1599999999999983e-05,0.0025675999999999997,-0.0018270000000000001,0.00025080000000000013,-0.00050559999999999993,-0.00033079999999999996,-0.000901,0.0006508000000000001,-0.0013259999999999997,-0.00094939999999999998,0.0010608,0.0019748000000000001,0.0025250000000000003,-0.0037508000000000003,0.00094919999999999965,3.0200000000000056e-05,-0.00071479999999999992,-0.0014946,0.0038415999999999997,-0.0015449999999999999,4.8199999999999979e-05,-2.9599999999999961e-05,0.00089039999999999985,0.00010599999999999997,-0.0014503999999999999,0.00028399999999999991,0.0011597999999999999,-0.0015855999999999999,0.0011132000000000002,-0.0013748,-0.0058614000000000001,0.0038878000000000003,0.0018491999999999996,-0.0018814000000000001,0.0039999999999999992,0.0025999999999999999,0.0064019999999999997,-0.0026646,-0.00076339999999999991,0.00029179999999999972,-0.0040213999999999996,0.00025499999999999996
aug_between_class_right_pair0011_child06,TLE,1,1,Augmented,0,0,0,0,0,0.30589769999999999,1.9306407000000001,1.3999999999999997e-06,-2.9999999999999993e-07,6.9999999999999986e-07,0.87047390000000002,0,0.048741300000000001,-0.14063619999999999,0.025058,0.1085265,-0.073505500000000001,0.073803000000000007,0.0086619999999999996,-0.0049659999999999999,-0.035838200000000001,-0.124921,0.32838689999999998,-0.083737599999999995,0.014008799999999998,0.092312699999999998,-0.0059275999999999955,-0.018480400000000001,-0.0055409999999999999,-0.042163399999999997,0.0117749,0.030666499999999999,-0.043089000000000002,0.0015811000000000002,-0.077298599999999995,0.0086435999999999995,0.039780500000000003,-0.012592799999999999,0.0074617000000000008,0.014487,-0.033916200000000001,0.022656599999999999,-0.038575999999999999,-0.067936099999999999,0.091800300000000001,-0.036448000000000001,0.1798459,-0.038791300000000001,0.010743800000000001,-0.00026010000000000009,-0.010240699999999998,-0.0115727,-0.00089700000000000023,0.041155499999999998,-0.0039144000000000002,-0.0087340999999999998,-0.026735500000000002,-0.026101599999999999,0.0080416999999999988,0.030993199999999999,0.0071465000000000001,0.017951599999999998,-0.0066053999999999991,-0.014821899999999999,0.019829900000000001,-0.044309000000000001,0.0055452000000000001,0.014769599999999996,-0.0084641999999999998,0.044440600000000004,-0.074368900000000002,-0.0175798,-0.033623100000000003,-0.033381899999999992,0.023329700000000002,0.0018397000000000001,-0.0022934000000000001,0.013587899999999998,-0.0015246999999999995,0.0011211999999999997,-0.0071952000000000006,0.0081407000000000007,0.0023243000000000005,-0.010048699999999999,0.00055110000000000011,-0.0034381999999999989,-0.0176341,0.0068763999999999995,0.0067456,0.0031858000000000004,-0.0067847000000000003,-0.0052681999999999998,0.0096776000000000015,-0.014217599999999999,-0.0039234000000000005,-0.0046920999999999994,-0.0038550999999999993,0.0074121999999999981,-0.014408000000000001,-0.0016034999999999999,0.0090153000000000004,-0.014360599999999999,-0.0086621000000000007,0.00025239999999999985,0.0059258999999999996,0.0170744,-0.00067230000000000067,0.0035753,0.00040299999999999988,0.0004356999999999998,-0.005693300000000001,0.0075563000000000002,-0.0036076000000000003,0.00061530000000000005,-0.001379,0.0055820000000000002,-0.0010583000000000003,-0.0023005999999999999,0.0061711999999999999,0.0068298999999999999,0.00084419999999999981,-0.0029926999999999996,0.009130000000000001,-0.0052296999999999995,0.0010875000000000004,-0.0120033,0.010971399999999999,-7.0900000000000477e-05,-0.0054305000000000004,0.0066888,-0.0016466999999999999,-0.0027738999999999993,0.00055780000000000066,-0.0026256000000000001,0.0089734000000000012,0.0065307000000000004,0.0006747000000000003,0.0016959000000000008,-0.0094853000000000003,-0.0054885999999999997,-0.0103435,-0.010603099999999999,0.0015711,-0.00095089999999999986,0.0049236000000000002,-0.0027537000000000004,0.0013984000000000002,-0.0031218000000000001,0.0024299,0.0019404999999999997,-0.0013365,0.0034403999999999997,-0.0068690999999999995,0.0013955999999999999,-0.0051377000000000003,-0.0028554000000000006,0.0029510000000000005,0.0036418000000000006,0.0063192000000000005,0.0014214000000000002,-0.00021419999999999989,-0.0012195000000000003,0.001557,-0.0024394,-0.0088202000000000003,-0.0056969000000000004,0.0030777000000000005,0.0013878999999999999,0.00078319999999999974,0.00066100000000000013,-0.0047291999999999994,-0.0085953999999999996,-0.0014562000000000004,-0.013309100000000001,0.00099179999999999993,0.0034069,0.0071154,0.0059332999999999999,-0.0096522999999999991,0.0062460999999999992,0.0088776999999999988,-0.0024438999999999997,0.00086640000000000046,0.013079599999999999,-0.0088670999999999993,0.0014551999999999998,-0.0086033000000000012,0.0031078000000000004,0.0036055000000000002,-0.011238600000000001,0.0087048999999999998,-0.0008724999999999999,-0.0040102999999999996,-0.00062030000000000006,-0.0015433000000000001,-0.0037010999999999997,-0.00012750000000000023,0.0031504999999999997,0.00020989999999999974,-0.0059264000000000001,-0.0018533000000000002,0.0045608000000000003,-0.0041872999999999997,-0.0028596999999999997,0.0011442000000000002,-0.00038730000000000009,-0.0019501000000000002,0.0026134000000000001,-0.0001518,0.0012538,-0.00096819999999999979,-0.0018647999999999998,0.0011325,-0.0039912000000000003,-0.0062858000000000002,0.0068363999999999994,0.0051349999999999998,-0.0018923999999999996,-0.0002676,0.0047127999999999996,0.00075699999999999975,0.0011927999999999999,0.00089589999999999993,-4.2599999999999843e-05,-0.0035507000000000004,0.0031543999999999999,0.0066944000000000005,-0.0035740999999999993,-0.0014915000000000002,-0.00054989999999999987,0.0034660999999999997,-0.0031386000000000001,-0.0044312999999999991,0.0022315,-0.0048526000000000003,-0.00090080000000000043,0.0015782999999999995,0.003238,-0.0087241999999999997,0.0062544999999999996,-0.012067700000000001,-0.0032534999999999994,-0.0049063000000000006,0.0020405000000000002,-0.00085530000000000003,4.8200000000000142e-05,-0.0010261000000000001,-0.0014093,-0.0017701000000000001,-0.00067540000000000005,0.0030336,-0.00092500000000000004,-0.0019578,-0.0021057999999999997,0.0032223,-0.0014553999999999999,0.0014737999999999999,-0.0015909000000000001,-0.00064579999999999998,0.00025320000000000008,0.0023163000000000003,-0.0016703999999999998,0.0019314000000000002,0.0010598000000000001,0.0030882000000000001,0.00057930000000000026,-0.0044736999999999997,0.0014205999999999999,0.0015968,-0.0071654999999999991,-0.0010081999999999999,0.0026506999999999998,0.00040820000000000006,0.0042833999999999997,-0.00063860000000000013,0.0007915000000000001,-0.0033798000000000001,-0.0018012,0.0071686000000000007,0.0032385999999999999,-0.0014107999999999994,0.0071738000000000001,0.0031390000000000003,-0.0053866999999999995,0.0028232999999999995,-0.0041663999999999998,0.0016508000000000004,-0.0038974000000000001,0.0024289999999999997,-0.0065474000000000001,-0.00063319999999999989,-0.0049441999999999993,0.0048479999999999999,-0.0053007999999999996,-0.0030969999999999999,0.0090688999999999995,-0.00069109999999999961,0.0048287,-0.008546999999999999,-0.00098789999999999946,-0.0018390000000000001,0.0016384999999999998,0.0011963,0.00016279999999999984,-0.0010401,0.0010943000000000001,0.00063900000000000003,0.0013850000000000002,2.2600000000000007e-05,0.0013177,0.0029953999999999996,-0.0012624000000000001,0.0016914,0.001083,0.00040470000000000008,-0.0012332999999999997,0.00023049999999999996,0.0045379999999999995,0.00067219999999999997,0.0011831000000000003,0.0005637000000000002,0.0017537,-0.00086549999999999995,-0.00016219999999999993,-0.0011429999999999999,0.0028392000000000001,0.0024364,-0.0016135000000000001,0.0012485999999999999,-0.0035179,-0.0019839000000000002,0.0021226999999999999,-0.0031120999999999996,-0.0021563999999999997,0.0003882,-0.0030211999999999999,-0.00055860000000000024,0.0016309,-0.00043070000000000001,0.00020949999999999994,0.0023818000000000003,0.0018438999999999999,0.0014693999999999998,-0.0024507999999999995,0.0036905999999999996,0.0019316000000000001,-0.00027619999999999999,0.0026453000000000002,0.0006236000000000002,-0.00055199999999999997,-0.0034331000000000001,0.0019093000000000001,-0.00099560000000000013,0.0031809999999999998,-0.0012386000000000003,-0.00090900000000000009,0.00020929999999999983,-0.00047049999999999994,0.005107200000000001,-2.6800000000000001e-05,0.0013860000000000003,0.0016697999999999999,-0.0039987999999999994,-0.00076289999999999995,-0.00048959999999999997,0.0013868999999999999,0.00099789999999999992,-0.00053490000000000015,-0.00077690000000000007,1.1700000000000068e-05,-0.0029126999999999994,-0.0018990000000000001,0.0014885999999999999,0.00073729999999999998,-0.00080379999999999991,0.00059590000000000012,0.0010104999999999997,0.0015954999999999999,-0.0025627000000000002,0.00026989999999999989,-0.0020191999999999996,-0.00018129999999999991,-0.00080640000000000009,0.0006399,0.00076400000000000003,0.0017648,-0.0014399,-0.0010551,9.4999999999999954e-06,-0.0023871000000000001,0.0017283000000000001,-0.00014430000000000031,0.0027568999999999996,0.00096549999999999989,-0.0021692,0.0024948999999999995,-0.0008922,-0.00060629999999999983,0.0021069999999999999,-0.00061580000000000011,-0.00056490000000000012,0.0045787999999999992,0.00055989999999999968,-0.0021538,-0.00074970000000000006,-0.0028092999999999998,0.0030146999999999995,-0.0023971000000000001,-0.0010951000000000003,0.0018259999999999999,-0.00070149999999999987,-0.0011417,0.00013080000000000006,-0.0046379000000000004,0.0032096,0.0034066999999999999,-0.00074010000000000005,0.0024756999999999999,-0.00020010000000000004,-0.00069240000000000002,0.00023999999999999992,0.00067129999999999989,0.0034207,-0.0014802999999999995,-0.0022998999999999997,0.0044828999999999997,0.0005350000000000001,-0.0030308000000000002,0.0012723999999999999,0.0026006000000000002,0.0022198000000000001,-0.0021885999999999997,-0.00031150000000000004,8.9999999999994056e-07,0.00010619999999999998,2.4299999999999886e-05,-0.00069919999999999987,-0.0019765999999999998,0.00030139999999999995,-0.001273,0.0013757000000000001,0.00042470000000000008,-0.0024737000000000001,-0.00054369999999999972,-0.0017958000000000002,-0.00085499999999999997,-0.00064550000000000013,0.00084219999999999998,-0.0015006999999999998,0.0017009999999999998,0.00019140000000000004,0.00071080000000000015,-0.0014614000000000001,0.00037749999999999996,-0.0014285999999999999,-0.0010845999999999998,-0.00025969999999999997,-0.0024164,0.0013854000000000002,0.00054500000000000002,0.00016990000000000001,-0.0025503000000000001,0.00032109999999999973,-0.00074290000000000001,-0.0013236000000000001,0.00022879999999999987,0.0024317000000000002,-0.0018885,8.0100000000000158e-05,-0.00054869999999999995,-0.00016310000000000001,-0.00096649999999999991,0.00047510000000000011,-0.0010919999999999999,-0.0010552999999999999,0.0014201000000000001,0.0018606000000000002,0.0024794999999999999,-0.0038940999999999993,0.0012973999999999993,-4.6599999999999967e-05,-0.00094659999999999992,-0.0016917,0.0040447,-0.0016904999999999999,-4.1100000000000077e-05,3.8799999999999967e-05,0.00093980000000000008,0.00038099999999999994,-0.0014663,0.00040649999999999985,0.00097909999999999989,-0.0017152000000000001,0.0010944000000000001,-0.0014701,-0.0062272999999999998,0.0036581000000000001,0.0020538999999999996,-0.0021193000000000002,0.0044099999999999999,0.0024949999999999998,0.0067464999999999999,-0.0023432000000000001,-0.00075829999999999995,0.00065109999999999994,-0.0044872999999999996,0.00026799999999999995
aug_between_class_right_pair0011_child07,TLE,1,1,Augmented,0,0,0,0,0,0.30172880000000002,1.9201008000000002,1.6000000000000001e-06,-1.9999999999999999e-07,8.0000000000000007e-07,0.86308659999999993,0,0.049773200000000004,-0.1408288,0.025037,0.113066,-0.078078999999999996,0.073394000000000001,0.008631999999999999,-0.0051530000000000013,-0.034833799999999998,-0.12338199999999999,0.3294996,-0.083980399999999997,0.015023199999999997,0.090553800000000004,-0.010255400000000005,-0.018224600000000001,-0.0051970000000000002,-0.041656600000000002,0.0123756,0.032733999999999999,-0.041224999999999998,0.0015344000000000004,-0.075860399999999995,0.010029400000000001,0.039989999999999998,-0.0128892,0.0072728000000000003,0.01457,-0.036352800000000005,0.022706400000000002,-0.035138000000000003,-0.072546400000000011,0.090496199999999999,-0.037678000000000003,0.17764759999999999,-0.039767200000000003,0.011733200000000001,-0.00015940000000000008,-0.0104758,-0.0114498,0.00029400000000000042,0.042237999999999998,-0.0035905999999999998,-0.0091673999999999992,-0.025937000000000002,-0.027389400000000001,0.0077337999999999999,0.031565799999999998,0.0062560000000000011,0.018268400000000001,-0.0080656000000000009,-0.015548600000000003,0.0193686,-0.043247000000000001,0.0037807999999999991,0.016184399999999998,-0.0089838000000000001,0.044984400000000001,-0.0734316,-0.017664200000000001,-0.033894400000000005,-0.034488599999999994,0.022206799999999999,0.0020088000000000003,-0.0026556000000000001,0.0129056,-0.001762800000000001,0.0014158,-0.0069128000000000002,0.0084188000000000006,0.0020232000000000002,-0.010472799999999999,0.00095840000000000053,-0.0048288000000000029,-0.0171434,0.0072575999999999995,0.0069524000000000001,0.0025921999999999994,-0.0070248000000000003,-0.0051567999999999996,0.010545400000000002,-0.014938399999999999,-0.0034326000000000001,-0.0054273999999999998,-0.0050344000000000005,0.0084027999999999985,-0.014287999999999999,-0.0025240000000000006,0.0087071999999999983,-0.0144604,-0.010042400000000003,0.0015676000000000023,0.0059475999999999991,0.016878600000000001,0.001351800000000002,0.0042922000000000012,0.00066700000000000017,0.00034579999999999984,-0.0050562000000000003,0.0072491999999999999,-0.0037544000000000002,0.0019351999999999998,-0.001168,0.0058700000000000002,-0.0010152000000000004,-0.0024993999999999997,0.0060538000000000007,0.0059445999999999995,0.00056679999999999968,-0.0029188,0.0088680000000000009,-0.0055658000000000001,0.00080899999999999982,-0.012290200000000001,0.0109406,0.00052140000000000021,-0.0056030000000000003,0.0061262,-0.00098779999999999962,-0.0037696000000000014,0.00093719999999999914,-0.0026543999999999999,0.0081765999999999991,0.0067828000000000003,0.0014328000000000006,0.00076259999999999978,-0.0097141999999999992,-0.0051523999999999997,-0.0095829999999999995,-0.011120399999999999,0.0020854000000000003,-0.0011156,0.0053724000000000011,-0.0027358000000000005,0.0011045999999999999,-0.0031962000000000002,0.0027875999999999999,0.0019839999999999997,-0.00097199999999999977,0.0036186000000000005,-0.0068544000000000001,0.0014914000000000001,-0.0050228000000000009,-0.0033586000000000002,0.0028909999999999999,0.0037372000000000004,0.0068028000000000012,0.0019396000000000005,-0.00050279999999999986,-0.00080699999999999988,0.0016520000000000005,-0.0023706000000000001,-0.0089098000000000007,-0.0057806000000000003,0.0029437999999999999,0.0013065999999999998,0.00089080000000000008,0.00059099999999999951,-0.0052158000000000005,-0.0089356000000000001,-0.00093279999999999991,-0.0134144,0.0010462,0.0038276000000000004,0.0064625999999999998,0.0063042000000000003,-0.0095201999999999995,0.0066273999999999994,0.008739799999999999,-0.0020055999999999997,0.00030159999999999974,0.014380400000000002,-0.0091214,0.0017438000000000002,-0.0083781999999999988,0.0020261999999999993,0.0032979999999999997,-0.012005400000000001,0.009170600000000001,-0.00094299999999999994,-0.0039912000000000003,-0.00075920000000000002,-0.0014702000000000001,-0.0037334000000000004,0.00018200000000000009,0.003225,0.00059660000000000008,-0.0061696000000000008,-0.0017002,0.0045982000000000002,-0.0045161999999999997,-0.0033378000000000001,0.00086679999999999971,-0.00029919999999999995,-0.0019854,0.0026516000000000005,4.6800000000000094e-05,0.0015922000000000004,-0.0011758000000000001,-0.0022882000000000007,0.00068299999999999958,-0.0038398,-0.006399199999999999,0.0072776000000000004,0.0054510000000000001,-0.0023465999999999999,-0.00053440000000000063,0.0046441999999999994,0.0010729999999999997,0.0013622,0.00099359999999999987,-0.00042440000000000012,-0.0033927999999999996,0.0028645999999999997,0.0065155999999999999,-0.0038794000000000007,-0.0010549999999999999,-0.00087959999999999991,0.0034184000000000003,-0.0033013999999999999,-0.0049432,0.0022339999999999999,-0.0055624000000000012,-0.0010102000000000004,0.0020511999999999996,0.0032269999999999998,-0.0084618000000000002,0.0065369999999999994,-0.011596799999999997,-0.0037429999999999998,-0.0046702000000000002,0.001954,-0.00082919999999999999,-0.00020420000000000008,-0.00076139999999999975,-0.0013572,-0.0013963999999999999,-0.00054659999999999995,0.0031563999999999997,-0.00085399999999999994,-0.0016161999999999999,-0.0025431999999999998,0.0034302,-0.0018515999999999999,0.0014882000000000001,-0.0014825999999999999,-0.00073019999999999997,5.0799999999999934e-05,0.0020782000000000001,-0.0020116000000000005,0.0018506000000000002,0.00098320000000000005,0.0031308000000000004,0.00044319999999999993,-0.0040747999999999999,0.0014644,0.0011291999999999997,-0.0075589999999999997,-0.0012287999999999999,0.0026078,0.00037679999999999994,0.0047825999999999997,-0.00058140000000000004,0.00093800000000000014,-0.0035912000000000001,-0.0014247999999999997,0.0066204000000000002,0.0039204000000000001,-0.0020952000000000002,0.0070962000000000004,0.0032190000000000001,-0.0054438000000000004,0.0028981999999999996,-0.0042805999999999999,0.0015532000000000002,-0.0031705999999999995,0.002415,-0.0069516000000000005,-0.00072179999999999998,-0.0048918,0.004927,-0.0054982,-0.0037630000000000007,0.0097256000000000009,-0.0010433999999999999,0.0049237999999999999,-0.0082480000000000001,-0.00086760000000000006,-0.0019530000000000001,0.0017820000000000002,0.0011191999999999999,0.00038220000000000007,-0.0010793999999999999,0.00096419999999999969,0.00069700000000000003,0.001297,3.4400000000000077e-05,0.0013328000000000001,0.0029456,-0.0012426,0.0014915999999999998,0.0013800000000000004,0.00030179999999999991,-0.0015832000000000001,0.00024800000000000001,0.0047270000000000003,0.00057280000000000005,0.0014884000000000006,0.00049479999999999999,0.0016478,-0.00080399999999999992,-1.9799999999999939e-05,-0.0010579999999999999,0.0031467999999999999,0.0024496000000000001,-0.0013529999999999998,0.0011183999999999999,-0.0036425999999999997,-0.0024066000000000001,0.0024517999999999996,-0.0031213999999999999,-0.0021005999999999998,0.00040779999999999999,-0.0029958000000000003,-0.00037640000000000004,0.0016986000000000002,-0.00035179999999999993,0.00010099999999999996,0.0024082000000000001,0.0023506000000000004,0.0016946000000000001,-0.0028812000000000004,0.0038823999999999998,0.0016624000000000001,-0.00013979999999999982,0.0032662000000000008,0.00058339999999999976,-0.00061899999999999998,-0.0033843999999999996,0.0014821999999999999,-0.0010854,0.0032390000000000001,-0.00079239999999999996,-0.00090800000000000006,0.00049320000000000006,-0.00053299999999999984,0.0045058000000000008,-2.3199999999999913e-05,0.00095399999999999977,0.0016731999999999997,-0.0042921999999999995,-0.00084960000000000005,-0.00049939999999999989,0.0014645999999999999,0.0012106,-0.00038159999999999995,-0.00074859999999999998,-3.1200000000000054e-05,-0.0031778000000000002,-0.0020370000000000002,0.0015864,0.00079520000000000003,-0.00092320000000000011,0.00049859999999999998,0.0012660000000000002,0.001874,-0.0027128000000000005,0.00047960000000000006,-0.0022358,0.00014580000000000018,-0.0008386,0.00049259999999999994,0.00067899999999999992,0.0019632,-0.0013096,-0.00096339999999999989,2.4000000000000007e-05,-0.0027354000000000007,0.0016651999999999999,0.00024180000000000013,0.0029985999999999997,0.0010890000000000001,-0.0021948000000000002,0.0028466000000000003,-0.00094680000000000014,-0.00077020000000000029,0.0018829999999999997,-0.00068520000000000039,-0.00030360000000000001,0.0049172,0.00073460000000000018,-0.0021971999999999998,-0.00071379999999999989,-0.0033352,0.0032727999999999993,-0.0022003999999999999,-0.00073039999999999997,0.0015529999999999997,-0.00096500000000000015,-0.0012438000000000002,9.1999999999999526e-06,-0.0049885999999999993,0.0033804000000000004,0.0034478,-0.00072639999999999998,0.0025918,-0.00028339999999999995,-0.00059859999999999991,0.0005480000000000002,0.00069219999999999991,0.0035498000000000001,-0.0014851999999999999,-0.0022995999999999997,0.0047666000000000002,0.00042099999999999993,-0.0030451999999999996,0.0014526000000000001,0.0027414000000000002,0.0023671999999999999,-0.0020244,-0.00029799999999999998,0.00011960000000000003,2.5799999999999977e-05,0.00029020000000000028,-0.00065879999999999997,-0.0022504000000000001,0.00045960000000000011,-0.0010739999999999999,0.0014518000000000001,0.00030880000000000002,-0.0027278000000000003,-0.00069480000000000008,-0.0018442000000000003,-0.00098600000000000011,-0.00038199999999999996,0.00075279999999999987,-0.0014188,0.001758,8.4599999999999888e-05,0.00049319999999999985,-0.0015686000000000001,0.00053000000000000009,-0.0013863999999999999,-0.0012913999999999998,-0.00026979999999999984,-0.0025446000000000002,0.0010495999999999999,0.00060499999999999996,0.00019859999999999995,-0.0027512000000000001,0.00054139999999999993,-0.00095560000000000024,-0.0013854,0.00047920000000000016,0.0022957999999999998,-0.0019500000000000001,-9.0600000000000074e-05,-0.00059179999999999996,4.6000000000000034e-06,-0.0010319999999999999,0.00029940000000000001,-0.00085799999999999982,-0.0011612,0.0017794,0.0017464000000000002,0.0024340000000000004,-0.0040374,0.0016455999999999999,-0.00012340000000000005,-0.0011784,-0.0018887999999999999,0.0042478000000000004,-0.0018360000000000002,-0.00013040000000000013,0.0001071999999999999,0.00098919999999999998,0.00065600000000000012,-0.0014821999999999999,0.00052899999999999996,0.00079839999999999978,-0.0018448,0.0010755999999999999,-0.0015654,-0.0065932000000000004,0.0034283999999999999,0.0022585999999999995,-0.0023572000000000003,0.0048199999999999996,0.0023899999999999998,0.0070910000000000001,-0.0020217999999999998,-0.00075319999999999998,0.0010104000000000001,-0.0049531999999999996,0.00028099999999999995
aug_between_class_right_pair0011_child08,TLE,1,1,Augmented,0,0,0,0,0,0.29755989999999999,1.9095609,1.8000000000000001e-06,-9.9999999999999995e-08,9.0000000000000007e-07,0.85569929999999994,0,0.050805099999999999,-0.14102140000000002,0.025016,0.1176055,-0.082652500000000004,0.072985000000000008,0.0086020000000000003,-0.0053400000000000027,-0.033829399999999996,-0.12184299999999999,0.33061229999999997,-0.084223199999999998,0.016037600000000003,0.088794899999999996,-0.014583200000000001,-0.0179688,-0.0048529999999999997,-0.0411498,0.012976300000000001,0.034801499999999999,-0.039361,0.0014876999999999998,-0.074422199999999994,0.0114152,0.040199499999999999,-0.013185599999999999,0.0070839000000000006,0.014653000000000001,-0.038789400000000002,0.022756200000000001,-0.031699999999999999,-0.077156700000000009,0.089192099999999996,-0.038907999999999998,0.17544929999999997,-0.040743099999999997,0.012722600000000001,-5.8699999999999638e-05,-0.010710899999999999,-0.011326900000000001,0.0014850000000000002,0.043320499999999998,-0.0032667999999999998,-0.0096007000000000002,-0.025138500000000001,-0.0286772,0.0074259,0.032138399999999998,0.0053654999999999987,0.0185852,-0.0095257999999999992,-0.016275299999999999,0.018907300000000002,-0.042185,0.0020163999999999998,0.017599199999999999,-0.0095034000000000004,0.045528199999999998,-0.072494299999999998,-0.017748600000000003,-0.0341657,-0.035595299999999996,0.021083899999999999,0.0021779,-0.0030178000000000002,0.012223299999999999,-0.0020009000000000008,0.0017103999999999999,-0.0066304000000000007,0.0086969000000000005,0.0017221000000000007,-0.010896899999999999,0.0013657000000000001,-0.0062194000000000017,-0.016652699999999999,0.0076387999999999994,0.0071592000000000001,0.0019985999999999997,-0.0072649000000000004,-0.0050453999999999994,0.011413200000000002,-0.015659199999999998,-0.0029417999999999996,-0.0061627000000000001,-0.0062137000000000008,0.0093933999999999997,-0.014168,-0.0034445000000000005,0.0083990999999999996,-0.014560199999999999,-0.011422700000000001,0.0028828000000000013,0.0059692999999999994,0.016682800000000001,0.0033758999999999994,0.0050091000000000007,0.00093100000000000019,0.00025589999999999988,-0.0044191000000000005,0.0069420999999999997,-0.0039012000000000005,0.0032551000000000004,-0.00095699999999999995,0.0061580000000000003,-0.00097210000000000005,-0.0026982,0.0059364000000000005,0.0050592999999999992,0.00028939999999999999,-0.0028448999999999996,0.0086060000000000008,-0.0059018999999999999,0.00053049999999999972,-0.012577100000000001,0.010909800000000001,0.0011137,-0.0057755000000000003,0.0055636000000000001,-0.00032889999999999959,-0.0047653000000000001,0.0013166000000000011,-0.0026832000000000002,0.0073797999999999997,0.0070349000000000002,0.0021909,-0.00017070000000000019,-0.0099430999999999999,-0.0048161999999999996,-0.0088225000000000005,-0.011637699999999999,0.0025997000000000004,-0.0012802999999999998,0.0058212000000000003,-0.0027179000000000001,0.00081079999999999954,-0.0032706000000000002,0.0031453000000000002,0.0020274999999999998,-0.00060749999999999997,0.0037967999999999995,-0.0068397000000000006,0.0015872,-0.0049078999999999998,-0.0038618000000000007,0.0028310000000000002,0.0038326000000000002,0.0072864000000000019,0.0024578000000000004,-0.00079140000000000026,-0.00039449999999999999,0.0017470000000000001,-0.0023018000000000001,-0.0089993999999999994,-0.0058643000000000011,0.0028099000000000002,0.0012252999999999999,0.00099839999999999998,0.0005210000000000002,-0.0057023999999999998,-0.0092758000000000007,-0.00040940000000000009,-0.013519699999999999,0.0011006,0.0042483,0.0058098000000000004,0.0066750999999999998,-0.0093880999999999999,0.0070086999999999997,0.0086018999999999991,-0.0015673,-0.0002632,0.015681199999999999,-0.009375699999999999,0.0020324000000000002,-0.0081530999999999999,0.00094459999999999965,0.0029905000000000001,-0.012772200000000001,0.0096363000000000004,-0.0010135000000000001,-0.0039720999999999992,-0.00089809999999999998,-0.0013971000000000001,-0.0037657000000000003,0.00049149999999999997,0.0032994999999999995,0.00098329999999999989,-0.0064127999999999998,-0.0015470999999999998,0.0046356000000000001,-0.0048450999999999998,-0.0038159000000000005,0.00058940000000000002,-0.00021110000000000004,-0.0020207000000000003,0.0026897999999999996,0.00024540000000000006,0.0019306000000000002,-0.0013833999999999999,-0.0027116000000000006,0.00023349999999999998,-0.0036884000000000001,-0.0065125999999999995,0.0077187999999999996,0.0057669999999999996,-0.0028008,-0.00080119999999999996,0.0045756,0.001389,0.0015316000000000001,0.0010912999999999999,-0.00080620000000000008,-0.0032348999999999998,0.0025748000000000004,0.0063368000000000001,-0.0041847000000000004,-0.00061849999999999991,-0.0012093,0.0033706999999999999,-0.0034642000000000002,-0.0054551000000000001,0.0022365000000000002,-0.0062722000000000012,-0.0011196000000000003,0.0025240999999999996,0.0032160000000000001,-0.0081993999999999991,0.0068195000000000009,-0.011125899999999999,-0.0042325000000000002,-0.0044340999999999998,0.0018675,-0.00080310000000000006,-0.00045659999999999999,-0.00049669999999999988,-0.0013051,-0.0010226999999999999,-0.00041780000000000002,0.0032792000000000003,-0.00078299999999999995,-0.0012745999999999999,-0.0029805999999999999,0.0036381,-0.0022478000000000003,0.0015025999999999998,-0.0013743,-0.00081459999999999985,-0.00015160000000000003,0.0018400999999999999,-0.0023528000000000004,0.0017698000000000002,0.00090660000000000003,0.0031734000000000007,0.00030710000000000004,-0.0036758999999999997,0.0015081999999999999,0.00066159999999999993,-0.0079524999999999995,-0.0014494,0.0025649000000000002,0.00034540000000000005,0.0052817999999999997,-0.00052420000000000006,0.0010845000000000002,-0.0038026000000000002,-0.0010483999999999999,0.0060721999999999998,0.0046021999999999999,-0.0027796000000000006,0.0070186000000000007,0.0032989999999999998,-0.0055008999999999995,0.0029730999999999998,-0.0043948000000000008,0.0014556,-0.0024437999999999999,0.0024009999999999995,-0.0073558000000000009,-0.00081039999999999997,-0.0048393999999999998,0.005006,-0.0056956000000000003,-0.0044290000000000006,0.010382300000000001,-0.0013956999999999995,0.0050188999999999998,-0.0079489999999999995,-0.00074729999999999979,-0.0020670000000000003,0.0019255000000000001,0.0010421,0.00060160000000000009,-0.0011187,0.00083409999999999995,0.00075500000000000003,0.001209,4.619999999999993e-05,0.0013479,0.0028958,-0.0012228000000000002,0.0012918000000000001,0.0016770000000000003,0.00019889999999999996,-0.0019331000000000003,0.0002655,0.0049160000000000002,0.00047339999999999996,0.0017936999999999999,0.0004259,0.0015418999999999999,-0.00074249999999999989,0.00012260000000000005,-0.00097299999999999991,0.0034544000000000007,0.0024627999999999998,-0.0010924999999999999,0.00098820000000000006,-0.0037672999999999999,-0.0028292999999999999,0.0027808999999999993,-0.0031307000000000001,-0.0020447999999999998,0.00042740000000000009,-0.0029704000000000002,-0.00019419999999999995,0.0017662999999999997,-0.00027289999999999997,-7.5000000000000197e-06,0.0024346000000000003,0.0028572999999999997,0.0019197999999999999,-0.0033116000000000005,0.0040742,0.0013932,-3.3999999999997574e-06,0.0038871000000000005,0.00054320000000000019,-0.00068599999999999998,-0.0033357,0.0010550999999999998,-0.0011752000000000002,0.003297,-0.00034619999999999974,-0.00090700000000000004,0.00077709999999999997,-0.00059549999999999989,0.0039044000000000001,-1.9599999999999826e-05,0.00052199999999999989,0.0016765999999999999,-0.0045855999999999996,-0.00093629999999999994,-0.00050920000000000002,0.0015422999999999999,0.0014233000000000002,-0.00022829999999999997,-0.0007203,-7.4100000000000012e-05,-0.0034429,-0.0021750000000000003,0.0016842000000000001,0.00085310000000000008,-0.0010426000000000001,0.0004013,0.0015214999999999998,0.0021525000000000003,-0.0028628999999999998,0.0006893,-0.0024524,0.00047290000000000016,-0.00087079999999999992,0.00034529999999999999,0.00059400000000000002,0.0021616000000000001,-0.0011792999999999999,-0.00087169999999999999,3.8500000000000001e-05,-0.0030837,0.0016021,0.00062790000000000003,0.0032402999999999998,0.0012124999999999996,-0.0022204000000000004,0.0031982999999999994,-0.0010014000000000002,-0.00093410000000000032,0.0016589999999999999,-0.0007545999999999998,-4.2300000000000107e-05,0.0052556000000000009,0.00090930000000000004,-0.0022406000000000001,-0.00067790000000000005,-0.0038611000000000001,0.0035308999999999991,-0.0020036999999999998,-0.00036569999999999984,0.0012799999999999999,-0.0012285,-0.0013459000000000001,-0.00011240000000000002,-0.0053392999999999999,0.0035512,0.0034889000000000001,-0.00071270000000000003,0.0027079000000000001,-0.00036670000000000008,-0.00050480000000000002,0.00085600000000000021,0.00071310000000000004,0.0036789000000000006,-0.0014900999999999998,-0.0022992999999999998,0.0050502999999999998,0.0003070000000000002,-0.0030596,0.0016328,0.002882200000000001,0.0025146000000000001,-0.0018601999999999998,-0.00028449999999999992,0.00023830000000000002,-5.4600000000000026e-05,0.00055610000000000034,-0.00061839999999999985,-0.0025242000000000003,0.00061780000000000016,-0.00087499999999999991,0.0015279,0.00019289999999999997,-0.0029819,-0.0008458999999999998,-0.0018925999999999999,-0.0011169999999999999,-0.00011849999999999998,0.00066339999999999997,-0.0013369000000000002,0.0018149999999999998,-2.2199999999999998e-05,0.00027559999999999998,-0.0016758000000000001,0.00068249999999999995,-0.0013441999999999998,-0.0014981999999999994,-0.00027989999999999992,-0.0026728000000000003,0.0007138,0.0006649999999999999,0.0002273,-0.0029521,0.00076170000000000003,-0.0011683000000000002,-0.0014471999999999998,0.00072959999999999995,0.0021599000000000002,-0.0020115000000000003,-0.00026130000000000001,-0.00063490000000000009,0.00017230000000000023,-0.0010975,0.00012370000000000008,-0.00062399999999999988,-0.0012671000000000002,0.0021386999999999999,0.0016322000000000001,0.0023885,-0.0041806999999999999,0.0019937999999999996,-0.00020020000000000001,-0.0014101999999999999,-0.0020858999999999999,0.0044509000000000007,-0.0019815000000000002,-0.00021970000000000019,0.00017560000000000004,0.0010386000000000002,0.00093100000000000008,-0.0014981,0.00065149999999999995,0.00061769999999999989,-0.0019744000000000003,0.0010568000000000001,-0.0016607,-0.0069590999999999993,0.0031986999999999996,0.0024632999999999999,-0.0025950999999999999,0.0052300000000000003,0.0022849999999999997,0.0074355000000000003,-0.0017003999999999999,-0.00074809999999999992,0.0013697,-0.0054190999999999996,0.00029399999999999999
aug_between_class_right_pair0012_child01,Healthy,0,0,Augmented,0,0,0,0,0,0.31294040000000001,2.0782425999999998,0,-1.9e-06,0,1.01572,0,0.037117900000000002,-0.1380429,0.035734200000000001,0.094436599999999996,-0.077198900000000001,0.071658299999999994,-0.0056287999999999998,0.0078576999999999987,-0.026162100000000001,-0.083070400000000003,0.34359859999999998,-0.079981499999999997,-0.0093941000000000024,0.048316299999999993,0.015879100000000004,-0.0220787,-0.0047279999999999996,-0.060377500000000001,0.026082999999999999,0.034841699999999996,-0.040430999999999995,0.0057829999999999999,-0.094445200000000007,0.011233699999999999,0.049676999999999999,-0.0205153,0.011129799999999999,0.0104817,-0.037610500000000005,0.042113299999999999,-0.077603300000000014,-0.031963100000000001,0.10503560000000001,-0.023585700000000001,0.20610290000000001,-0.062922800000000001,0.0063658999999999999,-0.0019429000000000004,-0.0098565000000000007,-0.0101084,-0.00027310000000000008,0.034557299999999999,-0.0054803000000000004,-0.0072354999999999997,-0.007884699999999998,-0.018778400000000001,0.0103978,0.037420400000000006,0.020015399999999999,0.013776999999999999,-0.0106517,0.0030312,0.0208062,-0.047147600000000005,0.014931700000000001,0.0023106000000000003,-0.0015495999999999999,0.024496800000000003,-0.089702900000000002,0.00040749999999999988,-0.022367499999999998,-0.0040897999999999993,0.015250200000000002,-0.0020027000000000001,0.0007046000000000001,0.021777499999999998,0.0030144,0.0034368999999999997,-0.00054449999999999985,0.0061833999999999995,0.0087945000000000002,-0.0071134000000000006,0.0030991999999999999,0.0030544999999999999,-0.021344200000000001,0.0022959,0.0095169999999999994,0.011158600000000001,-0.0067751,-0.019209899999999999,0.0204727,-0.0163821,-0.012556399999999999,-0.013798100000000001,0.0090866000000000002,-0.00029020000000000001,-0.0104031,-0.0040911000000000003,0.0041090999999999992,-0.012503499999999999,0.023988300000000004,0.023337199999999999,0.011593600000000003,0.024369399999999999,-0.026749100000000005,0.0056246999999999998,0.0033415000000000003,-0.0019816999999999999,-0.0094222000000000004,0.0089735000000000006,-0.0098533000000000006,0.0012837000000000005,-0.0021568999999999998,0.0028687999999999999,-0.0031249999999999997,-0.0054722,0.0059735999999999999,0.0194205,0.0017668000000000002,0.00054719999999999997,0.0024166999999999991,-0.0058393999999999998,0.0025040000000000001,-0.0083902000000000004,0.0081980000000000004,-0.0022107999999999997,-0.0036677000000000003,0.0068814999999999996,-0.0030081999999999999,0.0071767999999999997,-0.0087168999999999996,-0.0080464000000000004,0.0091556999999999993,0.0062501999999999992,-0.00064879999999999972,-0.0031477000000000002,-0.0107274,-0.0036846000000000001,-0.0086377000000000016,-0.011494000000000001,-0.0056427000000000005,0.00063140000000000006,-0.0089350999999999996,0.012575900000000001,-0.0043317,-0.0012326999999999998,0.0012255000000000002,-0.0019170000000000003,0.0035100000000000001,0.0031308999999999998,-0.0047460000000000002,0.00072300000000000001,-0.0030612,0.0031178999999999998,0.00084949999999999999,0.0018760999999999997,0.0035500000000000002,0.00077070000000000003,-0.0021327999999999998,-0.0003118000000000001,-0.0036792999999999991,-0.0039158999999999999,-0.0028065,-0.0042753000000000001,0.0058779000000000001,-0.0013692000000000005,0.0017600000000000005,-0.0010799,-0.004084,-0.0058896999999999994,-0.0010059999999999999,-0.0104934,-0.00026580000000000006,0.0025434999999999998,0.013408400000000001,0.0053328999999999998,-0.0059730000000000009,0.00074350000000000013,0.0085078000000000011,-0.0015155000000000001,0.0063135999999999999,0.0044013000000000004,-0.0047569999999999999,0.0012262,-0.018980199999999999,0.002245,0.0059094000000000013,0.00026369999999999953,0.0068945999999999999,-0.0033197999999999999,-0.0020110000000000002,0.0019207,-0.0021505999999999999,-0.00080210000000000025,0.00058839999999999999,0.0048515000000000008,-0.00032819999999999995,-0.0022186000000000003,0.00079230000000000001,0.0026848000000000002,-0.001949,0.0021853000000000003,-0.0018833999999999999,0.0028097,1.7000000000000955e-06,-0.0017505999999999997,0.0012161000000000001,-0.0023326999999999996,-0.0042050999999999998,0.0038857000000000002,0.0020306,-0.0052734000000000001,-0.0039025000000000002,0.0038276999999999999,0.008384599999999999,-0.0028758000000000004,-0.0015380999999999999,0.0070354000000000007,-0.00013560000000000004,0.0023333999999999998,0.0025961000000000001,-0.0034983000000000002,0.00089689999999999952,0.0042003000000000006,0.0054127000000000003,-0.0037112999999999998,-0.0023178000000000001,0.0045722000000000002,-0.001409500000000001,-0.0050672,0.0024245,0.00086669999999999987,0.0016545000000000002,0.0047292000000000002,-0.0022215999999999998,-0.0038235000000000018,-0.0017882999999999987,0.0017386999999999999,-0.0086347000000000004,0.0015336000000000004,-0.0050767999999999994,0.0040601999999999999,-0.00081430000000000001,-0.0011489,-0.0011751999999999999,0.00014780000000000001,0.00060039999999999985,-9.8700000000000027e-05,-0.0010794000000000001,0.0016099,-0.0037091000000000003,-0.00098989999999999994,0.0057958000000000003,-0.0014486000000000002,-0.0013657999999999999,0.0014414999999999996,-0.0027873000000000004,0.0021581999999999999,0.0075500000000000003,-0.0017948999999999999,0.00059289999999999994,-0.0015498999999999997,0.0015536,0.0024029999999999998,-0.0074117000000000011,0.0014260000000000002,0.0030239999999999998,-0.0026234000000000001,-0.0016499000000000002,0.0021708000000000001,0.00031100000000000008,0.0013408999999999999,0.0034405,0.0011876999999999999,-0.0037752000000000003,0.0010675000000000001,0.0041643000000000001,-0.00072870000000000009,-0.00055570000000000001,0.0014119,0.0061679999999999999,-0.0060458000000000005,0.00051630000000000014,-0.0016738,0.0023258000000000003,-0.0059701000000000008,-1.1099999999999782e-05,-0.0046788000000000003,0.0037076000000000001,-0.0071656000000000003,0.0031640000000000001,-0.0029073000000000002,0.0074196999999999996,0.0060035999999999996,0.0029394,0.004829,-0.016412900000000001,0.0015482,-3.4799999999999979e-05,-0.00091649999999999967,-0.0010194000000000002,-0.0013720000000000004,0.00037070000000000007,-0.00013970000000000003,-0.00066799999999999976,0.0020382,-0.0022396999999999999,0.00065709999999999998,0.0019851999999999999,-0.0019773999999999998,-0.00026150000000000023,0.00022220000000000001,0.0027759,-0.00042000000000000002,-7.9699999999999959e-05,-0.0013456999999999994,-0.00069590000000000016,-0.0021103000000000003,-0.0014202000000000002,0.00014879999999999993,0.0014314999999999998,-0.00016259999999999972,-0.0016492,0.0012945000000000001,0.0019944000000000003,-0.0028822999999999995,0.0017354999999999996,-0.0029747000000000003,0.0018773999999999998,-0.0031377000000000002,-0.00073950000000000014,-0.0029188999999999994,0.00049220000000000004,-0.00089489999999999991,-0.0012384999999999996,0.0059517000000000007,-0.0039562999999999994,-5.200000000000018e-06,-0.0014393000000000001,0.0032285999999999994,-0.0027388000000000004,-0.0007293,0.0043620999999999998,0.0056695000000000001,0.00016240000000000004,-0.0023254000000000005,0.0015107999999999999,-0.0061716000000000002,-0.00059969999999999989,0.0022209999999999999,-4.8700000000000045e-05,0.0040058000000000003,0.0019491999999999999,0.0011004999999999999,0.0010273999999999999,-0.0027652000000000002,0.0057124999999999997,-0.0057217000000000014,0.00095849999999999993,0.0078015999999999988,-0.0022954,-0.0010208999999999999,0.00087579999999999993,0.00029020000000000006,0.0025107999999999997,-0.0018969999999999998,-0.0016577000000000002,-0.0004305,-0.00034480000000000003,0.00056349999999999987,0.00047320000000000001,0.00027470000000000001,0.00063619999999999996,0.0010092000000000002,0.0013912,0.00045170000000000003,-0.0023752000000000001,-0.00094759999999999994,-0.0011720000000000001,0.0018146,-0.0016432000000000003,0.00045560000000000002,0.0031353000000000002,-0.00071250000000000013,-0.0047957,-0.0019980000000000002,0.0016524999999999999,-0.0006803,0.00065949999999999993,-0.001207,0.0017878999999999998,-0.0003184000000000001,0.00091639999999999972,-0.00069170000000000017,-0.0018319999999999999,0.0017610999999999998,0.0018379,0.0010576000000000001,-0.0031882,0.0020582999999999999,-0.00083609999999999999,0.00028729999999999988,-0.00073180000000000001,-0.0011332,0.0020244,0.00074120000000000002,-0.00071830000000000006,0.00081860000000000017,0.0014526000000000001,-0.0010419000000000001,-0.00095850000000000015,0.0010986000000000001,0.00058910000000000017,0.0052408000000000003,-0.0021326000000000001,-0.0010903,0.0050680999999999999,-0.0033581000000000001,-0.0017543999999999999,0.00078149999999999986,0.0032671000000000002,0.0022469,-0.00098109999999999994,0.00070280000000000017,0.0032594000000000008,-0.0097987999999999999,0.0030728000000000005,0.00037669999999999999,-0.0012252999999999999,-0.0041099999999999999,-0.0012511999999999998,0.0010592000000000002,0.00059669999999999992,-0.0014763000000000001,0.0018908999999999998,-0.00064409999999999999,0.0017460999999999998,-0.0014104999999999999,5.4800000000000031e-05,-0.00069699999999999992,0.0015070999999999999,-0.0014608000000000004,-0.001325,0.00018239999999999999,0.0016575000000000001,0.00060789999999999998,0.00056159999999999999,-0.0011391999999999999,-0.00091979999999999991,0.0005352,-0.00044430000000000001,0.0010145,-0.0015944000000000002,0.0048235000000000005,0.0020874999999999999,-0.0037456999999999998,0.0027305999999999997,0.0018179000000000001,-0.0020841000000000002,4.0099999999999945e-05,-0.00063160000000000007,0.00035510000000000007,0.00015220000000000007,4.6000000000000007e-05,0.0016544000000000001,-0.0011440000000000001,0.0011041999999999998,-0.0012473999999999999,-0.0030749000000000002,0.00039979999999999996,0.0019962000000000005,0.00010609999999999998,0.0016377,0.0010579000000000001,0.0027631999999999995,0.00018419999999999982,-0.00057209999999999987,-0.0016889000000000001,0.0011876,0.00014880000000000004,-0.0016378,9.5800000000000052e-05,-0.00030919999999999993,0.0026898,-0.0026795,0.00089550000000000014,0.0011358,0.00040380000000000017,-0.00055190000000000003,-0.00067879999999999991,-0.0016420000000000002,0.0032129999999999997,-0.0014996,-0.0038158999999999997,0.0025907,-0.0027049000000000001,0.0020219000000000001,-0.0012691,0.00014920000000000005,0.0031197999999999998,0.00061430000000000057,0.00060750000000000018,-0.0011382,-0.0040103000000000005,0.0022924
aug_between_class_right_pair0012_child02,Healthy,0,0,Augmented,0,0,0,0,0,0.3086158,2.0537511999999998,-5.2939559203393771e-23,-1.8000000000000001e-06,0,0.99733099999999997,0,0.038355800000000002,-0.13764180000000001,0.033856400000000002,0.093635200000000002,-0.080280799999999999,0.071080599999999994,-0.0061225999999999997,0.0085363999999999995,-0.023960200000000001,-0.086792800000000003,0.34508119999999998,-0.077811000000000005,-0.015086200000000004,0.051647599999999995,0.011341200000000003,-0.022591399999999998,-0.0056670000000000002,-0.059591999999999999,0.026873999999999999,0.033024399999999995,-0.040093999999999998,0.0059900000000000005,-0.092031399999999999,0.0112374,0.049750000000000003,-0.020074599999999998,0.0120816,0.0098864,-0.038731000000000002,0.041746599999999995,-0.073442599999999997,-0.032515200000000001,0.10252220000000001,-0.025952399999999997,0.2027148,-0.061230600000000003,0.0069557999999999998,-0.0028298000000000004,-0.0097809999999999998,-0.009929799999999999,-0.00037620000000000058,0.034816600000000003,-0.0053755999999999995,-0.0078919999999999997,-0.0079763999999999998,-0.019819799999999999,0.0117456,0.036129800000000004,0.019413799999999998,0.013507999999999999,-0.011443400000000001,0.0010924000000000003,0.0202624,-0.047500199999999999,0.0130844,0.0037862,-0.0014251999999999999,0.0258286,-0.089499800000000004,-0.00062300000000000116,-0.022317999999999998,-0.0053725999999999999,0.013722400000000003,-0.0015754,0.00091220000000000016,0.021197000000000001,0.0034137999999999998,0.0034667999999999999,0.00022900000000000177,0.0064668,0.0083319999999999991,-0.0066908000000000002,0.0029213999999999998,0.0027799999999999999,-0.021090399999999999,0.0028227999999999999,0.0088249999999999995,0.0095382000000000002,-0.0065971999999999992,-0.018316800000000001,0.020479400000000002,-0.016582199999999998,-0.011402800000000001,-0.013464199999999999,0.0082302000000000018,-0.00083640000000000016,-0.0105862,-0.0042192000000000002,0.0037992,-0.012215,0.021351600000000005,0.023147399999999999,0.010644200000000001,0.024579799999999999,-0.024203200000000001,0.0054934000000000007,0.0030559999999999997,-0.0021343999999999998,-0.0091363999999999994,0.0087659999999999995,-0.0093086000000000002,0.0013004000000000002,-0.0024128000000000001,0.0032905999999999999,-0.0036099999999999999,-0.0050534000000000004,0.0064752000000000004,0.018473,0.0018925999999999999,0.00056340000000000003,0.0031893999999999994,-0.0058808000000000003,0.002715,-0.0082114000000000006,0.0091199999999999996,-0.0027456,-0.0038344,0.0063419999999999995,-0.0026803999999999999,0.0068856000000000004,-0.0080657999999999997,-0.0073127999999999995,0.008676399999999999,0.0063803999999999996,-0.0012836,-0.0036614000000000004,-0.011427799999999998,-0.0038032000000000001,-0.0087214000000000007,-0.011418000000000001,-0.0048184000000000005,0.00026080000000000016,-0.0090621999999999994,0.012018800000000001,-0.0048133999999999998,-0.0012244000000000001,0.0011589999999999999,-0.0015420000000000006,0.0036220000000000002,0.0028818000000000003,-0.0044900000000000001,0.001008,-0.0030883999999999998,0.0031088000000000001,0.0011429999999999999,0.0017181999999999998,0.0035900000000000003,0.00020140000000000012,-0.0021135999999999998,-0.00023459999999999996,-0.0037755999999999996,-0.0036388000000000002,-0.0031870000000000002,-0.0042915999999999996,0.0060168000000000001,-0.0013414000000000008,0.0018650000000000001,-0.0010437999999999999,-0.004725,-0.0058223999999999993,-0.00092000000000000003,-0.0107248,-0.00048260000000000013,0.002833,0.0134558,0.0046958,-0.0064540000000000005,0.00095500000000000012,0.0083996000000000001,-0.0011720000000000001,0.0062441999999999992,0.0050986,-0.0057299999999999999,0.0013364,-0.018304399999999998,0.0019939999999999997,0.0059218000000000005,-0.00033859999999999967,0.0069072000000000005,-0.0031146000000000004,-0.0019010000000000001,0.0018713999999999998,-0.0022761999999999999,-0.00091320000000000008,0.00075679999999999996,0.0044730000000000004,-0.00031339999999999997,-0.0024432,0.00098759999999999994,0.0022485999999999999,-0.001949,0.0018116,-0.0022228,0.0027314000000000001,0.00010040000000000006,-0.0021222000000000003,0.0012192000000000001,-0.0022184000000000001,-0.0037802000000000001,0.0035944000000000002,0.0017702000000000002,-0.0047627999999999993,-0.0042110000000000003,0.0041473999999999999,0.0077881999999999986,-0.0027276000000000002,-0.0010321999999999998,0.0068878000000000003,-0.0003392,0.0018478000000000001,0.0023701999999999998,-0.0032895999999999997,0.00070380000000000009,0.0040616000000000003,0.0059374000000000007,-0.0038836000000000001,-0.0022275999999999997,0.0038793999999999999,-0.0010350000000000012,-0.0050823999999999999,0.0032459999999999998,0.00079339999999999999,0.001518,0.0042994000000000001,-0.0023921999999999997,-0.003638000000000001,-0.0026975999999999988,0.0019193999999999999,-0.0078974000000000006,0.0013612000000000008,-0.0048896,0.0040314000000000001,-0.00089560000000000009,-0.0012828000000000002,-0.0012983999999999999,-9.3999999999999032e-06,0.00038179999999999996,-1.6400000000000026e-05,-0.00097579999999999997,0.0012797999999999998,-0.0035882000000000002,-0.0008877999999999999,0.0061656000000000002,-0.0013102000000000003,-0.0014246000000000003,0.00090300000000000016,-0.0025686000000000003,0.0019174000000000005,0.0070470000000000003,-0.0019138,0.00062980000000000002,-0.00095080000000000013,0.0013322000000000002,0.0023649999999999999,-0.0071614000000000001,0.0013340000000000001,0.0026249999999999997,-0.0029428000000000002,-0.0016237999999999999,0.0024476000000000003,0.00023100000000000009,0.0014487999999999999,0.0032760000000000007,0.0015194,-0.0035904000000000001,0.001034,0.0041196000000000002,-0.00046040000000000019,-0.00050739999999999997,0.0015587999999999999,0.0060039999999999998,-0.0056395999999999998,0.0007756000000000002,-0.0014635999999999998,0.0025655999999999999,-0.0053812,0.00041980000000000034,-0.0048155999999999997,0.0034532,-0.0072782000000000003,0.0032049999999999999,-0.0027515999999999999,0.0066703999999999991,0.0064792000000000001,0.0026438,0.0047629999999999999,-0.016446800000000001,0.0016744000000000002,-0.00011859999999999996,-0.00084199999999999987,-0.0010698000000000001,-0.0010839999999999999,0.00025640000000000005,3.0599999999999985e-05,-0.00069000000000000008,0.0018594,-0.0020674000000000005,0.00067619999999999996,0.0018684000000000001,-0.0017928,-0.00029900000000000022,0.00030140000000000001,0.0025838000000000002,-0.00059000000000000003,0.00014060000000000006,-0.00096939999999999982,-0.00054980000000000003,-0.0020046000000000005,-0.0015624000000000002,0.00020660000000000003,0.0013930000000000004,-0.00039119999999999986,-0.0013953999999999998,0.001189,0.0019528000000000002,-0.0025116000000000001,0.001521,-0.0028354000000000001,0.0016118000000000003,-0.0032924,-0.000825,-0.0027807999999999999,0.00041340000000000002,-0.00070980000000000001,-0.0010630000000000001,0.0059604000000000002,-0.0035406000000000001,5.6600000000000075e-05,-0.0013806000000000005,0.0030471999999999999,-0.0023455999999999998,-0.00075260000000000008,0.0041592,0.0053900000000000007,0.00034780000000000011,-0.0021148,0.0012576,-0.0059021999999999998,1.7600000000000319e-05,0.0024489999999999998,-0.00030739999999999999,0.0036126000000000001,0.0018894000000000003,0.00086499999999999999,0.0010728000000000001,-0.0023923999999999998,0.0054999999999999997,-0.0057034,0.00036800000000000027,0.0073942000000000001,-0.0027237999999999997,-0.00088079999999999994,0.00072459999999999994,0.0001694,0.0024855999999999997,-0.0016289999999999998,-0.0015454000000000002,-0.00041200000000000004,-0.00017260000000000002,0.00020300000000000003,0.00050140000000000004,0.00032539999999999999,0.00079440000000000001,0.00079240000000000007,0.0015074000000000001,0.00046539999999999998,-0.0024954,-0.00097819999999999982,-0.0011900000000000001,0.0018982000000000001,-0.0014344,0.00039720000000000001,0.0029936000000000003,-0.00068700000000000011,-0.0048514000000000005,-0.0019859999999999999,0.0015480000000000001,-0.00080560000000000007,0.00069399999999999996,-0.001119,0.0017497999999999999,-0.00059680000000000009,0.00080579999999999996,-0.00034840000000000023,-0.0018000000000000002,0.0015501999999999998,0.0019458000000000001,0.0011692,-0.0032224000000000003,0.0021145999999999999,-0.00087520000000000002,1.3600000000000114e-05,-0.00083460000000000001,-0.0008164,0.0018048000000000001,0.00051339999999999979,-0.0014415999999999999,0.00080320000000000001,0.0014802000000000001,-0.00092480000000000004,-0.00043200000000000015,0.00085820000000000015,0.00071920000000000003,0.0048666000000000004,-0.0023731999999999998,-0.0011056,0.0047302000000000004,-0.0031482000000000003,-0.0012427999999999999,0.0010749999999999998,0.0033042000000000002,0.0023937999999999997,-0.0014041999999999998,0.00077760000000000004,0.0032627999999999997,-0.0095915999999999987,0.0030826000000000004,0.0002643999999999997,-0.00098360000000000027,-0.0035720000000000001,-0.0010713999999999999,0.0011214,0.00038440000000000024,-0.0012735999999999999,0.0016678000000000001,-0.00068020000000000005,0.0018652000000000002,-0.001366,0.00019959999999999992,-0.00078899999999999999,0.0013802000000000003,-0.0013886000000000003,-0.0013140000000000001,0.00012380000000000008,0.0016809999999999998,0.00035780000000000002,0.00064620000000000009,-0.00079040000000000002,-0.0010486,0.00053239999999999993,-0.0004016,0.0010190000000000002,-0.0018158000000000002,0.004535,0.0020769999999999999,-0.0035364000000000003,0.0025052,0.0016018,-0.0019622000000000003,2.1200000000000298e-05,-0.00054220000000000006,0.00028220000000000008,0.00012740000000000001,-2.3000000000000017e-05,0.0016498000000000001,-0.0012300000000000002,0.00082540000000000011,-0.0011327999999999998,-0.0027308000000000002,0.0005086,0.0020174000000000004,-0.00029879999999999994,0.0015054000000000001,0.0011738,0.0025823999999999999,0.00022140000000000007,-0.0008031999999999999,-0.0015558000000000002,0.0012141999999999999,0.00027360000000000004,-0.0015636000000000001,0.00036460000000000008,-0.00067339999999999989,0.0028646000000000001,-0.0023420000000000003,0.00068200000000000021,0.0010956,0.00022060000000000005,-0.00041880000000000004,-0.00070859999999999999,-0.0014779999999999999,0.003039,-0.0014792,-0.0038817999999999999,0.0031234000000000001,-0.0026687999999999998,0.0020777999999999999,-0.0011772000000000002,9.3999999999999032e-06,0.0034296000000000001,0.00018560000000000083,0.00033500000000000023,-0.0014824,-0.0038756000000000003,0.0021898000000000004
aug_between_class_right_pair0012_child03,Healthy,0,0,Augmented,0,0,0,0,0,0.30429120000000004,2.0292597999999997,5.2939559203393771e-23,-1.7e-06,0,0.97894199999999998,4.1359030627651384e-25,0.039593700000000003,-0.13724070000000002,0.031978600000000003,0.092833799999999994,-0.083362699999999998,0.070502899999999993,-0.0066163999999999988,0.0092150999999999986,-0.021758300000000001,-0.090515200000000004,0.34656379999999998,-0.075640499999999999,-0.020778300000000003,0.054978900000000004,0.0068033000000000017,-0.023104099999999999,-0.006605999999999999,-0.058806500000000005,0.027664999999999999,0.031207099999999998,-0.039757000000000001,0.0061969999999999994,-0.089617599999999992,0.0112411,0.049822999999999999,-0.019633899999999999,0.013033400000000001,0.0092911000000000001,-0.039851500000000005,0.041379899999999997,-0.069281900000000007,-0.033067300000000001,0.10000880000000001,-0.0283191,0.1993267,-0.059538400000000005,0.0075456999999999998,-0.0037166999999999999,-0.0097054999999999989,-0.0097511999999999998,-0.00047929999999999978,0.0350759,-0.0052709000000000002,-0.0085485000000000005,-0.0080681000000000017,-0.0208612,0.0130934,0.034839200000000001,0.018812200000000001,0.013238999999999999,-0.0122351,-0.00084640000000000041,0.019718599999999999,-0.047852800000000001,0.0112371,0.0052618000000000005,-0.0013008,0.027160400000000001,-0.089296699999999993,-0.0016535000000000005,-0.0222685,-0.0066554000000000023,0.012194600000000002,-0.0011480999999999998,0.0011198000000000002,0.020616499999999999,0.0038132000000000001,0.0034967000000000002,0.0010024999999999982,0.0067501999999999996,0.0078694999999999998,-0.0062681999999999998,0.0027436000000000001,0.0025055000000000003,-0.0208366,0.0033496999999999997,0.0081329999999999996,0.0079177999999999991,-0.0064193000000000002,-0.0174237,0.0204861,-0.0167823,-0.0102492,-0.013130300000000001,0.0073737999999999998,-0.0013825999999999995,-0.010769299999999999,-0.0043473000000000001,0.0034892999999999999,-0.0119265,0.0187149,0.022957600000000002,0.0096947999999999999,0.024790199999999998,-0.021657299999999997,0.0053620999999999999,0.0027704999999999995,-0.0022870999999999998,-0.0088506000000000001,0.0085585000000000001,-0.0087638999999999998,0.0013170999999999999,-0.0026687,0.0037124000000000002,-0.0040949999999999997,-0.0046346,0.0069768,0.017525499999999999,0.0020184000000000001,0.00057959999999999999,0.0039621000000000005,-0.0059221999999999999,0.0029259999999999998,-0.0080326000000000009,0.010042000000000001,-0.0032803999999999997,-0.0040011000000000005,0.0058025000000000004,-0.0023525999999999998,0.0065943999999999994,-0.0074146999999999998,-0.0065791999999999995,0.0081970999999999988,0.0065106000000000001,-0.0019184,-0.0041751000000000002,-0.0121282,-0.0039218000000000005,-0.0088051000000000015,-0.011342,-0.0039941000000000004,-0.0001097999999999998,-0.0091892999999999992,0.011461699999999998,-0.0052950999999999996,-0.0012160999999999999,0.0010924999999999999,-0.0011670000000000001,0.0037339999999999999,0.0026327,-0.0042339999999999999,0.0012930000000000001,-0.0031155999999999996,0.0030996999999999999,0.0014365000000000001,0.0015602999999999997,0.0036300000000000004,-0.00036789999999999978,-0.0020943999999999997,-0.00015740000000000025,-0.0038718999999999993,-0.0033616999999999996,-0.0035674999999999999,-0.0043078999999999999,0.0061557000000000001,-0.0013136000000000003,0.00197,-0.0010077,-0.0053659999999999992,-0.0057551,-0.00083400000000000032,-0.010956199999999999,-0.0006994000000000002,0.0031224999999999998,0.0135032,0.0040587000000000002,-0.0069350000000000002,0.0011665000000000002,0.0082914000000000009,-0.00082850000000000003,0.0061747999999999994,0.0057958999999999997,-0.0067030000000000006,0.0014465999999999999,-0.017628600000000001,0.0017429999999999998,0.0059342000000000006,-0.00094090000000000059,0.0069198000000000003,-0.0029093999999999995,-0.0017910000000000001,0.0018220999999999999,-0.0024017999999999999,-0.0010243000000000001,0.00092519999999999994,0.0040945,-0.00029860000000000005,-0.0026678000000000001,0.0011829,0.0018124,-0.001949,0.0014378999999999998,-0.0025621999999999997,0.0026530999999999998,0.0001990999999999998,-0.0024937999999999996,0.0012222999999999999,-0.0021040999999999998,-0.0033552999999999994,0.0033031000000000002,0.0015097999999999999,-0.0042522000000000003,-0.0045195000000000001,0.0044670999999999999,0.0071917999999999991,-0.0025793999999999999,-0.00052629999999999973,0.0067402,-0.00054280000000000007,0.0013622,0.0021443,-0.0030808999999999997,0.00051069999999999978,0.0039229,0.0064621000000000001,-0.0040558999999999994,-0.0021373999999999998,0.0031865999999999995,-0.0006605000000000005,-0.0050975999999999999,0.0040674999999999999,0.00072009999999999999,0.0013814999999999999,0.0038695999999999999,-0.0025627999999999996,-0.0034525000000000003,-0.0036068999999999997,0.0021001000000000001,-0.0071601,0.0011887999999999994,-0.0047023999999999998,0.0040025999999999994,-0.00097690000000000016,-0.0014166999999999999,-0.0014216000000000001,-0.00016660000000000004,0.00016319999999999998,6.5899999999999989e-05,-0.00087220000000000006,0.00094969999999999983,-0.0034673000000000004,-0.00078569999999999985,0.0065354000000000002,-0.0011718,-0.0014834000000000002,0.00036449999999999981,-0.0023499000000000003,0.0016766000000000001,0.0065439999999999995,-0.0020327000000000001,0.00066669999999999989,-0.0003516999999999996,0.0011108000000000001,0.0023270000000000001,-0.0069110999999999999,0.001242,0.0022259999999999997,-0.0032622000000000003,-0.0015976999999999996,0.0027244000000000001,0.00015100000000000009,0.0015567000000000001,0.0031115000000000001,0.0018510999999999998,-0.0034055999999999999,0.0010004999999999999,0.0040749000000000002,-0.00019210000000000001,-0.00045909999999999994,0.0017057000000000001,0.0058399999999999997,-0.0052334,0.0010349000000000001,-0.0012534,0.0028054,-0.0047923000000000002,0.00085070000000000024,-0.0049523999999999992,0.0031987999999999995,-0.0073907999999999995,0.0032459999999999998,-0.0025959000000000004,0.0059210999999999995,0.0069547999999999997,0.0023481999999999995,0.0046969999999999998,-0.016480700000000001,0.0018006000000000001,-0.00020240000000000004,-0.00076749999999999963,-0.0011202,-0.00079599999999999983,0.00014210000000000009,0.00020089999999999984,-0.00071199999999999996,0.0016806,-0.0018951,0.00069530000000000004,0.0017516000000000001,-0.0016081999999999997,-0.00033649999999999999,0.00038059999999999998,0.0023917000000000005,-0.00076000000000000004,0.00036090000000000004,-0.00059309999999999983,-0.00040369999999999995,-0.0018989,-0.0017046000000000001,0.00026440000000000003,0.0013544999999999996,-0.0006198,-0.0011416,0.0010835,0.0019112000000000001,-0.0021408999999999998,0.0013064999999999997,-0.0026960999999999999,0.0013461999999999994,-0.0034470999999999994,-0.00091050000000000007,-0.0026426999999999996,0.00033459999999999995,-0.00052469999999999991,-0.00088749999999999983,0.0059690999999999998,-0.0031248999999999999,0.00011840000000000006,-0.0013219,0.0028657999999999999,-0.0019524000000000002,-0.00077589999999999994,0.0039562999999999994,0.0051105000000000005,0.00053319999999999995,-0.0019042,0.0010044000000000001,-0.0056328000000000003,0.00063490000000000031,0.0026769999999999997,-0.00056610000000000026,0.0032193999999999999,0.0018296000000000002,0.00062949999999999974,0.0011182,-0.0020195999999999999,0.0052874999999999997,-0.0056851000000000002,-0.00022249999999999961,0.0069867999999999996,-0.0031522,-0.00074069999999999995,0.00057339999999999995,4.8600000000000097e-05,0.0024603999999999997,-0.0013609999999999998,-0.0014331000000000001,-0.00039350000000000002,-4.0000000000000972e-07,-0.00015750000000000014,0.00052959999999999997,0.00037609999999999998,0.00095259999999999984,0.00057560000000000011,0.0016236,0.00047910000000000004,-0.0026156,-0.0010087999999999998,-0.0012080000000000001,0.0019817999999999997,-0.0012255999999999999,0.0003388,0.0028518999999999997,-0.00066149999999999998,-0.0049070999999999993,-0.0019740000000000001,0.0014434999999999999,-0.00093090000000000002,0.00072849999999999998,-0.0010309999999999998,0.0017117,-0.00087520000000000002,0.00069519999999999977,-5.0999999999999613e-06,-0.0017679999999999998,0.0013392999999999996,0.0020536999999999999,0.0012808000000000001,-0.0032566000000000001,0.0021708999999999999,-0.00091429999999999994,-0.00026010000000000009,-0.00093740000000000002,-0.00049959999999999978,0.0015851999999999999,0.00028559999999999957,-0.0021649,0.00078779999999999996,0.0015078000000000001,-0.00080770000000000006,9.4499999999999803e-05,0.00061779999999999995,0.0008493000000000001,0.0044923999999999997,-0.0026137999999999999,-0.0011209,0.0043923,-0.0029383,-0.00073119999999999988,0.0013684999999999999,0.0033413000000000002,0.0025406999999999999,-0.0018273,0.00085240000000000012,0.0032661999999999995,-0.0093843999999999993,0.0030923999999999999,0.00015209999999999963,-0.0007419000000000002,-0.0030339999999999994,-0.00089159999999999999,0.0011835999999999997,0.0001720999999999999,-0.0010708999999999998,0.0014446999999999997,-0.00071630000000000001,0.0019843,-0.0013215,0.00034440000000000008,-0.00088099999999999995,0.0012532999999999997,-0.0013164000000000001,-0.0013029999999999999,6.5199999999999959e-05,0.0017044999999999999,0.00010770000000000002,0.00073079999999999998,-0.00044159999999999989,-0.0011773999999999999,0.00052959999999999997,-0.0003589,0.0010234999999999999,-0.0020371999999999999,0.0042465000000000003,0.0020664999999999998,-0.0033270999999999999,0.0022797999999999998,0.0013856999999999999,-0.0018403,2.3000000000000017e-06,-0.0004528,0.00020930000000000005,0.00010260000000000005,-9.1999999999999959e-05,0.0016452000000000001,-0.0013159999999999999,0.00054660000000000017,-0.0010181999999999999,-0.0023867000000000003,0.00061739999999999994,0.0020386000000000002,-0.00070370000000000003,0.0013730999999999999,0.0012896999999999997,0.0024015999999999994,0.00025860000000000011,-0.0010343000000000001,-0.0014226999999999998,0.0012408,0.00039839999999999993,-0.0014894000000000001,0.00063340000000000011,-0.0010375999999999999,0.0030393999999999998,-0.0020044999999999998,0.00046850000000000017,0.0010554,3.7399999999999933e-05,-0.00028569999999999995,-0.00073839999999999995,-0.0013139999999999998,0.0028649999999999995,-0.0014588000000000001,-0.0039477000000000002,0.0036560999999999998,-0.0026327,0.0021336999999999997,-0.0010853,-0.00013039999999999981,0.0037393999999999999,-0.00024309999999999957,6.2500000000000028e-05,-0.0018265999999999998,-0.0037409000000000001,0.0020872
aug_between_class_right_pair0012_child04,Healthy,0,0,Augmented,0,0,0,0,0,0.29996660000000003,2.0047684000000001,0,-1.5999999999999999e-06,0,0.96055299999999999,0,0.040831600000000003,-0.13683960000000001,0.0301008,0.0920324,-0.08644460000000001,0.069925199999999993,-0.0071101999999999997,0.0098937999999999995,-0.019556400000000002,-0.094237600000000005,0.34804639999999998,-0.073470000000000008,-0.026470400000000009,0.058310200000000006,0.0022654000000000016,-0.0236168,-0.0075449999999999996,-0.058021000000000003,0.028456000000000002,0.029389799999999997,-0.039419999999999997,0.006404,-0.087203799999999998,0.011244799999999999,0.049896000000000003,-0.019193200000000001,0.013985200000000001,0.0086958000000000001,-0.040972000000000001,0.0410132,-0.065121200000000004,-0.033619400000000001,0.09749540000000001,-0.030685799999999999,0.19593859999999999,-0.0578462,0.0081355999999999998,-0.0046036000000000011,-0.0096299999999999997,-0.0095726000000000006,-0.00058240000000000028,0.035335200000000004,-0.0051662000000000001,-0.0092049999999999996,-0.0081598,-0.021902600000000001,0.0144412,0.033548600000000005,0.0182106,0.012969999999999999,-0.013026800000000002,-0.0027851999999999998,0.019174799999999999,-0.048205400000000002,0.0093897999999999985,0.006737400000000001,-0.0011764,0.028492200000000002,-0.089093599999999995,-0.0026840000000000006,-0.022218999999999999,-0.0079381999999999994,0.010666800000000001,-0.00072079999999999974,0.0013274000000000001,0.020035999999999998,0.0042126000000000004,0.0035265999999999995,0.0017760000000000015,0.0070336000000000001,0.0074069999999999995,-0.0058456000000000003,0.0025658,0.0022310000000000003,-0.020582799999999998,0.0038766,0.0074409999999999997,0.0062973999999999999,-0.0062413999999999994,-0.016530599999999999,0.020492800000000002,-0.016982399999999998,-0.0090955999999999988,-0.012796400000000003,0.0065174000000000013,-0.0019288000000000005,-0.010952399999999999,-0.0044754000000000009,0.0031793999999999998,-0.011637999999999999,0.016078200000000001,0.022767799999999998,0.0087454000000000004,0.025000600000000001,-0.019111400000000001,0.0052307999999999999,0.0024849999999999998,-0.0024397999999999998,-0.0085648000000000009,0.0083510000000000008,-0.0082191999999999994,0.0013338000000000004,-0.0029246000000000003,0.0041342000000000002,-0.0045799999999999999,-0.0042158000000000004,0.0074784000000000005,0.016577999999999999,0.0021442000000000002,0.00059580000000000006,0.0047348000000000008,-0.0059636000000000003,0.003137,-0.0078538000000000011,0.010964,-0.0038151999999999999,-0.0041678000000000002,0.0052630000000000003,-0.0020247999999999998,0.0063032000000000001,-0.0067635999999999998,-0.0058455999999999994,0.0077177999999999995,0.0066407999999999997,-0.0025532000000000003,-0.0046888000000000008,-0.012828599999999999,-0.0040404000000000004,-0.0088888000000000005,-0.011266,-0.0031698000000000004,-0.00048039999999999975,-0.009316399999999999,0.0109046,-0.0057768000000000003,-0.0012078,0.001026,-0.00079200000000000006,0.003846,0.0023836,-0.0039780000000000006,0.0015780000000000002,-0.0031427999999999998,0.0030905999999999998,0.0017300000000000002,0.0014023999999999998,0.0036700000000000005,-0.00093720000000000001,-0.0020751999999999997,-8.0200000000000106e-05,-0.0039681999999999999,-0.0030845999999999998,-0.0039480000000000001,-0.0043242000000000003,0.0062946,-0.0012858000000000006,0.0020749999999999996,-0.00097159999999999998,-0.0060070000000000002,-0.0056877999999999998,-0.00074800000000000018,-0.011187600000000001,-0.00091620000000000026,0.0034120000000000001,0.013550599999999999,0.0034215999999999995,-0.0074160000000000007,0.0013780000000000001,0.0081831999999999998,-0.00048499999999999975,0.0061053999999999995,0.0064932000000000002,-0.0076760000000000005,0.0015568000000000001,-0.016952800000000001,0.0014919999999999998,0.0059466000000000007,-0.0015432000000000002,0.0069324,-0.0027041999999999999,-0.001681,0.0017728000000000002,-0.0025274,-0.0011354,0.0010936000000000001,0.0037160000000000001,-0.00028379999999999996,-0.0028923999999999998,0.0013782,0.0013761999999999999,-0.001949,0.0010641999999999997,-0.0029015999999999994,0.0025747999999999999,0.00029779999999999997,-0.0028653999999999997,0.0012254,-0.0019897999999999999,-0.0029303999999999997,0.0030118000000000002,0.0012493999999999999,-0.0037415999999999999,-0.0048279999999999998,0.0047867999999999999,0.0065953999999999995,-0.0024312000000000001,-2.0399999999999628e-05,0.0065926000000000005,-0.00074640000000000014,0.00087659999999999984,0.0019184,-0.0028722000000000001,0.00031759999999999948,0.0037841999999999997,0.0069868000000000005,-0.0042281999999999997,-0.0020471999999999999,0.0024938,-0.00028600000000000023,-0.0051128000000000007,0.0048890000000000001,0.00064679999999999989,0.001245,0.0034398000000000002,-0.0027334,-0.0032669999999999995,-0.0045161999999999997,0.0022807999999999999,-0.0064228000000000002,0.0010163999999999998,-0.0045151999999999996,0.0039737999999999996,-0.0010582,-0.0015506000000000001,-0.0015448,-0.00032379999999999996,-5.5400000000000046e-05,0.00014819999999999997,-0.00076860000000000003,0.00061959999999999977,-0.0033464000000000002,-0.00068359999999999992,0.0069052000000000002,-0.0010334000000000001,-0.0015422000000000001,-0.00017400000000000033,-0.0021312000000000002,0.0014358000000000003,0.0060409999999999995,-0.0021516,0.00070359999999999997,0.00024740000000000038,0.00088940000000000004,0.0022890000000000002,-0.0066608000000000006,0.00115,0.0018269999999999996,-0.0035816000000000003,-0.0015715999999999998,0.0030012000000000003,7.0999999999999991e-05,0.0016645999999999996,0.0029470000000000004,0.0021827999999999999,-0.0032208000000000002,0.00096699999999999998,0.0040302000000000003,7.6199999999999846e-05,-0.00041080000000000001,0.0018525999999999998,0.0056759999999999996,-0.0048272000000000002,0.0012942000000000001,-0.0010432,0.0030452000000000001,-0.0042033999999999995,0.0012816000000000004,-0.0050892000000000003,0.0029443999999999998,-0.0075034000000000003,0.003287,-0.0024402,0.005171799999999999,0.0074304000000000002,0.0020525999999999999,0.0046309999999999997,-0.016514600000000001,0.0019268000000000002,-0.00028620000000000002,-0.00069299999999999982,-0.0011706000000000004,-0.00050799999999999999,2.7800000000000079e-05,0.00037120000000000002,-0.00073399999999999984,0.0015018,-0.0017228,0.00071440000000000002,0.0016348000000000001,-0.0014235999999999997,-0.0003740000000000002,0.00045980000000000001,0.0021996000000000003,-0.00093000000000000005,0.00058120000000000014,-0.00021679999999999985,-0.00025760000000000003,-0.0017932,-0.0018468000000000004,0.00032220000000000003,0.0013160000000000001,-0.00084840000000000002,-0.00088779999999999979,0.00097799999999999992,0.0018695999999999999,-0.0017702,0.0010920000000000001,-0.0025568000000000001,0.0010805999999999999,-0.0036018000000000001,-0.00099599999999999992,-0.0025046000000000001,0.00025579999999999993,-0.00033959999999999996,-0.00071199999999999974,0.0059778000000000001,-0.0027092000000000001,0.00018019999999999993,-0.0012631999999999999,0.0026843999999999995,-0.0015592,-0.00079919999999999991,0.0037533999999999996,0.0048310000000000002,0.00071860000000000023,-0.0016936,0.00075119999999999983,-0.0053633999999999999,0.0012522000000000006,0.002905,-0.00082480000000000021,0.0028262000000000001,0.0017698000000000002,0.00039400000000000004,0.0011635999999999999,-0.0016467999999999999,0.0050749999999999997,-0.0056668000000000005,-0.00081299999999999949,0.0065793999999999991,-0.0035806000000000002,-0.00060059999999999996,0.00042219999999999991,-7.2199999999999912e-05,0.0024351999999999998,-0.0010929999999999998,-0.0013208,-0.00037500000000000001,0.00017180000000000006,-0.00051800000000000001,0.00055780000000000001,0.00042679999999999997,0.0011108000000000001,0.00035880000000000005,0.0017398000000000001,0.00049280000000000005,-0.0027358,-0.0010394,-0.0012260000000000001,0.0020654000000000002,-0.0010168,0.00028039999999999999,0.0027101999999999998,-0.00063600000000000006,-0.0049627999999999999,-0.0019620000000000002,0.0013390000000000001,-0.0010562,0.00076300000000000001,-0.00094299999999999983,0.0016735999999999999,-0.0011536000000000003,0.00058460000000000001,0.00033820000000000009,-0.0017360000000000001,0.0011283999999999999,0.0021616000000000001,0.0013924,-0.0032908,0.0022271999999999999,-0.00095340000000000008,-0.00053379999999999986,-0.0010402,-0.00018279999999999984,0.0013655999999999998,5.7799999999999995e-05,-0.0028882000000000001,0.00077240000000000002,0.0015354000000000001,-0.00069059999999999998,0.00062099999999999981,0.00037739999999999996,0.00097940000000000006,0.0041181999999999998,-0.0028544,-0.0011362,0.0040543999999999997,-0.0027284000000000002,-0.00021959999999999975,0.0016619999999999998,0.0033783999999999997,0.0026876000000000001,-0.0022504000000000001,0.00092719999999999999,0.0032696000000000001,-0.0091771999999999999,0.0031022000000000003,3.9799999999999992e-05,-0.00050020000000000012,-0.002496,-0.00071179999999999985,0.0012458,-4.0200000000000001e-05,-0.00086819999999999974,0.0012216,-0.00075240000000000007,0.0021034000000000001,-0.0012770000000000001,0.00048919999999999996,-0.00097300000000000002,0.0011264000000000001,-0.0012442,-0.001292,6.5999999999999436e-06,0.0017279999999999995,-0.0001424000000000001,0.00081539999999999998,-9.279999999999987e-05,-0.0013062,0.00052680000000000001,-0.00031619999999999999,0.0010279999999999998,-0.0022585999999999999,0.0039579999999999997,0.0020560000000000001,-0.0031178,0.0020543999999999996,0.0011696,-0.0017183999999999999,-1.6599999999999861e-05,-0.00036339999999999994,0.00013640000000000001,7.7800000000000048e-05,-0.00016099999999999996,0.0016406000000000001,-0.001402,0.0002678,-0.00090359999999999974,-0.0020426000000000003,0.0007262000000000002,0.0020598000000000001,-0.0011086,0.0012408,0.0014055999999999999,0.0022208000000000002,0.00029580000000000003,-0.0012653999999999999,-0.0012895999999999999,0.0012673999999999999,0.00052320000000000003,-0.0014152000000000001,0.00090220000000000003,-0.0014017999999999999,0.0032142000000000004,-0.0016670000000000001,0.00025500000000000013,0.0010152,-0.00014579999999999997,-0.00015260000000000002,-0.00076819999999999992,-0.00115,0.0026909999999999998,-0.0014384000000000001,-0.0040136,0.0041887999999999995,-0.0025966000000000001,0.0021895999999999999,-0.00099340000000000019,-0.00027020000000000017,0.0040492000000000002,-0.00067179999999999974,-0.00020999999999999995,-0.0021708000000000001,-0.0036061999999999999,0.0019846
aug_between_class_right_pair0012_child05,TLE,1,1,Augmented,0,0,0,0,0,0.2913174,1.9557856,0,-1.4000000000000001e-06,0,0.9237749999999999,0,0.043307400000000003,-0.1360374,0.026345199999999999,0.090429599999999999,-0.092608400000000007,0.068769800000000006,-0.0080977999999999987,0.011251199999999999,-0.0151526,-0.10168239999999999,0.35101159999999998,-0.069128999999999996,-0.037854600000000002,0.064972799999999997,-0.0068103999999999968,-0.0246422,-0.0094229999999999991,-0.05645,0.030038000000000002,0.025755199999999999,-0.038746000000000003,0.0068179999999999994,-0.082376199999999997,0.0112522,0.050041999999999996,-0.0183118,0.015888800000000002,0.0075052000000000001,-0.043213000000000001,0.040279799999999998,-0.056799799999999998,-0.0347236,0.092468600000000012,-0.035419199999999998,0.18916240000000001,-0.054461800000000005,0.0093153999999999997,-0.0063774000000000001,-0.0094789999999999996,-0.0092154000000000003,-0.00078859999999999998,0.035853799999999998,-0.0049568000000000008,-0.010518,-0.008343200000000002,-0.023985399999999997,0.017136800000000001,0.030967400000000003,0.017007399999999999,0.012431999999999999,-0.0146102,-0.0066628,0.018087200000000001,-0.048910599999999999,0.005695200000000001,0.0096886000000000003,-0.0009276,0.031155800000000001,-0.0886874,-0.0047449999999999992,-0.022120000000000001,-0.010503800000000001,0.0076112000000000003,0.00013379999999999986,0.0017426000000000004,0.018874999999999999,0.0050114000000000001,0.0035864,0.0033229999999999996,0.0076004000000000002,0.0064819999999999999,-0.0050004000000000003,0.0022101999999999998,0.0016820000000000003,-0.020075200000000001,0.0049303999999999997,0.0060569999999999999,0.0030566,-0.0058855999999999995,-0.0147444,0.020506199999999999,-0.017382600000000002,-0.0067884000000000009,-0.0121286,0.0048046000000000009,-0.0030211999999999999,-0.0113186,-0.0047316000000000007,0.0025595999999999995,-0.011061,0.010804800000000003,0.0223882,0.0068466000000000004,0.0254214,-0.0140196,0.0049681999999999999,0.0019139999999999999,-0.0027451999999999997,-0.0079932000000000007,0.0079360000000000003,-0.0071298000000000004,0.0013672000000000007,-0.0034363999999999996,0.0049778000000000001,-0.0055499999999999994,-0.0033782000000000005,0.0084816000000000006,0.014683,0.0023958,0.00062819999999999998,0.0062801999999999997,-0.0060463999999999995,0.0035590000000000001,-0.0074961999999999997,0.012808,-0.0048847999999999999,-0.0045012000000000003,0.0041840000000000002,-0.0013691999999999999,0.0057207999999999998,-0.0054613999999999999,-0.0043784000000000002,0.0067591999999999999,0.0069011999999999997,-0.0038227999999999995,-0.0057162000000000003,-0.0142294,-0.0042776000000000003,-0.0090562000000000004,-0.011114000000000001,-0.0015212000000000003,-0.0012215999999999998,-0.0095705999999999986,0.0097904000000000012,-0.0067401999999999991,-0.0011911999999999999,0.00089299999999999991,-4.200000000000033e-05,0.0040700000000000007,0.0018854,-0.0034660000000000003,0.0021480000000000002,-0.0031971999999999999,0.0030724000000000003,0.0023169999999999996,0.0010865999999999998,0.0037500000000000003,-0.0020757999999999996,-0.0020368000000000001,7.4199999999999744e-05,-0.0041607999999999992,-0.0025303999999999999,-0.0047090000000000005,-0.0043568000000000001,0.0065723999999999999,-0.0012302000000000003,0.0022850000000000001,-0.00089940000000000029,-0.0072890000000000003,-0.0055531999999999995,-0.00057600000000000012,-0.0116504,-0.0013498000000000004,0.0039909999999999998,0.013645399999999999,0.0021473999999999998,-0.008378,0.0018010000000000001,0.0079667999999999996,0.00020199999999999992,0.0059665999999999999,0.0078878000000000004,-0.0096220000000000003,0.0017772,-0.015601199999999999,0.00098999999999999999,0.0059714000000000008,-0.0027477999999999999,0.0069576000000000004,-0.0022937999999999999,-0.0014610000000000001,0.0016741999999999998,-0.0027786,-0.0013576,0.0014303999999999999,0.0029589999999999998,-0.0002542,-0.0033416000000000001,0.0017688000000000001,0.00050379999999999999,-0.001949,0.0003168,-0.0035803999999999996,0.0024182000000000001,0.00049519999999999989,-0.0036085999999999996,0.0012316,-0.0017612000000000001,-0.0020805999999999997,0.0024292000000000003,0.00072860000000000025,-0.0027204,-0.0054450000000000002,0.0054261999999999999,0.0054026000000000005,-0.0021348000000000001,0.00099139999999999992,0.0062973999999999999,-0.0011535999999999999,-9.4599999999999806e-05,0.0014666,-0.0024548,-6.8599999999999824e-05,0.0035068,0.0080362000000000003,-0.0045728000000000001,-0.0018668000000000001,0.0011081999999999999,0.00046299999999999987,-0.0051432000000000005,0.0065319999999999996,0.00050019999999999991,0.0009720000000000001,0.0025802000000000004,-0.0030746000000000002,-0.0028959999999999997,-0.0063347999999999998,0.0026421999999999999,-0.0049481999999999998,0.0006716000000000005,-0.0041408,0.0039161999999999999,-0.0012208,-0.0018184,-0.0017912000000000002,-0.0006381999999999999,-0.00049259999999999994,0.00031279999999999996,-0.00056140000000000009,-4.0600000000000011e-05,-0.0031045999999999999,-0.00047940000000000005,0.0076447999999999985,-0.00075660000000000018,-0.0016597999999999999,-0.0012509999999999997,-0.0016937999999999999,0.00095420000000000021,0.0050350000000000004,-0.0023893999999999999,0.00077739999999999992,0.0014456,0.00044660000000000012,0.0022130000000000001,-0.0061602000000000002,0.00096600000000000006,0.0010289999999999997,-0.0042204,-0.0015193999999999997,0.0035548000000000003,-8.8999999999999886e-05,0.0018804,0.0026180000000000001,0.0028461999999999997,-0.0028511999999999999,0.00089999999999999998,0.0039408000000000004,0.00061279999999999982,-0.00031419999999999994,0.0021463999999999997,0.0053480000000000003,-0.0040148000000000007,0.0018128000000000003,-0.00062279999999999996,0.0035247999999999998,-0.0030256000000000003,0.0021434000000000002,-0.0053628,0.0024356,-0.0077286000000000004,0.0033689999999999996,-0.0021288000000000001,0.0036731999999999997,0.0083815999999999995,0.0014614000000000001,0.0044990000000000004,-0.016582400000000001,0.0021792000000000001,-0.00045379999999999997,-0.00054399999999999989,-0.0012713999999999998,6.7999999999999918e-05,-0.00020079999999999984,0.00071180000000000006,-0.00077800000000000005,0.0011442000000000002,-0.0013782000000000002,0.00075259999999999997,0.0014012,-0.0010544,-0.0004490000000000004,0.00061819999999999996,0.0018154000000000002,-0.0012699999999999999,0.0010218,0.00053580000000000012,3.4599999999999919e-05,-0.0015818000000000004,-0.0021312000000000002,0.00043780000000000002,0.0012389999999999999,-0.0013056000000000001,-0.00038020000000000003,0.000767,0.0017864000000000001,-0.0010288000000000001,0.00066299999999999996,-0.0022782000000000002,0.0005493999999999998,-0.0039112000000000001,-0.0011670000000000001,-0.0022284000000000002,9.8200000000000002e-05,3.0599999999999931e-05,-0.00036099999999999999,0.0059952,-0.0018777999999999998,0.00030380000000000001,-0.0011458000000000002,0.0023215999999999996,-0.00077280000000000003,-0.00084579999999999985,0.0033476000000000001,0.0042719999999999998,0.0010894000000000001,-0.0012723999999999999,0.00024479999999999988,-0.0048246000000000001,0.0024868000000000004,0.0033609999999999998,-0.0013422,0.0020397999999999996,0.0016502000000000001,-7.6999999999999974e-05,0.0012543999999999999,-0.0009012,0.0046499999999999996,-0.0056302000000000001,-0.0019940000000000001,0.0057645999999999999,-0.0044374000000000002,-0.00032040000000000004,0.00011980000000000004,-0.00031379999999999993,0.0023847999999999999,-0.00055699999999999988,-0.0010962000000000001,-0.00033800000000000003,0.00051619999999999986,-0.0012389999999999999,0.00061419999999999997,0.00052819999999999994,0.0014272,-7.4799999999999948e-05,0.0019721999999999999,0.00052019999999999996,-0.0029762,-0.0011006,-0.0012619999999999999,0.0022325999999999999,-0.00059920000000000004,0.00016359999999999997,0.0024268000000000002,-0.00058500000000000002,-0.0050742000000000001,-0.0019380000000000001,0.0011300000000000001,-0.0013067999999999999,0.00083200000000000006,-0.000767,0.0015974000000000001,-0.0017103999999999999,0.00036340000000000005,0.0010247999999999998,-0.0016719999999999999,0.00070659999999999994,0.0023774,0.0016156,-0.0033592000000000001,0.0023398,-0.0010315999999999999,-0.0010812,-0.0012458,0.00045080000000000017,0.00092640000000000007,-0.00039780000000000002,-0.0043347999999999998,0.00074160000000000003,0.0015906,-0.00045640000000000003,0.0016739999999999995,-0.00010340000000000002,0.0012396,0.0033698000000000001,-0.0033356000000000002,-0.0011668,0.0033786000000000007,-0.0023086000000000001,0.00080359999999999991,0.0022489999999999997,0.0034526000000000001,0.0029813999999999999,-0.0030965999999999997,0.0010768000000000002,0.0032763999999999996,-0.0087628000000000011,0.0031218000000000001,-0.00018480000000000016,-1.6799999999999975e-05,-0.00142,-0.0003522,0.0013702,-0.00046479999999999991,-0.00046279999999999997,0.00077540000000000009,-0.00082459999999999999,0.0023415999999999997,-0.001188,0.00077880000000000007,-0.001157,0.00087260000000000007,-0.0010997999999999997,-0.0012700000000000001,-0.00011059999999999998,0.0017750000000000001,-0.0006425999999999999,0.00098459999999999997,0.00060479999999999985,-0.0015638000000000002,0.00052119999999999998,-0.00023080000000000003,0.0010370000000000002,-0.0027013999999999996,0.0033809999999999999,0.0020349999999999999,-0.0026992000000000001,0.0016035999999999997,0.00073739999999999993,-0.0014746000000000002,-5.4400000000000021e-05,-0.00018460000000000007,-9.399999999999971e-06,2.8200000000000035e-05,-0.0002989999999999999,0.0016314000000000001,-0.0015740000000000001,-0.00028979999999999978,-0.00067439999999999991,-0.0013544000000000004,0.00094380000000000006,0.0021021999999999998,-0.0019184,0.00097619999999999998,0.0016373999999999998,0.0018592000000000001,0.0003702,-0.0017275999999999997,-0.0010234,0.0013206000000000001,0.00077280000000000014,-0.0012668000000000002,0.0014398,-0.0021302000000000001,0.0035638000000000006,-0.00099200000000000026,-0.0001719999999999999,0.00093479999999999995,-0.00051219999999999998,0.00011359999999999998,-0.00082779999999999985,-0.00082200000000000003,0.002343,-0.0013975999999999999,-0.0041453999999999996,0.0052541999999999997,-0.0025244,0.0023013999999999999,-0.00080960000000000005,-0.00054979999999999981,0.0046687999999999999,-0.0015291999999999997,-0.00075499999999999992,-0.0028592000000000001,-0.0033368,0.0017794
aug_between_class_right_pair0012_child06,TLE,1,1,Augmented,0,0,0,0,0,0.28699279999999999,1.9312942,0,-1.2999999999999998e-06,0,0.90538600000000002,0,0.044545300000000003,-0.13563629999999999,0.0244674,0.089628199999999991,-0.095690300000000006,0.068192100000000005,-0.0085915999999999996,0.011929899999999998,-0.012950700000000002,-0.10540479999999999,0.35249419999999998,-0.066958500000000004,-0.043546700000000008,0.068304100000000006,-0.011348299999999995,-0.025154900000000001,-0.010362,-0.055664500000000006,0.030829000000000002,0.023937899999999998,-0.038408999999999999,0.007025,-0.079962400000000003,0.011255899999999999,0.050115,-0.017871100000000001,0.016840600000000001,0.0069099000000000001,-0.044333499999999998,0.0399131,-0.052639100000000001,-0.0352757,0.089955200000000013,-0.037785899999999997,0.1857743,-0.0527696,0.0099052999999999988,-0.0072642999999999996,-0.0094034999999999987,-0.0090368000000000011,-0.00089170000000000004,0.036113100000000002,-0.0048521000000000007,-0.011174499999999999,-0.0084349000000000004,-0.025026799999999998,0.018484599999999997,0.029676800000000003,0.016405799999999998,0.012163,-0.015401900000000001,-0.0086015999999999992,0.017543400000000001,-0.0492632,0.0038479000000000009,0.011164199999999999,-0.00080320000000000012,0.032487599999999998,-0.088484300000000002,-0.0057754999999999994,-0.0220705,-0.0117866,0.006083400000000001,0.00056109999999999992,0.0019502,0.018294499999999998,0.0054108000000000003,0.0036163000000000002,0.0040964999999999977,0.0078837999999999998,0.0060195000000000005,-0.0045777999999999999,0.0020324000000000002,0.0014075000000000003,-0.019821399999999999,0.0054572999999999991,0.005365,0.0014362000000000003,-0.0057076999999999996,-0.0138513,0.020512900000000001,-0.0175827,-0.0056348000000000006,-0.011794700000000002,0.0039482000000000007,-0.0035673999999999992,-0.011501699999999998,-0.0048597000000000007,0.0022497000000000003,-0.010772499999999999,0.0081681000000000011,0.0221984,0.0058972000000000009,0.0256318,-0.011473700000000002,0.0048368999999999999,0.0016285000000000002,-0.0028979000000000001,-0.0077074000000000005,0.0077285000000000001,-0.0065851,0.0013838999999999995,-0.0036922999999999999,0.0053996000000000001,-0.0060350000000000004,-0.0029594000000000001,0.0089832000000000002,0.013735500000000001,0.0025216000000000001,0.00064440000000000005,0.0070529,-0.0060878,0.0037699999999999999,-0.0073173999999999999,0.013730000000000001,-0.0054196000000000001,-0.0046679,0.0036445000000000002,-0.0010414000000000001,0.0054295999999999997,-0.0048103,-0.0036448000000000001,0.0062798999999999997,0.0070314000000000002,-0.0044575999999999991,-0.0062298999999999992,-0.0149298,-0.0043962000000000003,-0.0091398999999999994,-0.011037999999999999,-0.00069690000000000073,-0.0015921999999999993,-0.0096977000000000001,0.0092333000000000016,-0.007221899999999999,-0.0011829,0.00082649999999999998,0.00033299999999999969,0.0041820000000000008,0.0016363000000000003,-0.0032100000000000002,0.0024329999999999998,-0.0032243999999999997,0.0030633000000000001,0.0026105,0.00092869999999999997,0.0037900000000000004,-0.0026450999999999996,-0.0020176,0.00015139999999999989,-0.0042570999999999998,-0.0022533000000000002,-0.0050895000000000003,-0.0043730999999999996,0.0067112999999999999,-0.0012023999999999997,0.0023899999999999998,-0.0008633,-0.0079299999999999995,-0.0054858999999999993,-0.00049000000000000042,-0.0118818,-0.0015666000000000005,0.0042804999999999996,0.0136928,0.0015103,-0.0088590000000000006,0.0020125,0.0078586000000000003,0.00054549999999999987,0.0058971999999999991,0.0085851,-0.010595,0.0018874,-0.0149254,0.00073900000000000007,0.0059838000000000001,-0.0033501,0.0069702000000000002,-0.0020885999999999999,-0.001351,0.0016248999999999999,-0.0029042,-0.0014686999999999999,0.0015987999999999998,0.0025805000000000003,-0.00023940000000000002,-0.0035661999999999998,0.0019640999999999999,6.7600000000000125e-05,-0.001949,-5.6899999999999892e-05,-0.0039197999999999993,0.0023398999999999998,0.00059389999999999985,-0.0039801999999999997,0.0012347,-0.0016468999999999998,-0.0016557,0.0021379000000000003,0.00046820000000000021,-0.0022098,-0.0057534999999999999,0.0057459,0.0048062000000000001,-0.0019865999999999998,0.0014972999999999998,0.0061498000000000004,-0.0013571999999999998,-0.00058019999999999957,0.0012407,-0.0022461,-0.00026169999999999991,0.0033681000000000002,0.0085608999999999998,-0.0047451000000000004,-0.0017765999999999999,0.00041540000000000023,0.0008374999999999997,-0.0051584000000000005,0.0073534999999999998,0.00042690000000000024,0.00083550000000000009,0.0021504000000000002,-0.0032452000000000002,-0.0027105000000000007,-0.0072440999999999998,0.0028228999999999997,-0.0042109000000000001,0.00049919999999999999,-0.0039535999999999998,0.0038874000000000001,-0.0013021,-0.0019523000000000001,-0.0019143999999999999,-0.00079539999999999982,-0.00071119999999999983,0.00039509999999999995,-0.00045780000000000007,-0.0003706999999999999,-0.0029837000000000002,-0.00037730000000000001,0.0080146000000000002,-0.00061820000000000017,-0.0017185999999999998,-0.0017894999999999999,-0.0014751000000000002,0.00071340000000000021,0.0045320000000000004,-0.0025082999999999998,0.00081430000000000001,0.0020447,0.00022520000000000016,0.0021749999999999999,-0.0059099000000000009,0.00087399999999999999,0.00062999999999999981,-0.0045398000000000001,-0.0014932999999999999,0.0038316000000000001,-0.0001690000000000001,0.0019882999999999997,0.0024535,0.0031779,-0.0026664000000000002,0.00086650000000000008,0.0038961,0.00088109999999999968,-0.00026590000000000001,0.0022932999999999999,0.0051840000000000002,-0.0036086000000000004,0.0020720999999999999,-0.00041260000000000016,0.0037645999999999999,-0.0024367000000000004,0.0025742999999999999,-0.0054996000000000003,0.0021812000000000003,-0.0078411999999999996,0.0034099999999999998,-0.0019731000000000002,0.0029239000000000001,0.0088571999999999991,0.0011657999999999998,0.0044330000000000003,-0.016616300000000001,0.0023054,-0.00053759999999999995,-0.00046950000000000003,-0.0013218000000000001,0.00035599999999999976,-0.00031509999999999985,0.00088209999999999981,-0.00079999999999999993,0.00096540000000000016,-0.0012059000000000002,0.00077169999999999995,0.0012844000000000002,-0.0008698,-0.00048650000000000039,0.00069739999999999993,0.0016233,-0.0014399999999999999,0.0012420999999999999,0.00091209999999999978,0.00018069999999999992,-0.0014761000000000002,-0.0022734000000000001,0.00049560000000000001,0.0012005,-0.0015341999999999999,-0.00012640000000000004,0.00066149999999999998,0.0017447999999999999,-0.00065810000000000022,0.00044850000000000011,-0.0021389,0.00028379999999999985,-0.0040658999999999999,-0.0012524999999999999,-0.0020902999999999998,1.9400000000000018e-05,0.00021570000000000004,-0.00018550000000000001,0.0060038999999999995,-0.0014621,0.0003656,-0.0010871000000000001,0.0021402000000000001,-0.00037960000000000001,-0.00086909999999999982,0.0031447000000000003,0.0039925000000000004,0.0012747999999999998,-0.0010618000000000003,-8.3999999999999873e-06,-0.0045551999999999997,0.0031041000000000003,0.0035889999999999997,-0.0016009000000000002,0.0016466,0.0015904000000000001,-0.00031249999999999984,0.0012997999999999998,-0.00052840000000000005,0.0044375000000000005,-0.0056119000000000004,-0.0025845,0.0053571999999999995,-0.0048658,-0.00018030000000000005,-3.1399999999999896e-05,-0.00043459999999999983,0.0023595999999999999,-0.00028900000000000009,-0.00098390000000000023,-0.00031950000000000001,0.00068839999999999982,-0.0015995,0.0006424,0.00057890000000000003,0.0015854,-0.00029160000000000004,0.0020883999999999998,0.00053390000000000002,-0.0030964,-0.0011312,-0.0012799999999999999,0.0023162,-0.00039040000000000017,0.00010520000000000001,0.0022851000000000004,-0.0005595000000000001,-0.0051298999999999997,-0.001926,0.0010255000000000002,-0.0014321,0.00086649999999999997,-0.00067900000000000002,0.0015593,-0.0019887999999999998,0.00025280000000000007,0.0013680999999999997,-0.00164,0.00049570000000000007,0.0024853000000000002,0.0017271999999999999,-0.0033934000000000004,0.0023961,-0.0010707,-0.0013548999999999998,-0.0013486000000000001,0.00076760000000000023,0.00070680000000000005,-0.00062560000000000003,-0.0050580999999999994,0.00072620000000000009,0.0016182,-0.00033929999999999995,0.0022004999999999993,-0.00034379999999999979,0.0013697,0.0029956000000000002,-0.0035761999999999999,-0.0011820999999999999,0.0030407000000000003,-0.0020987000000000002,0.0013151999999999999,0.0025424999999999996,0.0034897000000000001,0.0031283000000000001,-0.0035196999999999997,0.0011516,0.0032798000000000002,-0.0085556,0.0031316,-0.00029710000000000023,0.00022489999999999967,-0.0008820000000000003,-0.00017240000000000012,0.0014324000000000001,-0.00067709999999999982,-0.00026009999999999998,0.00055230000000000014,-0.00086070000000000005,0.0024606999999999997,-0.0011435000000000002,0.0009235999999999999,-0.0012489999999999999,0.00074569999999999997,-0.0010276,-0.0012590000000000001,-0.00016919999999999997,0.0017985000000000002,-0.00089269999999999996,0.0010691999999999998,0.00095359999999999976,-0.0016926000000000001,0.00051840000000000002,-0.00018810000000000002,0.0010415000000000001,-0.0029227999999999997,0.0030925000000000002,0.0020244999999999998,-0.0024898999999999998,0.0013782,0.00052130000000000004,-0.0013527000000000001,-7.3299999999999884e-05,-9.5200000000000037e-05,-8.229999999999994e-05,3.4000000000000826e-06,-0.00036799999999999984,0.0016268000000000001,-0.00166,-0.00056859999999999983,-0.00055980000000000005,-0.0010103,0.0010525999999999999,0.0021234000000000001,-0.0023232999999999995,0.00084390000000000008,0.0017533,0.0016784000000000002,0.00040740000000000004,-0.0019586999999999999,-0.00089030000000000012,0.0013472,0.00089759999999999992,-0.0011926,0.0017085999999999998,-0.0024943999999999999,0.0037385999999999999,-0.00065450000000000024,-0.00038549999999999978,0.00089459999999999995,-0.00069539999999999999,0.00024669999999999998,-0.00085759999999999981,-0.00065800000000000006,0.0021689999999999999,-0.0013771999999999999,-0.0042112999999999994,0.0057868999999999993,-0.0024882999999999997,0.0023573000000000001,-0.00071769999999999983,-0.00068959999999999985,0.0049785999999999997,-0.0019578999999999994,-0.0010275,-0.0032034000000000003,-0.0032021000000000003,0.0016768
aug_between_class_right_pair0012_child07,TLE,1,1,Augmented,0,0,0,0,0,0.28266820000000004,1.9068027999999999,-5.2939559203393771e-23,-1.1999999999999999e-06,0,0.88699699999999992,0,0.045783200000000003,-0.1352352,0.022589599999999998,0.088826799999999997,-0.098772200000000004,0.067614400000000005,-0.0090854000000000004,0.012608599999999999,-0.010748799999999999,-0.10912719999999999,0.35397679999999998,-0.064787999999999998,-0.049238800000000013,0.071635400000000002,-0.0158862,-0.025667600000000002,-0.011301,-0.054879000000000004,0.031620000000000002,0.022120599999999997,-0.038072000000000002,0.0072320000000000006,-0.077548599999999995,0.0112596,0.050187999999999997,-0.017430399999999999,0.017792400000000003,0.0063145999999999992,-0.045454000000000001,0.039546399999999995,-0.048478399999999998,-0.0358278,0.0874418,-0.040152600000000004,0.1823862,-0.051077400000000002,0.0104952,-0.0081512000000000008,-0.0093279999999999995,-0.0088582000000000001,-0.00099480000000000054,0.036372399999999999,-0.0047474000000000006,-0.011831000000000001,-0.0085265999999999988,-0.0260682,0.0198324,0.0283862,0.015804200000000001,0.011893999999999998,-0.016193600000000002,-0.0105404,0.0169996,-0.049615800000000002,0.0020005999999999995,0.0126398,-0.00067880000000000002,0.033819399999999999,-0.08828119999999999,-0.0068060000000000004,-0.022020999999999999,-0.013069400000000002,0.0045555999999999999,0.00098840000000000039,0.0021578000000000001,0.017713999999999997,0.0058102000000000006,0.0036462,0.0048700000000000011,0.0081672000000000012,0.0055569999999999994,-0.0041551999999999995,0.0018545999999999999,0.0011330000000000003,-0.019567600000000001,0.0059842000000000003,0.0046730000000000001,-0.00018419999999999982,-0.0055297999999999996,-0.0129582,0.020519599999999999,-0.017782800000000001,-0.0044811999999999994,-0.0114608,0.0030917999999999996,-0.0041136000000000002,-0.011684799999999999,-0.0049878000000000006,0.0019397999999999993,-0.010484,0.0055313999999999997,0.0220086,0.0049478000000000005,0.025842200000000003,-0.0089277999999999996,0.0047055999999999999,0.001343,-0.0030506000000000001,-0.0074216000000000004,0.0075209999999999999,-0.0060403999999999996,0.0014006000000000001,-0.0039481999999999998,0.0058214,-0.0065199999999999998,-0.0025406000000000001,0.0094848000000000016,0.012787999999999999,0.0026474000000000003,0.00066060000000000001,0.0078256000000000003,-0.0061291999999999996,0.0039810000000000002,-0.0071386000000000002,0.014652000000000002,-0.0059544000000000003,-0.0048345999999999997,0.0031050000000000001,-0.00071359999999999956,0.0051383999999999996,-0.0041591999999999992,-0.0029111999999999996,0.0058005999999999995,0.0071615999999999997,-0.0050924000000000004,-0.0067436000000000006,-0.0156302,-0.0045148000000000002,-0.0092236000000000002,-0.010962,0.00012740000000000017,-0.0019627999999999998,-0.0098247999999999999,0.0086762000000000002,-0.0077035999999999997,-0.0011746,0.00075999999999999983,0.00070800000000000019,0.0042940000000000009,0.0013871999999999999,-0.002954,0.0027179999999999999,-0.0032515999999999999,0.0030542,0.0029040000000000003,0.00077079999999999987,0.0038300000000000001,-0.0032144000000000005,-0.0019984,0.00022859999999999981,-0.0043534000000000003,-0.0019762,-0.0054700000000000009,-0.0043893999999999999,0.0068501999999999999,-0.0011745999999999992,0.0024949999999999998,-0.00082720000000000037,-0.0085710000000000005,-0.0054186,-0.00040399999999999985,-0.012113200000000001,-0.0017834000000000001,0.0045700000000000003,0.013740200000000001,0.00087320000000000019,-0.0093400000000000011,0.0022240000000000003,0.0077504000000000002,0.00088900000000000003,0.0058278000000000002,0.0092823999999999997,-0.011568000000000002,0.0019976,-0.014249599999999999,0.00048799999999999983,0.0059962000000000001,-0.0039524,0.0069827999999999999,-0.0018833999999999999,-0.0012409999999999999,0.0015755999999999999,-0.0030298,-0.0015798000000000001,0.0017672,0.002202,-0.00022459999999999998,-0.0037908,0.0021594000000000006,-0.00036860000000000018,-0.001949,-0.00043060000000000017,-0.0042591999999999994,0.0022615999999999999,0.00069259999999999981,-0.0043517999999999994,0.0012378000000000001,-0.0015325999999999998,-0.0012307999999999998,0.0018465999999999999,0.00020780000000000017,-0.0016991999999999997,-0.0060619999999999997,0.0060656000000000009,0.0042097999999999997,-0.0018384,0.0020032000000000001,0.0060022000000000001,-0.0015608000000000002,-0.0010658000000000004,0.0010147999999999999,-0.0020374,-0.0004548,0.0032293999999999999,0.009085600000000001,-0.0049174000000000006,-0.0016864,-0.00027740000000000013,0.0012120000000000002,-0.0051736000000000004,0.008175,0.00035359999999999992,0.00069899999999999997,0.0017205999999999999,-0.0034158000000000001,-0.0025249999999999999,-0.0081533999999999999,0.0030035999999999999,-0.0034735999999999999,0.00032680000000000035,-0.0037663999999999996,0.0038586000000000002,-0.0013834000000000001,-0.0020861999999999999,-0.0020376000000000001,-0.00095259999999999995,-0.00092979999999999994,0.00047739999999999995,-0.00035419999999999994,-0.00070080000000000023,-0.0028628,-0.00027519999999999997,0.0083844000000000002,-0.00047980000000000006,-0.0017774000000000002,-0.0023280000000000002,-0.0012564,0.00047259999999999989,0.0040289999999999996,-0.0026272000000000001,0.00085119999999999998,0.0026438,3.7999999999999839e-06,0.002137,-0.0056595999999999999,0.00078200000000000003,0.00023099999999999965,-0.004859200000000001,-0.0014671999999999997,0.0041083999999999999,-0.00024900000000000009,0.0020961999999999999,0.0022889999999999998,0.0035095999999999999,-0.0024816,0.00083299999999999997,0.0038514,0.0011493999999999999,-0.00021759999999999998,0.0024402,0.0050199999999999993,-0.0032023999999999998,0.0023314000000000004,-0.00020239999999999972,0.0040044,-0.0018477999999999999,0.0030052000000000008,-0.0056364000000000006,0.0019267999999999998,-0.0079538000000000005,0.0034510000000000001,-0.0018173999999999998,0.0021745999999999996,0.0093328000000000005,0.00087019999999999979,0.0043670000000000002,-0.0166502,0.0024315999999999999,-0.00062140000000000003,-0.0003949999999999999,-0.0013722000000000001,0.00064400000000000004,-0.00042939999999999987,0.0010524,-0.00082200000000000003,0.00078660000000000004,-0.0010336,0.00079080000000000003,0.0011676,-0.00068519999999999985,-0.00052400000000000016,0.00077660000000000012,0.0014311999999999999,-0.0016100000000000001,0.0014624,0.0012884000000000001,0.00032679999999999997,-0.0013703999999999999,-0.0024156000000000004,0.00055340000000000001,0.0011620000000000001,-0.0017628000000000001,0.00012740000000000039,0.00055599999999999996,0.0017032,-0.00028739999999999972,0.00023399999999999991,-0.0019995999999999998,1.8199999999999683e-05,-0.0042205999999999997,-0.001338,-0.0019521999999999999,-5.9400000000000048e-05,0.00040080000000000004,-9.9999999999999178e-06,0.0060125999999999999,-0.0010463999999999998,0.00042740000000000009,-0.0010284000000000001,0.0019587999999999997,1.3600000000000283e-05,-0.00089240000000000001,0.0029418000000000001,0.0037130000000000002,0.0014602000000000003,-0.00085119999999999998,-0.00026160000000000018,-0.0042858000000000002,0.003721400000000001,0.0038170000000000001,-0.0018596000000000003,0.0012533999999999996,0.0015306,-0.00054800000000000009,0.0013451999999999995,-0.00015559999999999972,0.0042249999999999996,-0.0055936000000000007,-0.0031749999999999999,0.0049497999999999999,-0.0052942000000000006,-4.0199999999999893e-05,-0.00018260000000000016,-0.00055539999999999973,0.0023343999999999995,-2.0999999999999806e-05,-0.00087160000000000004,-0.000301,0.00086059999999999999,-0.0019599999999999999,0.00067059999999999993,0.00062959999999999991,0.0017436000000000007,-0.00050840000000000021,0.0022046000000000001,0.00054760000000000008,-0.0032166,-0.0011617999999999999,-0.0012979999999999999,0.0023997999999999997,-0.0001816,4.6799999999999972e-05,0.0021434000000000002,-0.00053399999999999997,-0.0051856000000000003,-0.0019139999999999999,0.00092099999999999994,-0.0015574,0.00090100000000000011,-0.00059099999999999995,0.0015212000000000001,-0.0022672,0.00014219999999999988,0.0017114000000000001,-0.0016079999999999998,0.00028479999999999988,0.0025931999999999999,0.0018388,-0.0034275999999999998,0.0024524,-0.0011098,-0.0016286,-0.0014514,0.0010844000000000003,0.00048719999999999986,-0.00085340000000000004,-0.0057814000000000008,0.00071080000000000004,0.0016458000000000002,-0.00022219999999999987,0.0027269999999999998,-0.0005842,0.0014998000000000001,0.0026213999999999999,-0.0038167999999999995,-0.0011973999999999999,0.0027028,-0.0018887999999999999,0.0018268000000000002,0.002836,0.0035268000000000001,0.0032751999999999998,-0.0039427999999999998,0.0012264000000000001,0.0032831999999999991,-0.0083483999999999989,0.0031413999999999999,-0.00040940000000000009,0.00046660000000000017,-0.0003439999999999998,7.4000000000000715e-06,0.0014946,-0.00088940000000000004,-5.7399999999999769e-05,0.00032919999999999992,-0.00089680000000000001,0.0025797999999999997,-0.0010990000000000002,0.0010683999999999999,-0.0013410000000000002,0.00061879999999999986,-0.0009553999999999998,-0.001248,-0.00022780000000000001,0.0018219999999999998,-0.0011428000000000002,0.0011538,0.0013024000000000002,-0.0018213999999999999,0.00051559999999999996,-0.00014539999999999998,0.0010460000000000001,-0.0031441999999999998,0.0028039999999999996,0.0020139999999999997,-0.0022805999999999998,0.0011527999999999998,0.00030519999999999994,-0.0012308,-9.2199999999999964e-05,-5.7999999999999648e-06,-0.00015520000000000003,-2.1399999999999978e-05,-0.000437,0.0016222000000000001,-0.0017459999999999999,-0.0008474,-0.00044519999999999987,-0.00066619999999999982,0.0011614000000000001,0.0021446,-0.0027282000000000001,0.00071159999999999995,0.0018691999999999999,0.0014976,0.00044460000000000007,-0.0021898,-0.00075719999999999997,0.0013738000000000001,0.0010224000000000001,-0.0011183999999999999,0.0019773999999999998,-0.0028586000000000002,0.0039134000000000009,-0.0003169999999999999,-0.00059900000000000003,0.00085439999999999995,-0.00087860000000000011,0.00037980000000000002,-0.00088739999999999989,-0.00049399999999999986,0.0019949999999999998,-0.0013568,-0.0042772000000000001,0.0063195999999999999,-0.0024521999999999999,0.0024131999999999999,-0.00062579999999999982,-0.00082939999999999989,0.0052884000000000004,-0.0023866,-0.0013000000000000002,-0.0035475999999999997,-0.0030674000000000001,0.0015742
aug_between_class_right_pair0012_child08,TLE,1,1,Augmented,0,0,0,0,0,0.27834360000000002,1.8823114000000001,0,-1.1000000000000001e-06,0,0.86860799999999994,0,0.047021100000000003,-0.13483410000000001,0.020711800000000002,0.088025400000000004,-0.1018541,0.067036700000000005,-0.0095791999999999995,0.013287299999999998,-0.0085469000000000014,-0.11284959999999999,0.35545939999999998,-0.062617499999999993,-0.054930900000000005,0.074966700000000011,-0.020424100000000001,-0.0261803,-0.012240000000000001,-0.054093500000000003,0.032411000000000002,0.020303299999999996,-0.037734999999999998,0.0074389999999999994,-0.075134800000000002,0.0112633,0.050261,-0.0169897,0.018744200000000003,0.0057193000000000001,-0.046574500000000005,0.039179699999999998,-0.044317700000000002,-0.0363799,0.084928400000000001,-0.042519300000000003,0.17899809999999999,-0.049385199999999997,0.011085099999999999,-0.0090381000000000003,-0.0092525000000000003,-0.0086795999999999991,-0.0010978999999999997,0.036631700000000003,-0.0046427000000000005,-0.012487499999999999,-0.0086183000000000006,-0.027109599999999998,0.0211802,0.027095600000000001,0.0152026,0.011625,-0.016985300000000002,-0.012479200000000001,0.0164558,-0.049968399999999996,0.00015330000000000031,0.0141154,-0.00055440000000000003,0.035151200000000001,-0.088078099999999993,-0.0078364999999999997,-0.021971500000000001,-0.014352199999999999,0.0030277999999999998,0.0014157000000000002,0.0023654000000000001,0.017133499999999999,0.0062096,0.0036760999999999999,0.0056434999999999992,0.0084506000000000008,0.0050945000000000001,-0.0037326,0.0016768,0.00085849999999999989,-0.019313799999999999,0.0065110999999999997,0.0039810000000000002,-0.0018046000000000008,-0.0053518999999999997,-0.012065099999999999,0.020526300000000001,-0.0179829,-0.0033275999999999991,-0.0111269,0.0022353999999999994,-0.0046598000000000004,-0.011867899999999999,-0.0051159000000000005,0.0016299000000000001,-0.0101955,0.0028946999999999996,0.021818799999999999,0.0039984,0.026052600000000002,-0.0063819000000000002,0.0045742999999999999,0.0010574999999999998,-0.0032033000000000001,-0.0071358000000000003,0.0073135000000000006,-0.0054956999999999992,0.0014172999999999998,-0.0042041000000000005,0.0062432,-0.0070049999999999999,-0.0021217999999999996,0.0099864000000000012,0.0118405,0.0027732,0.00067680000000000008,0.0085983000000000014,-0.0061706,0.0041919999999999995,-0.0069597999999999995,0.015574000000000001,-0.0064892000000000005,-0.0050013000000000002,0.0025654999999999992,-0.00038579999999999995,0.0048471999999999994,-0.0035081000000000001,-0.0021776,0.0053212999999999993,0.0072917999999999993,-0.0057272,-0.0072573000000000004,-0.016330600000000001,-0.0046334000000000002,-0.009307300000000001,-0.010886,0.0009517000000000002,-0.0023333999999999998,-0.0099518999999999996,0.0081190999999999989,-0.0081852999999999995,-0.0011662999999999999,0.00069350000000000011,0.001083,0.0044060000000000002,0.0011381,-0.0026980000000000003,0.0030029999999999996,-0.0032788000000000001,0.0030451000000000002,0.0031975000000000003,0.00061289999999999999,0.0038700000000000002,-0.0037837000000000001,-0.0019792,0.00030579999999999995,-0.0044497,-0.0016991,-0.0058505000000000007,-0.0044057000000000002,0.0069890999999999998,-0.0011467999999999995,0.0026000000000000003,-0.00079110000000000031,-0.0092119999999999997,-0.0053512999999999998,-0.00031799999999999992,-0.012344600000000001,-0.0020001999999999997,0.0048595000000000001,0.013787600000000001,0.00023610000000000037,-0.0098209999999999999,0.0024355000000000002,0.0076422,0.0012325000000000001,0.0057583999999999995,0.0099797000000000011,-0.012541,0.0021078,-0.013573799999999999,0.00023699999999999985,0.0060086000000000002,-0.0045547000000000001,0.0069954000000000006,-0.0016781999999999999,-0.0011310000000000001,0.0015263,-0.0031554,-0.0016909,0.0019356,0.0018235,-0.00020979999999999995,-0.0040153999999999997,0.0023547000000000004,-0.00080480000000000048,-0.001949,-0.00080429999999999998,-0.0045985999999999996,0.0021833,0.00079129999999999956,-0.0047234,0.0012409000000000003,-0.0014182999999999999,-0.0008058999999999998,0.0015552999999999999,-5.2599999999999869e-05,-0.0011885999999999999,-0.0063705000000000003,0.0063853,0.0036133999999999997,-0.0016901999999999998,0.0025091000000000002,0.0058545999999999997,-0.0017644000000000002,-0.0015514000000000001,0.00078890000000000004,-0.0018286999999999999,-0.00064790000000000008,0.0030907000000000005,0.0096103000000000004,-0.0050897,-0.0015961999999999999,-0.00097020000000000049,0.0015865,-0.0051888000000000004,0.008996500000000001,0.00028030000000000004,0.00056249999999999996,0.0012907999999999999,-0.0035864,-0.0023395,-0.0090626999999999999,0.0031843000000000002,-0.0027362999999999997,0.00015440000000000072,-0.0035791999999999998,0.0038298,-0.0014647000000000002,-0.0022201000000000005,-0.0021608,-0.0011098,-0.0011483999999999999,0.00055969999999999989,-0.00025060000000000002,-0.0010309,-0.0027419000000000002,-0.00017309999999999998,0.0087542000000000002,-0.00034140000000000006,-0.0018362000000000001,-0.0028665000000000001,-0.0010377000000000001,0.00023179999999999997,0.0035260000000000001,-0.0027461,0.00088810000000000007,0.0032428999999999999,-0.00021759999999999987,0.0020989999999999997,-0.0054093000000000006,0.00069000000000000008,-0.0001680000000000004,-0.0051786000000000002,-0.0014410999999999998,0.0043852000000000006,-0.00032900000000000008,0.0022040999999999996,0.0021245000000000001,0.0038412999999999997,-0.0022967999999999999,0.00079949999999999986,0.0038067000000000001,0.0014177,-0.00016929999999999997,0.0025870999999999997,0.0048560000000000001,-0.0027962,0.0025907000000000005,7.7999999999996475e-06,0.0042442000000000001,-0.0012588999999999999,0.0034361000000000001,-0.0057732,0.0016724000000000001,-0.0080663999999999996,0.0034920000000000003,-0.0016616999999999999,0.0014252999999999998,0.0098084000000000001,0.00057459999999999987,0.0043010000000000001,-0.0166841,0.0025578000000000003,-0.00070520000000000001,-0.00032049999999999998,-0.0014226000000000004,0.0009320000000000001,-0.00054369999999999983,0.0012227,-0.00084399999999999992,0.00060780000000000014,-0.00086129999999999996,0.00080990000000000001,0.0010508,-0.00050059999999999992,-0.00056150000000000058,0.00085579999999999988,0.0012390999999999999,-0.0017799999999999999,0.0016827000000000001,0.0016646999999999999,0.0004729,-0.0012647000000000001,-0.0025578000000000003,0.0006112,0.0011234999999999997,-0.0019914000000000004,0.00038119999999999994,0.00045049999999999989,0.0016615999999999998,8.3300000000000127e-05,1.9499999999999932e-05,-0.0018603000000000001,-0.00024740000000000005,-0.0043753000000000004,-0.0014234999999999999,-0.0018140999999999999,-0.0001382,0.00058589999999999988,0.00016550000000000007,0.0060213000000000003,-0.00063069999999999988,0.00048919999999999996,-0.00096969999999999999,0.0017773999999999997,0.00040680000000000013,-0.00091569999999999976,0.0027388999999999998,0.0034334999999999999,0.0016455999999999999,-0.00064059999999999996,-0.00051480000000000015,-0.0040163999999999998,0.0043387000000000009,0.004045,-0.0021183,0.00086019999999999977,0.0014708,-0.00078350000000000002,0.0013906000000000001,0.00021720000000000013,0.0040124999999999996,-0.0055753,-0.0037654999999999998,0.0045423999999999994,-0.0057226000000000004,9.9899999999999989e-05,-0.00033380000000000004,-0.00067619999999999985,0.0023092,0.00024700000000000026,-0.00075929999999999997,-0.00028250000000000004,0.0010328,-0.0023205000000000001,0.00069880000000000007,0.0006803,0.0019018000000000001,-0.00072520000000000006,0.0023208,0.00056130000000000004,-0.0033368,-0.0011923999999999999,-0.0013159999999999999,0.0024834000000000002,2.7199999999999984e-05,-1.1600000000000011e-05,0.0020017000000000004,-0.00050850000000000005,-0.0052413,-0.001902,0.00081650000000000006,-0.0016827000000000001,0.00093550000000000013,-0.00050299999999999997,0.0014831,-0.0025456000000000003,3.1600000000000009e-05,0.0020547,-0.0015760000000000001,7.3899999999999953e-05,0.0027011000000000001,0.0019504000000000001,-0.0034618000000000001,0.0025087,-0.0011489,-0.0019023,-0.0015542000000000002,0.0014012000000000004,0.00026759999999999989,-0.0010812,-0.0065047000000000004,0.0006954000000000001,0.0016734,-0.00010509999999999968,0.0032534999999999999,-0.00082459999999999999,0.0016299000000000001,0.0022472,-0.0040574000000000001,-0.0012127000000000001,0.0023649000000000001,-0.0016789000000000001,0.0023384000000000005,0.0031294999999999999,0.0035639000000000001,0.0034221,-0.0043659000000000007,0.0013012000000000002,0.0032865999999999989,-0.0081412000000000012,0.0031511999999999998,-0.00052170000000000005,0.00070829999999999982,0.00019399999999999995,0.00018720000000000005,0.0015567999999999999,-0.0011017000000000002,0.00014530000000000017,0.00010609999999999992,-0.00093289999999999996,0.0026988999999999997,-0.0010545000000000001,0.0012132,-0.001433,0.00049189999999999976,-0.00088319999999999968,-0.001237,-0.00028640000000000002,0.0018454999999999999,-0.0013929000000000001,0.0012384000000000002,0.0016512000000000002,-0.0019502,0.0005128,-0.00010270000000000003,0.0010505,-0.0033656000000000003,0.0025154999999999999,0.0020035000000000001,-0.0020712999999999999,0.00092739999999999999,8.9099999999999943e-05,-0.0011089000000000001,-0.00011109999999999983,8.3599999999999999e-05,-0.00022810000000000001,-4.6199999999999985e-05,-0.00050599999999999983,0.0016176000000000001,-0.0018320000000000001,-0.0011262000000000002,-0.00033059999999999996,-0.00032209999999999997,0.0012702,0.0021658000000000003,-0.0031331000000000002,0.00057930000000000004,0.0019851000000000001,0.0013167999999999999,0.00048180000000000011,-0.0024209000000000001,-0.00062409999999999994,0.0014004,0.0011471999999999999,-0.0010442000000000001,0.0022461999999999998,-0.0032227999999999996,0.0040882000000000002,2.050000000000001e-05,-0.00081250000000000007,0.00081419999999999995,-0.0010618000000000001,0.00051290000000000005,-0.00091719999999999996,-0.00033,0.0018209999999999999,-0.0013364,-0.0043430999999999999,0.0068523000000000004,-0.0024161,0.0024691000000000001,-0.00053390000000000002,-0.00096919999999999992,0.0055982000000000002,-0.0028152999999999997,-0.0015725000000000001,-0.0038917999999999999,-0.0029327000000000003,0.0014716
aug_between_class_right_pair0013_child01,Healthy,0,0,Augmented,0,0,0,0,0,0.29535539999999999,2.0545714999999998,8.9999999999999996e-07,-9.9999999999999995e-08,0,0.94411970000000001,0,0.033550999999999997,-0.13660449999999999,0.021353799999999999,0.066701999999999997,-0.041345299999999995,0.082431299999999999,0.013198100000000001,-0.0015891999999999998,-0.022032400000000001,-0.1091439,0.30705769999999999,-0.045107700000000001,-0.0259273,0.083302399999999999,0.029737699999999992,-0.0149631,-0.0031213,-0.049528700000000002,0.022019,0.0087661999999999948,-0.056480599999999999,0.0025135999999999999,-0.10330300000000001,0.0064119000000000008,0.039146600000000004,-0.0120935,0.024879200000000001,0.0043007000000000002,-0.025673799999999997,0.031095299999999999,-0.097039800000000009,-0.031919700000000002,0.10540319999999999,-0.0251773,0.20646869999999998,-0.041425900000000002,0.0079960000000000014,0.00089090000000000046,-0.0166351,-0.0130367,-0.0015191000000000002,0.042769300000000003,-0.0019992,-0.0023188000000000002,-0.0050282,-0.0146503,0.0090582000000000006,0.032018499999999998,0.025269700000000003,0.0051334999999999992,0.0070162000000000037,0.0064417000000000007,0.016460499999999999,-0.041529700000000003,0.0044612999999999996,-0.0020474000000000009,-0.0075706999999999997,0.014757800000000001,-0.092866799999999999,-0.013731500000000001,-0.039979899999999999,-0.001880500000000002,0.018886099999999999,-0.00097570000000000013,0.0011428,0.024024999999999998,0.0082493999999999987,-7.42999999999998e-05,-0.0185969,0.0073575000000000003,0.0119135,-0.0049513000000000005,0.0053891,0.0071854000000000006,-0.0119119,0.0032689999999999998,0.0051113,0.0048135999999999995,-0.0084732000000000002,-0.0138003,0.016538300000000002,-0.014691099999999999,-0.0115245,0.0030925000000000006,0.0005108999999999999,-0.0023319000000000005,-0.0036237999999999999,-0.0032369999999999994,0.0086397000000000002,-0.0103949,0.0063851000000000003,0.0107697,0.0070991999999999991,0.0207356,-0.022720000000000001,0.00023159999999999977,0.002137,-0.0024812999999999997,-0.0080931000000000006,0.010808700000000001,-0.0024632000000000005,-0.0037283999999999998,-0.0016406000000000001,0.0022361999999999998,-0.0014108999999999994,-0.0025211999999999995,0.0049159,0.0077717000000000003,-0.00080860000000000046,-0.0019267000000000008,0.0071520999999999998,-0.0042706999999999997,0.0012569999999999999,-0.0036275999999999995,0.010828600000000001,-0.0081370000000000001,-0.0091494000000000002,0.0050545999999999994,-0.0032093,0.0095923000000000015,-0.0069946000000000001,-0.0022047000000000004,0.014585600000000001,0.0077416000000000013,-0.0030477,-0.0063493999999999998,-0.014199099999999999,-0.0018037999999999999,-0.011167100000000001,-0.0076798999999999999,0.00036809999999999968,-0.00025019999999999996,0.0039233999999999996,-0.0030439999999999998,-0.00084159999999999986,-0.00094399999999999996,-0.0016611,-0.0054767999999999996,-0.0015069000000000003,0.0032539999999999999,-0.0075201,0.002516,-0.0031573,0.0022442999999999999,-0.00068250000000000016,0.0014094000000000001,0.0059661999999999996,3.4100000000000002e-05,-8.5500000000000506e-05,-0.0026042000000000001,0.00053850000000000013,-0.0011076,-0.0069813000000000002,-0.0032266,0.0078385,0.0028322,-0.00060409999999999999,-0.0023426999999999996,0.003839700000000001,-0.00077319999999999993,-0.0052426,-0.012383099999999999,0.0031451999999999999,0.00011209999999999953,0.011745800000000001,0.0028637999999999997,-0.0084280999999999991,-0.0013648999999999998,0.0081005000000000001,-0.0040559999999999997,0.0026216,0.0019724,-0.0028403,0.00088200000000000008,-0.01779,0.0045965000000000008,0.0033959999999999997,0.00019250000000000083,0.0066545000000000007,-0.0035161000000000003,-0.0012530000000000002,0.0011872999999999999,0.0020780999999999994,-0.0017717000000000002,0.0012126000000000001,0.0029707000000000002,0.00037339999999999997,-0.0030012000000000003,-0.0014889000000000002,0.0015648999999999999,0.0023936000000000001,-0.0010298,-0.00082760000000000006,0.0015277000000000001,-0.0030838999999999997,-0.0025416999999999996,-0.0016716000000000003,-9.2899999999999927e-05,-0.0015363,0.0025100999999999999,0.0054020000000000006,-0.0029571000000000003,-0.0050429000000000003,0.0016337999999999999,0.0036652,0.0016503000000000002,0.00013229999999999969,0.0064688000000000002,-0.00079509999999999997,-0.0016075999999999998,0.0019185999999999999,0.00069439999999999997,-0.0055825000000000007,0.0010690000000000001,0.0076945000000000008,0.0009816999999999992,0.0011386,-0.00093050000000000034,-0.00033530000000000018,-0.0035922999999999997,0.0064269000000000001,0.0067337000000000004,0.0080488999999999995,-0.0020727000000000011,0.0012759000000000004,0.0019847999999999997,-0.0116481,0.0019949,-0.0152979,-6.8700000000000531e-05,-0.00018229999999999982,0.0036995999999999999,-0.0015759999999999999,-2.9400000000000037e-05,-0.0025356000000000003,-0.00066300000000000018,-0.0022200000000000002,0.0010088999999999999,7.9999999999996524e-07,-0.0034485000000000002,-0.0045699,0.00018380000000000002,0.0034300000000000003,0.0015715,0.00094810000000000011,0.00093120000000000008,0.00049410000000000003,-7.7500000000000014e-05,0.0041726000000000003,-0.0031980999999999997,0.00095,-0.0015935000000000001,0.002088,0.0023871000000000001,-0.0058024000000000001,-0.0011576999999999996,0.0017461,-0.0017483000000000002,-0.0012636000000000006,0.0013323999999999999,0.0031947,6.9400000000000277e-05,-0.0005287,0.0045796999999999999,-0.0012573999999999999,0.00047969999999999979,0.0071140000000000005,0.0014623000000000001,0.0024448,0.0016745,-0.00030650000000000057,-0.0013858999999999998,0.00058620000000000026,0.00051910000000000064,0.0025471000000000001,-0.0065465999999999996,-0.00021900000000000023,-0.0028103,-0.00013700000000000002,-0.0030474,-0.0013990000000000003,-0.00059230000000000003,0.0078716999999999988,0.0034231999999999999,0.0015225000000000002,0.0040474000000000005,-0.012575599999999999,-0.0007798000000000002,-0.0017131,-0.0012401000000000003,0.0013333999999999998,0.0020931999999999999,-0.00029330000000000008,0.0010759000000000001,-0.00065830000000000012,0.0032417000000000001,-0.00039209999999999994,0.00019339999999999993,0.00088370000000000007,-0.0026933,0.0015631,-0.0011808000000000001,-0.0041165999999999998,0.00064199999999999999,-0.0015142000000000001,0.001157,0.0020078000000000001,-0.0014997999999999999,0.0019773000000000004,0.0012637,0.00020610000000000029,-0.0020262000000000001,-0.0018588000000000001,0.00072199999999999999,0.0016573,-0.0051877,0.0024003000000000002,-0.0037523999999999999,-0.0015035999999999999,0.0010585000000000004,-0.0049342999999999991,-0.0029906999999999998,-0.00017540000000000004,-0.0021269000000000001,-0.00052389999999999989,0.0032474000000000001,-0.0022287000000000001,7.539999999999999e-05,0.00046089999999999998,0.0012455000000000001,0.0010847000000000001,-0.00095370000000000003,0.0031960999999999999,0.0070198999999999999,-0.0030525000000000005,0.00031689999999999995,0.00081840000000000038,-0.0028898999999999999,0.0029000000000000002,0.0014968,-0.0033261999999999996,0.0060242999999999998,-0.0052762,-0.00099540000000000002,-0.00087060000000000002,0.0017688000000000001,0.0107381,1.5900000000000115e-05,0.0069799999999999992,0.00025679999999999974,-0.0042199999999999998,-0.00083179999999999994,0.00060000000000000006,0.0018936999999999999,-0.00010040000000000016,0.00073190000000000006,-0.0014925000000000001,-0.0001206,-0.0002070000000000001,0.00067749999999999993,0.0019272000000000002,0.00033169999999999999,-0.00062520000000000002,0.00071170000000000011,-0.00060099999999999997,0.0013830000000000001,0.00092150000000000001,-0.0006803,-0.0018938000000000002,0.0010975,0.0001128,-2.0599999999999959e-05,0.0010622000000000001,-0.0021895,-0.00063500000000000004,-0.0012274999999999999,-0.00010330000000000002,-0.00025719999999999996,-8.6300000000000092e-05,-0.00068809999999999997,0.00032099999999999989,0.0019632,-0.0015920999999999997,-0.0002099999999999999,-0.0020990000000000002,0.0018456000000000002,0.0014262999999999997,0.0031751000000000001,0.00070899999999999967,0.0019204000000000001,-0.0012028,-0.00050349999999999982,-0.0030754999999999997,-0.0020382,0.0019874999999999997,0.00089790000000000052,-0.0024413999999999998,0.0020038,-0.00075430000000000007,-0.0017439000000000001,0.00077700000000000002,0.0028012000000000002,0.0041719000000000001,0.00076769999999999985,0.00025819999999999988,-0.0010118000000000002,0.0002967,-0.0018480000000000003,0.0031578999999999999,0.00068369999999999987,0.0038863000000000005,0.0027280999999999998,-0.0020303999999999999,0.00045580000000000013,-0.0025977999999999999,-0.00040509999999999982,0.0020192000000000001,0.0011574999999999997,0.0046046999999999998,-0.00070030000000000005,1.8899999999999972e-05,0.00093350000000000008,-0.0019538999999999997,-0.0013416999999999999,0.0011406000000000001,-0.00067630000000000001,0.00026400000000000002,-0.0013747,-0.00010920000000000016,-0.0015957999999999999,-5.4699999999999974e-05,-0.00010130000000000024,-0.00094819999999999995,0.00069220000000000002,-0.00018059999999999997,9.6400000000000012e-05,0.00014840000000000003,0.00055409999999999997,-0.00024669999999999998,0.00091820000000000009,0.0020230000000000005,0.0009385000000000001,-0.0021686000000000001,0.0016987999999999999,0.00043009999999999999,-0.00060719999999999991,0.0014558000000000001,0.0017871000000000002,-0.0001785,-0.0011573,0.00059430000000000019,0.0010012,-0.0040415,0.00017529999999999998,0.0027531000000000005,-0.0020353999999999997,-0.00073590000000000005,-0.00094989999999999994,-0.0022814999999999997,0.00060920000000000006,-0.0010707,-0.0012716000000000001,0.00084279999999999999,-0.00084079999999999984,0.0024314000000000002,0.0034889000000000005,-0.0025126999999999997,0.0011783000000000002,-0.0002197,0.0012892000000000001,-0.0011980999999999999,0.0010188999999999999,0.00090900000000000019,0.0012144,-0.0028832000000000007,0.00063790000000000016,-0.00071439999999999991,-0.0010927999999999999,-0.00061450000000000003,0.00042190000000000012,0.0015685999999999999,0.0011009000000000001,-0.001049,-0.0031817999999999998,0.0043517,0.0021682000000000003,0.0015511000000000001,0.00015090000000000004,0.0022160000000000001,0.0051885999999999998,-0.0031926000000000003,-0.0012476000000000002,-0.0029849000000000004,-0.0024908999999999999,0.00011690000000000008
aug_between_class_right_pair0013_child02,Healthy,0,0,Augmented,0,0,0,0,0,0.2913058,2.0298560000000001,7.9999999999999996e-07,-1.9999999999999999e-07,0,0.94566440000000007,0,0.033875999999999996,-0.13370399999999999,0.020348600000000001,0.066347000000000003,-0.043817599999999991,0.0796346,0.010763200000000001,-0.00086840000000000007,-0.021193799999999999,-0.10584879999999999,0.30372640000000001,-0.047546399999999996,-0.022778600000000003,0.081459799999999999,0.024701399999999998,-0.014855199999999999,-0.0031676,-0.050287400000000003,0.018893999999999998,0.010674400000000001,-0.053251199999999999,0.0035732000000000003,-0.101766,0.0064897999999999996,0.039145200000000005,-0.011067,0.022967399999999999,0.0068684000000000011,-0.027023599999999998,0.029808600000000001,-0.090974600000000003,-0.036460400000000004,0.1028534,-0.029006599999999997,0.20197039999999999,-0.038270800000000001,0.0078180000000000003,0.00068780000000000056,-0.0151602,-0.013236399999999999,-0.0013971999999999999,0.042374599999999998,-0.0019164,-0.0026125999999999996,-0.0058703999999999996,-0.015215599999999999,0.0099693999999999998,0.029555999999999999,0.023965400000000001,0.005953,0.006567400000000001,0.0055564000000000004,0.017191000000000001,-0.040878400000000002,0.0049105999999999993,-0.0013618000000000011,-0.0070813999999999998,0.016464599999999999,-0.091121599999999997,-0.012675000000000002,-0.037795800000000004,-0.0044740000000000023,0.017335200000000002,-0.0011164,0.0009946,0.023895,0.0080277999999999999,0.00015440000000000028,-0.017765799999999998,0.0068260000000000005,0.011298000000000001,-0.0053156000000000002,0.0048661999999999993,0.0060428000000000001,-0.011555799999999998,0.0025929999999999998,0.0050246000000000006,0.0041461999999999992,-0.0079564000000000006,-0.0137016,0.0170236,-0.0144362,-0.010994,0.0021700000000000001,0.0011887999999999994,-0.0019298000000000006,-0.0035875999999999989,-0.0022159999999999992,0.0077943999999999999,-0.011457800000000001,0.0059742000000000007,0.0116074,0.0079924000000000002,0.0207052,-0.022454000000000002,0.0019901999999999997,0.0017510000000000002,-0.0023795999999999999,-0.0080142000000000008,0.010685400000000001,-0.0025723999999999999,-0.0035667999999999997,-0.0018142000000000002,0.0025014,-0.0016897999999999995,-0.0022073999999999996,0.0043417999999999998,0.0073443999999999992,-0.00069420000000000072,-0.0021234000000000001,0.0066131999999999996,-0.0043913999999999993,0.001418,-0.0036231999999999996,0.011079200000000001,-0.0075790000000000007,-0.0091038000000000004,0.0049211999999999997,-0.0030356000000000003,0.0093266000000000009,-0.0070001999999999998,-0.0023984000000000002,0.015167200000000002,0.0066502000000000002,-0.0025244,-0.0051397999999999999,-0.0136802,-0.0017055999999999998,-0.0113332,-0.0082507999999999991,0.0010661999999999998,-0.0012223999999999998,0.0028737999999999993,-0.0016640000000000001,-0.00097020000000000027,-0.001059,-0.0014322,-0.0054386,-0.0010368,0.002833,-0.0069502000000000001,0.0020710000000000004,-0.0026555999999999997,0.0021716000000000001,-0.00023700000000000023,0.0015928000000000001,0.0062134000000000009,-2.2799999999999999e-05,-8.7999999999999971e-05,-0.0020644000000000001,0.00056700000000000023,-0.00098420000000000018,-0.0067466000000000002,-0.0029601999999999996,0.0078869999999999999,0.0021003999999999997,-0.00085120000000000009,-0.0021113999999999998,0.0033294000000000002,-0.0010313999999999992,-0.0043521999999999996,-0.0121612,0.0031273999999999998,-0.00018979999999999995,0.0105486,0.0030165999999999999,-0.0079011999999999988,-0.00071580000000000059,0.0090290000000000006,-0.0039930000000000009,0.0029672000000000001,0.0020927999999999997,-0.0036725999999999998,0.00097300000000000002,-0.016712999999999999,0.0039909999999999998,0.0044819999999999999,-5.999999999999929e-06,0.0066150000000000002,-0.0036522000000000004,-0.0012930000000000001,0.0013556,0.0018341999999999998,-0.0019254000000000001,0.0014002000000000001,0.0027934000000000006,0.00027280000000000002,-0.0033414,-0.0010058000000000001,0.0012688,0.0026252000000000003,-0.0010015999999999998,-0.00082420000000000008,0.0014964000000000002,-0.0032767999999999999,-0.0026264000000000001,-0.0014522000000000003,0.00014320000000000004,-0.0013426,0.0022712000000000001,0.005118000000000001,-0.0029042,-0.0050648000000000004,0.0016655999999999997,0.0033503999999999999,0.0016565999999999996,0.0004825999999999997,0.0061246,-0.00082320000000000006,-0.0012772,0.0019621999999999999,0.00076779999999999991,-0.0057000000000000002,0.0015500000000000002,0.0073920000000000001,0.00042739999999999987,0.00096120000000000016,-0.000977,-0.00016360000000000029,-0.0033306,0.0064387999999999997,0.0062194000000000008,0.0079748000000000006,-0.0021644000000000004,0.0013998000000000001,0.0024586,-0.010890199999999999,0.0020077999999999997,-0.0149578,0.00018359999999999991,0.00029340000000000008,0.0035282000000000004,-0.001688,-0.00021680000000000001,-0.0026292000000000004,-0.00064600000000000009,-0.0019609999999999996,0.00093779999999999992,-0.00029240000000000006,-0.0033300000000000005,-0.0041808000000000001,-3.2399999999999934e-05,0.0033040000000000001,0.0017430000000000002,0.0005482000000000001,0.00095340000000000051,0.00066719999999999995,0.00016999999999999999,0.0043052000000000003,-0.0029332,0.00048700000000000002,-0.0013750000000000004,0.0017030000000000001,0.0025202000000000002,-0.0054068000000000007,-0.0010543999999999998,0.0015911999999999999,-0.0018656,-0.0014012000000000004,0.0012997999999999998,0.0024504000000000001,-6.8200000000000031e-05,-0.00054640000000000005,0.0046893999999999998,-0.0014727999999999998,0.00062139999999999982,0.006509,0.0011516000000000002,0.0022226000000000004,0.0016559999999999999,-1.8000000000000438e-05,-0.0014208000000000001,0.0011934000000000001,0.00072020000000000027,0.0025691999999999998,-0.0064062000000000008,8.4999999999999789e-05,-0.0028985999999999999,4.2000000000000045e-05,-0.0030818,-0.0011910000000000004,-0.0005176,0.0074854000000000006,0.0036614,0.0020660000000000001,0.0046788000000000003,-0.012425199999999999,-0.00078160000000000035,-0.0017162,-0.0014612000000000002,0.0012117999999999999,0.0021954000000000001,-0.00046660000000000001,0.0010828000000000003,-0.00088760000000000011,0.0033164000000000002,-0.0003882,0.00034679999999999997,0.00079340000000000009,-0.0024995999999999998,0.0015692,-0.0011956000000000002,-0.0039002000000000004,0.00071000000000000013,-0.0015394,0.0012129999999999999,0.0022626,-0.0016556000000000001,0.0020836000000000001,0.0013884000000000001,0.0001782000000000001,-0.0017784000000000003,-0.0017206000000000001,0.00055100000000000006,0.0016076,-0.0049164000000000013,0.0022966000000000006,-0.0033317999999999998,-0.0016372000000000001,0.0010200000000000005,-0.0049296000000000001,-0.0028653999999999997,-0.00048480000000000007,-0.0018568,-0.00078480000000000043,0.0031007999999999999,-0.0024164,-2.7199999999999902e-05,0.00055580000000000007,0.0012200000000000002,0.00089539999999999997,-0.00089939999999999985,0.0030232000000000002,0.0067248000000000004,-0.0029410000000000005,0.00041679999999999994,0.00090580000000000001,-0.0028038,0.0028450000000000003,0.0013465999999999999,-0.0033974000000000001,0.0057555999999999996,-0.0046353999999999996,-0.0011888000000000001,-0.00087720000000000007,0.0015216000000000001,0.010496200000000001,-0.00014519999999999963,0.0067740000000000005,8.0600000000000116e-05,-0.0040980000000000009,-0.00095959999999999991,0.00077300000000000003,0.0017493999999999999,6.0199999999999945e-05,0.00070480000000000033,-0.001467,-0.00012220000000000002,6.1999999999999881e-05,0.00050499999999999981,0.0018864000000000001,0.00042240000000000002,-0.00068939999999999995,0.00048640000000000011,-0.000368,0.001603,0.00076200000000000009,-0.0006646,-0.0015386000000000002,0.00098400000000000007,0.00036860000000000007,-0.0002342,0.00091140000000000004,-0.0022399999999999998,-0.000754,-0.001245,6.3399999999999996e-05,-0.00047239999999999999,-4.8600000000000206e-05,-0.00054020000000000001,0.00025399999999999967,0.0018824000000000002,-0.0017141999999999999,0.00010300000000000001,-0.0019599999999999999,0.0016282000000000002,0.0015265999999999999,0.0030892000000000003,0.00063399999999999991,0.0018737999999999999,-0.0011705999999999999,-0.00049700000000000005,-0.00281,-0.0019424000000000002,0.001604,0.0010378000000000002,-0.0023338,0.0018156000000000001,-0.00061060000000000021,-0.0018457999999999999,0.001044,0.0027934000000000006,0.0036378000000000001,0.00057339999999999995,0.00027040000000000007,-0.00095160000000000015,0.00061640000000000002,-0.0023410000000000002,0.0033588000000000003,0.0007404,0.0034896000000000003,0.0024721999999999999,-0.0019358000000000001,0.00056860000000000005,-0.0020346000000000001,-0.0007262000000000002,0.0022024000000000002,0.0016589999999999999,0.0041224,-0.00089459999999999995,2.8799999999999995e-05,0.0011180000000000001,-0.0019268000000000002,-0.0013014000000000001,0.0012861999999999999,-0.00070960000000000001,0.00039199999999999999,-0.0014984,-0.00022740000000000021,-0.0015176,3.0600000000000039e-05,-0.00016260000000000005,-0.00089340000000000003,0.00065439999999999997,6.1800000000000066e-05,0.00017280000000000003,0.00031280000000000001,0.00056419999999999994,-0.00026140000000000001,0.00092440000000000013,0.0019650000000000002,0.00081700000000000002,-0.0019072,0.0018636,0.0002922,-0.00045740000000000006,0.0015996000000000001,0.0017382000000000003,-0.00026499999999999999,-0.0010295999999999999,0.00042160000000000006,0.00098140000000000011,-0.0037449999999999996,0.00021459999999999998,0.0028582,-0.0017588,-0.0005258000000000001,-0.00082879999999999998,-0.0024659999999999999,0.00036740000000000004,-0.00078340000000000018,-0.0015972,0.00087060000000000002,-0.00058759999999999997,0.0023388000000000003,0.0029578,-0.0022623999999999999,0.00099660000000000005,-2.3399999999999945e-05,0.0010894000000000001,-0.0011582000000000001,0.0012547999999999999,0.00077800000000000015,0.0012638,-0.0027784000000000003,0.00072980000000000018,-0.00045980000000000012,-0.00059460000000000003,-0.00076199999999999998,0.00063180000000000007,0.0013902000000000001,0.00079980000000000003,-0.0010370000000000002,-0.0031625999999999998,0.0042974000000000007,0.0023754000000000006,0.0015882000000000001,0.00042480000000000008,0.0020309999999999998,0.0047622000000000003,-0.0030432000000000002,-0.0013691999999999999,-0.0027927999999999998,-0.0024767999999999999,0.00022479999999999999
aug_between_class_right_pair0013_child03,Healthy,0,0,Augmented,0,0,0,0,0,0.28725619999999996,2.0051405,6.9999999999999997e-07,-2.9999999999999993e-07,0,0.94720910000000003,4.1359030627651384e-25,0.034201000000000002,-0.13080349999999999,0.0193434,0.065992000000000009,-0.046289900000000002,0.076837900000000001,0.0083282999999999986,-0.00014759999999999947,-0.0203552,-0.1025537,0.30039510000000003,-0.049985100000000005,-0.019629899999999999,0.079617199999999999,0.019665099999999994,-0.0147473,-0.0032139,-0.051046099999999997,0.015768999999999998,0.012582599999999999,-0.050021799999999998,0.0046327999999999994,-0.100229,0.006567700000000001,0.039143800000000006,-0.010040500000000001,0.021055600000000001,0.0094361000000000011,-0.0283734,0.028521900000000003,-0.084909399999999996,-0.041001100000000006,0.10030359999999999,-0.032835900000000001,0.19747209999999998,-0.0351157,0.007640000000000001,0.00048469999999999937,-0.013685300000000001,-0.013436099999999999,-0.0012753,0.041979900000000001,-0.0018336000000000001,-0.0029064000000000008,-0.0067126,-0.0157809,0.010880600000000001,0.0270935,0.0226611,0.0067725000000000007,0.0061186000000000001,0.0046711000000000001,0.0179215,-0.040227100000000002,0.005359899999999999,-0.00067619999999999963,-0.0065920999999999983,0.018171400000000001,-0.089376400000000009,-0.0116185,-0.035611700000000003,-0.0070675000000000026,0.015784300000000001,-0.0012571000000000001,0.00084639999999999997,0.023764999999999998,0.0078061999999999993,0.00038310000000000015,-0.016934699999999997,0.0062945000000000006,0.010682500000000001,-0.0056798999999999999,0.0043432999999999996,0.0049002000000000004,-0.0111997,0.0019169999999999997,0.0049379000000000003,0.0034787999999999998,-0.0074396000000000002,-0.013602899999999999,0.017508900000000001,-0.014181299999999999,-0.010463500000000001,0.0012475000000000003,0.0018666999999999998,-0.0015276999999999999,-0.0035514000000000014,-0.0011949999999999999,0.0069491000000000006,-0.012520699999999999,0.0055633000000000002,0.012445100000000001,0.0088856000000000004,0.0206748,-0.022187999999999999,0.0037488,0.0013650000000000001,-0.0022778999999999998,-0.0079352999999999993,0.0105621,-0.0026816000000000001,-0.0034051999999999997,-0.0019878000000000001,0.0027666000000000001,-0.0019686999999999994,-0.0018936000000000001,0.0037677000000000001,0.0069170999999999998,-0.00057980000000000011,-0.0023201000000000003,0.0060742999999999995,-0.0045120999999999998,0.0015790000000000005,-0.0036188000000000001,0.011329800000000001,-0.0070209999999999995,-0.0090582000000000006,0.0047878,-0.0028619000000000001,0.0090609000000000002,-0.0070058000000000004,-0.0025921000000000004,0.0157488,0.0055588,-0.0020011,-0.0039302,-0.013161300000000001,-0.0016074000000000001,-0.0114993,-0.0088217,0.0017642999999999999,-0.0021945999999999997,0.0018241999999999989,-0.00028399999999999942,-0.0010988,-0.0011739999999999999,-0.0012033,-0.0054003999999999996,-0.00056669999999999984,0.0024120000000000001,-0.0063803000000000002,0.0016259999999999998,-0.0021538999999999998,0.0020988999999999999,0.00020850000000000003,0.0017761999999999999,0.0064606000000000004,-7.9699999999999972e-05,-9.0500000000000302e-05,-0.0015246000000000001,0.00059549999999999989,-0.00086080000000000011,-0.0065119000000000002,-0.0026937999999999997,0.0079354999999999998,0.0013686,-0.0010982999999999998,-0.0018801,0.0028190999999999993,-0.0012895999999999993,-0.0034617999999999993,-0.0119393,0.0031096000000000001,-0.00049169999999999986,0.0093513999999999993,0.0031694000000000002,-0.0073742999999999994,-6.6699999999999832e-05,0.0099574999999999993,-0.0039300000000000003,0.0033127999999999999,0.0022132000000000011,-0.0045049000000000001,0.0010640000000000001,-0.015635999999999997,0.0033854999999999996,0.005568,-0.00020449999999999982,0.0065755000000000006,-0.0037882999999999997,-0.001333,0.0015238999999999999,0.0015902999999999998,-0.0020791,0.0015877999999999999,0.0026161000000000001,0.00017219999999999996,-0.0036816000000000002,-0.00052270000000000007,0.00097270000000000017,0.0028567999999999996,-0.00097339999999999992,-0.0008208,0.0014651,-0.0034696999999999992,-0.0027110999999999997,-0.0012328000000000003,0.0003793,-0.0011489,0.0020322999999999999,0.0048340000000000006,-0.0028513000000000002,-0.0050866999999999996,0.0016974,0.0030356000000000003,0.0016628999999999999,0.00083289999999999992,0.0057803999999999998,-0.00085130000000000004,-0.00094679999999999992,0.0020057999999999999,0.00084119999999999941,-0.0058174999999999998,0.0020309999999999998,0.0070895000000000003,-0.00012690000000000054,0.00078379999999999986,-0.0010234999999999997,8.1000000000000343e-06,-0.0030688999999999998,0.0064507000000000002,0.0057050999999999994,0.0079007000000000001,-0.0022560999999999996,0.0015237000000000002,0.0029323999999999999,-0.0101323,0.0020206999999999998,-0.014617699999999997,0.00043589999999999948,0.00076910000000000086,0.0033568000000000001,-0.0018,-0.00040420000000000001,-0.0027228,-0.00062900000000000011,-0.0017019999999999997,0.00086669999999999998,-0.00058560000000000014,-0.0032114999999999999,-0.0037916999999999994,-0.00024859999999999986,0.0031779999999999998,0.0019145000000000002,0.00014829999999999992,0.00097560000000000008,0.00084029999999999988,0.00041750000000000001,0.0044378000000000004,-0.0026682999999999998,2.4000000000000041e-05,-0.0011565,0.0013179999999999999,0.0026532999999999999,-0.0050112000000000004,-0.00095109999999999965,0.0014362999999999999,-0.0019829000000000001,-0.0015387999999999999,0.0012672,0.0017060999999999995,-0.00020579999999999991,-0.0005641,0.0047990999999999997,-0.0016881999999999999,0.00076309999999999963,0.0059040000000000004,0.00084090000000000011,0.0020003999999999998,0.0016375000000000001,0.00027049999999999991,-0.0014557000000000001,0.0018005999999999999,0.00092130000000000033,0.0025913000000000004,-0.0062658000000000002,0.00038900000000000002,-0.0029869000000000002,0.00022100000000000006,-0.0031162,-0.00098300000000000015,-0.00044289999999999998,0.0070990999999999997,0.0038996,0.0026094999999999998,0.0053102000000000002,-0.012274799999999999,-0.00078339999999999963,-0.0017193,-0.0016822999999999999,0.0010901999999999999,0.0022976000000000003,-0.0006399000000000001,0.0010896999999999997,-0.0011169000000000001,0.0033911000000000002,-0.00038429999999999996,0.00050019999999999991,0.00070310000000000001,-0.0023058999999999996,0.0015753,-0.0012103999999999999,-0.0036838000000000001,0.00077800000000000005,-0.0015646,0.0012689999999999999,0.0025173999999999999,-0.0018113999999999999,0.0021899000000000003,0.0015131000000000001,0.00015030000000000013,-0.0015306,-0.0015824000000000001,0.00037999999999999997,0.0015579000000000001,-0.0046451000000000001,0.0021929000000000002,-0.0029111999999999996,-0.0017707999999999999,0.00098149999999999995,-0.0049248999999999994,-0.0027400999999999997,-0.0007941999999999999,-0.0015866999999999999,-0.0010456999999999997,0.0029542000000000001,-0.0026040999999999998,-0.00012980000000000007,0.00065070000000000004,0.0011945,0.00070609999999999998,-0.00084509999999999989,0.0028503000000000001,0.0064297,-0.0028295000000000004,0.00051669999999999982,0.00099320000000000007,-0.0027177,0.0027899999999999999,0.0011964,-0.0034685999999999996,0.0054868999999999994,-0.0039945999999999992,-0.0013822000000000001,-0.00088380000000000002,0.0012744,0.010254300000000001,-0.00030630000000000002,0.0065680000000000001,-9.5599999999999505e-05,-0.0039760000000000004,-0.0010873999999999999,0.00094600000000000001,0.0016050999999999999,0.00022079999999999995,0.00067769999999999994,-0.0014415000000000001,-0.00012380000000000005,0.00033100000000000002,0.00033249999999999979,0.0018456000000000002,0.00051310000000000006,-0.00075359999999999999,0.00026110000000000006,-0.00013500000000000008,0.001823,0.00060249999999999974,-0.0006489,-0.0011834000000000003,0.00087050000000000018,0.00062440000000000011,-0.00044779999999999999,0.00076060000000000006,-0.0022905,-0.00087299999999999997,-0.0012625,0.00023010000000000001,-0.00068760000000000002,-1.0899999999999885e-05,-0.00039229999999999999,0.00018699999999999988,0.0018016,-0.0018362999999999997,0.00041600000000000003,-0.0018210000000000001,0.0014108000000000002,0.0016269000000000001,0.0030033,0.00055899999999999993,0.0018272,-0.0011383999999999999,-0.00049050000000000005,-0.0025444999999999995,-0.0018465999999999999,0.0012204999999999998,0.0011776999999999998,-0.0022262000000000002,0.0016274,-0.00046690000000000013,-0.0019477000000000001,0.0013109999999999999,0.0027856000000000001,0.0031037,0.00037910000000000027,0.00028260000000000004,-0.00089139999999999987,0.00093610000000000015,-0.0028339999999999997,0.0035597000000000003,0.00079710000000000002,0.0030929,0.0022163,-0.0018412000000000001,0.00068139999999999997,-0.0014713999999999999,-0.0010473000000000001,0.0023855999999999999,0.0021604999999999997,0.0036400999999999998,-0.0010889000000000001,3.8700000000000019e-05,0.0013025000000000001,-0.0018997,-0.0012611,0.0014318,-0.00074290000000000001,0.00052000000000000006,-0.0016221,-0.00034560000000000005,-0.0014393999999999998,0.00011589999999999994,-0.00022389999999999986,-0.0008386,0.00061659999999999981,0.00030420000000000008,0.00024920000000000004,0.0004772,0.00057430000000000003,-0.00027609999999999999,0.00093059999999999996,0.0019070000000000001,0.00069549999999999994,-0.0016457999999999998,0.0020283999999999996,0.00015430000000000001,-0.0003076000000000001,0.0017434,0.0016892999999999999,-0.00035149999999999998,-0.00090189999999999997,0.00024889999999999998,0.00096160000000000006,-0.0034484999999999993,0.00025389999999999999,0.0029633000000000003,-0.0014821999999999997,-0.00031570000000000003,-0.00070769999999999991,-0.0026505000000000001,0.00012559999999999991,-0.00049609999999999986,-0.0019227999999999999,0.00089839999999999994,-0.00033439999999999994,0.0022462000000000003,0.0024267,-0.0020120999999999997,0.00081489999999999991,0.00017289999999999997,0.00088960000000000016,-0.0011183,0.0014906999999999998,0.00064700000000000011,0.0013132,-0.0026736000000000004,0.00082169999999999997,-0.00020519999999999978,-9.6399999999999958e-05,-0.00090949999999999983,0.00084170000000000002,0.0012117999999999999,0.00049870000000000014,-0.0010250000000000003,-0.0031433999999999998,0.0042431000000000005,0.0025826000000000004,0.0016252999999999999,0.00069870000000000002,0.001846,0.0043357999999999999,-0.0028938000000000002,-0.0014907999999999998,-0.0026007000000000001,-0.0024627,0.00033270000000000001
aug_between_class_right_pair0013_child04,Healthy,0,0,Augmented,0,0,0,0,0,0.28320659999999998,1.9804249999999999,5.9999999999999997e-07,-3.9999999999999993e-07,0,0.94875380000000009,0,0.034526000000000001,-0.12790299999999999,0.018338199999999999,0.065637000000000001,-0.048762200000000006,0.074041200000000001,0.0058934,0.00057320000000000027,-0.019516599999999999,-0.099258600000000002,0.29706379999999999,-0.052423800000000007,-0.016481200000000001,0.077774599999999999,0.014628799999999997,-0.014639399999999999,-0.0032602,-0.051804799999999998,0.012643999999999997,0.0144908,-0.046792399999999998,0.0056924000000000002,-0.098692000000000002,0.0066456000000000006,0.039142400000000001,-0.0090139999999999994,0.019143799999999999,0.0120038,-0.029723199999999998,0.027235200000000001,-0.078844200000000003,-0.0455418,0.097753800000000002,-0.036665200000000002,0.1929738,-0.031960600000000006,0.0074620000000000008,0.00028159999999999991,-0.0122104,-0.0136358,-0.0011534000000000002,0.041585200000000003,-0.0017507999999999998,-0.0032002000000000003,-0.0075548000000000004,-0.016346199999999998,0.0117918,0.024631,0.021356799999999999,0.0075919999999999998,0.0056698000000000009,0.0037857999999999998,0.018652000000000002,-0.039575800000000001,0.0058092000000000005,9.4000000000001201e-06,-0.0061028000000000002,0.019878199999999999,-0.087631200000000006,-0.010562000000000002,-0.033427600000000002,-0.0096610000000000029,0.0142334,-0.0013978,0.00069819999999999995,0.023635,0.0075845999999999995,0.00061180000000000023,-0.016103599999999999,0.0057629999999999999,0.010067,-0.0060441999999999996,0.0038203999999999998,0.0037576000000000003,-0.010843599999999998,0.0012409999999999999,0.0048512,0.0028113999999999995,-0.0069227999999999998,-0.013504199999999999,0.017994200000000002,-0.0139264,-0.0099329999999999991,0.00032500000000000064,0.0025445999999999993,-0.0011256,-0.0035152000000000004,-0.00017399999999999881,0.0061038000000000004,-0.013583599999999999,0.0051523999999999997,0.013282800000000001,0.0097788000000000007,0.0206444,-0.021922000000000001,0.0055074000000000008,0.00097899999999999984,-0.0021761999999999997,-0.0078563999999999995,0.0104388,-0.0027908,-0.0032435999999999997,-0.0021614000000000004,0.0030318000000000003,-0.0022475999999999998,-0.0015797999999999997,0.0031936,0.0064897999999999996,-0.00046540000000000036,-0.0025168000000000005,0.0055353999999999993,-0.0046327999999999994,0.0017400000000000002,-0.0036144000000000003,0.011580400000000001,-0.006463,-0.0090126000000000008,0.0046543999999999995,-0.0026882,0.0087951999999999995,-0.0070114000000000001,-0.0027858000000000002,0.016330400000000002,0.0044673999999999998,-0.0014777999999999996,-0.0027205999999999997,-0.0126424,-0.0015091999999999996,-0.011665399999999999,-0.0093925999999999992,0.0024624,-0.0031667999999999996,0.00077459999999999899,0.0010960000000000008,-0.0012274,-0.001289,-0.00097439999999999983,-0.0053622000000000001,-9.6599999999999963e-05,0.0019909999999999997,-0.0058104000000000003,0.001181,-0.0016521999999999997,0.0020262000000000001,0.00065400000000000007,0.0019596000000000001,0.0067077999999999999,-0.00013660000000000001,-9.3000000000000201e-05,-0.00098479999999999987,0.00062399999999999999,-0.00073740000000000003,-0.0062772000000000001,-0.0024274000000000001,0.0079839999999999998,0.00063679999999999943,-0.0013453999999999999,-0.0016487999999999997,0.0023088000000000002,-0.0015478000000000002,-0.0025713999999999993,-0.011717399999999999,0.0030918,-0.00079360000000000021,0.0081541999999999986,0.0033222,-0.0068473999999999991,0.00058240000000000039,0.010886,-0.0038669999999999998,0.0036584000000000005,0.0023336000000000008,-0.0053372000000000003,0.001155,-0.014558999999999999,0.0027800000000000004,0.0066540000000000002,-0.00040300000000000058,0.0065360000000000001,-0.0039243999999999998,-0.0013730000000000001,0.0016922,0.0013464000000000002,-0.0022328000000000001,0.0017753999999999999,0.0024388000000000001,7.1599999999999897e-05,-0.0040217999999999999,-3.9599999999999878e-05,0.00067660000000000007,0.0030884000000000007,-0.00094519999999999999,-0.00081740000000000003,0.0014338,-0.0036625999999999998,-0.0027957999999999998,-0.0010134,0.0006154000000000001,-0.00095519999999999991,0.0017934000000000001,0.0045500000000000002,-0.0027983999999999999,-0.0051086000000000005,0.0017292,0.0027207999999999998,0.0016692000000000002,0.0011832000000000001,0.0054361999999999995,-0.00087940000000000002,-0.0006163999999999997,0.0020493999999999998,0.00091459999999999979,-0.0059350000000000002,0.0025120000000000003,0.0067870000000000005,-0.00068120000000000051,0.00060639999999999999,-0.0010699999999999998,0.00017979999999999993,-0.0028071999999999997,0.0064626000000000006,0.0051907999999999998,0.0078266000000000013,-0.0023477999999999997,0.0016476000000000004,0.0034061999999999999,-0.0093743999999999997,0.0020336,-0.014277599999999998,0.00068819999999999992,0.0012448000000000008,0.0031853999999999997,-0.0019120000000000001,-0.00059160000000000007,-0.0028164000000000002,-0.00061200000000000002,-0.0014429999999999998,0.00079560000000000004,-0.00087880000000000011,-0.0030929999999999998,-0.0034025999999999995,-0.00046479999999999991,0.003052,0.0020859999999999997,-0.00025160000000000004,0.00099780000000000008,0.0010134,0.00066500000000000012,0.0045704000000000005,-0.0024034,-0.00043900000000000005,-0.00093800000000000003,0.0009329999999999998,0.0027864000000000001,-0.0046156000000000001,-0.0008477999999999999,0.0012814,-0.0021002,-0.0016764000000000002,0.0012345999999999998,0.00096179999999999931,-0.00034339999999999935,-0.00058179999999999994,0.0049087999999999996,-0.0019035999999999999,0.00090480000000000009,0.0052989999999999999,0.00053019999999999999,0.0017782000000000002,0.0016190000000000002,0.00055899999999999982,-0.0014906000000000001,0.0024078000000000003,0.0011224000000000008,0.0026134000000000001,-0.0061254000000000005,0.00069300000000000004,-0.0030752000000000002,0.00039999999999999996,-0.0031505999999999999,-0.00077499999999999986,-0.00036819999999999995,0.0067127999999999997,0.0041378000000000005,0.0031530000000000004,0.0059416000000000009,-0.012124399999999999,-0.00078519999999999979,-0.0017224,-0.0019034000000000002,0.0009685999999999998,0.0023998000000000001,-0.00081320000000000025,0.0010965999999999999,-0.0013461999999999999,0.0034658000000000002,-0.00038040000000000003,0.00065360000000000006,0.00061280000000000004,-0.0021121999999999998,0.0015814000000000002,-0.0012252000000000001,-0.0034674000000000003,0.00084600000000000018,-0.0015897999999999999,0.001325,0.0027722000000000003,-0.0019671999999999997,0.0022962,0.0016378,0.00012240000000000016,-0.0012828,-0.0014442000000000001,0.00020899999999999998,0.0015081999999999999,-0.0043738000000000006,0.0020891999999999998,-0.0024905999999999999,-0.0019044000000000001,0.00094300000000000004,-0.0049201999999999996,-0.0026147999999999996,-0.0011035999999999999,-0.0013165999999999998,-0.0013066000000000002,0.0028075999999999999,-0.0027918000000000001,-0.00023240000000000001,0.00074560000000000013,0.0011689999999999999,0.00051679999999999999,-0.00079079999999999992,0.0026773999999999999,0.0061346000000000005,-0.0027179999999999999,0.00061660000000000003,0.0010806000000000001,-0.0026316,0.002735,0.0010462,-0.0035398000000000001,0.0052181999999999992,-0.0033537999999999997,-0.0015755999999999999,-0.00089040000000000007,0.0010271999999999998,0.010012399999999999,-0.00046739999999999998,0.0063619999999999996,-0.00027179999999999999,-0.0038540000000000002,-0.0012151999999999998,0.001119,0.0014607999999999999,0.00038139999999999995,0.0006506000000000002,-0.0014160000000000002,-0.00012540000000000001,0.00059999999999999984,0.0001599999999999999,0.0018048000000000003,0.00060380000000000004,-0.00081780000000000004,3.5800000000000111e-05,9.7999999999999997e-05,0.0020430000000000001,0.00044299999999999982,-0.0006332,-0.00082820000000000007,0.00075700000000000008,0.00088020000000000025,-0.00066140000000000003,0.00060979999999999997,-0.0023409999999999998,-0.00099200000000000004,-0.0012799999999999999,0.00039680000000000005,-0.00090280000000000004,2.6800000000000001e-05,-0.00024439999999999998,0.00011999999999999988,0.0017207999999999998,-0.0019583999999999999,0.00072900000000000005,-0.0016820000000000001,0.0011933999999999998,0.0017271999999999999,0.0029174000000000001,0.00048399999999999973,0.0017806,-0.0011061999999999999,-0.00048400000000000006,-0.0022789999999999998,-0.0017508000000000001,0.00083699999999999985,0.0013176000000000004,-0.0021186,0.0014391999999999999,-0.00032320000000000005,-0.0020495999999999999,0.001578,0.0027777999999999995,0.0025696,0.00018479999999999972,0.00029480000000000023,-0.00083120000000000025,0.0012558000000000001,-0.0033270000000000005,0.0037606000000000002,0.00085379999999999994,0.0026962000000000002,0.0019604000000000002,-0.0017466000000000001,0.00079420000000000011,-0.00090819999999999974,-0.0013684000000000001,0.0025687999999999996,0.0026619999999999999,0.0031578000000000001,-0.0012832,4.8599999999999989e-05,0.0014869999999999998,-0.0018726000000000001,-0.0012208,0.0015773999999999999,-0.00077620000000000011,0.00064800000000000003,-0.0017458,-0.00046380000000000011,-0.0013611999999999999,0.00020120000000000001,-0.0002852000000000001,-0.00078379999999999997,0.00057879999999999997,0.00054660000000000006,0.0003256,0.00064160000000000009,0.0005844,-0.00029080000000000002,0.00093680000000000022,0.0018490000000000002,0.00057399999999999986,-0.0013843999999999998,0.0021932000000000002,1.6399999999999965e-05,-0.00015780000000000004,0.0018872000000000001,0.0016404,-0.00043799999999999997,-0.00077419999999999984,7.6199999999999982e-05,0.00094179999999999991,-0.0031519999999999999,0.00029319999999999997,0.0030684000000000006,-0.0012055999999999998,-0.00010560000000000001,-0.00058659999999999995,-0.0028349999999999998,-0.00011620000000000011,-0.00020879999999999987,-0.0022484000000000002,0.00092619999999999996,-8.119999999999986e-05,0.0021536000000000003,0.0018956000000000001,-0.0017617999999999998,0.0006332,0.00036920000000000008,0.00068980000000000018,-0.0010784000000000002,0.0017266,0.00051599999999999986,0.0013626000000000001,-0.0025688000000000004,0.0009136000000000002,4.9400000000000225e-05,0.00040180000000000012,-0.001057,0.0010516000000000002,0.0010333999999999999,0.00019760000000000003,-0.001013,-0.0031241999999999997,0.0041888000000000003,0.0027898000000000003,0.0016624000000000001,0.00097260000000000011,0.0016609999999999997,0.0039094000000000004,-0.0027444000000000001,-0.0016123999999999999,-0.0024086000000000003,-0.0024486,0.00044060000000000008
aug_between_class_right_pair0013_child05,TLE,1,1,Augmented,0,0,0,0,0,0.2751074,1.9309940000000001,4.0000000000000003e-07,-5.9999999999999997e-07,0,0.9518432,0,0.035175999999999999,-0.122102,0.0163278,0.064926999999999999,-0.053706799999999999,0.068447800000000003,0.0010236000000000004,0.0020147999999999998,-0.017839399999999998,-0.092668399999999998,0.29040120000000003,-0.057301199999999997,-0.010183800000000002,0.0740894,0.004556199999999999,-0.0144236,-0.0033528,-0.0533222,0.0063939999999999969,0.018307200000000003,-0.040333599999999997,0.0078116000000000001,-0.095617999999999995,0.0068014,0.039139600000000004,-0.0069610000000000002,0.015320200000000001,0.0171392,-0.032422800000000002,0.024661800000000001,-0.066713800000000004,-0.054623200000000004,0.092654199999999992,-0.044323799999999997,0.18397720000000001,-0.025650400000000004,0.0071060000000000003,-0.00012459999999999988,-0.0092606000000000008,-0.014035199999999999,-0.00090959999999999999,0.0407958,-0.0015851999999999997,-0.0037878,-0.0092391999999999995,-0.017476800000000001,0.0136142,0.019706000000000001,0.0187482,0.0092309999999999996,0.0047722000000000007,0.0020152,0.020112999999999999,-0.0382732,0.0067077999999999999,0.0013805999999999994,-0.0051242000000000006,0.023291800000000001,-0.084140800000000002,-0.0084490000000000016,-0.029059399999999999,-0.014848000000000002,0.0111316,-0.0016791999999999998,0.00040180000000000001,0.023375,0.0071414,0.0010692000000000002,-0.0144414,0.0047000000000000002,0.0088360000000000001,-0.006772799999999999,0.0027745999999999999,0.0014724000000000009,-0.010131399999999999,-0.00011100000000000042,0.0046778000000000002,0.0014765999999999989,-0.0058891999999999998,-0.013306800000000001,0.0189648,-0.013416600000000001,-0.0088719999999999997,-0.0015200000000000001,0.0039003999999999983,-0.00032140000000000033,-0.0034428000000000002,0.0018679999999999999,0.0044131999999999999,-0.015709399999999998,0.0043306000000000004,0.0149582,0.011565199999999999,0.020583600000000001,-0.021389999999999999,0.0090245999999999989,0.00020700000000000026,-0.0019727999999999998,-0.0076985999999999999,0.0101922,-0.0030092000000000001,-0.0029204000000000001,-0.0025086000000000002,0.0035622000000000002,-0.0028053999999999996,-0.00095220000000000027,0.0020454000000000002,0.0056351999999999999,-0.0002366,-0.0029102000000000004,0.0044576000000000008,-0.0048741999999999995,0.002062,-0.0036056,0.012081600000000001,-0.0053470000000000002,-0.0089213999999999995,0.0043876000000000002,-0.0023408000000000001,0.0082638,-0.0070226000000000004,-0.0031732000000000002,0.017493599999999998,0.0022846000000000003,-0.00043120000000000051,-0.0003014000000000005,-0.0116046,-0.0013127999999999998,-0.011997600000000001,-0.010534399999999999,0.0038585999999999998,-0.0051111999999999989,-0.0013246000000000004,0.0038560000000000005,-0.0014846,-0.001519,-0.00051660000000000009,-0.0052858000000000002,0.00084359999999999991,0.0011490000000000001,-0.0046706000000000004,0.00029100000000000013,-0.00064880000000000016,0.0018808,0.0015449999999999997,0.0023263999999999997,0.0072022000000000006,-0.00025039999999999996,-9.7999999999999563e-05,9.4799999999999702e-05,0.00068099999999999996,-0.00049060000000000011,-0.0058078000000000001,-0.0018946,0.0080809999999999996,-0.0008267999999999995,-0.0018395999999999998,-0.0011861999999999999,0.0012882000000000002,-0.0020641999999999995,-0.00079059999999999981,-0.0112736,0.0030562000000000002,-0.0013973999999999996,0.0057597999999999998,0.0036277999999999996,-0.0057936000000000003,0.0018806000000000001,0.012742999999999999,-0.0037409999999999995,0.0043496000000000003,0.0025744000000000001,-0.0070017999999999999,0.0013370000000000001,-0.012404999999999999,0.0015690000000000001,0.0088260000000000005,-0.00080000000000000036,0.0064570000000000001,-0.0041966,-0.0014530000000000001,0.0020287999999999999,0.00085859999999999973,-0.0025401999999999998,0.0021505999999999999,0.0020842000000000005,-0.00012960000000000001,-0.0047022000000000001,0.00092659999999999997,8.44000000000001e-05,0.0035515999999999994,-0.00088879999999999992,-0.00081059999999999997,0.0013711999999999999,-0.0040483999999999989,-0.0029651999999999999,-0.00057460000000000009,0.0010876,-0.00056780000000000025,0.0013156000000000001,0.0039820000000000012,-0.0026926000000000003,-0.0051523999999999997,0.0017927999999999998,0.0020912000000000001,0.0016817999999999996,0.0018837999999999999,0.0047477999999999999,-0.00093559999999999997,4.4399999999999995e-05,0.0021366000000000002,0.0010613999999999997,-0.0061700000000000001,0.0034740000000000001,0.006182,-0.0017898000000000002,0.00025159999999999983,-0.001163,0.00052319999999999971,-0.0022837999999999999,0.0064863999999999998,0.0041622000000000004,0.0076784000000000002,-0.0025311999999999999,0.0018954000000000002,0.0043537999999999997,-0.0078586000000000003,0.0020594000000000003,-0.013597400000000001,0.0011927999999999999,0.0021962000000000006,0.0028425999999999998,-0.0021359999999999999,-0.00096639999999999996,-0.0030036000000000004,-0.00057800000000000006,-0.00092499999999999993,0.00065340000000000005,-0.0014652000000000001,-0.002856,-0.0026243999999999998,-0.0008971999999999998,0.0028,0.0024290000000000002,-0.0010514000000000001,0.0010422000000000001,0.0013595999999999999,0.00116,0.0048356000000000007,-0.0018736,-0.0013649999999999999,-0.00050100000000000014,0.00016300000000000017,0.0030525999999999999,-0.0038244000000000004,-0.00064119999999999997,0.00097159999999999998,-0.0023348000000000002,-0.0019515999999999999,0.0011694000000000001,-0.00052680000000000023,-0.00061859999999999997,-0.00061719999999999993,0.0051281999999999994,-0.0023343999999999999,0.0011881999999999999,0.0040890000000000006,-9.1199999999999777e-05,0.0013338000000000004,0.0015820000000000001,0.0011359999999999999,-0.0015604,0.0036222000000000003,0.0015246000000000001,0.0026576,-0.0058446000000000001,0.0013010000000000001,-0.0032518,0.00075799999999999988,-0.0032194000000000003,-0.00035899999999999973,-0.0002187999999999999,0.0059401999999999996,0.0046141999999999997,0.0042399999999999998,0.0072044000000000006,-0.0118236,-0.00078879999999999966,-0.0017286000000000001,-0.0023456000000000002,0.00072539999999999996,0.0026042000000000001,-0.0011597999999999999,0.0011103999999999999,-0.0018048000000000001,0.0036151999999999998,-0.00037259999999999995,0.00096039999999999993,0.0004322000000000001,-0.0017247999999999999,0.0015936000000000001,-0.0012547999999999999,-0.0030346000000000001,0.00098200000000000002,-0.0016401999999999999,0.0014369999999999999,0.0032818000000000001,-0.0022788000000000001,0.0025088000000000003,0.0018871999999999999,6.6599999999999993e-05,-0.00078720000000000005,-0.0011678000000000001,-0.00013299999999999998,0.0014088,-0.0038312000000000008,0.0018818000000000001,-0.0016493999999999997,-0.0021716000000000001,0.00086600000000000002,-0.0049107999999999999,-0.0023641999999999999,-0.0017223999999999998,-0.00077640000000000001,-0.0018284,0.0025144,-0.0031671999999999998,-0.0004375999999999999,0.00093539999999999997,0.0011180000000000001,0.00013820000000000011,-0.00068219999999999999,0.0023316000000000001,0.0055444000000000005,-0.0024949999999999998,0.00081639999999999989,0.0012554,-0.0024594,0.0026250000000000002,0.00074579999999999991,-0.0036822000000000001,0.0046807999999999997,-0.0020721999999999997,-0.0019624,-0.00090359999999999995,0.00053280000000000005,0.0095285999999999999,-0.00078959999999999979,0.0059500000000000004,-0.00062419999999999923,-0.0036100000000000004,-0.0014707999999999998,0.0014649999999999999,0.0011722,0.00070259999999999995,0.00059639999999999997,-0.0013650000000000001,-0.00012860000000000004,0.0011379999999999999,-0.00018500000000000005,0.0017232000000000003,0.0007852,-0.00094619999999999991,-0.00041479999999999989,0.00056399999999999994,0.002483,0.00012399999999999976,-0.00060179999999999999,-0.00011780000000000037,0.0005300000000000002,0.0013918000000000003,-0.0010885999999999999,0.00030820000000000006,-0.0024419999999999997,-0.00123,-0.001315,0.00073020000000000008,-0.0013332000000000001,0.00010219999999999999,5.1400000000000057e-05,-1.4000000000000123e-05,0.0015592000000000002,-0.0022025999999999999,0.0013549999999999999,-0.0014040000000000001,0.00075860000000000012,0.0019277999999999999,0.0027456,0.00033399999999999999,0.0016873999999999999,-0.0010417999999999998,-0.00047100000000000006,-0.001748,-0.0015592,6.9999999999999858e-05,0.0015974000000000006,-0.0019034,0.0010628,-3.5800000000000111e-05,-0.0022534,0.0021119999999999997,0.0027622000000000002,0.0015014000000000002,-0.00020380000000000007,0.00031920000000000017,-0.00071079999999999993,0.0018952000000000005,-0.004313,0.0041623999999999993,0.00096719999999999998,0.0019028000000000003,0.0014486000000000002,-0.0015574,0.0010198,0.00021819999999999977,-0.0020106,0.0029351999999999998,0.0036649999999999986,0.0021932000000000002,-0.0016717999999999998,6.8399999999999982e-05,0.001856,-0.0018184,-0.0011402000000000001,0.0018685999999999998,-0.00084279999999999999,0.00090399999999999996,-0.0019932000000000001,-0.0007002,-0.0012047999999999998,0.00037179999999999998,-0.00040779999999999994,-0.00067420000000000002,0.00050320000000000009,0.0010314,0.00047840000000000003,0.00097039999999999984,0.00060459999999999995,-0.00032019999999999998,0.00094920000000000009,0.0017329999999999999,0.00033099999999999997,-0.00086160000000000013,0.0025227999999999995,-0.0002593999999999998,0.00014180000000000009,0.0021748000000000002,0.0015426000000000001,-0.000611,-0.00051879999999999993,-0.00026919999999999998,0.00090220000000000003,-0.0025590000000000001,0.00037179999999999998,0.0032786000000000004,-0.00065240000000000003,0.00031459999999999995,-0.00034440000000000002,-0.0032039999999999994,-0.00059979999999999994,0.00036579999999999995,-0.0028996,0.0009817999999999999,0.00042519999999999998,0.0019683999999999999,0.00083339999999999987,-0.0012612000000000001,0.00026980000000000011,0.00076179999999999987,0.00029020000000000011,-0.0009986000000000001,0.0021983999999999997,0.00025399999999999999,0.0014614000000000001,-0.0023592000000000001,0.0010974000000000001,0.00055860000000000003,0.0013982000000000003,-0.0013519999999999999,0.0014714000000000001,0.00067660000000000007,-0.00040459999999999953,-0.00098900000000000008,-0.0030857999999999997,0.0040802000000000008,0.0032042000000000008,0.0017366,0.0015203999999999999,0.001291,0.0030566,-0.0024456,-0.0018555999999999998,-0.0020244,-0.0024204000000000001,0.00065640000000000002
aug_between_class_right_pair0013_child06,TLE,1,1,Augmented,0,0,0,0,0,0.27105780000000002,1.9062785,3.0000000000000004e-07,-6.9999999999999986e-07,0,0.95338790000000007,0,0.035500999999999998,-0.1192015,0.015322599999999999,0.064572000000000004,-0.056179099999999996,0.065651100000000004,-0.0014112999999999984,0.0027355999999999995,-0.0170008,-0.089373300000000003,0.28706989999999999,-0.059739899999999999,-0.0070351000000000025,0.0722468,-0.00048010000000000067,-0.014315699999999999,-0.0033991,-0.054080900000000001,0.0032690000000000011,0.020215400000000001,-0.037104200000000004,0.0088711999999999992,-0.094080999999999998,0.0068792999999999997,0.039138200000000005,-0.0059344999999999988,0.013408400000000001,0.019706899999999999,-0.0337726,0.023375100000000003,-0.060648600000000004,-0.059163899999999998,0.090104400000000001,-0.048153099999999997,0.1794789,-0.022495300000000003,0.006928000000000001,-0.00032769999999999978,-0.0077857000000000004,-0.0142349,-0.00078770000000000012,0.040401100000000002,-0.0015023999999999999,-0.0040816000000000003,-0.010081399999999999,-0.018042099999999998,0.014525400000000001,0.017243500000000002,0.017443899999999998,0.0100505,0.0043234000000000015,0.0011299000000000001,0.020843500000000001,-0.0376219,0.0071570999999999996,0.0020661999999999994,-0.0046349,0.024998599999999999,-0.082395599999999999,-0.0073925000000000015,-0.026875300000000001,-0.017441499999999999,0.009580700000000001,-0.0018199000000000002,0.00025359999999999998,0.023245000000000002,0.0069198000000000003,0.0012979000000000001,-0.013610300000000001,0.0041685000000000003,0.0082205000000000004,-0.0071370999999999987,0.0022517000000000001,0.00032980000000000075,-0.0097753000000000007,-0.00078699999999999994,0.0045910999999999999,0.00080920000000000037,-0.0053723999999999994,-0.0132081,0.019450100000000001,-0.0131617,-0.0083415,-0.0024424999999999994,0.0045782999999999987,8.0699999999999522e-05,-0.0034066000000000001,0.0028890000000000001,0.0035679000000000006,-0.016772299999999997,0.0039196999999999999,0.015795899999999998,0.012458399999999998,0.020553200000000001,-0.021124,0.010783199999999998,-0.00017899999999999969,-0.0018710999999999999,-0.0076197000000000001,0.0100689,-0.0031183999999999999,-0.0027588000000000001,-0.0026822,0.0038273999999999999,-0.0030842999999999999,-0.00063839999999999991,0.0014713,0.0052079000000000005,-0.00012220000000000026,-0.0031069000000000005,0.0039187000000000007,-0.0049949,0.0022230000000000001,-0.0036012000000000001,0.0123322,-0.0047889999999999999,-0.0088757999999999997,0.0042541999999999996,-0.0021670999999999999,0.007998100000000001,-0.0070282000000000001,-0.0033668999999999999,0.0180752,0.001193200000000001,9.2099999999999474e-05,0.00090819999999999985,-0.0110857,-0.0012145999999999997,-0.0121637,-0.011105299999999999,0.0045566999999999995,-0.0060833999999999975,-0.0023742000000000008,0.0052359999999999993,-0.0016132,-0.0016339999999999998,-0.00028770000000000011,-0.0052476000000000007,0.0013136999999999997,0.00072800000000000013,-0.0041007000000000005,-0.00015399999999999984,-0.00014710000000000027,0.0018081,0.0019904999999999996,0.0025097999999999995,0.0074494000000000001,-0.00030729999999999993,-0.00010049999999999989,0.00063459999999999992,0.00070950000000000028,-0.00036720000000000004,-0.0055731000000000001,-0.0016282,0.0081294999999999996,-0.001558599999999999,-0.0020866999999999995,-0.00095490000000000006,0.00077790000000000021,-0.0023223999999999996,9.9800000000000149e-05,-0.011051699999999999,0.0030383999999999997,-0.0016993000000000004,0.0045626,0.0037805999999999994,-0.0052667000000000009,0.0025297000000000002,0.0136715,-0.0036780000000000007,0.0046952000000000001,0.0026947999999999989,-0.0078341000000000001,0.001428,-0.011328,0.00096350000000000016,0.0099119999999999989,-0.00099850000000000026,0.0064174999999999996,-0.0043327000000000001,-0.001493,0.0021971,0.00061470000000000014,-0.0026938999999999999,0.0023381999999999999,0.0019069,-0.00023019999999999996,-0.0050423999999999998,0.0014096999999999998,-0.00021169999999999956,0.0037831999999999996,-0.00086059999999999989,-0.0008072,0.0013399,-0.0042412999999999999,-0.0030498999999999999,-0.00035520000000000018,0.0013236999999999997,-0.00037410000000000047,0.0010767000000000003,0.0036980000000000003,-0.0026397,-0.0051742999999999997,0.0018246,0.0017763999999999998,0.0016880999999999999,0.0022341000000000001,0.0044035999999999997,-0.00096370000000000006,0.00037479999999999989,0.0021802000000000002,0.0011347999999999996,-0.0062875000000000006,0.0039550000000000002,0.0058795000000000002,-0.0023441,7.4200000000000177e-05,-0.0012095000000000001,0.00069489999999999981,-0.0020220999999999998,0.0064983000000000003,0.0036478999999999999,0.0076042999999999996,-0.0026228999999999992,0.0020193000000000003,0.0048275999999999996,-0.0071006999999999997,0.0020723,-0.0132573,0.0014450999999999995,0.0026719000000000005,0.0026712000000000003,-0.002248,-0.0011538,-0.0030972000000000005,-0.00056099999999999998,-0.00066600000000000003,0.0005822999999999999,-0.0017584,-0.0027374999999999999,-0.0022353,-0.0011133999999999998,0.0026740000000000002,0.0026004999999999999,-0.0014512999999999996,0.0010644000000000001,0.0015326999999999999,0.0014075000000000001,0.0049682000000000007,-0.0016087,-0.0018279999999999998,-0.00028250000000000009,-0.00022199999999999976,0.0031857000000000005,-0.0034288000000000005,-0.00053790000000000023,0.00081670000000000006,-0.0024521,-0.0020892000000000003,0.0011368000000000001,-0.0012711000000000001,-0.00075620000000000027,-0.00063489999999999998,0.0052379000000000002,-0.0025498000000000001,0.0013298999999999997,0.0034840000000000001,-0.00040189999999999979,0.0011116000000000003,0.0015635,0.0014244999999999998,-0.0015953,0.0042294000000000012,0.0017257000000000002,0.0026797000000000001,-0.0057042000000000004,0.0016049999999999999,-0.0033400999999999999,0.00093700000000000001,-0.0032538000000000003,-0.00015099999999999988,-0.00014409999999999987,0.0055538999999999996,0.0048523999999999998,0.0047834999999999996,0.0078358000000000004,-0.0116732,-0.00079060000000000024,-0.0017317000000000001,-0.0025666999999999999,0.00060380000000000004,0.0027063999999999999,-0.0013331,0.0011173000000000001,-0.0020341000000000001,0.0036898999999999999,-0.00036870000000000002,0.0011137999999999999,0.00034190000000000012,-0.0015310999999999999,0.0015996999999999999,-0.0012696000000000001,-0.0028181999999999999,0.0010499999999999999,-0.0016653999999999998,0.001493,0.0035366,-0.0024346000000000003,0.0026151,0.0020119000000000001,3.8700000000000236e-05,-0.0005394000000000001,-0.0010296000000000003,-0.00030399999999999991,0.0013591,-0.0035599000000000004,0.0017781000000000001,-0.0012287999999999999,-0.0023052000000000003,0.00082749999999999989,-0.0049061,-0.0022389000000000003,-0.0020317999999999994,-0.0005063,-0.0020893000000000001,0.0023677999999999998,-0.0033548999999999996,-0.0005401999999999999,0.0010303000000000001,0.0010924999999999999,-5.10999999999999e-05,-0.00062790000000000003,0.0021587000000000004,0.0052493000000000001,-0.0023835000000000002,0.00091629999999999978,0.0013428000000000001,-0.0023733000000000001,0.0025699999999999998,0.00059560000000000006,-0.0037533999999999996,0.0044121000000000004,-0.0014314,-0.0021558000000000003,-0.00091020000000000001,0.00028560000000000011,0.0092867000000000002,-0.00095069999999999985,0.0057440000000000008,-0.00080040000000000059,-0.0034880000000000002,-0.0015985999999999997,0.0016380000000000001,0.0010279,0.00086319999999999995,0.00056930000000000012,-0.0013395,-0.00013020000000000002,0.0014069999999999996,-0.00035749999999999996,0.0016823999999999999,0.00087589999999999999,-0.0010103999999999998,-0.00064009999999999989,0.00079699999999999997,0.0027030000000000001,-3.5499999999999941e-05,-0.00058609999999999999,0.00023739999999999981,0.0004165000000000002,0.0016476000000000001,-0.0013022000000000001,0.00015740000000000003,-0.0024924999999999995,-0.0013489999999999999,-0.0013324999999999999,0.00089689999999999995,-0.0015484000000000001,0.00013989999999999988,0.00019930000000000002,-8.1000000000000126e-05,0.0014783999999999999,-0.0023246999999999999,0.0016679999999999998,-0.0012650000000000001,0.00054120000000000004,0.0020281000000000001,0.0026597000000000001,0.00025899999999999979,0.0016408,-0.0010096,-0.00046449999999999985,-0.0014824999999999999,-0.0014634000000000001,-0.00031349999999999998,0.0017372999999999998,-0.0017958,0.00087460000000000001,0.00010789999999999986,-0.0023552999999999998,0.0023789999999999996,0.0027543999999999997,0.00096730000000000026,-0.00039810000000000019,0.00033140000000000014,-0.00065059999999999988,0.0022149000000000001,-0.0048060000000000004,0.0043632999999999996,0.0010238999999999999,0.0015061,0.0011927000000000003,-0.0014628,0.0011326000000000001,0.00078140000000000002,-0.0023316999999999999,0.0031183999999999995,0.0041664999999999983,0.0017109000000000002,-0.0018660999999999999,7.8299999999999952e-05,0.0020404999999999998,-0.0017913,-0.0010999,0.0020141999999999998,-0.00087609999999999999,0.0010319999999999999,-0.0021169000000000001,-0.00081839999999999973,-0.0011266,0.00045710000000000005,-0.00046909999999999996,-0.00061939999999999999,0.00046539999999999993,0.0012737999999999998,0.00055479999999999993,0.0011348,0.00061469999999999993,-0.00033490000000000001,0.00095540000000000013,0.0016750000000000001,0.00020950000000000005,-0.00060020000000000006,0.0026875999999999996,-0.00039729999999999985,0.00029159999999999993,0.0023185999999999997,0.0014936999999999999,-0.00069749999999999999,-0.00039109999999999991,-0.00044189999999999995,0.00088239999999999987,-0.0022625000000000002,0.00041109999999999996,0.0033836999999999999,-0.00037580000000000003,0.00052469999999999991,-0.00022330000000000003,-0.0033885,-0.00084160000000000007,0.00065309999999999988,-0.0032252000000000001,0.0010096,0.00067839999999999979,0.0018758000000000002,0.00030229999999999992,-0.0010109000000000001,8.810000000000019e-05,0.00095809999999999992,9.0400000000000137e-05,-0.00095870000000000005,0.0024342999999999995,0.00012300000000000017,0.0015108000000000001,-0.0022544000000000006,0.0011892999999999999,0.00081320000000000003,0.0018963999999999997,-0.0014995,0.0016812999999999999,0.00049820000000000008,-0.00070569999999999986,-0.000977,-0.0030666000000000001,0.0040259000000000007,0.0034114000000000002,0.0017737,0.0017943,0.001106,0.0026302000000000001,-0.0022962,-0.0019772000000000001,-0.0018323,-0.0024063000000000001,0.00076429999999999998
aug_between_class_right_pair0013_child07,TLE,1,1,Augmented,0,0,0,0,0,0.26700819999999997,1.8815630000000001,1.9999999999999994e-07,-7.9999999999999996e-07,0,0.95493260000000002,0,0.035826000000000004,-0.116301,0.014317399999999999,0.064216999999999996,-0.058651399999999999,0.062854400000000005,-0.0038462000000000006,0.0034564000000000001,-0.016162199999999998,-0.086078199999999994,0.28373860000000001,-0.062178600000000001,-0.0038863999999999999,0.0704042,-0.0055164000000000055,-0.0142078,-0.0034453999999999999,-0.054839599999999995,0.00014399999999999483,0.0221236,-0.033874799999999997,0.0099308,-0.092544000000000001,0.0069572000000000011,0.039136799999999999,-0.0049080000000000009,0.011496599999999999,0.022274600000000002,-0.035122399999999998,0.022088400000000001,-0.054583399999999997,-0.0637046,0.087554599999999996,-0.051982399999999998,0.17498059999999999,-0.019340200000000002,0.0067500000000000008,-0.00053080000000000011,-0.0063108000000000001,-0.014434600000000001,-0.00066580000000000025,0.040006399999999998,-0.0014196,-0.0043754000000000006,-0.0109236,-0.0186074,0.0154366,0.014780999999999999,0.016139599999999997,0.010870000000000001,0.0038746000000000006,0.00024459999999999966,0.021574000000000003,-0.036970599999999999,0.0076063999999999993,0.0027518,-0.0041455999999999993,0.026705400000000001,-0.080650400000000011,-0.0063359999999999996,-0.0246912,-0.020035000000000004,0.0080298000000000001,-0.0019606000000000003,0.00010539999999999991,0.023115,0.0066981999999999996,0.0015266000000000001,-0.012779200000000001,0.003637,0.0076049999999999998,-0.0075014000000000001,0.0017287999999999995,-0.00081279999999999981,-0.0094191999999999991,-0.0014630000000000003,0.0045044000000000004,0.00014179999999999922,-0.0048555999999999998,-0.0131094,0.019935400000000002,-0.0129068,-0.0078109999999999994,-0.0033650000000000008,0.0052561999999999991,0.00048280000000000024,-0.0033704000000000008,0.0039100000000000003,0.0027225999999999995,-0.017835199999999999,0.0035087999999999999,0.016633599999999998,0.013351599999999998,0.020522800000000001,-0.020858000000000002,0.012541799999999999,-0.0005650000000000004,-0.0017694,-0.0075408000000000003,0.0099455999999999989,-0.0032275999999999997,-0.0025972,-0.0028558000000000004,0.0040926000000000001,-0.0033632000000000002,-0.00032459999999999954,0.00089719999999999991,0.0047806000000000003,-7.8000000000000812e-06,-0.0033036000000000007,0.0033797999999999996,-0.0051155999999999997,0.0023839999999999998,-0.0035967999999999998,0.0125828,-0.0042310000000000004,-0.0088301999999999999,0.0041208,-0.0019933999999999998,0.0077324000000000004,-0.0070337999999999998,-0.0035606000000000001,0.018656800000000001,0.00010179999999999911,0.00061540000000000076,0.0021178000000000004,-0.010566799999999999,-0.0011164,-0.0123298,-0.011676199999999999,0.0052548000000000004,-0.0070555999999999987,-0.0034238000000000011,0.0066160000000000012,-0.0017417999999999999,-0.0017489999999999999,-5.8799999999999925e-05,-0.0052094000000000003,0.0017837999999999999,0.00030699999999999966,-0.0035307999999999997,-0.00059900000000000014,0.00035460000000000049,0.0017354,0.0024360000000000002,0.0026931999999999998,0.0076965999999999996,-0.00036420000000000002,-0.00010299999999999979,0.0011744000000000001,0.00073799999999999972,-0.00024379999999999996,-0.0053384000000000001,-0.0013617999999999998,0.0081779999999999995,-0.0022904000000000002,-0.0023338,-0.00072359999999999959,0.00026760000000000022,-0.0025806000000000002,0.00099020000000000098,-0.010829799999999999,0.0030206,-0.0020011999999999994,0.0033653999999999984,0.0039334000000000001,-0.0047397999999999989,0.0031788000000000007,0.0146,-0.0036150000000000002,0.0050408000000000007,0.0028151999999999995,-0.0086664000000000012,0.0015190000000000002,-0.010251,0.0003579999999999997,0.010998000000000001,-0.0011969999999999997,0.006378,-0.0044688000000000002,-0.0015330000000000001,0.0023654000000000001,0.00037080000000000012,-0.0028475999999999996,0.0025257999999999999,0.0017296,-0.00033080000000000007,-0.0053825999999999995,0.0018928000000000003,-0.00050780000000000009,0.0040148000000000007,-0.00083239999999999996,-0.00080379999999999991,0.0013085999999999998,-0.0044341999999999993,-0.0031346000000000004,-0.00013579999999999991,0.0015598000000000001,-0.00018040000000000005,0.00083779999999999998,0.0034139999999999999,-0.0025868000000000002,-0.0051961999999999998,0.0018564000000000002,0.0014615999999999997,0.0016943999999999998,0.0025844000000000006,0.0040593999999999995,-0.00099180000000000015,0.00070520000000000023,0.0022238000000000002,0.0012082,-0.0064050000000000001,0.0044360000000000007,0.0055770000000000004,-0.0028984000000000006,-0.00010320000000000012,-0.0012560000000000002,0.00086660000000000014,-0.0017603999999999996,0.0065101999999999998,0.0031335999999999998,0.0075302000000000008,-0.0027145999999999993,0.0021432000000000005,0.0053014000000000004,-0.0063427999999999991,0.0020852000000000002,-0.0129172,0.0016974000000000008,0.0031476000000000013,0.0024997999999999999,-0.0023600000000000001,-0.0013412000000000003,-0.0031908000000000006,-0.0005440000000000001,-0.00040699999999999992,0.00051119999999999985,-0.0020516000000000002,-0.0026190000000000002,-0.0018461999999999997,-0.0013296,0.0025479999999999999,0.0027720000000000002,-0.0018511999999999999,0.0010866000000000001,0.0017057999999999999,0.0016550000000000002,0.0051008000000000008,-0.0013438,-0.0022910000000000001,-6.3999999999999929e-05,-0.00060700000000000012,0.0033188000000000002,-0.0030331999999999998,-0.00043460000000000005,0.00066179999999999993,-0.0025694000000000003,-0.0022268000000000001,0.0011042000000000001,-0.0020154000000000005,-0.00089380000000000015,-0.00065259999999999992,0.0053476000000000001,-0.0027652000000000002,0.0014716,0.002879,-0.00071260000000000008,0.00088939999999999993,0.0015449999999999999,0.0017130000000000001,-0.0016302000000000001,0.0048365999999999999,0.0019268000000000002,0.0027017999999999999,-0.0055638000000000007,0.0019090000000000001,-0.0034284000000000003,0.0011159999999999998,-0.0032882000000000002,5.7000000000000193e-05,-6.9399999999999844e-05,0.0051675999999999988,0.0050905999999999998,0.005327000000000001,0.0084672000000000011,-0.0115228,-0.00079239999999999996,-0.0017347999999999999,-0.0027878,0.0004821999999999999,0.0028086000000000001,-0.0015064000000000002,0.0011242000000000001,-0.0022633999999999996,0.0037645999999999999,-0.00036479999999999998,0.0012672,0.00025160000000000004,-0.0013373999999999999,0.0016058000000000001,-0.0012844000000000002,-0.0026018,0.0011180000000000001,-0.0016905999999999998,0.001549,0.0037914000000000003,-0.0025904000000000001,0.0027213999999999997,0.0021366000000000002,1.0800000000000046e-05,-0.00029159999999999993,-0.00089139999999999987,-0.00047500000000000005,0.0013093999999999998,-0.0032886000000000005,0.0016743999999999997,-0.0008081999999999997,-0.0024388000000000005,0.0007890000000000002,-0.0049013999999999993,-0.0021136000000000002,-0.0023411999999999999,-0.00023619999999999978,-0.0023502000000000002,0.0022212,-0.0035425999999999999,-0.00064280000000000001,0.0011252,0.0010669999999999998,-0.00024040000000000004,-0.00057359999999999996,0.0019857999999999998,0.0049542000000000006,-0.0022720000000000001,0.0010162000000000001,0.0014302000000000002,-0.0022872000000000001,0.0025149999999999999,0.00044539999999999988,-0.0038246,0.0041433999999999993,-0.00079059999999999959,-0.0023492000000000001,-0.00091680000000000006,3.8399999999999903e-05,0.0090447999999999987,-0.0011118,0.0055380000000000004,-0.00097660000000000021,-0.0033660000000000001,-0.0017263999999999997,0.0018110000000000001,0.00088360000000000001,0.0010238000000000001,0.00054220000000000006,-0.0013140000000000001,-0.00013180000000000001,0.001676,-0.00052999999999999998,0.0016416,0.00096659999999999997,-0.0010746000000000002,-0.00086539999999999989,0.0010300000000000001,0.0029230000000000003,-0.00019500000000000029,-0.00057039999999999999,0.00059259999999999998,0.00030299999999999988,0.0019034000000000002,-0.0015158000000000001,6.5999999999998352e-06,-0.0025430000000000001,-0.0014680000000000001,-0.0013499999999999999,0.0010636,-0.0017636000000000002,0.00017759999999999998,0.0003472000000000002,-0.00014800000000000013,0.0013975999999999997,-0.0024467999999999998,0.0019810000000000001,-0.0011259999999999998,0.0003237999999999999,0.0021284000000000003,0.0025738000000000002,0.00018399999999999981,0.0015942,-0.00097740000000000001,-0.00045799999999999986,-0.0012169999999999998,-0.0013675999999999998,-0.00069700000000000014,0.0018772000000000003,-0.0016881999999999999,0.00068639999999999999,0.0002516000000000001,-0.0024572000000000001,0.0026460000000000003,0.0027466000000000001,0.0004331999999999999,-0.0005924000000000003,0.00034360000000000011,-0.00059040000000000004,0.0025346000000000001,-0.0052990000000000008,0.0045642,0.0010805999999999999,0.0011093999999999998,0.0009368,-0.0013682,0.0012454000000000002,0.0013446000000000005,-0.0026528000000000003,0.0033016,0.0046680000000000003,0.0012285999999999998,-0.0020604,8.8199999999999975e-05,0.002225,-0.0017642000000000001,-0.0010596,0.0021597999999999999,-0.0009094000000000001,0.00116,-0.0022406000000000001,-0.00093660000000000011,-0.0010483999999999999,0.00054239999999999996,-0.00053039999999999999,-0.00056459999999999995,0.00042759999999999999,0.0015162000000000001,0.00063120000000000006,0.0012991999999999999,0.00062480000000000001,-0.00034959999999999999,0.00096160000000000017,0.0016169999999999997,8.7999999999999916e-05,-0.00033879999999999983,0.0028523999999999997,-0.00053519999999999989,0.00044139999999999978,0.0024624,0.0014448000000000002,-0.00078399999999999997,-0.0002633999999999999,-0.00061460000000000009,0.00086259999999999983,-0.0019659999999999999,0.0004504,0.0034888000000000002,-9.9199999999999809e-05,0.00073480000000000008,-0.00010219999999999988,-0.0035730000000000002,-0.0010834000000000002,0.00094040000000000009,-0.0035508000000000002,0.0010374,0.00093160000000000031,0.0017832,-0.00022880000000000014,-0.00076059999999999973,-9.3600000000000053e-05,0.0011544000000000003,-0.00010940000000000006,-0.0009188,0.0026702000000000002,-7.9999999999999776e-06,0.0015602000000000001,-0.0021496000000000002,0.0012812000000000001,0.0010678000000000003,0.0023946000000000002,-0.0016469999999999998,0.0018912000000000002,0.00031979999999999997,-0.0010067999999999998,-0.00096499999999999993,-0.0030474,0.0039716000000000005,0.0036186000000000005,0.0018108,0.0020682000000000001,0.00092099999999999984,0.0022038000000000001,-0.0021467999999999999,-0.0020988000000000001,-0.0016401999999999999,-0.0023922000000000001,0.00087220000000000006
aug_between_class_right_pair0013_child08,TLE,1,1,Augmented,0,0,0,0,0,0.26295859999999999,1.8568475,9.9999999999999995e-08,-8.9999999999999996e-07,0,0.95647730000000009,0,0.036151000000000003,-0.1134005,0.0133122,0.063861999999999988,-0.061123700000000003,0.060057699999999999,-0.0062811000000000013,0.0041771999999999998,-0.0153236,-0.082783099999999998,0.28040730000000003,-0.064617300000000003,-0.00073770000000000086,0.0685616,-0.010552700000000005,-0.014099899999999999,-0.0034916999999999999,-0.055598299999999996,-0.002981000000000001,0.024031799999999999,-0.030645399999999996,0.010990399999999999,-0.091006999999999991,0.0070350999999999999,0.039135400000000001,-0.0038814999999999995,0.009584800000000001,0.024842300000000005,-0.036472199999999996,0.020801699999999999,-0.048518199999999997,-0.068245300000000009,0.085004800000000005,-0.055811699999999999,0.1704823,-0.016185100000000001,0.0065720000000000006,-0.0007339,-0.0048358999999999997,-0.014634299999999999,-0.00054389999999999994,0.0396117,-0.0013368,-0.004669200000000001,-0.0117658,-0.019172699999999997,0.016347799999999999,0.012318500000000001,0.014835299999999999,0.0116895,0.0034258000000000014,-0.00064070000000000012,0.022304499999999998,-0.036319299999999999,0.0080557000000000007,0.0034374000000000002,-0.0036563000000000003,0.028412200000000002,-0.078905200000000009,-0.0052794999999999995,-0.022507099999999999,-0.022628500000000003,0.0064788999999999992,-0.0021013000000000004,-4.280000000000001e-05,0.022985000000000002,0.0064765999999999999,0.0017553000000000002,-0.0119481,0.0031054999999999998,0.0069895000000000001,-0.0078656999999999998,0.0012058999999999998,-0.0019553999999999995,-0.0090630999999999993,-0.0021390000000000007,0.0044177000000000001,-0.0005256000000000002,-0.0043387999999999994,-0.0130107,0.0204207,-0.012651900000000001,-0.0072804999999999996,-0.0042875000000000005,0.0059340999999999994,0.0008849000000000001,-0.0033342000000000007,0.0049310000000000014,0.0018773000000000001,-0.018898100000000001,0.0030978999999999998,0.017471299999999999,0.0142448,0.020492400000000001,-0.020591999999999999,0.0143004,-0.00095100000000000024,-0.0016676999999999998,-0.0074619000000000005,0.0098222999999999991,-0.0033368,-0.0024356,-0.0030294000000000002,0.0043578000000000002,-0.0036421000000000001,-1.0800000000000046e-05,0.00032309999999999978,0.0043532999999999992,0.0001066000000000001,-0.0035003000000000009,0.0028409000000000004,-0.0052362999999999993,0.002545,-0.0035923999999999999,0.0128334,-0.003673,-0.0087846,0.0039874000000000003,-0.0018196999999999998,0.0074667000000000006,-0.0070394000000000003,-0.0037543000000000003,0.019238400000000003,-0.00098960000000000107,0.0011387000000000003,0.0033274000000000003,-0.010047899999999998,-0.0010181999999999999,-0.012495900000000001,-0.0122471,0.0059529000000000006,-0.0080277999999999981,-0.0044734000000000006,0.0079960000000000014,-0.0018703999999999999,-0.0018639999999999998,0.00017010000000000007,-0.0051711999999999999,0.0022539000000000001,-0.00011400000000000017,-0.0029608999999999998,-0.001044,0.00085630000000000038,0.0016627,0.0028815000000000004,0.0028766,0.0079438000000000009,-0.00042109999999999999,-0.00010549999999999969,0.0017142000000000006,0.00076650000000000004,-0.00012039999999999989,-0.0051037000000000001,-0.0010953999999999998,0.0082264999999999994,-0.0030222000000000005,-0.0025808999999999997,-0.00049229999999999977,-0.00024270000000000021,-0.0028387999999999998,0.0018806000000000009,-0.0106079,0.0030027999999999999,-0.0023031000000000002,0.0021681999999999995,0.0040861999999999999,-0.0042128999999999995,0.0038279000000000004,0.015528500000000001,-0.0035520000000000005,0.0053864000000000004,0.0029355999999999991,-0.0094987000000000005,0.0016100000000000001,-0.0091740000000000016,-0.00024750000000000022,0.012083999999999999,-0.0013954999999999996,0.0063384999999999995,-0.0046049000000000012,-0.0015730000000000002,0.0025337000000000003,0.00012689999999999967,-0.0030013000000000001,0.0027133999999999999,0.0015522999999999999,-0.00043140000000000002,-0.0057228000000000001,0.0023759000000000002,-0.00080389999999999975,0.0042464,-0.00080419999999999992,-0.00080039999999999994,0.0012772999999999999,-0.0046270999999999986,-0.0032193,8.3600000000000053e-05,0.0017959000000000002,1.3299999999999727e-05,0.00059890000000000008,0.00313,-0.0025339,-0.0052180999999999998,0.0018882,0.0011467999999999995,0.0017007000000000001,0.0029347000000000002,0.0037152000000000001,-0.0010199000000000002,0.0010356000000000002,0.0022674000000000001,0.0012815999999999999,-0.0065225000000000005,0.0049170000000000004,0.0052744999999999997,-0.0034527000000000004,-0.00028060000000000021,-0.0013024999999999998,0.0010383,-0.0014986999999999999,0.0065220999999999994,0.0026193000000000002,0.0074561000000000002,-0.0028062999999999986,0.0022671000000000002,0.0057752000000000003,-0.0055848999999999994,0.0020981000000000003,-0.012577100000000001,0.0019497000000000004,0.0036233000000000003,0.0023284,-0.0024720000000000002,-0.0015286000000000002,-0.0032844000000000007,-0.00052700000000000012,-0.00014799999999999994,0.00044009999999999996,-0.0023448000000000002,-0.0025005000000000001,-0.0014570999999999998,-0.0015458,0.0024219999999999997,0.0029434999999999999,-0.0022511000000000002,0.0011088000000000001,0.0018788999999999998,0.0019025000000000001,0.0052334,-0.0010789,-0.0027539999999999999,0.00015450000000000001,-0.00099200000000000004,0.0034518999999999999,-0.0026375999999999999,-0.00033129999999999987,0.00050690000000000002,-0.0026867000000000002,-0.0023644,0.0010715999999999998,-0.0027597000000000003,-0.0010314000000000005,-0.00067029999999999998,0.0054573,-0.0029805999999999999,0.0016132999999999998,0.002274,-0.0010232999999999998,0.00066719999999999985,0.0015265000000000001,0.0020015000000000002,-0.0016650999999999999,0.0054438000000000004,0.0021279000000000003,0.0027239,-0.0054234000000000001,0.0022130000000000001,-0.0035167000000000002,0.0012950000000000001,-0.0033226000000000002,0.00026500000000000004,5.300000000000183e-06,0.0047812999999999996,0.0053287999999999999,0.0058705000000000007,0.0090986000000000001,-0.0113724,-0.00079419999999999968,-0.0017378999999999999,-0.0030089000000000001,0.00036059999999999987,0.0029107999999999998,-0.0016797000000000001,0.0011311000000000001,-0.0024926999999999996,0.0038392999999999999,-0.00036089999999999999,0.0014206000000000002,0.00016129999999999996,-0.0011436999999999999,0.0016119000000000001,-0.0012991999999999999,-0.0023853999999999998,0.0011859999999999998,-0.0017158,0.0016049999999999999,0.0040462000000000007,-0.0027461999999999999,0.0028277000000000003,0.0022612999999999999,-1.7099999999999928e-05,-4.3799999999999872e-05,-0.00075319999999999998,-0.00064599999999999998,0.0012596999999999999,-0.0030173000000000001,0.0015707,-0.00038759999999999988,-0.0025723999999999999,0.00075050000000000008,-0.0048967000000000004,-0.0019883000000000001,-0.0026505999999999999,3.3900000000000119e-05,-0.0026111000000000003,0.0020745999999999998,-0.0037302999999999998,-0.00074540000000000001,0.0012201,0.0010414999999999999,-0.00042970000000000004,-0.00051929999999999999,0.0018128999999999999,0.0046591000000000002,-0.0021605000000000001,0.0011161000000000001,0.0015176000000000002,-0.0022011000000000001,0.0024599999999999995,0.00029520000000000002,-0.0038957999999999996,0.0038747,-0.00014979999999999985,-0.0025426000000000003,-0.0009234,-0.00020880000000000003,0.0088028999999999989,-0.0012729,0.0053319999999999999,-0.0011527999999999998,-0.0032440000000000004,-0.0018541999999999996,0.0019840000000000001,0.00073930000000000003,0.0011843999999999999,0.00051510000000000011,-0.0012885000000000001,-0.00013340000000000002,0.0019449999999999999,-0.0007025,0.0016007999999999999,0.0010572999999999999,-0.0011388000000000001,-0.0010906999999999998,0.001263,0.003143,-0.0003545,-0.00055469999999999998,0.00094779999999999951,0.0001895,0.0021592,-0.0017294000000000003,-0.00014420000000000014,-0.0025934999999999999,-0.0015869999999999999,-0.0013675,0.0012303000000000001,-0.0019788000000000002,0.00021530000000000008,0.00049510000000000005,-0.00021500000000000013,0.0013167999999999999,-0.0025688999999999998,0.002294,-0.00098700000000000003,0.00010639999999999993,0.0022287000000000001,0.0024879000000000004,0.00010899999999999994,0.0015475999999999999,-0.00094519999999999999,-0.00045150000000000008,-0.00095149999999999987,-0.0012718,-0.0010805000000000001,0.0020171,-0.0015805999999999999,0.00049819999999999997,0.00039530000000000001,-0.0025590999999999999,0.0029130000000000002,0.0027388000000000004,-0.00010090000000000034,-0.00078669999999999999,0.00035580000000000008,-0.00053019999999999999,0.0028543000000000006,-0.0057920000000000003,0.0047650999999999995,0.0011372999999999999,0.00071269999999999992,0.00068089999999999991,-0.0012735999999999999,0.0013581999999999999,0.0019077999999999999,-0.0029739000000000007,0.0034847999999999997,0.0051694999999999987,0.00074629999999999965,-0.0022546999999999997,9.8099999999999999e-05,0.0024094999999999997,-0.0017370999999999999,-0.0010193000000000001,0.0023054,-0.00094270000000000009,0.0012880000000000001,-0.0023643000000000002,-0.0010547999999999998,-0.00097020000000000006,0.00062769999999999992,-0.00059170000000000002,-0.00050979999999999992,0.00038979999999999993,0.0017586000000000004,0.00070760000000000007,0.0014635999999999998,0.00063489999999999998,-0.00036430000000000002,0.0009678,0.0015590000000000001,-3.3500000000000055e-05,-7.7399999999999821e-05,0.0030172000000000003,-0.00067310000000000015,0.00059119999999999984,0.0026061999999999995,0.0013959,-0.00087049999999999996,-0.00013569999999999988,-0.00078730000000000011,0.00084279999999999989,-0.0016694999999999998,0.00048970000000000003,0.0035939000000000006,0.00017740000000000008,0.00094490000000000004,1.8900000000000026e-05,-0.0037575,-0.0013252000000000001,0.0012277000000000002,-0.0038763999999999999,0.0010652000000000001,0.0011848000000000002,0.0016905999999999998,-0.0007599000000000002,-0.00051029999999999999,-0.00027530000000000002,0.0013507,-0.00030920000000000003,-0.00087890000000000006,0.0029061,-0.00013900000000000002,0.0016096000000000001,-0.0020448000000000003,0.0013730999999999999,0.0013224000000000001,0.0028928000000000001,-0.0017944999999999999,0.0021011000000000003,0.00014139999999999997,-0.0013079000000000001,-0.00095300000000000007,-0.0030282,0.0039173000000000003,0.0038258000000000007,0.0018479000000000002,0.0023421000000000002,0.00073599999999999989,0.0017774000000000002,-0.0019973999999999999,-0.0022204,-0.0014480999999999999,-0.0023781000000000002,0.00098010000000000002
aug_between_class_right_pair0014_child01,Healthy,0,0,Augmented,0,0,0,0,0,0.2884313,2.1103342,1.8000000000000001e-06,-8.9999999999999996e-07,9.0000000000000007e-07,0.91136830000000002,0,0.032793499999999996,-0.15485350000000001,0.012944099999999998,0.07197909999999999,-0.080506999999999995,0.077560500000000004,-0.001897,-0.0094041000000000003,-0.042586799999999994,-0.085663000000000003,0.35098819999999997,-0.067890000000000006,0.010922699999999997,0.049067100000000002,-0.0082897000000000005,-0.022196500000000001,-0.0042856999999999999,-0.048619999999999997,0.0090173000000000024,0.022616000000000001,-0.057161800000000006,0.0051439999999999993,-0.082805199999999995,-0.0061286000000000014,0.039923400000000005,-0.0224934,0.0061012000000000011,0.0124078,-0.035226799999999996,0.021796700000000002,-0.061088299999999998,-0.0547143,0.079722100000000004,-0.0456417,0.2020817,-0.040044199999999995,-0.0011911999999999982,0.0041436000000000008,-0.00092069999999999999,-0.028267200000000003,0.0043934000000000004,0.039578700000000001,-0.00049149999999999975,-0.0049872000000000007,-0.017687700000000001,-0.0130744,0.017441700000000001,0.0083081000000000023,0.020832400000000001,0.0159253,-0.0118418,0.0116793,0.012852199999999999,-0.0381021,0.00014569999999999948,-0.0008975999999999997,0.0028424000000000006,0.031839699999999999,-0.075633000000000006,-0.0053769000000000004,-0.023474200000000001,-0.0088128999999999985,0.010858,0.0017275999999999997,0.0012297999999999999,0.0195414,0.0044054999999999997,0.0010051999999999999,-0.013964799999999999,0.0050201999999999998,0.00016240000000000004,-0.0169786,0.0054476000000000004,0.0057858000000000007,-0.0213899,0.0091257999999999999,0.00051570000000000001,0.0027492999999999997,-0.008513699999999999,-0.0015618000000000003,0.011642900000000001,-0.0106274,-0.012038699999999999,0.0038769999999999994,-0.0046962999999999996,0.0033209999999999997,-0.0046728999999999998,-0.0032201,0.0071424999999999995,-0.012425500000000001,0.013435899999999999,-0.0049003000000000033,0.0019483,0.0025264000000000016,-0.0139519,-0.0025885000000000001,-0.0010959000000000001,-0.0026110000000000005,-0.00089630000000000092,0.0092753000000000002,-0.0045405999999999997,0.0029084999999999996,-0.0022894999999999999,0.0053029999999999996,-0.0029467,0.00088169999999999915,0.0019060000000000006,0.0013341999999999989,0.0029929000000000002,-0.0042789999999999998,0.0052487999999999996,0.00085249999999999909,-0.00074860000000000074,-0.0096475999999999992,0.012031999999999999,-0.0021607000000000002,0.0043279000000000008,0.011561599999999998,-0.0067774000000000003,0.0061967999999999997,-0.0156121,-0.0045865000000000003,0.0055047000000000004,0.0054300000000000008,-0.0115193,3.9999999999979288e-07,-0.019979800000000002,-0.0049990999999999994,-0.0163985,-0.015949700000000001,-0.0061525,0.0050665000000000007,0.0052198999999999995,-0.0037188,-0.0070698999999999996,-2.9999999999999645e-06,0.0016968,0.0011041,-0.0028504000000000003,-0.00043659999999999988,-5.1199999999999943e-05,-0.0012150000000000002,-0.0034665,0.0016626000000000002,-0.0023932000000000003,0.0027599,0.0037888000000000002,0.0031147000000000002,0.00026739999999999967,-0.0017880999999999997,-0.0027158,-3.3999999999999959e-05,-0.0070315000000000004,-0.0016754999999999999,0.0066445000000000002,0.009358,0.0016106,-0.0050812000000000001,0.0025587000000000001,-0.0044194000000000004,-0.0022978999999999999,-0.0072908999999999995,0.0039805000000000005,-0.0026663999999999998,0.0096534000000000012,0.0043588999999999998,-0.0114866,-0.0036845000000000003,0.0054539999999999996,-0.0067425999999999988,-0.0014757999999999998,0.0033103,0.0050581000000000003,-0.0037425999999999996,-0.023082200000000004,0.0043387999999999994,-0.0086757000000000015,-0.0057025000000000001,0.018355900000000001,-0.0047360000000000006,-0.0017535999999999999,0.0019157999999999998,0.0022401000000000009,-0.0050244,0.0020027000000000001,0.0018966,-0.0005666,-0.0072370999999999998,-0.0012107000000000003,0.0047007000000000004,-0.0027385999999999999,-0.0058731000000000009,-0.00096280000000000009,-0.0010979999999999998,-0.0046836999999999998,0.00035800000000000003,0.0042085999999999998,0.0038187000000000004,-0.00061479999999999998,0.0036491000000000002,0.0030943999999999998,-0.0065601000000000001,-0.0016141000000000003,0.0038206000000000004,0.0066262000000000005,0.00051610000000000002,0.0042472000000000005,0.0022131000000000004,0.0031432000000000005,-0.0024104000000000005,0.0036872999999999997,0.00096590000000000001,-0.0039132999999999998,0.00042960000000000003,0.0070123,-0.00083290000000000002,-0.0054792999999999994,0.00033719999999999974,0.0010941999999999998,-0.0037594,0.0051164000000000001,0.0011489,-0.00046060000000000003,0.0050739999999999995,-0.0057124000000000003,0.00044399999999999908,-0.0102407,0.0003937000000000003,-0.0070937999999999999,-0.0019117000000000001,-0.0054420000000000007,0.0024922999999999998,-0.0016148000000000002,-9.8400000000000007e-05,-0.0012764999999999999,-0.0024267000000000004,0.0014120000000000001,0.00088939999999999993,0.00088130000000000044,-3.0700000000000041e-05,0.00096359999999999979,-0.003827800000000001,-0.0013466999999999997,0.0014286000000000001,-0.0012758000000000001,-0.00079929999999999997,0.0013944000000000003,0.0018463000000000002,0.0024954999999999999,-0.0039462999999999998,0.001583,-0.00021889999999999995,4.4100000000000042e-05,0.0037333000000000002,-0.0040230000000000005,0.0030279999999999999,9.1700000000000115e-05,-0.0019528,-0.0020397000000000002,0.00015789999999999988,0.0028592999999999995,0.0031408999999999999,0.00063329999999999994,0.00068939999999999984,-0.0040802,0.00088880000000000014,0.0058357999999999995,-0.00022900000000000009,-0.00080840000000000024,0.00026859999999999992,0.00013289999999999982,-0.00067089999999999988,-0.0045294000000000011,-0.0002052,0.0020168,-0.0011891999999999996,-0.0021942000000000003,0.0044657999999999989,-0.0027474000000000001,-0.0037010000000000003,-0.0031954000000000001,0.001155300000000001,0.0057645000000000005,0.0047921000000000005,-0.0022953999999999995,0.0019119999999999999,-0.0127749,0.0027019000000000001,-0.00042509999999999998,0.0012689999999999999,0.0022758000000000001,0.0033597000000000002,0.00020319999999999995,-0.0020265000000000005,0.0016508,0.0031279000000000003,0.00080189999999999992,0.00092820000000000012,0.0014955999999999999,-0.0025055000000000003,0.0012028,-0.00045439999999999993,0.0037381000000000003,0.0013455000000000003,-0.0031375999999999999,0.0036629000000000002,-0.0024309000000000002,-0.00077459999999999996,0.00081520000000000019,0.00084120000000000006,-0.00089090000000000003,0.0008177000000000002,-0.0023254999999999999,0.00066040000000000001,0.0019282000000000001,0.0026454000000000004,-0.0029991000000000002,-0.0045827000000000003,6.3999999999999387e-06,-0.0013303,-0.0012467000000000001,-0.00076180000000000009,0.0014887000000000001,-0.0012282,0.0025113000000000002,0.00063549999999999978,0.0022877999999999996,0.00028620000000000002,-0.0010983999999999998,0.0001425000000000001,0.0012051,-0.0025407000000000003,0.0052946,-0.00027220000000000022,0.00071400000000000022,-0.0023354999999999999,-0.0026332999999999999,0.0010557000000000006,0.0021226000000000001,-0.0016156999999999999,-0.0028268000000000004,0.0025598000000000001,-0.00074890000000000004,-0.0027387000000000002,-0.0028883999999999997,0.00090189999999999997,0.0083824999999999993,0.00041419999999999998,0.0042365000000000007,-0.001856,-0.0045627999999999997,-0.00098320000000000005,0.0010996999999999999,0.0014595000000000001,0.0018615999999999997,0.00087829999999999972,-0.0010587999999999999,0.0008208,-0.00053529999999999995,-0.00069450000000000002,-0.00040209999999999996,0.00078780000000000007,-0.0029276999999999992,0.00048020000000000007,0.0018204000000000002,0.0016299000000000001,-0.0021668,0.0012748000000000004,-0.0016651999999999999,0.00087839999999999999,-3.1099999999999997e-05,-0.0026505999999999995,-0.00045620000000000003,-0.00034069999999999999,0.0023257000000000004,-0.0019976,0.00064450000000000011,-0.00022339999999999998,0.00042740000000000009,-0.00046279999999999997,0.0001008999999999999,-0.00095549999999999997,-0.0013673000000000003,0.0025132000000000002,0.00039300000000000007,-0.0024753000000000002,-0.0003122,0.0012099999999999999,0.0011164,0.0017533000000000002,0.00081390000000000021,-0.0016866000000000001,-0.00017479999999999991,-0.0013776000000000001,0.0007092,-0.00041229999999999999,-0.0019560999999999997,-0.0018755000000000002,-0.00067510000000000009,-0.0017658999999999999,0.00086439999999999998,-0.00065379999999999995,0.0024454999999999998,0.0011180999999999999,-0.0018373,0.0010610999999999999,-0.00066560000000000002,0.0019026,0.0026747000000000003,0.00083940000000000002,0.0028262999999999999,0.0068665000000000002,-0.0033531000000000004,0.0017655000000000001,-0.0050618000000000008,0.0019563000000000002,0.0011037,-0.0010976,0.0053914000000000011,-0.00017989999999999998,0.00087730000000000002,-0.00055450000000000009,-0.00016839999999999997,-0.0032029000000000003,-5.2999999999999987e-05,0.00017209999999999995,1.9099999999999976e-05,-0.0015424000000000002,-6.5000000000000062e-05,-0.00025960000000000002,-0.0030469,-0.0019528000000000002,-0.0015141999999999998,0.0002584000000000001,-7.2800000000000008e-05,0.0019805999999999999,-1.7200000000000025e-05,0.0010956,0.00014150000000000008,0.0008389999999999999,0.0016612,-0.0013197,0.00032570000000000006,0.0013721,0.0029799000000000002,-0.002568,-0.0008208,-0.0023000000000000004,0.002745,-0.0020378000000000002,0.00019349999999999999,0.00067980000000000004,-0.0016975,6.2299999999999969e-05,0.0014844000000000001,0.00014389999999999997,-0.0015462000000000002,-0.0013118000000000001,-0.00058200000000000005,-0.00069629999999999996,-0.0011275,0.00090609999999999996,-0.00017349999999999993,0.00117,0.00047369999999999997,0.00078560000000000012,-0.0028977999999999999,-0.0033584999999999999,-0.0014731,-0.00045619999999999998,-0.0018665000000000001,-8.0099999999999833e-05,-0.00018059999999999994,-0.00012610000000000008,-0.0015769999999999998,0.0018756999999999997,0.0010347000000000002,-0.0020216000000000001,0.0010578,0.0011576000000000002,-0.00028499999999999999,0.0018141999999999998,1.3500000000000057e-05,0.00048510000000000003,0.0009607000000000001,-0.0010395999999999999,0.0013721,-0.0011263000000000002,0.0016221,0.0046940999999999997,-0.0027483,-0.0002519,-0.0027714000000000003,-0.0016612999999999997,7.0300000000000028e-05
aug_between_class_right_pair0014_child02,Healthy,0,0,Augmented,0,0,0,0,0,0.2830976,2.0776734000000001,1.6000000000000001e-06,-7.9999999999999996e-07,7.9999999999999996e-07,0.89713960000000004,0,0.031820999999999995,-0.151533,0.0128322,0.070567199999999997,-0.079211000000000004,0.074304999999999996,-0.0024200000000000003,-0.0082851999999999995,-0.040646599999999998,-0.083356000000000013,0.34391840000000001,-0.066174000000000011,0.013156399999999999,0.049195200000000001,-0.0059674000000000003,-0.021205999999999999,-0.0033974000000000001,-0.047153,0.0093856000000000026,0.020306999999999999,-0.054859600000000001,0.0043699999999999998,-0.082357399999999997,-0.0037732000000000009,0.039401800000000001,-0.022410799999999998,0.0078204000000000017,0.010441600000000001,-0.035320599999999994,0.0213514,-0.062098599999999997,-0.050007599999999999,0.077985200000000005,-0.041952400000000001,0.1988384,-0.041584399999999994,-0.00072939999999999984,0.0042782000000000011,-0.00087139999999999874,-0.026903400000000001,0.0047778000000000004,0.038634399999999999,-0.00021799999999999988,-0.0052474000000000002,-0.0175084,-0.0125188,0.016607400000000001,0.0094572000000000024,0.020426799999999998,0.014898599999999998,-0.012112600000000001,0.009907599999999999,0.013103399999999999,-0.036936199999999995,0.00011239999999999948,-0.0012292000000000002,0.0035177999999999993,0.031541399999999997,-0.075360999999999997,-0.0069268000000000003,-0.024455399999999999,-0.0074917999999999998,0.012175999999999999,0.0018722000000000001,0.00056659999999999989,0.018965799999999998,0.0050889999999999998,0.00078239999999999994,-0.014318600000000001,0.0053763999999999999,0.00089579999999999868,-0.016256200000000002,0.0050182000000000004,0.0054256000000000009,-0.019905800000000001,0.0093396,0.00099539999999999958,0.0033495999999999995,-0.0081383999999999988,-0.001392599999999999,0.011582800000000001,-0.0103298,-0.011865400000000002,0.002919999999999999,-0.0044856000000000002,0.004091,-0.0045037999999999996,-0.0034112000000000001,0.0063530000000000001,-0.011678000000000001,0.011230799999999999,-0.0049116000000000021,0.0025225999999999998,0.0024777999999999988,-0.0123798,-0.0023079999999999997,-0.0011388000000000001,-0.0024660000000000003,-0.0011035999999999997,0.0093016000000000001,-0.0047742000000000001,0.0023430000000000005,-0.0020569999999999998,0.0058709999999999995,-0.0021304000000000002,0.0011983999999999996,0.0024789999999999999,0.0019753999999999987,0.0029667999999999999,-0.0042430000000000002,0.0048285999999999997,0.00092800000000000001,-0.00087919999999999969,-0.0092612000000000007,0.011502999999999999,-0.0022744000000000002,0.0035188000000000007,0.010406199999999999,-0.0062528000000000011,0.0058326000000000003,-0.0142042,-0.0041099999999999999,0.0047394000000000004,0.0055440000000000003,-0.0109596,-0.00030419999999999991,-0.019462600000000004,-0.0046941999999999999,-0.015531,-0.015296400000000002,-0.0059370000000000013,0.0041150000000000006,0.0052127999999999992,-0.0042535999999999997,-0.0062787999999999993,1.9000000000000137e-05,0.0019346000000000001,0.0007402000000000001,-0.0026868000000000005,-0.00016520000000000011,-0.00012839999999999987,-0.0011200000000000001,-0.0034249999999999997,0.0017922000000000001,-0.0027914000000000007,0.0029167999999999998,0.0041746000000000005,0.0024924000000000001,0.00027779999999999992,-0.0015421999999999996,-0.0026596000000000002,6.8000000000000135e-05,-0.0073880000000000005,-0.0018219999999999998,0.0065120000000000004,0.0084400000000000013,0.0020522000000000001,-0.005103400000000001,0.0022184000000000001,-0.0039387999999999992,-0.0021727999999999999,-0.0064537999999999991,0.0038419999999999999,-0.0028218000000000006,0.0096947999999999999,0.0040467999999999997,-0.011393200000000001,-0.0034619999999999998,0.0056949999999999995,-0.0067082000000000001,-0.00088660000000000008,0.0032585999999999995,0.0045032000000000015,-0.0036642000000000003,-0.0219764,0.0047585999999999991,-0.0077634000000000019,-0.0049350000000000002,0.016873800000000001,-0.0047670000000000004,-0.0016011999999999999,0.0017285999999999998,0.0020252000000000004,-0.0051438000000000005,0.0018314000000000002,0.0016582000000000003,-0.00066120000000000003,-0.0073392000000000006,-0.00094440000000000019,0.0043944000000000006,-0.0031622,-0.0055252000000000001,-0.00085059999999999997,-0.00097799999999999992,-0.0052534000000000001,-0.00010299999999999996,0.0040972000000000005,0.0040664000000000004,-0.00029759999999999986,0.0034422000000000003,0.0028117999999999997,-0.006408200000000001,-0.0015842000000000002,0.0039212000000000006,0.0062114000000000006,0.00044420000000000006,0.0044944000000000008,0.0023602000000000002,0.0031554,-0.0023738000000000001,0.0033746000000000002,0.00093679999999999979,-0.0033725999999999999,0.00045220000000000004,0.0070426000000000004,-0.00042179999999999995,-0.0051275999999999995,6.7399999999999795e-05,0.00091440000000000011,-0.0036657999999999999,0.0045478000000000003,0.0012308,-0.00080919999999999994,0.0042819999999999993,-0.0054717999999999998,9.5999999999999298e-05,-0.010768399999999999,0.00047240000000000042,-0.0072925999999999998,-0.0016464000000000001,-0.0054440000000000001,0.0024305999999999998,-0.0018026000000000001,-0.00014779999999999999,-0.001127,-0.0023884000000000006,0.0016850000000000001,0.00079080000000000014,0.0010256000000000002,0.00021760000000000009,0.00087319999999999976,-0.0035626000000000004,-0.0012663999999999996,0.0014992,-0.0013036000000000002,-0.00082360000000000007,0.0015088,0.0016886000000000004,0.0022539999999999999,-0.0037166,0.001091,-0.00047979999999999984,0.00019720000000000002,0.0035456000000000003,-0.0036910000000000003,0.0027759999999999998,5.9400000000000034e-05,-0.0020315999999999997,-0.0021354,0.0001707999999999996,0.0024895999999999998,0.0033517999999999998,0.00084360000000000012,0.0003968000000000001,-0.0040493999999999999,0.00077559999999999999,0.0056486000000000001,-0.00046300000000000014,-0.00031280000000000023,0.00046619999999999973,0.00041380000000000019,-0.00062480000000000001,-0.0043318000000000002,-0.00019740000000000035,0.0017365999999999998,-0.0015624,-0.0023854000000000002,0.004365599999999999,-0.0021367999999999999,-0.0033540000000000002,-0.0026208000000000004,0.0010066000000000003,0.0056710000000000007,0.0040991999999999999,-0.0020708000000000002,0.0015639999999999996,-0.0123908,0.0028118000000000001,-0.0004862,0.0012819999999999999,0.0020506000000000005,0.0033683999999999997,0.00040239999999999991,-0.0021450000000000002,0.0015836000000000001,0.0032177999999999998,0.00057280000000000005,0.00079240000000000007,0.0017811999999999999,-0.0018289999999999999,0.0012916,-0.00041480000000000005,0.0034122000000000002,0.0010200000000000001,-0.0032282000000000001,0.0037818000000000001,-0.0022218000000000003,-0.00083520000000000003,0.00079240000000000007,0.0010234,-0.00077479999999999997,0.00065840000000000017,-0.0025639999999999999,0.00065779999999999994,0.0018984000000000002,0.0023948000000000003,-0.0028882000000000005,-0.0043924000000000003,3.9799999999999992e-05,-0.0012146000000000001,-0.0012233999999999999,-0.0005036000000000001,0.0011554,-0.0010214,0.0025366,0.00045599999999999981,0.0019365999999999997,0.00051639999999999998,-0.00091179999999999994,0.0005170000000000001,0.0010892,-0.0020164000000000007,0.0051412000000000003,-4.0400000000000331e-05,0.00076000000000000004,-0.0021250000000000002,-0.0023416000000000001,0.00096240000000000041,0.0022011999999999999,-0.0016583999999999995,-0.0021866000000000003,0.0024545999999999995,-0.00085380000000000005,-0.0024674000000000002,-0.0027358,0.00099480000000000011,0.0080339999999999995,-4.8599999999999989e-05,0.0040130000000000009,-0.0018600000000000005,-0.0046245999999999995,-0.00078839999999999997,0.0010073999999999999,0.0014750000000000002,0.0016672000000000002,0.00090059999999999999,-0.00077159999999999989,0.00072960000000000017,-0.00057459999999999998,-0.00074399999999999998,-0.00060819999999999993,0.00087760000000000008,-0.0028684000000000001,0.00025440000000000006,0.0017638000000000003,0.0016678000000000001,-0.0022455999999999999,0.0013576,-0.0018113999999999999,0.00091179999999999994,2.980000000000002e-05,-0.0025832000000000003,-0.0005214000000000001,-0.00026039999999999999,0.0020954000000000003,-0.0017672,0.00056100000000000008,-0.00036679999999999997,0.00043180000000000009,-0.00056360000000000004,0.00036379999999999984,-0.0010690000000000001,-0.0014646000000000001,0.0025434000000000003,0.00071600000000000016,-0.0022676000000000003,-0.00026440000000000003,0.0012439999999999999,0.00092579999999999995,0.0015156000000000002,0.00063080000000000037,-0.0014152000000000001,-0.00016359999999999986,-0.0011692,0.0005223999999999999,-0.00056059999999999986,-0.0022252000000000001,-0.0015329999999999999,-0.0005311999999999999,-0.0015168,0.00094880000000000008,-0.00046659999999999996,0.002594,0.00082519999999999989,-0.0022696000000000001,0.00089219999999999989,-0.0004322000000000001,0.0017482000000000001,0.0026824000000000001,0.00093979999999999997,0.0030395999999999999,0.0062690000000000003,-0.0034702000000000005,0.0014390000000000002,-0.0046746000000000001,0.0019116000000000003,0.0011294,-0.0011022,0.0047808000000000008,0.00012720000000000006,0.00084959999999999994,-0.00048500000000000013,-0.00017379999999999989,-0.0032748,-8.1000000000000017e-05,-2.0799999999999963e-05,-1.5800000000000005e-05,-0.0015898000000000002,0.00021600000000000005,-0.00021719999999999999,-0.0030278000000000006,-0.0019646000000000004,-0.0016613999999999999,0.00016180000000000019,-0.00015460000000000002,0.0020831999999999995,-0.0001484,0.0012542,0.00030900000000000019,0.00085500000000000007,0.0013733999999999999,-0.0013524000000000001,0.00018040000000000016,0.0015861999999999998,0.0028178000000000001,-0.0024859999999999999,-0.00086760000000000027,-0.001933,0.0026230000000000003,-0.0019806000000000003,0.00015300000000000003,0.00057860000000000008,-0.0014760000000000001,6.5599999999999968e-05,0.0016368000000000001,4.8000000000000625e-06,-0.0014294000000000002,-0.0011576000000000004,-0.00039100000000000002,-0.00081259999999999991,-0.0010549999999999999,0.0010042000000000002,-0.00033900000000000011,0.0008870000000000002,0.00062339999999999997,0.00075719999999999997,-0.0029535999999999998,-0.0030370000000000002,-0.0015152,-0.00019539999999999998,-0.0016659999999999999,-0.0002722,9.8800000000000125e-05,-0.00016120000000000002,-0.0012329999999999999,0.0018074000000000002,0.00067340000000000011,-0.0018622000000000003,0.0010496000000000001,0.00071220000000000007,-3.5999999999999953e-05,0.0015583999999999999,0.00011000000000000007,0.0006741999999999998,0.00080839999999999992,-0.0010012,0.0013852000000000001,-0.0015136000000000004,0.0017561999999999999,0.0042602000000000004,-0.0024775999999999999,-0.00016779999999999999,-0.0026877999999999997,-0.0011245999999999999,-0.00030640000000000008
aug_between_class_right_pair0014_child03,Healthy,0,0,Augmented,0,0,0,0,0,0.27776390000000001,2.0450126000000002,1.3999999999999999e-06,-6.9999999999999997e-07,6.9999999999999986e-07,0.88291090000000005,4.1359030627651384e-25,0.030848500000000001,-0.1482125,0.0127203,0.069155300000000003,-0.077914999999999998,0.071049500000000002,-0.0029429999999999994,-0.007166299999999997,-0.038706400000000002,-0.08104900000000001,0.3368486,-0.064458000000000001,0.015390099999999997,0.0493233,-0.0036450999999999983,-0.020215500000000001,-0.0025090999999999998,-0.045685999999999997,0.0097539000000000011,0.017998,-0.052557400000000004,0.0035959999999999994,-0.081909599999999999,-0.0014177999999999968,0.038880200000000004,-0.022328199999999999,0.0095396000000000022,0.008475400000000001,-0.035414399999999999,0.0209061,-0.063108899999999996,-0.045300899999999998,0.076248300000000005,-0.038263100000000001,0.19559509999999999,-0.043124599999999999,-0.00026759999999999978,0.0044127999999999997,-0.00082210000000000009,-0.025539600000000003,0.0051622000000000005,0.037690100000000004,5.549999999999956e-05,-0.0055075999999999996,-0.0173291,-0.0119632,0.015773100000000002,0.010606300000000004,0.020021199999999999,0.0138719,-0.012383399999999999,0.008135899999999998,0.013354599999999999,-0.035770299999999998,7.9100000000000351e-05,-0.0015607999999999998,0.0041931999999999994,0.031243099999999999,-0.075089000000000003,-0.0084767000000000002,-0.0254366,-0.0061706999999999994,0.013493999999999999,0.0020167999999999996,-9.6600000000000288e-05,0.018390199999999999,0.0057724999999999999,0.00055960000000000016,-0.014672399999999999,0.0057326,0.0016292000000000008,-0.015533799999999999,0.0045887999999999997,0.0050654000000000003,-0.018421699999999999,0.0095534000000000001,0.0014751,0.0039498999999999992,-0.0077630999999999993,-0.0012234000000000012,0.0115227,-0.010032200000000002,-0.0116921,0.0019629999999999977,-0.0042748999999999999,0.0048609999999999999,-0.0043347000000000004,-0.0036023000000000001,0.0055634999999999999,-0.010930500000000001,0.0090256999999999993,-0.0049228999999999974,0.0030968999999999997,0.0024291999999999994,-0.0108077,-0.0020274999999999994,-0.0011816999999999999,-0.0023210000000000001,-0.0013109000000000011,0.0093279000000000001,-0.0050077999999999998,0.0017775000000000004,-0.0018244999999999997,0.0064390000000000003,-0.0013141000000000001,0.0015150999999999993,0.003052,0.0026166000000000002,0.0029407000000000001,-0.0042069999999999989,0.0044084000000000007,0.0010035000000000001,-0.0010098000000000004,-0.0088747999999999987,0.010973999999999999,-0.0023881000000000002,0.0027096999999999989,0.0092508,-0.005728200000000001,0.0054684,-0.0127963,-0.0036334999999999996,0.0039741000000000004,0.0056579999999999998,-0.010399899999999998,-0.00060880000000000027,-0.018945400000000001,-0.0043892999999999996,-0.014663499999999999,-0.014643100000000001,-0.0057214999999999992,0.0031634999999999996,0.0052056999999999997,-0.0047883999999999991,-0.0054876999999999999,4.1000000000000021e-05,0.0021723999999999997,0.00037629999999999977,-0.0025231999999999997,0.00010620000000000009,-0.00020559999999999979,-0.0010249999999999999,-0.0033834999999999998,0.0019218,-0.0031896000000000003,0.0030737,0.0045604,0.0018701,0.00028819999999999931,-0.0012962999999999998,-0.0026034000000000001,0.00017000000000000001,-0.0077445000000000005,-0.0019685000000000002,0.0063794999999999998,0.0075220000000000009,0.0024937999999999996,-0.0051256000000000001,0.0018780999999999993,-0.0034582000000000002,-0.0020477,-0.0056167000000000005,0.0037035000000000002,-0.0029771999999999989,0.0097362000000000004,0.0037347000000000001,-0.011299799999999999,-0.0032395000000000002,0.0059359999999999994,-0.006673799999999998,-0.00029739999999999986,0.0032068999999999995,0.0039482999999999992,-0.0035858000000000001,-0.0208706,0.0051783999999999988,-0.0068511000000000006,-0.0041675000000000002,0.015391700000000001,-0.0047980000000000002,-0.0014487999999999999,0.0015413999999999998,0.0018103000000000004,-0.0052632,0.0016601000000000001,0.0014198000000000001,-0.00075579999999999994,-0.0074412999999999997,-0.00067810000000000006,0.0040881000000000008,-0.0035857999999999997,-0.0051773000000000001,-0.00073839999999999995,-0.00085799999999999982,-0.0058230999999999995,-0.00056400000000000005,0.0039857999999999994,0.0043140999999999995,1.9599999999999826e-05,0.0032353,0.0025291999999999997,-0.0062563000000000002,-0.0015543000000000002,0.0040217999999999999,0.0057966000000000007,0.00037229999999999967,0.0047416000000000003,0.0025073000000000005,0.0031676,-0.0023371999999999998,0.0030618999999999998,0.0009077,-0.0028318999999999996,0.00047480000000000005,0.0070729,-1.0699999999999989e-05,-0.0047758999999999996,-0.00020240000000000015,0.00073460000000000018,-0.0035722000000000002,0.0039791999999999996,0.0013127,-0.0011577999999999998,0.0034899999999999992,-0.0052312000000000001,-0.00025199999999999919,-0.0112961,0.00055110000000000055,-0.0074914000000000005,-0.0013810999999999997,-0.0054460000000000003,0.0023688999999999997,-0.0019904000000000002,-0.00019720000000000002,-0.00097750000000000007,-0.0023500999999999999,0.0019580000000000001,0.00069219999999999991,0.0011699,0.0004659000000000001,0.00078280000000000016,-0.0032974000000000002,-0.0011860999999999998,0.0015698000000000001,-0.0013313999999999999,-0.00084789999999999996,0.0016232,0.0015309,0.0020125,-0.0034868999999999998,0.00059899999999999992,-0.00074069999999999974,0.00035030000000000011,0.0033579000000000005,-0.003359,0.0025239999999999998,2.7100000000000171e-05,-0.0021104000000000001,-0.0022310999999999998,0.00018370000000000018,0.0021199000000000001,0.0035626999999999998,0.0010539000000000002,0.00010419999999999982,-0.0040185999999999998,0.00066240000000000005,0.0054613999999999999,-0.00069699999999999992,0.00018279999999999986,0.0006638000000000002,0.00069470000000000014,-0.00057870000000000013,-0.0041342000000000002,-0.00018960000000000027,0.0014564000000000005,-0.0019356000000000002,-0.0025765999999999992,0.0042653999999999973,-0.0015262000000000001,-0.0030070000000000001,-0.0020461999999999998,0.00085790000000000042,0.0055775000000000009,0.0034063000000000001,-0.0018461999999999994,0.0012159999999999996,-0.0120067,0.0029217000000000002,-0.00054730000000000002,0.0012949999999999999,0.0018254000000000005,0.0033771000000000001,0.00060159999999999988,-0.0022634999999999999,0.0015163999999999998,0.0033077000000000002,0.00034369999999999984,0.00065660000000000002,0.0020668000000000001,-0.0011524999999999999,0.0013803999999999999,-0.00037519999999999996,0.0030862999999999997,0.00069450000000000002,-0.0033187999999999998,0.0039006999999999991,-0.0020127000000000001,-0.00089579999999999998,0.00076959999999999995,0.0012056,-0.00065870000000000002,0.00049909999999999993,-0.0028024999999999999,0.00065519999999999999,0.0018686,0.0021441999999999998,-0.0027772999999999999,-0.0042021000000000003,7.3199999999999828e-05,-0.0010988999999999999,-0.0012001,-0.00024540000000000022,0.00082209999999999976,-0.00081460000000000007,0.0025618999999999998,0.00027649999999999984,0.0015853999999999994,0.00074659999999999961,-0.00072519999999999963,0.00089150000000000015,0.00097329999999999997,-0.0014921000000000003,0.0049877999999999997,0.00019139999999999999,0.00080600000000000008,-0.0019145,-0.0020498999999999999,0.00086910000000000025,0.0022797999999999998,-0.0017010999999999997,-0.0015464000000000003,0.0023493999999999998,-0.00095870000000000005,-0.0021961000000000003,-0.0025831999999999999,0.0010877,0.0076854999999999996,-0.00051140000000000029,0.0037895000000000003,-0.0018640000000000002,-0.0046864000000000003,-0.0005935999999999999,0.00091509999999999985,0.0014905000000000001,0.0014727999999999998,0.00092289999999999983,-0.0004843999999999999,0.00063839999999999991,-0.00061390000000000001,-0.00079350000000000004,-0.0008142999999999999,0.00096739999999999999,-0.0028090999999999993,2.8600000000000018e-05,0.0017071999999999999,0.0017056999999999999,-0.0023243999999999999,0.0014404000000000001,-0.0019575999999999999,0.00094520000000000021,9.0699999999999982e-05,-0.0025157999999999999,-0.00058659999999999995,-0.00018009999999999999,0.0018650999999999997,-0.0015368000000000001,0.00047749999999999995,-0.00051019999999999993,0.00043620000000000009,-0.00066439999999999999,0.00062670000000000022,-0.0011825,-0.0015619,0.0025735999999999997,0.001039,-0.0020598999999999999,-0.00021659999999999995,0.0012780000000000001,0.00073519999999999998,0.0012779000000000002,0.00044769999999999988,-0.0011437999999999999,-0.00015240000000000002,-0.00096080000000000004,0.00033560000000000003,-0.00070890000000000005,-0.0024942999999999996,-0.0011904999999999997,-0.00038729999999999993,-0.0012676999999999999,0.0010332,-0.00027940000000000018,0.0027425000000000001,0.00053229999999999987,-0.0027019000000000001,0.00072329999999999985,-0.00019879999999999984,0.0015937999999999994,0.0026901,0.0010402,0.0032528999999999995,0.0056714999999999995,-0.0035873000000000003,0.0011125000000000002,-0.0042874000000000002,0.0018668999999999995,0.0011551000000000001,-0.0011068,0.0041701999999999998,0.00043429999999999988,0.00082189999999999997,-0.00041550000000000002,-0.00017919999999999991,-0.0033466999999999998,-0.00010899999999999994,-0.0002137000000000001,-5.0700000000000013e-05,-0.0016372000000000001,0.00049700000000000005,-0.00017480000000000002,-0.0030086999999999996,-0.0019764000000000001,-0.0018086000000000001,6.5200000000000013e-05,-0.0002364,0.0021857999999999999,-0.00027959999999999997,0.0014127999999999996,0.00047650000000000009,0.00087100000000000003,0.0010855999999999999,-0.0013851,3.5099999999999932e-05,0.0018002999999999999,0.0026557,-0.0024039999999999999,-0.00091439999999999989,-0.0015659999999999999,0.0025009999999999998,-0.0019234,0.00011249999999999997,0.00047740000000000006,-0.0012544999999999998,6.8900000000000021e-05,0.0017892000000000001,-0.00013430000000000004,-0.0013125999999999999,-0.0010034000000000002,-0.00020000000000000004,-0.00092889999999999997,-0.00098249999999999987,0.0011023000000000001,-0.00050449999999999974,0.00060400000000000004,0.00077309999999999998,0.00072880000000000004,-0.0030093999999999997,-0.0027154999999999996,-0.0015572999999999997,6.5400000000000072e-05,-0.0014655000000000002,-0.00046430000000000017,0.00037819999999999987,-0.00019629999999999995,-0.00088899999999999992,0.0017390999999999999,0.00031210000000000011,-0.0017028,0.0010414000000000001,0.00026679999999999998,0.00021300000000000008,0.0013025999999999999,0.00020649999999999987,0.00086329999999999957,0.00065609999999999996,-0.00096279999999999998,0.0013982999999999999,-0.0019009000000000001,0.0018902999999999999,0.0038262999999999999,-0.0022068999999999999,-8.3699999999999975e-05,-0.0026042000000000001,-0.00058790000000000014,-0.00068309999999999964
aug_between_class_right_pair0014_child04,Healthy,0,0,Augmented,0,0,0,0,0,0.27243020000000001,2.0123517999999998,1.1999999999999999e-06,-5.9999999999999997e-07,5.9999999999999997e-07,0.86868219999999996,0,0.029876,-0.14489199999999999,0.012608400000000001,0.067743399999999995,-0.076619000000000007,0.067793999999999993,-0.0034659999999999999,-0.0060473999999999979,-0.036766199999999999,-0.078742000000000006,0.32977879999999998,-0.062741999999999992,0.017623799999999998,0.0494514,-0.001322799999999999,-0.019224999999999999,-0.0016207999999999995,-0.044218999999999994,0.010122200000000001,0.015688999999999998,-0.0502552,0.0028219999999999994,-0.081461800000000001,0.00093760000000000197,0.038358600000000007,-0.022245599999999997,0.011258799999999999,0.0065091999999999997,-0.035508199999999997,0.020460800000000001,-0.064119200000000001,-0.040594200000000004,0.074511400000000005,-0.034573800000000002,0.19235179999999999,-0.044664799999999998,0.00019420000000000028,0.0045474000000000001,-0.00077280000000000057,-0.024175800000000001,0.0055466000000000005,0.036745800000000002,0.0003290000000000003,-0.0057678,-0.0171498,-0.0114076,0.0149388,0.011755400000000001,0.0196156,0.012845199999999998,-0.012654200000000001,0.0063641999999999987,0.013605799999999999,-0.0346044,4.5799999999999487e-05,-0.0018924000000000002,0.0048686000000000007,0.030944800000000001,-0.074816999999999995,-0.0100266,-0.026417799999999998,-0.0048496000000000008,0.014811999999999999,0.0021614,-0.00075980000000000036,0.0178146,0.0064560000000000008,0.00033679999999999995,-0.0150262,0.0060888000000000001,0.0023626000000000003,-0.014811400000000002,0.0041593999999999997,0.0047052000000000005,-0.016937600000000001,0.0097672000000000002,0.0019547999999999996,0.0045501999999999999,-0.0073877999999999991,-0.0010541999999999999,0.011462600000000002,-0.0097345999999999995,-0.011518799999999999,0.0010059999999999991,-0.0040641999999999996,0.0056310000000000006,-0.0041655999999999993,-0.0037934000000000002,0.0047739999999999996,-0.010183000000000001,0.0068205999999999987,-0.0049342000000000032,0.0036711999999999999,0.0023806000000000001,-0.0092356000000000001,-0.0017469999999999999,-0.0012245999999999997,-0.002176,-0.0015182000000000008,0.0093542,-0.0052414000000000002,0.0012120000000000004,-0.0015919999999999999,0.0070070000000000002,-0.00049780000000000007,0.0018317999999999989,0.0036249999999999998,0.0032577999999999999,0.0029145999999999998,-0.0041710000000000011,0.0039881999999999999,0.0010790000000000001,-0.0011403999999999993,-0.0084884000000000001,0.010444999999999999,-0.0025018000000000002,0.0019005999999999988,0.0080953999999999991,-0.0052036000000000001,0.0051041999999999997,-0.0113884,-0.0031569999999999997,0.0032088000000000004,0.0057720000000000002,-0.0098401999999999986,-0.00091340000000000019,-0.018428200000000002,-0.0040844000000000002,-0.013795999999999999,-0.0139898,-0.0055060000000000005,0.0022119999999999991,0.0051985999999999994,-0.0053231999999999993,-0.0046965999999999996,6.3000000000000013e-05,0.0024101999999999999,1.2399999999999734e-05,-0.0023596000000000003,0.00037760000000000018,-0.00028280000000000015,-0.00093000000000000005,-0.0033419999999999999,0.0020514000000000001,-0.0035877999999999999,0.0032306000000000001,0.0049461999999999996,0.0012478000000000001,0.00029859999999999999,-0.0010503999999999999,-0.0025472000000000003,0.00027200000000000011,-0.0081010000000000006,-0.0021150000000000001,0.0062469999999999999,0.0066040000000000005,0.0029354000000000003,-0.0051478000000000001,0.0015377999999999998,-0.0029776,-0.0019226,-0.0047795999999999993,0.003565,-0.0031325999999999997,0.0097776000000000009,0.0034225999999999996,-0.0112064,-0.0030170000000000006,0.0061769999999999993,-0.006639400000000001,0.00029179999999999994,0.0031551999999999995,0.0033934000000000004,-0.0035074000000000008,-0.019764799999999999,0.0055981999999999985,-0.0059387999999999993,-0.0034000000000000002,0.013909600000000001,-0.004829,-0.0012963999999999999,0.0013541999999999998,0.0015953999999999999,-0.0053826000000000004,0.0014888,0.0011814,-0.00085039999999999996,-0.0075434000000000005,-0.00041180000000000014,0.0037818000000000001,-0.0040093999999999998,-0.0048294000000000002,-0.00062620000000000004,-0.00073799999999999994,-0.0063927999999999988,-0.0010250000000000001,0.0038744000000000001,0.0045617999999999995,0.00033679999999999995,0.0030283999999999997,0.0022465999999999996,-0.0061044000000000003,-0.0015244000000000004,0.0041224,0.0053818000000000008,0.00030039999999999993,0.0049888000000000007,0.0026544000000000003,0.0031798,-0.0023005999999999999,0.0027491999999999998,0.00087859999999999978,-0.0022911999999999997,0.00049740000000000006,0.0071032000000000005,0.00040040000000000019,-0.0044241999999999997,-0.00047220000000000031,0.00055479999999999982,-0.0034786000000000001,0.0034105999999999997,0.0013946000000000002,-0.0015064,0.0026979999999999994,-0.0049905999999999996,-0.00060000000000000027,-0.011823799999999999,0.00062980000000000024,-0.0076902000000000003,-0.0011157999999999997,-0.0054479999999999997,0.0023071999999999997,-0.0021782000000000004,-0.00024659999999999998,-0.00082799999999999996,-0.0023118000000000001,0.0022309999999999999,0.0005935999999999999,0.0013142000000000002,0.0007141999999999998,0.00069240000000000013,-0.0030322000000000005,-0.0011058000000000001,0.0016404000000000002,-0.0013592000000000001,-0.00087219999999999995,0.0017376,0.0013732000000000002,0.001771,-0.0032572,0.000107,-0.0010015999999999998,0.0005034000000000002,0.0031702000000000002,-0.0030270000000000002,0.0022719999999999997,-5.2000000000001264e-06,-0.0021892000000000001,-0.0023268,0.0001965999999999999,0.0017501999999999997,0.0037736000000000002,0.0012642,-0.00018839999999999981,-0.0039878000000000005,0.00054919999999999991,0.0052741999999999997,-0.00093099999999999997,0.0006783999999999999,0.00086140000000000001,0.00097560000000000008,-0.00053260000000000026,-0.0039366000000000002,-0.00018180000000000019,0.0011762000000000001,-0.0023088000000000002,-0.0027677999999999999,0.0041651999999999991,-0.00091559999999999992,-0.00266,-0.0014715999999999998,0.00070919999999999967,0.005484000000000001,0.0027133999999999995,-0.0016215999999999997,0.00086799999999999941,-0.0116226,0.0030315999999999997,-0.00060840000000000004,0.0013079999999999999,0.0016002000000000002,0.0033858,0.00080079999999999995,-0.002382,0.0014491999999999999,0.0033976000000000002,0.00011459999999999997,0.00052080000000000008,0.0023523999999999997,-0.00047599999999999986,0.0014691999999999999,-0.00033559999999999997,0.0027604000000000001,0.00036900000000000008,-0.0034093999999999999,0.0040195999999999999,-0.0018036000000000003,-0.00095640000000000005,0.00074680000000000005,0.0013878000000000002,-0.00054259999999999996,0.00033979999999999991,-0.0030410000000000003,0.00065259999999999992,0.0018388000000000002,0.0018936000000000001,-0.0026663999999999998,-0.0040118000000000003,0.00010659999999999988,-0.00098320000000000005,-0.0011768,1.2799999999999877e-05,0.00048879999999999985,-0.00060780000000000003,0.0025872,9.6999999999999864e-05,0.0012341999999999995,0.00097679999999999989,-0.00053859999999999997,0.0012660000000000002,0.00085739999999999992,-0.00096780000000000021,0.0048343999999999991,0.00042319999999999988,0.00085200000000000011,-0.0017039999999999998,-0.0017581999999999999,0.00077580000000000053,0.0023583999999999996,-0.0017437999999999998,-0.00090620000000000002,0.0022442,-0.0010636,-0.0019247999999999999,-0.0024305999999999998,0.0011806,0.0073369999999999998,-0.00097420000000000026,0.0035660000000000002,-0.0018680000000000007,-0.0047482000000000002,-0.00039879999999999999,0.00082279999999999983,0.001506,0.0012783999999999998,0.00094519999999999988,-0.00019719999999999981,0.00054719999999999986,-0.00065319999999999994,-0.000843,-0.0010203999999999999,0.0010572000000000001,-0.0027497999999999993,-0.0001972,0.0016506000000000001,0.0017436000000000001,-0.0024032000000000003,0.0015231999999999997,-0.0021038000000000003,0.00097860000000000004,0.00015160000000000003,-0.0024483999999999994,-0.00065180000000000001,-9.9799999999999959e-05,0.0016348000000000001,-0.0013063999999999999,0.00039399999999999993,-0.00065360000000000006,0.00044060000000000008,-0.00076519999999999995,0.00088960000000000005,-0.0012960000000000001,-0.0016592000000000002,0.0026037999999999999,0.0013620000000000001,-0.0018522,-0.00016879999999999998,0.001312,0.00054460000000000001,0.0010401999999999998,0.00026460000000000003,-0.00087239999999999996,-0.00014119999999999996,-0.00075240000000000007,0.00014880000000000004,-0.00085720000000000002,-0.0027634000000000001,-0.0008479999999999998,-0.00024340000000000006,-0.0010185999999999997,0.0011176000000000001,-9.2199999999999964e-05,0.0028910000000000003,0.00023939999999999986,-0.0031342000000000002,0.00055439999999999981,3.4600000000000082e-05,0.0014394,0.0026978000000000002,0.0011406000000000001,0.0034662,0.0050739999999999995,-0.0037044000000000005,0.00078600000000000002,-0.0039001999999999999,0.0018221999999999995,0.0011808000000000001,-0.0011114,0.0035596,0.00074140000000000013,0.00079420000000000001,-0.00034600000000000001,-0.00018459999999999993,-0.0034185999999999999,-0.00013700000000000002,-0.00040660000000000007,-8.5599999999999994e-05,-0.0016845999999999999,0.00077800000000000015,-0.00013239999999999997,-0.0029895999999999998,-0.0019881999999999999,-0.0019558000000000002,-3.1400000000000004e-05,-0.00031820000000000004,0.0022883999999999999,-0.00041080000000000006,0.0015714000000000001,0.00064400000000000026,0.00088699999999999998,0.00079779999999999998,-0.0014178000000000001,-0.00011020000000000013,0.0020144,0.0024935999999999999,-0.0023220000000000003,-0.00096119999999999995,-0.0011990000000000002,0.002379,-0.0018662000000000002,7.1999999999999988e-05,0.00037619999999999998,-0.0010330000000000001,7.2199999999999966e-05,0.0019416000000000001,-0.00027340000000000003,-0.0011958000000000001,-0.00084920000000000015,-9.0000000000000019e-06,-0.0010452,-0.00090999999999999989,0.0012004000000000001,-0.00067000000000000002,0.00032099999999999994,0.00092279999999999999,0.0007004,-0.0030651999999999997,-0.0023939999999999994,-0.0015994,0.00032620000000000012,-0.0012650000000000001,-0.00065639999999999991,0.00065759999999999983,-0.00023139999999999988,-0.00054499999999999991,0.0016707999999999996,-4.9200000000000003e-05,-0.0015434000000000001,0.0010332000000000002,-0.00017860000000000014,0.00046200000000000006,0.0010467999999999999,0.0003030000000000001,0.0010523999999999998,0.00050379999999999999,-0.00092439999999999992,0.0014113999999999999,-0.0022882000000000007,0.0020244,0.0033923999999999998,-0.0019361999999999999,4.0000000000000972e-07,-0.0025205999999999996,-5.1199999999999943e-05,-0.0010598000000000001
aug_between_class_right_pair0014_child05,TLE,1,1,Augmented,0,0,0,0,0,0.26176280000000002,1.9470301999999999,8.0000000000000007e-07,-3.9999999999999993e-07,3.9999999999999998e-07,0.84022479999999999,0,0.027930999999999997,-0.13825100000000001,0.012384599999999999,0.064919599999999994,-0.074026999999999996,0.061283000000000004,-0.0045119999999999995,-0.0038095999999999989,-0.0328858,-0.074127999999999999,0.31563920000000001,-0.059310000000000002,0.022091199999999995,0.049707600000000005,0.0033217999999999998,-0.017244000000000002,0.00015579999999999934,-0.041284999999999995,0.0108588,0.011071000000000001,-0.045650800000000005,0.001274,-0.080566199999999991,0.0056483999999999996,0.037315399999999999,-0.0220804,0.014697200000000001,0.0025768000000000024,-0.0356958,0.019570199999999999,-0.066139799999999999,-0.031180800000000005,0.071037600000000006,-0.027195199999999999,0.18586520000000001,-0.047745200000000002,0.0011177999999999995,0.0048166000000000007,-0.00067420000000000067,-0.021448200000000001,0.0063154000000000005,0.034857199999999998,0.00087599999999999961,-0.0062881999999999999,-0.016791200000000003,-0.010296399999999997,0.013270200000000001,0.014053599999999999,0.018804399999999999,0.010791800000000001,-0.013195800000000001,0.0028208,0.0141082,-0.032272599999999999,-2.0800000000000506e-05,-0.0025555999999999995,0.0062193999999999999,0.030348199999999999,-0.074273000000000006,-0.0131264,-0.028380199999999998,-0.0022074000000000017,0.017447999999999998,0.0024505999999999998,-0.0020862000000000003,0.016663400000000002,0.0078230000000000001,-0.00010880000000000004,-0.015733799999999999,0.0068012000000000003,0.0038293999999999997,-0.013366600000000001,0.0033005999999999999,0.0039848000000000001,-0.0139694,0.0101948,0.0029141999999999996,0.0057507999999999995,-0.0066372000000000002,-0.00071579999999999908,0.011342399999999999,-0.0091393999999999989,-0.0111722,-0.00090800000000000082,-0.0036427999999999999,0.0071709999999999994,-0.0038273999999999999,-0.0041755999999999998,0.0031949999999999999,-0.0086880000000000013,0.0024104,-0.0049568000000000008,0.0048197999999999991,0.0022833999999999979,-0.0060914000000000012,-0.001186,-0.0013103999999999998,-0.0018860000000000001,-0.001932800000000001,0.0094067999999999999,-0.0057085999999999994,8.0999999999999475e-05,-0.001127,0.0081430000000000009,0.0011347999999999996,0.002465199999999999,0.0047710000000000001,0.0045401999999999986,0.0028624000000000002,-0.0040990000000000002,0.0031478000000000001,0.0012299999999999993,-0.0014015999999999998,-0.0077155999999999995,0.0093869999999999995,-0.0027292000000000002,0.00028239999999999949,0.0057846000000000009,-0.0041544000000000008,0.0043758,-0.0085725999999999997,-0.0022039999999999998,0.0016782000000000004,0.0060000000000000001,-0.0087208000000000008,-0.0015225999999999998,-0.017393800000000001,-0.0034746,-0.012061000000000001,-0.012683200000000002,-0.0050749999999999997,0.00030900000000000008,0.0051843999999999996,-0.0063927999999999988,-0.0031143999999999998,0.000107,0.0028858,-0.00071540000000000015,-0.0020324000000000002,0.00092039999999999993,-0.00043720000000000044,-0.00073999999999999999,-0.0032589999999999997,0.0023105999999999999,-0.0043842000000000013,0.0035444000000000005,0.0057178000000000003,3.2000000000003082e-06,0.00031939999999999963,-0.00055859999999999992,-0.0024348,0.00047600000000000008,-0.0088140000000000007,-0.002408,0.0059820000000000003,0.0047680000000000005,0.0038185999999999993,-0.0051922000000000001,0.0008571999999999998,-0.0020164000000000002,-0.0016724000000000001,-0.0031053999999999995,0.0032880000000000001,-0.0034433999999999997,0.0098604000000000001,0.0027984000000000004,-0.011019599999999999,-0.0025720000000000005,0.0066589999999999991,-0.0065706000000000002,0.0014702000000000001,0.0030517999999999995,0.0022836000000000011,-0.0033506000000000005,-0.017553199999999998,0.0064377999999999987,-0.0041142000000000001,-0.0018650000000000003,0.010945400000000001,-0.0048910000000000004,-0.00099160000000000003,0.00097979999999999986,0.0011656000000000001,-0.0056214000000000004,0.0011462000000000002,0.0007046000000000001,-0.0010396000000000001,-0.0077476000000000003,0.00012079999999999985,0.0031692000000000005,-0.0048566,-0.0041336000000000003,-0.00040180000000000001,-0.00049799999999999996,-0.0075321999999999993,-0.0019469999999999999,0.0036516000000000005,0.0050571999999999995,0.00097120000000000019,0.0026145999999999999,0.0016814,-0.0058005999999999995,-0.0014646000000000004,0.0043236000000000004,0.0045522000000000002,0.00015659999999999979,0.0054832000000000006,0.0029486,0.0032041999999999999,-0.0022274,0.0021238000000000003,0.00082039999999999978,-0.0012098,0.00054260000000000007,0.0071637999999999997,0.0012226000000000006,-0.0037207999999999998,-0.0010118000000000002,0.00019519999999999997,-0.0032913999999999999,0.0022734000000000001,0.0015584000000000001,-0.0022036,0.001114,-0.0045094000000000002,-0.0012959999999999998,-0.0128792,0.00078720000000000005,-0.0080877999999999992,-0.0005851999999999997,-0.0054520000000000002,0.0021838000000000001,-0.0025538000000000002,-0.00034539999999999999,-0.00052900000000000006,-0.0022352000000000006,0.0027770000000000004,0.00039640000000000004,0.0016027999999999997,0.0012108000000000002,0.00051160000000000008,-0.0025017999999999998,-0.00094519999999999977,0.0017816000000000002,-0.0014147999999999999,-0.00092080000000000005,0.0019664000000000001,0.0010578000000000002,0.0012880000000000001,-0.0027978,-0.00087699999999999996,-0.0015233999999999992,0.00080960000000000005,0.0027948000000000001,-0.0023630000000000001,0.001768,-6.9799999999999853e-05,-0.0023468,-0.0025182,0.0002224000000000002,0.0010108000000000001,0.0041954000000000002,0.0016848000000000002,-0.00077360000000000016,-0.0039261999999999995,0.00032280000000000004,0.0048998000000000002,-0.0013989999999999999,0.0016695999999999998,0.0012565999999999999,0.0015374000000000002,-0.00044040000000000008,-0.0035414000000000001,-0.00016620000000000003,0.00061580000000000055,-0.0030552000000000001,-0.0031501999999999997,0.0039647999999999992,0.00030560000000000016,-0.0019660000000000003,-0.00032240000000000025,0.00041179999999999993,0.0052970000000000005,0.0013276,-0.0011724000000000001,0.00017199999999999984,-0.0108544,0.0032513999999999998,-0.00073059999999999998,0.0013339999999999999,0.0011498000000000003,0.0034032000000000003,0.0011991999999999999,-0.0026189999999999998,0.0013148000000000001,0.0035774000000000001,-0.0003436,0.00024920000000000009,0.0029235999999999997,0.00087699999999999974,0.0016467999999999999,-0.0002564,0.0021086000000000004,-0.00028199999999999975,-0.0035906000000000002,0.0042573999999999997,-0.0013854000000000002,-0.0010776,0.00070120000000000002,0.0017522000000000002,-0.00031040000000000006,2.1199999999999865e-05,-0.0035179999999999999,0.00064740000000000002,0.0017792000000000003,0.0013924000000000002,-0.0024446000000000003,-0.0036312000000000002,0.00017339999999999999,-0.00075180000000000006,-0.0011302,0.00052919999999999985,-0.00017779999999999993,-0.00019420000000000006,0.0026378,-0.00026200000000000051,0.00053180000000000002,0.0014371999999999998,-0.00016539999999999979,0.0020150000000000003,0.00062560000000000003,8.0799999999999525e-05,0.0045275999999999997,0.00088680000000000009,0.00094400000000000018,-0.0012830000000000003,-0.0011748000000000001,0.00058920000000000066,0.0025156000000000002,-0.0018292,0.0003742000000000001,0.0020338000000000001,-0.0012734000000000001,-0.0013822000000000001,-0.0021253999999999999,0.0013664,0.0066400000000000001,-0.0018997999999999999,0.0031190000000000002,-0.0018760000000000009,-0.0048718000000000008,-9.2000000000000068e-06,0.0006381999999999999,0.001537,0.00088960000000000005,0.00098979999999999988,0.00037720000000000017,0.00036480000000000014,-0.0007317999999999999,-0.00094199999999999991,-0.0014325999999999998,0.0012368000000000001,-0.0026312000000000002,-0.00064880000000000005,0.0015374000000000002,0.0018194000000000001,-0.0025608000000000002,0.0016888000000000003,-0.0023962000000000002,0.0010453999999999999,0.00027339999999999992,-0.0023135999999999999,-0.00078220000000000015,6.0800000000000014e-05,0.0011742000000000002,-0.00084560000000000017,0.00022700000000000002,-0.00094039999999999998,0.00044940000000000008,-0.00096679999999999986,0.0014153999999999998,-0.001523,-0.0018538000000000001,0.0026642000000000002,0.0020079999999999998,-0.0014368000000000002,-7.3200000000000153e-05,0.0013799999999999999,0.00016340000000000007,0.00056480000000000007,-0.00010159999999999987,-0.00032960000000000021,-0.00011880000000000007,-0.00033560000000000003,-0.00022479999999999983,-0.0011538,-0.0033016,-0.0001629999999999999,4.4399999999999995e-05,-0.00052039999999999996,0.0012864,0.00028219999999999981,0.0031879999999999999,-0.00034640000000000018,-0.0039987999999999994,0.00021659999999999995,0.00050139999999999994,0.0011305999999999998,0.0027131999999999998,0.0013414,0.0038928000000000001,0.0038790000000000001,-0.0039386000000000004,0.00013300000000000031,-0.0031258000000000002,0.0017327999999999996,0.0012321999999999999,-0.0011206,0.0023384000000000005,0.0013556000000000002,0.00073879999999999996,-0.00020700000000000004,-0.00019539999999999992,-0.0035624000000000003,-0.00019299999999999997,-0.00079239999999999996,-0.00015540000000000001,-0.0017794,0.00134,-4.7599999999999964e-05,-0.0029513999999999999,-0.0020118000000000002,-0.0022502000000000004,-0.00022459999999999993,-0.0004818,0.0024935999999999995,-0.00067319999999999988,0.0018885999999999998,0.00097900000000000027,0.0009189999999999999,0.00022219999999999993,-0.0014832000000000001,-0.00040079999999999998,0.0024425999999999996,0.0021694000000000001,-0.0021580000000000002,-0.0010548000000000001,-0.00046500000000000014,0.0021349999999999997,-0.0017518,-8.9999999999999816e-06,0.00017380000000000005,-0.00059000000000000003,7.8799999999999991e-05,0.0022464,-0.00055159999999999996,-0.00096220000000000008,-0.00054080000000000013,0.00037299999999999985,-0.0012777999999999999,-0.00076499999999999995,0.0013966000000000002,-0.0010009999999999997,-0.00024499999999999983,0.0012222000000000001,0.00064360000000000003,-0.0031767999999999996,-0.0017510000000000002,-0.0016835999999999999,0.00084780000000000012,-0.00086400000000000008,-0.0010406,0.0012163999999999999,-0.00030159999999999996,0.00014299999999999979,0.0015341999999999999,-0.00077179999999999968,-0.0012246000000000002,0.0010168000000000002,-0.0010693999999999996,0.00095999999999999992,0.00053519999999999978,0.0004959999999999997,0.0014305999999999998,0.00019919999999999964,-0.0008476,0.0014376,-0.0030628000000000005,0.0022925999999999997,0.0025246000000000001,-0.0013948000000000001,0.00016860000000000001,-0.0023533999999999998,0.0010221999999999996,-0.0018131999999999998
aug_between_class_right_pair0014_child06,TLE,1,1,Augmented,0,0,0,0,0,0.25642910000000002,1.9143694,6.0000000000000018e-07,-2.9999999999999993e-07,3.0000000000000004e-07,0.82599610000000001,0,0.0269585,-0.13493050000000001,0.012272700000000001,0.0635077,-0.072731000000000004,0.058027500000000003,-0.0050349999999999995,-0.002690699999999999,-0.0309456,-0.071820999999999996,0.30856939999999999,-0.057593999999999999,0.0243249,0.049835699999999997,0.0056441,-0.016253500000000001,0.0010440999999999996,-0.039817999999999999,0.0112271,0.008761999999999999,-0.043348600000000001,0.00050000000000000001,-0.080118399999999992,0.0080038000000000002,0.036793800000000002,-0.021997799999999998,0.016416399999999998,0.00061060000000000107,-0.035789599999999998,0.019124899999999997,-0.06715009999999999,-0.026474100000000004,0.069300699999999993,-0.023505900000000003,0.1826219,-0.0492854,0.0015796000000000004,0.0049512000000000011,-0.00062490000000000028,-0.020084400000000002,0.0066998000000000005,0.033912900000000003,0.0011494999999999999,-0.0065483999999999994,-0.016611900000000002,-0.0097407999999999991,0.012435900000000001,0.0152027,0.0183988,0.0097651000000000005,-0.013466599999999999,0.0010491000000000007,0.0143594,-0.031106700000000001,-5.4100000000000068e-05,-0.0028871999999999991,0.0068947999999999995,0.030049900000000001,-0.074000999999999997,-0.0146763,-0.029361399999999999,-0.00088630000000000306,0.018765999999999998,0.0025951999999999993,-0.0027494000000000004,0.016087799999999999,0.0085065000000000002,-0.00033160000000000004,-0.016087600000000001,0.0071574000000000004,0.0045627999999999997,-0.012644200000000001,0.0028712,0.0036246000000000004,-0.012485300000000001,0.0104086,0.0033938999999999996,0.0063510999999999993,-0.0062618999999999999,-0.00054660000000000125,0.0112823,-0.0088418000000000004,-0.010998900000000001,-0.0018649999999999995,-0.0034321,0.0079410000000000001,-0.0036582999999999997,-0.0043667000000000003,0.0024055000000000005,-0.0079404999999999996,0.00020530000000000114,-0.0049680999999999961,0.0053940999999999989,0.0022347999999999986,-0.0045193000000000013,-0.00090550000000000049,-0.0013533,-0.0017410000000000001,-0.0021401000000000007,0.0094330999999999998,-0.0059421999999999999,-0.00048449999999999969,-0.0008945,0.008711,0.0019510999999999994,0.0027818999999999986,0.0053439999999999998,0.0051813999999999992,0.0028362999999999999,-0.0040630000000000006,0.0027275999999999993,0.0013055000000000002,-0.0015321999999999996,-0.0073292000000000001,0.0088579999999999996,-0.0028429000000000002,-0.00052669999999999974,0.0046292000000000008,-0.0036298000000000003,0.0040116000000000006,-0.0071647000000000013,-0.0017275000000000003,0.00091290000000000034,0.0061139999999999996,-0.008161100000000001,-0.0018272,-0.016876600000000002,-0.0031697000000000001,-0.0111935,-0.012029900000000001,-0.0048594999999999992,-0.00064249999999999973,0.0051772999999999993,-0.0069275999999999982,-0.0023233000000000004,0.00012899999999999999,0.0031235999999999998,-0.0010793000000000001,-0.0018688000000000003,0.0011917999999999998,-0.00051439999999999993,-0.00064499999999999996,-0.0032174999999999999,0.0024402,-0.0047824000000000009,0.0037013000000000002,0.0061036000000000007,-0.00061909999999999938,0.00032980000000000032,-0.00031270000000000017,-0.0023786000000000002,0.00057800000000000017,-0.0091705000000000016,-0.0025544999999999999,0.0058495000000000005,0.003850000000000001,0.0042601999999999996,-0.0052144000000000001,0.00051690000000000026,-0.0015358000000000004,-0.0015473000000000002,-0.0022683,0.0031495,-0.0035987999999999988,0.0099018000000000005,0.0024863000000000007,-0.0109262,-0.0023495,0.0068999999999999999,-0.0065361999999999998,0.0020593999999999999,0.0030000999999999995,0.0017286999999999997,-0.0032722000000000003,-0.016447400000000001,0.0068575999999999984,-0.0032019000000000006,-0.0010975000000000008,0.0094633000000000009,-0.004922000000000001,-0.00083920000000000012,0.00079260000000000008,0.0009507000000000005,-0.0057407999999999999,0.00097490000000000012,0.00046620000000000016,-0.0011342000000000001,-0.0078496999999999994,0.00038709999999999976,0.0028629000000000003,-0.0052802000000000005,-0.0037857000000000003,-0.00028960000000000005,-0.00037800000000000003,-0.0081019000000000004,-0.002408,0.0035402000000000003,0.0053049000000000013,0.0012884000000000003,0.0024077,0.0013988,-0.0056486999999999996,-0.0014347000000000006,0.0044241999999999997,0.0041374000000000003,8.4700000000000053e-05,0.0057304000000000009,0.0030956999999999998,0.0032164000000000003,-0.0021908000000000001,0.0018111000000000002,0.00079129999999999999,-0.00066910000000000016,0.00056520000000000008,0.0071941000000000001,0.0016337000000000003,-0.0033690999999999999,-0.0012815999999999999,1.5400000000000483e-05,-0.0031977999999999998,0.0017048000000000002,0.0016403000000000001,-0.0025521999999999993,0.00032200000000000045,-0.0042687999999999997,-0.0016439999999999992,-0.013406899999999999,0.00086589999999999974,-0.0082865999999999999,-0.00031990000000000057,-0.0054539999999999996,0.0021221,-0.0027416000000000003,-0.00039479999999999995,-0.00037950000000000006,-0.0021968999999999999,0.0030500000000000002,0.00029780000000000014,0.0017470999999999997,0.0014590999999999996,0.00042120000000000005,-0.0022366,-0.00086490000000000004,0.0018522000000000002,-0.0014426,-0.00094509999999999993,0.0020807999999999998,0.00090010000000000025,0.0010465000000000001,-0.0025681000000000002,-0.0013689999999999998,-0.0017842999999999997,0.00096270000000000004,0.0026071000000000002,-0.0020309999999999998,0.001516,-0.00010209999999999993,-0.0024256,-0.0026138999999999997,0.00023529999999999992,0.00064110000000000035,0.0044063000000000001,0.0018950999999999998,-0.0010661999999999998,-0.0038954000000000003,0.0002096,0.0047125999999999999,-0.0016329999999999995,0.0021651999999999999,0.0014542000000000001,0.0018182999999999999,-0.00039429999999999977,-0.0033438000000000001,-0.00015839999999999995,0.00033560000000000057,-0.0034283999999999999,-0.0033414000000000004,0.0038645999999999997,0.00091619999999999972,-0.0016190000000000004,0.00025219999999999973,0.00026310000000000005,0.0052034999999999998,0.00063470000000000019,-0.00094779999999999994,-0.00017599999999999994,-0.0104703,0.0033613000000000002,-0.0007917,0.0013470000000000001,0.00092460000000000025,0.0034119000000000003,0.0013983999999999999,-0.0027374999999999995,0.0012476000000000002,0.0036673000000000001,-0.00057269999999999999,0.00011340000000000026,0.0032091999999999997,0.0015534999999999995,0.0017355999999999999,-0.0002167999999999999,0.0017827000000000006,-0.00060749999999999975,-0.0036811999999999995,0.0043762999999999996,-0.0011762999999999999,-0.0011382,0.00067840000000000012,0.0019344000000000002,-0.00019430000000000001,-0.00013809999999999994,-0.0037565000000000003,0.00064479999999999995,0.0017493999999999999,0.0011418000000000005,-0.0023337000000000002,-0.0034409000000000002,0.00020679999999999982,-0.00063610000000000012,-0.0011069000000000001,0.00078739999999999908,-0.0005110999999999999,1.2599999999999981e-05,0.0026631000000000003,-0.00044150000000000049,0.00018059999999999994,0.0016673999999999997,2.1200000000000082e-05,0.0023895000000000001,0.00050970000000000008,0.00060509999999999926,0.0043742,0.0011185999999999998,0.00099000000000000021,-0.0010725000000000001,-0.00088310000000000005,0.00049590000000000007,0.0025941999999999996,-0.0018718999999999997,0.0010143999999999997,0.0019285999999999999,-0.0013783000000000001,-0.0011109000000000002,-0.0019728000000000002,0.0014592999999999997,0.0062915000000000002,-0.0023625999999999994,0.0028955000000000001,-0.0018800000000000006,-0.0049335999999999998,0.0001855999999999999,0.00054589999999999999,0.0015525000000000001,0.00069520000000000009,0.0010120999999999997,0.00066439999999999999,0.00027360000000000009,-0.00077110000000000004,-0.00099149999999999976,-0.0016386999999999994,0.0013266,-0.0025719000000000002,-0.0008745999999999999,0.0014808000000000002,0.0018573000000000001,-0.0026395999999999998,0.0017715999999999999,-0.0025424000000000002,0.0010788,0.00033430000000000005,-0.0022461999999999998,-0.00084740000000000021,0.00014110000000000001,0.00094390000000000012,-0.00061520000000000021,0.00014350000000000002,-0.0010837999999999998,0.00045380000000000008,-0.0010675999999999999,0.0016783,-0.0016364999999999999,-0.0019511000000000001,0.0026944000000000004,0.0023310000000000002,-0.0012290999999999999,-2.5399999999999967e-05,0.0014139999999999999,-2.7199999999999902e-05,0.00032709999999999987,-0.00028469999999999987,-5.8200000000000005e-05,-0.00010760000000000001,-0.00012720000000000016,-0.00041160000000000003,-0.0013021,-0.0035707,0.00017949999999999994,0.00018829999999999997,-0.00027130000000000004,0.0013708000000000001,0.00046939999999999959,0.0033365000000000001,-0.00063930000000000063,-0.0044311000000000003,4.7700000000000021e-05,0.00073479999999999986,0.00097619999999999988,0.0027209000000000001,0.0014418,0.0041060999999999997,0.0032815000000000006,-0.0040557000000000006,-0.00019349999999999988,-0.0027386000000000003,0.0016880999999999997,0.0012578999999999999,-0.0011252,0.0017278000000000003,0.0016627,0.00071109999999999999,-0.00013750000000000009,-0.00020079999999999995,-0.0036343000000000005,-0.0002209999999999999,-0.00098529999999999993,-0.00019029999999999999,-0.0018268,0.0016209999999999998,-5.1999999999999638e-06,-0.0029323000000000001,-0.0020236,-0.0023974000000000001,-0.00032119999999999995,-0.00056359999999999993,0.0025961999999999999,-0.00080439999999999982,0.0020471999999999999,0.0011464999999999999,0.00093500000000000007,-6.5599999999999914e-05,-0.0015158999999999999,-0.00054609999999999999,0.0026567000000000001,0.0020073000000000001,-0.0020760000000000002,-0.0011015999999999999,-9.8000000000000254e-05,0.002013,-0.0016946000000000001,-4.9499999999999983e-05,7.2600000000000044e-05,-0.00036850000000000007,8.209999999999999e-05,0.0023988,-0.00069070000000000004,-0.00084539999999999995,-0.00038660000000000007,0.00056399999999999983,-0.0013940999999999999,-0.00069249999999999986,0.0014946999999999998,-0.0011665,-0.00052799999999999982,0.0013718999999999999,0.0006152000000000001,-0.0032325999999999995,-0.0014295000000000002,-0.0017257000000000002,0.0011086,-0.00066350000000000003,-0.0012326999999999998,0.0014957999999999998,-0.00033669999999999989,0.00048699999999999969,0.0014659,-0.0011330999999999997,-0.0010652000000000001,0.0010086000000000001,-0.0015147999999999997,0.001209,0.00027939999999999996,0.00059249999999999993,0.0016197,4.6899999999999893e-05,-0.00080919999999999994,0.0014507000000000001,-0.0034500999999999998,0.0024267,0.0020907000000000005,-0.0011241000000000003,0.00025269999999999991,-0.0022698000000000002,0.0015588999999999989,-0.0021898999999999998
aug_between_class_right_pair0014_child07,TLE,1,1,Augmented,0,0,0,0,0,0.25109539999999997,1.8817086000000001,3.9999999999999993e-07,-1.9999999999999999e-07,1.9999999999999994e-07,0.81176739999999992,0,0.025985999999999999,-0.13161,0.012160800000000001,0.062095799999999993,-0.071434999999999998,0.054772000000000001,-0.0055579999999999996,-0.0015717999999999999,-0.029005400000000001,-0.069514000000000006,0.30149959999999998,-0.055877999999999997,0.026558599999999998,0.049963800000000003,0.007966400000000002,-0.015263000000000001,0.0019324000000000004,-0.038350999999999996,0.011595399999999999,0.0064530000000000004,-0.041046400000000004,-0.00027400000000000124,-0.079670599999999994,0.010359200000000002,0.036272200000000004,-0.021915199999999999,0.018135600000000002,-0.0013556000000000002,-0.035883399999999996,0.018679599999999998,-0.068160399999999996,-0.021767400000000006,0.067563799999999993,-0.019816599999999997,0.1793786,-0.050825599999999999,0.0020414000000000005,0.0050857999999999997,-0.00057560000000000076,-0.0187206,0.0070842000000000006,0.032968600000000001,0.0014230000000000002,-0.0068085999999999997,-0.016432600000000002,-0.0091851999999999993,0.0116016,0.0163518,0.017993200000000001,0.0087383999999999986,-0.0137374,-0.00072260000000000065,0.0146106,-0.0299408,-8.7400000000000064e-05,-0.0032187999999999995,0.0075702000000000009,0.0297516,-0.073729000000000003,-0.0162262,-0.030342600000000001,0.00043479999999999908,0.020084000000000001,0.0027397999999999997,-0.0034126000000000009,0.0155122,0.0091900000000000003,-0.00055440000000000003,-0.016441400000000002,0.0075136000000000005,0.0052962,-0.0119218,0.0024417999999999996,0.0032643999999999998,-0.011001199999999999,0.010622400000000001,0.0038736,0.0069513999999999999,-0.0058865999999999996,-0.00037739999999999996,0.011222200000000002,-0.0085442000000000001,-0.010825600000000001,-0.0028220000000000007,-0.0032213999999999997,0.008711,-0.0034892000000000005,-0.0045577999999999999,0.0016160000000000002,-0.0071929999999999997,-0.0019998000000000021,-0.0049793999999999984,0.0059684000000000004,0.0021861999999999993,-0.0029472000000000005,-0.00062499999999999969,-0.0013961999999999998,-0.001596,-0.0023474000000000004,0.0094593999999999998,-0.0061757999999999995,-0.0010500000000000002,-0.00066199999999999994,0.0092790000000000008,0.0027673999999999993,0.0030985999999999991,0.0059170000000000004,0.0058225999999999998,0.0028102000000000001,-0.0040270000000000011,0.0023073999999999994,0.0013809999999999994,-0.0016627999999999994,-0.0069427999999999998,0.0083289999999999996,-0.0029566000000000002,-0.0013358000000000007,0.0034737999999999991,-0.0031051999999999998,0.0036473999999999999,-0.0057567999999999994,-0.0012509999999999997,0.00014760000000000034,0.006228,-0.0076013999999999995,-0.0021318000000000001,-0.0163594,-0.0028647999999999998,-0.010326,-0.011376600000000001,-0.0046439999999999997,-0.0015940000000000004,0.0051701999999999998,-0.0074624000000000001,-0.0015321999999999994,0.00015099999999999988,0.0033614000000000001,-0.0014432000000000004,-0.0017052,0.0014632000000000002,-0.00059160000000000029,-0.00055000000000000014,-0.003176,0.0025698000000000001,-0.0051806000000000005,0.0038582000000000009,0.0064893999999999993,-0.0012413999999999999,0.0003401999999999997,-6.6799999999999889e-05,-0.0023224000000000001,0.00068000000000000027,-0.0095270000000000007,-0.0027010000000000003,0.0057169999999999999,0.0029319999999999997,0.0047018000000000008,-0.005236600000000001,0.00017659999999999941,-0.0010551999999999992,-0.0014222000000000002,-0.0014311999999999988,0.0030109999999999998,-0.0037541999999999988,0.0099431999999999993,0.0021741999999999998,-0.0108328,-0.0021269999999999996,0.0071409999999999998,-0.0065018000000000003,0.0026486000000000001,0.0029483999999999995,0.0011738,-0.0031938000000000001,-0.015341599999999999,0.007277399999999999,-0.0022896000000000001,-0.00032999999999999956,0.0079811999999999991,-0.0049530000000000008,-0.00068679999999999989,0.00060539999999999997,0.0007358,-0.0058602000000000012,0.00080360000000000002,0.0002277999999999999,-0.0012287999999999999,-0.0079518000000000002,0.00065340000000000005,0.0025566,-0.0057038000000000002,-0.0034378000000000004,-0.00017739999999999998,-0.00025799999999999993,-0.0086715999999999998,-0.0028690000000000005,0.0034288000000000005,0.0055526000000000013,0.0016056,0.0022007999999999997,0.0011161999999999997,-0.0054967999999999996,-0.0014048000000000003,0.0045248000000000007,0.0037226000000000004,1.2800000000000094e-05,0.0059776000000000004,0.0032428000000000005,0.0032285999999999999,-0.0021541999999999998,0.0014983999999999998,0.0007622000000000002,-0.00012839999999999965,0.00058780000000000008,0.0072243999999999997,0.0020448000000000011,-0.0030173999999999999,-0.0015514000000000001,-0.00016439999999999988,-0.0031041999999999997,0.0011361999999999998,0.0017222000000000001,-0.0029007999999999994,-0.00046999999999999971,-0.0040282,-0.0019920000000000003,-0.0139346,0.00094459999999999987,-0.0084854000000000006,-5.4600000000000135e-05,-0.0054559999999999999,0.0020604,-0.0029294000000000004,-0.00044420000000000001,-0.00022999999999999995,-0.0021586000000000001,0.0033230000000000004,0.00019919999999999996,0.0018914000000000001,0.0017073999999999995,0.00033080000000000045,-0.0019713999999999999,-0.00078459999999999988,0.0019228000000000003,-0.0014704000000000002,-0.00096940000000000004,0.0021951999999999996,0.00074240000000000005,0.00080499999999999973,-0.0023384,-0.0018609999999999998,-0.0020451999999999996,0.0011158000000000001,0.0024193999999999999,-0.0016989999999999991,0.0012639999999999999,-0.00013440000000000001,-0.0025043999999999999,-0.0027095999999999995,0.00024820000000000007,0.00027139999999999977,0.0046172000000000001,0.0021054000000000003,-0.0013588000000000003,-0.0038646000000000002,9.6399999999999958e-05,0.0045253999999999997,-0.0018670000000000002,0.0026608000000000005,0.0016518000000000001,0.0020992000000000003,-0.00034820000000000033,-0.0031462,-0.00015059999999999987,5.539999999999972e-05,-0.0038016000000000005,-0.0035325999999999995,0.0037643999999999998,0.0015268000000000005,-0.0012720000000000001,0.00082680000000000015,0.00011439999999999974,0.00511,-5.8200000000000439e-05,-0.0007231999999999998,-0.00052400000000000016,-0.0100862,0.0034711999999999998,-0.00085280000000000002,0.0013600000000000001,0.00069939999999999998,0.0034206000000000002,0.0015975999999999998,-0.002856,0.0011803999999999999,0.0037572000000000005,-0.00080180000000000008,-2.2399999999999894e-05,0.0034947999999999997,0.0022299999999999998,0.0018243999999999999,-0.00017720000000000002,0.0014568000000000003,-0.00093300000000000002,-0.0037718000000000001,0.0044951999999999995,-0.00096720000000000009,-0.0011988000000000001,0.0006556,0.0021166000000000002,-7.8199999999999841e-05,-0.00029740000000000018,-0.0039950000000000003,0.0006422,0.0017195999999999999,0.00089119999999999976,-0.0022228000000000005,-0.0032505999999999998,0.00024019999999999988,-0.00052039999999999996,-0.0010836000000000001,0.0010455999999999996,-0.00084440000000000014,0.00021940000000000007,0.0026884000000000001,-0.00062100000000000089,-0.00017060000000000019,0.0018975999999999995,0.00020780000000000006,0.0027640000000000004,0.00039379999999999998,0.0011293999999999998,0.0042208000000000002,0.0013504000000000001,0.0010359999999999998,-0.00086199999999999992,-0.00059139999999999985,0.00040259999999999992,0.0026727999999999999,-0.0019145999999999998,0.0016546000000000002,0.0018234,-0.0014832000000000001,-0.00083960000000000003,-0.0018201999999999999,0.0015521999999999999,0.0059429999999999995,-0.0028254000000000005,0.0026719999999999999,-0.0018840000000000003,-0.0049954000000000005,0.00038039999999999998,0.00045359999999999991,0.0015679999999999999,0.00050079999999999992,0.0010344,0.00095160000000000025,0.00018239999999999999,-0.00081039999999999997,-0.001041,-0.0018447999999999997,0.0014164000000000002,-0.0025125999999999994,-0.0011004000000000001,0.0014242,0.0018952000000000003,-0.0027184000000000002,0.0018544,-0.0026886000000000002,0.0011122,0.00039520000000000007,-0.0021787999999999998,-0.00091260000000000028,0.00022140000000000007,0.00071359999999999978,-0.00038479999999999992,5.9999999999999961e-05,-0.0012272000000000001,0.00045819999999999997,-0.0011684,0.0019412000000000001,-0.0017500000000000003,-0.0020484000000000006,0.0027246000000000002,0.0026540000000000005,-0.0010214,2.2400000000000002e-05,0.0014480000000000001,-0.00021780000000000009,8.9399999999999896e-05,-0.00046780000000000004,0.00021320000000000019,-9.6399999999999958e-05,8.1200000000000185e-05,-0.00059840000000000002,-0.0014504000000000001,-0.0038398,0.00052200000000000022,0.00033220000000000005,-2.2199999999999781e-05,0.0014552,0.00065660000000000002,0.0034850000000000003,-0.00093220000000000022,-0.0048634000000000004,-0.00012120000000000007,0.00096820000000000012,0.00082179999999999981,0.0027285999999999999,0.0015422000000000001,0.0043194000000000001,0.0026839999999999998,-0.0041728000000000008,-0.00052000000000000028,-0.0023514,0.0016433999999999997,0.0012836,-0.0011298,0.0011171999999999996,0.0019697999999999998,0.00068340000000000002,-6.8000000000000027e-05,-0.00020619999999999997,-0.0037062000000000002,-0.00024900000000000004,-0.0011782000000000001,-0.00022519999999999997,-0.0018741999999999999,0.0019020000000000003,3.7200000000000037e-05,-0.0029132000000000003,-0.0020354000000000001,-0.0025446000000000002,-0.00041780000000000002,-0.00064540000000000008,0.0026987999999999995,-0.00093560000000000008,0.0022057999999999999,0.0013140000000000005,0.00095100000000000002,-0.00035340000000000013,-0.0015486,-0.00069140000000000011,0.0028708000000000002,0.0018452,-0.0019940000000000001,-0.0011483999999999999,0.00026900000000000014,0.0018910000000000001,-0.0016374,-9.0000000000000019e-05,-2.8600000000000058e-05,-0.00014699999999999994,8.5399999999999989e-05,0.0025512,-0.00082980000000000011,-0.00072859999999999993,-0.00023239999999999996,0.00075500000000000003,-0.0015103999999999999,-0.00061999999999999978,0.0015928000000000003,-0.0013320000000000003,-0.00081100000000000009,0.0015215999999999999,0.00058679999999999984,-0.0032883999999999995,-0.0011079999999999998,-0.0017677999999999997,0.0013694,-0.00046299999999999987,-0.0014247999999999995,0.0017752000000000002,-0.00037179999999999982,0.00083100000000000025,0.0013976000000000001,-0.0014943999999999999,-0.00090580000000000001,0.0010004,-0.0019602,0.0014580000000000001,2.3599999999999923e-05,0.00068899999999999973,0.0018088000000000002,-0.00010540000000000029,-0.00077079999999999998,0.0014638000000000001,-0.0038374000000000008,0.0025608000000000002,0.0016568000000000002,-0.00085339999999999982,0.00033680000000000006,-0.0021862000000000001,0.0020956,-0.0025665999999999996
aug_between_class_right_pair0014_child08,TLE,1,1,Augmented,0,0,0,0,0,0.2457617,1.8490477999999999,1.9999999999999999e-07,-9.9999999999999995e-08,9.9999999999999969e-08,0.79753869999999993,0,0.025013500000000001,-0.1282895,0.012048900000000001,0.060683899999999999,-0.070139000000000007,0.0515165,-0.0060809999999999996,-0.00045289999999999914,-0.027065200000000001,-0.067207000000000003,0.29442980000000002,-0.054162000000000002,0.028792299999999996,0.050091900000000002,0.010288700000000001,-0.0142725,0.0028207000000000002,-0.036883999999999993,0.011963700000000001,0.0041439999999999949,-0.038744200000000006,-0.0010480000000000008,-0.079222799999999996,0.012714600000000001,0.035750600000000007,-0.021832599999999997,0.019854799999999999,-0.003321799999999998,-0.035977200000000001,0.018234299999999998,-0.069170700000000002,-0.017060700000000002,0.065826899999999994,-0.016127299999999997,0.17613529999999999,-0.052365800000000004,0.0025032000000000006,0.0052204000000000018,-0.00052630000000000038,-0.017356799999999999,0.0074686000000000006,0.032024299999999999,0.0016965000000000005,-0.0070688000000000001,-0.016253300000000002,-0.0086295999999999977,0.0107673,0.0175009,0.017587599999999998,0.0077116999999999993,-0.014008200000000002,-0.0024942999999999996,0.0148618,-0.028774899999999999,-0.00012070000000000006,-0.0035503999999999983,0.0082456000000000005,0.029453300000000002,-0.073456999999999995,-0.017776100000000003,-0.031323799999999999,0.0017559000000000012,0.021401999999999997,0.0028844000000000001,-0.0040758000000000001,0.0149366,0.0098735000000000003,-0.00077720000000000003,-0.016795200000000003,0.0078697999999999997,0.0060296000000000004,-0.0111994,0.0020124000000000001,0.0029042,-0.0095171000000000006,0.010836200000000001,0.0043532999999999992,0.0075516999999999997,-0.0055113000000000002,-0.00020819999999999866,0.011162100000000001,-0.0082465999999999998,-0.0106523,-0.0037790000000000002,-0.0030106999999999998,0.0094809999999999998,-0.0033201000000000003,-0.0047489000000000003,0.00082649999999999911,-0.0064454999999999998,-0.004204900000000001,-0.0049907000000000007,0.0065427000000000003,0.0021375999999999964,-0.0013751000000000006,-0.00034450000000000019,-0.0014390999999999996,-0.001451,-0.0025547000000000009,0.0094856999999999997,-0.0064093999999999991,-0.0016155000000000004,-0.00042949999999999998,0.0098470000000000016,0.0035836999999999991,0.0034152999999999987,0.0064900000000000001,0.0064638000000000004,0.0027840999999999999,-0.0039910000000000015,0.0018872000000000003,0.0014564999999999986,-0.0017934000000000001,-0.0065564000000000004,0.0077999999999999996,-0.0030703000000000006,-0.0021449000000000004,0.0023184,-0.0025806000000000002,0.0032832,-0.0043489000000000002,-0.00077450000000000023,-0.00061770000000000054,0.0063420000000000004,-0.0070416999999999988,-0.0024364,-0.015842200000000001,-0.0025598999999999995,-0.0094584999999999999,-0.010723300000000002,-0.0044285000000000001,-0.0025455000000000005,0.0051630999999999995,-0.0079971999999999994,-0.00074109999999999996,0.00017300000000000009,0.0035991999999999994,-0.0018071000000000005,-0.0015416000000000002,0.0017346000000000002,-0.00066880000000000021,-0.00045499999999999989,-0.0031344999999999997,0.0026994000000000002,-0.0055788000000000001,0.0040151000000000006,0.0068751999999999997,-0.0018636999999999996,0.00035059999999999996,0.00017909999999999996,-0.0022661999999999999,0.00078200000000000036,-0.0098834999999999999,-0.0028475000000000002,0.0055845000000000001,0.0020139999999999997,0.0051433999999999994,-0.0052588000000000001,-0.00016370000000000013,-0.00057460000000000063,-0.0012970999999999998,-0.00059409999999999845,0.0028725000000000001,-0.0039095999999999992,0.0099845999999999997,0.0018620999999999998,-0.0107394,-0.0019045000000000002,0.0073819999999999997,-0.0064674000000000008,0.0032378000000000007,0.0028966999999999994,0.00061889999999999949,-0.0031154000000000008,-0.0142358,0.0076971999999999987,-0.0013772999999999995,0.00043749999999999952,0.006499099999999999,-0.0049840000000000006,-0.00053440000000000009,0.00041819999999999997,0.00052089999999999992,-0.0059796000000000016,0.00063230000000000003,-1.0600000000000041e-05,-0.0013234,-0.0080538999999999993,0.00091969999999999997,0.0022503000000000002,-0.0061274000000000007,-0.0030899000000000005,-6.5199999999999959e-05,-0.00013800000000000005,-0.0092412999999999992,-0.0033300000000000001,0.0033173999999999999,0.0058003000000000013,0.0019227999999999997,0.0019938999999999998,0.00083359999999999988,-0.0053448999999999997,-0.0013749000000000001,0.0046254,0.0033078000000000001,-5.9100000000000081e-05,0.0062248000000000008,0.0033899000000000004,0.0032407999999999994,-0.0021175999999999999,0.0011857,0.00073309999999999998,0.00041229999999999999,0.00061039999999999998,0.0072547000000000002,0.0024559000000000004,-0.0026657,-0.0018212000000000002,-0.00034420000000000023,-0.0030106,0.00056759999999999927,0.0018041000000000001,-0.0032493999999999995,-0.0012619999999999999,-0.0037875999999999999,-0.0023399999999999996,-0.014462300000000001,0.0010233,-0.0086841999999999996,0.0002107000000000003,-0.0054579999999999993,0.0019987,-0.0031172000000000005,-0.00049360000000000007,-8.0500000000000059e-05,-0.0021203000000000003,0.0035960000000000002,0.00010059999999999997,0.0020356999999999997,0.0019557000000000003,0.00024039999999999999,-0.0017062000000000002,-0.00070429999999999972,0.0019934000000000002,-0.0014981999999999999,-0.00099369999999999992,0.0023095999999999998,0.00058470000000000006,0.00056349999999999976,-0.0021086999999999998,-0.0023530000000000001,-0.0023061000000000002,0.0012689000000000001,0.0022316999999999997,-0.0013670000000000002,0.0010119999999999999,-0.00016669999999999988,-0.0025831999999999999,-0.0028053000000000002,0.00026109999999999979,-9.8300000000000167e-05,0.0048281000000000001,0.0023157,-0.0016514000000000004,-0.0038338000000000001,-1.6799999999999975e-05,0.0043382000000000004,-0.0021009999999999996,0.0031563999999999997,0.0018494000000000002,0.0023801000000000004,-0.00030210000000000002,-0.0029486,-0.00014280000000000022,-0.00022479999999999939,-0.0041748000000000002,-0.0037238000000000002,0.0036641999999999998,0.0021374000000000002,-0.00092500000000000004,0.0014014000000000001,-3.4300000000000129e-05,0.0050165000000000001,-0.0007511000000000002,-0.00049859999999999987,-0.00087199999999999995,-0.0097021,0.0035810999999999994,-0.00091389999999999993,0.0013730000000000001,0.00047419999999999993,0.0034292999999999997,0.0017968000000000001,-0.0029744999999999997,0.0011132,0.0038471000000000004,-0.0010309,-0.00015819999999999973,0.0037804000000000002,0.0029065000000000002,0.0019131999999999999,-0.00013759999999999998,0.0011309000000000002,-0.0012584999999999999,-0.0038623999999999998,0.0046140999999999995,-0.00075810000000000005,-0.0012593999999999999,0.00063280000000000009,0.0022988000000000001,3.7899999999999783e-05,-0.0004567000000000001,-0.0042334999999999994,0.00063959999999999993,0.0016898,0.00064060000000000007,-0.0021119000000000003,-0.0030603000000000002,0.00027360000000000015,-0.00040470000000000002,-0.0010602999999999999,0.0013037999999999997,-0.0011777000000000001,0.0004261999999999999,0.0027136999999999999,-0.00080050000000000043,-0.00052180000000000011,0.0021278,0.00039440000000000005,0.0031384999999999998,0.00027790000000000003,0.0016536999999999995,0.0040673999999999997,0.0015822000000000002,0.0010820000000000003,-0.00065149999999999995,-0.00029969999999999991,0.00030929999999999977,0.0027514000000000002,-0.0019572999999999999,0.0022948000000000005,0.0017182,-0.0015881000000000001,-0.00056829999999999999,-0.0016676,0.0016450999999999998,0.0055944999999999996,-0.0032882000000000002,0.0024485000000000002,-0.0018880000000000008,-0.0050572000000000004,0.0005752000000000001,0.00036129999999999995,0.0015835000000000001,0.00030639999999999991,0.0010566999999999998,0.0012388,9.119999999999994e-05,-0.00084970000000000011,-0.0010904999999999999,-0.0020508999999999996,0.0015062000000000001,-0.0024532999999999994,-0.0013262000000000003,0.0013676000000000001,0.0019331000000000001,-0.0027972000000000001,0.0019372000000000005,-0.0028348000000000002,0.0011455999999999999,0.00045610000000000008,-0.0021113999999999994,-0.00097780000000000002,0.00030170000000000002,0.00048329999999999988,-0.00015440000000000007,-2.3500000000000016e-05,-0.0013706,0.00046259999999999997,-0.0012691999999999998,0.0022041000000000001,-0.0018635000000000001,-0.0021457000000000004,0.0027548,0.002977,-0.00081369999999999999,7.0200000000000026e-05,0.001482,-0.00040840000000000001,-0.00014830000000000008,-0.00065090000000000005,0.00048460000000000018,-8.5199999999999903e-05,0.00028959999999999994,-0.0007852,-0.0015987,-0.0041089000000000004,0.00086450000000000003,0.00047610000000000003,0.00022690000000000037,0.0015396000000000001,0.0008437999999999998,0.0036335000000000004,-0.0012251000000000007,-0.0052956999999999995,-0.00029010000000000011,0.0012016000000000002,0.00066739999999999996,0.0027363000000000001,0.0016426000000000001,0.0045327000000000006,0.0020864999999999998,-0.0042899000000000001,-0.00084649999999999981,-0.0019642000000000001,0.0015986999999999998,0.0013093,-0.0011344,0.00050659999999999985,0.0022769000000000001,0.00065569999999999995,1.4999999999999823e-06,-0.00021159999999999994,-0.0037781000000000004,-0.00027699999999999996,-0.0013710999999999999,-0.00026009999999999998,-0.0019215999999999999,0.002183,7.9600000000000092e-05,-0.0028941000000000006,-0.0020471999999999999,-0.0026918000000000003,-0.00051440000000000004,-0.00072720000000000011,0.0028013999999999999,-0.0010668000000000001,0.0023644,0.0014815000000000004,0.00096699999999999998,-0.00064120000000000019,-0.0015812999999999999,-0.00083670000000000012,0.0030849000000000002,0.0016830999999999999,-0.0019120000000000001,-0.0011952,0.00063600000000000017,0.0017690000000000002,-0.0015801999999999999,-0.0001305,-0.00012980000000000004,7.4500000000000076e-05,8.8700000000000015e-05,0.0027036000000000004,-0.00096889999999999997,-0.00061179999999999991,-7.8199999999999949e-05,0.00094600000000000023,-0.0016267,-0.00054750000000000013,0.0016909000000000002,-0.0014974999999999997,-0.0010939999999999999,0.0016713000000000001,0.00055839999999999991,-0.0033441999999999994,-0.00078649999999999998,-0.0018098999999999999,0.0016302000000000003,-0.00026249999999999998,-0.0016169000000000001,0.0020546000000000002,-0.00040689999999999997,0.0011749999999999994,0.0013292999999999998,-0.0018557000000000001,-0.00074640000000000004,0.00099220000000000016,-0.0024055999999999999,0.001707,-0.00023220000000000033,0.00078549999999999952,0.0019979000000000004,-0.00025770000000000046,-0.00073239999999999991,0.0014769,-0.0042247000000000005,0.0026949000000000001,0.0012229000000000003,-0.00058270000000000001,0.00042090000000000009,-0.0021026,0.0026322999999999993,-0.0029433000000000003
aug_between_class_right_pair0015_child01,Healthy,0,0,Augmented,0,0,0,0,0,0.28787839999999998,1.9224953,7.9999999999999996e-07,0,-9.9999999999999916e-08,1.0412294,0,0.034173599999999998,-0.15241009999999999,0.035149900000000005,0.048714300000000002,-0.043210699999999998,0.056610500000000001,0.024648700000000006,0.030950100000000005,-0.021882600000000002,-0.078719099999999986,0.3759653,-0.091878299999999996,-0.041399200000000011,0.090028700000000003,0.0336423,-0.016157199999999997,-0.0072718000000000001,-0.056773199999999996,0.024835800000000002,0.03603,-0.042913099999999996,0.010618700000000002,-0.096684199999999998,0.027415700000000001,0.038001100000000003,-0.0091062000000000001,0.0037607999999999982,0.019387599999999998,-0.023186599999999998,0.042739700000000005,-0.062302400000000008,-0.042804200000000001,0.1060494,-0.037129800000000004,0.21198549999999999,-0.056064599999999999,0.010497699999999999,0.00011150000000000049,-0.0047992999999999994,-0.018180000000000002,-0.0171199,0.031967599999999999,-0.0049630000000000004,-0.0169693,-0.011871999999999999,-0.026717699999999997,0.0102944,0.017499899999999999,0.022114599999999998,0.015882199999999999,0.0022877000000000002,-0.0033365000000000001,0.013594800000000001,-0.055309799999999999,0.0089163000000000003,-0.00062399999999999999,0.00089239999999999979,0.019509400000000003,-0.088942899999999991,-0.0028097,-0.028924200000000001,-0.0127092,0.017431100000000001,0.0021922999999999999,0.0038063000000000003,0.0216651,0.0139975,0.0041729000000000002,-0.0069180999999999999,0.0056364999999999991,0.0053121999999999996,0.0026739000000000003,-0.0036601000000000003,-0.00067739999999999988,-0.014793799999999999,0.0035166000000000004,0.0029377000000000001,0.0040278999999999992,-0.0113848,-0.023677699999999996,0.012579699999999999,-0.017492500000000001,-0.0063587000000000001,-0.0012023999999999993,-0.00053130000000000017,0.00012720000000000006,-0.0171538,-0.0066683999999999997,0.021190000000000001,-0.0196782,0.0021023999999999999,0.038870799999999997,-0.0035704999999999982,0.039530900000000001,-0.0053168,0.0051646000000000001,0.0021516,-0.0025474,-0.0067412999999999995,0.0102439,-0.0012062000000000002,0.0023466999999999993,0.0019701000000000002,0.011583,0.0032797999999999989,-0.0061982000000000001,0.0051932999999999997,0.012995100000000001,0.0034001999999999999,-0.00096969999999999999,0.007966599999999999,-0.0045334999999999993,0.0043265999999999999,-0.0039167000000000004,0.0090241999999999996,-0.00088579999999999996,-0.015157,0.0078464999999999993,-0.0065039,0.0072300000000000003,-0.0074485000000000003,-0.0068449999999999995,0.012996999999999998,0.00060840000000000026,-0.0007222999999999995,0.0018734000000000005,-0.010937200000000001,-0.0049610999999999995,-0.012018600000000001,-0.012136899999999999,-0.0022662999999999989,-0.0062809999999999993,-0.0060026000000000003,0.015758400000000002,-0.0027374000000000001,-0.00020380000000000007,-0.0014120000000000003,-0.0021206000000000003,0.00021670000000000001,0.0034031999999999995,-0.00038429999999999975,0.0014031,-0.0026183000000000001,0.0011477,0.0031037,-0.00019129999999999993,0.0052553000000000001,0.00058530000000000008,2.9999999999999645e-06,-0.0036156000000000001,-0.00065509999999999993,-0.0040389999999999992,-0.014325400000000002,-0.0052058,0.0056071999999999997,0.0019289000000000001,-1.9999999999999985e-05,0.0011869999999999997,0.0025103999999999999,-0.0040783,-0.0037139999999999999,-0.016622199999999997,-0.00024470000000000004,0.0040839000000000006,0.0062956000000000002,0.0056064000000000001,-0.0053165999999999995,0.0065834999999999999,0.0028152000000000003,0.0037638999999999997,-0.0030726,0.0083201000000000004,-0.0092590999999999993,0.0056727999999999995,-0.0073225,-0.0110642,0.0015125,-0.010238299999999999,0.0022477999999999995,-0.00049519999999999989,-0.0013778,0.00086419999999999997,-0.0039795999999999998,-0.0011715,0.000678,0.00032230000000000008,0.0012235,-0.0034789,0.001317,-0.00056969999999999981,-0.0026283000000000001,-0.0017181999999999996,0.00030140000000000006,-0.00021609999999999994,0.0022980999999999995,-0.00041269999999999989,0.00035770000000000002,0.0035293,-0.0044959000000000006,0.0037512999999999995,-0.0030532000000000011,-0.0014937999999999998,-0.0054228999999999996,0.0013858,0.0013054,-0.00043670000000000015,0.0026770000000000001,0.0045056999999999996,-0.0009944000000000001,0.00040020000000000002,0.00035260000000000022,-0.0013975999999999999,-0.0029351000000000004,0.00042559999999999999,0.0062259999999999998,-0.0046640000000000006,-0.0013659,0.0037956999999999999,0.00043899999999999994,-0.00097429999999999956,0.0011696,0.00085400000000000005,0.0018177000000000002,-0.0021270000000000004,-0.0013827000000000002,0.0022016000000000002,-0.011052000000000001,0.0074263000000000003,-0.0049601999999999997,-0.0048425999999999999,-0.0031099999999999999,0.0035468000000000001,-0.002875,0.00096909999999999976,-0.0015156,0.00030029999999999987,-0.00071889999999999996,-0.0015841999999999998,-0.0020272000000000003,-0.0031019999999999997,-0.0043642000000000004,-0.00091599999999999982,0.0047775999999999999,0.0045149000000000005,0.0019848000000000001,0.0007511000000000002,-0.0035301,-0.0014436,0.0045827000000000003,0.0016432,-0.00087280000000000018,0.0016282,0.0016548000000000001,0.0031024000000000004,-0.0066030999999999998,-0.0021600000000000005,0.0032342000000000004,-0.0058108000000000005,0.0022163,0.0020670000000000003,0.0018889999999999998,-0.00074640000000000036,-2.2900000000000028e-05,0.0039415000000000006,-0.0024625000000000003,-0.0016906,0.0058693,0.0011968999999999999,0.0015606999999999999,0.0025857000000000002,0.0028652,-0.0071823000000000008,-0.0019602999999999999,-0.0022466000000000001,0.0065370000000000011,-0.0062659999999999999,0.0029694999999999999,-0.0040285000000000008,0.0012122000000000001,-0.0063236999999999998,0.00197,-0.0076004000000000002,0.00051249999999999993,0.015371300000000003,0.00092900000000000003,0.0087582000000000007,-0.015026500000000002,0.0031358000000000002,-0.00048479999999999997,0.00053810000000000001,0.00022619999999999997,0.0021019000000000003,-0.0010093000000000001,-0.0012703,0.00051909999999999999,0.0011982,-0.0010574,-0.00061960000000000042,0.0031642000000000003,-0.0015608000000000002,0.0016028000000000001,-0.00013080000000000009,-0.0023041999999999997,9.0000000000000019e-06,-0.00083460000000000012,0.0018672000000000001,-0.00052460000000000007,0.0010634000000000002,-0.001639,0.00086499999999999999,-0.0010001999999999999,-0.0028926999999999998,-0.0036462,0.0006581,0.0023691999999999997,-0.0034445999999999999,0.0039088999999999999,6.110000000000013e-05,0.00023949999999999991,-0.00041870000000000004,-0.0026023000000000001,-0.00089820000000000004,-0.0014653000000000001,-0.00043580000000000002,-7.5600000000000103e-05,0.0041968999999999999,-0.0015017000000000003,-0.00092839999999999991,0.00064339999999999992,0.0021243,-0.0036957000000000001,0.0014519999999999999,0.0036848999999999996,0.0042566000000000001,-0.0030853,0.00055489999999999999,0.0034489000000000013,-0.0069645999999999996,-0.0027484000000000002,0.0019573999999999998,0.0013316000000000003,0.0057047,0.0020472000000000003,-0.00040779999999999999,0.0012549000000000004,-0.0044190000000000002,0.0067025000000000001,-0.00013929999999999997,-0.004568,0.0109573,-0.0037342,-0.00043889999999999999,0.0018645000000000003,0.00020169999999999997,0.0027906000000000003,-0.0010757,-0.00010449999999999999,-0.00025739999999999997,0.0019119999999999999,-0.00063559999999999995,-0.00060460000000000006,0.00097450000000000011,0.0012543999999999999,-0.0019029000000000001,0.00080020000000000004,0.00032289999999999999,-0.00055149999999999969,-0.0028552999999999999,-0.0022274999999999999,0.0020784000000000002,-0.00051290000000000005,0.0011653000000000002,0.002428,-0.0012945000000000001,-0.00057509999999999994,-0.0032528000000000001,0.0016360999999999999,-0.00046440000000000001,-0.00042889999999999985,0.0012601000000000003,0.00012269999999999989,-0.0011008000000000001,-0.0019225000000000002,-0.0026850000000000008,0.0020303000000000001,0.0013623999999999999,-0.0001918,0.0026578000000000001,-0.0002343,-0.00092620000000000029,-0.0012332000000000001,-0.0023661999999999997,-0.0011401,0.00013960000000000009,0.0016053,-0.0041831999999999998,-0.0011467999999999999,0.0024243999999999993,-0.0002991999999999999,0.0010011000000000002,0.0010435000000000002,-0.00079450000000000007,0.0025336,0.0034843999999999999,-0.0003407000000000001,-0.00046989999999999993,0.0029654,-0.0012562999999999999,-0.0012842999999999999,0.0036995999999999995,0.0013767999999999999,0.0057537999999999999,-0.0021783999999999996,0.0026595999999999998,0.0026043999999999993,-0.0063071000000000004,0.0038227000000000001,-0.00080509999999999989,0.0031887,-0.0014126,0.00029849999999999999,0.0013324000000000001,-0.001243,-0.0017068999999999999,0.0015352000000000002,-0.00029380000000000004,0.0011199999999999999,-0.0012697000000000001,-0.00039079999999999996,-0.00016409999999999998,-0.00038470000000000003,0.0011258000000000002,-0.0037103999999999995,-0.0018254,0.00060880000000000005,0.0010430000000000001,0.00054719999999999997,0.0012129000000000003,-0.0024507000000000001,0.0010026,-0.00078550000000000017,-0.00061140000000000001,-0.0022120999999999998,0.00032410000000000002,0.00054270000000000002,-0.0007448,0.0012328,0.00074580000000000002,-0.0026226000000000001,-0.0013908000000000002,-0.0010238000000000001,-0.00015339999999999999,4.5900000000000031e-05,0.00030879999999999997,-2.4000000000000583e-06,6.5300000000000015e-05,0.00048900000000000007,-5.9400000000000034e-05,-0.0014835,-0.00065210000000000008,0.0028787000000000001,-0.0026306999999999997,0.0019285000000000003,0.0011945000000000002,-0.0015950000000000001,0.00030220000000000008,-0.0021345000000000001,0.00048670000000000012,0.0011041,-0.00039849999999999998,0.00010290000000000006,0.00067969999999999999,-0.0016695,0.0027244000000000001,-0.00064070000000000002,-0.00039230000000000005,0.0027989,-0.0029294000000000004,-0.0016735999999999999,0.0012880000000000001,-0.0021758000000000003,0.0028738000000000001,-0.0038101000000000003,-0.0010409000000000002,0.0023503,-0.0031719999999999999,-0.0010464000000000001,0.0010397000000000002,-0.00082750000000000033,0.0047317000000000001,0.00064930000000000044,0.0017065000000000001,-0.00092069999999999999,-0.0065186999999999988,0.0021898
aug_between_class_right_pair0015_child02,Healthy,0,0,Augmented,0,0,0,0,0,0.28930679999999998,1.9408095999999999,6.0000000000000008e-07,0,-1.9999999999999996e-07,1.0365148,0,0.034812200000000001,-0.15387819999999999,0.0337808,0.050130599999999997,-0.043382400000000002,0.056932999999999997,0.023971400000000004,0.028880200000000005,-0.0225402,-0.080123199999999992,0.38055859999999997,-0.089397599999999994,-0.035290400000000006,0.090693399999999993,0.030132599999999999,-0.015591399999999998,-0.0066426000000000002,-0.055752400000000001,0.026486599999999999,0.035628,-0.0415482,0.0094584000000000005,-0.096598400000000001,0.026783399999999999,0.037930199999999997,-0.010275399999999999,0.0052045999999999985,0.0188462,-0.025060199999999994,0.041885400000000003,-0.061559800000000005,-0.041485399999999999,0.10525279999999999,-0.0339396,0.211866,-0.055409199999999999,0.0109374,-0.00031199999999999978,-0.0043896000000000004,-0.018683999999999999,-0.015805799999999998,0.031762199999999997,-0.0050070000000000002,-0.016393600000000001,-0.012835999999999998,-0.026620399999999999,0.0099558000000000008,0.017809800000000001,0.022729199999999998,0.015986400000000001,0.0015703999999999996,-0.0029030000000000002,0.013510599999999999,-0.053787599999999998,0.0082246000000000003,-0.00034200000000000072,0.00058280000000000007,0.020280800000000002,-0.0880938,-0.0045163999999999985,-0.029652399999999999,-0.013694399999999999,0.0174792,0.0020316000000000006,0.0034346000000000012,0.021175200000000002,0.013484999999999997,0.0043617999999999999,-0.0065862000000000004,0.0058389999999999996,0.0055474000000000001,0.0024377999999999999,-0.0032891999999999999,-4.780000000000062e-05,-0.014741599999999999,0.0030122,0.0035953999999999995,0.0051538,-0.012023600000000002,-0.0234264,0.0129424,-0.017937000000000002,-0.0061983999999999997,-0.0017337999999999993,-0.00086860000000000062,-0.00029159999999999993,-0.016427600000000001,-0.0069137999999999995,0.019761999999999998,-0.0195094,0.0022547999999999999,0.037305599999999994,-0.0021619999999999999,0.039934800000000006,-0.0056146,0.0037772000000000001,0.0020282,-0.0022748,-0.0069955999999999994,0.0100138,-0.00094539999999999989,0.0012243999999999996,0.0017411999999999996,0.011623,0.0029905999999999999,-0.0058573999999999996,0.0057475999999999994,0.012326200000000001,0.0038543999999999996,-0.00051939999999999994,0.0077291999999999994,-0.0044819999999999999,0.0043842000000000004,-0.0038393999999999998,0.009375399999999999,-0.0011886000000000002,-0.015058999999999999,0.0080099999999999998,-0.0064708000000000005,0.0066339999999999993,-0.0082629999999999995,-0.0067520000000000002,0.012216999999999999,0.00050780000000000009,-0.0013215999999999998,0.0014388000000000003,-0.0117874,-0.0045262000000000002,-0.011995200000000001,-0.012475799999999999,-0.0016956000000000002,-0.0062909999999999988,-0.0052292000000000007,0.0150408,-0.0026557999999999998,-4.1599999999999927e-05,-0.0013610000000000002,-0.0021882000000000004,0.00027939999999999996,0.0028623999999999993,-0.00066359999999999987,0.0013832,-0.0028846000000000002,0.0011504,0.0028484000000000001,-0.00013960000000000014,0.0049346000000000008,0.0001806,1.0000000000000026e-05,-0.0035231999999999998,-0.00089419999999999994,-0.0038199999999999996,-0.0145068,-0.0052566000000000002,0.0058694000000000003,0.0022598000000000002,-0.00024699999999999999,0.00097100000000000051,0.0019168000000000002,-0.0036605999999999995,-0.0037759999999999998,-0.016250399999999998,0.00077959999999999965,0.0044678000000000009,0.0065902000000000001,0.0056568,-0.0056731999999999998,0.0058750000000000009,0.0038843999999999997,0.0036597999999999995,-0.0029952000000000004,0.0086242000000000003,-0.0086182000000000012,0.0056936,-0.0083650000000000009,-0.0100994,0.001036,-0.010023600000000001,0.0038105999999999999,-0.00065740000000000004,-0.0013516000000000001,0.0010273999999999999,-0.0037391999999999998,-0.001348,0.00084100000000000017,0.00012060000000000006,0.0011580000000000002,-0.0038067999999999999,0.0015290000000000002,-0.00019239999999999969,-0.0025736000000000001,-0.0014763999999999999,0.00023080000000000008,-0.0004172,0.0021121999999999998,6.1600000000000101e-05,-3.9599999999999953e-05,0.0035966000000000001,-0.0043737999999999997,0.0035116000000000001,-0.0029294000000000008,-0.0016845999999999999,-0.0049778000000000001,0.0016275999999999999,0.0012488,-0.00049540000000000001,0.0022240000000000003,0.0043413999999999996,-0.00056880000000000016,0.00026340000000000001,0.00052319999999999992,-0.0013821999999999999,-0.0028482,-5.3800000000000007e-05,0.0066309999999999997,-0.0047480000000000005,-0.0010127999999999999,0.0036464000000000002,0.001023,-0.0018155999999999995,0.00093420000000000005,0.00090300000000000005,0.0013534,-0.0018650000000000006,-0.0015394,0.0033692000000000001,-0.012187,0.0071105999999999999,-0.0054523999999999996,-0.0060901999999999996,-0.0037079999999999995,0.0034406000000000003,-0.002882,0.00088819999999999991,-0.0016831999999999999,0.00024659999999999981,-0.00055780000000000001,-0.0012944000000000002,-0.0019914000000000004,-0.0031959999999999996,-0.0042323999999999999,-0.00076400000000000003,0.0050572000000000004,0.0041558000000000003,0.0017896000000000001,0.00070020000000000043,-0.0032442000000000005,-0.0010882000000000001,0.0042954000000000004,0.0010154000000000001,-0.00095060000000000023,0.0016784,0.0015776,0.0029358000000000006,-0.0065372,-0.0016400000000000006,0.0028044000000000003,-0.0055766000000000001,0.0025655999999999999,0.0018390000000000001,0.0016259999999999998,-0.00045080000000000033,-0.00045180000000000003,0.0037900000000000004,-0.0025720000000000001,-0.0019222,0.0057276000000000002,0.00066379999999999998,0.0015734000000000002,0.0021834000000000003,0.0025133999999999998,-0.006752600000000001,-0.0021786000000000002,-0.0022422000000000002,0.006268000000000001,-0.0060560000000000006,0.0028710000000000003,-0.0036110000000000005,0.0004423999999999998,-0.0060984000000000003,0.0014239999999999999,-0.0070997999999999999,0.00047999999999999996,0.0143716,0.001152,0.0084464000000000015,-0.015014,0.0037646000000000008,-0.00059460000000000003,0.00037819999999999998,0.00024439999999999992,0.0022328000000000001,-0.00097760000000000034,-0.0014006000000000001,0.00052719999999999991,0.0014164,-0.0012298000000000001,-0.0003872000000000002,0.0028274000000000003,-0.0014556,0.0016926000000000001,5.0399999999999978e-05,-0.0021523999999999996,-0.00022499999999999999,-0.00077620000000000011,0.0021383999999999999,-0.00054819999999999999,0.0012518000000000002,-0.0014840000000000001,0.00067900000000000002,-0.0010813999999999999,-0.0028013999999999999,-0.0035444000000000001,0.00070219999999999994,0.0019193999999999999,-0.0034372000000000005,0.0036498000000000008,-3.1800000000000014e-05,0.00032200000000000002,-0.00057840000000000007,-0.0027505999999999997,-0.0010454000000000001,-0.0014246,-7.8600000000000067e-05,0.00024479999999999988,0.0040928000000000006,-0.0010684000000000002,-0.00065179999999999991,0.0005708,0.0022106000000000001,-0.0032274000000000005,0.00090999999999999978,0.0033647999999999998,0.0045921999999999994,-0.0031746000000000005,0.0007268000000000001,0.0028368000000000004,-0.0068222000000000005,-0.0027118000000000003,0.0015297999999999998,0.0014492000000000001,0.0055754000000000003,0.0021774000000000003,-8.8599999999999985e-05,0.00074980000000000055,-0.0048669999999999998,0.0068599999999999998,-0.00059059999999999983,-0.0045030000000000009,0.0113756,-0.0036614,-0.00046480000000000002,0.0018220000000000003,0.00023939999999999996,0.0026262000000000004,-0.0012164000000000001,0.00019700000000000002,-2.9799999999999965e-05,0.0020500000000000002,-0.00050119999999999993,-0.00067420000000000012,0.000977,0.0013668000000000003,-0.0019218000000000002,0.00095740000000000018,0.00047179999999999998,-0.0007279999999999997,-0.0025056000000000002,-0.0021749999999999999,0.0019238000000000002,-0.00062980000000000002,0.0012036,0.002415,-0.0012109999999999998,-0.00052520000000000008,-0.0031336000000000003,0.0014622000000000001,-0.00054379999999999999,-0.00014380000000000035,0.0010402000000000005,0.00028839999999999964,-0.0013895999999999999,-0.0017300000000000002,-0.00249,0.0022496,0.0013798,4.8399999999999984e-05,0.0025846000000000003,-0.00047260000000000005,-0.00095040000000000012,-0.0011854000000000001,-0.0020923999999999999,-0.00091319999999999997,0.00032020000000000014,0.0014726000000000001,-0.0039334000000000001,-0.0013406,0.0023267999999999995,-0.00023740000000000002,0.0010722000000000004,0.00087600000000000004,-0.00058399999999999999,0.0022902,0.0034098000000000002,-0.0003704,-0.00066879999999999999,0.0024847999999999997,-0.00093459999999999984,-0.00064660000000000021,0.0029782000000000003,0.0013326,0.005437599999999999,-0.0021947999999999998,0.0025041999999999998,0.0021267999999999999,-0.0055942000000000006,0.0039684000000000004,-0.0012141999999999997,0.0030653999999999998,-0.0015432,0.00035800000000000003,0.0012068000000000001,-0.0012869999999999999,-0.0016848000000000002,0.0013694000000000002,-0.00023860000000000003,0.0010219999999999999,-0.0013934000000000002,-0.00037360000000000008,-0.00023619999999999997,-0.00025940000000000002,0.0011156,-0.0034698000000000003,-0.0018548000000000004,0.00082459999999999999,0.00099599999999999992,0.00054240000000000007,0.0011378,-0.0023514,0.0010482,-0.00066000000000000021,-0.0004908,-0.0019912000000000003,5.7199999999999981e-05,0.00058040000000000001,-0.00083759999999999998,0.0010196000000000001,0.00080960000000000016,-0.0023341999999999998,-0.0012926000000000001,-0.00083660000000000017,-4.88e-05,-9.3200000000000043e-05,0.0003346,0.00014719999999999989,0.0002856,0.00055899999999999993,-2.4800000000000007e-05,-0.0012960000000000001,-0.00050920000000000002,0.0025663999999999999,-0.0026064,0.0015520000000000002,0.0013640000000000004,-0.0014600000000000004,0.00024339999999999995,-0.0021849999999999999,0.0004704000000000001,0.00067819999999999979,-0.00038200000000000002,-0.00020319999999999992,0.00068939999999999995,-0.0016840000000000002,0.0027117999999999999,-0.00081940000000000008,-0.00061460000000000009,0.0025477999999999998,-0.0030288000000000003,-0.0015652000000000001,0.0012309999999999999,-0.0019266000000000005,0.0023736,-0.0036202000000000005,-0.00082580000000000023,0.0022095999999999999,-0.0029189999999999997,-0.0011468000000000001,0.00077840000000000006,-0.00049600000000000035,0.0051604000000000008,0.0010086000000000003,0.0015920000000000001,-0.00058640000000000005,-0.0066493999999999998,0.0021546
aug_between_class_right_pair0015_child03,Healthy,0,0,Augmented,0,0,0,0,0,0.29073519999999997,1.9591239,3.9999999999999998e-07,0,-2.9999999999999988e-07,1.0318001999999999,4.1359030627651384e-25,0.035450800000000005,-0.15534629999999999,0.032411700000000002,0.051546900000000007,-0.043554100000000005,0.057255500000000001,0.023294100000000002,0.026810300000000002,-0.023197800000000001,-0.081527299999999997,0.38515189999999999,-0.086916900000000005,-0.029181600000000002,0.091358099999999998,0.026622899999999994,-0.0150256,-0.0060133999999999995,-0.054731599999999998,0.0281374,0.035226,-0.040183299999999998,0.0082980999999999992,-0.09651259999999999,0.026151099999999997,0.037859299999999999,-0.011444600000000001,0.0066484000000000005,0.0183048,-0.026933800000000001,0.041031100000000001,-0.060817200000000002,-0.040166600000000004,0.1044562,-0.030749400000000003,0.2117465,-0.054753799999999998,0.011377099999999999,-0.00073550000000000026,-0.0039798999999999998,-0.019188,-0.014491699999999996,0.031556800000000003,-0.0050509999999999999,-0.015817899999999999,-0.0138,-0.026523099999999997,0.0096171999999999994,0.018119700000000002,0.023343799999999998,0.0160906,0.000853099999999999,-0.0024694999999999995,0.0134264,-0.052265400000000004,0.0075328999999999986,-6.0000000000000157e-05,0.0002731999999999997,0.0210522,-0.087244699999999994,-0.0062230999999999996,-0.030380600000000001,-0.014679600000000001,0.017527299999999999,0.0018709,0.0030629000000000003,0.0206853,0.012972499999999998,0.0045506999999999995,-0.0062543,0.0060415,0.0057825999999999997,0.0022016999999999996,-0.0029182999999999995,0.00058180000000000037,-0.0146894,0.0025078000000000001,0.0042531000000000001,0.0062797,-0.012662400000000001,-0.023175099999999997,0.0133051,-0.018381500000000002,-0.0060380999999999994,-0.0022651999999999998,-0.0012059000000000002,-0.00071039999999999949,-0.015701400000000001,-0.0071591999999999992,0.018333999999999996,-0.019340599999999999,0.0024072,0.035740399999999999,-0.0007534999999999994,0.040338700000000005,-0.0059124000000000008,0.0023897999999999997,0.0019048000000000001,-0.0020022,-0.0072499000000000001,0.0097837000000000011,-0.00068460000000000005,0.00010209999999999863,0.0015122999999999998,0.011663,0.0027013999999999992,-0.0055166,0.0063019,0.011657300000000001,0.0043085999999999992,-6.9099999999999891e-05,0.0074917999999999998,-0.0044305000000000004,0.0044418000000000001,-0.0037621,0.0097266000000000002,-0.0014913999999999999,-0.014960999999999999,0.0081735000000000002,-0.0064376999999999993,0.006038,-0.0090775000000000005,-0.006659,0.011436999999999999,0.00040720000000000079,-0.0019209000000000001,0.0010042,-0.012637600000000001,-0.0040913,-0.011971800000000001,-0.0128147,-0.0011248999999999994,-0.0063009999999999993,-0.0044558000000000002,0.014323199999999999,-0.0025742,0.0001205999999999999,-0.00131,-0.0022558000000000005,0.00034210000000000002,0.0023215999999999996,-0.00094289999999999999,0.0013633,-0.0031508999999999999,0.0011531000000000002,0.0025930999999999997,-8.7899999999999914e-05,0.0046139000000000006,-0.00022409999999999997,1.7000000000000088e-05,-0.0034307999999999995,-0.0011332999999999998,-0.0036009999999999992,-0.014688199999999998,-0.0053074000000000003,0.0061316000000000001,0.0025907,-0.00047399999999999992,0.00075500000000000003,0.0013231999999999996,-0.0032428999999999999,-0.0038379999999999998,-0.0158786,0.0018038999999999998,0.0048517000000000005,0.0068847999999999999,0.0057071999999999999,-0.0060298000000000001,0.0051665000000000001,0.0049535999999999998,0.0035557000000000002,-0.0029177999999999999,0.0089283000000000001,-0.0079772999999999997,0.0057143999999999997,-0.0094075000000000009,-0.0091345999999999997,0.00055949999999999999,-0.0098088999999999989,0.0053734000000000004,-0.00081959999999999997,-0.0013254,0.0011906,-0.0034987999999999998,-0.0015245000000000002,0.0010040000000000001,-8.1099999999999857e-05,0.0010924999999999999,-0.0041346999999999998,0.0017410000000000001,0.00018490000000000021,-0.0025189000000000001,-0.0012345999999999998,0.00016019999999999999,-0.00061830000000000001,0.0019262999999999997,0.00053589999999999996,-0.00043690000000000005,0.0036638999999999999,-0.0042516999999999998,0.0032718999999999995,-0.0028056000000000005,-0.0018753999999999999,-0.0045326999999999998,0.0018694,0.0011922000000000005,-0.00055410000000000008,0.0017710000000000002,0.0041770999999999996,-0.00014320000000000001,0.00012660000000000004,0.00069380000000000006,-0.0013668,-0.0027613,-0.00053320000000000017,0.0070359999999999997,-0.0048320000000000004,-0.00065970000000000004,0.0034970999999999999,0.0016070000000000004,-0.0026569000000000002,0.00069880000000000029,0.00095200000000000005,0.00088910000000000031,-0.001603,-0.0016961000000000001,0.0045367999999999997,-0.013322000000000001,0.0067948999999999996,-0.0059446000000000004,-0.0073377999999999994,-0.0043059999999999999,0.0033344,-0.0028890000000000001,0.00080729999999999984,-0.0018508000000000001,0.00019289999999999976,-0.00039669999999999994,-0.0010045999999999998,-0.0019556,-0.00329,-0.0041006000000000003,-0.00061199999999999981,0.0053368000000000001,0.0037966999999999996,0.0015943999999999997,0.00064930000000000001,-0.0029582999999999996,-0.00073280000000000003,0.0040081000000000006,0.00038759999999999966,-0.0010283999999999998,0.0017285999999999998,0.0015004,0.0027692000000000003,-0.0064713000000000001,-0.0011200000000000001,0.0023746000000000001,-0.0053424000000000006,0.0029148999999999993,0.0016110000000000002,0.0013629999999999998,-0.00015519999999999944,-0.00088069999999999999,0.0036385000000000002,-0.0026814999999999999,-0.0021538,0.0055858999999999995,0.00013069999999999998,0.0015861,0.0017811000000000003,0.0021615999999999996,-0.0063228999999999994,-0.0023969000000000004,-0.0022377999999999999,0.0059990000000000009,-0.0058460000000000005,0.0027724999999999998,-0.0031935000000000002,-0.00032740000000000026,-0.0058731,0.00087800000000000031,-0.0065991999999999995,0.00044749999999999998,0.013371900000000001,0.0013749999999999999,0.0081346000000000005,-0.015001500000000001,0.0043934000000000004,-0.00070439999999999999,0.00021829999999999997,0.00026260000000000004,0.0023636999999999998,-0.00094589999999999995,-0.0015308999999999998,0.00053529999999999995,0.0016345999999999999,-0.0014022000000000001,-0.00015479999999999997,0.0024905999999999999,-0.0013504000000000001,0.0017824,0.00023159999999999994,-0.0020005999999999999,-0.00045899999999999999,-0.0007178000000000001,0.0024096,-0.00057180000000000013,0.0014401999999999998,-0.0013289999999999999,0.00049300000000000006,-0.0011626,-0.0027101,-0.0034426000000000001,0.00074629999999999998,0.0014695999999999999,-0.0034298000000000002,0.0033907000000000004,-0.00012469999999999994,0.00040449999999999991,-0.00073810000000000011,-0.0028989000000000003,-0.0011926,-0.0013838999999999998,0.00027859999999999989,0.00056519999999999997,0.0039886999999999995,-0.0006351000000000002,-0.0003751999999999998,0.00049819999999999997,0.0022968999999999997,-0.0027590999999999996,0.00036800000000000022,0.0030447,0.0049277999999999995,-0.0032639000000000001,0.0008987,0.0022246999999999996,-0.0066797999999999996,-0.0026751999999999995,0.0011021999999999998,0.0015667999999999999,0.0054460999999999997,0.0023075999999999995,0.00023060000000000008,0.00024470000000000015,-0.0053150000000000003,0.0070174999999999994,-0.0010418999999999999,-0.0044379999999999992,0.0117939,-0.0035885999999999999,-0.00049069999999999995,0.0017795,0.00027710000000000007,0.0024618000000000001,-0.0013571,0.00049849999999999992,0.00019779999999999998,0.0021879999999999998,-0.00036679999999999992,-0.00074379999999999997,0.00097950000000000012,0.0014791999999999997,-0.0019407000000000003,0.0011146000000000001,0.00062070000000000007,-0.00090449999999999981,-0.0021558999999999997,-0.0021224999999999998,0.0017692000000000001,-0.00074669999999999999,0.0012419,0.0024020000000000001,-0.0011275,-0.00047530000000000011,-0.0030144,0.0012883,-0.00062319999999999997,0.00014130000000000002,0.00082030000000000015,0.00045410000000000003,-0.0016784,-0.0015374999999999998,-0.0022950000000000002,0.0024688999999999996,0.0013971999999999999,0.00028859999999999997,0.0025114,-0.0007109000000000001,-0.00097459999999999995,-0.0011375999999999999,-0.0018185999999999999,-0.00068630000000000004,0.00050080000000000025,0.0013399,-0.0036836,-0.0015344,0.0022291999999999998,-0.00017559999999999982,0.0011433000000000001,0.00070850000000000015,-0.00037350000000000003,0.0020468000000000001,0.0033352,-0.00040010000000000013,-0.00086769999999999989,0.0020041999999999994,-0.00061289999999999977,-8.9000000000000401e-06,0.0022567999999999998,0.0012884000000000001,0.0051213999999999999,-0.0022112,0.0023487999999999998,0.0016491999999999991,-0.0048813000000000007,0.0041140999999999999,-0.0016232999999999998,0.0029421,-0.0016738,0.00041750000000000001,0.0010812,-0.0013310000000000002,-0.0016627,0.0012036000000000002,-0.00018340000000000007,0.00092399999999999991,-0.0015171,-0.00035639999999999988,-0.00030830000000000001,-0.00013410000000000001,0.0011054000000000001,-0.0032291999999999998,-0.0018841999999999999,0.0010403999999999999,0.00094899999999999997,0.00053759999999999984,0.0010627000000000002,-0.0022520999999999999,0.0010938,-0.00053450000000000004,-0.0003702,-0.0017702999999999998,-0.00020970000000000006,0.00061810000000000001,-0.00093040000000000006,0.00080639999999999998,0.00087339999999999998,-0.0020457999999999995,-0.0011944,-0.00064940000000000006,5.5800000000000015e-05,-0.00023230000000000001,0.00036039999999999998,0.00029680000000000006,0.00050589999999999999,0.00062899999999999989,9.7999999999999672e-06,-0.0011085000000000001,-0.00036630000000000001,0.0022540999999999998,-0.0025820999999999995,0.0011755000000000001,0.0015335000000000001,-0.001325,0.00018459999999999982,-0.0022354999999999996,0.00045410000000000009,0.00025229999999999968,-0.00036549999999999999,-0.00050929999999999997,0.00069910000000000003,-0.0016984999999999999,0.0026991999999999997,-0.00099810000000000003,-0.00083690000000000012,0.0022967,-0.0031282000000000003,-0.0014568000000000001,0.0011739999999999999,-0.0016774000000000003,0.0018733999999999999,-0.0034302999999999998,-0.00061069999999999983,0.0020689000000000003,-0.002666,-0.0012472,0.00051709999999999994,-0.00016450000000000026,0.0055891000000000005,0.0013679000000000002,0.0014774999999999999,-0.00025210000000000022,-0.006780099999999999,0.0021193999999999996
aug_between_class_right_pair0015_child04,Healthy,0,0,Augmented,0,0,0,0,0,0.29216359999999997,1.9774381999999999,1.9999999999999996e-07,0,-3.9999999999999988e-07,1.0270855999999999,0,0.036089400000000001,-0.15681439999999999,0.031042600000000004,0.052963200000000002,-0.043725799999999995,0.057578000000000004,0.022616800000000003,0.024740400000000003,-0.023855399999999999,-0.082931400000000002,0.38974520000000001,-0.084436200000000003,-0.023072800000000004,0.092022800000000002,0.023113199999999997,-0.014459799999999998,-0.0053841999999999996,-0.053710800000000003,0.029788200000000001,0.034824000000000001,-0.038818399999999996,0.0071377999999999997,-0.096426799999999993,0.025518800000000001,0.0377884,-0.0126138,0.0080922000000000008,0.017763399999999999,-0.0288074,0.040176799999999999,-0.060074600000000006,-0.038847800000000002,0.10365959999999999,-0.027559200000000002,0.21162699999999998,-0.054098400000000005,0.011816799999999999,-0.0011589999999999999,-0.0035701999999999999,-0.019692000000000001,-0.013177600000000001,0.031351400000000001,-0.0050949999999999997,-0.015242200000000001,-0.014763999999999999,-0.026425799999999999,0.0092785999999999997,0.018429600000000001,0.023958399999999998,0.016194800000000002,0.00013579999999999842,-0.0020359999999999996,0.0133422,-0.050743200000000002,0.0068411999999999987,0.00022199999999999998,-3.6399999999999801e-05,0.021823599999999999,-0.086395600000000003,-0.007929799999999999,-0.031108799999999999,-0.0156648,0.017575400000000001,0.0017101999999999998,0.0026911999999999999,0.020195400000000002,0.012459999999999999,0.0047396000000000001,-0.0059223999999999995,0.0062439999999999996,0.0060178000000000002,0.0019656000000000001,-0.0025474,0.0012114000000000001,-0.0146372,0.0020033999999999998,0.0049107999999999999,0.0074056,-0.013301200000000001,-0.022923800000000001,0.013667800000000001,-0.018826000000000002,-0.0058777999999999999,-0.0027965999999999993,-0.0015432,-0.0011292000000000003,-0.014975200000000001,-0.007404599999999999,0.016905999999999997,-0.019171799999999999,0.0025596,0.034175200000000003,0.00065500000000000063,0.040742600000000004,-0.0062102000000000008,0.0010023999999999996,0.0017814000000000003,-0.0017296,-0.0075041999999999999,0.0095536000000000006,-0.00042380000000000022,-0.0010202000000000006,0.0012834000000000001,0.011703,0.0024121999999999993,-0.0051757999999999995,0.0068561999999999998,0.010988400000000001,0.0047627999999999993,0.00038120000000000021,0.0072543999999999994,-0.0043789999999999992,0.0044994000000000006,-0.0036847999999999998,0.0100778,-0.0017942000000000001,-0.014862999999999999,0.0083370000000000007,-0.0064045999999999999,0.0054419999999999998,-0.0098920000000000015,-0.0065659999999999998,0.010657,0.00030660000000000062,-0.0025202000000000002,0.00056960000000000018,-0.013487800000000001,-0.0036563999999999998,-0.011948400000000001,-0.0131536,-0.00055419999999999992,-0.0063109999999999989,-0.0036824000000000002,0.013605600000000001,-0.0024925999999999998,0.00028280000000000004,-0.0012590000000000001,-0.0023234000000000006,0.00040480000000000003,0.0017807999999999995,-0.0012221999999999999,0.0013434,-0.0034172000000000004,0.0011558000000000002,0.0023378000000000001,-3.6200000000000121e-05,0.0042932000000000005,-0.00062879999999999989,2.3999999999999716e-05,-0.0033384,-0.0013724,-0.0033819999999999996,-0.0148696,-0.0053582000000000005,0.0063937999999999998,0.0029216000000000003,-0.00070100000000000002,0.00053899999999999998,0.00072959999999999952,-0.0028251999999999999,-0.0038999999999999998,-0.015506799999999998,0.0028281999999999999,0.0052356,0.0071794000000000007,0.0057575999999999999,-0.0063864000000000004,0.0044580000000000002,0.0060228,0.0034516,-0.0028404000000000003,0.0092324,-0.0073364000000000007,0.0057351999999999993,-0.010450000000000001,-0.0081697999999999996,8.2999999999999957e-05,-0.0095941999999999989,0.0069362000000000009,-0.00098180000000000012,-0.0012991999999999999,0.0013538000000000001,-0.0032583999999999998,-0.001701,0.0011670000000000001,-0.00028279999999999994,0.0010269999999999999,-0.0044626000000000006,0.0019530000000000003,0.00056220000000000011,-0.0024642000000000002,-0.00099279999999999963,8.9600000000000009e-05,-0.00081939999999999986,0.0017404,0.0010102000000000002,-0.0008342,0.0037311999999999996,-0.0041295999999999998,0.0030321999999999997,-0.0026818000000000007,-0.0020661999999999998,-0.0040876000000000003,0.0021111999999999997,0.0011356000000000001,-0.00061280000000000004,0.0013180000000000002,0.0040127999999999995,0.00028239999999999982,-1.0199999999999923e-05,0.00086440000000000019,-0.0013514,-0.0026744,-0.0010126000000000002,0.0074409999999999997,-0.0049160000000000002,-0.00030659999999999997,0.0033477999999999997,0.0021910000000000002,-0.0034981999999999999,0.00046339999999999966,0.0010010000000000002,0.00042480000000000013,-0.0013410000000000004,-0.0018528000000000001,0.0057044000000000001,-0.014457000000000001,0.0064792000000000001,-0.0064368000000000003,-0.0085854,-0.0049039999999999995,0.0032282000000000001,-0.0028960000000000001,0.00072639999999999977,-0.0020184000000000001,0.00013919999999999991,-0.0002355999999999999,-0.00071479999999999992,-0.0019198000000000002,-0.0033839999999999994,-0.0039687999999999998,-0.00046000000000000001,0.0056163999999999997,0.0034375999999999994,0.0013992,0.00059840000000000023,-0.0026723999999999997,-0.00037739999999999996,0.0037208000000000002,-0.00024020000000000031,-0.0011062000000000001,0.0017787999999999999,0.0014232000000000001,0.0026026000000000001,-0.0064054000000000003,-0.00060000000000000027,0.0019448,-0.0051082000000000002,0.0032642000000000001,0.0013830000000000001,0.0010999999999999998,0.00014039999999999973,-0.0013096000000000002,0.0034870000000000005,-0.0027910000000000001,-0.0023854000000000002,0.0054441999999999997,-0.00040240000000000008,0.0015988,0.0013787999999999999,0.0018098000000000001,-0.0058932000000000003,-0.0026152000000000003,-0.0022334,0.0057300000000000007,-0.0056360000000000004,0.0026740000000000002,-0.0027760000000000003,-0.0010972,-0.0056478000000000006,0.00033200000000000005,-0.0060986,0.000415,0.0123722,0.001598,0.0078227999999999995,-0.014989000000000001,0.005022200000000001,-0.00081420000000000006,5.8399999999999976e-05,0.00028079999999999989,0.0024946,-0.0009142,-0.0016612,0.00054339999999999998,0.0018527999999999999,-0.0015746,7.7599999999999935e-05,0.0021538,-0.0012451999999999999,0.0018722000000000001,0.00041279999999999995,-0.0018487999999999998,-0.00069299999999999993,-0.00065939999999999998,0.0026808000000000001,-0.00059540000000000005,0.0016286000000000002,-0.0011739999999999999,0.00030699999999999993,-0.0012438,-0.0026188000000000001,-0.0033407999999999997,0.00079040000000000002,0.0010198,-0.0034223999999999999,0.0031316,-0.00021760000000000009,0.00048700000000000002,-0.00089780000000000003,-0.0030472000000000003,-0.0013398000000000001,-0.0013431999999999999,0.00063579999999999973,0.00088559999999999995,0.0038846000000000002,-0.00020179999999999986,-9.8599999999999795e-05,0.00042559999999999994,0.0023831999999999998,-0.0022908,-0.000174,0.0027245999999999998,0.0052633999999999997,-0.0033531999999999998,0.0010706000000000001,0.0016125999999999998,-0.0065374000000000005,-0.0026385999999999996,0.00067459999999999981,0.0016843999999999997,0.0053168,0.0024377999999999999,0.00054979999999999992,-0.00026039999999999982,-0.0057629999999999999,0.007175,-0.0014932000000000001,-0.0043729999999999993,0.012212199999999999,-0.0035157999999999999,-0.00051659999999999998,0.001737,0.00031480000000000006,0.0022974000000000002,-0.0014978000000000001,0.00080000000000000004,0.00042540000000000009,0.0023259999999999999,-0.00023239999999999996,-0.00081340000000000004,0.00098200000000000002,0.0015916000000000001,-0.0019596000000000001,0.0012718,0.00076960000000000006,-0.0010809999999999999,-0.0018062,-0.0020699999999999998,0.0016146000000000001,-0.00086360000000000007,0.0012802,0.0023890000000000001,-0.0010439999999999998,-0.00042540000000000015,-0.0028952000000000006,0.0011144,-0.00070260000000000006,0.00042640000000000006,0.00060040000000000007,0.0006198,-0.0019672000000000001,-0.0013450000000000001,-0.0021000000000000003,0.0026882,0.0014145999999999998,0.00052879999999999995,0.0024381999999999997,-0.00094920000000000009,-0.00099880000000000021,-0.0010898000000000001,-0.0015447999999999998,-0.00045939999999999989,0.00068140000000000019,0.0012072000000000001,-0.0034337999999999999,-0.0017282,0.0021316,-0.00011379999999999995,0.0012144000000000002,0.00054100000000000003,-0.00016299999999999995,0.0018033999999999999,0.0032606000000000002,-0.00042980000000000004,-0.0010666,0.0015235999999999995,-0.00029119999999999971,0.0006288,0.0015353999999999999,0.0012442,0.0048051999999999999,-0.0022275999999999997,0.0021933999999999999,0.0011715999999999992,-0.0041684000000000001,0.0042597999999999994,-0.0020323999999999997,0.0028187999999999998,-0.0018044000000000001,0.00047699999999999999,0.00095559999999999981,-0.0013749999999999999,-0.0016406000000000001,0.0010378000000000002,-0.00012820000000000008,0.00082599999999999991,-0.0016408000000000002,-0.0003391999999999999,-0.00038040000000000003,-8.7999999999999429e-06,0.0010951999999999999,-0.0029885999999999997,-0.0019136000000000003,0.0012561999999999999,0.00090200000000000002,0.00053279999999999983,0.00098760000000000015,-0.0021527999999999999,0.0011394,-0.00040900000000000008,-0.0002496,-0.0015493999999999998,-0.00047659999999999988,0.0006558,-0.0010232000000000002,0.00059319999999999989,0.00093720000000000001,-0.0017573999999999999,-0.0010962000000000001,-0.00046220000000000001,0.0001604,-0.00037140000000000008,0.00038620000000000001,0.00044640000000000001,0.00072619999999999998,0.00069899999999999997,4.4399999999999995e-05,-0.00092100000000000005,-0.00022340000000000004,0.0019418,-0.0025577999999999998,0.00079900000000000001,0.0017030000000000005,-0.0011900000000000003,0.00012580000000000013,-0.0022859999999999998,0.00043780000000000007,-0.00017360000000000018,-0.00034900000000000003,-0.00081540000000000009,0.00070879999999999999,-0.0017130000000000001,0.0026865999999999999,-0.0011768,-0.0010592000000000002,0.0020455999999999998,-0.0032275999999999997,-0.0013484,0.0011169999999999999,-0.0014282000000000001,0.0013731999999999998,-0.0032404000000000001,-0.00039560000000000029,0.0019282000000000001,-0.0024129999999999998,-0.0013476,0.00025579999999999993,0.00016699999999999983,0.0060178000000000002,0.0017272000000000006,0.0013630000000000001,8.2200000000000046e-05,-0.0069107999999999999,0.0020842
aug_between_class_right_pair0015_child05,TLE,1,1,Augmented,0,0,0,0,0,0.29502040000000002,2.0140668000000002,-1.9999999999999999e-07,0,-5.9999999999999987e-07,1.0176563999999999,0,0.0373666,-0.15975059999999999,0.028304400000000004,0.0557958,-0.044069200000000003,0.058222999999999997,0.021262200000000002,0.0206006,-0.025170600000000001,-0.085739599999999999,0.3989318,-0.079474799999999998,-0.010855200000000004,0.093352199999999996,0.016093799999999998,-0.0133282,-0.0041257999999999998,-0.051669199999999998,0.033089800000000003,0.034020000000000002,-0.036088599999999998,0.0048171999999999998,-0.096255199999999999,0.024254199999999997,0.037646600000000002,-0.014952199999999999,0.010979799999999998,0.0166806,-0.032554600000000003,0.038468200000000001,-0.0585894,-0.036210199999999998,0.1020664,-0.021178800000000005,0.21138799999999999,-0.052787600000000004,0.012696199999999999,-0.002006,-0.0027508000000000003,-0.0207,-0.0105494,0.030940599999999999,-0.0051830000000000001,-0.014090800000000001,-0.016691999999999999,-0.0262312,0.0086014000000000004,0.019049400000000001,0.025187599999999997,0.0164032,-0.001298800000000001,-0.0011689999999999999,0.013173799999999999,-0.0476988,0.0054578000000000005,0.00078599999999999981,-0.0006556,0.023366399999999999,-0.084697399999999992,-0.011343199999999998,-0.032565200000000002,-0.0176352,0.017671600000000003,0.0013888000000000004,0.0019478000000000004,0.019215599999999999,0.011434999999999999,0.0051173999999999994,-0.0052586000000000004,0.0066490000000000004,0.0064881999999999995,0.0014933999999999993,-0.0018056000000000001,0.0024705999999999999,-0.0145328,0.0009946,0.0062261999999999994,0.0096574,-0.014578800000000003,-0.022421200000000002,0.014393200000000002,-0.019715,-0.0055572,-0.0038593999999999994,-0.0022177999999999998,-0.0019668000000000003,-0.0135228,-0.0078954000000000003,0.01405,-0.018834200000000002,0.0028644,0.031044799999999997,0.0034719999999999998,0.041550400000000001,-0.0068057999999999999,-0.0017723999999999991,0.0015346000000000001,-0.0011843999999999999,-0.0080128000000000005,0.0090933999999999997,9.7799999999999884e-05,-0.0032648,0.00082559999999999979,0.011783,0.0018337999999999987,-0.0044942000000000003,0.007964800000000001,0.0096506000000000005,0.0056711999999999995,0.0012817999999999998,0.0067796000000000002,-0.0042759999999999994,0.0046146,-0.0035302000000000003,0.0107802,-0.0023997999999999997,-0.014666999999999999,0.0086639999999999998,-0.0063384000000000001,0.0042500000000000003,-0.011521,-0.0063800000000000003,0.0090969999999999992,0.00010540000000000029,-0.0037187999999999995,-0.00029959999999999969,-0.015188200000000001,-0.0027866000000000002,-0.011901600000000002,-0.013831400000000001,0.00058719999999999996,-0.0063309999999999998,-0.0021356000000000005,0.012170400000000001,-0.0023294000000000001,0.00060719999999999969,-0.001157,-0.0024586,0.00053019999999999999,0.00069919999999999965,-0.0017807999999999999,0.0013036,-0.0039497999999999998,0.0011612000000000003,0.0018272,6.7199999999999682e-05,0.0036518000000000002,-0.0014381999999999997,3.7999999999999839e-05,-0.0031535999999999999,-0.0018506,-0.0029439999999999996,-0.0152324,-0.0054597999999999999,0.0069182000000000002,0.0035833999999999996,-0.0011549999999999998,0.00010700000000000032,-0.00045759999999999985,-0.0019897999999999995,-0.0040239999999999998,-0.014763199999999999,0.0048767999999999997,0.0060034000000000007,0.0077686000000000005,0.0058584000000000006,-0.0070996000000000002,0.0030410000000000003,0.0081611999999999987,0.0032434,-0.0026856000000000007,0.0098406000000000014,-0.0060546000000000003,0.0057767999999999995,-0.012535000000000001,-0.0062402000000000004,-0.0008699999999999999,-0.0091648000000000007,0.010061800000000001,-0.0013062,-0.0012467999999999999,0.0016802,-0.0027775999999999999,-0.0020539999999999998,0.0014930000000000002,-0.00068619999999999977,0.00089600000000000009,-0.0051184000000000004,0.0023770000000000002,0.0013167999999999999,-0.0023547999999999998,-0.00050920000000000002,-5.1599999999999953e-05,-0.0012215999999999998,0.0013686000000000002,0.0019587999999999997,-0.0016288000000000001,0.0038658,-0.0038853999999999998,0.0025528,-0.0024342000000000005,-0.0024478,-0.0031974000000000004,0.0025948,0.0010224000000000001,-0.00073020000000000008,0.00041200000000000047,0.0036841999999999999,0.0011335999999999998,-0.00028379999999999996,0.0012055999999999998,-0.0013205999999999999,-0.0025006,-0.0019714000000000003,0.0082509999999999997,-0.005084,0.00039959999999999996,0.0030492000000000002,0.003359,-0.0051807999999999993,-7.4000000000002883e-06,0.0010989999999999999,-0.00050379999999999956,-0.0008169999999999998,-0.0021662000000000001,0.0080395999999999992,-0.016726999999999999,0.0058478000000000002,-0.0074212000000000002,-0.011080599999999999,-0.0060999999999999995,0.0030157999999999999,-0.0029099999999999998,0.00056459999999999985,-0.0023536,3.1800000000000014e-05,8.6599999999999964e-05,-0.00013520000000000003,-0.0018482000000000001,-0.0035719999999999997,-0.0037051999999999996,-0.000156,0.0061755999999999998,0.0027193999999999999,0.0010088,0.00049660000000000047,-0.0021006000000000002,0.00033339999999999986,0.0031462,-0.0014957999999999998,-0.0012618000000000002,0.0018791999999999999,0.0012688,0.0022694,-0.0062735999999999998,0.00043999999999999974,0.0010852000000000001,-0.0046398000000000003,0.0039628000000000007,0.00092700000000000009,0.00057400000000000007,0.00073159999999999979,-0.0021673999999999994,0.0031840000000000002,-0.0030100000000000001,-0.0028486000000000002,0.0051608000000000001,-0.0014685999999999996,0.0016241999999999999,0.00057420000000000019,0.0011062000000000001,-0.0050337999999999997,-0.0030517999999999999,-0.0022246000000000002,0.0051920000000000004,-0.0052160000000000002,0.002477,-0.0019410000000000002,-0.0026367999999999999,-0.0051972000000000008,-0.00075999999999999961,-0.0050974000000000002,0.00034999999999999983,0.010372800000000001,0.0020439999999999998,0.0071992000000000002,-0.014964,0.0062798000000000003,-0.0010337999999999999,-0.00026140000000000001,0.00031719999999999996,0.0027564,-0.00085080000000000008,-0.0019217999999999998,0.00055959999999999994,0.0022891999999999999,-0.0019194000000000001,0.00054239999999999996,0.0014802000000000001,-0.0010348,0.0020517999999999999,0.00077519999999999998,-0.0015451999999999996,-0.0011609999999999999,-0.00054259999999999996,0.0032231999999999998,-0.0006425999999999999,0.0020054000000000001,-0.00086399999999999997,-6.4999999999999954e-05,-0.0014061999999999998,-0.0024362000000000003,-0.0031371999999999997,0.00087859999999999989,0.00012020000000000043,-0.0034076000000000002,0.0026134000000000005,-0.00040339999999999994,0.00065200000000000002,-0.0012172000000000001,-0.0033438000000000001,-0.0016342000000000001,-0.0012618,0.0013502,0.0015263999999999998,0.0036763999999999998,0.00066479999999999968,0.0004546000000000001,0.00028040000000000009,0.0025558,-0.0013542000000000005,-0.0012579999999999998,0.0020844000000000001,0.0059345999999999999,-0.0035317999999999999,0.0014144000000000001,0.00038840000000000023,-0.0062526000000000005,-0.0025654000000000002,-0.00018060000000000016,0.0019196000000000003,0.0050581999999999997,0.0026981999999999991,0.0011881999999999999,-0.0012705999999999998,-0.006659,0.0074900000000000001,-0.0023958,-0.0042430000000000002,0.013048799999999999,-0.0033702000000000003,-0.00056839999999999994,0.001652,0.00039020000000000005,0.0019686,-0.0017791999999999999,0.0014029999999999997,0.00088060000000000005,0.0026019999999999997,3.6400000000000017e-05,-0.00095259999999999995,0.00098700000000000003,0.0018163999999999995,-0.0019974000000000003,0.0015862000000000001,0.0010674,-0.0014339999999999999,-0.0011067999999999998,-0.0019650000000000002,0.0013054000000000002,-0.0010974000000000001,0.0013568,0.0023630000000000001,-0.00087699999999999996,-0.00032560000000000011,-0.0026568,0.00076660000000000009,-0.00086140000000000001,0.00099659999999999983,0.00016060000000000022,0.00095119999999999981,-0.0025448000000000003,-0.00096000000000000002,-0.0017099999999999999,0.0031267999999999999,0.0014494,0.0010092,0.0022918000000000001,-0.0014258000000000001,-0.0010471999999999999,-0.00099419999999999999,-0.00099720000000000017,-5.6000000000001361e-06,0.0010426000000000003,0.00094180000000000002,-0.0029342000000000005,-0.0021157999999999997,0.0019363999999999998,9.7999999999999129e-06,0.0013566000000000001,0.00020600000000000016,0.00025799999999999977,0.0013166,0.0031114000000000003,-0.00048920000000000007,-0.0014643999999999998,0.00056239999999999979,0.0003522000000000001,0.0019041999999999998,9.2600000000000191e-05,0.0011558,0.0041727999999999999,-0.0022604000000000001,0.0018825999999999999,0.00021639999999999984,-0.0027426000000000004,0.0045512,-0.0028505999999999996,0.0025722000000000002,-0.0020655999999999999,0.00059599999999999996,0.00070439999999999999,-0.0014629999999999999,-0.0015964,0.00070620000000000014,-1.7800000000000053e-05,0.00062999999999999992,-0.0018881999999999998,-0.00030480000000000004,-0.00052459999999999996,0.00024179999999999997,0.0010748000000000001,-0.0025074000000000003,-0.0019724,0.0016877999999999997,0.00080800000000000002,0.00052320000000000003,0.00083740000000000008,-0.0019542000000000001,0.0012306000000000001,-0.00015800000000000013,-8.4000000000000144e-06,-0.0011076,-0.0010103999999999998,0.00073119999999999999,-0.0012087999999999999,0.00016680000000000015,0.0010648000000000001,-0.0011806,-0.00089980000000000008,-8.7800000000000047e-05,0.00036960000000000004,-0.00064959999999999996,0.00043780000000000002,0.00074559999999999991,0.0011668,0.00083900000000000001,0.00011359999999999994,-0.00054600000000000015,6.2399999999999999e-05,0.0013172000000000001,-0.0025092000000000001,4.6000000000000251e-05,0.002042,-0.00092000000000000003,8.2000000000000909e-06,-0.0023870000000000002,0.00040520000000000015,-0.0010254000000000001,-0.00031600000000000004,-0.0014275999999999998,0.00072820000000000003,-0.0017420000000000001,0.0026614,-0.0015341999999999999,-0.0015038000000000004,0.0015433999999999999,-0.0034264000000000005,-0.0011316,0.0010029999999999998,-0.00092980000000000027,0.00037280000000000039,-0.0028606,3.4599999999999648e-05,0.0016468000000000001,-0.0019069999999999998,-0.0015483999999999999,-0.00026680000000000009,0.00082999999999999968,0.0068751999999999997,0.0024457999999999997,0.001134,0.0007507999999999996,-0.0071721999999999984,0.0020138000000000001
aug_between_class_right_pair0015_child06,TLE,1,1,Augmented,0,0,0,0,0,0.29644880000000001,2.0323811000000003,-3.9999999999999988e-07,0,-6.9999999999999976e-07,1.0129417999999999,0,0.038005200000000003,-0.16121869999999999,0.026935300000000002,0.057212100000000002,-0.0442409,0.0585455,0.020584900000000003,0.018530700000000001,-0.025828199999999999,-0.087143700000000004,0.40352509999999997,-0.07699410000000001,-0.0047464000000000056,0.0940169,0.012584100000000001,-0.0127624,-0.0034965999999999999,-0.050648400000000003,0.034740599999999996,0.033618000000000002,-0.034723699999999996,0.0036569000000000003,-0.096169399999999988,0.023621900000000001,0.037575700000000004,-0.016121400000000001,0.012423599999999998,0.016139199999999999,-0.034428199999999999,0.037613899999999999,-0.057846800000000004,-0.034891400000000003,0.10126979999999999,-0.017988600000000004,0.21126849999999997,-0.052132200000000004,0.013135899999999999,-0.0024294999999999998,-0.0023411000000000005,-0.021204000000000001,-0.0092353000000000018,0.030735200000000001,-0.0052269999999999999,-0.013515099999999999,-0.017655999999999998,-0.026133900000000002,0.0082628000000000007,0.019359300000000003,0.025802200000000001,0.016507400000000002,-0.0020161000000000007,-0.00073550000000000015,0.0130896,-0.046176599999999998,0.0047661000000000005,0.0010679999999999997,-0.00096519999999999983,0.024137800000000001,-0.083848300000000001,-0.0130499,-0.033293400000000001,-0.018620400000000002,0.017719700000000001,0.0012281000000000002,0.0015761000000000004,0.018725700000000001,0.010922499999999998,0.0053062999999999999,-0.0049267000000000009,0.0068515,0.0067234,0.0012572999999999998,-0.0014347000000000006,0.0031002,-0.0144806,0.0004902000000000001,0.0068839000000000001,0.010783299999999999,-0.0152176,-0.022169899999999999,0.014755900000000001,-0.0201595,-0.0053968999999999996,-0.0043907999999999994,-0.0025550999999999998,-0.002385599999999999,-0.012796600000000002,-0.0081408000000000001,0.012622000000000001,-0.018665399999999999,0.0030168,0.029479600000000002,0.0048804999999999994,0.0419543,-0.0071036000000000007,-0.0031597999999999995,0.0014112,-0.00091179999999999994,-0.0082670999999999994,0.008863300000000001,0.00035860000000000058,-0.0043870999999999997,0.00059670000000000025,0.011823,0.0015445999999999997,-0.0041533999999999998,0.0085190999999999999,0.0089817000000000022,0.0061253999999999996,0.0017320999999999999,0.0065421999999999998,-0.0042245,0.0046722000000000005,-0.0034528999999999996,0.0111314,-0.0027025999999999999,-0.014569,0.0088275000000000003,-0.0063052999999999998,0.0036540000000000001,-0.012335499999999999,-0.0062870000000000009,0.0083169999999999997,4.800000000000984e-06,-0.0043180999999999992,-0.00073419999999999985,-0.016038400000000001,-0.0023517000000000004,-0.0118782,-0.0141703,0.0011579000000000001,-0.0063410000000000003,-0.0013622000000000007,0.011452799999999999,-0.0022477999999999999,0.00076939999999999984,-0.001106,-0.0025262000000000001,0.00059289999999999994,0.00015839999999999984,-0.0020600999999999996,0.0012837,-0.0042161000000000004,0.0011639,0.0015719,0.00011889999999999969,0.0033311,-0.0018428999999999997,4.4999999999999901e-05,-0.0030612,-0.0020896999999999999,-0.002725,-0.015413800000000002,-0.0055106,0.0071804,0.0039142999999999999,-0.0013819999999999998,-0.00010899999999999972,-0.0010511999999999997,-0.0015720999999999999,-0.0040859999999999994,-0.0143914,0.0059010999999999994,0.0063873000000000003,0.0080631999999999995,0.0059088000000000005,-0.0074562000000000005,0.0023325000000000004,0.0092303999999999997,0.0031393000000000003,-0.0026082000000000002,0.0101447,-0.0054137000000000005,0.0057975999999999991,-0.013577500000000001,-0.0052754000000000004,-0.001346499999999999,-0.008950099999999999,0.011624600000000001,-0.0014683999999999999,-0.0012206000000000001,0.0018434,-0.0025371999999999999,-0.0022304999999999998,0.0016560000000000001,-0.00088789999999999974,0.00083050000000000007,-0.0054462999999999994,0.0025890000000000002,0.0016940999999999998,-0.0023000999999999998,-0.00026740000000000005,-0.00012219999999999996,-0.0014227,0.0011827000000000005,0.0024330999999999997,-0.0020260999999999999,0.0039331000000000001,-0.0037632999999999998,0.0023131000000000002,-0.0023104000000000011,-0.0026385999999999996,-0.0027523000000000005,0.0028365999999999999,0.00096580000000000017,-0.00078890000000000004,-4.099999999999937e-05,0.0035199000000000003,0.0015591999999999997,-0.00042059999999999982,0.0013761999999999999,-0.0013051999999999998,-0.0024137,-0.0024508000000000004,0.0086560000000000005,-0.0051679999999999999,0.00075269999999999981,0.0028999000000000004,0.0039430000000000003,-0.006022099999999999,-0.00024280000000000005,0.0011479999999999999,-0.0009680999999999993,-0.00055500000000000015,-0.0023229000000000001,0.0092071999999999987,-0.017862000000000003,0.0055320999999999999,-0.0079133999999999993,-0.012328199999999999,-0.0066979999999999991,0.0029096,-0.0029169999999999999,0.00048369999999999999,-0.0025211999999999999,-2.1899999999999828e-05,0.0002477,0.00015459999999999985,-0.0018124,-0.003666,-0.0035734,-4.0000000000000837e-06,0.0064551999999999995,0.0023603000000000001,0.00081360000000000004,0.00044570000000000026,-0.0018146999999999998,0.00068879999999999983,0.0028589000000000002,-0.0021235999999999998,-0.0013396,0.0019294,0.0011916000000000001,0.0021028000000000002,-0.0062077,0.00095999999999999948,0.00065540000000000032,-0.0044056000000000008,0.0043121000000000001,0.00069900000000000019,0.00031100000000000008,0.0010272,-0.0025962999999999997,0.0030325,-0.0031194999999999999,-0.0030802,0.0050191000000000003,-0.0020016999999999995,0.0016368999999999999,0.00017190000000000044,0.00075440000000000034,-0.0046040999999999999,-0.0032700999999999997,-0.0022202000000000003,0.0049230000000000003,-0.005006,0.0023785000000000004,-0.0015235000000000003,-0.0034065999999999996,-0.0049719000000000005,-0.0013059999999999997,-0.0045967999999999998,0.00031749999999999986,0.0093731000000000005,0.0022669999999999999,0.0068874000000000001,-0.0149515,0.0069086000000000009,-0.0011435999999999998,-0.00042130000000000005,0.00033539999999999997,0.0028872999999999998,-0.00081910000000000012,-0.0020520999999999994,0.00056769999999999998,0.0025073999999999999,-0.0020918,0.00077479999999999986,0.0011434000000000004,-0.00092960000000000004,0.0021416,0.00095640000000000005,-0.0013934000000000002,-0.0013949999999999998,-0.00048420000000000001,0.0034943999999999999,-0.00066620000000000004,0.0021938000000000001,-0.00070899999999999999,-0.00025099999999999981,-0.0014873999999999998,-0.0023449,-0.0030353999999999997,0.00092269999999999993,-0.00032959999999999955,-0.0034001999999999999,0.0023543000000000006,-0.00049629999999999997,0.00073449999999999991,-0.0013768999999999999,-0.0034921000000000006,-0.0017814,-0.0012211000000000001,0.0017073999999999995,0.0018467999999999998,0.0035723,0.0010980999999999999,0.00073120000000000021,0.00020779999999999996,0.0026421000000000001,-0.00088590000000000045,-0.0017999999999999993,0.0017643000000000001,0.0062701999999999992,-0.0036211000000000004,0.0015862999999999997,-0.00022369999999999975,-0.0061102000000000005,-0.0025287999999999999,-0.00060820000000000015,0.0020371999999999994,0.0049288999999999999,0.0028283999999999996,0.0015073999999999999,-0.0017756999999999998,-0.0071070000000000005,0.0076474999999999998,-0.0028471,-0.0041780000000000003,0.013467099999999999,-0.0032974000000000002,-0.00059429999999999997,0.0016094999999999998,0.00042789999999999999,0.0018042000000000002,-0.0019199,0.0017044999999999999,0.0011081999999999999,0.0027399999999999998,0.00017079999999999995,-0.0010221999999999998,0.00098950000000000015,0.0019287999999999998,-0.0020163000000000004,0.0017434,0.0012163,-0.0016105,-0.00075710000000000013,-0.0019124999999999999,0.0011508000000000002,-0.0012143,0.0013951,0.0023500000000000001,-0.00079350000000000004,-0.00027570000000000014,-0.0025376000000000001,0.00059270000000000015,-0.00094079999999999988,0.0012816999999999998,-5.9299999999999761e-05,0.0011168999999999999,-0.0028335999999999999,-0.00076750000000000017,-0.0015150000000000001,0.0033460999999999994,0.0014667999999999999,0.0012493999999999999,0.0022185999999999998,-0.0016641,-0.0010713999999999997,-0.00094640000000000002,-0.00072339999999999991,0.0002212999999999998,0.0012232000000000002,0.0008091000000000001,-0.0026844,-0.0023095999999999998,0.0018387999999999998,7.1600000000000006e-05,0.0014277000000000003,3.8500000000000177e-05,0.00046849999999999995,0.0010732000000000001,0.0030368000000000001,-0.00051890000000000009,-0.0016632999999999999,8.1800000000000037e-05,0.00067390000000000017,0.0025418999999999997,-0.00062879999999999967,0.0011116000000000001,0.0038566,-0.0022767999999999998,0.0017271999999999999,-0.00026119999999999995,-0.002029700000000001,0.0046968999999999995,-0.0032596999999999995,0.0024489000000000004,-0.0021961999999999997,0.00065550000000000005,0.00057880000000000008,-0.0015070000000000001,-0.0015742999999999998,0.00054040000000000013,3.7399999999999988e-05,0.00053200000000000003,-0.0020119000000000001,-0.00028760000000000005,-0.00059669999999999992,0.00036709999999999992,0.0010646,-0.0022667999999999998,-0.0020017999999999998,0.0019035999999999997,0.00076100000000000007,0.00051840000000000002,0.00076230000000000004,-0.0018549,0.0012761999999999999,-3.2500000000000085e-05,0.00011219999999999996,-0.00088670000000000003,-0.0012772999999999999,0.00076889999999999999,-0.0013016,-4.6399999999999935e-05,0.0011286,-0.0008922,-0.00080159999999999997,9.9399999999999868e-05,0.00047419999999999987,-0.00078870000000000003,0.00046359999999999999,0.00089519999999999986,0.0013871000000000001,0.00090900000000000009,0.00014820000000000002,-0.00035850000000000015,0.00020529999999999995,0.0010049000000000002,-0.0024849,-0.00033049999999999941,0.0022115000000000004,-0.00078500000000000011,-5.0600000000000037e-05,-0.0024375,0.00038890000000000013,-0.0014512999999999998,-0.00029950000000000002,-0.0017336999999999995,0.00073789999999999999,-0.0017564999999999998,0.0026487999999999998,-0.0017128999999999998,-0.0017261000000000004,0.0012923000000000001,-0.0035257999999999999,-0.0010232000000000002,0.00094600000000000001,-0.00068060000000000039,-0.00012739999999999974,-0.0026707000000000002,0.0002496999999999994,0.0015061000000000002,-0.0016540000000000001,-0.0016487999999999997,-0.00052809999999999999,0.0011614999999999998,0.0073039000000000003,0.0028051000000000013,0.0010195,0.0010850999999999996,-0.0073028999999999993,0.0019786000000000001
aug_between_class_right_pair0015_child07,TLE,1,1,Augmented,0,0,0,0,0,0.29787720000000001,2.0506953999999999,-5.9999999999999997e-07,0,-7.9999999999999965e-07,1.0082271999999999,0,0.038643799999999999,-0.16268679999999999,0.025566200000000001,0.058628400000000004,-0.044412599999999997,0.058868000000000004,0.019907600000000001,0.016460800000000001,-0.0264858,-0.08854780000000001,0.40811839999999999,-0.074513400000000007,0.0013624000000000015,0.094681600000000005,0.0090743999999999964,-0.0121966,-0.0028673999999999995,-0.049627600000000001,0.036391399999999997,0.033216000000000002,-0.033358800000000001,0.0024965999999999999,-0.096083599999999991,0.022989599999999999,0.037504800000000005,-0.0172906,0.0138674,0.015597799999999998,-0.036301800000000002,0.036759599999999996,-0.057104200000000001,-0.033572600000000001,0.1004732,-0.0147984,0.21114899999999998,-0.051476800000000003,0.0135756,-0.0028530000000000005,-0.0019313999999999998,-0.021708000000000002,-0.0079211999999999998,0.030529799999999999,-0.0052709999999999996,-0.0129394,-0.018620000000000001,-0.0260366,0.007924200000000001,0.019669200000000001,0.026416800000000001,0.016611600000000001,-0.0027334000000000004,-0.00030199999999999981,0.0130054,-0.044654399999999997,0.0040743999999999997,0.0013500000000000001,-0.0012748000000000002,0.024909199999999999,-0.082999199999999995,-0.0147566,-0.034021599999999999,-0.019605600000000001,0.0177678,0.0010674,0.0012043999999999998,0.0182358,0.010409999999999999,0.0054952000000000004,-0.0045947999999999996,0.0070540000000000004,0.0069585999999999997,0.0010211999999999995,-0.0010638000000000002,0.0037298000000000006,-0.014428400000000001,-1.4200000000000237e-05,0.0075416000000000007,0.011909199999999998,-0.0158564,-0.0219186,0.015118599999999999,-0.020604000000000001,-0.0052366000000000001,-0.0049221999999999998,-0.0028923999999999998,-0.0028044000000000003,-0.0120704,-0.0083861999999999999,0.011193999999999999,-0.018496600000000002,0.0031692000000000001,0.027914399999999999,0.0062890000000000003,0.042358199999999999,-0.0074014000000000007,-0.0045471999999999995,0.0012878,-0.00063919999999999971,-0.0085213999999999984,0.0086332000000000006,0.00061939999999999912,-0.0055093999999999994,0.00036779999999999983,0.011862999999999999,0.0012553999999999998,-0.0038126000000000002,0.0090734000000000006,0.0083128000000000004,0.0065795999999999997,0.0021824000000000001,0.0063047999999999993,-0.0041729999999999996,0.0047298000000000001,-0.0033755999999999994,0.011482600000000001,-0.0030054000000000001,-0.014470999999999999,0.008990999999999999,-0.0062722000000000003,0.003058,-0.01315,-0.0061939999999999999,0.0075369999999999994,-9.5800000000000052e-05,-0.0049174000000000006,-0.0011688000000000002,-0.0168886,-0.0019168000000000002,-0.0118548,-0.014509200000000002,0.0017286000000000003,-0.0063509999999999999,-0.00058879999999999978,0.0107352,-0.0021662000000000001,0.00093159999999999998,-0.0010549999999999999,-0.0025938000000000003,0.0006556,-0.0003824000000000004,-0.0023394000000000002,0.0012638,-0.004482400000000001,0.0011666000000000003,0.0013165999999999998,0.00017059999999999992,0.0030103999999999999,-0.0022476000000000002,5.2000000000000397e-05,-0.0029687999999999997,-0.0023287999999999998,-0.0025059999999999995,-0.0155952,-0.0055614000000000002,0.0074426000000000006,0.0042452000000000002,-0.0016089999999999998,-0.0003250000000000002,-0.0016448000000000001,-0.0011543999999999999,-0.0041479999999999998,-0.0140196,0.0069253999999999991,0.0067711999999999998,0.0083578000000000003,0.0059592000000000004,-0.0078128,0.0016239999999999998,0.010299599999999999,0.0030352000000000001,-0.0025307999999999997,0.010448800000000001,-0.0047727999999999998,0.0058183999999999996,-0.014620000000000001,-0.0043105999999999995,-0.0018229999999999993,-0.0087353999999999991,0.013187400000000002,-0.0016306000000000003,-0.0011944,0.0020065999999999999,-0.0022967999999999999,-0.0024070000000000003,0.0018190000000000003,-0.0010896,0.00076499999999999984,-0.0057742000000000002,0.0028010000000000005,0.0020714000000000002,-0.0022453999999999998,-2.5599999999999796e-05,-0.00019280000000000002,-0.0016237999999999999,0.00099679999999999994,0.0029074000000000001,-0.0024234,0.0040003999999999994,-0.0036411999999999998,0.0020734,-0.0021866000000000003,-0.0028294000000000001,-0.0023071999999999997,0.0030784000000000002,0.0009092000000000002,-0.0008476,-0.00049399999999999986,0.0033555999999999998,0.0019847999999999997,-0.00055739999999999989,0.0015468000000000001,-0.0012898,-0.0023268,-0.0029302,0.0090609999999999996,-0.0052520000000000006,0.0011058000000000001,0.0027505999999999997,0.0045270000000000006,-0.0068634000000000004,-0.00047820000000000024,0.0011970000000000001,-0.0014323999999999997,-0.00029299999999999986,-0.0024796000000000002,0.010374800000000002,-0.018997000000000003,0.0052163999999999995,-0.0084056000000000009,-0.013575799999999999,-0.0072959999999999995,0.0028034000000000002,-0.0029240000000000004,0.00040279999999999992,-0.0026887999999999999,-7.5600000000000103e-05,0.00040880000000000007,0.00044440000000000012,-0.0017765999999999999,-0.0037599999999999999,-0.0034416,0.00014800000000000002,0.0067347999999999991,0.0020011999999999999,0.00061839999999999985,0.00039480000000000006,-0.0015287999999999999,0.0010442000000000003,0.0025715999999999998,-0.0027514000000000006,-0.0014173999999999999,0.0019795999999999998,0.0011144,0.0019361999999999999,-0.0061417999999999993,0.00148,0.00022559999999999985,-0.0041714000000000005,0.0046614000000000013,0.00047100000000000006,4.7999999999999974e-05,0.0013228000000000001,-0.0030252000000000005,0.0028809999999999999,-0.0032290000000000001,-0.0033117999999999997,0.0048773999999999996,-0.0025347999999999998,0.0016496,-0.00023039999999999996,0.00040260000000000014,-0.0041744,-0.0034884,-0.0022158,0.0046540000000000002,-0.0047959999999999999,0.0022799999999999999,-0.0011059999999999998,-0.0041764000000000003,-0.0047466000000000001,-0.0018520000000000006,-0.0040961999999999995,0.00028499999999999988,0.0083733999999999996,0.00249,0.0065755999999999992,-0.014939000000000001,0.0075374000000000014,-0.0012534,-0.00058120000000000003,0.00035360000000000003,0.0030182000000000004,-0.00078739999999999995,-0.0021824000000000001,0.00057580000000000001,0.0027255999999999999,-0.0022642000000000001,0.0010072,0.00080659999999999987,-0.00082439999999999987,0.0022314000000000001,0.0011376000000000001,-0.0012416,-0.0016289999999999998,-0.0004258,0.0037656,-0.00068980000000000018,0.0023822000000000001,-0.00055399999999999991,-0.00043700000000000021,-0.0015685999999999999,-0.0022535999999999997,-0.0029335999999999997,0.00096679999999999997,-0.00077940000000000019,-0.0033927999999999996,0.0020951999999999998,-0.00058920000000000001,0.00081700000000000002,-0.0015365999999999999,-0.0036404000000000002,-0.0019286000000000001,-0.0011804000000000001,0.0020645999999999998,0.0021672000000000002,0.0034681999999999998,0.0015314000000000005,0.0010078000000000003,0.00013520000000000003,0.0027284000000000002,-0.0004175999999999999,-0.0023419999999999999,0.0014441999999999997,0.0066057999999999993,-0.0037104,0.0017582000000000001,-0.00083580000000000047,-0.0059677999999999997,-0.0024922,-0.0010358000000000003,0.0021548000000000001,0.0047995999999999994,0.0029586,0.0018266000000000003,-0.0022808000000000004,-0.007555000000000001,0.0078050000000000003,-0.0032983999999999999,-0.0041130000000000003,0.013885399999999999,-0.0032246000000000002,-0.0006202,0.001567,0.00046559999999999999,0.0016397999999999999,-0.0020606000000000001,0.002006,0.0013358000000000003,0.0028780000000000003,0.00030520000000000005,-0.0010918000000000002,0.00099200000000000004,0.0020412,-0.0020352000000000005,0.0019006000000000001,0.0013652,-0.001787,-0.00040739999999999977,-0.0018600000000000001,0.00099620000000000004,-0.0013312,0.0014334,0.0023370000000000001,-0.00070999999999999991,-0.00022580000000000007,-0.0024184000000000002,0.00041879999999999988,-0.0010202000000000002,0.0015668000000000001,-0.00027920000000000012,0.0012826000000000001,-0.0031224,-0.00057499999999999999,-0.0013199999999999998,0.0035654000000000003,0.0014841999999999998,0.0014895999999999998,0.0021454,-0.0019024000000000003,-0.0010956000000000004,-0.00089859999999999994,-0.00044959999999999987,0.00044820000000000016,0.0014038000000000004,0.00067639999999999996,-0.0024345999999999999,-0.0025034000000000002,0.0017411999999999998,0.00013340000000000004,0.0014988000000000004,-0.00012900000000000005,0.00067900000000000013,0.0008297999999999999,0.0029621999999999999,-0.00054860000000000011,-0.0018622000000000001,-0.00039880000000000037,0.00099560000000000056,0.0031796000000000003,-0.0013502000000000002,0.0010674,0.0035404,-0.0022932,0.0015717999999999999,-0.00073880000000000039,-0.0013168000000000003,0.004842599999999999,-0.0036687999999999994,0.0023256000000000001,-0.0023268,0.00071500000000000014,0.00045319999999999996,-0.0015509999999999999,-0.0015522000000000001,0.0003746,9.259999999999992e-05,0.00043399999999999992,-0.0021356000000000001,-0.00027039999999999996,-0.00066879999999999999,0.00049240000000000004,0.0010544,-0.0020262000000000001,-0.0020311999999999999,0.0021194,0.00071400000000000001,0.00051360000000000002,0.00068720000000000001,-0.0017556000000000002,0.0013218000000000001,9.3000000000000038e-05,0.00023280000000000008,-0.00066579999999999992,-0.0015442000000000003,0.00080659999999999998,-0.0013944000000000001,-0.00025960000000000013,0.0011924000000000001,-0.00060379999999999982,-0.00070339999999999986,0.00028660000000000008,0.00057880000000000008,-0.00092780000000000011,0.00048940000000000008,0.0010448,0.0016074000000000001,0.00097899999999999984,0.0001828,-0.00017099999999999993,0.00034820000000000001,0.00069259999999999992,-0.0024606000000000003,-0.00070699999999999995,0.0023810000000000007,-0.00064999999999999997,-0.00010939999999999995,-0.0024879999999999998,0.00037260000000000011,-0.0018772000000000003,-0.00028299999999999999,-0.0020398,0.00074759999999999996,-0.001771,0.0026362,-0.0018916000000000002,-0.0019484000000000003,0.0010411999999999999,-0.0036251999999999994,-0.0009147999999999999,0.00088899999999999982,-0.00043139999999999997,-0.00062760000000000051,-0.0024808,0.00046480000000000002,0.0013653999999999999,-0.0014009999999999999,-0.0017491999999999998,-0.00078940000000000032,0.001493,0.0077326000000000009,0.0031644000000000012,0.00090499999999999977,0.0014194000000000001,-0.0074335999999999985,0.0019434000000000001
aug_between_class_right_pair0015_child08,TLE,1,1,Augmented,0,0,0,0,0,0.2993056,2.0690097000000001,-7.9999999999999996e-07,0,-8.9999999999999975e-07,1.0035125999999999,0,0.039282400000000002,-0.16415489999999999,0.024197099999999999,0.060044699999999999,-0.0445843,0.059190500000000007,0.019230300000000002,0.0143909,-0.027143399999999998,-0.089951900000000001,0.41271170000000001,-0.072032700000000005,0.0074712000000000008,0.095346299999999995,0.0055646999999999988,-0.0116308,-0.0022381999999999997,-0.048606800000000006,0.038042199999999998,0.032814000000000003,-0.031993899999999999,0.0013362999999999999,-0.095997799999999994,0.0223573,0.037433899999999999,-0.018459800000000002,0.015311199999999999,0.015056400000000001,-0.038175399999999998,0.035905300000000001,-0.056361600000000005,-0.032253799999999999,0.09967659999999999,-0.011608200000000003,0.21102949999999998,-0.050821400000000003,0.014015300000000001,-0.0032764999999999999,-0.0015217,-0.022211999999999999,-0.0066071000000000003,0.030324400000000001,-0.0053150000000000003,-0.0123637,-0.019584000000000001,-0.025939300000000002,0.0075855999999999996,0.019979100000000003,0.027031400000000001,0.016715800000000003,-0.003450700000000001,0.00013150000000000005,0.012921199999999999,-0.043132200000000002,0.0033826999999999998,0.001632,-0.0015844000000000001,0.025680600000000001,-0.082150100000000004,-0.0164633,-0.034749800000000004,-0.020590800000000003,0.017815900000000003,0.0009067000000000003,0.00083270000000000002,0.017745900000000002,0.0098975,0.0056841000000000001,-0.0042629,0.0072564999999999999,0.0071938000000000002,0.00078509999999999995,-0.0006929000000000002,0.0043594000000000003,-0.0143762,-0.00051860000000000057,0.0081992999999999996,0.013035100000000001,-0.016495200000000002,-0.0216673,0.0154813,-0.021048500000000001,-0.0050763000000000006,-0.0054535999999999994,-0.0032296999999999998,-0.003223199999999999,-0.0113442,-0.0086315999999999997,0.0097660000000000004,-0.018327800000000002,0.0033216000000000001,0.0263492,0.0076975000000000003,0.042762099999999997,-0.0076992000000000007,-0.0059345999999999999,0.0011644000000000001,-0.00036659999999999991,-0.0087756999999999991,0.0084031000000000002,0.00088019999999999939,-0.0066316999999999999,0.00013890000000000007,0.011903,0.00096619999999999996,-0.0034718000000000001,0.0096276999999999995,0.0076439000000000003,0.0070337999999999998,0.0026327,0.0060673999999999997,-0.0041215000000000002,0.0047874000000000007,-0.0032983000000000001,0.0118338,-0.0033081999999999999,-0.014372999999999999,0.0091544999999999994,-0.0062390999999999992,0.0024619999999999998,-0.013964500000000001,-0.0061010000000000005,0.0067569999999999991,-0.00019640000000000022,-0.0055167000000000002,-0.0016034000000000001,-0.017738800000000002,-0.0014818999999999995,-0.011831400000000001,-0.014848100000000001,0.0022993000000000002,-0.0063609999999999995,0.00018460000000000015,0.0100176,-0.0020845999999999998,0.0010937999999999998,-0.0010039999999999999,-0.0026614,0.00071830000000000006,-0.00092320000000000032,-0.0026186999999999998,0.0012439,-0.0047487000000000007,0.0011693000000000001,0.0010612999999999998,0.00022229999999999993,0.0026896999999999997,-0.0026522999999999998,5.9000000000000458e-05,-0.0028763999999999999,-0.0025679000000000001,-0.002287,-0.015776600000000002,-0.0056121999999999995,0.0077048000000000004,0.0045760999999999996,-0.001836,-0.00054100000000000025,-0.0022384000000000002,-0.00073669999999999899,-0.0042100000000000002,-0.013647799999999998,0.0079497000000000005,0.007155100000000001,0.0086523999999999993,0.0060096000000000004,-0.0081694000000000003,0.00091549999999999997,0.0113688,0.0029310999999999999,-0.0024534000000000005,0.010752900000000001,-0.0041319,0.0058391999999999993,-0.015662500000000003,-0.0033457999999999995,-0.0022994999999999995,-0.0085206999999999991,0.014750200000000002,-0.0017928000000000002,-0.0011681999999999999,0.0021698000000000004,-0.0020563999999999999,-0.0025834999999999999,0.0019820000000000003,-0.0012912999999999996,0.00069950000000000025,-0.0061021000000000001,0.0030130000000000009,0.0024486999999999998,-0.0021906999999999999,0.00021620000000000011,-0.00026340000000000001,-0.0018248999999999995,0.00081089999999999982,0.0033817000000000005,-0.0028206999999999998,0.0040676999999999996,-0.0035190999999999998,0.0018336999999999997,-0.0020628000000000001,-0.0030201999999999998,-0.0018621000000000002,0.0033202000000000001,0.00085260000000000023,-0.00090630000000000007,-0.00094699999999999971,0.0031913000000000002,0.0024104,-0.00069419999999999996,0.0017174,-0.0012744,-0.0022399,-0.0034096000000000005,0.0094659999999999987,-0.0053360000000000005,0.0014589000000000004,0.0026013,0.005111000000000001,-0.0077047000000000001,-0.00071360000000000043,0.0012459999999999999,-0.0018966999999999992,-3.0999999999999778e-05,-0.0026363000000000003,0.0115424,-0.020132000000000004,0.0049006999999999992,-0.0088978000000000008,-0.014823399999999999,-0.007894,0.0026971999999999999,-0.0029309999999999996,0.00032189999999999996,-0.0028563999999999998,-0.00012929999999999994,0.00056990000000000003,0.00073420000000000017,-0.0017408,-0.0038539999999999998,-0.0033097999999999999,0.00030000000000000003,0.0070144000000000005,0.0016421000000000001,0.00042319999999999999,0.00034390000000000007,-0.0012428999999999999,0.0013996000000000002,0.0022843,-0.0033792000000000002,-0.0014952000000000001,0.0020298,0.0010372000000000001,0.0017696000000000001,-0.0060758999999999995,0.002,-0.0002042000000000003,-0.0039372000000000001,0.0050107000000000007,0.00024299999999999973,-0.00021500000000000013,0.0016183999999999999,-0.0034540999999999999,0.0027295000000000002,-0.0033384999999999999,-0.0035434000000000004,0.0047356999999999998,-0.0030678999999999997,0.0016623,-0.00063269999999999993,5.0799999999999934e-05,-0.0037446999999999997,-0.0037066999999999998,-0.0022114000000000001,0.004385,-0.0045859999999999998,0.0021815000000000003,-0.00068849999999999988,-0.0049462000000000004,-0.0045213000000000007,-0.0023979999999999991,-0.0035956,0.00025249999999999969,0.0073737000000000004,0.0027130000000000001,0.0062637999999999999,-0.014926499999999999,0.0081662000000000019,-0.0013632,-0.00074110000000000007,0.00037179999999999998,0.0031491000000000002,-0.00075569999999999999,-0.0023127,0.00058389999999999994,0.0029437999999999999,-0.0024366000000000001,0.0012396,0.00046979999999999993,-0.00071919999999999992,0.0023211999999999998,0.0013188,-0.0010897999999999999,-0.0018629999999999999,-0.00036739999999999999,0.0040367999999999992,-0.0007134000000000001,0.0025706000000000001,-0.00039899999999999994,-0.00062300000000000018,-0.0016497999999999999,-0.0021622999999999998,-0.0028317999999999998,0.0010108999999999999,-0.0012292,-0.0033854000000000002,0.0018361000000000002,-0.00068209999999999994,0.00089949999999999991,-0.0016963,-0.0037887000000000003,-0.0020758,-0.0011397,0.0024218,0.0024876000000000004,0.0033641000000000001,0.0019646999999999998,0.0012844000000000002,6.2599999999999895e-05,0.0028146999999999998,5.0700000000000047e-05,-0.0028839999999999998,0.0011240999999999998,0.0069413999999999995,-0.0037997000000000005,0.0019301000000000001,-0.0014479000000000002,-0.0058253999999999997,-0.0024555999999999996,-0.0014634000000000006,0.0022723999999999999,0.0046702999999999996,0.0030887999999999996,0.0021458000000000002,-0.0027859,-0.0080029999999999997,0.0079625000000000008,-0.0037496999999999999,-0.0040480000000000004,0.014303699999999999,-0.0031518000000000002,-0.00064610000000000004,0.0015244999999999998,0.00050330000000000004,0.0014754,-0.0022013000000000002,0.0023075000000000005,0.0015633999999999999,0.003016,0.00043960000000000006,-0.0011614000000000001,0.00099450000000000016,0.0021535999999999994,-0.0020541000000000001,0.0020577999999999998,0.0015141,-0.0019635,-5.7699999999999885e-05,-0.0018075000000000001,0.00084160000000000007,-0.0014480999999999999,0.0014717,0.0023240000000000001,-0.00062649999999999989,-0.00017589999999999999,-0.0022992000000000004,0.00024489999999999994,-0.0010996000000000001,0.0018519000000000001,-0.00049910000000000004,0.0014483,-0.0034112000000000001,-0.00038250000000000003,-0.0011249999999999999,0.0037847000000000002,0.0015015999999999996,0.0017298000000000001,0.0020721999999999997,-0.0021407000000000002,-0.0011197999999999998,-0.00085079999999999997,-0.00017579999999999983,0.00067509999999999966,0.0015844000000000008,0.00054370000000000004,-0.0021847999999999998,-0.0026972000000000003,0.0016436000000000001,0.00019520000000000003,0.0015699000000000002,-0.00029649999999999983,0.00088949999999999988,0.00058639999999999994,0.0028875999999999997,-0.00057830000000000012,-0.0020610999999999997,-0.00087940000000000013,0.0013173000000000004,0.0038173,-0.0020715999999999998,0.0010231999999999999,0.0032242,-0.0023096000000000002,0.0014164,-0.0012164000000000001,-0.00060390000000000053,0.0049882999999999993,-0.0040779000000000006,0.0022022999999999999,-0.0024574000000000002,0.00077450000000000001,0.00032759999999999994,-0.0015950000000000001,-0.0015300999999999999,0.00020880000000000001,0.00014780000000000007,0.00033599999999999998,-0.0022593000000000001,-0.00025320000000000008,-0.00074090000000000007,0.00061770000000000011,0.0010441999999999999,-0.0017856,-0.0020606000000000001,0.0023351999999999999,0.00066699999999999995,0.0005087999999999999,0.00061209999999999997,-0.0016563000000000001,0.0013674,0.00021849999999999989,0.00035340000000000008,-0.00044489999999999992,-0.0018110999999999999,0.00084429999999999998,-0.0014871999999999999,-0.0004728,0.0012562000000000001,-0.00031539999999999991,-0.00060519999999999997,0.00047380000000000002,0.00068340000000000002,-0.0010669000000000002,0.00051520000000000005,0.0011944,0.0018276999999999998,0.0010489999999999998,0.00021739999999999986,1.6499999999999913e-05,0.00049110000000000007,0.00038029999999999997,-0.0024363000000000002,-0.0010835,0.0025505000000000002,-0.00051500000000000005,-0.00016820000000000008,-0.0025385,0.00035629999999999999,-0.0023031000000000002,-0.00026649999999999997,-0.0023458999999999993,0.00075730000000000003,-0.0017854999999999998,0.0026236000000000002,-0.0020703000000000002,-0.0021707000000000007,0.00079009999999999996,-0.0037245999999999998,-0.00080639999999999998,0.00083199999999999995,-0.00018219999999999998,-0.0011277999999999998,-0.0022909000000000002,0.00067989999999999978,0.0012247,-0.0011479999999999999,-0.0018495999999999999,-0.0010507000000000003,0.0018244999999999999,0.0081612999999999998,0.0035237000000000003,0.00079049999999999986,0.0017536999999999993,-0.0075642999999999978,0.0019082000000000001
aug_between_class_right_pair0016_child01,Healthy,0,0,Augmented,0,0,0,0,0,0.30571739999999997,1.8835921,8.9999999999999996e-07,-8.9999999999999996e-07,0,0.95964989999999994,0,0.032265500000000003,-0.13608130000000002,0.014239499999999999,0.11091760000000001,-0.080250199999999994,0.067590300000000006,0.0018389999999999997,0.0069506999999999998,-0.034456000000000001,-0.074993299999999999,0.3179575,-0.092008299999999987,-0.015768899999999999,0.066801299999999994,-0.001634,-0.016004999999999998,-0.0012586999999999997,-0.057277999999999996,0.018592200000000003,0.015161299999999999,-0.047106099999999998,-0.0100556,-0.081481200000000004,0.018976,0.041810900000000005,-0.0270625,0.010132199999999999,-0.0023293000000000012,-0.0387312,0.023143300000000002,-0.070629900000000009,-0.016475699999999999,0.096359799999999995,0.0069583000000000075,0.19114780000000001,-0.075700999999999991,0.0105212,0.0002723999999999999,-0.0044884,-0.011301599999999998,-0.00040170000000000006,0.045019700000000003,-0.0013597999999999996,-0.0119209,-0.0121423,-0.025332500000000001,0.0183917,0.023934300000000002,0.023452899999999999,0.016664199999999997,-0.0070613000000000004,-0.0085766000000000019,0.022436299999999999,-0.049931000000000003,6.9000000000002219e-06,0.0002764,0.0054376000000000008,0.022135500000000002,-0.1047458,-0.016671700000000001,-0.046392299999999997,-0.004319700000000001,0.015655200000000001,0.0020055000000000003,-0.0019558000000000002,0.021061899999999998,-0.00091749999999999905,0.0058019999999999999,-0.0098639999999999995,0.0064741,0.0041641999999999998,-0.0059100000000000003,0.0039957999999999999,0.0070166999999999998,-0.021429500000000001,0.0072562,0.0035076,0.0106304,-0.0057815000000000002,-0.0053946999999999997,0.0200871,-0.0132882,-0.0062544999999999996,-0.011414500000000001,-0.0011554999999999998,-0.0034971999999999998,-0.013113,-0.0123313,0.0121884,-0.002069699999999999,0.012465199999999999,0.0076110999999999991,-0.0014346000000000003,0.021994800000000002,-0.016913999999999998,-0.0035936000000000002,0.0041709,-0.0030369000000000004,-0.0044426999999999999,0.010887099999999999,-0.0066315000000000002,0.0047621000000000009,0.0022665000000000007,0.0070927000000000004,-0.0041148000000000001,-0.007081200000000001,0.0054748999999999996,0.011503600000000001,0.0097948000000000011,-0.0021334000000000001,0.0061993999999999999,-0.0033901999999999999,0.0037369999999999999,-0.011615300000000002,0.0071841000000000006,-0.0039585000000000002,-0.00041459999999999934,0.0108989,-0.0014578,0.0036147000000000002,-0.0080665000000000008,-0.0050320999999999994,0.002243199999999999,0.0016635999999999999,0.0024632999999999999,0.0026713999999999991,-0.011300499999999998,-0.0098426,-0.012766400000000001,-0.0066311,-0.00033960000000000023,-0.0027019000000000001,-0.0062458000000000001,0.0089123000000000015,0.0070406000000000002,-0.0023506,-0.00060289999999999996,0.0015175,0.0027288,-0.0010012,-0.0056119999999999998,8.9000000000000537e-06,0.00015189999999999995,-0.00070690000000000032,0.0011528999999999999,0.0044571999999999997,0.00061229999999999987,0.0023214999999999998,-0.0028204000000000003,-0.0018852000000000001,0.0010605,-0.0026982,-0.0032188,0.00066770000000000024,0.0049916000000000006,0.0042426999999999994,2.8400000000000026e-05,-0.0010779999999999997,0.0020217000000000008,-0.0078610999999999993,-0.0049461000000000001,-0.002591099999999999,-0.00076589999999999991,0.0031011000000000003,0.010263499999999998,0.0061551000000000002,-0.011289500000000001,-0.0022195000000000001,0.0096489999999999996,-0.0056650000000000008,0.00012149999999999997,0.00031599999999999944,-0.0040867999999999998,-0.00059980000000000016,-0.011118899999999999,3.3799999999999873e-05,0.0086613999999999997,-0.0051403999999999998,0.0033705000000000002,-0.0050290999999999999,-0.0025517999999999999,0.0013452,-0.0023557999999999999,0.00055209999999999981,-0.00084380000000000002,0.0021897000000000002,-0.0013642999999999997,-0.0040156000000000002,-0.00071950000000000009,0.0012076999999999999,-0.0028307000000000002,0.00085680000000000012,-0.0022187000000000001,0.0028244999999999998,0.0019457000000000007,-0.0012964999999999999,0.0026537000000000002,-0.0016297000000000004,0.00042869999999999974,0.0030007000000000002,0.0028739999999999998,-0.0007048,-0.0022646999999999997,0.0052604000000000001,0.0071438000000000005,-0.00075369999999999994,-0.00077590000000000016,0.0065403000000000006,1.3199999999999887e-05,0.0052470999999999993,-0.0020386000000000002,-0.0023549,-0.0023309999999999997,0.0051418000000000002,0.0076782999999999999,0.00015130000000000005,-0.004711700000000001,-0.0026860999999999994,0.0076531999999999989,-0.0023481999999999999,0.0022843999999999998,0.0068945000000000013,0.0063356999999999997,-0.0013425000000000002,-0.0027361,-0.0065522999999999988,-0.0063633000000000006,-0.00088140000000000007,-0.0110423,0.0036746000000000001,-0.0050317000000000001,0.0027610999999999998,-0.00041819999999999997,-0.00016790000000000002,-0.00018570000000000001,0.0019498000000000004,-0.0030088000000000003,0.00077179999999999989,-0.0027813,0.0017182,-0.0034869999999999996,-0.0014635000000000002,0.0014823,-0.003078,0.0020314999999999999,-0.0026709999999999998,0.00010000000000000002,-0.00034089999999999999,0.0041960000000000001,-0.0040042999999999997,0.0054351,-0.0044825000000000004,0.0033649000000000005,0.00043919999999999983,-0.0058589000000000002,0.00035389999999999987,0.0015377000000000001,-0.001944,0.0022144000000000005,0.00078669999999999977,0.0041765999999999991,0.0046429000000000002,-0.00042239999999999997,0.001866,-0.0039310999999999999,0.0014743,0.0075278999999999997,0.0050417999999999999,-0.00066169999999999998,0.0031282000000000003,0.0022542,-0.00054020000000000023,0.0018613000000000002,-0.0028912,0.0039895,-0.0031346,-0.0026526000000000006,-0.00064840000000000036,-0.00020909999999999999,-0.0092979000000000013,0.0089355000000000007,-0.0060958000000000002,0.0045830999999999997,0.0043674999999999999,0.0019414,0.0063292999999999995,-0.013258599999999999,0.00016770000000000001,0.00049900000000000009,0.00013570000000000002,-2.1699999999999931e-05,0.0011808000000000001,6.8999999999999509e-06,0.00016870000000000003,0.0024181999999999997,0.001147,-0.0007672,-0.00030150000000000001,0.001333,0.0010940000000000001,0.00088999999999999995,0.0002164,-0.00048699999999999997,-0.00023869999999999997,-0.00034910000000000003,-0.00049120000000000001,-0.00069610000000000006,-0.00016259999999999994,-0.0016648000000000001,0.00020589999999999996,-0.00083460000000000001,-0.0027327000000000002,-0.0022642000000000001,0.0024245999999999998,0.0036259000000000005,0.0010313,-0.0021976999999999999,-0.0043196999999999992,-0.0011483999999999999,-0.0011253000000000001,-0.0014015,-0.00076080000000000006,0.0027118999999999997,-0.0017985,-7.8300000000000114e-05,0.0052848999999999995,-0.00079580000000000004,-0.0026633999999999998,0.0017027000000000001,0.0058408000000000002,0.0012604000000000001,0.0019231999999999997,0.00066130000000000008,0.0026313999999999999,-0.0059680000000000002,0.0021299999999999999,-0.0037326,-0.0030809000000000001,0.0039813000000000001,0.0016697999999999999,-0.0018269,0.0023741000000000001,-0.0045270999999999992,-0.0052117999999999999,-0.0028953000000000004,0.0031601999999999997,0.0150867,-0.0014,6.8399999999999711e-05,0.0028072999999999996,-0.00060859999999999994,-0.00015599999999999997,1.5700000000000002e-05,0.0010529000000000001,0.0011047000000000001,-0.0017070000000000002,-0.0020926999999999999,-0.00024209999999999998,0.00085729999999999997,0.0013355000000000001,-0.0007643000000000002,0.0011741000000000002,0.00021739999999999997,0.0030726999999999998,-0.0012826000000000003,-2.6299999999999935e-05,-0.00098419999999999996,0.00066600000000000003,-0.0030530000000000002,0.0027623999999999999,-0.0013163999999999999,-0.0014273999999999999,0.00093490000000000001,0.0021935000000000001,-0.0035184999999999999,-0.0016749,0.0010400000000000001,0.00060240000000000022,0.0017026999999999999,-0.00091480000000000001,0.0026202,-0.0011741,-0.0020687000000000006,0.0020506999999999999,-0.0016482000000000003,-0.0034723999999999996,0.0041188000000000006,0.0013745000000000001,0.0010724000000000003,0.00085660000000000011,0.00071539999999999993,-0.0012499,-0.0049338000000000003,-0.0018819000000000002,0.0020940000000000004,-0.0014924000000000001,0.0011209999999999996,6.189999999999996e-05,-0.0018446999999999992,0.0022037000000000003,-0.0021589000000000001,-0.0046630000000000005,0.0012206999999999999,0.0046431000000000007,-0.0017903000000000003,0.0012143999999999998,-0.00083300000000000008,0.00063120000000000027,0.0023766,-0.0010804,0.0011493999999999996,0.0013189999999999999,-9.7900000000000157e-05,0.0045089000000000006,-0.0033173999999999999,-0.0050331999999999998,2.9600000000000069e-05,-0.0022282999999999999,0.0083936000000000011,-0.0045906999999999996,0.00032200000000000002,0.00066369999999999992,-0.00021070000000000008,0.00016649999999999993,-0.0012561999999999999,0.00059900000000000014,-0.0010341,0.00028179999999999997,0.0016292000000000001,-0.001639,-0.00056959999999999997,0.0023655000000000004,-0.0036599000000000002,0.0012388000000000002,-0.0016053,0.00033970000000000002,0.00065610000000000006,-0.00032400000000000018,0.0023577000000000003,-0.00088839999999999991,-0.00081499999999999997,0.0012717999999999998,-0.0011873000000000001,-0.0010939000000000001,0.00018879999999999993,-0.0027496,0.0011470999999999999,-0.00069200000000000012,0.0010669,-0.00076909999999999999,-0.0009203000000000002,-0.00071779999999999999,-0.00021480000000000002,-0.0007159,0.0011577999999999998,0.0013169,-0.00026839999999999996,-0.00033839999999999999,-0.00044680000000000002,-0.0027582000000000001,0.00084259999999999999,0.00063410000000000007,0.0021431000000000002,0.0016343,-0.0015633999999999999,0.0025606000000000001,-0.0022161000000000004,-0.0027617000000000002,0.0015652000000000001,-0.00062140000000000003,0.0022985000000000002,0.0033038999999999998,8.63000000000002e-05,-0.00064419999999999994,-4.3499999999999919e-05,0.00032399999999999996,-0.00085030000000000034,-0.0021151,-0.00044010000000000002,0.00095310000000000013,-0.00058900000000000001,0.0028238999999999998,-0.0023795999999999999,-0.0021660999999999998,0.0025956,-0.00071100000000000004,0.0031817,0.00034950000000000004,0.0025402000000000003,0.00083409999999999995,-0.0029513,0.00031900000000000006,-0.0017308,-0.0013926999999999998,0.00065930000000000003
aug_between_class_right_pair0016_child02,Healthy,0,0,Augmented,0,0,0,0,0,0.30355280000000001,1.8757002,7.9999999999999996e-07,-7.9999999999999996e-07,0,0.95774680000000001,0,0.032228,-0.13571460000000002,0.016190999999999997,0.1088712,-0.081755399999999992,0.068666600000000008,0.0020240000000000006,0.0074524000000000005,-0.033156000000000005,-0.075792599999999988,0.320075,-0.096309599999999995,-0.013957799999999999,0.068414599999999992,-0.0026140000000000017,-0.015795999999999998,-0.00097839999999999993,-0.056623,0.018359400000000001,0.016365600000000001,-0.048393199999999997,-0.0088162000000000015,-0.080650399999999997,0.019124000000000002,0.0413368,-0.027151000000000002,0.0091373999999999986,-0.0023046000000000039,-0.038997400000000002,0.025577599999999999,-0.068331800000000012,-0.017664399999999997,0.095584600000000006,0.0048306000000000043,0.18872659999999999,-0.074754000000000001,0.010522400000000001,-8.7199999999999951e-05,-0.0043368,-0.010500199999999999,-0.00060340000000000046,0.045340400000000003,-0.0012296,-0.011754799999999999,-0.0114126,-0.025475000000000001,0.0180494,0.024332599999999999,0.022542799999999998,0.016657399999999999,-0.0065656000000000004,-0.0076782000000000013,0.022156599999999999,-0.049419000000000005,0.00029079999999999948,0.00088079999999999973,0.0052852000000000003,0.022785,-0.10237360000000001,-0.017503400000000002,-0.043850599999999997,-0.0059304000000000006,0.0154194,0.001951,-0.0021426000000000001,0.020914799999999997,-9.0999999999999068e-05,0.0048400000000000006,-0.0092239999999999996,0.0065141999999999995,0.0036094,-0.0065440000000000012,0.0040636000000000005,0.0062334000000000001,-0.020330000000000001,0.007580400000000001,0.0031241999999999997,0.0101838,-0.0063080000000000002,-0.0057243999999999993,0.019769200000000001,-0.0138034,-0.0058719999999999996,-0.011256,-0.0022970000000000004,-0.0026694000000000006,-0.013187000000000001,-0.0117806,0.0120768,-0.0024133999999999996,0.010450399999999999,0.0074701999999999998,-0.00069320000000000015,0.021542600000000002,-0.015528999999999999,-0.0032622000000000003,0.0038628,-0.0034578,-0.0045444000000000005,0.011983199999999999,-0.0066119999999999998,0.005236199999999999,0.002166,0.0070134000000000004,-0.0034935999999999995,-0.0069524000000000009,0.0054367999999999994,0.011702200000000001,0.0090096000000000013,-0.0025038000000000005,0.0066148000000000005,-0.0039293999999999996,0.0036029999999999999,-0.0116226,0.0075192000000000002,-0.0037099999999999998,-0.0010842000000000004,0.010262800000000001,-0.0017385999999999999,0.0032214000000000001,-0.0079260000000000008,-0.0042252000000000001,0.0022693999999999995,0.00059719999999999912,0.0023046000000000004,0.0016307999999999997,-0.011487999999999998,-0.0092141999999999988,-0.0123108,-0.0066312000000000003,0.00028979999999999935,-0.0020747999999999999,-0.0065916000000000004,0.008667600000000001,0.0067032000000000003,-0.0024652000000000003,-0.00050980000000000014,0.001201,0.0024365999999999997,-0.00051440000000000014,-0.0055989999999999998,0.00023480000000000007,0.00042980000000000015,-0.00042880000000000001,0.0016467999999999999,0.0044333999999999997,0.00073659999999999958,0.0024810000000000001,-0.0028038,-0.0015994000000000002,0.00142,-0.0023674,-0.0030185999999999998,7.7400000000000038e-05,0.0053541999999999999,0.0040374,-3.4199999999999991e-05,-0.0015249999999999999,0.0011714,-0.0082351999999999998,-0.0042042,-0.0034861999999999992,-0.00093980000000000018,0.0031652,0.0097730000000000004,0.0064951999999999996,-0.011615,-0.0025700000000000002,0.0094149999999999998,-0.005522,0.00061300000000000005,0.00075099999999999906,-0.0043055999999999997,-6.3600000000000245e-05,-0.0115738,0.0014176000000000002,0.0076427999999999999,-0.0046668000000000005,0.0035839999999999986,-0.0039612000000000007,-0.0023465999999999999,0.0014634000000000001,-0.0021535999999999999,0.00024720000000000037,-0.00056159999999999999,0.0024454000000000004,-0.0012476,-0.0043742,-0.00048200000000000001,0.0011023999999999999,-0.0024504000000000001,0.00071360000000000011,-0.0023103999999999998,0.0030229999999999996,0.0011734000000000002,-0.0014909999999999997,0.0024884,-0.0020334000000000007,0.00034540000000000005,0.0032464,0.0027689999999999998,-0.00041659999999999961,-0.0025403999999999999,0.0049198000000000002,0.0068956,-0.0011224,-0.00077080000000000052,0.0069516000000000005,-0.00028260000000000015,0.0048441999999999999,-0.0022152000000000005,-0.0022867999999999999,-0.0022519999999999997,0.0047806000000000003,0.0078156000000000007,-1.6399999999999965e-05,-0.0041864000000000007,-0.0027932,0.0072154000000000003,-0.0023273999999999999,0.0026178,0.0063560000000000005,0.0057653999999999987,-0.00059900000000000036,-0.0021841999999999999,-0.0063955999999999995,-0.0072215999999999999,-0.00072180000000000074,-0.0103946,0.0027321999999999997,-0.0055554000000000003,0.0027502000000000004,-0.00046039999999999992,-0.00048779999999999998,-0.00044139999999999989,0.0015506000000000003,-0.0027456000000000004,0.00086059999999999989,-0.0028686000000000007,0.0014373999999999997,-0.0034489999999999998,-0.0015090000000000004,0.0016335999999999998,-0.0027860000000000003,0.0019420000000000001,-0.0021780000000000002,-9.3999999999999981e-05,-0.00044579999999999999,0.0046890000000000005,-0.0042425999999999991,0.0048432000000000006,-0.004228,0.0032268000000000002,0.0001793999999999997,-0.0054907999999999997,0.00028379999999999996,0.0014214,-0.002124,0.0021078000000000004,0.00099539999999999958,0.0041991999999999993,0.0045328,-0.0004038,0.0019369999999999999,-0.0038352000000000004,0.0015836000000000001,0.0074117999999999996,0.0051506,-0.00092739999999999999,0.0033044000000000003,0.0019824,-0.0013194000000000001,0.0015705999999999997,-0.0028924000000000003,0.0039940000000000002,-0.0026392,-0.0024841999999999998,-0.0013028000000000002,-0.00045119999999999996,-0.0090288,0.008457000000000001,-0.0061066000000000002,0.0044932000000000001,0.0044939999999999997,0.0021428000000000003,0.0066226000000000002,-0.0138552,-9.8600000000000337e-05,0.00052000000000000006,-5.2599999999999991e-05,0.0002006,0.0013726000000000001,2.1800000000000042e-05,5.1399999999999948e-05,0.0023154,0.001415,-0.00078439999999999998,-0.00027400000000000005,0.0013290000000000001,0.00071499999999999992,0.0010939999999999999,1.380000000000001e-05,-0.00043999999999999996,-0.00040439999999999996,-0.00020320000000000001,-0.0001824000000000001,-0.00062520000000000002,-0.00022419999999999997,-0.0014515999999999999,0.00015279999999999992,-0.0007271999999999999,-0.0024564000000000001,-0.0020344,0.0022752000000000002,0.0034107999999999994,0.0010836000000000001,-0.0021244000000000002,-0.0038454000000000001,-0.0014548,-0.0010686000000000001,-0.001338,-0.0010296000000000003,0.0029338000000000003,-0.001812,4.5399999999999802e-05,0.0053907999999999994,-0.00097060000000000007,-0.0028777999999999998,0.0015184,0.0054476000000000004,0.0011727999999999999,0.0019354000000000001,0.00098160000000000001,0.0031078,-0.0057369999999999999,0.001598,-0.0033162000000000009,-0.0033487999999999999,0.0035166000000000008,0.0017485999999999999,-0.0019608,0.0029261999999999999,-0.0045102000000000007,-0.0048836000000000001,-0.0029466000000000002,0.0034103999999999996,0.014761400000000001,-0.0016480000000000002,0.00035880000000000026,0.0031215999999999995,-0.00061319999999999994,-0.00013499999999999997,6.4399999999999993e-05,0.00092580000000000006,0.0010544,-0.00148,-0.0018993999999999999,-0.00025719999999999996,0.00085059999999999997,0.0013380000000000002,-0.00043060000000000017,0.0011962000000000001,0.00038779999999999999,0.0027734000000000001,-0.0011692000000000002,6.6399999999999988e-05,-0.0007853999999999999,0.00039000000000000016,-0.0027599999999999999,0.0025068,-0.0011367999999999999,-0.0015958000000000001,0.00081080000000000008,0.0019350000000000001,-0.0034629999999999999,-0.0017258,0.001075,0.00060380000000000037,0.0015123999999999999,-0.00076659999999999999,0.0027044,-0.0009502,-0.0021724000000000001,0.0020923999999999999,-0.0016864000000000002,-0.0033287999999999998,0.0041346000000000004,0.0014840000000000001,0.0010418000000000003,0.00094020000000000019,0.00073780000000000004,-0.0010968,-0.0047496000000000005,-0.0020068,0.0020670000000000003,-0.0014557999999999999,0.00083500000000000024,0.00012879999999999996,-0.0015723999999999996,0.0020423999999999998,-0.0018478000000000004,-0.004568,0.0011723999999999999,0.0042532000000000004,-0.0016166000000000002,0.0008477999999999999,-0.00069200000000000023,0.00030640000000000018,0.0020561999999999998,-0.00062379999999999944,0.0014337999999999998,0.00165,-0.00054480000000000002,0.0040678000000000008,-0.0030608000000000002,-0.0053054,0.00014020000000000005,-0.0025826,0.0080272,-0.0041723999999999997,0.00034699999999999998,0.00072940000000000006,-0.00033040000000000006,-9.9000000000000021e-05,-0.0012153999999999999,0.00070600000000000003,-0.0008162,0.0002786000000000001,0.0014314000000000002,-0.0015589999999999998,-0.0005532,0.0021720000000000003,-0.0033958,0.0012156000000000003,-0.0013586000000000002,0.00054940000000000002,0.00054119999999999993,-0.00030900000000000003,0.0021153999999999999,-0.00077279999999999992,-0.00054500000000000002,0.0010265999999999999,-0.0011376000000000001,-0.00085079999999999997,-9.4000000000000116e-06,-0.0026991999999999997,0.0012601999999999999,-0.00061300000000000005,0.0011938000000000001,-0.00090920000000000009,-0.00064560000000000041,-0.00066160000000000004,-0.00040960000000000004,-0.00035880000000000005,0.0012346,0.00089280000000000023,-0.00042180000000000006,-0.00042279999999999998,-0.00047459999999999999,-0.0026344000000000003,0.00081119999999999999,0.00043120000000000013,0.0017632000000000001,0.0015396000000000001,-0.0012187999999999999,0.0025412,-0.0024682000000000003,-0.0025194000000000002,0.0012764,-0.00059080000000000005,0.0019530000000000007,0.0036647999999999997,-7.739999999999993e-05,-2.5400000000000075e-05,-0.00020799999999999996,0.00038299999999999999,-0.0010746000000000002,-0.0022561999999999999,-0.00031419999999999999,0.00083220000000000006,-0.00073600000000000011,0.0029018000000000004,-0.0023641999999999999,-0.0024542000000000001,0.0027412000000000001,-0.00087900000000000001,0.0031333999999999997,0.00018000000000000004,0.0025793999999999999,0.00093219999999999978,-0.0032066000000000004,0.00039500000000000006,-0.0018946000000000002,-0.0014004,0.00064159999999999998
aug_between_class_right_pair0016_child03,Healthy,0,0,Augmented,0,0,0,0,0,0.30138819999999999,1.8678083000000001,6.9999999999999997e-07,-6.9999999999999997e-07,0,0.95584369999999996,4.1359030627651384e-25,0.032190499999999997,-0.13534790000000002,0.018142499999999999,0.1068248,-0.083260600000000004,0.069742899999999997,0.002209,0.0079540999999999987,-0.031856000000000002,-0.076591900000000004,0.32219249999999999,-0.1006109,-0.012146699999999998,0.070027900000000004,-0.003594,-0.015587,-0.00069809999999999968,-0.055967999999999997,0.0181266,0.017569899999999999,-0.049680299999999997,-0.0075767999999999981,-0.079819599999999991,0.019272000000000001,0.040862700000000002,-0.0272395,0.0081425999999999998,-0.0022798999999999996,-0.039263599999999996,0.028011900000000003,-0.066033700000000001,-0.018853100000000001,0.094809400000000002,0.0027029000000000081,0.18630540000000001,-0.073806999999999984,0.010523599999999999,-0.0004467999999999998,-0.0041852,-0.0096988000000000005,-0.0008051,0.045661099999999996,-0.0010993999999999999,-0.0115887,-0.0106829,-0.025617500000000001,0.0177071,0.0247309,0.021632699999999998,0.016650599999999998,-0.0060699000000000005,-0.0067798000000000008,0.021876899999999998,-0.048906999999999999,0.00057470000000000004,0.0014851999999999999,0.0051327999999999999,0.023434500000000004,-0.1000014,-0.0183351,-0.041308899999999996,-0.0075411000000000002,0.015183599999999998,0.0018965000000000002,-0.0023294000000000001,0.0207677,0.00073550000000000091,0.0038779999999999999,-0.0085839999999999996,0.0065542999999999999,0.0030545999999999998,-0.0071779999999999995,0.0041313999999999995,0.0054500999999999994,-0.019230500000000001,0.0079045999999999995,0.0027408000000000007,0.0097371999999999997,-0.0068345000000000003,-0.0060541000000000006,0.019451300000000001,-0.014318600000000001,-0.0054894999999999996,-0.0110975,-0.0034385000000000002,-0.0018415999999999997,-0.013261,-0.011229899999999999,0.011965199999999999,-0.0027571000000000019,0.008435599999999998,0.0073293000000000004,4.8199999999999979e-05,0.021090400000000002,-0.014143999999999999,-0.0029307999999999986,0.0035547000000000005,-0.0038787000000000006,-0.0046461000000000002,0.013079299999999999,-0.0065924999999999994,0.0057102999999999989,0.0020655000000000001,0.0069341000000000003,-0.0028723999999999998,-0.0068236000000000008,0.0053986999999999993,0.011900800000000001,0.0082243999999999998,-0.0028742000000000004,0.0070302000000000003,-0.0044685999999999997,0.0034689999999999999,-0.011629899999999999,0.0078543000000000016,-0.0034614999999999997,-0.0017538000000000007,0.0096267000000000002,-0.0020194000000000002,0.0028281000000000001,-0.0077855000000000008,-0.0034183,0.0022956000000000001,-0.00046919999999999948,0.0021458999999999992,0.00059019999999999971,-0.011675499999999998,-0.0085857999999999993,-0.0118552,-0.0066312999999999997,0.00091920000000000001,-0.0014476999999999997,-0.0069373999999999998,0.0084228999999999988,0.0063657999999999987,-0.0025797999999999997,-0.00041669999999999999,0.00088449999999999998,0.0021443999999999994,-2.7599999999999912e-05,-0.005585999999999999,0.00046069999999999998,0.00070769999999999948,-0.00015070000000000014,0.0021407000000000002,0.0044095999999999996,0.00086089999999999995,0.0026404999999999996,-0.0027872000000000001,-0.0013136000000000001,0.0017795,-0.0020366,-0.0028184000000000004,-0.00051289999999999973,0.0057168000000000002,0.0038320999999999997,-9.6799999999999995e-05,-0.0019719999999999998,0.00032109999999999994,-0.0086093000000000003,-0.0034622999999999998,-0.0043813000000000003,-0.0011136999999999996,0.0032293000000000001,0.0092824999999999991,0.0068352999999999999,-0.0119405,-0.0029205000000000004,0.0091809999999999999,-0.0053790000000000001,0.0011045,0.0011860000000000004,-0.0045243999999999996,0.0004726000000000001,-0.0120287,0.0028014000000000003,0.0066241999999999994,-0.0041932000000000002,0.0037974999999999997,-0.0028932999999999997,-0.0021413999999999999,0.0015816000000000001,-0.0019513999999999998,-5.7699999999999939e-05,-0.00027939999999999974,0.0027010999999999997,-0.0011308999999999998,-0.0047327999999999997,-0.00024450000000000003,0.00099710000000000011,-0.0020701000000000001,0.00057039999999999999,-0.0024020999999999999,0.0032214999999999995,0.00040110000000000015,-0.0016854999999999997,0.0023230999999999994,-0.0024371000000000002,0.0002620999999999997,0.0034920999999999997,0.0026639999999999997,-0.00012839999999999987,-0.0028161000000000002,0.0045792000000000003,0.0066473999999999995,-0.0014911,-0.00076569999999999958,0.0073628999999999995,-0.00057840000000000018,0.0044412999999999996,-0.0023918000000000003,-0.0022186999999999997,-0.002173,0.0044193999999999995,0.0079529000000000006,-0.00018409999999999998,-0.0036611000000000005,-0.0029002999999999998,0.0067775999999999999,-0.0023066000000000002,0.0029512000000000002,0.0058175000000000006,0.0051950999999999994,0.00014449999999999988,-0.0016323000000000002,-0.0062388999999999969,-0.008079900000000001,-0.00056219999999999968,-0.0097468999999999993,0.0017897999999999994,-0.0060791000000000005,0.0027393000000000001,-0.00050259999999999997,-0.00080769999999999995,-0.00069710000000000009,0.0011513999999999997,-0.0024824000000000001,0.00094939999999999998,-0.0029559,0.0011565999999999998,-0.003411,-0.0015545000000000001,0.0017849000000000003,-0.0024939999999999997,0.0018525,-0.0016850000000000001,-0.00028799999999999995,-0.00055069999999999989,0.005182,-0.0044808999999999995,0.0042512999999999995,-0.0039734999999999996,0.0030886999999999998,-8.0399999999999786e-05,-0.0051227,0.00021369999999999994,0.0013051,-0.0023040000000000001,0.0020011999999999999,0.0012041,0.0042217999999999995,0.0044226999999999999,-0.00038519999999999998,0.0020079999999999998,-0.0037393000000000001,0.0016928999999999998,0.0072956999999999996,0.0052594,-0.0011930999999999999,0.0034806000000000004,0.0017106000000000001,-0.0020986000000000008,0.0012798999999999998,-0.0028936000000000001,0.0039984999999999995,-0.0021438,-0.0023157999999999998,-0.0019572000000000001,-0.00069329999999999999,-0.0087597000000000005,0.0079784999999999995,-0.0061174000000000003,0.0044032999999999997,0.0046204999999999996,0.0023442000000000003,0.0069159,-0.014451799999999999,-0.00036490000000000003,0.00054099999999999981,-0.00024089999999999995,0.00042289999999999993,0.0015644000000000001,3.6700000000000025e-05,-6.590000000000003e-05,0.0022125999999999999,0.001683,-0.00080159999999999997,-0.00024649999999999987,0.001325,0.00033599999999999976,0.0012980000000000001,-0.00018879999999999987,-0.00039300000000000001,-0.00057009999999999982,-5.7299999999999977e-05,0.00012640000000000025,-0.00055429999999999998,-0.00028580000000000001,-0.0012383999999999997,9.9700000000000092e-05,-0.0006198,-0.0021800999999999999,-0.0018046000000000002,0.0021258000000000002,0.0031957000000000001,0.0011359,-0.0020510999999999997,-0.0033710999999999997,-0.0017611999999999999,-0.0010119,-0.0012745,-0.0012984000000000001,0.0031556999999999996,-0.0018255000000000001,0.00016909999999999994,0.0054966999999999993,-0.0011454,-0.0030921999999999998,0.0013341,0.0050544000000000006,0.0010851999999999999,0.0019475999999999996,0.0013019000000000001,0.0035841999999999996,-0.0055059999999999996,0.0010659999999999997,-0.0028998000000000001,-0.0036167,0.0030519000000000002,0.0018273999999999999,-0.0020946999999999997,0.0034783000000000001,-0.0044933000000000004,-0.0045554000000000002,-0.0029979,0.0036605999999999995,0.0144361,-0.0018960000000000001,0.00064919999999999995,0.0034359000000000004,-0.00061779999999999995,-0.00011400000000000001,0.00011310000000000004,0.00079870000000000006,0.0010041,-0.001253,-0.0017060999999999999,-0.00027230000000000001,0.00084389999999999986,0.0013404999999999999,-9.6900000000000011e-05,0.0012183000000000001,0.0005581999999999998,0.0024740999999999999,-0.0010558000000000002,0.00015910000000000013,-0.00058660000000000006,0.00011399999999999995,-0.002467,0.0022512000000000001,-0.00095719999999999996,-0.0017641999999999998,0.00068670000000000005,0.0016765,-0.0034074999999999995,-0.0017767,0.0011100000000000001,0.00060519999999999986,0.0013220999999999999,-0.00061839999999999996,0.0027886,-0.00072629999999999993,-0.0022760999999999997,0.0021340999999999999,-0.0017246,-0.0031851999999999991,0.0041504000000000003,0.0015935000000000001,0.0010111999999999999,0.0010238000000000001,0.00076019999999999994,-0.00094370000000000001,-0.0045653999999999998,-0.0021316999999999998,0.0020400000000000001,-0.0014192,0.00054899999999999979,0.00019569999999999999,-0.0013000999999999996,0.0018810999999999995,-0.0015367,-0.0044729999999999995,0.0011241000000000001,0.0038633000000000001,-0.0014429,0.00048119999999999993,-0.00055099999999999995,-1.8400000000000014e-05,0.0017358,-0.00016719999999999951,0.0017182,0.0019809999999999997,-0.00099170000000000031,0.0036267000000000001,-0.0028041999999999997,-0.0055775999999999994,0.00025080000000000024,-0.0029369000000000001,0.0076608000000000006,-0.0037541000000000007,0.00037199999999999999,0.00079509999999999997,-0.00045010000000000004,-0.00036450000000000013,-0.0011745999999999998,0.00081300000000000014,-0.00059830000000000007,0.00027540000000000003,0.0012336000000000001,-0.0014790000000000001,-0.00053680000000000004,0.0019785000000000002,-0.0031316999999999998,0.0011924000000000001,-0.0011118999999999999,0.00075909999999999997,0.0004262999999999999,-0.00029399999999999988,0.0018730999999999999,-0.00065719999999999971,-0.00027499999999999996,0.0007813999999999998,-0.0010879000000000002,-0.00060769999999999997,-0.00020760000000000006,-0.0026487999999999998,0.0013732999999999998,-0.00053400000000000008,0.0013206999999999997,-0.0010493000000000002,-0.00037090000000000018,-0.00060539999999999997,-0.00060439999999999995,-1.7000000000000413e-06,0.0013113999999999999,0.00046869999999999995,-0.0005752,-0.00050719999999999997,-0.00050240000000000007,-0.0025106,0.00077979999999999998,0.00022830000000000002,0.0013832999999999996,0.0014448999999999998,-0.00087419999999999989,0.0025218000000000003,-0.0027203000000000001,-0.0022771000000000002,0.00098759999999999994,-0.00056020000000000006,0.0016075,0.0040257000000000001,-0.00024109999999999995,0.00059340000000000011,-0.00037250000000000011,0.00044199999999999968,-0.0012989,-0.0023972999999999998,-0.0001883,0.0007113000000000001,-0.000883,0.0029797000000000001,-0.0023487999999999998,-0.0027423,0.0028868000000000001,-0.001047,0.0030850999999999995,1.0500000000000201e-05,0.0026186,0.0010303000000000001,-0.0034619,0.00047099999999999996,-0.0020584000000000002,-0.0014081,0.00062389999999999993
aug_between_class_right_pair0016_child04,Healthy,0,0,Augmented,0,0,0,0,0,0.29922359999999998,1.8599163999999999,5.9999999999999997e-07,-5.9999999999999997e-07,0,0.95394060000000003,0,0.032153000000000001,-0.13498120000000002,0.020094000000000001,0.10477839999999999,-0.084765800000000002,0.070819199999999999,0.0023940000000000003,0.0084557999999999994,-0.030556,-0.077391199999999993,0.32430999999999999,-0.1049122,-0.010335599999999999,0.071641200000000002,-0.0045740000000000008,-0.015377999999999999,-0.00041779999999999986,-0.055313000000000001,0.017893800000000001,0.018774200000000001,-0.050967399999999996,-0.0063374,-0.078988799999999998,0.01942,0.040388600000000004,-0.027327999999999998,0.0071477999999999984,-0.0022552000000000006,-0.039529799999999997,0.0304462,-0.063735600000000003,-0.020041799999999999,0.094034199999999998,0.00057520000000000487,0.1838842,-0.072859999999999994,0.010524800000000001,-0.00080640000000000009,-0.0040336,-0.0088973999999999998,-0.0010068,0.045981800000000003,-0.00096919999999999992,-0.0114226,-0.0099531999999999989,-0.025760000000000002,0.0173648,0.025129200000000001,0.020722600000000001,0.0166438,-0.0055741999999999996,-0.0058814000000000002,0.0215972,-0.048395000000000001,0.00085860000000000016,0.0020896000000000001,0.0049804000000000011,0.024084000000000001,-0.097629199999999999,-0.019166800000000005,-0.038767200000000002,-0.0091518000000000016,0.014947799999999999,0.0018419999999999999,-0.0025162000000000006,0.020620599999999999,0.001562,0.0029159999999999993,-0.0079439999999999997,0.0065943999999999994,0.0024997999999999999,-0.0078119999999999995,0.0041992000000000002,0.0046667999999999996,-0.018131000000000001,0.0082287999999999997,0.0023573999999999999,0.0092905999999999996,-0.0073610000000000004,-0.0063837999999999994,0.019133400000000002,-0.014833799999999999,-0.0051069999999999996,-0.010939000000000001,-0.0045800000000000007,-0.0010137999999999996,-0.013335,-0.0106792,0.011853599999999999,-0.003100799999999999,0.0064207999999999991,0.0071883999999999993,0.00078960000000000054,0.020638200000000002,-0.012759,-0.0025993999999999995,0.0032466000000000001,-0.0042996000000000006,-0.0047477999999999999,0.014175399999999999,-0.0065729999999999998,0.0061844000000000005,0.0019650000000000002,0.0068548000000000003,-0.0022511999999999996,-0.0066948000000000008,0.0053606000000000001,0.012099400000000001,0.0074392,-0.0032445999999999998,0.0074456000000000001,-0.0050077999999999998,0.0033349999999999999,-0.0116372,0.0081893999999999995,-0.0032129999999999997,-0.0024234000000000005,0.0089905999999999996,-0.0023002000000000001,0.0024348,-0.0076450000000000008,-0.0026113999999999994,0.0023217999999999997,-0.0015356000000000007,0.0019871999999999997,-0.00045040000000000097,-0.011862999999999999,-0.0079573999999999999,-0.011399599999999999,-0.0066314,0.0015486,-0.00082059999999999956,-0.007283200000000001,0.0081782000000000001,0.0060284000000000006,-0.0026943999999999996,-0.00032360000000000001,0.00056799999999999993,0.0018521999999999998,0.00045920000000000016,-0.0055729999999999998,0.0006866000000000001,0.0009856000000000001,0.00012739999999999995,0.0026346,0.0043857999999999996,0.00098520000000000009,0.0028,-0.0027706000000000002,-0.0010277999999999999,0.0021390000000000003,-0.0017058000000000002,-0.0026182000000000002,-0.0011031999999999999,0.0060794000000000004,0.0036267999999999995,-0.00015939999999999997,-0.0024190000000000001,-0.00052919999999999985,-0.008983399999999999,-0.0027204,-0.0052764000000000005,-0.0012875999999999999,0.0032934000000000001,0.0087919999999999995,0.0071754000000000002,-0.012265999999999999,-0.0032710000000000005,0.0089470000000000001,-0.0052360000000000002,0.0015960000000000002,0.0016209999999999992,-0.0047431999999999995,0.0010088,-0.012483600000000001,0.0041852,0.0056055999999999996,-0.0037196,0.0040109999999999998,-0.0018254,-0.0019361999999999999,0.0016998,-0.0017492,-0.00036260000000000003,2.8000000000002849e-06,0.0029568000000000003,-0.0010141999999999998,-0.0050913999999999994,-6.9999999999999533e-06,0.00089179999999999988,-0.0016898,0.00042720000000000008,-0.0024938,0.0034200000000000003,-0.00037120000000000002,-0.0018799999999999997,0.0021578000000000001,-0.0028408000000000001,0.00017879999999999979,0.0037377999999999999,0.0025590000000000001,0.00015980000000000031,-0.0030918,0.0042386000000000004,0.0063992000000000007,-0.0018598,-0.00076059999999999995,0.0077742000000000002,-0.00087420000000000011,0.0040384000000000001,-0.0025684000000000002,-0.0021505999999999999,-0.0020939999999999999,0.0040582000000000005,0.0080902000000000005,-0.0003518000000000002,-0.0031358000000000002,-0.0030074000000000004,0.0063397999999999996,-0.0022858000000000002,0.0032845999999999999,0.0052789999999999998,0.0046248000000000001,0.00088800000000000001,-0.0010803999999999998,-0.0060821999999999977,-0.0089382000000000003,-0.00040260000000000035,-0.0090992,0.00084739999999999902,-0.0066027999999999998,0.0027284000000000002,-0.00054480000000000002,-0.0011275999999999999,-0.00095280000000000007,0.00075219999999999996,-0.0022192000000000002,0.0010382,-0.0030432000000000002,0.00087580000000000004,-0.0033729999999999997,-0.0016000000000000003,0.0019362000000000001,-0.0022020000000000004,0.0017630000000000002,-0.0011920000000000001,-0.00048200000000000001,-0.0006556,0.0056750000000000004,-0.0047191999999999998,0.0036594000000000002,-0.0037190000000000001,0.0029506000000000003,-0.00034019999999999992,-0.0047546000000000003,0.0001435999999999998,0.0011888000000000001,-0.0024840000000000001,0.0018946000000000002,0.0014127999999999999,0.0042443999999999997,0.0043125999999999998,-0.00036659999999999997,0.0020790000000000001,-0.0036434000000000002,0.0018021999999999999,0.0071795999999999995,0.0053682000000000001,-0.0014588000000000001,0.0036568000000000004,0.0014387999999999998,-0.0028778000000000002,0.00098919999999999998,-0.0028948000000000003,0.0040029999999999996,-0.0016483999999999997,-0.0021473999999999998,-0.0026116000000000004,-0.00093540000000000008,-0.0084905999999999992,0.0074999999999999997,-0.0061282000000000003,0.0043134000000000002,0.0047469999999999995,0.0025456000000000003,0.0072091999999999998,-0.0150484,-0.00063120000000000016,0.000562,-0.00042920000000000008,0.00064520000000000007,0.0017562000000000001,5.1600000000000007e-05,-0.00018319999999999995,0.0021098000000000002,0.001951,-0.00081879999999999995,-0.0002189999999999999,0.0013210000000000001,-4.300000000000034e-05,0.0015020000000000001,-0.00039139999999999992,-0.00034599999999999995,-0.0007358,8.8600000000000026e-05,0.00043520000000000017,-0.00048339999999999999,-0.00034739999999999993,-0.0010252,4.659999999999994e-05,-0.00051239999999999999,-0.0019037999999999998,-0.0015747999999999999,0.0019764000000000001,0.0029805999999999999,0.0011881999999999999,-0.0019778,-0.0028967999999999997,-0.0020676000000000002,-0.00095520000000000002,-0.0012109999999999998,-0.0015672000000000004,0.0033775999999999997,-0.0018389999999999999,0.00029279999999999996,0.0056025999999999992,-0.0013202000000000001,-0.0033066000000000007,0.0011497999999999999,0.0046612000000000008,0.00099759999999999996,0.0019598000000000003,0.0016221999999999999,0.0040605999999999993,-0.0052750000000000002,0.00053399999999999975,-0.0024833999999999998,-0.0038846000000000002,0.0025872,0.0019061999999999998,-0.0022285999999999999,0.0040304,-0.0044764000000000002,-0.0042272000000000004,-0.0030492000000000002,0.0039108000000000007,0.0141108,-0.0021440000000000001,0.00093959999999999985,0.0037502,-0.00062239999999999995,-9.2999999999999984e-05,0.00016180000000000003,0.00067159999999999995,0.00095380000000000009,-0.001026,-0.0015127999999999999,-0.00028739999999999999,0.00083719999999999997,0.0013430000000000002,0.00023680000000000001,0.0012404,0.00072860000000000004,0.0021747999999999997,-0.00094240000000000014,0.00025180000000000005,-0.00038779999999999999,-0.00016200000000000003,-0.0021739999999999997,0.0019955999999999997,-0.00077759999999999993,-0.0019325999999999998,0.00056259999999999991,0.001418,-0.0033519999999999999,-0.0018276,0.0011450000000000002,0.0006066,0.0011317999999999999,-0.00047019999999999994,0.0028728,-0.00050239999999999985,-0.0023798000000000005,0.0021757999999999999,-0.0017627999999999999,-0.0030415999999999998,0.0041662000000000001,0.0017030000000000001,0.00098059999999999987,0.0011074000000000001,0.00078260000000000005,-0.00079059999999999992,-0.0043812,-0.0022566000000000001,0.002013,-0.0013825999999999999,0.00026299999999999978,0.00026259999999999999,-0.0010277999999999995,0.0017197999999999994,-0.0012256000000000001,-0.0043779999999999999,0.0010758,0.0034734000000000002,-0.0012692000000000001,0.00011459999999999997,-0.00040999999999999999,-0.00034319999999999999,0.0014154,0.00028940000000000042,0.0020026000000000002,0.0023119999999999998,-0.0014386000000000004,0.0031856000000000002,-0.0025475999999999997,-0.0058498000000000005,0.0003614,-0.0032911999999999998,0.0072943999999999995,-0.0033358000000000003,0.000397,0.00086079999999999989,-0.00056980000000000008,-0.00063000000000000013,-0.0011337999999999999,0.00092000000000000003,-0.00038040000000000003,0.00027220000000000006,0.0010357999999999999,-0.0013990000000000001,-0.00052040000000000007,0.0017850000000000001,-0.0028676000000000001,0.0011692000000000002,-0.0008652,0.00096880000000000002,0.00031139999999999998,-0.00027899999999999995,0.0016308,-0.00054159999999999972,-4.9999999999999589e-06,0.00053619999999999991,-0.0010382,-0.00036459999999999997,-0.00040580000000000011,-0.0025983999999999998,0.0014864000000000001,-0.000455,0.0014475999999999998,-0.0011894000000000002,-9.6200000000000102e-05,-0.00054920000000000001,-0.00079920000000000013,0.00035540000000000007,0.0013882,4.4599999999999891e-05,-0.00072860000000000004,-0.00059160000000000007,-0.00053019999999999999,-0.0023868000000000001,0.00074839999999999998,2.5399999999999913e-05,0.0010033999999999998,0.0013502,-0.00052959999999999986,0.0025024000000000001,-0.0029724,-0.0020348000000000002,0.00069879999999999986,-0.00052960000000000008,0.0012620000000000001,0.0043865999999999992,-0.00040479999999999997,0.0012122000000000003,-0.00053700000000000004,0.00050099999999999993,-0.0015232000000000002,-0.0025383999999999997,-6.2399999999999931e-05,0.00059040000000000004,-0.0010300000000000001,0.0030576000000000002,-0.0023333999999999998,-0.0030303999999999999,0.0030324000000000002,-0.0012150000000000002,0.0030367999999999997,-0.00015899999999999985,0.0026578000000000001,0.0011284000000000003,-0.0037172000000000004,0.00054699999999999996,-0.0022222000000000001,-0.0014158,0.00060619999999999999
aug_between_class_right_pair0016_child05,TLE,1,1,Augmented,0,0,0,0,0,0.2948944,1.8441326,4.0000000000000003e-07,-3.9999999999999993e-07,0,0.95013439999999993,0,0.032077999999999995,-0.1342478,0.023996999999999997,0.1006856,-0.087776199999999999,0.072971800000000003,0.0027640000000000004,0.0094592000000000009,-0.027956000000000002,-0.078989799999999999,0.32854500000000003,-0.1135148,-0.0067133999999999996,0.074867799999999998,-0.0065340000000000007,-0.014959999999999999,0.00014280000000000022,-0.054002999999999995,0.017428200000000001,0.021182799999999998,-0.053541599999999995,-0.0038586000000000007,-0.077327199999999999,0.019716000000000001,0.0394404,-0.027504999999999998,0.0051581999999999999,-0.0022057999999999991,-0.040062199999999999,0.0353148,-0.059139400000000002,-0.0224192,0.092483800000000005,-0.0036801999999999981,0.1790418,-0.070966000000000001,0.0105272,-0.0015256,-0.0037304,-0.0072946,-0.0014101999999999999,0.046623200000000004,-0.00070879999999999988,-0.0110904,-0.0084937999999999993,-0.026044999999999999,0.016680199999999999,0.025925799999999999,0.0189024,0.016630199999999998,-0.0045828000000000006,-0.0040846000000000007,0.021037799999999999,-0.047371000000000003,0.0014264,0.0032983999999999995,0.0046756000000000002,0.025382999999999999,-0.092884800000000003,-0.0208302,-0.0336838,-0.012373200000000001,0.0144762,0.0017330000000000002,-0.0028898000000000001,0.020326399999999998,0.003215,0.00099199999999999983,-0.0066639999999999998,0.0066746000000000002,0.0013902000000000003,-0.0090799999999999995,0.0043347999999999998,0.0031002000000000004,-0.015932000000000002,0.0088772,0.0015906000000000002,0.0083973999999999993,-0.0084139999999999996,-0.0070431999999999995,0.018497599999999999,-0.015864199999999998,-0.0043420000000000004,-0.010621999999999999,-0.0068630000000000002,0.00064179999999999966,-0.013483,-0.0095777999999999992,0.011630399999999999,-0.0037881999999999985,0.0023911999999999996,0.0069066000000000006,0.0022723999999999999,0.019733799999999999,-0.0099889999999999996,-0.0019365999999999997,0.0026304000000000002,-0.0051414000000000008,-0.0049512000000000002,0.0163676,-0.0065339999999999999,0.0071326000000000002,0.0017639999999999999,0.0066962000000000002,-0.0010087999999999998,-0.0064372000000000006,0.0052843999999999999,0.0124966,0.0058688000000000004,-0.0039854000000000001,0.0082763999999999997,-0.0060861999999999999,0.0030669999999999998,-0.0116518,0.0088596000000000005,-0.0027159999999999997,-0.0037625999999999996,0.0077184000000000003,-0.0028617999999999998,0.0016482000000000001,-0.0073640000000000008,-0.0009976000000000004,0.0023742000000000008,-0.0036683999999999996,0.0016698000000000008,-0.0025316000000000002,-0.012237999999999999,-0.0067005999999999993,-0.0104884,-0.0066315999999999996,0.0028073999999999994,0.00043360000000000029,-0.0079748000000000006,0.0076888000000000008,0.0053536000000000009,-0.0029236000000000002,-0.00013740000000000003,-6.4999999999999818e-05,0.0012677999999999999,0.0014327999999999999,-0.0055469999999999998,0.0011383999999999999,0.0015413999999999996,0.00068359999999999992,0.0036224,0.0043382000000000004,0.0012337999999999997,0.0031190000000000002,-0.0027374000000000001,-0.00045620000000000003,0.0028580000000000003,-0.0010442000000000001,-0.0022177999999999998,-0.0022837999999999999,0.0068046000000000001,0.0032161999999999998,-0.00028459999999999998,-0.003313,-0.0022297999999999997,-0.0097316,-0.0012366,-0.0070666000000000001,-0.0016353999999999995,0.0034215999999999999,0.0078110000000000002,0.0078556000000000008,-0.012917000000000001,-0.0039720000000000007,0.0084790000000000004,-0.0049500000000000004,0.0025790000000000001,0.0024910000000000002,-0.0051807999999999993,0.0020812000000000001,-0.0133934,0.0069527999999999994,0.0035684000000000002,-0.0027724000000000004,0.0044379999999999992,0.00031039999999999996,-0.0015258000000000001,0.0019361999999999999,-0.0013448000000000002,-0.00097239999999999978,0.00056720000000000013,0.0034682000000000003,-0.0007807999999999999,-0.0058085999999999997,0.00046799999999999988,0.00068120000000000008,-0.00092920000000000025,0.00014080000000000006,-0.0026771999999999998,0.0038169999999999996,-0.0019157999999999996,-0.0022689999999999997,0.0018272,-0.0036482000000000003,1.2199999999999754e-05,0.0042291999999999989,0.002349,0.00073619999999999979,-0.0036432000000000001,0.0035574000000000001,0.0059027999999999997,-0.0025971999999999996,-0.00075039999999999981,0.0085967999999999999,-0.0014658000000000002,0.0032325999999999995,-0.0029215999999999999,-0.0020144,-0.0019359999999999998,0.0033358000000000003,0.0083648000000000004,-0.0006871999999999999,-0.0020852000000000002,-0.0032215999999999998,0.0054642000000000007,-0.0022442,0.0039513999999999999,0.004202,0.0034841999999999998,0.0023749999999999995,2.339999999999981e-05,-0.0057687999999999993,-0.010654799999999999,-8.3399999999999967e-05,-0.0078038000000000005,-0.0010374,-0.0076502000000000002,0.0027066,-0.00062920000000000001,-0.0017673999999999997,-0.0014641999999999999,-4.619999999999993e-05,-0.0016928000000000002,0.0012157999999999997,-0.0032177999999999998,0.00031419999999999983,-0.003297,-0.0016910000000000004,0.0022388,-0.0016180000000000001,0.0015839999999999999,-0.00020600000000000045,-0.0008699999999999999,-0.00086539999999999978,0.0066610000000000003,-0.0051957999999999987,0.0024756000000000001,-0.0032100000000000002,0.0026744000000000004,-0.00085980000000000019,-0.0040184000000000001,3.3999999999999742e-06,0.00095620000000000015,-0.0028439999999999997,0.0016814,0.0018301999999999997,0.0042896000000000002,0.0040924000000000004,-0.00032940000000000004,0.0022209999999999999,-0.0034516,0.0020208000000000001,0.0069473999999999994,0.0055858000000000001,-0.0019901999999999997,0.0040092000000000001,0.00089519999999999997,-0.0044362000000000004,0.00040779999999999994,-0.0028971999999999999,0.0040119999999999999,-0.00065760000000000037,-0.0018106000000000001,-0.0039204000000000001,-0.0014196,-0.0079524000000000001,0.0065430000000000002,-0.0061498000000000004,0.0041335999999999994,0.0050000000000000001,0.0029483999999999995,0.0077958000000000003,-0.016241600000000002,-0.0011638,0.00060399999999999994,-0.00080579999999999996,0.0010897999999999999,0.0021397999999999999,8.1400000000000027e-05,-0.00041779999999999996,0.0019042,0.0024870000000000001,-0.00085320000000000003,-0.00016399999999999997,0.0013129999999999999,-0.00080100000000000017,0.00191,-0.00079659999999999974,-0.000252,-0.0010671999999999999,0.00038039999999999998,0.0010528,-0.00034160000000000001,-0.00047059999999999995,-0.00059880000000000003,-5.9599999999999822e-05,-0.00029759999999999997,-0.0013511999999999999,-0.0011152000000000002,0.0016776,0.0025504,0.0012928000000000002,-0.0018312000000000001,-0.0019482000000000002,-0.0026803999999999994,-0.00084180000000000008,-0.0010840000000000001,-0.0021048,0.0038213999999999995,-0.001866,0.00054019999999999979,0.0058143999999999991,-0.0016697999999999999,-0.0037353999999999998,0.00078120000000000012,0.0038748000000000003,0.00082239999999999993,0.0019842000000000002,0.0022627999999999997,0.0050133999999999995,-0.0048129999999999996,-0.00053000000000000009,-0.0016506000000000001,-0.0044203999999999997,0.0016578000000000005,0.0020638000000000002,-0.0024964000000000002,0.0051345999999999996,-0.0044425999999999997,-0.0035708000000000003,-0.0031518000000000002,0.0044112000000000005,0.0134602,-0.00264,0.0015203999999999999,0.0043788000000000004,-0.00063159999999999996,-5.1000000000000047e-05,0.00025920000000000001,0.00041740000000000006,0.00085320000000000003,-0.00057200000000000003,-0.0011261999999999999,-0.00031760000000000002,0.00082379999999999986,0.001348,0.00090419999999999997,0.0012846000000000001,0.0010694000000000001,0.0015761999999999998,-0.00071560000000000005,0.0004372,9.8000000000001298e-06,-0.0007139999999999999,-0.001588,0.0014843999999999999,-0.00041839999999999998,-0.0022694,0.00031440000000000011,0.000901,-0.003241,-0.0019294,0.0012150000000000002,0.00060939999999999985,0.00075119999999999994,-0.0001738,0.0030412,-5.4599999999999918e-05,-0.0025872000000000004,0.0022592000000000003,-0.0018391999999999998,-0.0027544000000000002,0.0041978000000000007,0.0019220000000000001,0.00091940000000000001,0.0012746000000000001,0.00082739999999999984,-0.00048440000000000006,-0.0040127999999999995,-0.0025064000000000002,0.0019590000000000002,-0.0013094000000000001,-0.00030900000000000025,0.00039639999999999999,-0.00048319999999999982,0.0013971999999999997,-0.00060340000000000003,-0.0041879999999999999,0.00097919999999999995,0.0026936,-0.00092179999999999996,-0.00061859999999999975,-0.00012800000000000008,-0.00099280000000000006,0.00077460000000000007,0.0012026000000000001,0.0025714000000000002,0.0029739999999999996,-0.0023324000000000001,0.0023034000000000002,-0.0020344,-0.0063942000000000001,0.00058260000000000018,-0.0039997999999999995,0.0065616000000000008,-0.0024992,0.00044699999999999997,0.00099219999999999994,-0.00080920000000000005,-0.0011610000000000001,-0.0010521999999999999,0.0011340000000000002,5.5399999999999978e-05,0.00026580000000000012,0.00064020000000000006,-0.0012390000000000001,-0.00048760000000000003,0.0013979999999999999,-0.0023394000000000002,0.0011228000000000002,-0.00037180000000000004,0.0013881999999999998,8.1599999999999978e-05,-0.00024899999999999998,0.0011462,-0.00031040000000000001,0.00053499999999999989,4.5800000000000029e-05,-0.00093880000000000005,0.00012159999999999992,-0.00080219999999999998,-0.0024976,0.0017125999999999999,-0.00029700000000000001,0.0017013999999999998,-0.0014696000000000002,0.00045319999999999974,-0.00043679999999999999,-0.0011888000000000001,0.0010696,0.0015417999999999999,-0.0008035999999999998,-0.0010354000000000001,-0.00076040000000000005,-0.00058580000000000004,-0.0021392,0.00068559999999999997,-0.00038039999999999992,0.00024359999999999985,0.0011607999999999998,0.00015959999999999998,0.0024636000000000003,-0.0034766000000000003,-0.0015502000000000003,0.00012119999999999994,-0.0004684,0.00057100000000000022,0.0051083999999999999,-0.00073219999999999991,0.0024497999999999998,-0.00086599999999999991,0.00061899999999999987,-0.0019717999999999997,-0.0028205999999999999,0.0001894,0.00034860000000000002,-0.0013240000000000001,0.0032133999999999999,-0.0023026000000000001,-0.0036065999999999997,0.0033235999999999999,-0.0015509999999999999,0.0029402,-0.00049799999999999985,0.0027362000000000003,0.0013246,-0.0042278000000000003,0.00069899999999999997,-0.0025498000000000005,-0.0014312000000000001,0.0005708
aug_between_class_right_pair0016_child06,TLE,1,1,Augmented,0,0,0,0,0,0.29272979999999998,1.8362406999999998,3.0000000000000004e-07,-2.9999999999999993e-07,0,0.9482313,0,0.0320405,-0.1338811,0.025948499999999999,0.098639199999999996,-0.089281399999999997,0.074048100000000006,0.0029490000000000002,0.0099609000000000017,-0.026655999999999999,-0.079789100000000002,0.33066250000000003,-0.11781610000000001,-0.0049023000000000009,0.076481099999999996,-0.0075140000000000007,-0.014751,0.00042310000000000004,-0.053348,0.0171954,0.0223871,-0.054828700000000001,-0.0026192000000000008,-0.076496399999999992,0.019864,0.038966300000000002,-0.0275935,0.0041633999999999994,-0.0021811000000000018,-0.0403284,0.037749100000000001,-0.056841300000000004,-0.023607900000000001,0.091708600000000001,-0.0058078999999999978,0.17662060000000002,-0.070018999999999998,0.0105284,-0.0018851999999999999,-0.0035788,-0.0064931999999999993,-0.0016118999999999999,0.046943899999999997,-0.00057860000000000029,-0.0109243,-0.0077641000000000003,-0.026187499999999999,0.016337899999999999,0.0263241,0.017992299999999999,0.0166234,-0.0040871000000000006,-0.0031862000000000006,0.020758100000000002,-0.046859000000000005,0.0017102999999999999,0.0039027999999999992,0.0045232000000000015,0.0260325,-0.090512599999999999,-0.021661900000000001,-0.031142099999999999,-0.0139839,0.0142404,0.0016784999999999999,-0.0030766000000000005,0.020179299999999997,0.0040415,3.0000000000000079e-05,-0.0060239999999999998,0.0067146999999999997,0.0008354000000000009,-0.0097140000000000004,0.0044025999999999996,0.0023169000000000006,-0.014832500000000002,0.0092014000000000002,0.0012072000000000012,0.0079508000000000009,-0.0089405000000000005,-0.0073728999999999991,0.0181797,-0.016379399999999999,-0.0039594999999999995,-0.010463500000000001,-0.0080044999999999995,0.0014695999999999997,-0.013557,-0.0090270999999999997,0.011518799999999999,-0.0041318999999999991,0.00037640000000000026,0.0067656999999999995,0.0030137999999999992,0.019281599999999999,-0.0086040000000000005,-0.0016052000000000002,0.0023223000000000002,-0.0055623000000000001,-0.0050528999999999999,0.017463699999999999,-0.0065144999999999995,0.0076066999999999984,0.0016635000000000005,0.0066169000000000002,-0.00038759999999999966,-0.0063084000000000005,0.0052462999999999997,0.0126952,0.0050836000000000006,-0.0043557999999999999,0.0086917999999999995,-0.0066254,0.0029329999999999998,-0.0116591,0.0091947000000000001,-0.0024675000000000001,-0.0044321999999999999,0.0070822999999999997,-0.0031425999999999997,0.0012549000000000004,-0.0072234999999999999,-0.00019070000000000024,0.0024004000000000004,-0.0047347999999999999,0.0015110999999999996,-0.0035721999999999998,-0.012425499999999999,-0.0060721999999999998,-0.0100328,-0.0066316999999999999,0.0034367999999999994,0.0010607000000000001,-0.0083205999999999992,0.0074440999999999995,0.0050162000000000002,-0.0030381999999999996,-4.4300000000000047e-05,-0.00038149999999999979,0.00097560000000000008,0.0019195999999999998,-0.0055339999999999999,0.0013642999999999997,0.001819299999999999,0.00096169999999999979,0.0041162999999999998,0.0043144000000000004,0.0013580999999999999,0.0032784999999999997,-0.0027208000000000002,-0.00017040000000000024,0.0032175000000000007,-0.00071340000000000021,-0.0020176000000000005,-0.0028740999999999997,0.0071672000000000003,0.0030108999999999999,-0.00034719999999999993,-0.0037599999999999995,-0.0030800999999999997,-0.010105699999999999,-0.00049470000000000026,-0.0079617000000000004,-0.0018092999999999998,0.0034857,0.0073205000000000006,0.0081957000000000002,-0.013242500000000001,-0.0043225,0.0082450000000000006,-0.0048070000000000005,0.0030704999999999999,0.0029259999999999998,-0.0053995999999999992,0.0026173999999999998,-0.013848300000000001,0.0083365999999999996,0.0025498000000000005,-0.0022988000000000006,0.0046514999999999994,0.0013782999999999996,-0.0013206000000000001,0.0020544000000000001,-0.0011426000000000001,-0.0012772999999999997,0.00084939999999999994,0.0037239000000000005,-0.00066409999999999993,-0.0061672000000000003,0.00070549999999999996,0.00057590000000000007,-0.00054890000000000039,-2.3999999999998822e-06,-0.0027689000000000004,0.0040154999999999991,-0.0026880999999999997,-0.0024635,0.0016619,-0.0040519000000000006,-7.1100000000000156e-05,0.0044749000000000004,0.0022439999999999999,0.0010244,-0.0039188999999999995,0.0032168000000000001,0.0056546000000000009,-0.0029659,-0.00074530000000000017,0.0090080999999999998,-0.0017615999999999999,0.0028297000000000001,-0.0030981999999999997,-0.0019463,-0.0018569999999999999,0.0029746,0.0085021000000000003,-0.00085490000000000002,-0.0015599000000000003,-0.0033287000000000004,0.0050264000000000003,-0.0022233999999999999,0.0042847999999999992,0.0036635000000000001,0.0029138999999999997,0.0031184999999999993,0.00057529999999999994,-0.0056120999999999983,-0.011513099999999998,7.6200000000000226e-05,-0.0071561000000000003,-0.0019797999999999999,-0.0081738999999999996,0.0026957000000000001,-0.00067139999999999995,-0.0020872999999999994,-0.0017198999999999999,-0.00044539999999999977,-0.0014296000000000003,0.0013045999999999997,-0.0033050999999999996,3.3400000000000053e-05,-0.0032589999999999997,-0.0017365000000000006,0.0023901,-0.0013260000000000001,0.0014945000000000002,0.0002869999999999995,-0.0010639999999999996,-0.00097029999999999968,0.0071539999999999998,-0.005434099999999999,0.0018837000000000003,-0.0029554999999999998,0.0025363,-0.0011195999999999999,-0.0036503000000000004,-6.6700000000000049e-05,0.00083990000000000009,-0.0030239999999999998,0.0015748000000000003,0.0020388999999999997,0.0043121999999999995,0.0039823000000000002,-0.00031079999999999997,0.0022919999999999998,-0.0033557000000000001,0.0021301000000000002,0.0068313000000000002,0.0056945999999999993,-0.0022558999999999999,0.0041854000000000006,0.00062340000000000008,-0.0052154000000000002,0.00011710000000000008,-0.0028984000000000002,0.0040165000000000001,-0.00016219999999999993,-0.0016422000000000001,-0.0045748000000000004,-0.0016616999999999999,-0.0076833000000000005,0.0060644999999999996,-0.0061606000000000005,0.0040436999999999999,0.0051264999999999991,0.0031498000000000003,0.0080891000000000001,-0.016838199999999998,-0.0014300999999999997,0.0006249999999999999,-0.00099410000000000015,0.0013120999999999999,0.0023315999999999996,9.6299999999999983e-05,-0.00053509999999999994,0.0018014000000000001,0.0027550000000000001,-0.00087039999999999991,-0.00013649999999999979,0.0013090000000000001,-0.0011800000000000001,0.002114,-0.00099919999999999978,-0.00020500000000000002,-0.0012328999999999999,0.00052629999999999994,0.0013615999999999999,-0.00027070000000000007,-0.00053219999999999993,-0.00038559999999999999,-0.00011269999999999997,-0.00019019999999999996,-0.0010749000000000002,-0.00088540000000000016,0.0015282,0.0023353000000000002,0.0013451000000000001,-0.0017579,-0.0014739000000000002,-0.0029867999999999995,-0.00078510000000000006,-0.0010205000000000001,-0.0023736,0.0040432999999999997,-0.0018795000000000001,0.00066389999999999982,0.0059202999999999999,-0.0018445999999999998,-0.0039497999999999998,0.00059690000000000003,0.0034816000000000001,0.00073479999999999986,0.0019963999999999997,0.0025830999999999996,0.0054897999999999995,-0.0045820000000000001,-0.001062,-0.0012342000000000004,-0.0046883000000000003,0.0011931000000000003,0.0021425999999999997,-0.0026302999999999999,0.0056866999999999994,-0.0044257000000000003,-0.0032426000000000004,-0.0032031,0.0046614000000000004,0.013134900000000001,-0.0028879999999999999,0.0018107999999999998,0.0046931000000000004,-0.00063619999999999996,-3.0000000000000079e-05,0.00030789999999999995,0.00029030000000000001,0.00080290000000000005,-0.00034500000000000004,-0.00093289999999999996,-0.00033270000000000001,0.00081709999999999997,0.0013505000000000001,0.0012379000000000003,0.0013067000000000003,0.0012398000000000001,0.0012768999999999999,-0.00060220000000000022,0.00052990000000000003,0.00020859999999999976,-0.00098999999999999999,-0.0012950000000000001,0.0012287999999999999,-0.00023880000000000009,-0.0024377999999999999,0.00019030000000000002,0.00064250000000000017,-0.0031855,-0.0019802999999999999,0.00125,0.00061079999999999999,0.00056090000000000003,-2.560000000000008e-05,0.0031254,0.00016929999999999994,-0.0026908999999999995,0.0023008999999999998,-0.0018773999999999998,-0.0026108000000000004,0.0042135999999999996,0.0020314999999999999,0.00088880000000000003,0.0013581999999999999,0.00084979999999999995,-0.00033129999999999987,-0.0038285999999999997,-0.0026313,0.0019319999999999999,-0.0012728000000000001,-0.00059500000000000004,0.00046329999999999993,-0.00021090000000000008,0.0012359000000000001,-0.00029230000000000027,-0.0040930000000000003,0.00093090000000000002,0.0023037000000000001,-0.00074810000000000013,-0.00098519999999999988,1.2999999999999937e-05,-0.0013175999999999999,0.00045420000000000025,0.0016591999999999998,0.0028557999999999999,0.0033049999999999998,-0.0027793000000000002,0.0018623000000000003,-0.0017778,-0.0066663999999999994,0.00069320000000000015,-0.0043540999999999996,0.0061951999999999997,-0.0020809000000000001,0.00047199999999999998,0.0010578999999999999,-0.00092889999999999997,-0.0014265,-0.0010114,0.0012409999999999999,0.00027329999999999987,0.00026260000000000004,0.00044240000000000013,-0.0011589999999999999,-0.00047120000000000002,0.0012045000000000003,-0.0020753,0.0010996000000000003,-0.00012510000000000014,0.0015978999999999998,-3.3299999999999962e-05,-0.00023399999999999994,0.00090390000000000023,-0.00019480000000000002,0.00080499999999999994,-0.00019939999999999991,-0.00088910000000000009,0.00036469999999999981,-0.0010004000000000002,-0.0024472000000000001,0.0018257,-0.00021800000000000009,0.0018282999999999999,-0.0016096999999999999,0.00072789999999999975,-0.00038060000000000004,-0.0013835999999999998,0.0014266999999999997,0.0016186,-0.0012277,-0.0011888000000000001,-0.00084479999999999993,-0.00061360000000000006,-0.0020154000000000001,0.00065419999999999996,-0.00058329999999999981,-0.00013630000000000033,0.0010660999999999999,0.0005041999999999999,0.0024442000000000001,-0.0037287000000000006,-0.0013079000000000003,-0.00016759999999999993,-0.00043780000000000002,0.00022550000000000022,0.0054692999999999999,-0.00089589999999999993,0.0030685999999999995,-0.0010304999999999999,0.00067799999999999967,-0.0021960999999999999,-0.0029616999999999998,0.00031530000000000002,0.00022770000000000006,-0.0014709999999999999,0.0032912999999999996,-0.0022871999999999997,-0.0038947000000000001,0.0034692,-0.001719,0.0028918999999999998,-0.0006674999999999998,0.0027754000000000003,0.0014226999999999998,-0.0044831000000000003,0.00077499999999999997,-0.0027136,-0.0014389000000000001,0.00055309999999999995
aug_between_class_right_pair0016_child07,TLE,1,1,Augmented,0,0,0,0,0,0.29056519999999997,1.8283487999999999,1.9999999999999994e-07,-1.9999999999999999e-07,0,0.94632819999999995,0,0.032002999999999997,-0.13351440000000001,0.027899999999999998,0.096592799999999993,-0.090786600000000009,0.075124399999999994,0.0031340000000000005,0.010462600000000001,-0.025355999999999997,-0.080588399999999991,0.33278000000000002,-0.1221174,-0.0030911999999999997,0.078094400000000008,-0.0084940000000000015,-0.014541999999999999,0.00070339999999999943,-0.052692999999999997,0.016962600000000001,0.023591399999999998,-0.0561158,-0.0013798,-0.0756656,0.020011999999999999,0.038492200000000004,-0.027681999999999998,0.0031685999999999971,-0.002156400000000001,-0.040594599999999995,0.040183400000000001,-0.0545432,-0.024796599999999999,0.090933399999999998,-0.007935600000000001,0.1741994,-0.069071999999999995,0.0105296,-0.0022448000000000004,-0.0034271999999999996,-0.0056918000000000003,-0.0018136000000000003,0.047264600000000004,-0.00044839999999999984,-0.010758199999999999,-0.0070343999999999997,-0.026329999999999999,0.015995599999999999,0.0267224,0.017082199999999999,0.016616599999999999,-0.0035914000000000007,-0.0022877999999999996,0.020478400000000001,-0.046346999999999999,0.0019942000000000002,0.0045071999999999994,0.0043708000000000011,0.026682000000000001,-0.088140399999999994,-0.022493600000000002,-0.028600399999999998,-0.0155946,0.014004599999999999,0.0016239999999999998,-0.0032634000000000009,0.0200322,0.0048680000000000008,-0.00093200000000000097,-0.0053839999999999999,0.0067548,0.00028059999999999977,-0.010348,0.0044703999999999994,0.0015335999999999995,-0.013733,0.0095256000000000004,0.00082379999999999953,0.0075041999999999999,-0.0094669999999999997,-0.0077025999999999996,0.017861800000000001,-0.016894599999999999,-0.0035769999999999999,-0.010305,-0.0091460000000000014,0.0022974000000000002,-0.013631000000000001,-0.0084763999999999985,0.011407199999999999,-0.0044755999999999997,-0.0016384000000000008,0.0066247999999999984,0.0037552000000000002,0.0188294,-0.0072189999999999989,-0.0012737999999999998,0.0020141999999999998,-0.005983200000000001,-0.0051546000000000005,0.018559800000000001,-0.0064949999999999999,0.0080808000000000026,0.0015629999999999997,0.0065376000000000002,0.00023360000000000091,-0.0061796000000000004,0.0052081999999999996,0.0128938,0.0042984,-0.0047261999999999998,0.0091072000000000011,-0.0071646000000000001,0.0027989999999999998,-0.0116664,0.0095298000000000015,-0.0022189999999999996,-0.0051018000000000001,0.0064461999999999992,-0.0034234000000000001,0.00086159999999999969,-0.0070829999999999999,0.00061620000000000034,0.0024266000000000001,-0.005801200000000002,0.0013523999999999993,-0.0046128000000000011,-0.012612999999999999,-0.0054437999999999995,-0.0095771999999999993,-0.0066318000000000002,0.0040661999999999998,0.0016878000000000006,-0.0086663999999999995,0.007199399999999999,0.0046787999999999995,-0.0031527999999999994,4.8800000000000021e-05,-0.00069800000000000005,0.00068339999999999981,0.0024063999999999999,-0.0055209999999999999,0.0015901999999999999,0.0020972,0.0012398000000000001,0.0046102000000000001,0.0042906000000000003,0.0014824,0.0034379999999999997,-0.0027042000000000004,0.00011540000000000009,0.0035770000000000003,-0.00038260000000000008,-0.0018174000000000003,-0.0034643999999999999,0.0075298000000000006,0.0028055999999999997,-0.00040980000000000004,-0.0042069999999999998,-0.0039304000000000006,-0.010479800000000001,0.00024720000000000037,-0.0088567999999999997,-0.0019832000000000001,0.0035497999999999997,0.0068299999999999993,0.0085357999999999996,-0.013568,-0.0046730000000000001,0.0080110000000000008,-0.0046639999999999997,0.0035620000000000005,0.0033610000000000007,-0.0056184,0.0031536000000000003,-0.0143032,0.0097204000000000023,0.0015311999999999995,-0.0018251999999999999,0.0048649999999999995,0.0024462000000000008,-0.0011153999999999999,0.0021726000000000002,-0.00094039999999999987,-0.0015822000000000002,0.0011316000000000002,0.0039796000000000007,-0.00054739999999999986,-0.0065258,0.00094300000000000004,0.00047059999999999984,-0.00016859999999999987,-0.00014560000000000004,-0.0028606,0.0042139999999999999,-0.0034604000000000002,-0.0026579999999999998,0.0014965999999999998,-0.0044556000000000005,-0.00015440000000000028,0.0047206000000000001,0.0021389999999999998,0.0013126000000000006,-0.0041946000000000006,0.0028761999999999998,0.0054064000000000004,-0.0033346000000000001,-0.0007402000000000001,0.0094193999999999996,-0.0020574000000000005,0.0024267999999999998,-0.0032748000000000005,-0.0018782,-0.0017779999999999998,0.0026133999999999997,0.0086394000000000002,-0.0010226,-0.0010345999999999999,-0.003435800000000001,0.0045886,-0.0022025999999999999,0.0046181999999999994,0.0031249999999999993,0.0023435999999999995,0.003862,0.0011272000000000005,-0.0054553999999999991,-0.012371399999999999,0.00023579999999999999,-0.0065083999999999993,-0.0029222000000000002,-0.0086975999999999998,0.0026848000000000002,-0.0007136,-0.0024072,-0.0019756000000000001,-0.00084460000000000015,-0.0011663999999999999,0.0013933999999999997,-0.0033924000000000003,-0.00024740000000000016,-0.0032209999999999999,-0.0017820000000000002,0.0025414000000000001,-0.001034,0.001405,0.00077999999999999988,-0.0012580000000000002,-0.0010751999999999999,0.0076470000000000002,-0.0056723999999999993,0.0012917999999999996,-0.0027009999999999994,0.0023982000000000005,-0.0013794000000000005,-0.0032821999999999999,-0.00013680000000000007,0.00072359999999999992,-0.0032039999999999998,0.0014681999999999998,0.0022475999999999998,0.0043347999999999998,0.0038721999999999997,-0.0002922,0.0023629999999999996,-0.0032598000000000002,0.0022393999999999999,0.0067152000000000002,0.0058034000000000002,-0.0025216000000000001,0.0043616000000000002,0.00035159999999999966,-0.005994600000000001,-0.00017360000000000015,-0.0028996,0.0040209999999999994,0.00033320000000000051,-0.0014738000000000002,-0.0052292000000000007,-0.0019038000000000002,-0.0074141999999999993,0.0055859999999999998,-0.0061713999999999996,0.0039538000000000004,0.0052529999999999999,0.0033512000000000004,0.0083823999999999999,-0.0174348,-0.0016964000000000003,0.00064600000000000009,-0.0011824000000000003,0.0015344,0.0025234000000000003,0.00011120000000000005,-0.00065240000000000003,0.0016985999999999998,0.0030230000000000005,-0.00088759999999999989,-0.00010899999999999983,0.001305,-0.0015590000000000003,0.0023179999999999997,-0.0012017999999999998,-0.00015799999999999996,-0.0013985999999999998,0.00067220000000000008,0.0016704000000000003,-0.00019979999999999998,-0.00059380000000000001,-0.00017239999999999985,-0.00016580000000000002,-8.2800000000000061e-05,-0.0007985999999999999,-0.00065559999999999989,0.0013787999999999999,0.0021202,0.0013974,-0.0016846000000000001,-0.00099959999999999958,-0.0032932000000000005,-0.00072839999999999992,-0.00095699999999999995,-0.0026424000000000005,0.0042651999999999994,-0.0018929999999999999,0.00078759999999999995,0.0060261999999999998,-0.0020194000000000002,-0.0041641999999999998,0.00041259999999999984,0.0030883999999999998,0.0006471999999999999,0.0020086000000000001,0.0029034,0.0059661999999999996,-0.0043509999999999998,-0.0015940000000000004,-0.00081779999999999982,-0.0049562000000000009,0.00072839999999999992,0.0022214000000000001,-0.0027641999999999996,0.0062388000000000001,-0.0044088,-0.0029144000000000002,-0.0032544000000000002,0.0049116000000000003,0.012809599999999999,-0.0031360000000000003,0.0021012000000000001,0.0050074000000000004,-0.00064079999999999996,-9.0000000000000019e-06,0.00035659999999999999,0.00016319999999999985,0.00075259999999999997,-0.00011799999999999994,-0.00073959999999999987,-0.0003478,0.00081039999999999997,0.0013530000000000003,0.0015716000000000005,0.0013288000000000002,0.0014102000000000001,0.00097759999999999969,-0.00048879999999999996,0.00062260000000000006,0.00040740000000000004,-0.001266,-0.0010019999999999996,0.00097319999999999991,-5.9199999999999921e-05,-0.0026061999999999999,6.6199999999999874e-05,0.0003839999999999999,-0.0031299999999999995,-0.0020311999999999999,0.0012849999999999999,0.00061220000000000014,0.0003705999999999999,0.00012260000000000005,0.0032096,0.00039320000000000034,-0.0027946000000000004,0.0023426000000000002,-0.0019155999999999999,-0.0024671999999999997,0.0042294000000000003,0.0021410000000000001,0.00085819999999999983,0.0014418,0.00087219999999999984,-0.00017819999999999989,-0.003644399999999999,-0.0027562000000000003,0.001905,-0.0012362,-0.00088100000000000027,0.00053019999999999999,6.1400000000000191e-05,0.0010745999999999996,1.8800000000000023e-05,-0.0039979999999999998,0.00088259999999999999,0.0019138,-0.00057439999999999998,-0.0013517999999999998,0.00015400000000000006,-0.0016424000000000002,0.00013379999999999989,0.0021158000000000001,0.0031402000000000001,0.0036360000000000003,-0.0032262000000000007,0.0014212000000000001,-0.0015211999999999999,-0.0069385999999999996,0.00080380000000000013,-0.0047083999999999997,0.0058288000000000003,-0.0016625999999999998,0.00049699999999999994,0.0011236,-0.0010486000000000002,-0.0016920000000000004,-0.00097060000000000007,0.0013479999999999998,0.00049120000000000012,0.00025940000000000007,0.00024459999999999998,-0.0010789999999999999,-0.0004548,0.001011,-0.0018112000000000002,0.0010764000000000004,0.00012160000000000011,0.0018076000000000001,-0.00014820000000000011,-0.00021900000000000012,0.00066160000000000004,-7.9199999999999865e-05,0.001075,-0.00044460000000000018,-0.00083939999999999991,0.00060780000000000003,-0.0011986000000000002,-0.0023968000000000001,0.0019387999999999999,-0.00013899999999999996,0.0019551999999999998,-0.0017498000000000001,0.0010026000000000002,-0.00032439999999999997,-0.0015784,0.0017838000000000003,0.0016954000000000001,-0.0016518000000000001,-0.0013422000000000002,-0.00092920000000000003,-0.00064140000000000009,-0.0018915999999999998,0.00062279999999999996,-0.00078620000000000003,-0.00051620000000000051,0.00097140000000000008,0.00084880000000000025,0.0024248000000000004,-0.0039808000000000005,-0.0010656000000000001,-0.00045640000000000025,-0.00040719999999999998,-0.00012000000000000013,0.0058301999999999998,-0.0010596,0.0036874000000000004,-0.0011950000000000001,0.00073699999999999992,-0.0024204000000000001,-0.0031028000000000002,0.0004412000000000001,0.00010679999999999995,-0.0016180000000000001,0.0033692000000000001,-0.0022718,-0.0041828000000000004,0.0036148000000000005,-0.0018870000000000002,0.0028435999999999999,-0.00083699999999999996,0.0028146,0.0015208000000000001,-0.0047384000000000003,0.00085099999999999998,-0.0028774000000000004,-0.0014465999999999999,0.0005354
aug_between_class_right_pair0016_child08,TLE,1,1,Augmented,0,0,0,0,0,0.28840060000000001,1.8204568999999999,9.9999999999999995e-08,-9.9999999999999995e-08,0,0.94442510000000002,0,0.031965499999999994,-0.13314770000000001,0.0298515,0.094546400000000003,-0.092291800000000007,0.076200699999999996,0.0033190000000000008,0.0109643,-0.024055999999999998,-0.081387699999999993,0.33489750000000001,-0.12641869999999999,-0.0012800999999999993,0.079707700000000006,-0.0094739999999999998,-0.014332999999999999,0.00098370000000000011,-0.052038000000000001,0.016729800000000003,0.0247957,-0.0574029,-0.00014040000000000016,-0.074834799999999993,0.020160000000000001,0.038018099999999999,-0.027770499999999997,0.0021737999999999983,-0.0021317000000000003,-0.040860799999999996,0.042617700000000001,-0.052245099999999996,-0.025985299999999996,0.090158200000000008,-0.010063300000000001,0.17177820000000002,-0.068125000000000005,0.0105308,-0.0026044000000000002,-0.0032755999999999996,-0.0048903999999999996,-0.0020152999999999998,0.047585299999999997,-0.00031819999999999939,-0.0105921,-0.0063047000000000008,-0.0264725,0.015653299999999998,0.027120699999999998,0.016172099999999998,0.016609800000000001,-0.0030956999999999998,-0.0013893999999999998,0.0201987,-0.045835000000000001,0.0022780999999999999,0.0051115999999999991,0.0042183999999999989,0.027331499999999998,-0.085768200000000003,-0.023325300000000004,-0.026058699999999997,-0.0172053,0.013768799999999999,0.0015694999999999997,-0.0034502000000000001,0.019885099999999999,0.0056944999999999999,-0.0018940000000000007,-0.004744,0.0067948999999999996,-0.00027420000000000049,-0.010982,0.0045382,0.00075029999999999975,-0.012633500000000001,0.0098498000000000006,0.00044039999999999965,0.0070575999999999998,-0.0099935000000000006,-0.0080322999999999992,0.017543900000000001,-0.0174098,-0.0031944999999999994,-0.010146500000000001,-0.010287500000000002,0.0031252000000000003,-0.013705,-0.0079256999999999991,0.011295599999999999,-0.0048192999999999986,-0.0036532000000000014,0.0064839000000000008,0.0044965999999999999,0.0183772,-0.0058339999999999998,-0.00094239999999999992,0.0017060999999999999,-0.0064041000000000002,-0.0052563000000000002,0.019655899999999997,-0.0064755000000000004,0.0085549000000000007,0.0014625000000000003,0.0064583000000000002,0.00085480000000000061,-0.0060508000000000003,0.0051701000000000004,0.013092400000000001,0.0035131999999999997,-0.0050965999999999997,0.0095226000000000009,-0.0077038000000000002,0.0026649999999999998,-0.0116737,0.0098649000000000011,-0.0019705,-0.0057713999999999994,0.0058100999999999995,-0.0037041999999999999,0.00046830000000000005,-0.0069424999999999999,0.0014231000000000001,0.0024528000000000006,-0.0068676000000000006,0.0011936999999999989,-0.0056534000000000003,-0.012800499999999999,-0.0048153999999999992,-0.0091216000000000005,-0.0066318999999999996,0.0046955999999999994,0.0023149000000000004,-0.0090121999999999997,0.0069546999999999994,0.0043413999999999987,-0.0032674000000000002,0.00014190000000000001,-0.0010145,0.00039119999999999997,0.0028932000000000003,-0.0055080000000000007,0.0018161000000000002,0.0023750999999999993,0.0015179,0.0051041000000000003,0.0042668000000000003,0.0016067,0.0035975,-0.0026876000000000001,0.00040120000000000021,0.0039365000000000008,-5.1800000000000283e-05,-0.0016171999999999992,-0.0040546999999999996,0.0078924000000000008,0.0026002999999999998,-0.00047239999999999999,-0.0046540000000000002,-0.0047806999999999997,-0.0108539,0.00098910000000000057,-0.0097519000000000008,-0.0021571000000000003,0.0036138999999999998,0.0063394999999999996,0.0088759000000000008,-0.013893500000000003,-0.0050235000000000011,0.0077770000000000001,-0.0045209999999999998,0.0040534999999999998,0.0037960000000000008,-0.0058371999999999999,0.0036898,-0.014758100000000001,0.011104200000000002,0.00051259999999999967,-0.0013516000000000005,0.0050784999999999997,0.0035141000000000009,-0.00091020000000000001,0.0022908000000000004,-0.00073819999999999984,-0.0018871000000000001,0.0014138000000000002,0.0042353000000000009,-0.0004306999999999999,-0.0068843999999999997,0.0011804999999999999,0.00036530000000000004,0.00021169999999999978,-0.00028880000000000008,-0.0029523000000000001,0.0044124999999999998,-0.0042327000000000007,-0.0028524999999999996,0.0013312999999999999,-0.0048593000000000004,-0.00023770000000000019,0.0049662999999999999,0.0020339999999999998,0.0016008000000000003,-0.0044703,0.0025355999999999998,0.0051581999999999999,-0.0037033000000000005,-0.00073510000000000003,0.0098306999999999995,-0.0023531999999999997,0.0020238999999999999,-0.0034514000000000003,-0.0018101,-0.0016989999999999998,0.0022522000000000002,0.0087767000000000001,-0.0011903,-0.00050929999999999986,-0.0035428999999999999,0.0041507999999999996,-0.0021818000000000002,0.0049516000000000004,0.0025864999999999998,0.0017733,0.0046054999999999994,0.0016791000000000002,-0.0052986999999999999,-0.0132297,0.00039540000000000018,-0.0058606999999999999,-0.0038646000000000002,-0.0092212999999999982,0.0026738999999999999,-0.00075580000000000005,-0.0027271000000000001,-0.0022313000000000003,-0.0012438,-0.00090320000000000005,0.0014821999999999997,-0.0034797000000000001,-0.00052820000000000015,-0.0031829999999999996,-0.0018275000000000003,0.0026927000000000001,-0.00074199999999999993,0.0013155,0.0012729999999999994,-0.0014519999999999999,-0.0011800999999999999,0.0081399999999999997,-0.0059106999999999996,0.00069989999999999983,-0.0024464999999999999,0.0022601000000000001,-0.0016392000000000002,-0.0029140999999999998,-0.0002069000000000001,0.00060729999999999996,-0.0033839999999999999,0.0013616000000000001,0.0024562999999999998,0.0043574,0.0037621,-0.00027360000000000004,0.002434,-0.0031638999999999999,0.0023486999999999996,0.0065991000000000001,0.0059122000000000003,-0.0027873000000000004,0.0045378000000000007,7.9799999999999663e-05,-0.0067738,-0.00046430000000000006,-0.0029008000000000003,0.0040254999999999996,0.00082860000000000052,-0.0013053999999999997,-0.005883600000000001,-0.0021459000000000001,-0.0071450999999999997,0.0051075000000000001,-0.0061821999999999988,0.0038639,0.0053794999999999997,0.0035526000000000004,0.0086756999999999997,-0.0180314,-0.0019626999999999999,0.00066700000000000027,-0.0013707000000000001,0.0017566999999999999,0.0027152000000000001,0.0001261,-0.0007696999999999999,0.0015957999999999999,0.0032910000000000005,-0.00090479999999999998,-8.149999999999965e-05,0.0013010000000000001,-0.0019380000000000003,0.0025219999999999999,-0.0014043999999999999,-0.00011099999999999999,-0.0015643,0.00081810000000000021,0.0019792000000000004,-0.00012889999999999999,-0.00065539999999999999,4.0800000000000124e-05,-0.00021889999999999995,2.4600000000000056e-05,-0.00052229999999999985,-0.00042579999999999983,0.0012293999999999999,0.0019051000000000001,0.0014496999999999999,-0.0016113,-0.00052530000000000003,-0.0035995999999999997,-0.00067170000000000001,-0.00089349999999999998,-0.0029112000000000001,0.0044870999999999999,-0.0019065,0.00091129999999999998,0.0061320999999999997,-0.0021941999999999994,-0.0043785999999999999,0.00022829999999999986,0.0026952,0.00055959999999999994,0.0020208000000000001,0.0032236999999999999,0.0064425999999999997,-0.0041200000000000004,-0.0021260000000000003,-0.00040139999999999984,-0.0052241000000000006,0.0002636999999999999,0.0023002000000000001,-0.0028980999999999998,0.0067908999999999999,-0.0043919000000000007,-0.0025862000000000003,-0.0033057,0.0051618000000000002,0.0124843,-0.0033840000000000003,0.0023915999999999998,0.0053217000000000004,-0.00064539999999999997,1.1999999999999966e-05,0.00040529999999999999,3.6099999999999956e-05,0.00070229999999999999,0.00010900000000000005,-0.0005463,-0.00036290000000000004,0.00080369999999999997,0.0013554999999999999,0.0019053000000000002,0.0013508999999999999,0.0015805999999999999,0.00067829999999999984,-0.00037540000000000007,0.00071529999999999999,0.00060620000000000031,-0.001542,-0.00070899999999999978,0.00071759999999999988,0.00012040000000000008,-0.0027745999999999999,-5.7899999999999944e-05,0.00012549999999999996,-0.0030745,-0.0020820999999999999,0.0013200000000000002,0.00061360000000000028,0.00018029999999999977,0.00027079999999999997,0.0032937999999999999,0.00061710000000000009,-0.0028983000000000004,0.0023843000000000002,-0.0019537999999999999,-0.0023235999999999999,0.0042452000000000002,0.0022504999999999999,0.00082759999999999984,0.0015253999999999999,0.00089459999999999995,-2.5099999999999905e-05,-0.0034601999999999992,-0.0028810999999999997,0.0018779999999999999,-0.0011995999999999999,-0.0011670000000000001,0.00059709999999999993,0.00033370000000000009,0.00091329999999999992,0.00032990000000000005,-0.0039030000000000002,0.00083430000000000006,0.0015238999999999999,-0.00040069999999999993,-0.0017184000000000001,0.00029500000000000001,-0.0019672000000000005,-0.00018659999999999998,0.0025723999999999999,0.0034246000000000003,0.003967,-0.0036731000000000008,0.00098010000000000002,-0.0012645999999999998,-0.0072107999999999998,0.0009144,-0.0050626999999999998,0.0054623999999999992,-0.0012443000000000001,0.000522,0.0011893000000000001,-0.0011682999999999999,-0.0019575,-0.00092979999999999994,0.0014550000000000003,0.00070910000000000016,0.00025619999999999999,4.6799999999999945e-05,-0.00099899999999999989,-0.00043840000000000003,0.00081749999999999998,-0.0015471,0.0010532000000000002,0.00036830000000000001,0.0020172999999999996,-0.00026310000000000005,-0.00020400000000000008,0.0004193,3.6400000000000072e-05,0.0013449999999999998,-0.00068980000000000018,-0.00078969999999999995,0.00085090000000000003,-0.0013968000000000001,-0.0023463999999999998,0.0020518999999999997,-5.9999999999999981e-05,0.0020820999999999999,-0.0018899000000000003,0.0012773000000000003,-0.00026819999999999996,-0.0017731999999999999,0.0021409000000000003,0.0017722,-0.0020759000000000003,-0.0014956000000000001,-0.0010135999999999999,-0.0006692,-0.0017678000000000001,0.00059139999999999996,-0.00098910000000000014,-0.00089610000000000037,0.00087670000000000001,0.0011934000000000003,0.0024054000000000002,-0.0042329000000000004,-0.00082330000000000001,-0.00074520000000000022,-0.00037659999999999999,-0.00046550000000000009,0.0061911000000000006,-0.0012233000000000001,0.0043061999999999996,-0.0013595,0.00079600000000000016,-0.0026446999999999998,-0.0032439000000000001,0.00056710000000000018,-1.4100000000000031e-05,-0.0017650000000000001,0.0034470999999999998,-0.0022564,-0.0044708999999999999,0.0037604000000000005,-0.002055,0.0027952999999999997,-0.0010064999999999996,0.0028538000000000001,0.0016188999999999999,-0.0049937000000000002,0.00092699999999999987,-0.0030412,-0.0014543000000000002,0.00051770000000000006
aug_between_class_right_pair0017_child01,Healthy,0,0,Augmented,0,0,0,0,0,0.30123620000000001,2.0676926,-1.0000000000000002e-06,-7.9999999999999996e-07,-9.9999999999999916e-08,0.95033109999999998,0,0.018529699999999996,-0.1455091,0.0483706,0.058801400000000004,-0.073716599999999993,0.0691132,-0.0046941999999999999,0.010291900000000001,-0.021069600000000001,-0.024850999999999998,0.36046590000000001,-0.1200553,0.012508399999999999,0.013852300000000005,0.0102393,-0.022601799999999998,-0.0051146999999999998,-0.043565300000000001,0.020739500000000001,0.0037068999999999991,-0.052665200000000002,-0.012156000000000002,-0.091038499999999994,0.013791899999999999,0.0600254,-0.0486848,0.033028500000000002,-0.00013370000000000049,-0.042716700000000003,0.039716700000000001,-0.061575700000000004,0.037340299999999993,0.083060800000000004,0.0191886,0.18019879999999999,-0.070743799999999996,0.00097429999999999999,-0.0061083999999999999,0.0081403000000000014,-0.020659899999999998,-0.0010098999999999998,0.032394699999999998,-0.0038917000000000001,-0.0099393000000000016,-0.016459099999999997,-0.00054179999999999853,0.016785000000000001,0.0033369999999999962,0.031543799999999997,0.0068995999999999988,-0.016902199999999999,0.0066049000000000004,0.0070914000000000012,-0.031840600000000004,0.0091091999999999996,0.0032464999999999994,0.013621700000000002,-0.014071900000000009,-0.0906,-0.0010485,-0.0490255,0.041213700000000006,-0.0067143000000000012,-0.0012074000000000002,0.0042485999999999999,0.017694100000000001,0.0086677000000000004,-0.0047634999999999995,-0.0144642,0.0051535000000000001,0.0092595000000000004,-0.0076701000000000009,0.0080236999999999999,0.0065095999999999999,-0.0102025,0.0022373999999999996,-0.0017851999999999989,0.0102427,-0.0199989,-0.0157967,0.029715599999999998,-0.015260499999999998,-0.0019388999999999995,-0.012574800000000001,-0.0065258,0.0086373000000000005,-0.018347099999999998,-0.0005376999999999999,0.0139779,-0.0067053,0.017519199999999999,0.0185115,0.0038554000000000001,0.031900699999999997,-0.0112973,-0.0083417000000000005,0.0019821999999999999,-0.0019824,-0.00088940000000000113,0.0105827,-0.0042941999999999998,0.007571500000000001,0.00064769999999999986,0.0069651000000000001,-0.0025671000000000001,-0.0052271000000000001,0.0093582000000000005,0.0097614999999999993,0.00057709999999999966,-0.0015892000000000002,0.0077197999999999998,-0.0065687000000000002,0.0066369000000000003,-0.0040169999999999997,0.0079725999999999998,-0.0028868000000000001,-0.0032847999999999996,-0.0021382999999999992,0.0016847000000000008,0.00090109999999999973,-0.0108489,0.0032536000000000006,-0.00043430000000000031,-0.0036328000000000011,-0.010145600000000001,-0.013842500000000001,-0.022510099999999998,-0.0038558999999999998,-0.0068605000000000003,-0.0017726,-0.011444000000000003,0.0012112,-0.00099149999999999998,-0.0051644000000000004,-0.0040616999999999997,-0.0018663000000000004,0.0028782,-0.00067520000000000004,-0.0015102999999999996,0.00054300000000000008,-0.0010936999999999998,0.00099279999999999985,-0.0053422000000000001,0.0051284,0.0027044,-0.0024993999999999997,0.0045872999999999999,-0.0032582000000000002,-0.0017700999999999999,0.0057088,-0.00041290000000000001,0.0026454,-0.0057824,0.00029600000000000026,0.0068715,0.006060499999999999,-0.0029327000000000003,-0.0015545999999999997,-0.0065097000000000002,-0.0039335000000000004,-0.0028790999999999999,-0.0105256,-0.00013790000000000026,-0.0044401000000000006,0.0125574,0.0018267999999999995,-0.0083856,-0.0038773999999999987,0.0089981999999999996,0.0023536,-0.00027119999999999998,0.0025975,-0.0088140999999999983,0.009415500000000002,-0.0147476,0.020082900000000001,-0.0025819000000000007,0.020829899999999998,0.0062427999999999997,0.0033929999999999993,-0.0027924999999999998,0.0021167999999999998,0.0012087999999999999,-0.003026,0.0015865,-0.0029794000000000001,-0.0034740000000000005,-0.0012777000000000001,0.0014763000000000001,0.0045983000000000005,-0.0051766,-0.0029345999999999999,-0.0010824000000000003,0.0041346000000000004,0.0024576000000000003,-0.0014259000000000001,-0.00035530000000000007,0.0030242000000000003,0.0018798000000000005,0.0027650000000000001,-0.00080400000000000003,-0.0012643000000000001,-0.0030479999999999999,0.0040266999999999994,0.0020407000000000003,0.00014070000000000011,0.00045019999999999999,0.0097150000000000014,-0.0004326,-0.0035517000000000001,-0.0023531000000000003,-0.0031172000000000005,-0.00025799999999999977,-0.0004766000000000002,0.009248000000000001,0.0080858000000000006,0.0044500000000000008,-0.0057258000000000005,0.0018512000000000003,-0.0080748999999999994,0.0068908000000000007,0.001753,0.0041370999999999995,0.0014843,-0.0047450000000000001,-0.0014922000000000004,-0.016683400000000001,-0.00088959999999999994,-0.014245000000000001,0.0042807999999999995,-0.0102939,0.0009519000000000001,-0.00084400000000000002,-0.00017040000000000002,-0.0028244999999999998,-0.0027458000000000001,-0.0016406000000000001,0.00074780000000000007,0.00082549999999999985,0.0020975,-0.0022479000000000002,0.00059719999999999999,0.0044110999999999994,-0.0020803999999999996,0.0027605000000000004,-0.0011153000000000001,-0.00078859999999999998,0.0003723,0.0029072,-0.00099809999999999981,0.00045080000000000001,-0.0026024999999999998,0.0013757000000000001,0.0030052000000000004,-0.0052836999999999997,-0.00056160000000000042,0.0022687000000000002,-2.2199999999999998e-05,0.0025230000000000001,0.0019245999999999998,0.0016034999999999999,0.0013201999999999999,-0.0015398000000000002,0.0017887999999999999,0.0016334000000000006,-0.0029260000000000002,0.0027026999999999997,-7.8100000000000001e-05,0.0015217,-0.00082330000000000033,0.0022358999999999999,-0.00055920000000000015,-0.00059430000000000008,-0.0018958999999999998,0.0056708000000000001,0.00068600000000000041,-0.0033096000000000002,-0.0035473000000000002,0.0020624000000000003,-0.0065575000000000008,0.0019426000000000001,-7.9999999999993271e-06,-0.0012278000000000002,-0.0078820000000000001,0.0025402000000000003,0.0030924999999999998,-0.015222399999999999,0.0039197999999999993,-0.00012379999999999997,0.00051320000000000001,0.0018367000000000001,0.0029230000000000003,-0.00043420000000000009,-0.0070335000000000007,-0.00053180000000000002,0.0019947000000000003,-0.00079670000000000001,4.7499999999999908e-05,0.0021120000000000002,-0.0024285000000000001,0.00059929999999999977,-0.0020700000000000002,0.0013877,-0.0019921000000000001,-0.00041300000000000006,0.002869,0.0016404,-0.0030355,-0.0019667999999999999,4.1200000000000026e-05,0.00037689999999999989,0.00041329999999999991,-0.0020071999999999998,0.0033038000000000004,0.0012758000000000001,-0.0018130999999999998,-0.00070619999999999993,-0.0042300000000000003,-0.00080929999999999999,0.00025449999999999995,0.00029569999999999987,-0.0024660000000000003,0.0029301000000000002,0.0027554999999999997,0.0033942999999999998,0.0041719000000000001,0.0012542000000000005,0.00089950000000000013,-0.0019743,0.0018200000000000004,-0.0011348999999999999,-0.0001248,0.0053723,0.0048944000000000001,-0.0069211000000000003,-0.00042700000000000002,-0.0048459999999999996,-0.0067521999999999999,-0.00044570000000000005,0.0056877000000000004,0.0033013999999999995,0.0055575999999999993,-0.0023029000000000001,-0.0035140000000000002,-0.0059191000000000001,0.0067886000000000014,0.0117809,-0.0035969000000000001,0.0014841000000000001,-0.0025866000000000005,0.0011837000000000006,0.00062259999999999985,-0.00046919999999999986,-0.00045770000000000012,0.00036850000000000001,-0.0004682,-0.00084820000000000002,-0.00051900000000000004,0.00070540000000000002,0.00024029999999999996,-0.0013618000000000002,-0.0007048,3.7000000000000357e-06,-0.0017773000000000001,0.00010779999999999999,-0.00085270000000000007,-0.00019649999999999984,6.3899999999999981e-05,-0.0027605999999999998,0.0014151999999999999,-0.00072199999999999999,-0.0012703,0.0017845999999999999,0.00021080000000000003,-0.0025739000000000005,-0.0010249,0.00059620000000000018,-0.00075480000000000013,-0.0004800999999999998,-0.00016659999999999998,0.00051580000000000007,-0.0017451000000000003,0.0003966000000000001,0.0025442999999999998,0.00025959999999999997,-0.00056360000000000004,-0.00026539999999999995,0.0032965999999999998,-0.0028578999999999996,0.00080780000000000001,-0.0019988000000000002,0.0012557999999999998,-0.00039670000000000005,0.0012737,-0.00016050000000000005,-0.0023336999999999998,-0.0035299999999999997,0.0014993000000000001,0.0028434999999999997,0.0002635999999999999,0.00067280000000000009,0.00040599999999999989,0.0050558000000000009,-0.00031829999999999966,-0.0046480000000000011,-0.0030521999999999997,-0.00046430000000000006,0.0020738000000000002,0.0037206000000000006,-0.0034243000000000003,0.0025284000000000001,0.0029429,-0.0016887,-0.0077286999999999989,-0.0072319000000000003,-0.0060783,0.0015747999999999999,-0.0015853,0.0018908999999999996,-0.0029671999999999997,1.7500000000000046e-05,0.0016639999999999999,-0.0013165,-0.0014089,0.00020580000000000002,-0.00019289999999999997,-0.00039770000000000007,0.0010068000000000002,0.0015035999999999999,-0.0011908999999999999,-0.0011177999999999997,0.0012233000000000001,0.00018119999999999996,-7.9999999999996524e-07,-0.0011142999999999999,0.00034910000000000003,-0.001755,0.0010535000000000002,0.00093250000000000039,0.00052559999999999998,-0.00058949999999999996,0.00091930000000000007,-0.0020675999999999997,0.0016846999999999999,0.00083060000000000002,-0.0016761,0.0001384,-0.00047909999999999999,-0.0010993999999999999,-0.00044640000000000001,-0.0011336,0.00013739999999999998,0.0016032000000000002,-0.00062589999999999998,0.00030329999999999995,-0.00051699999999999999,0.00036480000000000003,-0.0016676000000000004,-0.0018189,0.00053700000000000015,0.0027265000000000006,-0.00059729999999999994,0.0020972999999999999,7.1700000000000008e-05,0.00037370000000000003,0.00052809999999999999,0.00063209999999999981,-0.00039950000000000001,0.00016809999999999997,0.0033874999999999999,0.0027251000000000003,0.0014215,-0.0019697000000000004,0.0045647000000000005,-0.0011181000000000001,0.0020214000000000005,-0.00030770000000000005,0.00065919999999999998,0.00075250000000000002,-0.00048690000000000007,0.0014435000000000001,0.0035854000000000007,-0.00022289999999999983,-0.00039119999999999997,-0.0011345999999999995,-0.00014669999999999993,0.00066310000000000002,-0.0024478999999999998,0.00043389999999999998,0.0019822999999999998,-0.0081747999999999994,-0.0010375000000000002,-0.0074859000000000002,0.0030330000000000005,0.00020160000000000002
aug_between_class_right_pair0017_child02,Healthy,0,0,Augmented,0,0,0,0,0,0.2964714,2.0660022000000002,-9.9999999999999995e-07,-5.9999999999999997e-07,-1.9999999999999996e-07,0.94917320000000005,0,0.017068399999999997,-0.14762020000000001,0.049025200000000005,0.059041799999999998,-0.076431199999999991,0.068477400000000008,-0.0052274000000000001,0.0121148,-0.019978200000000002,-0.022265999999999994,0.36715579999999998,-0.1263476,0.0077097999999999993,0.010679600000000011,0.0088645999999999985,-0.022721600000000002,-0.0051983999999999997,-0.044423600000000001,0.022658999999999999,0.0028937999999999985,-0.053681399999999997,-0.012332000000000004,-0.091424999999999992,0.0131748,0.059985800000000006,-0.048236600000000004,0.032668000000000003,-0.00012840000000000074,-0.041929399999999999,0.039817400000000003,-0.063979400000000006,0.038845600000000008,0.082724599999999995,0.020306200000000003,0.18282660000000001,-0.070117600000000002,0.0015805999999999997,-0.0067158000000000009,0.0075556000000000043,-0.020460800000000001,-0.0016197999999999994,0.033676399999999995,-0.0041504000000000003,-0.010030600000000001,-0.015823199999999999,-0.0015645999999999993,0.017503000000000001,0.0030769999999999964,0.031046600000000001,0.0065982000000000002,-0.017922400000000002,0.0061888000000000004,0.0067587999999999988,-0.030763200000000004,0.0085923999999999983,0.0024689999999999998,0.0133524,-0.011624800000000008,-0.090526999999999996,-0.00082199999999999981,-0.048389000000000001,0.039870400000000007,-0.0073676000000000037,-0.0012558000000000003,0.0039681999999999999,0.0176142,0.0098174000000000004,-0.0051510000000000002,-0.013988400000000002,0.0051440000000000001,0.0094219999999999998,-0.007865200000000001,0.0082203999999999992,0.0072821999999999991,-0.010402999999999999,0.0018878,-0.0028384000000000013,0.0092244000000000007,-0.020043800000000001,-0.014549400000000001,0.0294612,-0.014397999999999999,-0.0021478000000000001,-0.012455600000000001,-0.0083916000000000008,0.0084206000000000003,-0.018428199999999999,-0.00037840000000000009,0.015303799999999999,-0.0056975999999999997,0.016315400000000001,0.018248,0.0023118000000000001,0.031069399999999997,-0.0096845999999999998,-0.0080654000000000003,0.0022884000000000003,-0.0023888,-0.0007727999999999997,0.0100724,-0.0039573999999999998,0.007465000000000002,0.00041439999999999999,0.0068411999999999995,-0.0026012000000000001,-0.0053461999999999997,0.009802400000000001,0.0093449999999999991,0.00098519999999999988,-0.0014483999999999999,0.0077115999999999999,-0.0062433999999999996,0.0068938000000000003,-0.0047330000000000002,0.0080441999999999996,-0.0023906000000000005,-0.0031335999999999998,-0.0019456000000000005,0.00056940000000000029,0.0013081999999999996,-0.0111118,0.0037832000000000005,-0.0012906000000000011,-0.0038906000000000001,-0.0100832,-0.013428000000000001,-0.022146199999999998,-0.0036497999999999995,-0.00694,-0.0004461999999999999,-0.0094670000000000015,0.0013373999999999999,0.00020600000000000018,-0.0059927999999999995,-0.0038234000000000002,-0.0019266000000000001,0.0028874,-0.0010273999999999999,-0.0011015999999999999,0.00064600000000000009,-0.00094539999999999989,0.0011575999999999999,-0.0051263999999999997,0.0055008000000000001,0.0029367999999999998,-0.0028078000000000001,0.0041785999999999993,-0.0033134000000000002,-0.0015571999999999999,0.0052915999999999996,-8.7999999999999971e-06,0.0030058000000000003,-0.0056188000000000002,0.00014600000000000073,0.0069159999999999994,0.0050319999999999991,-0.0028664000000000003,-0.0021341999999999997,-0.0060733999999999996,-0.0037160000000000001,-0.0028812,-0.0099241999999999993,4.8199999999999545e-05,-0.004741200000000001,0.0120778,0.0018616000000000001,-0.0089622,-0.0037177999999999994,0.0091223999999999993,0.0020332000000000002,-0.0003344,0.0023669999999999993,-0.0088551999999999988,0.0093720000000000001,-0.0159002,0.020689800000000001,-0.0032058000000000008,0.020263799999999998,0.007247599999999999,0.0035580000000000004,-0.0026230000000000003,0.0021136000000000002,0.0010625999999999999,-0.0028260000000000004,0.001384,-0.0025967999999999998,-0.0030439999999999998,-0.0013313999999999999,0.0013786000000000002,0.0044916000000000001,-0.0049941999999999999,-0.0032882000000000007,-0.0011488000000000002,0.0038372000000000002,0.0022112000000000004,-0.0011498000000000001,-0.00032260000000000004,0.0027363999999999999,0.0013136000000000003,0.0023609999999999998,-0.00020500000000000054,-0.0013526,-0.0029889999999999999,0.0046134000000000001,0.0023734000000000003,-0.00032760000000000005,0.00042339999999999977,0.0098130000000000005,-0.00085720000000000002,-0.0038254000000000009,-0.0022602000000000004,-0.0028774000000000004,-4.3000000000000069e-05,-0.00079520000000000025,0.0088860000000000015,0.0074926000000000012,0.0036520000000000012,-0.0059086000000000008,0.0016884000000000003,-0.008013799999999998,0.0066766000000000004,0.0016430000000000001,0.0044352000000000003,0.0016555999999999999,-0.0046589999999999999,-0.0019014000000000006,-0.0166778,-0.0001192000000000003,-0.013856,0.0049956000000000011,-0.0101908,0.0010177999999999999,-0.00093800000000000003,-0.00027080000000000002,-0.0023919999999999996,-0.0027556000000000004,-0.0012522000000000004,0.00051560000000000006,0.00055800000000000012,0.0018959999999999997,-0.0021887999999999999,0.00070339999999999997,0.0043292000000000001,-0.0019657999999999998,0.0023680000000000003,-0.00089459999999999995,-0.00095719999999999996,0.00053760000000000006,0.0028354000000000001,-0.0011092000000000001,0.00073760000000000015,-0.0026049999999999997,0.0015074000000000001,0.0031574000000000003,-0.0054393999999999996,-0.0002082000000000004,0.0022754000000000003,-0.00023939999999999986,0.0023500000000000001,0.0019662,0.0018600000000000001,0.0014863999999999999,-0.0015676000000000002,0.0018185999999999999,0.0011838,-0.0032060000000000001,0.0029733999999999997,-0.00045519999999999995,0.0015403999999999999,-0.00065760000000000037,0.0022117999999999999,-0.00063739999999999977,-0.0010456000000000003,-0.0020378000000000002,0.0056156000000000001,-0.00015499999999999976,-0.0035912000000000001,-0.0033126000000000002,0.0014488000000000001,-0.0062440000000000013,0.0018982000000000001,-0.00011099999999999955,-0.00085059999999999997,-0.0077630000000000008,0.0024824000000000001,0.0026799999999999997,-0.015666799999999998,0.0040765999999999997,-0.00017659999999999996,0.00037339999999999997,0.0017844000000000002,0.0033030000000000004,-0.00041540000000000007,-0.0066760000000000005,-0.00027760000000000013,0.0020054000000000001,-0.00095540000000000002,0.00014800000000000002,0.0019880000000000002,-0.0021780000000000002,0.0010945999999999998,-0.0018850000000000002,0.0014124000000000001,-0.0017982,-0.00028900000000000003,0.00281,0.0012917999999999998,-0.0031040000000000009,-0.0018335999999999999,8.3399999999999859e-05,0.00033980000000000034,0.00041160000000000003,-0.0020084,0.0031066000000000006,0.00085359999999999993,-0.0019832000000000001,-0.00070439999999999999,-0.0038780000000000004,-0.00052359999999999993,0.00051800000000000001,0.00051839999999999959,-0.0022550000000000001,0.0029022000000000002,0.0025010000000000002,0.0035125999999999998,0.0039047999999999999,0.0010044000000000001,0.00092700000000000031,-0.0017986,0.0016360000000000003,-0.00091279999999999996,-0.00037060000000000001,0.0048885999999999999,0.0044688000000000002,-0.0065842000000000001,-0.00042999999999999999,-0.0044009999999999995,-0.0062313999999999998,-0.00029540000000000002,0.0052504000000000006,0.0030027999999999999,0.0048151999999999995,-0.0027458000000000005,-0.0028690000000000005,-0.0060712000000000006,0.0066152000000000008,0.0111988,-0.0039488000000000006,0.0019931999999999997,-0.0025882000000000006,0.00089740000000000002,0.00068219999999999999,-0.0004524000000000001,-0.00028840000000000007,0.000386,-0.00065240000000000003,-0.0005264,-0.00042200000000000001,0.00089380000000000004,0.00017159999999999997,-0.0013786,-0.00051160000000000008,-7.2599999999999976e-05,-0.0014926000000000004,0.0003076,-0.00093639999999999999,-0.00012399999999999998,6.079999999999996e-05,-0.0028402000000000002,0.0013573999999999999,-0.00063699999999999998,-0.0010985999999999999,0.0015602000000000001,2.660000000000005e-05,-0.0026208000000000004,-0.00079980000000000003,0.00032939999999999998,-0.00062060000000000012,-0.00028819999999999996,0.00012879999999999999,0.00072760000000000001,-0.0015652000000000001,0.00042020000000000013,0.0024716,0.00051420000000000003,-0.00057919999999999998,-0.00021480000000000002,0.0030182,-0.0028188000000000002,0.0009456,-0.0019586,0.0010795999999999998,-0.00054640000000000005,0.0010614000000000001,-0.00011499999999999998,-0.0024503999999999997,-0.0036340000000000001,0.0018205999999999999,0.0028419999999999999,0.00047820000000000002,0.00069460000000000008,-4.4999999999999901e-05,0.0048376000000000001,-0.00032559999999999967,-0.0044440000000000009,-0.0030844000000000002,-0.00041559999999999991,0.0024056000000000004,0.0040201999999999998,-0.0033626000000000007,0.0024128000000000001,0.0030158000000000003,-0.0019674000000000002,-0.0073934000000000005,-0.007023800000000001,-0.0052486,0.0013936,-0.00091059999999999991,0.0018027999999999998,-0.0025333999999999999,7.9000000000000023e-05,0.0015690000000000001,-0.00124,-0.0012068000000000001,0.0002006,-6.8000000000000569e-06,-0.00033940000000000001,0.00098759999999999994,0.0013652,-0.0012467999999999999,-0.0012266,0.0013546000000000001,0.00029639999999999994,5.740000000000004e-05,-0.00081559999999999998,0.00029619999999999999,-0.001575,0.00080800000000000002,0.00069800000000000027,0.00051820000000000002,-0.00065700000000000003,0.00091560000000000014,-0.0018751999999999996,0.0013664,0.00085919999999999996,-0.0015742,0.00022479999999999988,-0.00057020000000000009,-0.00083080000000000024,-0.00072379999999999992,-0.0010662,6.5800000000000014e-05,0.0018004000000000002,-0.00059180000000000007,0.00035359999999999992,-0.00028500000000000004,0.00033760000000000002,-0.0016632000000000001,-0.0017078000000000002,0.00075000000000000023,0.0021840000000000002,-0.00044659999999999996,0.0018856000000000001,-1.0599999999999987e-05,0.00022439999999999998,0.00056319999999999992,0.00046619999999999973,-0.00027599999999999999,-0.00010280000000000006,0.0031520000000000012,0.0025401999999999998,0.0010529999999999999,-0.0018474000000000001,0.0041384000000000004,-0.0009502,0.0017298000000000005,-0.00059539999999999994,0.00030140000000000006,0.00116,-0.00054180000000000005,0.0014310000000000002,0.0031948000000000007,0.00011220000000000023,-0.0003663999999999998,-0.00096619999999999996,-6.0399999999999842e-05,0.00083420000000000011,-0.0023488000000000003,0.00066679999999999994,0.0016035999999999997,-0.0081856000000000012,-0.00075500000000000014,-0.0079757999999999999,0.0028610000000000003,0.00013519999999999993
aug_between_class_right_pair0017_child03,Healthy,0,0,Augmented,0,0,0,0,0,0.29170660000000004,2.0643118,-9.9999999999999995e-07,-3.9999999999999998e-07,-2.9999999999999988e-07,0.94801530000000001,4.1359030627651384e-25,0.015607099999999999,-0.14973129999999998,0.049679800000000003,0.0592822,-0.079145800000000002,0.067841600000000002,-0.0057605999999999994,0.013937699999999999,-0.018886799999999999,-0.019681000000000004,0.3738457,-0.13263990000000001,0.0029111999999999957,0.0075069000000000108,0.007489899999999999,-0.022841399999999998,-0.0052820999999999996,-0.0452819,0.0245785,0.0020807000000000013,-0.054697599999999999,-0.012507999999999997,-0.091811500000000004,0.0125577,0.059946199999999998,-0.047788400000000002,0.032307500000000003,-0.00012309999999999925,-0.041142100000000001,0.039918099999999998,-0.0663831,0.040350899999999981,0.082388400000000001,0.0214238,0.18545440000000002,-0.069491400000000009,0.0021869000000000003,-0.0073232000000000002,0.0069709000000000004,-0.020261700000000001,-0.0022296999999999994,0.034958099999999999,-0.0044091,-0.0101219,-0.015187299999999999,-0.0025874000000000001,0.018221000000000001,0.0028170000000000001,0.030549399999999997,0.0062968,-0.0189426,0.0057726999999999995,0.0064262,-0.029685800000000002,0.0080755999999999988,0.0016914999999999996,0.013083099999999999,-0.0091777000000000074,-0.090454000000000007,-0.00059550000000000054,-0.047752500000000003,0.038527100000000002,-0.0080208999999999992,-0.0013042000000000002,0.0036877999999999993,0.017534300000000003,0.0109671,-0.0055385,-0.0135126,0.0051345000000000002,0.0095844999999999993,-0.0080602999999999994,0.0084171000000000003,0.0080547999999999991,-0.010603500000000002,0.0015382000000000004,-0.0038916000000000003,0.0082061000000000009,-0.020088700000000001,-0.013302100000000001,0.029206799999999998,-0.013535499999999999,-0.0023567000000000006,-0.012336399999999999,-0.0102574,0.0082039000000000001,-0.018509299999999999,-0.00021910000000000072,0.016629699999999997,-0.0046899000000000003,0.015111599999999999,0.0179845,0.0007681999999999997,0.030238099999999997,-0.0080718999999999999,-0.0077891000000000002,0.0025945999999999999,-0.0027951999999999999,-0.00065620000000000001,0.0095621000000000005,-0.0036205999999999999,0.0073584999999999996,0.0001810999999999999,0.0067172999999999998,-0.0026353000000000001,-0.0054653000000000002,0.0102466,0.0089284999999999989,0.0013933000000000001,-0.0013075999999999999,0.0077034,-0.0059180999999999999,0.0071506999999999994,-0.0054489999999999999,0.0081157999999999994,-0.0018943999999999999,-0.0029824000000000001,-0.0017528999999999982,-0.00054589999999999977,0.0017152999999999997,-0.0113747,0.0043127999999999994,-0.0021469000000000002,-0.0041483999999999991,-0.0100208,-0.013013499999999999,-0.021782299999999997,-0.0034436999999999996,-0.0070194999999999997,0.00088019999999999852,-0.0074900000000000019,0.0014636000000000002,0.0014035,-0.0068211999999999986,-0.0035850999999999999,-0.0019869000000000002,0.0028965999999999996,-0.0013795999999999999,-0.00069289999999999955,0.00074899999999999999,-0.00079710000000000024,0.0013224000000000001,-0.0049105999999999993,0.0058732000000000003,0.0031691999999999996,-0.0031162000000000004,0.0037698999999999996,-0.0033686000000000002,-0.0013443000000000001,0.0048744000000000001,0.00039530000000000012,0.0033661999999999997,-0.0054552000000000003,-4.0000000000000972e-06,0.0069604999999999997,0.0040034999999999992,-0.0028000999999999994,-0.0027137999999999997,-0.0056370999999999991,-0.0034984999999999999,-0.0028832999999999997,-0.0093227999999999991,0.00023429999999999979,-0.0050422999999999996,0.011598199999999999,0.0018964000000000003,-0.0095388000000000001,-0.0035581999999999992,0.0092466000000000007,0.0017128000000000002,-0.0003975999999999998,0.0021364999999999995,-0.0088962999999999993,0.0093285,-0.0170528,0.021296699999999998,-0.0038296999999999993,0.019697699999999999,0.0082524,0.0037229999999999997,-0.0024534999999999995,0.0021104000000000001,0.00091639999999999994,-0.0026259999999999999,0.0011814999999999998,-0.0022141999999999995,-0.002614,-0.0013851000000000002,0.0012809,0.0043849000000000006,-0.0048117999999999998,-0.0036417999999999997,-0.0012152,0.0035397999999999996,0.0019647999999999996,-0.00087370000000000004,-0.0002899,0.0024486,0.00074740000000000006,0.001957,0.00039400000000000004,-0.0014409000000000002,-0.0029300000000000003,0.0052000999999999992,0.0027061000000000003,-0.00079589999999999999,0.00039659999999999999,0.0099109999999999997,-0.0012818,-0.0040991000000000005,-0.0021673,-0.0026375999999999999,0.00017199999999999984,-0.0011138000000000003,0.0085240000000000003,0.0068993999999999991,0.0028539999999999993,-0.0060914000000000003,0.0015256000000000002,-0.0079526999999999983,0.0064624000000000001,0.0015330000000000001,0.0047332999999999993,0.0018269,-0.0045729999999999998,-0.002310599999999999,-0.016672199999999998,0.00065120000000000022,-0.013467,0.0057103999999999992,-0.0100877,0.0010837000000000002,-0.0010319999999999999,-0.00037120000000000002,-0.0019594999999999994,-0.0027653999999999999,-0.00086379999999999996,0.0002834,0.0002904999999999998,0.0016944999999999994,-0.0021297,0.00080959999999999995,0.0042472999999999999,-0.0018511999999999997,0.0019754999999999998,-0.00067390000000000006,-0.0011257999999999997,0.00070290000000000012,0.0027635999999999997,-0.0012203000000000001,0.0010244,-0.0026074999999999996,0.0016391000000000001,0.0033096000000000002,-0.0055950999999999996,0.00014519999999999984,0.0022821,-0.00045660000000000015,0.0021770000000000001,0.0020077999999999997,0.0021164999999999999,0.0016526000000000002,-0.0015954000000000001,0.0018484,0.00073419999999999952,-0.0034859999999999995,0.0032441000000000002,-0.00083229999999999979,0.0015590999999999999,-0.00049189999999999998,0.0021876999999999999,-0.00071560000000000026,-0.0014969000000000002,-0.0021797000000000001,0.0055604000000000001,-0.00099599999999999992,-0.0038728,-0.0030779000000000002,0.00083519999999999981,-0.0059305,0.0018538000000000001,-0.00021399999999999978,-0.00047339999999999969,-0.007643999999999998,0.0024245999999999998,0.0022674999999999996,-0.016111199999999999,0.0042334,-0.0002294000000000001,0.00023359999999999999,0.0017321000000000003,0.0036830000000000001,-0.00039659999999999994,-0.0063184999999999995,-2.339999999999981e-05,0.0020160999999999998,-0.0011140999999999998,0.00024850000000000013,0.0018639999999999998,-0.0019274999999999995,0.0015898999999999998,-0.0016999999999999999,0.0014371,-0.0016042999999999999,-0.00016499999999999997,0.002751,0.00094319999999999972,-0.0031725,-0.0017003999999999999,0.00012560000000000002,0.00030269999999999993,0.00040989999999999972,-0.0020095999999999998,0.0029094000000000004,0.00043140000000000019,-0.0021532999999999999,-0.00070259999999999995,-0.0035260000000000001,-0.0002379000000000002,0.00078149999999999964,0.00074109999999999931,-0.0020439999999999998,0.0028742999999999998,0.0022464999999999994,0.0036308999999999994,0.0036377000000000002,0.00075460000000000002,0.00095450000000000005,-0.0016229000000000005,0.0014520000000000002,-0.00069070000000000004,-0.00061640000000000002,0.0044048999999999998,0.0040432000000000003,-0.0062472999999999999,-0.00043300000000000001,-0.0039560000000000003,-0.0057105999999999997,-0.0001451,0.0048130999999999998,0.0027041999999999995,0.0040727999999999997,-0.0031887000000000005,-0.0022239999999999998,-0.0062233000000000002,0.0064418000000000001,0.0106167,-0.0043007000000000002,0.0025022999999999998,-0.0025897999999999989,0.00061110000000000027,0.00074179999999999992,-0.0004355999999999998,-0.00011909999999999991,0.00040350000000000005,-0.00083660000000000006,-0.00020459999999999988,-0.00032500000000000004,0.0010821999999999997,0.00010289999999999987,-0.0013954,-0.00031839999999999988,-0.00014889999999999999,-0.0012079,0.00050739999999999997,-0.0010200999999999997,-5.1499999999999897e-05,5.7699999999999993e-05,-0.0029197999999999997,0.0012995999999999999,-0.00055199999999999997,-0.00092689999999999982,0.0013358000000000001,-0.00015759999999999998,-0.0026676999999999998,-0.00057470000000000004,6.2600000000000031e-05,-0.00048640000000000001,-9.6299999999999684e-05,0.00042420000000000001,0.00093940000000000007,-0.0013853000000000001,0.00044379999999999995,0.0023988999999999998,0.00076880000000000004,-0.00059479999999999982,-0.00016419999999999998,0.0027397999999999997,-0.0027796999999999995,0.0010834,-0.0019184,0.0009033999999999993,-0.00069610000000000006,0.00084909999999999998,-6.9500000000000009e-05,-0.0025670999999999997,-0.003738,0.0021418999999999995,0.0028404999999999993,0.00069279999999999993,0.00071640000000000007,-0.00049600000000000002,0.0046194000000000001,-0.00033289999999999969,-0.0042399999999999998,-0.0031165999999999998,-0.00036689999999999997,0.0027374000000000001,0.0043197999999999995,-0.0033008999999999994,0.0022972000000000001,0.0030887000000000002,-0.0022461,-0.0070580999999999986,-0.0068157000000000001,-0.0044188999999999999,0.0012124,-0.00023589999999999961,0.0017147,-0.0020995999999999996,0.0001405,0.0014739999999999998,-0.0011634999999999998,-0.0010047000000000001,0.00019540000000000001,0.00017929999999999991,-0.00028109999999999995,0.0009683999999999999,0.0012267999999999999,-0.0013027,-0.0013353999999999998,0.0014859000000000001,0.00041159999999999992,0.00011559999999999994,-0.00051689999999999982,0.00024330000000000006,-0.001395,0.00056249999999999996,0.00046349999999999999,0.00051080000000000006,-0.00072449999999999988,0.00091189999999999999,-0.0016827999999999999,0.0010480999999999997,0.0008878,-0.0014723000000000002,0.00031120000000000003,-0.00066129999999999997,-0.00056220000000000011,-0.0010012,-0.00099879999999999999,-5.7999999999999783e-06,0.0019976,-0.00055769999999999995,0.00040390000000000011,-5.3000000000000041e-05,0.00031040000000000001,-0.0016588000000000002,-0.0015966999999999999,0.0009630000000000001,0.0016415000000000002,-0.00029589999999999993,0.0016738999999999999,-9.2899999999999927e-05,7.5100000000000037e-05,0.00059829999999999996,0.00030029999999999966,-0.00015250000000000007,-0.00037369999999999992,0.0029164999999999998,0.0023552999999999998,0.0006845,-0.0017251,0.0037121000000000003,-0.0007823000000000001,0.0014381999999999997,-0.00088310000000000005,-5.640000000000007e-05,0.0015674999999999999,-0.00059669999999999992,0.0014185000000000001,0.0028042000000000006,0.00044730000000000008,-0.00034160000000000006,-0.00079779999999999998,2.5900000000000033e-05,0.0010053000000000002,-0.0022496999999999994,0.00089970000000000002,0.0012249000000000001,-0.0081963999999999995,-0.00047250000000000005,-0.0084656999999999979,0.0026889999999999991,6.8800000000000046e-05
aug_between_class_right_pair0017_child04,Healthy,0,0,Augmented,0,0,0,0,0,0.28694180000000002,2.0626214000000003,-9.9999999999999995e-07,-1.9999999999999999e-07,-3.9999999999999988e-07,0.94685740000000007,0,0.014145799999999997,-0.15184239999999999,0.050334400000000001,0.059522600000000002,-0.0818604,0.06720580000000001,-0.0062937999999999996,0.0157606,-0.017795399999999999,-0.017095999999999986,0.38053559999999997,-0.13893220000000001,-0.0018874000000000035,0.0043341999999999964,0.0061151999999999995,-0.022961200000000001,-0.0053658000000000004,-0.046140200000000006,0.026498000000000001,0.0012676000000000007,-0.055713800000000001,-0.012683999999999999,-0.092198000000000002,0.011940600000000001,0.059906600000000004,-0.047340200000000006,0.031947000000000003,-0.0001177999999999995,-0.040354800000000003,0.0400188,-0.068786800000000009,0.041856199999999996,0.082052199999999992,0.022541400000000003,0.1880822,-0.068865200000000001,0.0027932000000000009,-0.0079306000000000012,0.0063861999999999999,-0.0200626,-0.0028395999999999994,0.036239799999999996,-0.0046677999999999997,-0.0102132,-0.014551399999999999,-0.0036102000000000009,0.018939000000000001,0.0025570000000000002,0.030052200000000001,0.0059954000000000014,-0.019962800000000003,0.0053566000000000004,0.0060936000000000011,-0.028608399999999999,0.0075587999999999992,0.00091399999999999901,0.0128138,-0.0067305999999999998,-0.090381000000000003,-0.0003690000000000004,-0.047115999999999998,0.037183799999999996,-0.0086741999999999982,-0.0013526,0.0034073999999999997,0.017454400000000002,0.0121168,-0.005925999999999999,-0.013036799999999999,0.0051249999999999993,0.0097470000000000005,-0.0082553999999999995,0.0086138000000000013,0.0088273999999999991,-0.010804000000000001,0.0011886000000000002,-0.0049448000000000009,0.0071878000000000003,-0.020133600000000001,-0.012054799999999999,0.028952399999999996,-0.012672999999999999,-0.0025656000000000003,-0.012217199999999999,-0.012123200000000002,0.0079871999999999999,-0.0185904,-5.9800000000000044e-05,0.017955600000000002,-0.0036822000000000001,0.0139078,0.017721000000000001,-0.00077540000000000031,0.029406799999999997,-0.0064591999999999991,-0.0075128,0.0029007999999999998,-0.0032016000000000002,-0.00053959999999999946,0.0090518000000000005,-0.0032837999999999999,0.0072520000000000006,-5.2200000000000076e-05,0.0065934000000000001,-0.0026694000000000002,-0.0055843999999999998,0.0106908,0.0085119999999999987,0.0018014000000000001,-0.0011668000000000002,0.0076951999999999993,-0.0055928000000000002,0.0074076000000000003,-0.0061650000000000003,0.0081874000000000009,-0.0013981999999999998,-0.0028312000000000003,-0.0015601999999999994,-0.0016612,0.0021224,-0.0116376,0.0048424000000000002,-0.003003200000000001,-0.0044062000000000016,-0.0099583999999999992,-0.012599000000000001,-0.021418399999999997,-0.0032375999999999998,-0.0070990000000000003,0.0022066000000000004,-0.0055130000000000023,0.0015898000000000002,0.0026010000000000004,-0.0076495999999999995,-0.0033468,-0.0020472000000000003,0.0029058,-0.0017317999999999999,-0.00028419999999999975,0.000852,-0.00064880000000000016,0.0014871999999999999,-0.0046947999999999998,0.0062456000000000005,0.0034015999999999998,-0.0034245999999999999,0.0033612,-0.0034238000000000003,-0.0011313999999999996,0.0044572000000000006,0.00079939999999999981,0.0037266000000000001,-0.0052916000000000005,-0.00015400000000000006,0.0070049999999999999,0.0029749999999999993,-0.0027337999999999998,-0.0032934000000000001,-0.0052008000000000002,-0.0032810000000000001,-0.0028853999999999998,-0.0087214000000000007,0.00042040000000000003,-0.0053433999999999999,0.011118599999999999,0.0019312000000000001,-0.0101154,-0.0033985999999999999,0.0093708000000000003,0.0013924,-0.00046080000000000003,0.0019059999999999997,-0.0089373999999999981,0.0092849999999999999,-0.0182054,0.021903599999999999,-0.0044536000000000003,0.019131599999999999,0.0092572000000000002,0.0038880000000000008,-0.0022839999999999996,0.0021072,0.00077019999999999996,-0.0024260000000000002,0.00097899999999999984,-0.0018315999999999996,-0.0021840000000000002,-0.0014387999999999998,0.0011832000000000001,0.0042782000000000002,-0.0046293999999999997,-0.0039954000000000005,-0.0012815999999999999,0.0032423999999999999,0.0017183999999999997,-0.00059760000000000011,-0.00025719999999999996,0.0021608,0.00018119999999999985,0.0015529999999999999,0.00099300000000000018,-0.0015292000000000001,-0.0028710000000000003,0.0057867999999999999,0.0030388000000000004,-0.0012642,0.00036979999999999999,0.010009000000000001,-0.0017064000000000003,-0.0043728000000000005,-0.0020743999999999997,-0.0023978000000000003,0.00038700000000000019,-0.0014324000000000003,0.0081620000000000009,0.0063062000000000005,0.0020559999999999997,-0.0062742000000000006,0.0013628000000000002,-0.0078915999999999986,0.0062482000000000006,0.001423,0.0050314000000000001,0.0019981999999999999,-0.0044869999999999997,-0.0027198000000000001,-0.016666599999999997,0.0014216000000000003,-0.013078000000000001,0.0064251999999999972,-0.0099845999999999997,0.0011496000000000002,-0.001126,-0.00047160000000000008,-0.0015269999999999995,-0.0027752000000000002,-0.00047539999999999995,5.119999999999993e-05,2.29999999999998e-05,0.001493,-0.0020706000000000001,0.00091580000000000014,0.0041653999999999997,-0.0017365999999999998,0.0015829999999999998,-0.00045319999999999985,-0.0012943999999999998,0.00086820000000000018,0.0026917999999999998,-0.0013313999999999999,0.0013112000000000002,-0.0026100000000000003,0.0017707999999999999,0.0034618000000000001,-0.0057508000000000004,0.00049859999999999987,0.0022888000000000001,-0.00067380000000000001,0.0020040000000000001,0.0020493999999999998,0.0023730000000000001,0.0018188000000000002,-0.0016232,0.0018781999999999998,0.00028459999999999987,-0.0037660000000000003,0.0035148000000000002,-0.0012093999999999998,0.0015778000000000001,-0.00032620000000000001,0.0021635999999999999,-0.00079379999999999989,-0.0019482000000000004,-0.0023216000000000001,0.0055052,-0.0018369999999999994,-0.0041543999999999999,-0.0028432000000000002,0.00022159999999999964,-0.0056170000000000005,0.0018094000000000001,-0.00031700000000000001,-9.6200000000000062e-05,-0.0075249999999999987,0.0023668000000000001,0.0018549999999999994,-0.0165556,0.0043902000000000004,-0.00028220000000000008,9.3799999999999935e-05,0.0016798000000000002,0.0040630000000000006,-0.00037780000000000013,-0.0059610000000000002,0.00023080000000000013,0.0020268,-0.0012728000000000001,0.00034900000000000003,0.0017399999999999998,-0.0016769999999999999,0.0020851999999999997,-0.0015150000000000001,0.0014618000000000001,-0.0014103999999999998,-4.099999999999996e-05,0.0026919999999999999,0.00059459999999999982,-0.0032410000000000008,-0.0015671999999999999,0.00016779999999999996,0.00026559999999999995,0.00040820000000000006,-0.0020108000000000001,0.0027122000000000001,9.1999999999997899e-06,-0.0023233999999999998,-0.00070080000000000001,-0.0031740000000000002,4.7800000000000186e-05,0.0010449999999999999,0.00096379999999999947,-0.001833,0.0028463999999999998,0.0019919999999999998,0.0037491999999999998,0.0033706000000000001,0.00050479999999999991,0.00098200000000000002,-0.0014472000000000005,0.001268,-0.00046859999999999984,-0.00086220000000000025,0.0039211999999999997,0.0036175999999999995,-0.0059103999999999997,-0.00043599999999999997,-0.0035110000000000002,-0.0051897999999999996,5.200000000000018e-06,0.0043758,0.0024055999999999999,0.0033303999999999994,-0.0036316000000000005,-0.0015790000000000001,-0.0063754000000000007,0.0062683999999999995,0.010034600000000001,-0.0046526000000000007,0.0030114,-0.0025913999999999998,0.00032480000000000009,0.00080140000000000007,-0.00041880000000000004,5.0200000000000028e-05,0.00042099999999999999,-0.0010208000000000001,0.00011720000000000014,-0.00022800000000000001,0.0012706,3.4199999999999937e-05,-0.0014121999999999997,-0.00012519999999999995,-0.00022520000000000005,-0.00092320000000000011,0.00070720000000000006,-0.0011037999999999996,2.1000000000000185e-05,5.4599999999999972e-05,-0.0029994000000000002,0.0012417999999999999,-0.00046699999999999997,-0.00075519999999999993,0.0011114,-0.00034180000000000007,-0.0027146000000000002,-0.00034960000000000004,-0.00020420000000000014,-0.0003522,9.5600000000000372e-05,0.00071960000000000014,0.0011512000000000002,-0.0012054000000000001,0.00046740000000000009,0.0023261999999999996,0.0010234,-0.0006104000000000002,-0.00011360000000000005,0.0024613999999999999,-0.0027406000000000002,0.0012212,-0.0018782,0.00072719999999999968,-0.00084580000000000007,0.00063679999999999987,-2.3999999999999933e-05,-0.0026838000000000001,-0.0038420000000000004,0.0024632000000000005,0.0028390000000000004,0.00090740000000000026,0.00073820000000000005,-0.00094700000000000003,0.0044012000000000001,-0.0003401999999999997,-0.0040360000000000005,-0.0031487999999999998,-0.00031819999999999993,0.0030692000000000002,0.0046194000000000001,-0.0032391999999999998,0.0021816000000000001,0.0031616000000000005,-0.0025248000000000002,-0.0067228000000000001,-0.0066075999999999999,-0.0035891999999999999,0.0010311999999999999,0.00043880000000000004,0.0016265999999999997,-0.0016657999999999998,0.00020200000000000003,0.001379,-0.0010869999999999999,-0.0008026000000000001,0.00019019999999999996,0.00036539999999999994,-0.00022279999999999997,0.0009492000000000003,0.0010884,-0.0013585999999999997,-0.0014441999999999999,0.0016172000000000001,0.0005267999999999999,0.0001738,-0.00021819999999999994,0.00019040000000000007,-0.0012150000000000004,0.00031699999999999995,0.00022899999999999987,0.00050339999999999998,-0.00079199999999999995,0.00090820000000000007,-0.0014903999999999998,0.00072979999999999985,0.00091640000000000005,-0.0013703999999999999,0.00039760000000000002,-0.00075240000000000018,-0.00029360000000000003,-0.0012786,-0.0009314000000000002,-7.7399999999999998e-05,0.0021947999999999998,-0.00052359999999999993,0.00045419999999999998,0.00017900000000000001,0.0002832,-0.0016544000000000003,-0.0014855999999999999,0.0011760000000000002,0.0010990000000000002,-0.00014519999999999995,0.0014621999999999999,-0.00017519999999999998,-7.419999999999996e-05,0.0006334,0.00013439999999999958,-2.9e-05,-0.00064460000000000006,0.0026810000000000002,0.0021704000000000003,0.00031599999999999977,-0.0016028000000000001,0.0032858000000000002,-0.00061439999999999997,0.0011465999999999998,-0.0011708000000000001,-0.00041419999999999998,0.0019750000000000002,-0.00065160000000000001,0.0014059999999999999,0.0024136000000000006,0.00078240000000000015,-0.00031679999999999989,-0.00062939999999999958,0.00011220000000000013,0.0011764000000000002,-0.0021505999999999999,0.0011326000000000001,0.00084619999999999964,-0.0082071999999999996,-0.00018999999999999998,-0.0089555999999999976,0.0025169999999999997,2.3999999999999499e-06
aug_between_class_right_pair0017_child05,TLE,1,1,Augmented,0,0,0,0,0,0.2774122,2.0592405999999999,-9.9999999999999995e-07,1.9999999999999989e-07,-5.9999999999999987e-07,0.94454159999999998,0,0.011223200000000006,-0.1560646,0.051643599999999998,0.060003399999999998,-0.087289599999999995,0.065934199999999998,-0.0073601999999999999,0.019406399999999997,-0.015612599999999999,-0.011925999999999992,0.39391540000000003,-0.15151680000000001,-0.011484599999999999,-0.0020112000000000047,0.0033657999999999995,-0.023200800000000001,-0.0055332000000000003,-0.047856800000000005,0.030336999999999999,-0.00035860000000000405,-0.057746199999999998,-0.013036000000000001,-0.092970999999999998,0.010706400000000001,0.059827400000000003,-0.046443800000000007,0.031226000000000004,-0.0001072,-0.038780200000000001,0.040220199999999998,-0.073594199999999999,0.044866799999999998,0.081379800000000002,0.024776600000000003,0.1933378,-0.067612800000000001,0.0040057999999999995,-0.0091453999999999997,0.0052168000000000023,-0.019664399999999999,-0.0040593999999999986,0.038803199999999996,-0.0051852000000000001,-0.0103958,-0.013279600000000001,-0.0056558000000000008,0.020375000000000001,0.0020369999999999971,0.029057800000000002,0.0053926000000000009,-0.022003200000000001,0.0045244000000000005,0.0054283999999999982,-0.026453600000000001,0.0065252000000000001,-0.00064100000000000008,0.0122752,-0.0018363999999999985,-0.090234999999999996,8.3999999999999006e-05,-0.045843000000000002,0.034497200000000006,-0.0099808000000000032,-0.0014494000000000002,0.0028465999999999995,0.0172946,0.014416200000000001,-0.0067010000000000004,-0.012085200000000001,0.0051059999999999994,0.010071999999999999,-0.0086455999999999998,0.0090071999999999999,0.010372599999999999,-0.011205,0.00048940000000000051,-0.0070512000000000005,0.0051511999999999999,-0.020223399999999999,-0.0095601999999999996,0.028443599999999999,-0.010947999999999999,-0.0029833999999999998,-0.0119788,-0.015854800000000002,0.0075538000000000011,-0.018752600000000001,0.00025879999999999913,0.020607399999999998,-0.0016667999999999995,0.0115002,0.017194000000000001,-0.0038626000000000008,0.0277442,-0.0032338000000000002,-0.0069601999999999997,0.0035131999999999997,-0.0040143999999999996,-0.00030639999999999921,0.0080312000000000005,-0.0026102,0.0070389999999999993,-0.00051879999999999993,0.0063455999999999999,-0.0027375999999999998,-0.0058225999999999998,0.0115792,0.0076790000000000001,0.0026175999999999999,-0.00088520000000000027,0.0076787999999999995,-0.0049421999999999999,0.0079214000000000003,-0.0075969999999999996,0.0083306000000000005,-0.00040580000000000021,-0.0025288000000000008,-0.0011748000000000001,-0.0038917999999999995,0.0029365999999999993,-0.0121634,0.005901599999999999,-0.0047157999999999992,-0.0049217999999999996,-0.0098335999999999996,-0.011770000000000001,-0.020690599999999996,-0.0028253999999999996,-0.0072579999999999997,0.004859399999999999,-0.0015590000000000014,0.0018422,0.0049960000000000004,-0.0093063999999999994,-0.0028702000000000003,-0.0021678000000000001,0.0029242000000000001,-0.0024361999999999995,0.00053319999999999995,0.0010579999999999999,-0.0003522,0.0018167999999999999,-0.0042632,0.006990399999999999,0.0038663999999999999,-0.0040413999999999997,0.0025437999999999997,-0.0035341999999999999,-0.00070560000000000024,0.0036227999999999998,0.0016075999999999996,0.0044473999999999998,-0.0049644000000000008,-0.00045399999999999976,0.0070939999999999996,0.00091800000000000041,-0.0026012000000000001,-0.0044525999999999993,-0.0043281999999999999,-0.002846,-0.0028896,-0.0075186000000000003,0.00079259999999999964,-0.0059456000000000005,0.010159400000000001,0.0020007999999999996,-0.0112686,-0.0030793999999999995,0.0096191999999999996,0.00075160000000000027,-0.00058720000000000007,0.0014450000000000001,-0.0090195999999999991,0.0091979999999999996,-0.0205106,0.023117400000000003,-0.0057013999999999997,0.017999399999999999,0.011266799999999999,0.0042179999999999995,-0.0019449999999999999,0.0021007999999999999,0.00047780000000000001,-0.002026,0.00057399999999999986,-0.0010663999999999999,-0.0013240000000000001,-0.0015462,0.00098780000000000005,0.0040648000000000004,-0.0042646000000000003,-0.0047026000000000004,-0.0014144000000000001,0.0026476,0.0012255999999999999,-4.5400000000000141e-05,-0.00019180000000000003,0.0015851999999999999,-0.0009511999999999997,0.000745,0.0021909999999999994,-0.0017057999999999999,-0.0027530000000000002,0.0069601999999999989,0.0037042000000000004,-0.0022008000000000002,0.00031619999999999999,0.010205000000000001,-0.0025555999999999999,-0.0049201999999999996,-0.0018885999999999994,-0.0019182000000000001,0.00081700000000000002,-0.0020696000000000004,0.0074380000000000002,0.0051198000000000007,0.00046000000000000034,-0.0066397999999999995,0.0010372000000000005,-0.0077693999999999992,0.0058198,0.0012030000000000001,0.0056276,0.0023408000000000001,-0.0043149999999999994,-0.0035381999999999996,-0.016655399999999997,0.0029623999999999996,-0.0123,0.0078547999999999986,-0.0097783999999999996,0.0012814,-0.0013140000000000001,-0.00067240000000000008,-0.00066199999999999961,-0.0027948000000000001,0.00030139999999999985,-0.00041319999999999996,-0.00051199999999999998,0.0010899999999999998,-0.0019524,0.0011282,0.0040016000000000001,-0.0015073999999999999,0.00079800000000000021,-1.1800000000000178e-05,-0.0016315999999999998,0.0011988000000000001,0.0025482,-0.0015536,0.0018848000000000001,-0.0026150000000000001,0.0020341999999999999,0.0037662000000000004,-0.0060621999999999994,0.0012053999999999997,0.0023021999999999999,-0.0011081999999999999,0.0016580000000000002,0.0021325999999999997,0.0028859999999999997,0.0021511999999999998,-0.0016788,0.0019377999999999999,-0.00061460000000000009,-0.004326,0.0040562000000000003,-0.0019635999999999998,0.0016152,5.1999999999999096e-06,0.0021153999999999999,-0.0009502,-0.0028508000000000001,-0.0026053999999999999,0.0053947999999999999,-0.0035189999999999996,-0.0047176000000000006,-0.0023738000000000001,-0.0010055999999999999,-0.0049900000000000005,0.0017206000000000001,-0.00052300000000000003,0.00065820000000000006,-0.0072870000000000001,0.0022512000000000001,0.0010299999999999997,-0.017444399999999999,0.0047037999999999993,-0.00038779999999999999,-0.00018580000000000002,0.0015752000000000001,0.0048229999999999992,-0.00034019999999999998,-0.0052460000000000007,0.00073919999999999997,0.0020482,-0.0015901999999999999,0.00055000000000000003,0.0014920000000000001,-0.0011760000000000002,0.0030757999999999992,-0.001145,0.0015112000000000001,-0.0010225999999999998,0.00020699999999999999,0.0025739999999999999,-0.00010260000000000005,-0.0033779999999999999,-0.0013008,0.00025219999999999995,0.00019140000000000021,0.00040479999999999986,-0.0020131999999999997,0.0023178000000000005,-0.0008351999999999997,-0.0026636000000000003,-0.00069720000000000003,-0.00247,0.00061919999999999966,0.001572,0.0014091999999999993,-0.0014110000000000001,0.0027905999999999994,0.0014829999999999999,0.0039857999999999994,0.0028364000000000002,5.2000000000001264e-06,0.0010370000000000002,-0.0010958000000000001,0.00090000000000000019,-2.4400000000000037e-05,-0.0013538000000000003,0.0029538000000000003,0.0027664000000000005,-0.0052366000000000001,-0.00044199999999999996,-0.0026210000000000001,-0.0041481999999999995,0.00030579999999999995,0.0035012000000000003,0.0018084000000000002,0.0018456,-0.0045174000000000013,-0.00028900000000000047,-0.0066795999999999999,0.0059216,0.0088704000000000005,-0.0053563999999999999,0.0040295999999999995,-0.0025945999999999999,-0.00024779999999999984,0.00092060000000000015,-0.00038519999999999998,0.00038880000000000002,0.00045599999999999997,-0.0013892000000000002,0.00076080000000000017,-3.4000000000000013e-05,0.0016473999999999998,-0.00010320000000000003,-0.0014458000000000001,0.00026119999999999995,-0.00037779999999999997,-0.00035380000000000014,0.0011068,-0.0012711999999999997,0.00016599999999999991,4.8399999999999984e-05,-0.0031586000000000001,0.0011261999999999999,-0.00029700000000000006,-0.00041179999999999998,0.00066259999999999995,-0.00071020000000000002,-0.0028084,0.00010059999999999995,-0.00073779999999999994,-8.3800000000000031e-05,0.00047940000000000005,0.0013103999999999998,0.0015747999999999999,-0.00084560000000000006,0.00051459999999999993,0.0021808000000000001,0.0015326000000000001,-0.00064159999999999987,-1.2400000000000085e-05,0.0019046,-0.0026624000000000001,0.0014968,-0.0017978,0.0003748,-0.0011452000000000001,0.00021220000000000001,6.7000000000000002e-05,-0.0029172,-0.0040499999999999998,0.0031057999999999997,0.002836,0.0013366000000000001,0.00078180000000000003,-0.0018489999999999997,0.0039648000000000001,-0.00035479999999999973,-0.0036280000000000001,-0.0032132000000000003,-0.00022079999999999995,0.0037328000000000005,0.0052186000000000003,-0.0031158000000000006,0.0019504000000000001,0.0033074000000000003,-0.0030822000000000002,-0.0060521999999999998,-0.0061914000000000005,-0.0019297999999999997,0.00066879999999999999,0.0017882000000000002,0.0014504000000000001,-0.00079819999999999999,0.00032499999999999999,0.0011890000000000002,-0.00093399999999999993,-0.00039840000000000003,0.00017979999999999998,0.00073759999999999971,-0.00010619999999999995,0.00091080000000000024,0.0008116,-0.0014704,-0.0016617999999999997,0.0018798,0.00075719999999999987,0.00029020000000000001,0.0003792,8.4600000000000051e-05,-0.00085500000000000007,-0.00017399999999999989,-0.00023999999999999998,0.00048860000000000006,-0.00092699999999999987,0.00090080000000000021,-0.0011056,9.3199999999999989e-05,0.00097360000000000003,-0.0011666000000000001,0.00057039999999999999,-0.00093460000000000017,0.00024359999999999985,-0.0018333999999999998,-0.00079660000000000006,-0.0002206,0.0025891999999999998,-0.00045540000000000012,0.00055480000000000004,0.00064299999999999991,0.0002288,-0.0016456000000000001,-0.0012634,0.0016020000000000001,1.4000000000000123e-05,0.00015619999999999995,0.0010387999999999999,-0.00033979999999999986,-0.00037279999999999995,0.00070359999999999997,-0.00019740000000000014,0.00021799999999999993,-0.0011863999999999998,0.0022100000000000002,0.0018006000000000003,-0.00042099999999999972,-0.0013582000000000002,0.0024331999999999999,-0.00027860000000000005,0.00056340000000000003,-0.0017461999999999998,-0.0011297999999999998,0.0027899999999999999,-0.00076140000000000008,0.0013810000000000001,0.0016324000000000004,0.0014526000000000003,-0.00026719999999999999,-0.00029260000000000006,0.00028480000000000009,0.0015186000000000002,-0.0019524,0.0015983999999999998,8.879999999999999e-05,-0.0082287999999999997,0.00037500000000000001,-0.009935399999999997,0.002173,-0.00013039999999999981
aug_between_class_right_pair0017_child06,TLE,1,1,Augmented,0,0,0,0,0,0.27264739999999998,2.0575502000000001,-9.9999999999999995e-07,3.9999999999999977e-07,-6.9999999999999976e-07,0.94338370000000005,0,0.0097619000000000039,-0.1581757,0.052298200000000003,0.060243799999999993,-0.090004199999999993,0.065298400000000006,-0.0078934000000000001,0.0212293,-0.0145212,-0.0093410000000000021,0.4006053,-0.15780909999999998,-0.016283199999999998,-0.0051839000000000052,0.0019911,-0.0233206,-0.0056169000000000002,-0.048715100000000004,0.0322565,-0.0011717000000000012,-0.058762399999999999,-0.013212,-0.093357499999999996,0.010089300000000001,0.059787800000000002,-0.045995600000000005,0.030865500000000001,-0.00010190000000000025,-0.037992900000000003,0.0403209,-0.075997900000000007,0.046372099999999999,0.081043599999999993,0.025894199999999999,0.19596559999999999,-0.066986600000000007,0.0046120999999999992,-0.0097528000000000007,0.0046321000000000018,-0.019465299999999998,-0.0046692999999999986,0.040084899999999993,-0.0054438999999999998,-0.010487099999999999,-0.012643700000000001,-0.0066785999999999998,0.021093000000000001,0.0017769999999999973,0.028560599999999998,0.0050911999999999989,-0.023023399999999999,0.0041083000000000005,0.0050957999999999993,-0.025376200000000002,0.0060083999999999997,-0.0014185000000000009,0.0120059,0.00061069999999999874,-0.090161999999999992,0.00031050000000000001,-0.045206499999999997,0.033153900000000007,-0.010634100000000002,-0.0014978000000000001,0.0025661999999999998,0.017214699999999999,0.015565900000000001,-0.0070884999999999993,-0.011609400000000001,0.0050965000000000003,0.010234500000000001,-0.0088406999999999999,0.009203900000000001,0.011145199999999999,-0.011405500000000001,0.00013980000000000025,-0.0081043999999999995,0.004132900000000001,-0.0202683,-0.0083129000000000015,0.028189199999999998,-0.010085499999999999,-0.0031923000000000003,-0.0118596,-0.017720600000000003,0.0073371000000000009,-0.018833700000000002,0.00041810000000000024,0.021933299999999999,-0.00065909999999999927,0.010296400000000001,0.016930500000000001,-0.0054061999999999999,0.0269129,-0.0016211000000000021,-0.0066839000000000013,0.0038193999999999997,-0.0044207999999999999,-0.00018980000000000039,0.0075208999999999996,-0.0022734000000000001,0.0069325000000000003,-0.0007520999999999999,0.0062217000000000001,-0.0027716999999999998,-0.0059417000000000003,0.0120234,0.0072624999999999999,0.0030257000000000001,-0.00074439999999999988,0.0076705999999999996,-0.0046169000000000002,0.0081782999999999995,-0.0083129999999999992,0.0084021999999999986,9.0400000000000029e-05,-0.0023776000000000005,-0.00098209999999999964,-0.0050070999999999987,0.0033436999999999994,-0.012426299999999999,0.0064312000000000006,-0.0055721,-0.0051796000000000003,-0.0097712000000000007,-0.011355500000000001,-0.0203267,-0.0026193000000000006,-0.0073375000000000003,0.0061858000000000008,0.0004179999999999978,0.0019684000000000004,0.0061934999999999994,-0.010134799999999999,-0.0026319000000000004,-0.0022281000000000002,0.0029334000000000001,-0.0027883999999999995,0.00094189999999999986,0.0011609999999999999,-0.00020389999999999991,0.0019816,-0.0040473999999999996,0.0073627999999999992,0.0040987999999999997,-0.0043498,0.0021351,-0.0035893999999999995,-0.0004927,0.0032055999999999994,0.0020116999999999991,0.0048077999999999992,-0.0048008,-0.00060399999999999994,0.0071384999999999999,-0.00011049999999999905,-0.0025349000000000001,-0.0050321999999999988,-0.0038919000000000002,-0.0026285000000000002,-0.0028917000000000001,-0.0069172000000000001,0.00097869999999999988,-0.0062466999999999991,0.0096798000000000006,0.0020356000000000003,-0.0118452,-0.0029198000000000002,0.0097433999999999993,0.00043120000000000018,-0.00065040000000000009,0.0012145000000000003,-0.0090606999999999997,0.0091545000000000012,-0.021663200000000001,0.0237243,-0.0063252999999999998,0.017433299999999999,0.012271599999999999,0.0043830000000000006,-0.0017755,0.0020975999999999998,0.00033160000000000004,-0.0018260000000000001,0.00037149999999999987,-0.00068380000000000014,-0.00089400000000000026,-0.0015998999999999998,0.00089010000000000001,0.0039581000000000009,-0.0040822000000000002,-0.0050562000000000003,-0.0014808,0.0023502000000000002,0.00097919999999999995,0.00023069999999999975,-0.00015910000000000002,0.0012974000000000002,-0.0015173999999999997,0.00034100000000000037,0.0027899999999999999,-0.0017940999999999999,-0.0026940000000000002,0.0075468999999999987,0.0040369000000000004,-0.0026690999999999998,0.0002894000000000002,0.010303,-0.0029801999999999997,-0.0051938999999999996,-0.0017957000000000003,-0.0016784000000000002,0.0010319999999999999,-0.0023882000000000005,0.0070759999999999998,0.0045266000000000013,-0.00033799999999999976,-0.0068225999999999998,0.00087440000000000022,-0.0077082999999999995,0.0056056000000000005,0.0010930000000000002,0.005925699999999999,0.0025120999999999997,-0.0042289999999999993,-0.0039473999999999985,-0.016649799999999999,0.0037327999999999997,-0.011911000000000001,0.0085695999999999984,-0.0096752999999999995,0.0013473000000000001,-0.001408,-0.00077280000000000003,-0.00022949999999999989,-0.0028046,0.00068979999999999974,-0.00064539999999999997,-0.00077949999999999992,0.00088850000000000008,-0.0018933000000000001,0.0012343999999999996,0.0039196999999999999,-0.0013927999999999998,0.00040550000000000026,0.00020889999999999993,-0.0018001999999999998,0.0013641,0.0024764000000000001,-0.0016647000000000001,0.0021716000000000001,-0.0026175,0.0021659000000000001,0.0039184000000000007,-0.0062179000000000002,0.0015587999999999997,0.0023089,-0.0013254,0.0014850000000000002,0.0021741999999999998,0.0031424999999999995,0.0023173999999999998,-0.0017066,0.0019675999999999999,-0.0010641999999999997,-0.0046059999999999999,0.0043268999999999998,-0.0023406999999999998,0.0016339,0.00017089999999999965,0.0020912999999999999,-0.0010283999999999996,-0.0033021000000000005,-0.0027472999999999998,0.0053395999999999999,-0.0043599999999999993,-0.0049992000000000005,-0.0021391000000000001,-0.0016191999999999999,-0.0046765000000000001,0.0016762000000000001,-0.00062599999999999982,0.0010353999999999999,-0.007167999999999999,0.0021933999999999999,0.00061749999999999956,-0.017888799999999996,0.0048605999999999996,-0.00044060000000000003,-0.0003256,0.0015229000000000002,0.0052029999999999993,-0.00032139999999999995,-0.0048885000000000005,0.00099339999999999997,0.0020588999999999998,-0.0017488999999999998,0.00065050000000000004,0.0013680000000000001,-0.00092550000000000011,0.0035710999999999998,-0.00095999999999999992,0.0015359,-0.00082870000000000014,0.00033099999999999997,0.0025149999999999999,-0.00045119999999999996,-0.0034464999999999999,-0.0011676,0.00029439999999999995,0.00015430000000000001,0.00040309999999999977,-0.0020144,0.0021206000000000003,-0.0012573999999999999,-0.0028337000000000002,-0.00069539999999999999,-0.0021180000000000001,0.00090489999999999972,0.0018354999999999995,0.0016318999999999995,-0.0012000000000000001,0.0027627000000000003,0.0012284999999999998,0.0041040999999999994,0.0025693000000000001,-0.00024459999999999987,0.0010644999999999999,-0.00092010000000000008,0.00071600000000000016,0.00019769999999999993,-0.0015995999999999999,0.0024701000000000002,0.0023408000000000005,-0.0048996999999999999,-0.00044500000000000003,-0.002176,-0.0036274000000000002,0.00045609999999999992,0.0030639000000000005,0.0015098000000000002,0.0011031999999999999,-0.0049603000000000008,0.00035599999999999976,-0.0068316999999999996,0.0057482000000000002,0.0082883000000000002,-0.0057082999999999995,0.0045386999999999997,-0.0025961999999999999,-0.00053409999999999959,0.00098020000000000008,-0.00036840000000000001,0.00055809999999999996,0.00047349999999999996,-0.0015734,0.0010826000000000004,6.2999999999999959e-05,0.0018357999999999998,-0.0001719,-0.0014626000000000001,0.00045439999999999999,-0.00045409999999999998,-6.9100000000000189e-05,0.0013066,-0.0013548999999999996,0.0002385,4.5300000000000017e-05,-0.0032382000000000001,0.0010683999999999999,-0.00021200000000000006,-0.00024010000000000001,0.00043820000000000008,-0.00089439999999999995,-0.0028552999999999999,0.00032569999999999995,-0.0010045999999999998,5.0399999999999924e-05,0.0006713,0.0016057999999999999,0.0017866000000000002,-0.00066570000000000019,0.00053819999999999996,0.0021080999999999999,0.0017871999999999999,-0.00065719999999999982,3.8199999999999953e-05,0.0016262000000000002,-0.0026232999999999999,0.0016345999999999999,-0.0017576,0.00019859999999999995,-0.0012948999999999999,-9.9999999999948221e-08,0.00011249999999999997,-0.0030339,-0.0041540000000000006,0.0034270999999999998,0.0028345000000000002,0.0015511999999999998,0.00080360000000000002,-0.0022999999999999995,0.0037466000000000001,-0.00036209999999999931,-0.003424,-0.0032453999999999998,-0.00017210000000000001,0.0040645999999999998,0.0055182,-0.0030541000000000001,0.0018348000000000001,0.0033803000000000001,-0.0033609,-0.0057168999999999996,-0.0059833000000000004,-0.0011001000000000001,0.00048759999999999993,0.0024628999999999996,0.0013623000000000001,-0.00036440000000000008,0.00038649999999999996,0.0010940000000000001,-0.00085749999999999997,-0.00019630000000000008,0.00017460000000000002,0.00092369999999999974,-4.7899999999999999e-05,0.0008916000000000002,0.0006732000000000001,-0.0015263,-0.0017706,0.0020111,0.00087239999999999985,0.0003483999999999999,0.00067789999999999984,3.1700000000000066e-05,-0.00067500000000000014,-0.00041949999999999984,-0.00047449999999999988,0.00048119999999999999,-0.00099449999999999994,0.00089710000000000007,-0.00091319999999999997,-0.0002251,0.0010022,-0.0010647,0.00065679999999999992,-0.0010256999999999998,0.00051219999999999976,-0.0021107999999999999,-0.00072920000000000005,-0.00029219999999999995,0.0027864000000000001,-0.00042129999999999999,0.00060510000000000002,0.00087499999999999991,0.00020159999999999999,-0.0016412000000000002,-0.0011523,0.0018149999999999998,-0.00052849999999999956,0.00030689999999999998,0.00082709999999999999,-0.00042209999999999985,-0.00052209999999999995,0.00073870000000000001,-0.00036330000000000021,0.00034149999999999984,-0.0014572999999999997,0.0019744999999999997,0.0016157000000000003,-0.00078949999999999962,-0.0012359000000000001,0.0020069000000000003,-0.00011069999999999993,0.0002718000000000001,-0.0020338999999999999,-0.0014875999999999997,0.0031975000000000003,-0.00081630000000000006,0.0013684999999999999,0.0012418000000000004,0.0017876999999999999,-0.00024239999999999982,-0.00012420000000000009,0.00037109999999999997,0.0016897000000000001,-0.0018533,0.0018312999999999999,-0.00028990000000000005,-0.0082395999999999997,0.00065749999999999988,-0.010425299999999998,0.0020009999999999997,-0.00019679999999999969
aug_between_class_right_pair0017_child07,TLE,1,1,Augmented,0,0,0,0,0,0.26788259999999997,2.0558597999999999,-9.9999999999999995e-07,5.9999999999999997e-07,-7.9999999999999965e-07,0.9422258,0,0.0083005999999999983,-0.16028680000000001,0.052952799999999994,0.060484200000000002,-0.092718800000000004,0.064662600000000001,-0.0084266000000000011,0.023052199999999998,-0.0134298,-0.0067559999999999981,0.40729520000000002,-0.16410140000000001,-0.021081800000000005,-0.0083565999999999918,0.00061639999999999872,-0.0234404,-0.0057006000000000001,-0.049573400000000004,0.034175999999999998,-0.0019847999999999984,-0.059778600000000001,-0.013388000000000002,-0.093744000000000008,0.0094722000000000001,0.059748200000000001,-0.045547400000000002,0.030505000000000001,-9.6600000000000505e-05,-0.037205600000000005,0.040421600000000002,-0.078401600000000002,0.047877400000000001,0.080707399999999999,0.027011800000000002,0.1985934,-0.0663604,0.0052184000000000006,-0.0103602,0.0040473999999999996,-0.019266199999999997,-0.0052791999999999987,0.041366599999999996,-0.0057026000000000004,-0.0105784,-0.012007799999999999,-0.0077014000000000006,0.021811000000000001,0.001517000000000001,0.028063399999999999,0.0047898000000000003,-0.024043600000000005,0.0036921999999999996,0.0047631999999999987,-0.024298799999999999,0.0054915999999999993,-0.0021960000000000013,0.0117366,0.0030578000000000063,-0.090089000000000002,0.00053699999999999928,-0.044569999999999999,0.031810600000000001,-0.011287399999999998,-0.0015462,0.0022857999999999997,0.017134800000000002,0.016715600000000001,-0.007476,-0.0111336,0.0050869999999999995,0.010397,-0.0090358000000000001,0.009400600000000002,0.011917799999999999,-0.011606,-0.00020979999999999957,-0.0091576000000000001,0.0031146000000000004,-0.020313200000000003,-0.0070656,0.027934799999999996,-0.0092229999999999986,-0.0034012000000000001,-0.0117404,-0.019586400000000004,0.0071204000000000007,-0.018914799999999999,0.00057739999999999961,0.023259200000000001,0.00034859999999999926,0.0090925999999999993,0.016667000000000001,-0.0069498000000000008,0.0260816,-8.3999999999986863e-06,-0.0064076000000000011,0.0041256000000000001,-0.0048272000000000002,-7.3199999999999828e-05,0.0070105999999999996,-0.0019366000000000001,0.0068259999999999996,-0.00098539999999999999,0.0060978000000000004,-0.0028057999999999998,-0.0060607999999999999,0.012467600000000001,0.0068459999999999997,0.0034338000000000003,-0.00060360000000000014,0.0076623999999999998,-0.0042915999999999996,0.0084352000000000003,-0.0090290000000000006,0.0084738000000000001,0.00058660000000000049,-0.0022263999999999999,-0.00078939999999999913,-0.0061224000000000001,0.0037507999999999994,-0.012689199999999999,0.0069608000000000005,-0.006428399999999999,-0.0054374000000000011,-0.0097088000000000001,-0.010940999999999999,-0.019962799999999999,-0.0024131999999999999,-0.007417,0.007512200000000001,0.002395,0.0020946000000000003,0.0073910000000000009,-0.010963200000000001,-0.0023936000000000001,-0.0022884000000000003,0.0029426000000000001,-0.0031405999999999999,0.0013506000000000002,0.0012639999999999999,-5.5600000000000267e-05,0.0021463999999999997,-0.0038315999999999997,0.0077351999999999994,0.0043312000000000003,-0.0046582000000000004,0.0017263999999999997,-0.0036446,-0.00027979999999999975,0.0027884000000000008,0.0024158000000000001,0.0051682000000000004,-0.0046371999999999993,-0.00075400000000000011,0.0071830000000000001,-0.0011390000000000007,-0.0024686,-0.0056118000000000001,-0.0034555999999999996,-0.0024109999999999995,-0.0028938000000000002,-0.0063157999999999999,0.0011647999999999999,-0.0065478000000000012,0.0092002000000000004,0.0020704000000000005,-0.0124218,-0.0027602,0.0098676000000000007,0.00011080000000000009,-0.00071360000000000011,0.00098399999999999963,-0.0091018000000000002,0.009111000000000001,-0.022815800000000001,0.024331200000000001,-0.0069492000000000009,0.016867199999999999,0.013276399999999999,0.004548,-0.0016059999999999998,0.0020943999999999997,0.00018540000000000006,-0.0016260000000000001,0.00016899999999999988,-0.00030119999999999984,-0.00046399999999999979,-0.0016536000000000001,0.00079239999999999996,0.0038514000000000005,-0.0038998000000000001,-0.0054098000000000002,-0.0015471999999999999,0.0020528,0.0007327999999999996,0.00050680000000000007,-0.00012639999999999998,0.0010095999999999998,-0.0020836000000000006,-6.3000000000000339e-05,0.0033890000000000001,-0.0018824000000000002,-0.0026350000000000002,0.0081335999999999995,0.0043696000000000004,-0.0031374000000000003,0.00026259999999999999,0.010401000000000001,-0.0034048000000000004,-0.0054676000000000004,-0.0017028,-0.0014385999999999999,0.0012469999999999998,-0.0027068000000000005,0.0067139999999999995,0.0039334000000000001,-0.0011360000000000003,-0.0070054000000000002,0.00071160000000000017,-0.0076471999999999998,0.0053914000000000011,0.00098299999999999993,0.0062237999999999998,0.0026833999999999998,-0.0041429999999999991,-0.0043565999999999987,-0.016644199999999998,0.0045032000000000006,-0.011522000000000001,0.0092843999999999982,-0.0095721999999999995,0.0014131999999999999,-0.0015020000000000001,-0.00087320000000000019,0.00020300000000000049,-0.0028143999999999999,0.0010782000000000001,-0.0008776000000000003,-0.0010470000000000002,0.000687,-0.0018342,0.0013406,0.0038377999999999997,-0.0012782,1.2999999999999774e-05,0.00042960000000000003,-0.0019687999999999997,0.0015294000000000002,0.0024045999999999998,-0.0017758000000000001,0.0024584000000000003,-0.0026199999999999999,0.0022975999999999999,0.0040706000000000006,-0.0063736000000000001,0.0019122,0.0023156000000000001,-0.0015426000000000001,0.0013119999999999998,0.0022158,0.0033990000000000001,0.0024835999999999999,-0.0017343999999999997,0.0019973999999999999,-0.0015138000000000003,-0.0048860000000000006,0.0045976000000000003,-0.0027177999999999998,0.0016526000000000002,0.00033660000000000005,0.0020671999999999999,-0.0011065999999999997,-0.0037534000000000009,-0.0028892000000000002,0.0052843999999999999,-0.0052009999999999999,-0.0052808000000000004,-0.0019044000000000001,-0.0022328000000000005,-0.0043630000000000006,0.0016318000000000001,-0.00072900000000000005,0.0014126000000000002,-0.0070490000000000014,0.0021356000000000005,0.00020499999999999902,-0.018333200000000001,0.0050174,-0.00049340000000000007,-0.00046540000000000009,0.0014706000000000001,0.0055829999999999994,-0.00030259999999999993,-0.0045309999999999994,0.0012476000000000002,0.0020696,-0.0019076,0.00075100000000000015,0.0012439999999999999,-0.00067499999999999982,0.0040663999999999995,-0.00077499999999999986,0.0015606000000000001,-0.00063479999999999982,0.00045500000000000011,0.0024559999999999998,-0.00079980000000000025,-0.0035150000000000008,-0.0010344,0.0003366,0.00011720000000000003,0.00040140000000000011,-0.0020155999999999998,0.0019234,-0.0016796000000000005,-0.0030038,-0.00069359999999999995,-0.0017659999999999998,0.0011906000000000002,0.0020989999999999997,0.0018546000000000001,-0.00098899999999999986,0.0027347999999999999,0.00097399999999999982,0.0042223999999999994,0.0023021999999999999,-0.00049440000000000009,0.0010920000000000001,-0.0007444000000000001,0.00053199999999999992,0.00041980000000000012,-0.0018454000000000005,0.0019864000000000001,0.0019151999999999997,-0.0045627999999999997,-0.00044799999999999999,-0.0017309999999999999,-0.0031065999999999997,0.0006064000000000001,0.0026265999999999998,0.0012112000000000002,0.00036079999999999923,-0.0054032000000000004,0.0010010000000000002,-0.0069838000000000001,0.0055747999999999995,0.0077061999999999999,-0.0060602000000000008,0.0050477999999999999,-0.0025977999999999999,-0.00082040000000000021,0.0010398,-0.00035160000000000004,0.00072740000000000012,0.00049100000000000001,-0.0017575999999999998,0.0014044000000000001,0.00016000000000000004,0.0020242000000000003,-0.00024060000000000005,-0.0014793999999999999,0.00064760000000000013,-0.0005304000000000001,0.00021560000000000012,0.0015064000000000002,-0.0014385999999999995,0.00031099999999999964,4.220000000000005e-05,-0.0033178000000000001,0.0010106,-0.00012699999999999997,-6.8399999999999887e-05,0.00021379999999999988,-0.0010786000000000003,-0.0029022000000000006,0.00055079999999999994,-0.0012714000000000002,0.00018460000000000004,0.00086320000000000017,0.0019012000000000002,0.0019984,-0.00048579999999999999,0.00056179999999999989,0.0020353999999999997,0.0020417999999999999,-0.00067279999999999998,8.8800000000000044e-05,0.0013477999999999999,-0.0025842,0.0017723999999999999,-0.0017174,2.2399999999999894e-05,-0.0014446000000000001,-0.00021240000000000007,0.00015799999999999994,-0.0031505999999999999,-0.0042580000000000005,0.0037483999999999998,0.0028330000000000004,0.0017658000000000003,0.00082540000000000011,-0.002751,0.0035284000000000001,-0.00036939999999999933,-0.0032199999999999998,-0.0032775999999999999,-0.00012339999999999996,0.0043964000000000008,0.0058177999999999997,-0.0029924000000000005,0.0017191999999999999,0.0034532,-0.0036396000000000002,-0.0053815999999999994,-0.0057752000000000003,-0.00027040000000000007,0.00030639999999999986,0.0031376000000000004,0.0012741999999999999,6.9400000000000061e-05,0.00044800000000000005,0.00099899999999999989,-0.0007809999999999999,5.8000000000000868e-06,0.00016939999999999997,0.0011097999999999998,1.0400000000000009e-05,0.00087240000000000017,0.00053479999999999988,-0.0015822,-0.0018794,0.0021424,0.00098759999999999994,0.00040660000000000002,0.00097660000000000021,-2.1199999999999973e-05,-0.000495,-0.00066500000000000012,-0.0007090000000000001,0.00047380000000000002,-0.0010619999999999998,0.00089339999999999992,-0.00072079999999999985,-0.0005434000000000002,0.0010308000000000001,-0.00096279999999999998,0.00074320000000000007,-0.0011168,0.00078080000000000001,-0.0023882,-0.00066180000000000004,-0.00036380000000000001,0.0029835999999999999,-0.00038720000000000009,0.0006554000000000001,0.0011070000000000001,0.00017439999999999998,-0.0016367999999999999,-0.0010411999999999999,0.0020279999999999999,-0.0010709999999999999,0.00045760000000000012,0.00061539999999999989,-0.0005043999999999999,-0.00067139999999999995,0.00077380000000000005,-0.00052920000000000007,0.00046499999999999997,-0.0017282,0.0017389999999999999,0.0014308000000000003,-0.0011580000000000002,-0.0011136,0.0015805999999999997,5.7200000000000089e-05,-1.9800000000000102e-05,-0.0023215999999999996,-0.0018454000000000001,0.0036050000000000001,-0.00087120000000000003,0.001356,0.00085119999999999987,0.0021228000000000002,-0.00021760000000000009,4.4199999999999882e-05,0.00045740000000000006,0.0018608000000000001,-0.0017541999999999996,0.0020642000000000004,-0.00066859999999999966,-0.0082503999999999997,0.00094000000000000008,-0.010915199999999998,0.0018289999999999995,-0.0002632
aug_between_class_right_pair0017_child08,TLE,1,1,Augmented,0,0,0,0,0,0.26311780000000001,2.0541694000000001,-9.9999999999999995e-07,7.9999999999999975e-07,-8.9999999999999975e-07,0.94106790000000007,0,0.0068392999999999995,-0.16239789999999998,0.053607399999999999,0.060724599999999997,-0.095433400000000002,0.064026800000000009,-0.0089598000000000004,0.024875100000000004,-0.012338399999999999,-0.0041709999999999942,0.41398509999999999,-0.17039369999999998,-0.025880400000000005,-0.011529299999999992,-0.00075830000000000081,-0.0235602,-0.0057843000000000009,-0.050431700000000003,0.036095500000000003,-0.002797899999999999,-0.060794799999999996,-0.013563999999999998,-0.094130500000000006,0.0088551000000000012,0.059708600000000001,-0.045099200000000006,0.030144500000000001,-9.1299999999999021e-05,-0.036418300000000001,0.040522299999999997,-0.08080530000000001,0.049382700000000002,0.080371200000000004,0.028129400000000006,0.20122120000000002,-0.065734199999999993,0.0058247000000000004,-0.010967600000000001,0.0034626999999999991,-0.0190671,-0.0058890999999999995,0.0426483,-0.0059612999999999992,-0.010669700000000001,-0.011371900000000001,-0.0087241999999999997,0.022529,0.0012570000000000012,0.027566199999999999,0.0044884,-0.025063800000000004,0.0032761000000000001,0.0044305999999999963,-0.023221400000000003,0.0049747999999999997,-0.0029735000000000009,0.011467300000000001,0.0055049000000000035,-0.090015999999999999,0.00076350000000000029,-0.0439335,0.030467300000000003,-0.0119407,-0.0015946000000000001,0.0020053999999999996,0.017054900000000001,0.017865300000000001,-0.0078635000000000007,-0.0106578,0.0050775000000000004,0.010559499999999999,-0.0092309000000000002,0.0095973000000000013,0.012690399999999999,-0.011806500000000001,-0.00055939999999999939,-0.010210800000000001,0.0020962999999999997,-0.020358100000000001,-0.0058183000000000002,0.027680400000000001,-0.0083604999999999999,-0.0036100999999999998,-0.011621199999999998,-0.021452199999999998,0.0069037000000000013,-0.0189959,0.00073669999999999985,0.024585099999999999,0.0013562999999999995,0.0078887999999999996,0.016403500000000001,-0.0084934000000000016,0.0252503,0.0016043000000000012,-0.0061312999999999993,0.0044317999999999996,-0.0052335999999999997,4.340000000000073e-05,0.0065002999999999988,-0.0015998000000000002,0.0067194999999999972,-0.0012187000000000001,0.0059738999999999999,-0.0028398999999999998,-0.0061799000000000003,0.012911800000000001,0.0064294999999999995,0.0038419000000000005,-0.00046279999999999976,0.0076541999999999999,-0.0039663000000000007,0.0086921000000000012,-0.0097450000000000002,0.0085453999999999999,0.0010828000000000001,-0.002075200000000001,-0.00059670000000000036,-0.0072376999999999997,0.0041579,-0.012952099999999998,0.0074904000000000021,-0.0072846999999999999,-0.0056952000000000018,-0.0096464000000000012,-0.010526500000000001,-0.019598899999999999,-0.0022071,-0.0074964999999999997,0.008838600000000002,0.004372,0.0022208000000000002,0.0085885000000000006,-0.011791599999999999,-0.0021553000000000002,-0.0023487,0.0029518000000000001,-0.0034927999999999999,0.0017593000000000001,0.0013669999999999999,9.2700000000000247e-05,0.0023112000000000002,-0.0036157999999999997,0.0081075999999999995,0.0045636000000000001,-0.0049665999999999998,0.0013176999999999998,-0.0036998000000000001,-6.6899999999999946e-05,0.0023712000000000004,0.0028199000000000002,0.0055285999999999998,-0.0044736000000000003,-0.00090399999999999986,0.0072274999999999995,-0.0021674999999999989,-0.0024023,-0.0061913999999999997,-0.0030192999999999999,-0.0021934999999999997,-0.0028958999999999999,-0.0057143999999999997,0.0013509000000000001,-0.0068488999999999998,0.0087206000000000002,0.0021052000000000002,-0.0129984,-0.0026005999999999998,0.0099918000000000003,-0.00020959999999999989,-0.00077680000000000034,0.00075349999999999983,-0.0091428999999999989,0.0090675000000000009,-0.023968400000000001,0.024938100000000001,-0.0075730999999999993,0.016301099999999999,0.014281199999999999,0.004713000000000001,-0.0014364999999999998,0.0020912000000000001,3.9200000000000085e-05,-0.001426,-3.350000000000011e-05,8.1400000000000081e-05,-3.3999999999999851e-05,-0.0017072999999999997,0.00069469999999999992,0.0037447000000000001,-0.0037174,-0.0057633999999999993,-0.0016136000000000002,0.0017554000000000001,0.0004863999999999999,0.00078289999999999989,-9.3699999999999974e-05,0.00072179999999999987,-0.0026497999999999999,-0.00046699999999999997,0.0039880000000000002,-0.0019707000000000001,-0.0025760000000000002,0.0087202999999999985,0.0047023000000000004,-0.0036057000000000007,0.00023579999999999999,0.010499000000000001,-0.0038293999999999997,-0.0057413000000000013,-0.0016099000000000005,-0.0011987999999999999,0.0014620000000000002,-0.003025400000000001,0.006352,0.0033401999999999998,-0.0019340000000000002,-0.0071881999999999988,0.00054880000000000011,-0.0075861000000000001,0.0051771999999999999,0.00087299999999999997,0.0065218999999999997,0.0028546999999999999,-0.0040569999999999998,-0.0047657999999999989,-0.016638599999999996,0.0052735999999999998,-0.011133000000000001,0.0099992000000000015,-0.0094690999999999994,0.0014791000000000001,-0.0015960000000000002,-0.00097360000000000014,0.00063550000000000043,-0.0028242000000000002,0.0014665999999999998,-0.0011098000000000002,-0.0013145000000000001,0.00048550000000000015,-0.0017750999999999999,0.0014468,0.0037559000000000004,-0.0011635999999999999,-0.00037950000000000006,0.00065029999999999992,-0.0021373999999999998,0.0016947000000000002,0.0023327999999999999,-0.0018869000000000002,0.0027452000000000002,-0.0026225000000000007,0.0024292999999999997,0.0042228000000000005,-0.0065293,0.0022655999999999996,0.0023222999999999998,-0.0017598000000000002,0.0011389999999999998,0.0022573999999999997,0.003655499999999999,0.0026497999999999999,-0.0017622,0.0020271999999999998,-0.0019634000000000001,-0.0051660000000000005,0.0048683000000000008,-0.0030949000000000003,0.0016713000000000001,0.0005022999999999998,0.0020431,-0.0011847999999999997,-0.0042047000000000005,-0.0030311000000000001,0.0052291999999999998,-0.0060419999999999996,-0.0055624000000000003,-0.0016697000000000001,-0.0028464000000000002,-0.0040495000000000001,0.0015874000000000001,-0.00083200000000000027,0.0017898000000000002,-0.0069300000000000004,0.0020778000000000003,-0.00020750000000000065,-0.018777599999999998,0.0051742000000000003,-0.00054620000000000005,-0.00060520000000000007,0.0014182999999999999,0.0059629999999999996,-0.00028380000000000001,-0.0041735000000000001,0.0015018000000000002,0.0020803000000000002,-0.0020663000000000001,0.00085150000000000004,0.0011199999999999999,-0.00042449999999999991,0.0045617000000000001,-0.00059000000000000003,0.0015853000000000002,-0.00044089999999999993,0.00057900000000000009,0.0023969999999999998,-0.0011484000000000002,-0.0035834999999999999,-0.0009012,0.00037879999999999999,8.010000000000005e-05,0.0003996999999999998,-0.0020168,0.0017262,-0.0021018,-0.0031738999999999999,-0.00069180000000000001,-0.0014139999999999999,0.0014763000000000001,0.0023625,0.0020773000000000002,-0.00077800000000000005,0.0027068999999999999,0.00071949999999999987,0.0043406999999999994,0.0020350999999999998,-0.00074420000000000009,0.0011195000000000001,-0.00056870000000000011,0.00034799999999999995,0.00064190000000000004,-0.0020912000000000001,0.0015026999999999998,0.0014896,-0.0042259000000000003,-0.0004509999999999999,-0.0012859999999999998,-0.0025858000000000001,0.00075670000000000012,0.0021892999999999999,0.00091260000000000017,-0.00038160000000000017,-0.0058461000000000016,0.0016460000000000003,-0.0071359000000000006,0.0054013999999999989,0.0071241000000000004,-0.0064121000000000004,0.0055569,-0.0025994000000000008,-0.0011067,0.0010993999999999999,-0.00033480000000000006,0.00089670000000000006,0.00050850000000000005,-0.0019418,0.0017262000000000002,0.0002569999999999999,0.0022125999999999999,-0.00030930000000000004,-0.0014962,0.00084080000000000005,-0.00060670000000000006,0.00050030000000000007,0.0017061999999999999,-0.0015222999999999999,0.00038349999999999973,3.9099999999999975e-05,-0.0033974000000000001,0.00095279999999999996,-4.1999999999999991e-05,0.00010330000000000013,-1.0600000000000258e-05,-0.0012628000000000001,-0.0029491000000000005,0.00077589999999999972,-0.0015382,0.00031880000000000005,0.0010551000000000002,0.0021965999999999999,0.0022102000000000003,-0.00030590000000000001,0.00058539999999999981,0.0019626999999999999,0.0022964000000000001,-0.00068839999999999993,0.00013940000000000003,0.0010694000000000001,-0.0025451000000000002,0.0019101999999999999,-0.0016772,-0.00015379999999999994,-0.0015943000000000001,-0.00042470000000000008,0.00020350000000000012,-0.0032672999999999999,-0.0043620000000000004,0.004069699999999999,0.0028315000000000007,0.0019804000000000002,0.00084719999999999999,-0.003202,0.0033102000000000001,-0.00037669999999999978,-0.0030159999999999996,-0.0033097999999999995,-7.4699999999999973e-05,0.004728200000000001,0.0061174000000000003,-0.0029307000000000001,0.0016035999999999999,0.0035261000000000003,-0.0039183000000000004,-0.0050462999999999984,-0.0055671000000000002,0.00055929999999999955,0.00012520000000000001,0.0038122999999999998,0.0011861,0.00050320000000000031,0.00050949999999999997,0.00090400000000000007,-0.00070449999999999994,0.00020790000000000007,0.00016419999999999998,0.0012958999999999998,6.8700000000000016e-05,0.00085320000000000014,0.00039639999999999999,-0.0016381,-0.0019881999999999994,0.0022737000000000005,0.0011027999999999997,0.00046480000000000013,0.0012753,-7.4099999999999904e-05,-0.00031500000000000001,-0.00091050000000000018,-0.00094350000000000011,0.00046640000000000001,-0.0011294999999999999,0.0008897,-0.00052839999999999994,-0.00086170000000000007,0.0010593999999999998,-0.00086090000000000005,0.0008296,-0.0012078999999999998,0.0010493999999999998,-0.0026655999999999997,-0.00059440000000000003,-0.00043539999999999996,0.0031808000000000001,-0.00035310000000000007,0.00070570000000000008,0.0013390000000000001,0.00014719999999999997,-0.0016324,-0.00093009999999999989,0.0022409999999999999,-0.0016135000000000004,0.00060829999999999999,0.00040369999999999989,-0.0005866999999999999,-0.00082070000000000016,0.00080889999999999998,-0.00069510000000000004,0.00058849999999999983,-0.0019990999999999997,0.0015035000000000001,0.0012459000000000003,-0.0015265000000000001,-0.00099130000000000008,0.0011543,0.00022509999999999989,-0.00031140000000000009,-0.0026092999999999997,-0.0022031999999999998,0.0040125000000000004,-0.00092610000000000023,0.0013434999999999999,0.00046059999999999981,0.0024579000000000007,-0.00019279999999999992,0.00021259999999999986,0.00054369999999999993,0.0020319000000000005,-0.0016551000000000001,0.0022971000000000003,-0.0010472999999999997,-0.0082612000000000015,0.0012225000000000001,-0.011405099999999998,0.0016569999999999992,-0.00032959999999999999
aug_between_class_right_pair0018_child01,Healthy,0,0,Augmented,0,0,0,0,0,0.31017659999999997,2.0797791999999999,1.0000000000000005e-07,-1.9e-06,0,1.0047634999999999,0,0.027117299999999997,-0.13954619999999998,0.013822699999999999,0.072086700000000004,-0.059469800000000003,0.054314799999999996,0.016161700000000001,-0.0076950000000000005,-0.033186800000000002,-0.086654599999999998,0.33539759999999996,-0.062305200000000005,-0.0047699999999999999,0.073100899999999996,0.023601900000000002,-0.024359199999999998,-0.00044070000000000003,-0.056670600000000002,0.031562300000000001,0.021788399999999999,-0.055264899999999999,0.0064802999999999996,-0.1030578,0.0124759,0.054799299999999995,-0.026224499999999998,0.026345100000000003,0.0037453,-0.046461500000000003,0.041928400000000005,-0.041261800000000001,-0.028854600000000001,0.097860799999999998,-0.0154895,0.2042089,-0.050273999999999999,0.0031408999999999994,-0.0014164000000000002,-0.00019489999999999959,-0.0145477,-0.0013637999999999996,0.032082199999999998,-0.0041504000000000003,-0.0040593000000000001,-0.0188083,-0.0069774000000000017,0.016277799999999999,0.020561000000000003,0.022302099999999998,0.0115528,0.0013686000000000011,0.0103123,0.0080933000000000012,-0.034015299999999998,-0.00032120000000000022,-0.015678000000000004,-0.0073343999999999996,0.031037699999999998,-0.09908900000000001,0.0070188000000000021,-0.038091399999999997,-0.024286800000000001,0.0069636999999999998,-0.00060650000000000005,-0.0027323,0.023357800000000001,0.011828200000000001,-0.0018585999999999993,-0.016591700000000001,0.0068138000000000001,0.0089527000000000009,-0.0045748999999999998,0.0043794999999999997,0.0078005999999999995,-0.016802500000000001,0.0034532,0.010576499999999999,0.0062698000000000007,-0.011110700000000001,-0.015702800000000003,0.021995600000000001,-0.0176084,-0.0079025999999999992,-0.0111319,-0.0092700999999999999,-0.0017691,-0.0048874000000000001,-0.0058307000000000003,0.012568000000000001,-0.021787600000000001,-0.0020541999999999999,0.0052025999999999999,-0.00018350000000000007,0.014765900000000002,-0.012638799999999999,-0.0052184999999999992,0.0018454999999999999,-0.0040111999999999995,-0.0072404000000000001,0.012492400000000001,-0.0038067000000000001,-0.0086917000000000001,-0.0012293,0.0062792999999999998,-0.0023476,-0.0050437999999999993,0.0097743000000000014,0.0092211999999999988,0.010754100000000001,0.0028479999999999998,0.0093086999999999996,-0.0096595999999999991,0.0053410999999999997,-0.0050273999999999996,0.014266899999999999,-6.2699999999999952e-05,-0.0083292000000000001,0.0047662,-0.0070965000000000004,0.0063713999999999993,-0.012778500000000002,0.0035103999999999995,0.0061060000000000003,0.0088597999999999993,-0.0045675999999999998,-0.0010198,-0.019742599999999999,-0.0029324999999999998,-0.017949,-0.0012549000000000006,0.0108059,0.00069519999999999998,0.0040848000000000004,-0.0022818000000000005,-0.0067083999999999998,-0.0021663999999999997,-0.0001047,0.0026876000000000001,0.0014302,0.0024610000000000001,-0.0047840000000000001,0.0024000999999999996,-0.0025048000000000002,0.0033329000000000002,0.0032940000000000001,0.0032591999999999999,-0.00050530000000000019,0.00018649999999999998,-0.00052349999999999966,-0.0044504999999999996,-0.0035681000000000003,0.0018747000000000002,-0.0102208,-0.00072379999999999992,0.0080809999999999996,0.00059639999999999953,-0.0032490000000000002,-0.00081099999999999966,0.0030030999999999994,-0.0072516999999999998,-0.0018379,-0.0088853000000000005,0.0067621000000000001,0.0052671999999999997,0.0088278000000000002,0.0039112000000000001,-0.0115291,0.00071520000000000004,0.0098055,0.0031594000000000001,-0.0020798000000000001,0.0017582000000000006,-0.0077448000000000013,0.0002184,-0.0153732,-0.0024497,-0.0016118000000000003,-0.012168999999999999,0.011189299999999999,-0.0046948000000000007,-0.0017384000000000002,0.0023378000000000001,-0.0024241999999999996,-0.0013662000000000001,0.0012894,0.0006891,-0.0011366000000000002,-0.0047609000000000002,0.0033731999999999998,0.0036633,-0.0025799999999999998,0.0021593000000000003,-1.7200000000000039e-05,-0.0021320000000000002,0.0017377,-0.0024264999999999998,0.0013648999999999998,0.0052659999999999998,0.00077700000000000035,-0.00053350000000000055,0.00037559999999999991,-0.0020779000000000001,-0.0066347000000000003,0.00046589999999999999,0.0020541999999999999,-0.00082109999999999995,0.0040230999999999999,0.0066921000000000003,0.00020300000000000016,-0.0028348000000000002,-0.00053089999999999995,-0.0015809000000000001,-0.0047729999999999995,-0.00029499999999999991,0.011913,-0.00045080000000000001,0.0010146999999999999,0.0029066000000000001,-7.930000000000003e-05,-0.0039097000000000003,0.0071808000000000002,-0.00075559999999999972,0.0050365000000000002,0.00052050000000000013,0.0021946000000000001,0.0038251000000000001,-0.017405299999999999,-0.00042530000000000042,-0.013360199999999999,-0.0080351999999999993,-0.0026677000000000003,0.0023576999999999999,-0.0013438,-0.00069799999999999994,-0.0036537999999999996,-0.0016711999999999999,0.0003566000000000001,-0.0018090000000000001,0.00053850000000000013,0.00049429999999999971,-0.0010074999999999999,1.7500000000000032e-05,0.0012144,0.0011454999999999998,0.00082550000000000006,-0.0015137,0.0016967999999999998,-0.0013399000000000002,0.00020740000000000038,-0.0009905999999999999,-0.0030417,-0.0010628,0.00032259999999999993,0.0034646,-0.00010909999999999913,0.0035379000000000009,0.00082530000000000006,0.00010449999999999999,-0.0017946999999999998,0.0011473999999999998,0.0044699000000000006,0.0032285999999999999,-0.0016666000000000003,0.0058326000000000003,-0.0022932,-0.0021260000000000003,0.0075963999999999997,0.0020338999999999999,0.0028714000000000005,0.0025033,-0.0025050000000000003,-0.00089289999999999942,-0.0011297999999999998,-0.0024042,0.0071990000000000005,-0.0055374000000000013,-0.00059990000000000022,-0.0029670999999999999,-0.0038054,-0.0009779000000000003,0.00013569999999999988,-0.0059345999999999999,0.0081104999999999997,0.010168699999999999,-9.0900000000000095e-05,0.0096322000000000005,-0.016974599999999999,4.5899999999999977e-05,-0.0017308,-0.00062560000000000003,0.00070740000000000006,0.00082370000000000002,-0.0018080000000000004,-8.6199999999999981e-05,-0.00034480000000000003,0.0035785000000000001,0.0020914000000000002,0.00093949999999999991,-6.1799999999999984e-05,0.00065550000000000005,0.00089809999999999998,0.0032805,-0.0010425999999999999,-0.00018919999999999996,-0.0020471,0.0017293,0.0010256,-0.00034079999999999999,-0.0025295000000000001,0.00086740000000000005,-0.0015276000000000001,-0.0029869999999999996,-0.0034708999999999999,0.0019145,0.0027060000000000001,0.00077430000000000012,-0.0010894000000000001,-0.00065790000000000011,-0.00044950000000000003,-0.00077520000000000009,-0.0036665000000000001,0.00085189999999999984,0.00084979999999999995,-0.0011164999999999999,0.0048531000000000008,0.0017520999999999999,-0.00056700000000000001,-0.0021089000000000004,0.0034070000000000003,0.0012664,-0.00092979999999999994,-0.00085899999999999995,0.0045843000000000004,0.0016608999999999999,0.00010220000000000021,-0.0020539,0.00010889999999999999,-0.0027724999999999998,0.0028247000000000003,0.0033507999999999997,-0.0032198000000000001,0.0049798999999999998,-0.0043262000000000005,0.0010215000000000003,-0.001212,0.0035900999999999997,0.0125462,-0.0017431,0.0066383000000000006,0.0030866000000000001,-0.0037818999999999999,7.5400000000000044e-05,0.00074520000000000001,0.00054120000000000004,0.00066500000000000001,-0.00014090000000000001,-0.00020619999999999997,0.0002049000000000001,-0.0012631999999999999,0.0010092,-0.00073210000000000018,0.00092120000000000006,-0.0019090000000000001,0.0014308000000000001,0.00016569999999999999,0.0015241999999999999,-0.0026663999999999998,0.00016789999999999996,-0.0015570999999999998,0.0019821999999999999,0.00043590000000000002,-0.00088250000000000004,0.0020883000000000004,-0.000243,0.0012205000000000007,-0.0025874000000000001,0.00074580000000000002,0.00073910000000000024,-0.00023840000000000016,-0.00095870000000000005,0.0012015000000000001,-0.0014544000000000002,-0.0018063,0.0019621999999999999,-0.00046830000000000005,-2.1999999999999993e-06,0.00087490000000000007,0.0023868000000000001,-0.00066530000000000007,0.00055279999999999978,0.00033469999999999984,-0.0012093999999999998,-0.0016680000000000002,-0.00063199999999999997,0.0018247000000000003,-0.0057432999999999998,-0.0044790000000000003,0.0015049999999999998,-0.0016752000000000002,-0.0029072999999999998,0.0014821999999999999,0.0020183000000000006,0.0021126000000000001,0.0003386000000000001,-0.00083330000000000003,-0.0025718999999999998,-0.0025863000000000001,-0.00043830000000000003,0.0014676999999999997,0.0029088000000000004,0.0044376999999999993,0.0022834000000000001,-0.0026097000000000004,1.859999999999991e-05,0.0015029000000000006,-0.0051450999999999997,0.00097570000000000003,-0.0040822999999999996,0.0044119999999999993,-0.00035860000000000004,0.00074870000000000004,-2.9000000000000163e-06,-0.0022959999999999999,-0.0009431000000000001,0.00090620000000000002,0.00054619999999999994,-0.00036629999999999996,-0.00090879999999999997,0.0010032999999999999,-0.00051389999999999997,0.00044449999999999996,0.0030576000000000002,-0.0020311999999999999,-0.0018804999999999996,-0.0027807999999999999,-0.001052,0.0013803999999999999,0.0013491000000000002,0.0015814000000000002,-0.00032120000000000006,-0.00040469999999999997,-0.0012053000000000001,0.0012804000000000001,-0.0013409999999999997,0.0029209000000000001,-0.0036674999999999998,0.00063680000000000008,0.00078560000000000012,0.00038230000000000002,-0.0017996000000000002,-0.0015617000000000001,0.00062130000000000009,0.0017154999999999996,0.00101,0.00077070000000000003,0.00038040000000000003,-0.0020409000000000004,0.00035080000000000007,-0.00031469999999999995,-0.00060050000000000001,-0.00038230000000000002,-0.0017965000000000001,0.0015755000000000001,-0.00051869999999999998,-0.0016668999999999998,0.0013424999999999999,-0.0031121,-0.0017332000000000001,0.00014569999999999999,0.00032909999999999992,-0.0013282000000000003,0.00048110000000000004,-0.00075280000000000008,0.0021441000000000003,-0.0024023,-0.0012942000000000001,0.0028205000000000001,-0.003567400000000001,0.00021629999999999992,0.0011053,-0.0011058000000000001,0.0012765000000000001,-0.0017772,-0.0041834000000000003,0.0042262999999999997,-0.00026240000000000009,0.0032709000000000002,0.0016793000000000003,0.00032479999999999998,0.0060797999999999998,-0.0020936000000000001,-0.0010628,-0.0017442,-0.00046849999999999973,0.0012274999999999999
aug_between_class_right_pair0018_child02,Healthy,0,0,Augmented,0,0,0,0,0,0.30783820000000001,2.0768363999999999,1.9999999999999999e-07,-1.8000000000000001e-06,0,1.0035240000000001,0,0.029028599999999998,-0.1393094,0.0136664,0.074366399999999999,-0.0634826,0.057354599999999999,0.014102400000000003,-0.0071830000000000019,-0.030940599999999999,-0.093019199999999996,0.3381982,-0.063995400000000008,-0.0038330000000000005,0.078434799999999999,0.0191098,-0.0243144,-0.00042639999999999952,-0.056147200000000001,0.032192600000000002,0.020835800000000002,-0.054086800000000004,0.0052505999999999994,-0.1021126,0.011613799999999999,0.055212600000000001,-0.025464000000000001,0.025087199999999997,0.0032816,-0.047614000000000004,0.0417118,-0.040747600000000002,-0.028950199999999999,0.097800600000000001,-0.014135999999999999,0.20338580000000001,-0.049232999999999999,0.0034487999999999993,-0.0024698000000000003,-0.00074379999999999932,-0.0142404,-0.00086059999999999956,0.032553400000000003,-0.0037828000000000002,-0.0042686,-0.018645599999999998,-0.0074537999999999983,0.016293599999999998,0.020972000000000001,0.022330199999999998,0.0112006,0.00047119999999999974,0.010221600000000001,0.0091636000000000009,-0.033753600000000002,-0.00016240000000000048,-0.014748000000000006,-0.0062637999999999982,0.0310274,-0.098719000000000001,0.0039066000000000031,-0.0388388,-0.023907600000000001,0.0067054000000000002,-0.00081100000000000009,-0.0027505999999999997,0.0224876,0.0111004,-0.0015962000000000003,-0.016788400000000002,0.0072596000000000006,0.0086184,-0.0050358,0.0052769999999999996,0.0080302000000000012,-0.016693,0.0038323999999999997,0.0095249999999999987,0.0073086000000000002,-0.0114754,-0.015612600000000001,0.023192200000000003,-0.018038800000000001,-0.0076511999999999995,-0.0103398,-0.0097552000000000003,-0.0020371999999999994,-0.0058088000000000002,-0.0065064000000000007,0.013101000000000002,-0.020554200000000002,-0.0019364000000000004,0.0038571999999999999,-0.00026500000000000004,0.013221800000000002,-0.0123176,-0.005398,0.0024419999999999997,-0.0036264000000000001,-0.0074208,0.012321800000000001,-0.0037404000000000001,-0.0076464000000000002,-0.0010475999999999999,0.0064105999999999998,-0.0021752,-0.0057835999999999999,0.0099246000000000004,0.0094403999999999998,0.010434200000000001,0.0024380000000000001,0.0092914,-0.0100222,0.0053172000000000002,-0.0052917999999999993,0.013776799999999999,0.00017160000000000005,-0.0082044000000000006,0.0043063999999999993,-0.0074400000000000004,0.0050728000000000006,-0.013172,0.0035988000000000001,0.0055200000000000006,0.0093735999999999993,-0.0054901999999999998,-0.0013185999999999999,-0.020893200000000001,-0.0036729999999999996,-0.017672,-0.0019007999999999994,0.011408800000000002,0.0017924,0.0045136000000000013,-0.0036686000000000002,-0.0056368,-0.0021567999999999999,-0.00017140000000000002,0.0025961999999999999,0.0010314,0.0023670000000000002,-0.0052390000000000006,0.0021612000000000003,-0.0027606000000000002,0.0033388000000000003,0.0028500000000000001,0.0033394000000000002,7.3399999999999941e-05,0.00062100000000000002,-0.00048899999999999985,-0.0039759999999999995,-0.0032402000000000008,0.0015724000000000005,-0.010138599999999999,-0.00085759999999999981,0.0082279999999999992,0.00092979999999999972,-0.0024669999999999996,-0.0012389999999999999,0.0020522000000000001,-0.0073493999999999999,-0.0018208,-0.0087785999999999993,0.0066222000000000008,0.0051053999999999995,0.0089706000000000004,0.0041703999999999995,-0.0113092,0.00024040000000000021,0.0085629999999999994,0.0032958000000000006,-0.0020136000000000004,0.0018434000000000002,-0.0071926000000000004,0.00037780000000000008,-0.016437400000000001,-0.0037354000000000011,-0.0024386000000000008,-0.012938999999999999,0.0123406,-0.0048596000000000012,-0.0017528000000000001,0.0021446,-0.0021073999999999997,-0.0016504000000000002,0.0014298000000000002,0.00054119999999999993,-0.0010522000000000001,-0.0051348000000000001,0.0032814000000000003,0.0033736,-0.0025929999999999998,0.0022896000000000001,-0.00025740000000000008,-0.0016119999999999997,0.0011844000000000004,-0.0020399999999999997,0.0013958,0.0048879999999999982,0.0007440000000000003,-0.00025500000000000024,0.00036519999999999999,-0.0020538000000000002,-0.0064233999999999992,0.00047980000000000028,0.0021633999999999998,-0.00095520000000000002,0.0043281999999999999,0.0064932000000000002,0.000553,-0.0027406000000000006,-7.7800000000000048e-05,-0.0016978,-0.0047369999999999999,-0.00019599999999999999,0.012168000000000002,-0.00031060000000000007,0.0007884000000000003,0.0026922000000000001,0.00016039999999999978,-0.0038574000000000004,0.0069006000000000007,-0.00086120000000000012,0.0048900000000000002,0.00108,0.0020952000000000002,0.0042091999999999997,-0.017751599999999999,-0.00029260000000000006,-0.012626400000000001,-0.0077214000000000007,-0.0031454,0.0022074,-0.0014036000000000001,-0.00069200000000000002,-0.0035995999999999997,-0.0011984000000000001,0.00040620000000000001,-0.0013740000000000002,0.00057100000000000033,0.00013759999999999988,-0.00069899999999999953,-9.5999999999999962e-05,0.0014387999999999998,0.0010729999999999997,0.00067000000000000013,-0.0016374,0.0015805999999999999,-0.0011178000000000002,0.00037579999999999992,-0.0014432,-0.0029104000000000005,-0.0010085999999999999,0.00024919999999999999,0.0032762000000000004,-0.00080719999999999967,0.0034078000000000008,0.00067160000000000006,-0.00015100000000000009,-0.0017523999999999999,0.0016157999999999997,0.0044228000000000002,0.0035092000000000001,-0.0014201999999999999,0.0052582000000000011,-0.0020514000000000001,-0.0020959999999999998,0.0074618000000000002,0.0016948,0.0026488000000000002,0.0024285999999999999,-0.0018930000000000004,-0.0010997999999999997,-0.0018465999999999999,-0.0022954,0.0062489999999999993,-0.0055758000000000005,-9.9800000000000149e-05,-0.0031901999999999998,-0.0032857999999999997,-0.0015788000000000004,-0.00010760000000000001,-0.0061222000000000004,0.0079520000000000007,0.010650400000000001,-2.7800000000000134e-05,0.0086844000000000001,-0.016290200000000001,0.00038479999999999981,-0.0014436,-0.00054120000000000004,0.00093680000000000011,0.00068840000000000004,-0.0016950000000000005,-0.00020540000000000001,-0.0003795999999999999,0.0035989999999999998,0.0016768,0.00074399999999999998,1.9399999999999929e-05,0.00012399999999999992,0.0010932000000000001,0.0030660000000000001,-0.0013151999999999999,2.560000000000008e-05,-0.0021541999999999998,0.0015486,0.0010272,-0.00037759999999999991,-0.0023630000000000001,0.00083379999999999999,-0.0016651999999999999,-0.0023929999999999997,-0.0033318000000000002,0.0019120000000000001,0.0025830000000000002,0.00081759999999999992,-0.0014308000000000001,-0.00053779999999999995,-0.00064700000000000001,-0.00092440000000000003,-0.0032690000000000002,0.00074480000000000011,0.00073860000000000017,-0.00098699999999999981,0.0043722000000000006,0.0018051999999999999,-0.00068199999999999999,-0.0022958000000000002,0.0034610000000000005,0.0012008000000000001,-0.0009056,-0.00088699999999999998,0.0044956000000000006,0.0016167999999999998,-8.5599999999999912e-05,-0.0019908,-0.00030820000000000006,-0.003166,0.0027964000000000001,0.0030466,-0.0031456000000000001,0.0049598000000000003,-0.0045643999999999997,0.0010050000000000003,-0.001235,0.0025691999999999998,0.012445400000000001,-0.0016651999999999999,0.0063216000000000001,0.0034052000000000002,-0.0034938,8.480000000000011e-05,0.00091940000000000012,0.00056839999999999994,0.00044199999999999996,-0.00021880000000000001,-0.00012939999999999989,9.2800000000000087e-05,-0.00096840000000000012,0.00093540000000000008,-0.00090920000000000009,0.0011194,-0.0017570000000000001,0.0013226000000000002,0.00029839999999999999,0.0016244,-0.0024327999999999997,4.8000000000000083e-06,-0.0013162,0.0018243999999999999,0.00049280000000000005,-0.00083700000000000007,0.0019406000000000002,-0.000299,0.00088600000000000007,-0.0027198000000000001,0.00070660000000000004,0.00071719999999999998,-0.00016680000000000015,-0.00078940000000000021,0.0010579999999999999,-0.0012768,-0.0015086000000000001,0.0016794000000000002,-0.00037559999999999997,-8.3400000000000076e-05,0.00063480000000000003,0.0024036000000000001,-0.00057059999999999999,0.0008705999999999998,0.00013739999999999987,-0.0012807999999999999,-0.0017570000000000001,-0.00096199999999999996,0.0018914000000000001,-0.0053866000000000001,-0.0045039999999999993,0.0015440000000000002,-0.0011454000000000004,-0.0027456,0.0015844000000000001,0.0016236000000000009,0.0021172000000000001,0.00037019999999999978,-0.00070159999999999992,-0.0022228000000000005,-0.0023785999999999998,-0.00048259999999999991,0.00084239999999999988,0.0026486000000000001,0.0045263999999999999,0.0023898000000000001,-0.0020354000000000001,0.00035019999999999973,0.0011618000000000002,-0.0052982000000000003,0.00092040000000000004,-0.0045516000000000003,0.0039439999999999996,-0.00051420000000000003,0.00064340000000000013,1.0199999999999977e-05,-0.0020739999999999999,-0.00093420000000000005,0.00090639999999999991,0.0004034000000000001,-0.00041660000000000004,-0.0010705999999999999,0.00085159999999999999,-0.00043979999999999996,0.00045400000000000003,0.0027872000000000001,-0.0017304000000000002,-0.0016150000000000001,-0.0026266000000000002,-0.00081100000000000009,0.0013457999999999999,0.0013281999999999999,0.0016868,-0.00038040000000000008,-0.00027039999999999996,-0.0010506000000000003,0.0011828000000000003,-0.0010340000000000002,0.0027247999999999999,-0.0034269999999999999,0.00073660000000000002,0.00057620000000000013,0.00062860000000000021,-0.0019772000000000001,-0.0015104000000000003,0.00061959999999999999,0.0015520000000000002,0.001024,0.00092639999999999997,0.00025279999999999996,-0.0020448000000000003,0.00054060000000000013,-0.0005354,-0.0005930000000000001,-0.00037259999999999995,-0.0014780000000000001,0.001521,-0.00034840000000000017,-0.0014767999999999999,0.0013730000000000001,-0.0030562000000000002,-0.0017773999999999999,0.00016239999999999999,0.00060319999999999992,-0.0011234000000000001,0.00021819999999999999,-0.00067860000000000001,0.0021381999999999998,-0.0021125999999999996,-0.0013654000000000001,0.0026489999999999999,-0.0036468000000000004,-8.4400000000000019e-05,0.0010525999999999999,-0.0012406000000000001,0.0015020000000000001,-0.0017194000000000001,-0.0040877999999999999,0.0046426000000000002,-0.00031280000000000012,0.0033638000000000001,0.0015425999999999999,0.00021560000000000004,0.0059056000000000004,-0.0019452,-0.00093860000000000005,-0.0010673999999999996,-0.00042099999999999993,0.0010899999999999998
aug_between_class_right_pair0018_child03,Healthy,0,0,Augmented,0,0,0,0,0,0.30549979999999999,2.0738935999999999,2.9999999999999999e-07,-1.7e-06,0,1.0022845,4.1359030627651384e-25,0.030939899999999999,-0.13907259999999999,0.013510100000000001,0.076646099999999995,-0.067495399999999997,0.060394400000000001,0.012043100000000001,-0.0066710000000000016,-0.028694400000000002,-0.099383800000000008,0.34099879999999999,-0.065685600000000011,-0.002896000000000001,0.083768700000000001,0.014617700000000001,-0.024269599999999999,-0.00041209999999999988,-0.055623800000000001,0.032822900000000002,0.019883200000000004,-0.052908700000000003,0.0040208999999999991,-0.10116739999999999,0.010751699999999999,0.055625899999999999,-0.0247035,0.023829299999999998,0.0028178999999999999,-0.048766500000000004,0.041495200000000003,-0.040233400000000002,-0.0290458,0.097740399999999991,-0.012782499999999999,0.20256269999999998,-0.048191999999999999,0.0037567,-0.0035232000000000002,-0.0012926999999999999,-0.0139331,-0.00035739999999999991,0.033024600000000001,-0.0034152000000000002,-0.0044779000000000008,-0.018482899999999997,-0.0079302000000000001,0.016309399999999998,0.021383000000000003,0.022358299999999998,0.010848400000000001,-0.00042620000000000071,0.0101309,0.010233900000000001,-0.033491900000000005,-3.5999999999998707e-06,-0.013818000000000002,-0.0051931999999999985,0.031017099999999999,-0.098349000000000006,0.00079440000000000066,-0.039586200000000002,-0.023528399999999998,0.0064470999999999999,-0.0010155000000000001,-0.0027688999999999991,0.021617399999999998,0.010372599999999999,-0.0013337999999999996,-0.0169851,0.0077054000000000003,0.0082841000000000008,-0.0054966999999999993,0.0061744999999999994,0.0082597999999999994,-0.016583500000000001,0.0042115999999999994,0.0084734999999999984,0.0083474000000000013,-0.011840099999999999,-0.0155224,0.024388800000000002,-0.018469199999999998,-0.0073997999999999998,-0.0095476999999999992,-0.010240299999999999,-0.0023052999999999988,-0.0067302000000000004,-0.0071821000000000003,0.013634,-0.019320799999999999,-0.0018186000000000001,0.0025118000000000015,-0.00034649999999999959,0.011677700000000003,-0.011996399999999999,-0.0055774999999999991,0.0030385,-0.0032415999999999999,-0.0076012000000000007,0.012151200000000001,-0.0036741,-0.0066011000000000012,-0.00086589999999999996,0.0065418999999999998,-0.0020028000000000003,-0.0065234000000000004,0.010074900000000001,0.0096596000000000008,0.0101143,0.0020279999999999999,0.0092740999999999987,-0.0103848,0.0052932999999999999,-0.0055561999999999999,0.013286699999999999,0.00040590000000000005,-0.0080795999999999993,0.0038466000000000004,-0.0077834999999999996,0.0037741999999999997,-0.013565500000000001,0.0036871999999999999,0.004934,0.0098873999999999976,-0.0064127999999999998,-0.0016173999999999997,-0.022043800000000002,-0.0044134999999999999,-0.017395000000000001,-0.0025467000000000007,0.012011699999999998,0.0028895999999999995,0.0049424000000000004,-0.0050553999999999998,-0.0045652000000000002,-0.0021472000000000002,-0.00023809999999999999,0.0025047999999999997,0.00063259999999999987,0.0022729999999999998,-0.0056940000000000003,0.0019222999999999998,-0.0030163999999999998,0.0033446999999999999,0.0024060000000000002,0.0034196000000000001,0.00065209999999999964,0.0010554999999999998,-0.00045450000000000004,-0.0035014999999999994,-0.0029123000000000005,0.0012701000000000004,-0.0100564,-0.00099139999999999992,0.0083749999999999988,0.0012632000000000001,-0.0016849999999999996,-0.0016669999999999999,0.0011012999999999991,-0.0074470999999999999,-0.0018037000000000001,-0.0086718999999999997,0.0064822999999999999,0.0049435999999999994,0.0091134000000000007,0.0044295999999999997,-0.0110893,-0.00023440000000000006,0.0073204999999999998,0.0034321999999999998,-0.0019473999999999997,0.0019285999999999999,-0.0066404000000000003,0.00053719999999999994,-0.017501599999999999,-0.0050211000000000006,-0.0032654000000000008,-0.013708999999999997,0.013491899999999999,-0.0050244,-0.0017672,0.0019513999999999998,-0.0017905999999999998,-0.0019346000000000001,0.0015702000000000001,0.00039329999999999996,-0.0009678,-0.0055087000000000001,0.0031895999999999999,0.0030839000000000001,-0.0026059999999999998,0.0024199,-0.00049760000000000006,-0.0010919999999999999,0.00063109999999999967,-0.0016534999999999998,0.0014266999999999997,0.0045099999999999984,0.00071099999999999983,2.349999999999965e-05,0.00035480000000000017,-0.0020297000000000002,-0.0062120999999999999,0.00049370000000000056,0.0022726000000000001,-0.0010892999999999999,0.0046332999999999999,0.0062943000000000001,0.00090300000000000005,-0.0026464000000000001,0.00037530000000000007,-0.0018147,-0.0047009999999999994,-9.6999999999999864e-05,0.012423,-0.00017040000000000024,0.00056209999999999984,0.0024778000000000001,0.00040010000000000046,-0.0038051000000000005,0.0066204000000000002,-0.00096680000000000008,0.0047435000000000003,0.0016395000000000003,0.0019958000000000003,0.0045932999999999998,-0.0180979,-0.00015989999999999971,-0.0118926,-0.0074076000000000003,-0.0036231000000000002,0.0020570999999999996,-0.0014633999999999999,-0.00068600000000000009,-0.0035453999999999998,-0.00072559999999999986,0.00045580000000000002,-0.00093899999999999995,0.00060350000000000009,-0.00021910000000000012,-0.00039049999999999979,-0.00020949999999999989,0.0016632000000000001,0.0010004999999999999,0.00051450000000000009,-0.0017611,0.0014643999999999998,-0.00089569999999999993,0.00054420000000000033,-0.0018958,-0.0027790999999999996,-0.0009544,0.00017579999999999994,0.0030877999999999999,-0.0015053000000000002,0.0032777000000000006,0.00051790000000000007,-0.00040650000000000018,-0.0017100999999999996,0.0020842,0.0043756999999999997,0.0037897999999999999,-0.0011738,0.0046838000000000001,-0.0018096,-0.0020660000000000001,0.0073271999999999999,0.0013556999999999998,0.0024261999999999999,0.0023538999999999999,-0.0012810000000000002,-0.0013067,-0.0025634,-0.0021865999999999999,0.0052989999999999999,-0.0056141999999999997,0.00040029999999999981,-0.0034133000000000002,-0.0027661999999999999,-0.0021797000000000006,-0.00035089999999999969,-0.0063098,0.0077935000000000001,0.011132099999999999,3.5299999999999936e-05,0.0077366000000000015,-0.015605800000000001,0.00072369999999999986,-0.0011563999999999999,-0.00045679999999999999,0.0011662,0.00055310000000000005,-0.0015820000000000003,-0.00032460000000000008,-0.0004144000000000001,0.0036194999999999995,0.0012621999999999998,0.00054849999999999994,0.00010059999999999995,-0.00040749999999999988,0.0012883,0.0028514999999999994,-0.0015877999999999997,0.00024039999999999999,-0.0022612999999999999,0.0013679,0.0010287999999999999,-0.00041440000000000004,-0.0021965000000000001,0.00080019999999999993,-0.0018027999999999998,-0.0017989999999999998,-0.0031926999999999997,0.0019094999999999997,0.0024599999999999995,0.00086089999999999995,-0.0017722000000000003,-0.00041770000000000002,-0.00084450000000000009,-0.0010736000000000001,-0.0028714999999999999,0.00063769999999999951,0.00062740000000000007,-0.00085749999999999986,0.0038912999999999994,0.0018583,-0.00079699999999999997,-0.0024827,0.0035149999999999999,0.0011351999999999998,-0.00088139999999999985,-0.00091500000000000001,0.0044069000000000001,0.0015727,-0.00027339999999999992,-0.0019276999999999996,-0.0007252999999999999,-0.0035595000000000002,0.0027680999999999999,0.0027423999999999999,-0.0030714000000000002,0.0049397,-0.0048025999999999998,0.0009884999999999998,-0.001258,0.0015482999999999996,0.012344600000000001,-0.0015872999999999998,0.0060049000000000005,0.0037238000000000002,-0.0032056999999999997,9.4200000000000067e-05,0.0010935999999999999,0.00059560000000000006,0.00021899999999999996,-0.0002967,-5.2599999999999978e-05,-1.9299999999999981e-05,-0.00067359999999999989,0.00086159999999999991,-0.0010862999999999999,0.0013175999999999997,-0.0016050000000000001,0.0012144,0.00043110000000000002,0.0017246,-0.0021991999999999997,-0.0001583,-0.0010753,0.0016666000000000001,0.00054969999999999997,-0.00079149999999999989,0.0017929,-0.00035499999999999996,0.00055149999999999991,-0.0028522,0.00066740000000000007,0.00069529999999999993,-9.5199999999999929e-05,-0.00062010000000000006,0.00091450000000000006,-0.0010991999999999998,-0.0012109,0.0013966,-0.00028289999999999994,-0.00016459999999999999,0.0003947,0.0024204000000000001,-0.00047590000000000002,0.0011883999999999998,-5.9900000000000209e-05,-0.0013522,-0.001846,-0.001292,0.0019580999999999999,-0.0050299000000000003,-0.004529,0.001583,-0.00061560000000000022,-0.0025839000000000001,0.0016865999999999999,0.0012289,0.0021218000000000001,0.0004017999999999999,-0.00056990000000000003,-0.0018736999999999998,-0.0021708999999999999,-0.00052689999999999996,0.00021709999999999969,0.0023883999999999997,0.0046151000000000005,0.0024962000000000001,-0.0014611000000000001,0.00068179999999999998,0.00082069999999999995,-0.0054513000000000001,0.00086510000000000016,-0.0050209,0.0034759999999999999,-0.00066980000000000013,0.00053810000000000012,2.3300000000000024e-05,-0.0018519999999999999,-0.00092529999999999999,0.00090660000000000003,0.00026059999999999999,-0.00046689999999999991,-0.0012324,0.00069990000000000004,-0.00036569999999999994,0.00046349999999999999,0.0025168,-0.0014296000000000001,-0.0013494999999999998,-0.0024724,-0.00056999999999999998,0.0013111999999999998,0.0013073,0.0017921999999999999,-0.00043960000000000001,-0.00013609999999999995,-0.00089590000000000004,0.0010851999999999997,-0.00072699999999999967,0.0025287,-0.0031864999999999997,0.00083639999999999995,0.00036680000000000003,0.00087490000000000007,-0.0021548000000000001,-0.0014590999999999996,0.00061789999999999989,0.0013885,0.0010379999999999999,0.0010820999999999999,0.0001251999999999999,-0.0020487000000000001,0.00073040000000000008,-0.0007561,-0.00058550000000000008,-0.00036289999999999977,-0.0011595000000000002,0.0014664999999999999,-0.00017809999999999999,-0.0012866999999999998,0.0014035,-0.0030003,-0.0018215999999999998,0.00017909999999999999,0.00087729999999999991,-0.00091859999999999999,-4.4700000000000165e-05,-0.00060440000000000016,0.0021323000000000002,-0.0018228999999999997,-0.0014365999999999999,0.0024774999999999997,-0.0037262000000000007,-0.00038510000000000004,0.00099989999999999996,-0.0013753999999999999,0.0017275000000000001,-0.0016616000000000001,-0.0039921999999999996,0.0050588999999999999,-0.00036320000000000005,0.0034566999999999996,0.0014058999999999999,0.00010639999999999998,0.0057313999999999993,-0.0017968000000000001,-0.00081439999999999985,-0.00039059999999999995,-0.00037350000000000013,0.0009524999999999999
aug_between_class_right_pair0018_child04,Healthy,0,0,Augmented,0,0,0,0,0,0.30316140000000003,2.0709507999999999,4.0000000000000003e-07,-1.5999999999999999e-06,0,1.001045,0,0.032851199999999997,-0.13883580000000001,0.013353800000000001,0.078925800000000004,-0.071508199999999994,0.063434199999999996,0.0099838000000000027,-0.0061590000000000013,-0.026448199999999998,-0.10574840000000001,0.34379939999999998,-0.0673758,-0.0019589999999999998,0.089102600000000004,0.010125600000000002,-0.024224800000000001,-0.00039780000000000024,-0.055100400000000001,0.033453200000000002,0.018930599999999999,-0.051730600000000002,0.0027911999999999998,-0.1002222,0.0098895999999999984,0.056039199999999997,-0.023942999999999999,0.022571399999999998,0.0023542000000000007,-0.049919000000000005,0.041278599999999999,-0.039719200000000003,-0.029141399999999998,0.097680199999999995,-0.011428999999999998,0.20173959999999999,-0.047150999999999998,0.0040645999999999998,-0.0045766000000000001,-0.0018415999999999997,-0.0136258,0.00014580000000000018,0.033495799999999999,-0.0030476000000000001,-0.0046871999999999999,-0.018320199999999998,-0.0084066000000000002,0.016325199999999998,0.021794000000000001,0.022386399999999997,0.010496200000000001,-0.0013236000000000012,0.010040200000000001,0.0113042,-0.033230200000000001,0.0001552000000000003,-0.012888000000000004,-0.0041225999999999997,0.031006800000000001,-0.097978999999999997,-0.0023178000000000001,-0.040333599999999997,-0.023149200000000002,0.0061887999999999995,-0.0012199999999999999,-0.0027872000000000001,0.0207472,0.0096447999999999985,-0.0010713999999999993,-0.017181799999999997,0.0081512000000000008,0.0079497999999999999,-0.0059575999999999995,0.0070720000000000002,0.0084894000000000011,-0.016473999999999999,0.0045907999999999999,0.0074219999999999989,0.0093862000000000008,-0.0122048,-0.0154322,0.025585400000000001,-0.018899599999999999,-0.0071484000000000001,-0.0087556000000000005,-0.0107254,-0.0025734,-0.0076516000000000006,-0.0078578000000000016,0.014166999999999999,-0.0180874,-0.0017008000000000006,0.0011663999999999997,-0.000428,0.010133600000000001,-0.0116752,-0.005757,0.0036349999999999998,-0.0028567999999999996,-0.0077816000000000005,0.011980600000000001,-0.0036078,-0.0055558000000000014,-0.00068419999999999993,0.0066731999999999998,-0.0018304000000000003,-0.0072632000000000009,0.0102252,0.0098788000000000001,0.0097944,0.0016179999999999999,0.0092567999999999991,-0.010747400000000001,0.0052694000000000005,-0.0058206000000000004,0.0127966,0.00064020000000000006,-0.0079547999999999997,0.0033867999999999997,-0.0081269999999999988,0.0024755999999999997,-0.013959000000000003,0.0037755999999999996,0.0043480000000000003,0.010401199999999999,-0.0073353999999999997,-0.0019161999999999998,-0.0231944,-0.0051539999999999997,-0.017117999999999998,-0.0031926000000000003,0.012614600000000002,0.0039868000000000004,0.0053712000000000005,-0.0064421999999999995,-0.0034935999999999995,-0.0021375999999999999,-0.00030480000000000004,0.0024133999999999996,0.00023379999999999988,0.0021790000000000004,-0.006149,0.0016833999999999998,-0.0032721999999999998,0.0033506000000000005,0.0019620000000000002,0.0034998000000000004,0.0012307999999999998,0.00149,-0.0004199999999999998,-0.0030269999999999997,-0.0025844000000000002,0.00096780000000000021,-0.009974199999999999,-0.0011252,0.0085220000000000001,0.0015966000000000001,-0.00090299999999999972,-0.0020950000000000001,0.00015039999999999932,-0.0075447999999999999,-0.0017866000000000002,-0.0085652000000000002,0.0063424000000000006,0.0047817999999999992,0.0092562000000000009,0.0046887999999999999,-0.010869400000000001,-0.00070920000000000032,0.0060780000000000001,0.0035685999999999999,-0.0018812,0.0020138000000000005,-0.0060882000000000002,0.00069660000000000013,-0.0185658,-0.0063068000000000004,-0.0040922000000000007,-0.014479000000000001,0.014643200000000002,-0.0051892000000000006,-0.0017815999999999999,0.0017581999999999999,-0.0014737999999999999,-0.0022188000000000004,0.0017106000000000001,0.00024539999999999989,-0.0008833999999999999,-0.0058826,0.0030977999999999995,0.0027942000000000002,-0.0026189999999999998,0.0025501999999999999,-0.00073780000000000015,-0.00057199999999999981,7.7800000000000048e-05,-0.0012669999999999997,0.0014575999999999999,0.0041319999999999994,0.00067799999999999978,0.00030199999999999997,0.00034440000000000002,-0.0020056000000000002,-0.0060008000000000006,0.00050759999999999998,0.0023817999999999999,-0.0012233999999999999,0.0049383999999999999,0.0060954,0.0012530000000000002,-0.0025522000000000001,0.00082840000000000008,-0.0019315999999999999,-0.0046649999999999999,2.0000000000000486e-06,0.012678000000000002,-3.0200000000000192e-05,0.00033580000000000025,0.0022634,0.00063980000000000026,-0.0037528000000000001,0.0063402000000000007,-0.0010724,0.0045969999999999995,0.002199,0.0018964000000000003,0.0049773999999999999,-0.018444200000000001,-2.7199999999999794e-05,-0.0111588,-0.0070937999999999999,-0.0041007999999999999,0.0019067999999999997,-0.0015231999999999999,-0.00068000000000000005,-0.0034911999999999999,-0.00025279999999999986,0.00050539999999999992,-0.00050399999999999978,0.00063600000000000028,-0.00057580000000000012,-8.1999999999999608e-05,-0.00032299999999999994,0.0018876000000000001,0.0009279999999999999,0.00035900000000000011,-0.0018847999999999998,0.0013481999999999999,-0.0006736,0.00071259999999999987,-0.0023484000000000001,-0.0026478000000000001,-0.00090019999999999987,0.0001024,0.0028993999999999999,-0.0022034000000000003,0.0031475999999999995,0.00036420000000000007,-0.00066200000000000026,-0.0016677999999999997,0.0025525999999999999,0.0043286000000000002,0.0040704000000000001,-0.00092740000000000021,0.0041094,-0.0015678000000000001,-0.002036,0.0071926000000000004,0.0010165999999999999,0.0022036,0.0022791999999999999,-0.00066900000000000011,-0.0015135999999999999,-0.0032801999999999996,-0.0020777999999999999,0.0043489999999999996,-0.0056526000000000007,0.00090039999999999999,-0.0036364000000000001,-0.0022466000000000001,-0.0027806000000000003,-0.00059420000000000024,-0.0064974000000000004,0.0076349999999999994,0.011613799999999999,9.8400000000000115e-05,0.0067888000000000011,-0.014921400000000001,0.0010625999999999999,-0.00086919999999999988,-0.00037240000000000005,0.0013956000000000003,0.00041780000000000007,-0.001469,-0.00044380000000000005,-0.00044920000000000008,0.00364,0.0008476,0.00035300000000000002,0.00018179999999999997,-0.00093900000000000016,0.0014834000000000002,0.0026369999999999996,-0.0018603999999999999,0.00045520000000000011,-0.0023683999999999997,0.0011872,0.0010303999999999999,-0.00045120000000000002,-0.0020300000000000001,0.00076659999999999999,-0.0019404000000000001,-0.0012049999999999999,-0.0030536000000000001,0.0019069999999999998,0.0023369999999999997,0.00090419999999999997,-0.0021136000000000002,-0.00029759999999999997,-0.001042,-0.0012228,-0.0024739999999999996,0.00053060000000000021,0.00051619999999999997,-0.00072799999999999991,0.0034104000000000001,0.0019114000000000002,-0.00091200000000000005,-0.0026696000000000003,0.0035690000000000006,0.0010696,-0.00085719999999999991,-0.00094300000000000004,0.0043182000000000003,0.0015286,-0.00046119999999999993,-0.0018645999999999997,-0.0011424,-0.0039529999999999999,0.0027398000000000001,0.0024381999999999997,-0.0029972000000000002,0.0049195999999999997,-0.0050407999999999998,0.0009720000000000001,-0.001281,0.00052739999999999938,0.012243799999999999,-0.0015093999999999999,0.0056882000000000009,0.0040423999999999998,-0.0029175999999999998,0.00010360000000000002,0.0012678000000000001,0.00062279999999999996,-4.0000000000000972e-06,-0.0003746,2.4200000000000155e-05,-0.00013139999999999997,-0.00037879999999999977,0.00078779999999999996,-0.0012634,0.0015158000000000001,-0.0014529999999999999,0.0011062000000000001,0.00056380000000000004,0.0018248000000000001,-0.0019656000000000001,-0.00032140000000000001,-0.0008343999999999999,0.0015088,0.0006066,-0.00074599999999999992,0.0016452000000000003,-0.00041100000000000002,0.00021699999999999996,-0.0029845999999999996,0.00062820000000000009,0.00067340000000000032,-2.3599999999999923e-05,-0.00045080000000000012,0.00077099999999999998,-0.00092159999999999996,-0.00091319999999999997,0.0011137999999999999,-0.00019019999999999993,-0.00024580000000000001,0.00015459999999999991,0.0024372,-0.00038120000000000005,0.0015061999999999999,-0.00025720000000000007,-0.0014235999999999999,-0.0019350000000000001,-0.001622,0.0020248000000000002,-0.0046732000000000006,-0.004553999999999999,0.0016220000000000002,-8.5799999999999917e-05,-0.0024222000000000002,0.0017887999999999999,0.00083420000000000044,0.0021264000000000001,0.00043340000000000002,-0.00043819999999999992,-0.0015245999999999999,-0.0019632,-0.00057120000000000001,-0.00040820000000000011,0.0021281999999999998,0.0047037999999999993,0.0026026000000000001,-0.00088680000000000009,0.0010133999999999998,0.00047959999999999995,-0.0056043999999999998,0.00080980000000000006,-0.0054902000000000006,0.0030079999999999998,-0.00082540000000000001,0.0004328,3.639999999999999e-05,-0.0016299999999999999,-0.00091640000000000016,0.00090679999999999992,0.00011779999999999988,-0.00051719999999999999,-0.0013942,0.00054819999999999988,-0.00029159999999999993,0.00047299999999999984,0.0022464,-0.0011288000000000001,-0.0010839999999999999,-0.0023181999999999999,-0.00032899999999999997,0.0012766000000000001,0.0012864,0.0018976000000000002,-0.0004988000000000002,-1.7999999999999353e-06,-0.00074120000000000002,0.00098759999999999994,-0.00041999999999999969,0.0023325999999999998,-0.0029459999999999998,0.00093619999999999999,0.00015740000000000003,0.0011212000000000001,-0.0023324000000000001,-0.0014077999999999999,0.00061620000000000002,0.001225,0.001052,0.0012378000000000001,-2.4000000000001125e-06,-0.0020525999999999999,0.00092020000000000003,-0.00097679999999999989,-0.00057800000000000006,-0.00035319999999999991,-0.00084100000000000017,0.0014120000000000001,-7.7999999999999728e-06,-0.0010965999999999999,0.0014339999999999999,-0.0029443999999999998,-0.0018658000000000001,0.00019579999999999999,0.0011513999999999999,-0.0007138,-0.0003076000000000001,-0.00053019999999999999,0.0021264000000000001,-0.0015331999999999998,-0.0015078000000000001,0.0023059999999999999,-0.003805600000000001,-0.00068580000000000008,0.00094720000000000004,-0.0015102,0.0019530000000000001,-0.0016038000000000001,-0.0038966000000000001,0.0054751999999999995,-0.00041359999999999997,0.0035496,0.0012692000000000001,-2.7999999999999596e-06,0.0055572,-0.0016484,-0.00069019999999999986,0.00028620000000000045,-0.0003259999999999999,0.00081499999999999997
aug_between_class_right_pair0018_child05,TLE,1,1,Augmented,0,0,0,0,0,0.29848459999999999,2.0650652000000003,5.9999999999999997e-07,-1.4000000000000001e-06,0,0.99856600000000006,0,0.036673799999999999,-0.13836219999999999,0.013041200000000003,0.083485199999999996,-0.079533800000000002,0.069513800000000001,0.005865200000000001,-0.0051350000000000024,-0.021955800000000001,-0.1184776,0.34940060000000001,-0.070756200000000005,-8.5000000000001741e-05,0.099770400000000009,0.001141400000000002,-0.024135200000000002,-0.00036920000000000008,-0.0540536,0.034713800000000003,0.0170254,-0.049374399999999999,0.00033180000000000015,-0.098331799999999997,0.0081653999999999997,0.056865800000000001,-0.022422000000000001,0.0200556,0.0014268000000000006,-0.052224,0.040845400000000004,-0.038690799999999997,-0.0293326,0.097559800000000002,-0.0087220000000000006,0.2000934,-0.045068999999999998,0.0046803999999999995,-0.0066834000000000008,-0.0029393999999999991,-0.013011200000000001,0.0011521999999999999,0.034438200000000002,-0.0023124,-0.0051058000000000006,-0.017994799999999998,-0.0093594000000000021,0.016356800000000001,0.022616000000000001,0.0224426,0.0097917999999999998,-0.0031184000000000003,0.0098587999999999992,0.0134448,-0.032706800000000001,0.00047279999999999978,-0.011028000000000005,-0.0019813999999999995,0.030986199999999998,-0.097238999999999992,-0.0085421999999999963,-0.041828400000000002,-0.022390799999999999,0.0056721999999999996,-0.001629,-0.0028237999999999991,0.019006800000000001,0.0081892000000000006,-0.00054659999999999995,-0.017575199999999999,0.0090428000000000001,0.0072811999999999998,-0.0068793999999999991,0.0088669999999999999,0.008948600000000001,-0.016255000000000002,0.0053492000000000001,0.0053189999999999999,0.0114638,-0.0129342,-0.015251799999999999,0.027978599999999999,-0.019760400000000001,-0.0066455999999999998,-0.0071713999999999996,-0.0116956,-0.0031095999999999997,-0.0094944000000000001,-0.0092092000000000007,0.015232999999999998,-0.0156206,-0.0014651999999999998,-0.0015243999999999987,-0.00059099999999999951,0.0070454000000000037,-0.011032799999999999,-0.0061159999999999982,0.0048279999999999998,-0.0020872,-0.008142400000000001,0.011639400000000001,-0.0034752000000000003,-0.0034652000000000007,-0.00032079999999999999,0.0069357999999999998,-0.0014856000000000001,-0.008742800000000002,0.010525799999999998,0.0103172,0.0091546000000000006,0.0007980000000000001,0.0092221999999999998,-0.011472599999999999,0.0052215999999999999,-0.0063493999999999998,0.011816399999999999,0.0011088000000000005,-0.0077051999999999997,0.0024671999999999993,-0.0088139999999999989,-0.00012159999999999992,-0.014746,0.0039524,0.003176,0.011428799999999999,-0.0091806000000000006,-0.0025137999999999996,-0.0254956,-0.0066350000000000003,-0.016563999999999999,-0.0044843999999999995,0.0138204,0.0061811999999999995,0.0062288000000000005,-0.0092157999999999997,-0.0013504000000000003,-0.0021183999999999999,-0.00043819999999999997,0.0022305999999999997,-0.00056379999999999993,0.0019909999999999997,-0.007059000000000001,0.0012055999999999998,-0.0037837999999999995,0.0033624000000000002,0.0010740000000000001,0.0036602000000000002,0.0023881999999999996,0.0023589999999999996,-0.00035100000000000018,-0.002078,-0.0019286000000000004,0.00036320000000000037,-0.0098098000000000005,-0.0013928,0.0088159999999999992,0.0022634,0.00066100000000000024,-0.0029509999999999996,-0.0017514,-0.0077401999999999992,-0.0017523999999999999,-0.0083517999999999995,0.0060625999999999996,0.0044581999999999998,0.0095417999999999996,0.0052072000000000004,-0.010429600000000001,-0.0016588,0.0035929999999999998,0.0038414,-0.0017488000000000004,0.0021841999999999999,-0.0049838000000000009,0.0010154000000000001,-0.020694200000000003,-0.008878200000000001,-0.0057458000000000014,-0.016018999999999999,0.0169458,-0.0055188000000000008,-0.0018104000000000002,0.0013718000000000001,-0.00084019999999999993,-0.0027872000000000001,0.0019913999999999999,-5.0399999999999924e-05,-0.00071460000000000002,-0.0066303999999999998,0.0029141999999999996,0.0022148000000000003,-0.0026450000000000002,0.0028108000000000005,-0.0012182,0.00046799999999999994,-0.0010287999999999999,-0.00049399999999999997,0.0015193999999999997,0.0033759999999999992,0.00061200000000000013,0.00085899999999999974,0.00032360000000000006,-0.0019573999999999998,-0.0055782000000000002,0.00053540000000000011,0.0026002,-0.0014915999999999998,0.0055485999999999999,0.0056976000000000006,0.0019529999999999999,-0.0023638000000000001,0.0017345999999999996,-0.0021654000000000001,-0.0045929999999999999,0.00019999999999999998,0.013188000000000002,0.00025019999999999968,-0.00011680000000000002,0.0018346,0.0011191999999999999,-0.0036482000000000003,0.0057797999999999999,-0.0012836,0.0043039999999999997,0.0033179999999999998,0.0016976000000000005,0.0057456,-0.019136799999999999,0.00023820000000000004,-0.0096912000000000005,-0.0064662000000000001,-0.0050562000000000003,0.0016061999999999999,-0.0016427999999999998,-0.00066800000000000008,-0.0033827999999999992,0.00069279999999999993,0.00060460000000000006,0.00036599999999999973,0.00070100000000000023,-0.0012891999999999999,0.00053500000000000032,-0.00054999999999999992,0.0023363999999999998,0.00078299999999999984,4.8000000000000083e-05,-0.0021321999999999999,0.0011158000000000001,-0.00022940000000000018,0.0010494000000000002,-0.0032535999999999997,-0.0023852000000000001,-0.00079179999999999984,-4.4399999999999995e-05,0.0025226000000000003,-0.0035995999999999997,0.0028874000000000005,5.6800000000000296e-05,-0.0011729999999999998,-0.0015831999999999999,0.0034894000000000001,0.0042344000000000001,0.0046315999999999996,-0.0004346000000000001,0.0029606000000000003,-0.0010842000000000002,-0.0019760000000000003,0.0069233999999999997,0.00033839999999999993,0.0017584,0.0021297999999999998,0.0005549999999999995,-0.0019273999999999999,-0.0047137999999999989,-0.0018602000000000002,0.0024489999999999998,-0.0057294000000000008,0.0019005999999999995,-0.0040826000000000005,-0.0012074,-0.0039824000000000005,-0.0010808,-0.0068725999999999995,0.0073180000000000007,0.0125772,0.00022459999999999993,0.0048932000000000003,-0.013552600000000001,0.0017403999999999996,-0.00029480000000000012,-0.00020360000000000007,0.0018544,0.00014719999999999989,-0.0012430000000000002,-0.00068219999999999999,-0.00051880000000000003,0.0036809999999999998,1.8400000000000014e-05,-3.7999999999999948e-05,0.00034419999999999991,-0.0020019999999999999,0.0018736,0.0022080000000000003,-0.0024055999999999999,0.00088480000000000004,-0.0025826,0.00082580000000000012,0.0010336,-0.00052479999999999996,-0.0016970000000000002,0.00069939999999999998,-0.0022155999999999999,-1.7000000000000088e-05,-0.0027753999999999999,0.001902,0.002091,0.00099080000000000001,-0.0027963999999999997,-5.7399999999999986e-05,-0.0014369999999999999,-0.0015212000000000001,-0.0016790000000000002,0.00031639999999999988,0.00029380000000000004,-0.00046899999999999996,0.0024486000000000004,0.0020176,-0.0011419999999999998,-0.0030433999999999999,0.0036769999999999997,0.00093840000000000004,-0.00080879999999999982,-0.00099899999999999989,0.0041408,0.0014404000000000001,-0.00083679999999999996,-0.0017383999999999998,-0.0019765999999999998,-0.0047400000000000003,0.0026832000000000002,0.0018297999999999999,-0.0028488000000000003,0.0048794000000000008,-0.0055171999999999999,0.00093900000000000027,-0.0013269999999999998,-0.0015143999999999999,0.012042199999999999,-0.0013535999999999999,0.0050547999999999999,0.0046795999999999999,-0.0023414,0.0001224000000000001,0.0016161999999999999,0.00067719999999999998,-0.00044999999999999999,-0.00053039999999999999,0.00017780000000000009,-0.00035559999999999992,0.00021079999999999995,0.00064019999999999984,-0.0016175999999999994,0.0019122,-0.0011489999999999998,0.00088980000000000005,0.00082919999999999999,0.0020252,-0.0014984,-0.00064759999999999991,-0.00035260000000000001,0.0011931999999999999,0.00072040000000000006,-0.00065500000000000009,0.0013498000000000002,-0.00052300000000000003,-0.00045199999999999982,-0.0032493999999999995,0.00054980000000000003,0.00062960000000000002,0.00011959999999999987,-0.00011220000000000007,0.00048400000000000027,-0.0005664,-0.00031780000000000014,0.0005482000000000001,-4.7999999999999947e-06,-0.00040820000000000006,-0.00032560000000000011,0.0024708,-0.00019180000000000011,0.0021417999999999997,-0.00065180000000000001,-0.0015663999999999999,-0.0021129999999999999,-0.0022819999999999997,0.0021581999999999999,-0.0039597999999999994,-0.0046039999999999996,0.0017000000000000001,0.0009737999999999996,-0.0020988000000000001,0.0019932000000000001,4.4800000000000438e-05,0.0021356000000000001,0.00049659999999999982,-0.00017479999999999991,-0.00082640000000000014,-0.0015477999999999998,-0.00065979999999999999,-0.0016588,0.0016077999999999999,0.0048812000000000005,0.0028154,0.00026179999999999975,0.0016765999999999999,-0.00020259999999999972,-0.0059106000000000002,0.00069920000000000008,-0.0064287999999999984,0.0020720000000000001,-0.0011366,0.00022220000000000003,6.2599999999999977e-05,-0.001186,-0.00089860000000000005,0.00090719999999999993,-0.0001677999999999999,-0.00061779999999999995,-0.0017178,0.00024480000000000004,-0.00014339999999999996,0.00049200000000000003,0.0017056000000000003,-0.00052720000000000024,-0.000553,-0.0020098,0.00015299999999999987,0.0012074,0.0012446,0.0021083999999999999,-0.00061720000000000026,0.00026680000000000003,-0.00043180000000000009,0.00079239999999999985,0.00019400000000000005,0.0019403999999999997,-0.0024650000000000002,0.0011358,-0.00026139999999999996,0.0016138000000000003,-0.0026876000000000001,-0.0013052000000000001,0.00061279999999999993,0.00089799999999999993,0.00108,0.0015491999999999997,-0.00025759999999999997,-0.0020604000000000004,0.0012998000000000003,-0.0014182000000000001,-0.00056300000000000002,-0.00033379999999999987,-0.00020400000000000022,0.0013029999999999999,0.00033279999999999985,-0.00071640000000000007,0.001495,-0.0028326000000000002,-0.0019542000000000001,0.00022919999999999999,0.0016995999999999997,-0.00030420000000000013,-0.00083339999999999998,-0.00038180000000000006,0.0021146000000000003,-0.00095379999999999998,-0.0016502000000000001,0.0019629999999999999,-0.0039643999999999999,-0.0012872000000000001,0.00084179999999999997,-0.0017798,0.0024039999999999999,-0.0014882000000000001,-0.0037053999999999998,0.0063077999999999997,-0.00051440000000000004,0.0037354000000000007,0.00099580000000000003,-0.00022119999999999996,0.0052088000000000004,-0.0013516000000000001,-0.00044180000000000001,0.0016398000000000001,-0.00023099999999999987,0.00054000000000000001
aug_between_class_right_pair0018_child06,TLE,1,1,Augmented,0,0,0,0,0,0.29614620000000003,2.0621224000000002,6.9999999999999997e-07,-1.2999999999999998e-06,0,0.9973265,0,0.038585099999999997,-0.13812540000000001,0.012884900000000001,0.085764900000000005,-0.083546599999999999,0.072553599999999996,0.0038059000000000018,-0.0046230000000000004,-0.019709600000000001,-0.12484220000000001,0.35220119999999999,-0.072446400000000008,0.00085199999999999859,0.1051043,-0.0033506999999999981,-0.024090400000000001,-0.00035490000000000044,-0.0535302,0.035344100000000003,0.016072799999999998,-0.048196300000000004,-0.00089790000000000052,-0.09738659999999999,0.0073032999999999987,0.057279099999999999,-0.0216615,0.018797700000000001,0.00096309999999999972,-0.0533765,0.0406288,-0.038176600000000005,-0.029428199999999998,0.097499600000000006,-0.0073684999999999966,0.19927030000000001,-0.044027999999999998,0.0049882999999999993,-0.0077368000000000003,-0.0034882999999999993,-0.012703900000000001,0.0016553999999999996,0.0349094,-0.0019448000000000002,-0.0053150999999999997,-0.017832099999999997,-0.0098358000000000004,0.016372600000000001,0.023026999999999999,0.0224707,0.0094395999999999994,-0.0040158000000000008,0.0097681,0.0145151,-0.032445100000000004,0.00063159999999999996,-0.010098000000000001,-0.00091080000000000002,0.030975900000000001,-0.096868999999999997,-0.011654399999999995,-0.042575799999999997,-0.022011599999999999,0.0054139000000000001,-0.0018334999999999996,-0.0028420999999999997,0.018136599999999999,0.0074614,-0.00028420000000000008,-0.0177719,0.0094885999999999998,0.0069468999999999998,-0.0073402999999999993,0.0097644999999999989,0.0091782000000000009,-0.0161455,0.0057283999999999998,0.0042675000000000005,0.012502599999999999,-0.013298899999999999,-0.015161600000000001,0.029175200000000002,-0.020190800000000002,-0.0063942000000000001,-0.0063793000000000009,-0.012180699999999999,-0.0033776999999999991,-0.010415799999999999,-0.0098849000000000003,0.015765999999999999,-0.014387199999999999,-0.0013473999999999995,-0.0028697999999999987,-0.00067249999999999992,0.0055013000000000041,-0.0107116,-0.0062955000000000007,0.0054244999999999996,-0.0017024000000000002,-0.0083228,0.011468799999999999,-0.0034089000000000003,-0.0024199000000000009,-0.00013910000000000018,0.0070670999999999998,-0.0013132,-0.0094826000000000008,0.010676100000000001,0.010536400000000001,0.0088347000000000009,0.00038800000000000005,0.0092049000000000002,-0.011835200000000001,0.0051976999999999995,-0.0066138000000000004,0.011326300000000001,0.0013431000000000003,-0.0075803999999999993,0.0020074000000000003,-0.009157499999999999,-0.0014201999999999991,-0.0151395,0.0040407999999999998,0.0025900000000000003,0.011942599999999998,-0.0101032,-0.0028125999999999997,-0.026646200000000002,-0.0073754999999999992,-0.016286999999999999,-0.0051302999999999991,0.0144233,0.0072783999999999982,0.0066575999999999996,-0.0106026,-0.00027880000000000005,-0.0021088000000000001,-0.00050489999999999997,0.0021392,-0.00096259999999999965,0.001897,-0.0075139999999999998,0.00096670000000000002,-0.0040395999999999991,0.0033683000000000003,0.00063000000000000035,0.0037403999999999996,0.0029668999999999993,0.0027934999999999995,-0.00031650000000000037,-0.0016035000000000001,-0.0016007000000000003,6.090000000000045e-05,-0.0097275999999999994,-0.0015265999999999999,0.0089629999999999987,0.0025967999999999998,0.0014429999999999998,-0.0033789999999999996,-0.0027022999999999995,-0.0078378999999999983,-0.0017353,-0.0082451,0.0059227000000000004,0.0042964000000000006,0.0096845999999999998,0.0054663999999999997,-0.0102097,-0.0021336000000000003,0.0023505000000000002,0.0039778000000000001,-0.0016826000000000002,0.0022694000000000004,-0.0044316000000000008,0.0011747999999999999,-0.021758400000000004,-0.010163899999999998,-0.0065726000000000014,-0.016788999999999998,0.018097099999999998,-0.0056836000000000005,-0.0018248000000000001,0.0011786000000000001,-0.00052340000000000025,-0.0030714000000000002,0.0021318000000000001,-0.0001983000000000001,-0.00063020000000000003,-0.0070042999999999998,0.0028224000000000001,0.0019251000000000001,-0.0026579999999999998,0.0029411000000000003,-0.0014584000000000003,0.00098799999999999995,-0.0015820999999999997,-0.00010750000000000004,0.0015502999999999999,0.0029979999999999998,0.00057900000000000009,0.0011374999999999998,0.00031320000000000013,-0.0019333000000000002,-0.0053669,0.00054929999999999996,0.0027093999999999998,-0.0016256999999999999,0.0058536999999999999,0.0054987000000000005,0.0023029999999999999,-0.0022696000000000001,0.0021876999999999999,-0.0022823000000000001,-0.0045570000000000003,0.0002989999999999999,0.013443,0.00039039999999999973,-0.00034309999999999983,0.0016202,0.0013588999999999999,-0.0035959000000000004,0.0054996000000000003,-0.0013891999999999999,0.0041574999999999997,0.0038774999999999999,0.0015981999999999997,0.0061297000000000001,-0.0194831,0.00037089999999999996,-0.0089574000000000008,-0.0061524000000000006,-0.0055338999999999996,0.0014559,-0.0017025999999999999,-0.00066200000000000005,-0.0033286000000000001,0.0011656000000000004,0.00065419999999999996,0.00080099999999999952,0.00073350000000000021,-0.0016459000000000001,0.00084350000000000007,-0.00066349999999999981,0.0025607999999999998,0.00071049999999999998,-0.00010749999999999985,-0.0022558999999999999,0.00099960000000000001,-7.3000000000001503e-06,0.0012178,-0.0037061999999999998,-0.0022539000000000005,-0.00073759999999999993,-0.00011779999999999994,0.0023341999999999998,-0.0042976999999999998,0.0027573000000000003,-9.6900000000000024e-05,-0.0014284999999999999,-0.0015408999999999996,0.0039578,0.0041873000000000006,0.0049122000000000002,-0.00018820000000000018,0.0023862000000000002,-0.00084240000000000009,-0.001946,0.0067888000000000002,-6.999999999999628e-07,0.0015358000000000001,0.0020550999999999998,0.0011669999999999994,-0.0021343,-0.005430599999999999,-0.0017514000000000002,0.0014990000000000003,-0.0057678,0.0024006999999999995,-0.0043057,-0.00068780000000000013,-0.0045833000000000002,-0.0013240999999999997,-0.0070601999999999991,0.0071595000000000001,0.013058899999999998,0.00028769999999999995,0.0039454000000000008,-0.012868200000000002,0.0020792999999999996,-7.6000000000000763e-06,-0.00011920000000000006,0.0020838000000000002,1.1900000000000018e-05,-0.0011300000000000001,-0.00080139999999999996,-0.00055360000000000001,0.0037014999999999999,-0.00039619999999999976,-0.00023349999999999988,0.00042539999999999993,-0.0025334999999999997,0.0020686999999999997,0.0019935,-0.0026781999999999995,0.0010996000000000001,-0.0026896999999999997,0.00064510000000000001,0.0010352,-0.00056159999999999999,-0.0015305000000000002,0.00066580000000000003,-0.0023531999999999997,0.00057700000000000004,-0.0026363000000000003,0.0018995000000000001,0.0019680000000000001,0.0010341,-0.0031377999999999996,6.2699999999999952e-05,-0.0016344999999999997,-0.0016704000000000001,-0.0012815000000000003,0.00020930000000000015,0.0001826000000000001,-0.00033949999999999996,0.0019677000000000002,0.0020707,-0.0012569999999999999,-0.0032303000000000002,0.0037309999999999999,0.00087279999999999996,-0.00078459999999999999,-0.0010269999999999999,0.0040520999999999995,0.0013963000000000001,-0.0010245999999999999,-0.0016752999999999998,-0.0023936999999999995,-0.0051335,0.0026549,0.0015256,-0.0027746000000000003,0.0048593000000000004,-0.0057553999999999991,0.00092250000000000003,-0.0013499999999999999,-0.0025352999999999999,0.011941400000000001,-0.0012757000000000001,0.0047381000000000003,0.0049981999999999995,-0.0020533000000000001,0.00013180000000000001,0.0017904000000000002,0.00070439999999999999,-0.00067299999999999988,-0.00060829999999999999,0.00025460000000000012,-0.00046769999999999993,0.00050559999999999993,0.0005664,-0.0017946999999999998,0.0021103999999999997,-0.00099700000000000006,0.00078160000000000002,0.00096190000000000012,0.0021254000000000004,-0.0012648,-0.00081069999999999981,-0.00011170000000000017,0.0010354000000000001,0.00077729999999999997,-0.00060950000000000002,0.0012021000000000002,-0.00057899999999999998,-0.00078649999999999976,-0.0033817999999999999,0.00051060000000000005,0.00060769999999999997,0.00019120000000000009,5.7099999999999924e-05,0.00034050000000000009,-0.00038880000000000013,-2.0100000000000272e-05,0.00026540000000000016,8.7899999999999968e-05,-0.00048939999999999997,-0.00056569999999999982,0.0024876,-9.7100000000000138e-05,0.0024595999999999997,-0.00084909999999999998,-0.0016377999999999998,-0.002202,-0.0026120000000000002,0.0022249000000000001,-0.0036031000000000001,-0.0046289999999999994,0.0017390000000000001,0.0015035999999999995,-0.0019371000000000002,0.0020953999999999999,-0.00034989999999999978,0.0021402000000000001,0.00052819999999999994,-4.3099999999999692e-05,-0.00047730000000000011,-0.0013400999999999999,-0.00070409999999999993,-0.0022840999999999998,0.0013476000000000002,0.0049698999999999993,0.0029218,0.00083609999999999978,0.0020081999999999999,-0.00054369999999999983,-0.0060637,0.00064390000000000009,-0.006898099999999999,0.0016040000000000002,-0.0012921999999999999,0.00011690000000000005,7.569999999999997e-05,-0.00096400000000000001,-0.0008897,0.00090740000000000005,-0.00031059999999999985,-0.00066810000000000003,-0.0018795999999999997,9.3100000000000149e-05,-6.929999999999995e-05,0.00050149999999999978,0.0014352000000000002,-0.00022640000000000041,-0.00028750000000000005,-0.0018556000000000002,0.00039399999999999982,0.0011727999999999999,0.0012236999999999999,0.0022138000000000001,-0.00067640000000000018,0.00040109999999999999,-0.00027710000000000018,0.00069480000000000008,0.00050099999999999993,0.0017442999999999998,-0.0022244999999999999,0.0012355999999999999,-0.00047079999999999984,0.0018601000000000002,-0.0028652,-0.0012539000000000003,0.00061109999999999984,0.00073450000000000013,0.0010939999999999999,0.0017048999999999999,-0.00038520000000000004,-0.0020643000000000002,0.0014896000000000002,-0.0016389,-0.0005555,-0.00032409999999999991,0.00011449999999999964,0.0012485,0.00050309999999999981,-0.00052629999999999994,0.0015254999999999999,-0.0027767,-0.0019984,0.00024589999999999996,0.0019737000000000001,-9.9400000000000085e-05,-0.0010962999999999997,-0.0003076000000000001,0.0021086999999999998,-0.00066410000000000015,-0.0017214000000000001,0.0017915000000000001,-0.0040438000000000002,-0.0015879000000000002,0.00078910000000000015,-0.0019145999999999998,0.0026294999999999999,-0.0014304000000000001,-0.0036097999999999998,0.0067241000000000002,-0.00056479999999999996,0.0038283000000000006,0.00085910000000000001,-0.00033039999999999979,0.0050346000000000002,-0.0012032000000000002,-0.00031760000000000002,0.0023166000000000003,-0.00018349999999999964,0.00040250000000000003
aug_between_class_right_pair0018_child07,TLE,1,1,Augmented,0,0,0,0,0,0.29380780000000001,2.0591796000000002,7.9999999999999996e-07,-1.1999999999999999e-06,0,0.99608700000000006,0,0.040496399999999995,-0.1378886,0.0127286,0.088044600000000001,-0.087559400000000009,0.075593399999999991,0.0017465999999999994,-0.0041110000000000001,-0.017463399999999997,-0.13120680000000001,0.35500179999999998,-0.074136599999999997,0.0017890000000000007,0.11043820000000001,-0.0078428000000000005,-0.0240456,-0.00034059999999999993,-0.0530068,0.035974399999999997,0.015120199999999999,-0.047018200000000003,-0.0021275999999999999,-0.096441399999999997,0.0064411999999999994,0.057692400000000005,-0.020900999999999999,0.017539799999999998,0.00049940000000000054,-0.054529000000000001,0.040412200000000002,-0.037662399999999999,-0.029523799999999996,0.097439399999999995,-0.0060149999999999995,0.19844719999999999,-0.042986999999999997,0.0052962,-0.0087902000000000015,-0.0040372000000000012,-0.012396600000000001,0.0021586000000000001,0.035380599999999998,-0.0015772,-0.0055244000000000005,-0.017669399999999998,-0.010312200000000002,0.016388400000000001,0.023438000000000001,0.022498799999999999,0.0090874000000000007,-0.0049132000000000012,0.0096774000000000009,0.015585399999999999,-0.032183400000000001,0.0007903999999999997,-0.0091680000000000008,0.00015980000000000096,0.030965599999999999,-0.096499000000000001,-0.014766600000000001,-0.043323199999999999,-0.0216324,0.0051555999999999989,-0.0020380000000000003,-0.0028603999999999999,0.017266400000000001,0.0067335999999999993,-2.1799999999999771e-05,-0.017968600000000001,0.0099344000000000012,0.0066125999999999997,-0.0078011999999999995,0.010662000000000001,0.0094078000000000009,-0.016036000000000002,0.0061075999999999995,0.0032159999999999992,0.0135414,-0.013663600000000001,-0.0150714,0.030371800000000004,-0.020621199999999999,-0.0061428000000000003,-0.0055871999999999996,-0.012665800000000001,-0.0036458000000000003,-0.0113372,-0.010560600000000002,0.016298999999999998,-0.0131538,-0.0012296,-0.0042152000000000023,-0.0007539999999999999,0.003957200000000001,-0.010390399999999999,-0.0064749999999999999,0.0060210000000000003,-0.0013175999999999997,-0.0085032000000000007,0.0112982,-0.0033426000000000003,-0.0013746000000000001,4.260000000000006e-05,0.0071983999999999998,-0.0011408000000000004,-0.010222400000000001,0.0108264,0.010755600000000001,0.0085147999999999995,-2.2000000000000209e-05,0.0091875999999999989,-0.012197800000000002,0.0051738000000000001,-0.0068782000000000001,0.010836199999999999,0.0015774000000000001,-0.0074555999999999997,0.0015475999999999997,-0.009500999999999999,-0.0027188000000000004,-0.015533000000000002,0.0041291999999999995,0.0020039999999999997,0.012456399999999999,-0.011025800000000001,-0.0031114000000000003,-0.027796800000000003,-0.008116,-0.01601,-0.0057762000000000004,0.0150262,0.0083756000000000004,0.0070863999999999996,-0.011989400000000001,0.00079280000000000062,-0.0020991999999999999,-0.00057160000000000002,0.0020477999999999998,-0.0013614000000000002,0.0018029999999999999,-0.0079690000000000004,0.0007277999999999998,-0.0042953999999999996,0.0033741999999999999,0.00018599999999999975,0.0038206000000000004,0.0035456000000000003,0.003228,-0.0002819999999999997,-0.0011289999999999998,-0.0012727999999999999,-0.00024140000000000012,-0.0096454000000000002,-0.0016604000000000002,0.00911,0.0029302,0.0022250000000000008,-0.0038069999999999996,-0.003653200000000001,-0.0079355999999999993,-0.0017182,-0.0081384000000000005,0.0057827999999999994,0.0041346000000000004,0.0098274,0.0057256000000000008,-0.0099898000000000001,-0.0026084000000000003,0.0011079999999999996,0.0041142000000000001,-0.0016164,0.0023546000000000001,-0.0038793999999999999,0.0013342,-0.022822599999999998,-0.011449600000000001,-0.0073994000000000022,-0.017559000000000002,0.019248400000000002,-0.005848400000000001,-0.0018392,0.00098539999999999999,-0.00020659999999999993,-0.0033556000000000002,0.0022722000000000003,-0.00034620000000000018,-0.00054579999999999993,-0.0073781999999999997,0.0027305999999999997,0.0016354,-0.0026710000000000002,0.0030714000000000002,-0.0016986000000000002,0.0015080000000000002,-0.0021354,0.00027900000000000017,0.0015812000000000001,0.0026199999999999999,0.00054600000000000004,0.0014159999999999999,0.00030279999999999999,-0.0019092,-0.0051555999999999998,0.00056319999999999981,0.0028186000000000001,-0.0017597999999999997,0.0061587999999999999,0.0052998000000000003,0.0026530000000000008,-0.0021754000000000001,0.0026408,-0.0023991999999999998,-0.0045209999999999998,0.00039800000000000002,0.013698000000000002,0.0005306,-0.00056940000000000029,0.0014058,0.0015985999999999999,-0.0035436,0.0052194000000000008,-0.0014948000000000003,0.0040109999999999998,0.004437,0.0014987999999999998,0.0065138000000000001,-0.019829399999999997,0.00050360000000000031,-0.0082235999999999993,-0.0058386000000000002,-0.0060116000000000006,0.0013056000000000001,-0.0017623999999999999,-0.00065600000000000012,-0.0032743999999999994,0.0016384000000000001,0.00070379999999999976,0.0012360000000000001,0.00076600000000000019,-0.0020026000000000002,0.0011520000000000007,-0.0007769999999999998,0.0027851999999999998,0.000638,-0.00026299999999999989,-0.0023795999999999999,0.00088339999999999979,0.00021480000000000002,0.0013862,-0.0041588000000000007,-0.0021226000000000001,-0.00068340000000000002,-0.00019119999999999988,0.0021457999999999998,-0.0049958000000000008,0.0026272000000000001,-0.00025060000000000013,-0.001684,-0.0014985999999999997,0.0044261999999999999,0.0041402000000000001,0.0051928,5.8200000000000005e-05,0.0018117999999999997,-0.00060059999999999975,-0.0019160000000000002,0.0066541999999999999,-0.00033980000000000029,0.0013131999999999998,0.0019803999999999998,0.0017790000000000002,-0.0023411999999999999,-0.006147399999999999,-0.0016426000000000001,0.00054899999999999914,-0.0058062000000000009,0.0029008000000000003,-0.0045287999999999995,-0.00016819999999999975,-0.0051842000000000008,-0.0015673999999999994,-0.0072477999999999996,0.0070010000000000003,0.0135406,0.00035080000000000002,0.0029976,-0.0121838,0.0024181999999999997,0.00027960000000000018,-3.4799999999999965e-05,0.0023132000000000005,-0.00012340000000000007,-0.0010169999999999999,-0.00092060000000000015,-0.00058839999999999999,0.0037219999999999996,-0.00081080000000000019,-0.00042900000000000002,0.00050660000000000006,-0.003065,0.0022638000000000003,0.001779,-0.0029508,0.0013144000000000003,-0.0027967999999999999,0.0004643999999999998,0.0010367999999999998,-0.00059840000000000002,-0.001364,0.00063219999999999997,-0.0024907999999999996,0.0011710000000000002,-0.0024972000000000002,0.0018969999999999998,0.0018449999999999999,0.0010774000000000001,-0.0034792,0.00018280000000000011,-0.0018319999999999999,-0.0018196000000000002,-0.00088400000000000002,0.00010219999999999999,7.1399999999999947e-05,-0.00020999999999999993,0.0014867999999999999,0.0021238000000000003,-0.001372,-0.0034172000000000004,0.0037850000000000006,0.00080719999999999989,-0.00076039999999999983,-0.0010549999999999999,0.0039633999999999997,0.0013522,-0.0012124,-0.0016122000000000003,-0.0028108000000000005,-0.0055269999999999998,0.0026265999999999998,0.0012213999999999999,-0.0027003999999999999,0.0048392000000000001,-0.0059936,0.0009059999999999998,-0.0013729999999999999,-0.0035562000000000011,0.0118406,-0.0011977999999999999,0.0044213999999999998,0.0053168,-0.0017652,0.00014120000000000002,0.0019645999999999999,0.0007316,-0.0008960000000000002,-0.00068620000000000009,0.00033140000000000003,-0.00057980000000000011,0.00080040000000000016,0.00049259999999999994,-0.0019718000000000001,0.0023086000000000001,-0.00084499999999999994,0.00067339999999999989,0.0010946,0.0022256000000000003,-0.0010311999999999999,-0.00097380000000000003,0.0001292000000000001,0.00087759999999999986,0.0008342,-0.00056400000000000005,0.0010544,-0.00063500000000000015,-0.001121,-0.0035141999999999994,0.00047139999999999997,0.00058579999999999993,0.00026279999999999999,0.00022639999999999987,0.00019699999999999991,-0.00021119999999999988,0.00027759999999999992,-1.7400000000000098e-05,0.00018060000000000005,-0.00057059999999999999,-0.0008058000000000005,0.0025043999999999999,-2.4000000000000583e-06,0.0027773999999999997,-0.0010464000000000001,-0.0017091999999999999,-0.0022909999999999996,-0.0029420000000000002,0.0022916000000000004,-0.0032464,-0.0046540000000000002,0.0017780000000000001,0.0020333999999999999,-0.0017753999999999999,0.0021976000000000001,-0.0007446000000000001,0.0021448000000000001,0.00055979999999999962,8.8600000000000094e-05,-0.00012819999999999981,-0.0011324,-0.00074839999999999998,-0.0029093999999999999,0.0010874000000000001,0.0050585999999999999,0.0030282,0.0014104,0.0023398000000000004,-0.00088480000000000004,-0.0062167999999999998,0.0005886000000000001,-0.0073673999999999996,0.0011359999999999999,-0.0014478,1.1600000000000011e-05,8.879999999999999e-05,-0.00074199999999999982,-0.00088079999999999994,0.00090759999999999994,-0.00045340000000000007,-0.00071840000000000001,-0.0020414000000000001,-5.8600000000000123e-05,4.8000000000001167e-06,0.00051099999999999995,0.0011647999999999999,7.4399999999999965e-05,-2.1999999999999776e-05,-0.0017014,0.00063500000000000015,0.0011381999999999998,0.0012028,0.0023192,-0.0007356000000000001,0.00053540000000000011,-0.00012239999999999999,0.00059719999999999988,0.00080800000000000012,0.0015481999999999998,-0.0019839999999999997,0.0013354,-0.00068020000000000005,0.0021064000000000005,-0.0030428,-0.0012026000000000001,0.00060939999999999996,0.00057099999999999989,0.001108,0.0018606,-0.0005128000000000001,-0.0020682000000000001,0.0016794000000000002,-0.0018596000000000001,-0.00054800000000000009,-0.00031439999999999994,0.00043300000000000006,0.0011940000000000002,0.0006734,-0.00033619999999999982,0.0015559999999999999,-0.0027208000000000002,-0.0020426000000000003,0.00026259999999999999,0.0022477999999999995,0.00010540000000000012,-0.0013592000000000001,-0.00023340000000000014,0.0021028000000000002,-0.00037439999999999967,-0.0017926000000000001,0.0016199999999999999,-0.0041232000000000005,-0.0018886000000000003,0.00073640000000000001,-0.0020494000000000003,0.0028549999999999999,-0.0013726000000000001,-0.0035141999999999999,0.0071403999999999999,-0.00061519999999999999,0.0039211999999999997,0.0007224,-0.00043959999999999984,0.0048604,-0.0010548000000000001,-0.00019339999999999993,0.0029934000000000011,-0.00013599999999999984,0.00026499999999999988
aug_between_class_right_pair0018_child08,TLE,1,1,Augmented,0,0,0,0,0,0.29146940000000005,2.0562368000000002,8.9999999999999996e-07,-1.1000000000000001e-06,0,0.9948475,0,0.0424077,-0.13765180000000002,0.012572300000000002,0.09032430000000001,-0.091572200000000006,0.0786332,-0.0003127000000000005,-0.0035989999999999998,-0.0152172,-0.13757140000000001,0.35780240000000002,-0.0758268,0.0027259999999999993,0.11577210000000002,-0.012334899999999999,-0.024000800000000003,-0.00032629999999999985,-0.052483399999999999,0.036604699999999997,0.014167599999999999,-0.045840100000000002,-0.003357300000000001,-0.095496200000000003,0.0055790999999999983,0.058105700000000003,-0.020140500000000002,0.016281899999999998,3.5699999999999621e-05,-0.055681500000000002,0.040195599999999998,-0.037148199999999999,-0.029619399999999997,0.097379199999999999,-0.0046614999999999955,0.1976241,-0.041945999999999997,0.0056040999999999999,-0.009843600000000001,-0.0045861000000000001,-0.012089300000000001,0.0026618000000000002,0.035851800000000003,-0.0012095999999999995,-0.0057337000000000004,-0.0175067,-0.010788600000000001,0.016404200000000001,0.023849000000000002,0.022526899999999999,0.0087351999999999985,-0.0058106000000000008,0.0095866999999999983,0.016655699999999999,-0.031921699999999997,0.00094919999999999987,-0.0082380000000000005,0.0012304000000000004,0.030955299999999998,-0.096128999999999992,-0.0178788,-0.044070600000000001,-0.0212532,0.0048973000000000003,-0.0022425000000000001,-0.0028786999999999997,0.0163962,0.0060057999999999995,0.00024059999999999967,-0.018165299999999999,0.010380200000000001,0.0062782999999999997,-0.0082620999999999997,0.0115595,0.0096374000000000008,-0.0159265,0.0064867999999999992,0.0021644999999999998,0.014580200000000001,-0.0140283,-0.0149812,0.031568400000000003,-0.0210516,-0.0058913999999999998,-0.0047951000000000001,-0.0131509,-0.0039139000000000005,-0.012258600000000001,-0.011236300000000001,0.016832,-0.011920399999999999,-0.0011117999999999996,-0.0055605999999999989,-0.0008355000000000003,0.0024131000000000014,-0.0100692,-0.006654499999999999,0.0066175000000000001,-0.00093279999999999991,-0.0086836000000000014,0.0111276,-0.0032763000000000002,-0.00032930000000000069,0.00022430000000000009,0.0073296999999999998,-0.0009683999999999999,-0.0109622,0.010976699999999999,0.010974800000000002,0.0081948999999999998,-0.00043200000000000009,0.0091702999999999993,-0.012560400000000001,0.0051499000000000007,-0.0071426000000000007,0.0103461,0.0018117000000000003,-0.0073308000000000002,0.0010877999999999999,-0.0098444999999999991,-0.0040174000000000008,-0.015926500000000003,0.0042176000000000002,0.001418,0.012970199999999998,-0.0119484,-0.0034101999999999995,-0.028947399999999998,-0.0088564999999999998,-0.015733,-0.0064221,0.0156291,0.0094728000000000017,0.0075152000000000005,-0.0133762,0.0018644000000000013,-0.0020895999999999996,-0.00063830000000000007,0.0019563999999999996,-0.0017602000000000004,0.001709,-0.0084240000000000009,0.00048889999999999979,-0.0045512,0.0033801,-0.00025799999999999998,0.0039008000000000003,0.0041242999999999991,0.0036625,-0.00024749999999999989,-0.00065449999999999992,-0.00094490000000000004,-0.00054370000000000004,-0.0095631999999999991,-0.0017942000000000001,0.0092569999999999996,0.0032636000000000002,0.0030070000000000006,-0.004235,-0.0046041000000000007,-0.0080333000000000002,-0.0017011000000000001,-0.0080316999999999993,0.0056429000000000002,0.0039728000000000003,0.0099702000000000002,0.0059848000000000002,-0.0097698999999999998,-0.0030832000000000004,-0.00013450000000000094,0.0042506000000000002,-0.0015502000000000003,0.0024397999999999998,-0.0033272000000000006,0.0014935999999999999,-0.0238868,-0.0127353,-0.0082262000000000012,-0.018328999999999998,0.0203997,-0.0060132000000000007,-0.0018536,0.00079219999999999996,0.00011019999999999997,-0.0036398000000000003,0.0024126,-0.00049410000000000025,-0.00046139999999999999,-0.0077520999999999996,0.0026388000000000002,0.0013457,-0.0026840000000000002,0.0032017,-0.0019388000000000001,0.0020279999999999999,-0.0026887,0.00066550000000000008,0.0016121,0.0022420000000000001,0.000513,0.0016945,0.00029240000000000017,-0.0018851,-0.0049443000000000004,0.00057709999999999966,0.0029278000000000004,-0.0018939,0.006463899999999999,0.0051009000000000002,0.0030030000000000005,-0.0020812000000000001,0.0030939000000000001,-0.0025161000000000003,-0.0044849999999999994,0.00049699999999999994,0.013953,0.00067080000000000004,-0.0007957000000000001,0.0011914,0.0018383,-0.0034913000000000001,0.0049391999999999995,-0.0016004000000000003,0.003864499999999999,0.0049965000000000001,0.0013993999999999999,0.0068979000000000002,-0.020175699999999998,0.00063630000000000023,-0.0074897999999999996,-0.0055248000000000007,-0.0064892999999999999,0.0011552999999999999,-0.0018221999999999999,-0.00064999999999999997,-0.0032202000000000003,0.0021112000000000006,0.00075339999999999999,0.001671,0.00079850000000000016,-0.0023592999999999999,0.0014605,-0.00089049999999999991,0.0030095999999999999,0.00056549999999999992,-0.00041849999999999993,-0.0025033,0.00076719999999999989,0.00043689999999999994,0.0015546000000000002,-0.0046113999999999999,-0.0019913000000000001,-0.0006291999999999999,-0.00026460000000000003,0.0019573999999999998,-0.0056939,0.0024971000000000004,-0.00040430000000000002,-0.0019395,-0.0014562999999999998,0.0048946000000000007,0.0040930999999999997,0.0054733999999999998,0.00030459999999999998,0.0012373999999999998,-0.00035879999999999983,-0.0018860000000000001,0.0065196000000000004,-0.00067890000000000029,0.0010906000000000002,0.0019057,0.0023909999999999999,-0.0025481000000000002,-0.0068641999999999991,-0.0015338000000000001,-0.00040100000000000075,-0.0058446000000000001,0.0034008999999999992,-0.0047518999999999999,0.00035140000000000008,-0.0057851000000000005,-0.0018106999999999999,-0.0074353999999999983,0.0068424999999999996,0.0140223,0.00041389999999999998,0.0020498000000000001,-0.0114994,0.0027571000000000002,0.00056680000000000012,4.9600000000000027e-05,0.0025426000000000003,-0.00025869999999999995,-0.00090399999999999986,-0.0010398,-0.00062319999999999997,0.0037425000000000002,-0.0012254000000000002,-0.00062450000000000016,0.00058780000000000008,-0.0035964999999999999,0.0024589,0.0015645000000000001,-0.0032234,0.0015292000000000001,-0.0029039000000000001,0.00028370000000000001,0.0010383999999999999,-0.00063519999999999994,-0.0011975,0.00059859999999999991,-0.0026283999999999995,0.0017650000000000001,-0.0023581000000000001,0.0018944999999999999,0.001722,0.0011207000000000001,-0.0038206,0.00030290000000000004,-0.0020295000000000001,-0.0019688000000000002,-0.00048650000000000017,-4.8999999999999565e-06,-3.9800000000000046e-05,-8.0500000000000005e-05,0.0010058999999999999,0.0021769000000000003,-0.001487,-0.0036041000000000007,0.003839,0.00074159999999999992,-0.00073620000000000001,-0.001083,0.0038747,0.0013081,-0.0014002000000000001,-0.0015490999999999999,-0.0032278999999999997,-0.0059204999999999995,0.0025983,0.00091719999999999985,-0.0026262000000000004,0.0048191000000000006,-0.0062317999999999991,0.00088949999999999999,-0.0013960000000000001,-0.0045770999999999997,0.011739800000000002,-0.0011199000000000001,0.0041047000000000002,0.0056354000000000005,-0.0014770999999999999,0.00015060000000000003,0.0021388000000000002,0.00075880000000000001,-0.0011190000000000002,-0.00076409999999999998,0.00040820000000000016,-0.00069189999999999996,0.0010952000000000002,0.00041879999999999988,-0.0021489,0.0025068000000000004,-0.00069300000000000004,0.00056519999999999997,0.0012273000000000002,0.0023258000000000003,-0.00079759999999999998,-0.0011369000000000002,0.00037009999999999994,0.00071979999999999993,0.00089109999999999992,-0.00051849999999999997,0.00090670000000000008,-0.0006910000000000001,-0.0014555,-0.0036465999999999998,0.00043219999999999999,0.00056389999999999999,0.00033439999999999989,0.00039570000000000002,5.3499999999999945e-05,-3.3600000000000058e-05,0.00057529999999999983,-0.00030020000000000003,0.00027330000000000003,-0.00065180000000000001,-0.0010459000000000002,0.0025211999999999999,9.2300000000000021e-05,0.0030951999999999998,-0.0012436999999999999,-0.0017806,-0.0023800000000000002,-0.0032719999999999997,0.0023582999999999998,-0.0028897000000000003,-0.004679,0.001817,0.0025631999999999999,-0.0016137,0.0022997999999999998,-0.0011393,0.0021494000000000001,0.00059139999999999974,0.0002203000000000001,0.00022090000000000008,-0.00092469999999999976,-0.00079270000000000002,-0.0035346999999999996,0.00082719999999999983,0.0051473000000000005,0.0031346,0.0019847000000000007,0.0026714,-0.0012259,-0.0063699000000000004,0.00053330000000000022,-0.0078366999999999985,0.00066799999999999976,-0.0016034000000000001,-9.3700000000000001e-05,0.00010190000000000001,-0.00051999999999999985,-0.00087190000000000011,0.00090780000000000006,-0.00059619999999999996,-0.00076869999999999998,-0.0022031999999999998,-0.00021030000000000007,7.890000000000002e-05,0.00052049999999999991,0.00089439999999999995,0.0003751999999999999,0.00024350000000000012,-0.0015471999999999999,0.00087600000000000004,0.0011036000000000002,0.0011819000000000001,0.0024246000000000003,-0.00079480000000000024,0.00066970000000000007,3.2300000000000026e-05,0.00049960000000000011,0.0011150000000000001,0.0013520999999999997,-0.0017434999999999998,0.0014351999999999998,-0.00088960000000000005,0.0023527000000000001,-0.0032204,-0.0011513000000000001,0.00060770000000000008,0.00040750000000000004,0.0011220000000000002,0.0020162999999999999,-0.00064040000000000006,-0.0020721000000000003,0.0018692000000000001,-0.0020803000000000002,-0.00054050000000000007,-0.00030469999999999998,0.0007515,0.0011394999999999999,0.00084369999999999996,-0.00014610000000000003,0.0015865,-0.0026649000000000004,-0.0020868000000000002,0.00027930000000000001,0.0025218999999999997,0.00031020000000000006,-0.0016221,-0.00015920000000000007,0.0020969000000000001,-8.4699999999999836e-05,-0.0018638000000000001,0.0014484999999999997,-0.0042025999999999999,-0.0021893000000000004,0.00068370000000000008,-0.0021842000000000003,0.0030804999999999999,-0.0013148000000000001,-0.0034185999999999999,0.0075566999999999995,-0.00066560000000000002,0.0040141000000000005,0.00058569999999999998,-0.0005487999999999999,0.0046862000000000006,-0.00090639999999999991,-6.9199999999999961e-05,0.0036702000000000002,-8.8499999999999603e-05,0.00012750000000000001
aug_between_class_right_pair0019_child01,Healthy,0,0,Augmented,0,0,0,0,0,0.30518380000000001,2.1019375,8.9999999999999996e-07,-9.9999999999999995e-08,0,0.89010440000000002,0,0.026190600000000001,-0.15185970000000001,0.047187,0.086603800000000009,-0.073207500000000009,0.074496599999999996,0.0015922999999999998,0.0046151999999999999,-0.047702800000000004,-0.087766999999999998,0.33968589999999999,-0.1114402,-0.0081998999999999996,0.055494100000000005,-0.0041737000000000015,-0.0183246,-0.0071049000000000008,-0.048022699999999995,0.020099700000000002,0.014486299999999999,-0.065673300000000004,0.0017415,-0.084821399999999991,-0.0045872000000000031,0.037886699999999995,-0.017087499999999999,0.010074900000000001,0.0067254999999999988,-0.035531900000000005,0.02162,-0.075023300000000001,-0.031168999999999999,0.0980298,-0.017010999999999998,0.2044938,-0.039857199999999995,0.0034645000000000006,0.0028583000000000007,0.0021434999999999978,-0.031879300000000006,-0.00062019999999999957,0.047845199999999997,-0.0051310000000000001,-0.00083830000000000016,-0.019852800000000004,-0.0160421,0.0212899,0.00056189999999999365,0.021010600000000001,0.0092974000000000008,-0.0101782,0.0018157999999999998,0.017838400000000001,-0.056109400000000004,0.0030617000000000001,0.0064822000000000005,0.014304200000000001,0.041629600000000003,-0.074200299999999997,-0.0056664999999999997,-0.0359849,-0.0054740999999999991,0.0083836999999999991,0.0014356000000000002,0.0046131999999999996,0.0189982,0.0105548,0.002055,-0.017639700000000001,0.0045221999999999997,0.0035569,-0.0028379,0.0010574000000000002,0.0097530000000000013,-0.022077800000000002,0.0055696999999999995,0.0044301000000000002,0.0039487999999999988,-0.009908199999999999,-0.0018819999999999983,0.015499300000000001,-0.0089572999999999979,-0.0078588000000000009,0.0018115000000000006,-0.0105489,0.010337300000000001,-0.011305000000000001,0.0085651000000000008,0.0117993,-0.0043786999999999993,0.00091430000000000027,-0.0061512000000000025,0.00073359999999999962,0.0029727000000000017,-0.0113626,0.0062188999999999994,0.0016225000000000002,-0.00078030000000000005,-0.0016072999999999999,0.014318300000000001,-0.0085313000000000003,-0.00079459999999999991,-0.0030858000000000001,0.0019315000000000005,0.00046450000000000007,-0.0029947000000000003,0.0023863000000000001,0.0051224,0.0051148000000000001,-0.0025306000000000005,0.0039417999999999988,-0.0032935999999999994,0.0061940999999999993,-0.011239300000000001,0.018045000000000002,-0.0073483000000000003,0.0056522000000000013,0.0014140999999999997,-0.0022009,0.0076404999999999997,-0.0045348000000000003,-0.0032896000000000002,0.0109981,0.0068472999999999997,-0.0018918000000000001,9.810000000000027e-05,-0.0138586,-0.0060768999999999997,-0.0065072999999999988,-0.008580299999999999,-0.0047460999999999996,0.0050604999999999999,0.0051524000000000006,-0.0038781000000000002,0.0013550000000000003,-0.0014529,-0.0017225000000000001,0.0036117999999999996,0.00015010000000000007,-0.00093059999999999974,-0.00045099999999999958,-0.00089890000000000022,-0.0014416000000000001,0.0045853999999999999,0.0015809999999999999,-0.0030337000000000003,0.0013290999999999999,-0.00078850000000000003,-0.0025355,-0.0058301999999999998,0.0022366000000000009,-0.0022196999999999998,-0.0065751000000000004,-0.0012857999999999999,0.0083041999999999994,-2.5399999999999642e-05,0.0010919,-0.0046064000000000001,-0.00033620000000000004,-0.0040487000000000006,-0.0052937000000000001,-0.0034489000000000004,0.004569199999999999,-0.0020791,0.0135084,0.0099490000000000012,-0.010478000000000001,0.0059225999999999992,0.0137296,-0.0062702000000000009,0.0014369000000000001,3.7300000000000527e-05,-0.0071197999999999999,0.0016765000000000003,-0.020098399999999999,0.006197499999999999,0.0045460000000000006,-0.0025777999999999999,0.017553300000000001,-0.0065143000000000006,-0.0018278999999999999,0.0012203000000000001,-0.00024980000000000011,-0.0032918999999999999,0.0010154000000000001,0.0034092000000000003,-8.2399999999999943e-05,-0.00084109999999999957,-0.00071049999999999998,0.0014396000000000001,-0.0022240000000000003,-0.0035471999999999995,-0.00021300000000000003,-0.00063049999999999998,-0.0032669000000000005,-0.0021314000000000003,-0.00067350000000000005,0.0024191999999999998,-0.0025655999999999999,0.0044379999999999992,0.0019884,-0.0024323999999999999,-0.0055232000000000007,0.0050952000000000002,0.0030598000000000001,0.00052940000000000018,0.0044949999999999999,0.0076940000000000012,-0.0032979999999999997,-0.0035312999999999998,-0.0021279000000000007,0.00011450000000000002,-0.0035313000000000002,0.0037055999999999999,0.009136,0.002689200000000001,-0.0019646999999999998,-0.00035199999999999988,0.0016763999999999998,-0.0068626,0.0029306000000000002,0.0029601000000000002,0.0025307000000000003,0.0056984000000000002,0.00049139999999999991,0.0078808000000000003,-0.0069998999999999999,-0.00084449999999999976,-0.0143082,-0.0042915000000000002,-0.0014071999999999999,0.0027020999999999998,-0.00035059999999999985,0.0021167,-0.0040874999999999991,0.00051209999999999971,0.0011328,0.00026660000000000003,-0.00014860000000000003,0.00098189999999999996,-0.0033201999999999997,0.0011368999999999997,-0.0035425000000000009,0.0018071999999999999,0.0014337,-0.0030742,0.00075250000000000002,0.0026422999999999998,9.6000000000002333e-06,-0.0015257999999999999,0.0020525000000000001,-0.000134,0.0019359999999999998,0.0029141000000000002,-0.0062300999999999997,0.0027203000000000001,0.0046683000000000002,-0.00079709999999999981,-0.0015027999999999999,-0.00020700000000000015,0.0070404000000000005,-0.00083949999999999997,-0.0021281,0.0032300000000000002,-0.0033387,-0.0019298,0.0056476,0.00010159999999999998,0.00090249999999999998,-0.00052300000000000003,1.6000000000000389e-06,-0.0023020999999999996,-0.00051259999999999999,-0.0017502000000000001,0.0040219000000000001,-0.007495700000000001,0.0018927999999999996,0.0025362000000000002,-0.0028611999999999999,-0.0012996000000000001,0.0045748999999999998,-0.0055852000000000002,-0.00047569999999999991,0.0040636000000000005,0.0022854999999999998,-0.0026124000000000004,-0.0105302,0.0040072000000000007,0.00024499999999999999,0.00027120000000000003,0.0021850000000000003,0.00019850000000000011,0.00093780000000000014,0.0012193,0.00043170000000000003,0.00071479999999999992,0.00026599999999999996,0.000629,0.0012517000000000001,-0.0020606999999999999,0.0011065000000000001,0.0016528000000000001,0.0017433000000000004,0.00094200000000000013,-0.00021559999999999998,-1.460000000000003e-05,0.0018031999999999998,-0.0042311000000000007,-0.00026000000000000003,-0.0009201999999999996,-0.0013835,-0.00050529999999999987,-0.0022991000000000001,0.0003678,0.0027511000000000002,0.0010225,0.0016735999999999999,-0.0053284000000000005,-0.00098139999999999989,0.0015866000000000001,-0.0015000999999999999,-0.0033005,0.0015437000000000001,0.0021711,-0.00077030000000000002,0.0026595,-0.0018906000000000001,-1.0500000000000093e-05,-0.00083150000000000021,0.0013694,0.0016482000000000001,-0.0026566000000000003,0.0054653000000000002,-0.00011269999999999987,-0.0015410000000000001,-0.0011209000000000002,-0.0010868,8.6999999999999404e-06,0.0015742,-0.00099120000000000024,-0.0026291999999999999,0.0042043999999999996,-0.0037906999999999997,0.00098930000000000025,-0.0018940999999999999,-0.0013603000000000001,0.0074380000000000002,-0.00058560000000000003,0.0011241000000000001,0.00097069999999999925,-0.0046776999999999999,-0.00099430000000000004,-0.00019749999999999992,0.0011949999999999999,0.0012126000000000001,-0.00069990000000000004,0.0007409999999999998,0.00038990000000000015,0.0012055,-0.0029562999999999998,-1.8000000000000004e-05,-0.0014501999999999998,-0.0016743999999999999,0.0012182,-0.0018438000000000005,0.0028720999999999998,-0.00094909999999999992,-0.0017495000000000002,-0.0016173000000000001,0.00021409999999999984,-0.00052020000000000007,-0.00043140000000000008,0.00027969999999999991,-0.0012475999999999998,0.0013514,-0.0021743000000000001,-8.8999999999999995e-05,-0.00010619999999999993,0.00056529999999999992,-0.00043530000000000001,0.0012038000000000001,0.00050640000000000027,0.00041279999999999995,0.0022417000000000001,0.0019326999999999999,4.8499999999999986e-05,0.00041349999999999997,-0.0011920999999999998,-0.00087399999999999999,0.0029532,-0.0009362000000000001,-0.00069109999999999994,-0.00023039999999999996,-0.00043999999999999996,0.0021349999999999997,-0.0017495,-0.0036378000000000001,0.00043420000000000004,0.00021139999999999993,-0.0011402000000000001,-0.0014157000000000002,0.00031900000000000006,0.00074049999999999984,0.0017588999999999999,-0.00030349999999999995,0.0011971,-0.00064530000000000002,-0.0014392999999999999,0.0029049999999999996,0.0018654000000000001,0.0020255,0.0042903000000000004,-0.0021396000000000002,0.0048352999999999998,-0.0057102000000000012,0.0061217999999999993,-0.0013946000000000002,0.0053143999999999986,0.0063589000000000007,7.450000000000013e-05,0.00022580000000000001,0.00040200000000000001,-0.00075750000000000004,-0.0022331999999999994,0.00088149999999999991,0.00036469999999999997,-0.0017146000000000004,0.00058010000000000006,0.0019109000000000001,-0.00029839999999999999,-0.00034449999999999997,0.00026999999999999984,-0.0028253000000000002,-0.00085050000000000002,-0.0011546000000000004,0.0026884000000000005,-0.0017560000000000002,0.0016605999999999999,0.0029072,8.4499999999999994e-05,-0.0022804000000000001,-0.0011718,-0.00065259999999999992,0.0007471,0.00067269999999999993,-0.0025329000000000003,0.0023138000000000004,-0.0020611000000000002,0.00098889999999999981,-0.0031281000000000004,-0.00015100000000000001,0.0018828,0.0011028000000000001,0.0014657999999999997,0.0034518999999999999,-0.0019257000000000002,0.0011199000000000001,-0.00022689999999999999,-0.0007383,-0.00063009999999999997,0.00084040000000000004,0.00053319999999999995,0.00042149999999999995,-0.00059810000000000006,0.00043380000000000003,0.00060449999999999989,-0.0044441000000000003,0.00038399999999999985,0.00044030000000000002,0.0010864000000000002,-0.00034079999999999999,0.0014504000000000001,-0.0022763000000000002,0.00057419999999999997,-0.0024380000000000001,0.00042900000000000002,-0.00091790000000000003,0.00092570000000000044,0.0047843000000000009,-0.0011371,0.0018661000000000001,0.00030959999999999994,-0.0038525000000000009,-0.0045427999999999996,0.0070169999999999989,0.0028073000000000004,0.0019975000000000001,0.00051829999999999997,0.0016926000000000001,0.0045011000000000001,-0.00076139999999999975,0.00046140000000000005,0.00099200000000000026,-0.0026362,0.00073419999999999996
aug_between_class_right_pair0019_child02,Healthy,0,0,Augmented,0,0,0,0,0,0.30228959999999999,2.0874319999999997,7.9999999999999996e-07,-1.9999999999999999e-07,0,0.88402079999999994,0,0.027788199999999999,-0.15093040000000002,0.046017000000000002,0.08891460000000001,-0.076932,0.077179200000000003,0.00026059999999999977,0.0046233999999999997,-0.044646599999999995,-0.089704000000000006,0.34121479999999998,-0.1100024,-0.0071128000000000007,0.055129199999999996,-0.0033813999999999997,-0.0186242,-0.0066068000000000003,-0.047556399999999999,0.020375400000000002,0.0139656,-0.064874600000000004,0.00087200000000000038,-0.084193799999999999,-0.0030294000000000015,0.038197399999999999,-0.017377,0.0095808000000000004,0.0073499999999999989,-0.0357518,0.022317,-0.073504600000000003,-0.028355999999999999,0.096699599999999997,-0.016576999999999995,0.2028286,-0.040653399999999999,0.0037450000000000001,0.0022346000000000011,0.0019719999999999998,-0.030688600000000003,-4.0399999999999681e-05,0.046859400000000002,-0.0051319999999999994,-0.0015436000000000009,-0.019031600000000003,-0.016607199999999999,0.020825799999999998,0.0026297999999999981,0.021449200000000002,0.0098537999999999994,-0.010896400000000001,0.0019026,0.017687800000000004,-0.055627800000000005,0.0035254000000000001,0.0065584000000000007,0.014836400000000001,0.040899199999999997,-0.074166599999999999,-0.0066889999999999996,-0.035415800000000004,-0.0051271999999999984,0.0085214000000000002,0.0012922000000000003,0.0046614000000000004,0.0188404,0.0096276,0.0023479999999999998,-0.016641400000000001,0.0052513999999999998,0.0035458,-0.0028307999999999996,0.0013368,0.0094900000000000019,-0.022224600000000001,0.0055924,0.0042912000000000002,0.0044976,-0.0088704000000000005,-0.001769999999999999,0.0154206,-0.0089055999999999996,-0.0072006000000000006,0.0012440000000000003,-0.010078799999999999,0.0094406000000000004,-0.010846,0.0076902000000000012,0.010592600000000001,-0.0031154000000000008,0.0015555999999999999,-0.0057664000000000014,0.0011361999999999998,0.003467399999999999,-0.010878199999999999,0.0065398000000000001,0.001624,-0.00098059999999999987,-0.0017146000000000002,0.014046599999999999,-0.0080446000000000007,-0.0018221999999999999,-0.0032215999999999998,0.0024760000000000003,-0.0003219999999999998,-0.0029624,0.0024146000000000003,0.0059917999999999994,0.0048646000000000002,-0.0023682000000000009,0.0046055999999999988,-0.0030101999999999998,0.0058101999999999997,-0.011196600000000001,0.017893000000000003,-0.0076236000000000003,0.0057194000000000012,0.0023861999999999989,-0.0022087999999999999,0.0076620000000000004,-0.0046525999999999998,-0.0036292,0.010210200000000001,0.0066256000000000006,-0.0029616,9.4200000000000447e-05,-0.0154532,-0.0061348000000000001,-0.0061795999999999995,-0.0075855999999999996,-0.0042262000000000003,0.0047890000000000007,0.0055848,-0.0042882000000000007,0.00072900000000000091,-0.0012128,-0.0014970000000000001,0.0031576000000000004,0.00058920000000000001,-0.0012191999999999999,-0.0002819999999999997,-0.00055680000000000009,-0.0014971999999999997,0.0046118000000000001,0.0011689999999999999,-0.0025094000000000002,0.0011191999999999999,-0.00077200000000000012,-0.0024690000000000003,-0.0055003999999999999,0.0017242000000000006,-0.0021264000000000001,-0.0062202000000000004,-0.0011806,0.0081633999999999995,-8.4799999999999893e-05,0.00096679999999999997,-0.0047398000000000006,-0.00063040000000000014,-0.0042053999999999998,-0.0050524000000000003,-0.0031757999999999995,0.0044353999999999999,-0.0023682000000000013,0.013322799999999999,0.0087460000000000003,-0.010286,0.0054831999999999997,0.0127642,-0.0066374000000000008,0.0012698,0.000237600000000001,-0.0064406000000000003,0.00064700000000000022,-0.020290800000000001,0.0058360000000000009,0.0041780000000000003,-0.0029376000000000003,0.017270600000000001,-0.0067146000000000003,-0.0020157999999999999,0.0013066,-0.00014960000000000017,-0.0032868000000000003,0.0011318000000000001,0.0029654,-0.00032179999999999991,-0.0008621999999999996,-0.0010030000000000002,0.0016672,-0.0021429999999999999,-0.0029524,-1.4000000000000015e-05,-0.00050200000000000006,-0.0033378000000000001,-0.0018018000000000001,-0.00043199999999999998,0.0017404000000000002,-0.0020831999999999999,0.0040949999999999997,0.0026348000000000001,-0.0024637999999999999,-0.0048954000000000003,0.0051954000000000002,0.0032146000000000002,0.00071680000000000008,0.0045190000000000004,0.007136,-0.0032899999999999995,-0.0031196000000000006,-0.0022848,0.00057300000000000016,-0.0033725999999999999,0.0037782000000000002,0.008881,0.0022564000000000004,-0.0020644000000000001,-0.0003259999999999999,0.0010617999999999999,-0.0066061999999999996,0.0031191999999999999,0.0029552000000000007,0.0027813999999999998,0.0053137999999999996,0.00034279999999999988,0.0069465999999999998,-0.0075848,-0.00073599999999999968,-0.0137754,-0.0040980000000000001,-0.0016623999999999996,0.0026681999999999999,-0.00043020000000000005,0.0022913999999999999,-0.0037669999999999995,0.00034319999999999989,0.00097360000000000003,0.00035920000000000006,-0.0003102,0.0010568000000000001,-0.0032534,0.0012937999999999999,-0.0035800000000000012,0.0016924000000000002,0.0014483999999999999,-0.0031594000000000001,0.00064499999999999996,0.0026016000000000004,0.00023019999999999985,-0.0017906,0.0022829999999999999,-0.00034600000000000006,0.0017160000000000001,0.0029302,-0.0063451999999999996,0.0027956000000000001,0.0042226,-0.00071619999999999974,-0.00097959999999999974,0.00033399999999999966,0.0069908000000000001,-0.0004230000000000002,-0.0022141999999999999,0.0028440000000000002,-0.0035494000000000003,-0.0018276,0.0062201999999999995,6.1999999999999881e-06,0.00081799999999999993,-0.00055699999999999977,-0.00020780000000000039,-0.0023531999999999997,-0.00086919999999999999,-0.0024684000000000004,0.0040667999999999998,-0.0070014000000000014,0.0017155999999999999,0.0023284,-0.0032443999999999997,-0.0016061999999999999,0.0042268000000000002,-0.0058884000000000002,-0.00035439999999999994,0.0040922000000000007,0.001745,-0.0017058000000000008,-0.0105904,0.0036994000000000007,2.1999999999999993e-05,0.00024340000000000001,0.0021359999999999999,0.00016599999999999991,0.00081860000000000006,0.00074060000000000011,0.00045439999999999999,0.00094259999999999982,0.00023499999999999997,0.00081900000000000007,0.0010394,-0.0016183999999999999,0.001292,0.0015006000000000002,0.0013476000000000002,0.00075200000000000006,-0.00013419999999999998,0.00014579999999999975,0.0016473999999999998,-0.0040661999999999998,-2.2999999999999909e-05,-0.00079140000000000015,-0.0015089999999999999,-0.00076760000000000001,-0.0024101999999999999,0.00019459999999999996,0.0028522,0.00089699999999999979,0.0014201999999999999,-0.0049198000000000002,-0.0010817999999999999,0.0013892000000000002,-0.0014662,-0.0029369999999999999,0.0017034000000000003,0.0016912000000000003,-0.00082459999999999977,0.0027060000000000001,-0.0019192000000000002,-0.00031300000000000018,-0.00059000000000000025,0.0014308000000000001,0.0019203999999999998,-0.0024722000000000004,0.0048076000000000004,-0.0004544000000000002,-0.0016650000000000002,-0.0012047999999999998,-0.0013326,0.00035139999999999998,0.0016584,-0.0011094,-0.0030644000000000001,0.0037587999999999996,-0.0041554000000000001,0.0010506000000000001,-0.0019212000000000001,-0.00047760000000000039,0.0076649999999999999,-0.00073019999999999997,0.0014571999999999999,-0.00033660000000000027,-0.0046514,-0.00093359999999999992,-0.00019100000000000003,0.0014829999999999999,0.0014172,-0.00077479999999999997,0.00053700000000000004,0.00030780000000000005,0.0011349999999999999,-0.0024096000000000005,-2.9e-05,-0.0013584000000000001,-0.0019697999999999998,0.0012614000000000002,-0.0017546000000000007,0.0024572000000000005,-0.0010782000000000001,-0.0017670000000000003,-0.0016786000000000001,0.00022319999999999979,-0.00053540000000000011,-0.00088080000000000005,0.00024639999999999992,-0.0011672,0.0011468000000000003,-0.0023606,8.7000000000000001e-05,9.2599999999999974e-05,0.00065059999999999998,-0.00050060000000000002,0.0014146,0.00034079999999999994,0.00041960000000000001,0.0021244000000000002,0.0021204000000000001,-0.0001870000000000001,0.00051999999999999995,-0.00072020000000000027,-0.00082800000000000007,0.0027574000000000001,-0.00081340000000000004,-0.0006961999999999999,-0.00070780000000000007,-0.00045899999999999999,0.0021700000000000001,-0.001578,-0.0032655999999999996,0.00040939999999999998,0.00024079999999999994,-0.0011574000000000001,-0.0011814000000000002,-0.00010600000000000019,0.00052300000000000003,0.0017537999999999998,-0.00017099999999999993,0.00077220000000000001,-0.00096160000000000006,-0.0012046000000000001,0.0028279999999999998,0.0017978,0.0022589999999999997,0.0044195999999999992,-0.0023432000000000001,0.0045485999999999999,-0.0057514000000000011,0.0049356000000000009,-0.0013562000000000001,0.0045277999999999985,0.0064948000000000002,-0.00016899999999999988,0.00018160000000000002,0.00042200000000000007,-0.00090400000000000007,-0.0019584000000000003,0.00057599999999999991,0.00036440000000000002,-0.0014772000000000006,0.00057320000000000005,0.0017968000000000001,-0.00046480000000000002,-0.00041799999999999997,0.000466,-0.0027876000000000003,-0.00073799999999999994,-0.0012402000000000003,0.0024958000000000003,-0.001523,0.0014881999999999999,0.0027224000000000003,9.4999999999999951e-05,-0.0021408,-0.00099759999999999996,-0.0005932,0.00082820000000000007,0.0006513999999999999,-0.0021628000000000003,0.0020156000000000002,-0.0018742000000000001,0.0007317999999999999,-0.0029302,-0.00030000000000000003,0.0018385999999999999,0.00086159999999999991,0.0012166,0.0033727999999999996,-0.0018734000000000001,0.0010008,-7.0799999999999986e-05,-0.00098259999999999992,-0.00059619999999999996,0.00087879999999999989,0.00042939999999999987,0.00059499999999999993,-0.00069519999999999998,0.00028260000000000004,0.00079299999999999987,-0.0043752000000000001,0.00029400000000000004,2.3600000000000072e-05,0.00088380000000000012,-7.8599999999999959e-05,0.0016498000000000001,-0.0021686000000000001,0.00025540000000000003,-0.0023890000000000001,0.00038600000000000017,-0.0010328,0.00049340000000000018,0.0045406000000000005,-0.0013022000000000001,0.0016092000000000001,0.00043720000000000022,-0.0037940000000000005,-0.0044815999999999996,0.0065830000000000003,0.0027796000000000001,0.001882,0.00060559999999999998,0.0015992000000000001,0.0047042000000000004,-0.0010328,0.00011680000000000005,0.00048600000000000032,-0.0022153999999999997,0.00073740000000000003
aug_between_class_right_pair0019_child03,Healthy,0,0,Augmented,0,0,0,0,0,0.29939540000000003,2.0729264999999999,6.9999999999999997e-07,-2.9999999999999993e-07,0,0.87793719999999997,4.1359030627651384e-25,0.029385800000000004,-0.1500011,0.044846999999999998,0.091225399999999998,-0.080656500000000006,0.079861800000000011,-0.0010711,0.0046315999999999996,-0.0415904,-0.091641,0.34274369999999998,-0.10856460000000001,-0.0060257000000000002,0.054764300000000002,-0.0025890999999999996,-0.018923800000000001,-0.0061086999999999999,-0.047090099999999996,0.020651100000000002,0.013444900000000001,-0.064075900000000005,2.5000000000003318e-06,-0.083566199999999993,-0.0014715999999999983,0.038508099999999996,-0.017666499999999998,0.0090866999999999996,0.007974499999999999,-0.035971700000000002,0.023014,-0.071985899999999992,-0.025543,0.095369400000000007,-0.016142999999999998,0.20116340000000002,-0.041449600000000003,0.0040254999999999996,0.0016108999999999997,0.0018005,-0.029497900000000001,0.00053940000000000043,0.0458736,-0.0051329999999999995,-0.0022489000000000016,-0.018210400000000002,-0.017172299999999998,0.0203617,0.0046976999999999991,0.021887799999999999,0.010410200000000001,-0.011614599999999999,0.0019893999999999997,0.017537200000000003,-0.055146199999999999,0.0039890999999999998,0.0066346000000000009,0.015368600000000001,0.040168799999999998,-0.074132900000000002,-0.0077115000000000005,-0.034846700000000001,-0.0047803000000000012,0.0086590999999999994,0.0011488,0.0047095999999999996,0.018682600000000001,0.0087004000000000005,0.0026410000000000001,-0.0156431,0.0059806,0.0035347,-0.0028237000000000002,0.0016162000000000004,0.0092269999999999991,-0.0223714,0.0056150999999999996,0.0041522999999999994,0.0050463999999999995,-0.0078325999999999986,-0.0016580000000000015,0.0153419,-0.0088538999999999996,-0.0065424000000000003,0.00067649999999999915,-0.0096086999999999995,0.0085439000000000001,-0.010387,0.0068152999999999998,0.0093859000000000008,-0.0018521000000000006,0.0021969000000000003,-0.0053816000000000003,0.0015387999999999999,0.0039620999999999996,-0.0103938,0.0068606999999999991,0.0016255000000000002,-0.0011809000000000001,-0.0018219000000000004,0.0137749,-0.0075579000000000002,-0.0028498,-0.0033573999999999995,0.0030205000000000006,-0.0011085000000000001,-0.0029301000000000002,0.0024428999999999996,0.0068612000000000005,0.0046143999999999994,-0.0022057999999999999,0.0052693999999999996,-0.0027268000000000001,0.0054263000000000002,-0.0111539,0.017741,-0.0078989000000000004,0.0057866000000000011,0.0033583000000000007,-0.0022167000000000003,0.0076835000000000002,-0.0047704000000000002,-0.0039687999999999998,0.0094222999999999998,0.0064038999999999997,-0.0040314000000000001,9.0300000000000189e-05,-0.017047799999999998,-0.0061926999999999998,-0.0058519000000000002,-0.0065908999999999994,-0.0037062999999999992,0.0045174999999999998,0.0060171999999999995,-0.0046982999999999999,0.00010299999999999979,-0.00097270000000000006,-0.0012714999999999998,0.0027033999999999999,0.0010282999999999998,-0.0015077999999999999,-0.00011299999999999982,-0.00021469999999999996,-0.0015528,0.0046382000000000003,0.00075699999999999986,-0.0019851000000000001,0.00090929999999999982,-0.0007555000000000001,-0.0024025000000000001,-0.0051705999999999992,0.0012118000000000001,-0.0020330999999999999,-0.0058653000000000004,-0.0010754,0.0080225999999999995,-0.00014419999999999928,0.0008416999999999997,-0.0048732000000000003,-0.00092460000000000003,-0.0043621000000000007,-0.0048111000000000004,-0.0029027000000000002,0.0043015999999999992,-0.0026573,0.013137199999999998,0.0075430000000000002,-0.010094000000000001,0.0050437999999999993,0.0117988,-0.0070046000000000006,0.0011026999999999999,0.00043790000000000062,-0.0057613999999999999,-0.00038249999999999981,-0.0204832,0.0054744999999999993,0.00381,-0.0032973999999999998,0.0169879,-0.0069148999999999999,-0.0022036999999999998,0.0013929000000000001,-4.9400000000000225e-05,-0.0032817000000000002,0.0012482000000000001,0.0025215999999999997,-0.00056119999999999987,-0.00088330000000000006,-0.0012954999999999998,0.0018948000000000001,-0.002062,-0.0023575999999999996,0.00018499999999999994,-0.00037349999999999997,-0.0034087000000000002,-0.0014722000000000001,-0.00019049999999999989,0.0010616,-0.0016008000000000001,0.0037519999999999993,0.0032811999999999997,-0.0024951999999999999,-0.0042675999999999999,0.0052955999999999993,0.0033694000000000003,0.00090419999999999975,0.0045430000000000002,0.0065780000000000005,-0.0032819999999999998,-0.0027079000000000001,-0.0024416999999999998,0.0010314999999999999,-0.0032139,0.0038507999999999997,0.008626,0.0018235999999999997,-0.0021641,-0.00029999999999999949,0.00044720000000000003,-0.0063497999999999992,0.0033078000000000001,0.0029503000000000003,0.0030320999999999994,0.004929199999999999,0.00019419999999999984,0.0060123999999999993,-0.0081697000000000002,-0.00062749999999999959,-0.0132426,-0.0039045,-0.0019176000000000002,0.0026343,-0.00050980000000000003,0.0024660999999999997,-0.0034464999999999999,0.00017429999999999985,0.00081439999999999985,0.00045180000000000009,-0.00047180000000000008,0.0011317000000000002,-0.0031865999999999999,0.0014506999999999999,-0.0036174999999999996,0.0015776,0.0014630999999999999,-0.0032445999999999998,0.0005375,0.0025608999999999996,0.00045080000000000033,-0.0020554000000000002,0.0025134999999999997,-0.00055800000000000012,0.0014959999999999999,0.0029462999999999998,-0.0064602999999999995,0.0028709,0.0037768999999999997,-0.0006353000000000001,-0.0004563999999999996,0.00087499999999999991,0.0069411999999999998,-6.4999999999995617e-06,-0.0023002999999999999,0.0024579999999999997,-0.0037600999999999997,-0.0017253999999999998,0.0067927999999999999,-8.9199999999999946e-05,0.00073349999999999989,-0.00059099999999999995,-0.00041719999999999973,-0.0024043000000000003,-0.0012258,-0.0031866000000000004,0.0041116999999999994,-0.0065071,0.0015383999999999997,0.0021206000000000007,-0.0036275999999999995,-0.0019128000000000001,0.0038787000000000001,-0.0061916000000000002,-0.00023309999999999976,0.0041208000000000009,0.0012044999999999998,-0.00079920000000000034,-0.0106506,0.0033915999999999998,-0.00020100000000000012,0.00021560000000000001,0.0020869999999999999,0.00013350000000000016,0.00069940000000000009,0.00026190000000000013,0.0004771,0.0011704000000000003,0.00020399999999999997,0.0010089999999999999,0.0008271000000000001,-0.0011760999999999998,0.0014775000000000001,0.0013484,0.0009519000000000001,0.00056199999999999989,-5.2799999999999969e-05,0.00030619999999999996,0.0014915999999999998,-0.0039012999999999999,0.000214,-0.00066259999999999984,-0.0016344999999999999,-0.0010299,-0.0025212999999999998,2.1400000000000086e-05,0.0029532999999999998,0.00077149999999999983,0.0011668,-0.0045111999999999999,-0.0011822,0.0011917999999999998,-0.0014323000000000001,-0.0025734999999999998,0.0018630999999999999,0.0012112999999999998,-0.00087889999999999995,0.0027524999999999997,-0.0019478,-0.00061550000000000027,-0.00034849999999999985,0.0014922,0.0021926000000000003,-0.0022878,0.0041498999999999998,-0.00079610000000000011,-0.001789,-0.0012886999999999998,-0.0015784,0.00069409999999999958,0.0017425999999999997,-0.0012275999999999997,-0.0034995999999999994,0.0033131999999999997,-0.0045201,0.0011118999999999999,-0.0019483,0.0004050999999999996,0.0078919999999999997,-0.00087480000000000012,0.0017902999999999999,-0.0016439000000000011,-0.0046251,-0.00087290000000000002,-0.00018449999999999993,0.0017709999999999998,0.0016217999999999998,-0.00084969999999999989,0.00033299999999999985,0.00022570000000000007,0.0010644999999999999,-0.0018629000000000002,-3.9999999999999996e-05,-0.0012665999999999997,-0.0022652000000000002,0.0013045999999999999,-0.0016654,0.0020422999999999995,-0.0012073000000000001,-0.0017845000000000001,-0.0017399,0.00023229999999999995,-0.00055060000000000005,-0.0013302000000000001,0.00021310000000000003,-0.0010867999999999997,0.00094219999999999981,-0.0025469000000000004,0.00026299999999999994,0.00029139999999999993,0.00073590000000000005,-0.00056590000000000004,0.0016253999999999999,0.00017519999999999992,0.00042639999999999996,0.0020070999999999999,0.0023080999999999996,-0.00042250000000000002,0.0006265,-0.00024829999999999969,-0.00078200000000000003,0.0025615999999999998,-0.00069060000000000009,-0.00070129999999999997,-0.0011852000000000002,-0.00047800000000000002,0.0022049999999999995,-0.0014065,-0.0028934,0.00038460000000000002,0.00027019999999999995,-0.0011746,-0.0009471000000000002,-0.00053100000000000022,0.0003055,0.0017487,-3.8499999999999906e-05,0.00034729999999999982,-0.0012779000000000002,-0.00096989999999999989,0.0027509999999999991,0.0017302000000000001,0.0024924999999999999,0.0045488999999999998,-0.0025468000000000001,0.0042618999999999999,-0.0057925999999999993,0.0037494,-0.0013177999999999996,0.0037411999999999988,0.0066306999999999998,-0.0004125,0.00013740000000000001,0.00044200000000000001,-0.0010505,-0.0016835999999999997,0.00027049999999999985,0.00036409999999999974,-0.0012398000000000001,0.00056629999999999983,0.0016826999999999999,-0.00063119999999999995,-0.00049149999999999997,0.00066199999999999994,-0.0027499,-0.00062549999999999997,-0.0013258000000000002,0.0023032,-0.0012899999999999999,0.0013157999999999998,0.0025375999999999997,0.00010549999999999999,-0.0020011999999999999,-0.00082339999999999996,-0.00053379999999999996,0.00090930000000000004,0.00063009999999999997,-0.0017926999999999999,0.0017174,-0.0016872999999999997,0.00047469999999999977,-0.0027323,-0.00044900000000000013,0.0017943999999999998,0.0006203999999999999,0.00096739999999999966,0.0032936999999999992,-0.0018211,0.00088170000000000002,8.5299999999999959e-05,-0.0012269,-0.00056229999999999995,0.00091719999999999996,0.00032559999999999984,0.00076849999999999998,-0.00079229999999999991,0.0001314000000000001,0.00098149999999999995,-0.0043062999999999999,0.00020399999999999992,-0.00039310000000000007,0.00068120000000000008,0.00018359999999999991,0.0018492000000000001,-0.0020609000000000001,-6.3399999999999915e-05,-0.0023400000000000001,0.00034299999999999999,-0.0011476999999999998,6.1099999999999913e-05,0.0042969000000000002,-0.0014672999999999999,0.0013522999999999996,0.00056480000000000007,-0.0037355000000000001,-0.0044203999999999997,0.0061489999999999991,0.0027518999999999994,0.0017664999999999998,0.00069289999999999998,0.0015057999999999998,0.0049072999999999999,-0.0013041999999999999,-0.00022780000000000001,-2.0000000000000052e-05,-0.0017945999999999999,0.0007406
aug_between_class_right_pair0019_child04,Healthy,0,0,Augmented,0,0,0,0,0,0.29650120000000002,2.0584210000000001,5.9999999999999997e-07,-3.9999999999999993e-07,0,0.87185360000000001,0,0.030983400000000001,-0.1490718,0.043676999999999994,0.0935362,-0.084380999999999998,0.082544400000000004,-0.0024028000000000005,0.0046397999999999995,-0.038534199999999998,-0.093578000000000008,0.34427259999999998,-0.10712680000000001,-0.0049385999999999996,0.054399400000000001,-0.0017968000000000003,-0.019223400000000002,-0.0056106000000000003,-0.0466238,0.020926800000000002,0.0129242,-0.063277200000000006,-0.00086699999999999928,-0.082938600000000001,8.6199999999999818e-05,0.038818800000000001,-0.017956,0.0085925999999999988,0.008598999999999999,-0.036191600000000004,0.023711000000000003,-0.070467199999999994,-0.02273,0.094039200000000003,-0.015708999999999997,0.19949820000000001,-0.0422458,0.0043059999999999999,0.00098719999999999928,0.0016289999999999985,-0.028307200000000005,0.0011192000000000003,0.044887799999999999,-0.0051339999999999997,-0.0029542000000000006,-0.0173892,-0.0177374,0.019897600000000001,0.0067655999999999966,0.0223264,0.0109666,-0.0123328,0.0020761999999999998,0.017386600000000002,-0.054664600000000001,0.0044527999999999998,0.0067108000000000011,0.015900799999999996,0.039438399999999998,-0.074099200000000004,-0.0087340000000000004,-0.034277600000000005,-0.0044333999999999988,0.0087968000000000005,0.0010054,0.0047578000000000004,0.018524800000000001,0.0077731999999999992,0.002934,-0.014644799999999999,0.0067097999999999993,0.0035236,-0.0028165999999999998,0.0018956000000000003,0.0089639999999999997,-0.022518199999999999,0.0056378000000000001,0.0040134000000000003,0.0055951999999999998,-0.0067947999999999993,-0.0015460000000000005,0.015263200000000001,-0.0088021999999999996,-0.0058842,0.00010900000000000059,-0.0091386000000000002,0.007647199999999999,-0.0099279999999999993,0.0059404000000000019,0.0081792000000000011,-0.00058880000000000043,0.0028381999999999999,-0.0049968000000000026,0.0019413999999999998,0.0044568000000000038,-0.0099094000000000005,0.0071815999999999998,0.001627,-0.0013812,-0.0019292000000000007,0.0135032,-0.0070711999999999997,-0.0038774,-0.0034932000000000001,0.0035650000000000005,-0.001895,-0.0028977999999999999,0.0024711999999999998,0.0077305999999999998,0.0043641999999999995,-0.0020433999999999999,0.0059331999999999996,-0.0024433999999999992,0.0050423999999999998,-0.011111200000000002,0.017589,-0.0081741999999999995,0.0058537999999999993,0.0043303999999999999,-0.0022246000000000002,0.0077050000000000009,-0.0048881999999999997,-0.0043084000000000004,0.0086344000000000004,0.0061821999999999997,-0.0051012000000000002,8.6400000000000149e-05,-0.0186424,-0.0062506000000000003,-0.0055241999999999999,-0.0055961999999999991,-0.0031863999999999998,0.0042459999999999998,0.0064495999999999998,-0.0051083999999999999,-0.00052300000000000003,-0.00073260000000000003,-0.0010459999999999998,0.0022491999999999998,0.0014674000000000002,-0.0017963999999999999,5.600000000000006e-05,0.00012740000000000006,-0.0016084000000000001,0.0046645999999999996,0.0003449999999999996,-0.0014608000000000002,0.00069939999999999998,-0.00073900000000000007,-0.002336,-0.0048408000000000001,0.00069940000000000041,-0.0019397999999999998,-0.0055104000000000004,-0.00097019999999999984,0.0078817999999999996,-0.00020359999999999996,0.00071659999999999996,-0.0050065999999999999,-0.0012188000000000001,-0.0045187999999999999,-0.0045697999999999997,-0.0026296000000000002,0.0041677999999999993,-0.0029463999999999996,0.012951600000000001,0.0063400000000000001,-0.0099020000000000011,0.0046043999999999998,0.0108334,-0.0073718000000000004,0.00093559999999999997,0.00063820000000000109,-0.0050822000000000003,-0.0014119999999999998,-0.020675599999999999,0.0051129999999999995,0.0034419999999999997,-0.0036572000000000002,0.0167052,-0.0071152000000000003,-0.0023916000000000002,0.0014792,5.0799999999999717e-05,-0.0032766000000000002,0.0013646000000000001,0.0020777999999999999,-0.00080059999999999984,-0.00090440000000000008,-0.0015880000000000002,0.0021224,-0.0019810000000000001,-0.0017627999999999997,0.0003839999999999999,-0.00024499999999999994,-0.0034795999999999998,-0.0011425999999999999,5.1000000000000115e-05,0.00038279999999999987,-0.0011183999999999999,0.0034089999999999997,0.0039275999999999998,-0.0025265999999999999,-0.0036398000000000003,0.0053958000000000001,0.0035242000000000003,0.0010916000000000001,0.0045669999999999999,0.0060200000000000002,-0.003274,-0.0022962000000000004,-0.0025986000000000004,0.0014900000000000004,-0.0030552000000000001,0.0039234000000000005,0.008371,0.0013908,-0.0022637999999999998,-0.00027400000000000037,-0.00016740000000000027,-0.0060933999999999997,0.0034964000000000002,0.0029453999999999999,0.0032827999999999998,0.0045446000000000002,4.5600000000000024e-05,0.0050781999999999997,-0.0087545999999999995,-0.0005189999999999995,-0.0127098,-0.0037109999999999999,-0.0021728000000000003,0.0026004000000000001,-0.00058940000000000002,0.0026407999999999996,-0.0031259999999999994,5.399999999999806e-06,0.00065519999999999988,0.00054440000000000011,-0.00063340000000000011,0.0012065999999999999,-0.0031197999999999998,0.0016075999999999998,-0.0036550000000000007,0.0014628000000000002,0.0014778,-0.0033297999999999999,0.00042999999999999994,0.0025201999999999998,0.00067140000000000038,-0.0023202000000000001,0.0027439999999999999,-0.00077000000000000007,0.0012759999999999998,0.0029624,-0.0065753999999999995,0.0029462000000000004,0.0033311999999999994,-0.00055440000000000003,6.6800000000000323e-05,0.0014160000000000002,0.0068916000000000003,0.00041000000000000021,-0.0023863999999999999,0.0020720000000000001,-0.0039708,-0.0016232,0.0073653999999999994,-0.00018459999999999999,0.00064900000000000005,-0.00062499999999999969,-0.00062659999999999994,-0.0024553999999999999,-0.0015823999999999999,-0.0039048000000000008,0.0041565999999999999,-0.0060128000000000004,0.0013611999999999999,0.0019128000000000005,-0.0040107999999999993,-0.0022193999999999998,0.0035306000000000001,-0.0064948000000000002,-0.00011179999999999979,0.0041494000000000001,0.00066400000000000009,0.00010740000000000055,-0.010710799999999999,0.0030838000000000003,-0.00042399999999999995,0.00018780000000000001,0.0020379999999999999,0.00010100000000000018,0.00058020000000000012,-0.00021679999999999996,0.00049980000000000001,0.0013982000000000001,0.00017300000000000009,0.001199,0.00061479999999999998,-0.00073379999999999995,0.001663,0.0011961999999999999,0.00055619999999999997,0.00037199999999999983,2.8600000000000045e-05,0.00046659999999999996,0.0013357999999999998,-0.0037364,0.00045100000000000012,-0.00053379999999999996,-0.0017600000000000001,-0.0012922000000000001,-0.0026324,-0.00015180000000000011,0.0030544000000000005,0.00064599999999999987,0.00091340000000000008,-0.0041025999999999996,-0.0012826000000000001,0.00099439999999999988,-0.0013984000000000002,-0.0022100000000000002,0.0020228000000000004,0.00073139999999999989,-0.00093319999999999991,0.0027989999999999998,-0.0019763999999999997,-0.0009180000000000002,-0.00010700000000000011,0.0015536,0.0024648000000000001,-0.0021034000000000001,0.0034922,-0.0011377999999999996,-0.0019130000000000002,-0.0013726000000000003,-0.0018242,0.0010367999999999996,0.0018268,-0.0013458000000000003,-0.0039348000000000005,0.0028675999999999997,-0.0048847999999999999,0.0011732000000000001,-0.0019754,0.0012878,0.0081189999999999995,-0.0010194000000000002,0.0021234000000000001,-0.0029512000000000002,-0.0045988000000000001,-0.0008121999999999999,-0.00017799999999999994,0.0020590000000000001,0.0018263999999999997,-0.00092460000000000003,0.00012899999999999999,0.00014360000000000002,0.00099399999999999987,-0.0013162000000000002,-5.1000000000000006e-05,-0.0011747999999999999,-0.0025605999999999997,0.0013478000000000001,-0.0015762,0.0016273999999999998,-0.0013364000000000002,-0.0018020000000000002,-0.0018012,0.0002413999999999999,-0.00056579999999999998,-0.0017796000000000001,0.00017979999999999993,-0.0010063999999999997,0.00073760000000000015,-0.0027331999999999999,0.00043899999999999999,0.0004902000000000001,0.00082120000000000001,-0.00063120000000000006,0.0018362000000000001,9.5999999999999081e-06,0.00043320000000000012,0.0018897999999999999,0.0024957999999999998,-0.00065800000000000006,0.00073299999999999993,0.00022360000000000001,-0.000736,0.0023657999999999999,-0.00056780000000000003,-0.00070639999999999993,-0.0016626,-0.00049700000000000005,0.0022399999999999998,-0.001235,-0.0025211999999999999,0.00035980000000000002,0.00029960000000000002,-0.0011918,-0.0007128000000000002,-0.00095600000000000025,8.7999999999999754e-05,0.0017436000000000001,9.39999999999999e-05,-7.7599999999999989e-05,-0.0015942,-0.00073519999999999998,0.0026739999999999997,0.0016626,0.0027260000000000001,0.0046781999999999995,-0.0027504000000000001,0.0039751999999999999,-0.0058338000000000001,0.0025631999999999999,-0.0012794,0.0029545999999999995,0.0067666000000000011,-0.0006559999999999999,9.3200000000000016e-05,0.00046200000000000006,-0.0011970000000000001,-0.0014087999999999998,-3.5000000000000254e-05,0.00036379999999999979,-0.0010024000000000003,0.00055940000000000004,0.0015685999999999999,-0.00079760000000000009,-0.00056499999999999996,0.00085800000000000004,-0.0027122000000000001,-0.000513,-0.0014114000000000002,0.0021105999999999998,-0.0010569999999999998,0.0011433999999999999,0.0023527999999999999,0.000116,-0.0018615999999999999,-0.00064919999999999995,-0.00047439999999999998,0.0009904,0.00060879999999999994,-0.0014225999999999998,0.0014192,-0.0015003999999999998,0.00021759999999999987,-0.0025344,-0.00059800000000000012,0.0017501999999999999,0.00037919999999999995,0.00071819999999999978,0.0032145999999999997,-0.0017687999999999998,0.00076260000000000021,0.00024140000000000001,-0.0014712,-0.00052840000000000005,0.00095560000000000003,0.00022179999999999981,0.00094200000000000002,-0.00088939999999999983,-1.9799999999999939e-05,0.00117,-0.0042373999999999997,0.00011400000000000001,-0.00080980000000000006,0.00047860000000000003,0.0004458000000000001,0.0020486000000000002,-0.0019531999999999996,-0.00038220000000000007,-0.0022910000000000001,0.00030000000000000003,-0.0012626,-0.00037120000000000002,0.0040531999999999999,-0.0016324,0.0010953999999999998,0.00069240000000000013,-0.0036770000000000006,-0.0043591999999999997,0.0057149999999999996,0.0027242,0.0016509999999999999,0.00078019999999999999,0.0014123999999999999,0.0051104000000000002,-0.0015755999999999999,-0.00057239999999999993,-0.00052599999999999999,-0.0013737999999999999,0.00074379999999999997
aug_between_class_right_pair0019_child05,TLE,1,1,Augmented,0,0,0,0,0,0.29071279999999999,2.0294099999999999,4.0000000000000003e-07,-5.9999999999999997e-07,0,0.85968639999999996,0,0.034178600000000003,-0.14721320000000002,0.041336999999999999,0.098157800000000003,-0.091829999999999995,0.087909600000000004,-0.0050661999999999999,0.0046562000000000001,-0.032421800000000001,-0.097451999999999997,0.34733039999999998,-0.1042512,-0.0027643999999999993,0.053669599999999998,-0.00021220000000000006,-0.019822599999999999,-0.0046144000000000003,-0.045691199999999994,0.021478199999999999,0.011882799999999999,-0.061679800000000007,-0.0026059999999999994,-0.081683399999999989,0.0032017999999999994,0.039440199999999995,-0.018534999999999999,0.0076044000000000007,0.0098479999999999991,-0.036631400000000001,0.025105000000000002,-0.067429799999999998,-0.017104000000000001,0.091378799999999996,-0.014841,0.1961678,-0.043838200000000001,0.0048669999999999998,-0.00026019999999999949,0.0012859999999999989,-0.025925800000000002,0.0022787999999999997,0.042916200000000002,-0.0051359999999999999,-0.0043648000000000003,-0.015746800000000002,-0.018867599999999998,0.018969400000000001,0.010901399999999997,0.023203600000000001,0.012079400000000001,-0.013769199999999999,0.0022498000000000002,0.017085400000000001,-0.053701400000000003,0.0053801999999999999,0.0068631999999999999,0.0169652,0.0379776,-0.074031799999999995,-0.010779,-0.033139399999999999,-0.0037395999999999992,0.009072199999999999,0.00071860000000000012,0.0048542000000000004,0.018209199999999998,0.0059188000000000001,0.0035199999999999997,-0.012648199999999998,0.0081681999999999987,0.0035014,-0.0028024,0.0024543999999999998,0.0084380000000000011,-0.0228118,0.0056831999999999994,0.0037355999999999995,0.0066927999999999996,-0.0047191999999999998,-0.001322000000000002,0.015105800000000001,-0.0086987999999999996,-0.0045678000000000003,-0.0010259999999999996,-0.0081983999999999998,0.0058537999999999993,-0.0090100000000000006,0.0041906000000000009,0.0057658000000000006,0.0019377999999999999,0.0041208,-0.0042272000000000004,0.0027465999999999996,0.0054462000000000017,-0.0089405999999999999,0.0078234000000000012,0.0016299999999999999,-0.0017817999999999998,-0.0021438000000000004,0.0129598,-0.0060978000000000004,-0.0059325999999999997,-0.0037648,0.0046540000000000002,-0.0034680000000000002,-0.0028332000000000001,0.0025278000000000002,0.0094693999999999993,0.0038638000000000001,-0.0017185999999999998,0.0072607999999999995,-0.0018766,0.0042745999999999999,-0.011025800000000001,0.017285000000000002,-0.0087247999999999996,0.0059882000000000025,0.0062746,-0.0022404,0.0077479999999999997,-0.0051237999999999995,-0.0049876,0.0070585999999999999,0.0057388000000000005,-0.0072407999999999995,7.8600000000000067e-05,-0.0218316,-0.0063663999999999995,-0.0048688000000000004,-0.0036067999999999994,-0.0021466000000000002,0.0037029999999999997,0.0073143999999999995,-0.0059286000000000009,-0.0017749999999999995,-0.00025240000000000017,-0.00059500000000000004,0.0013408000000000001,0.0023455999999999998,-0.0023736,0.00039400000000000025,0.0008116,-0.0017195999999999999,0.0047174000000000001,-0.00047900000000000004,-0.00041219999999999994,0.00027959999999999986,-0.00070600000000000014,-0.0022030000000000001,-0.0041811999999999995,-0.00032539999999999956,-0.0017531999999999999,-0.0048006000000000004,-0.00075979999999999993,0.0076001999999999997,-0.00032240000000000003,0.00046639999999999995,-0.0052734000000000001,-0.0018072000000000001,-0.0048322,-0.0040872,-0.0020834,0.0039001999999999999,-0.0035245999999999997,0.012580399999999999,0.0039340000000000009,-0.0095180000000000004,0.0037255999999999999,0.0089026000000000001,-0.0081062000000000009,0.00060139999999999998,0.0010388000000000012,-0.0037238000000000002,-0.0034710000000000001,-0.0210604,0.0043899999999999998,0.0027060000000000001,-0.0043768000000000001,0.016139799999999999,-0.0075157999999999987,-0.0027673999999999997,0.0016518000000000001,0.00025120000000000003,-0.0032664,0.0015974000000000001,0.0011902000000000002,-0.0012794,-0.00094660000000000013,-0.0021730000000000005,0.0025776000000000002,-0.0018190000000000001,-0.00057320000000000005,0.00078199999999999982,1.1999999999999966e-05,-0.0036214000000000003,-0.00048340000000000004,0.00053400000000000008,-0.00097479999999999984,-0.00015360000000000026,0.0027229999999999997,0.0052204,-0.0025893999999999999,-0.0023842000000000004,0.0055962,0.0038338000000000001,0.0014663999999999999,0.0046150000000000002,0.0049040000000000004,-0.0032579999999999996,-0.0014728000000000002,-0.0029123999999999999,0.0024069999999999999,-0.0027377999999999999,0.0040686000000000003,0.0078609999999999999,0.00052520000000000019,-0.0024632,-0.00022200000000000041,-0.0013966,-0.0055805999999999998,0.0038736,0.0029356,0.0037841999999999997,0.0037753999999999999,-0.00025159999999999983,0.0032097999999999996,-0.0099243999999999999,-0.00030199999999999975,-0.0116442,-0.0033240000000000001,-0.0026832000000000002,0.0025325999999999999,-0.00074860000000000009,0.0029902000000000001,-0.0024849999999999998,-0.00033240000000000006,0.00033679999999999995,0.00072960000000000006,-0.00095659999999999994,0.0013563999999999998,-0.0029862000000000001,0.0019214,-0.0037300000000000002,0.0012332000000000001,0.0015071999999999998,-0.0035002000000000002,0.00021499999999999999,0.0024388000000000001,0.0011126,-0.0028498,0.0032049999999999999,-0.001194,0.00083600000000000005,0.0029946,-0.0068056000000000002,0.0030967999999999998,0.0024397999999999998,-0.00039259999999999989,0.0011132000000000004,0.0024980000000000002,0.0067923999999999997,0.001243,-0.0025585999999999999,0.0013000000000000002,-0.0043921999999999998,-0.0014188,0.0085106000000000001,-0.00037539999999999985,0.00047999999999999996,-0.00069299999999999961,-0.0010453999999999999,-0.0025576000000000002,-0.0022956000000000001,-0.0053412000000000008,0.0042464,-0.0050241999999999995,0.0010068,0.0014972000000000002,-0.0047771999999999988,-0.0028325999999999998,0.0028343999999999999,-0.0071012000000000002,0.00013080000000000014,0.0042065999999999996,-0.00041699999999999984,0.0019205999999999995,-0.010831200000000001,0.0024682000000000003,-0.0008699999999999999,0.00013220000000000001,0.0019399999999999999,3.6000000000000008e-05,0.00034180000000000012,-0.0011741999999999998,0.00054520000000000002,0.0018538000000000001,0.0001110000000000001,0.0015790000000000001,0.00019019999999999996,0.00015080000000000003,0.0020339999999999998,0.0008918000000000001,-0.00023519999999999986,-7.9999999999999776e-06,0.00019139999999999999,0.00078739999999999984,0.0010241999999999999,-0.0034066000000000001,0.00092499999999999993,-0.00027620000000000021,-0.0020109999999999998,-0.0018167999999999999,-0.0028545999999999997,-0.00049819999999999997,0.0032566000000000001,0.00039499999999999974,0.00040660000000000013,-0.0032854,-0.0014834,0.00059959999999999983,-0.0013306000000000001,-0.0014829999999999999,0.0023422,-0.00022839999999999991,-0.0010418000000000001,0.002892,-0.0020336,-0.0015230000000000003,0.00037599999999999992,0.0016764000000000002,0.0030092000000000005,-0.0017346000000000002,0.0021768000000000004,-0.0018212000000000002,-0.0021609999999999997,-0.0015403999999999999,-0.0023157999999999998,0.0017221999999999997,0.0019951999999999999,-0.0015821999999999998,-0.0048051999999999991,0.0019763999999999997,-0.0056141999999999997,0.0012957999999999997,-0.0020296000000000003,0.0030531999999999994,0.0085730000000000008,-0.0013086,0.0027895999999999997,-0.0055658000000000018,-0.0045462000000000002,-0.00069079999999999999,-0.00016499999999999994,0.0026349999999999998,0.0022355999999999999,-0.0010744000000000001,-0.00027900000000000006,-2.0600000000000013e-05,0.00085300000000000003,-0.00022280000000000037,-7.2999999999999999e-05,-0.00099120000000000002,-0.0031514000000000004,0.0014341999999999998,-0.0013978000000000003,0.00079760000000000031,-0.0015946000000000001,-0.0018370000000000001,-0.0019237999999999998,0.0002595999999999998,-0.00059620000000000007,-0.0026784000000000005,0.00011319999999999993,-0.00084559999999999995,0.00032839999999999996,-0.0031057999999999997,0.00079099999999999993,0.00088780000000000011,0.00099179999999999993,-0.00076179999999999998,0.0022577999999999999,-0.00032160000000000001,0.00044679999999999991,0.0016552000000000001,0.0028711999999999995,-0.0011290000000000002,0.00094600000000000001,0.0011673999999999999,-0.00064400000000000004,0.0019742000000000002,-0.00032220000000000008,-0.00071659999999999996,-0.0026173999999999998,-0.00053499999999999999,0.00231,-0.000892,-0.0017767999999999998,0.0003102,0.00035839999999999998,-0.0012262,-0.00024420000000000014,-0.0018060000000000003,-0.00034699999999999965,0.0017334,0.00035899999999999994,-0.00092739999999999988,-0.0022267999999999997,-0.00026580000000000017,0.0025200000000000001,0.0015274000000000002,0.0031929999999999997,0.0049367999999999999,-0.0031576,0.0034018,-0.0059161999999999991,0.00019080000000000052,-0.0012026000000000003,0.0013814000000000001,0.0070384000000000002,-0.0011429999999999999,4.8000000000000083e-06,0.00050200000000000006,-0.00149,-0.00085920000000000007,-0.00064599999999999987,0.00036319999999999978,-0.00052760000000000025,0.00054560000000000003,0.0013403999999999998,-0.0011304000000000002,-0.00071199999999999996,0.0012499999999999998,-0.0026368000000000003,-0.00028800000000000001,-0.0015826000000000004,0.0017254000000000002,-0.00059100000000000005,0.0007986,0.0019832000000000001,0.000137,-0.0015824000000000001,-0.00030079999999999999,-0.00035560000000000002,0.0011526000000000002,0.00056619999999999999,-0.00068240000000000011,0.00082280000000000005,-0.0011266,-0.00029660000000000005,-0.0021386,-0.0008960000000000002,0.0016617999999999997,-0.00010320000000000001,0.00021979999999999987,0.0030563999999999995,-0.0016642,0.00052440000000000017,0.00055360000000000001,-0.0019598000000000003,-0.00046059999999999997,0.0010323999999999999,1.4199999999999966e-05,0.0012889999999999998,-0.0010835999999999999,-0.00032219999999999981,0.001547,-0.0040996000000000001,-6.5999999999999978e-05,-0.0016431999999999998,7.3400000000000049e-05,0.00097019999999999995,0.0024473999999999997,-0.0017378000000000001,-0.0010197999999999997,-0.0021930000000000001,0.000214,-0.0014924000000000001,-0.0012358,0.0035658,-0.0019625999999999997,0.00058159999999999993,0.00094760000000000016,-0.0035599999999999998,-0.0042367999999999998,0.0048470000000000006,0.0026687999999999998,0.00142,0.00095480000000000001,0.0012256000000000001,0.0055166,-0.0021183999999999999,-0.0012615999999999999,-0.0015379999999999999,-0.00053220000000000003,0.00075020000000000002
aug_between_class_right_pair0019_child06,TLE,1,1,Augmented,0,0,0,0,0,0.28781859999999998,2.0149045000000001,3.0000000000000004e-07,-6.9999999999999986e-07,0,0.85360279999999999,0,0.035776200000000001,-0.14628390000000002,0.040167000000000001,0.10046859999999999,-0.095554500000000001,0.090592200000000012,-0.0063978999999999998,0.0046644,-0.029365600000000002,-0.099389000000000005,0.34885929999999998,-0.1028134,-0.0016773000000000005,0.053304699999999997,0.00058009999999999919,-0.0201222,-0.0041163000000000007,-0.045224899999999998,0.0217539,0.0113621,-0.060881100000000007,-0.003475499999999999,-0.081055799999999997,0.0047595999999999992,0.039750899999999999,-0.018824499999999997,0.0071103000000000017,0.010472499999999999,-0.036851300000000003,0.025801999999999999,-0.0659111,-0.014291000000000002,0.090048600000000006,-0.014407,0.1945026,-0.044634400000000005,0.0051474999999999993,-0.00088389999999999953,0.0011144999999999992,-0.024735100000000003,0.0028585999999999993,0.0419304,-0.0051369999999999992,-0.0050700999999999993,-0.014925600000000001,-0.019432700000000001,0.018505299999999999,0.012969299999999996,0.023642200000000002,0.012635799999999999,-0.014487400000000001,0.0023365999999999999,0.0169348,-0.053219800000000005,0.0058438999999999991,0.0069394000000000001,0.0174974,0.037247199999999994,-0.073998099999999997,-0.011801499999999999,-0.032570300000000003,-0.0033927000000000037,0.0092099,0.00057520000000000021,0.0049024000000000003,0.018051399999999999,0.0049916000000000006,0.0038129999999999995,-0.011649899999999999,0.0088973999999999998,0.0034903,-0.0027952999999999997,0.0027337999999999998,0.008175,-0.022958599999999999,0.0057058999999999999,0.0035967,0.0072415999999999999,-0.0036813999999999996,-0.001210000000000001,0.015027100000000002,-0.0086471000000000013,-0.0039096000000000001,-0.0015934999999999994,-0.0077282999999999996,0.0049571000000000007,-0.0085509999999999996,0.0033157000000000004,0.0045591000000000008,0.0032011000000000001,0.0047621,-0.0038423999999999993,0.0031491999999999996,0.0059409000000000007,-0.0084562000000000005,0.0081443000000000002,0.0016315000000000001,-0.0019820999999999997,-0.0022511000000000007,0.012688100000000001,-0.0056111000000000008,-0.0069601999999999997,-0.0039005999999999997,0.0051985,-0.0042544999999999996,-0.0028009000000000003,0.0025561,0.010338799999999999,0.0036136000000000002,-0.0015562000000000006,0.0079245999999999987,-0.0015931999999999995,0.0038907,-0.010983100000000001,0.017133000000000002,-0.0090001000000000005,0.0060554000000000007,0.0072467,-0.0022483000000000004,0.0077695000000000004,-0.0052416000000000008,-0.0053272000000000007,0.0062707000000000006,0.0055171000000000005,-0.0083105999999999996,7.4700000000000027e-05,-0.023426200000000001,-0.0064243,-0.0045411000000000002,-0.0026121,-0.0016267,0.0034314999999999997,0.0077467999999999999,-0.0063387000000000001,-0.0024009999999999995,-1.2300000000000136e-05,-0.00036950000000000009,0.0008866000000000003,0.0027846999999999998,-0.0026622,0.00056300000000000057,0.0011536999999999999,-0.0017752,0.0047437999999999994,-0.00089099999999999987,0.00011209999999999974,6.9699999999999797e-05,-0.00068950000000000001,-0.0021364999999999999,-0.0038514000000000005,-0.00083779999999999955,-0.0016599,-0.0044457000000000003,-0.00065460000000000019,0.0074593999999999997,-0.00038179999999999985,0.00034129999999999995,-0.0054067999999999998,-0.0021013999999999998,-0.0049889000000000001,-0.0038459000000000002,-0.0018103000000000008,0.0037664,-0.0038136999999999993,0.012394800000000001,0.0027310000000000008,-0.009326000000000001,0.0032862000000000004,0.0079372000000000002,-0.008473399999999999,0.00043430000000000004,0.0012391000000000008,-0.0030446000000000006,-0.0045005000000000002,-0.021252800000000002,0.0040285,0.0023380000000000002,-0.0047365999999999997,0.015857099999999999,-0.0077160999999999992,-0.0029553000000000001,0.0017381,0.00035139999999999998,-0.0032613,0.0017138000000000001,0.00074640000000000014,-0.0015187999999999998,-0.00096770000000000016,-0.0024654999999999998,0.0028051999999999999,-0.0017380000000000002,2.1599999999999956e-05,0.00098099999999999967,0.00014049999999999989,-0.0036922999999999999,-0.00015380000000000016,0.00077550000000000004,-0.0016535999999999999,0.00032879999999999975,0.0023799999999999997,0.0058668000000000001,-0.0026208,-0.0017564000000000008,0.0056963999999999999,0.0039886000000000001,0.0016537999999999998,0.0046389999999999999,0.004346,-0.0032499999999999999,-0.0010611000000000002,-0.0030693000000000005,0.0028654999999999996,-0.0025791,0.0041411999999999994,0.0076059999999999999,9.2400000000000078e-05,-0.0025628999999999999,-0.00019599999999999999,-0.0020111999999999999,-0.0053241999999999994,0.0040622000000000002,0.0029307000000000005,0.0040348999999999993,0.0033908000000000002,-0.00040019999999999986,0.0022756,-0.010509300000000001,-0.00019349999999999966,-0.0111114,-0.0031305000000000005,-0.0029383999999999999,0.0024987,-0.00082820000000000007,0.0031648999999999996,-0.0021645000000000002,-0.00050129999999999999,0.00017760000000000001,0.00082219999999999993,-0.0011182,0.0014312999999999999,-0.0029193999999999999,0.0020782999999999999,-0.0037674999999999996,0.0011184000000000003,0.0015218999999999999,-0.0035853999999999999,0.00010750000000000007,0.0023981000000000002,0.0013331999999999999,-0.0031146000000000004,0.0034354999999999998,-0.0014060000000000001,0.00061600000000000001,0.0030106999999999998,-0.0069207000000000001,0.0031720999999999997,0.0019941000000000004,-0.00031169999999999982,0.0016364000000000001,0.003039,0.0067428000000000002,0.0016595000000000002,-0.0026447000000000003,0.00091400000000000021,-0.0046029,-0.0013166000000000002,0.0090831999999999996,-0.00047079999999999979,0.00039550000000000002,-0.00072699999999999935,-0.0012548000000000001,-0.0026087000000000003,-0.0026521999999999995,-0.0060594000000000004,0.0042912999999999996,-0.0045298999999999999,0.0008296,0.0012894000000000004,-0.005160399999999999,-0.0031392,0.0024863000000000003,-0.0074044000000000002,0.00025209999999999989,0.0042351999999999997,-0.00095749999999999958,0.0028271999999999993,-0.010891400000000001,0.0021604000000000003,-0.0010929999999999998,0.00010440000000000002,0.0018909999999999999,3.5000000000000309e-06,0.0002226000000000001,-0.0016528999999999995,0.00056789999999999998,0.0020815999999999999,8.0000000000000101e-05,0.0017689999999999997,-2.2100000000000049e-05,0.00059309999999999983,0.0022194999999999997,0.00073959999999999998,-0.00063089999999999956,-0.00019799999999999999,0.00027280000000000002,0.00094779999999999984,0.00086840000000000007,-0.0032417000000000001,0.0011619999999999998,-0.0001474,-0.0021364999999999999,-0.0020791,-0.0029656999999999999,-0.00067140000000000006,0.0033577000000000008,0.00026949999999999999,0.00015320000000000012,-0.0028768000000000001,-0.0015837999999999998,0.00040219999999999991,-0.0012967,-0.0011195000000000001,0.0025018999999999996,-0.00070829999999999982,-0.0010961000000000002,0.0029385000000000001,-0.0020622000000000001,-0.0018255000000000003,0.00061749999999999999,0.0017378000000000003,0.0032814000000000003,-0.0015502000000000005,0.0015191000000000007,-0.0021628999999999997,-0.0022850000000000001,-0.0016243,-0.0025616000000000007,0.0020648999999999993,0.0020793999999999999,-0.0017003999999999999,-0.0052403999999999992,0.0015308000000000001,-0.0059789000000000005,0.0013571,-0.0020566999999999998,0.0039358999999999991,0.0088000000000000005,-0.0014532,0.0031227,-0.0068731000000000009,-0.0045198999999999994,-0.00063009999999999997,-0.00015849999999999995,0.0029229999999999994,0.0024402,-0.0011492999999999998,-0.00048299999999999992,-0.00010269999999999998,0.00078249999999999999,0.00032389999999999936,-8.3999999999999995e-05,-0.00089939999999999985,-0.0034467999999999999,0.0014773999999999998,-0.0013086000000000003,0.00038270000000000025,-0.0017236999999999999,-0.0018544999999999998,-0.0019851000000000001,0.00026869999999999997,-0.00061140000000000001,-0.0031278000000000005,7.9900000000000045e-05,-0.00076520000000000006,0.00012380000000000008,-0.0032921000000000001,0.00096699999999999976,0.0010865999999999996,0.0010770999999999999,-0.00082709999999999999,0.0024685999999999996,-0.00048720000000000002,0.00045359999999999997,0.0015379,0.0030588999999999994,-0.0013645000000000003,0.0010525000000000001,0.0016392999999999996,-0.00059800000000000001,0.0017784000000000001,-0.00019940000000000008,-0.00072170000000000003,-0.0030948,-0.00055400000000000002,0.0023449999999999999,-0.0007205,-0.0014046,0.0002854,0.00038779999999999999,-0.0012434,-9.9000000000001864e-06,-0.0022310000000000003,-0.0005644999999999999,0.0017282999999999999,0.00049149999999999997,-0.0013522999999999999,-0.0025430999999999995,-3.1100000000000268e-05,0.0024429999999999999,0.0014598,0.0034264999999999999,0.0050661000000000005,-0.0033612,0.0031151,-0.0059573999999999998,-0.00099539999999999915,-0.0011642000000000002,0.00059479999999999993,0.0071742999999999998,-0.0013864999999999999,-3.9399999999999982e-05,0.000522,-0.0016364999999999999,-0.00058440000000000011,-0.00095150000000000009,0.00036289999999999982,-0.00029020000000000022,0.00053870000000000003,0.0012263,-0.0012967999999999999,-0.00078549999999999996,0.0014459999999999998,-0.0025991,-0.00017550000000000004,-0.0016681999999999999,0.0015328000000000002,-0.00035800000000000014,0.00062620000000000015,0.0017984000000000003,0.00014749999999999998,-0.0014427999999999999,-0.0001266000000000001,-0.00029619999999999999,0.0012336999999999999,0.00054489999999999996,-0.00031229999999999995,0.00052460000000000007,-0.00093970000000000002,-0.00055369999999999996,-0.0019407000000000001,-0.0010449999999999999,0.0016175999999999999,-0.00034439999999999991,-2.9400000000000064e-05,0.0029772999999999996,-0.0016118999999999999,0.00040530000000000009,0.00070969999999999985,-0.0022040999999999996,-0.00042670000000000002,0.0010708,-8.9600000000000009e-05,0.0014624999999999998,-0.0011806999999999998,-0.00047339999999999991,0.0017355000000000001,-0.0040306999999999999,-0.00015599999999999994,-0.0020598999999999999,-0.00012919999999999991,0.0012323999999999998,0.0026467999999999999,-0.0016301,-0.0013385999999999999,-0.0021440000000000001,0.00017100000000000004,-0.0016072999999999999,-0.0016680999999999998,0.0033221000000000001,-0.0021277000000000002,0.00032470000000000003,0.0010752000000000001,-0.0035015000000000003,-0.0041755999999999998,0.0044130000000000003,0.0026410999999999995,0.0013045000000000001,0.0010421,0.0011322000000000001,0.0057197000000000003,-0.0023897999999999997,-0.0016061999999999997,-0.0020439999999999998,-0.00011140000000000021,0.00075339999999999999
aug_between_class_right_pair0019_child07,TLE,1,1,Augmented,0,0,0,0,0,0.28492440000000002,2.0003989999999998,1.9999999999999994e-07,-7.9999999999999996e-07,0,0.84751920000000003,0,0.037373799999999999,-0.1453546,0.038997000000000004,0.10277939999999999,-0.099279000000000006,0.093274800000000005,-0.0077296000000000023,0.0046725999999999998,-0.026309399999999997,-0.101326,0.35038819999999998,-0.10137560000000001,-0.00059019999999999906,0.052939799999999995,0.0013724000000000002,-0.0204218,-0.0036181999999999998,-0.044758599999999996,0.0220296,0.010841400000000001,-0.060082400000000001,-0.0043449999999999999,-0.080428199999999991,0.0063173999999999999,0.040061599999999996,-0.019113999999999999,0.0066162000000000009,0.011096999999999999,-0.037071200000000006,0.026499000000000002,-0.064392400000000002,-0.011478000000000002,0.088718400000000003,-0.013972999999999996,0.19283740000000002,-0.045430600000000002,0.0054280000000000005,-0.0015076000000000004,0.00094299999999999939,-0.0235444,0.0034384000000000003,0.040944599999999998,-0.0051380000000000002,-0.0057754,-0.014104400000000001,-0.0199978,0.0180412,0.015037199999999999,0.024080799999999999,0.013192200000000001,-0.0152056,0.0024233999999999996,0.016784200000000003,-0.052738199999999999,0.0063076,0.0070156000000000003,0.0180296,0.036516799999999995,-0.0739644,-0.012824000000000002,-0.0320012,-0.0030458000000000013,0.0093475999999999993,0.00043180000000000009,0.0049506000000000012,0.017893599999999999,0.0040644000000000001,0.0041060000000000003,-0.010651599999999999,0.009626599999999999,0.0034792,-0.0027882000000000002,0.0030132000000000002,0.0079120000000000006,-0.023105399999999998,0.0057285999999999995,0.0034578000000000005,0.0077904000000000003,-0.0026435999999999986,-0.001098,0.014948400000000001,-0.0085953999999999996,-0.0032513999999999998,-0.0021609999999999997,-0.0072581999999999994,0.0040603999999999996,-0.0080920000000000002,0.0024408000000000008,0.0033524000000000002,0.0044643999999999986,0.0054034,-0.0034576000000000016,0.0035517999999999999,0.0064355999999999997,-0.0079717999999999994,0.0084652000000000008,0.0016329999999999999,-0.0021824000000000001,-0.0023584000000000001,0.012416399999999999,-0.0051244000000000003,-0.0079877999999999998,-0.0040363999999999999,0.0057430000000000007,-0.0050410000000000003,-0.0027686,0.0025844000000000002,0.0112082,0.0033633999999999999,-0.0013938000000000002,0.0085883999999999995,-0.0013097999999999999,0.0035068,-0.010940399999999999,0.016981,-0.0092753999999999996,0.0061226000000000006,0.0082188000000000001,-0.0022562000000000003,0.0077910000000000002,-0.0053594000000000003,-0.0056667999999999996,0.0054827999999999995,0.0052954000000000005,-0.0093804000000000005,7.0800000000000203e-05,-0.025020799999999999,-0.0064821999999999996,-0.0042134000000000008,-0.0016173999999999989,-0.0011067999999999998,0.0031599999999999996,0.0081791999999999993,-0.006748800000000001,-0.0030270000000000002,0.00022780000000000012,-0.00014399999999999995,0.00043239999999999961,0.0032238000000000002,-0.0029508,0.00073200000000000001,0.0014958000000000003,-0.0018308,0.0047701999999999996,-0.0013030000000000003,0.00063640000000000029,-0.00014020000000000005,-0.00067299999999999999,-0.0020699999999999998,-0.0035215999999999997,-0.0013502,-0.0015665999999999998,-0.0040907999999999995,-0.00054940000000000002,0.0073185999999999998,-0.00044119999999999967,0.00021619999999999994,-0.0055402000000000003,-0.0023956000000000003,-0.0051456000000000002,-0.0036045999999999999,-0.0015371999999999999,0.0036325999999999997,-0.0041028000000000002,0.0122092,0.0015279999999999994,-0.0091339999999999998,0.0028468,0.0069718000000000002,-0.0088406000000000005,0.00026719999999999988,0.0014394000000000004,-0.0023653999999999997,-0.0055300000000000002,-0.021445199999999998,0.0036669999999999997,0.00197,-0.0050964000000000001,0.0155744,-0.0079164000000000005,-0.0031432000000000001,0.0018243999999999999,0.00045159999999999992,-0.0032561999999999999,0.0018302000000000001,0.00030259999999999977,-0.0017581999999999997,-0.00098880000000000018,-0.002758,0.0030328000000000004,-0.0016570000000000001,0.00061640000000000013,0.0011800000000000001,0.00026900000000000003,-0.0037632,0.00017580000000000015,0.0010170000000000003,-0.0023324000000000001,0.0008112000000000002,0.0020369999999999997,0.0065132000000000002,-0.0026522,-0.0011286000000000004,0.0057965999999999998,0.0041434000000000002,0.0018411999999999997,0.0046629999999999996,0.0037879999999999997,-0.0032420000000000001,-0.00064939999999999996,-0.0032262000000000002,0.0033240000000000001,-0.0024203999999999996,0.0042138000000000002,0.0073509999999999999,-0.00034040000000000025,-0.0026626000000000002,-0.00017000000000000001,-0.0026258000000000006,-0.0050677999999999999,0.0042507999999999999,0.0029258000000000001,0.0042855999999999997,0.0030061999999999997,-0.0005488,0.0013413999999999995,-0.011094200000000002,-8.5000000000000006e-05,-0.010578600000000001,-0.0029370000000000004,-0.0031936,0.0024647999999999996,-0.00090780000000000006,0.0033395999999999999,-0.0018439999999999997,-0.00067020000000000014,1.8399999999999932e-05,0.00091480000000000012,-0.0012798,0.0015061999999999996,-0.0028526000000000003,0.0022352000000000001,-0.0038050000000000007,0.0010035999999999999,0.0015365999999999999,-0.0036706,-2.7105054312137611e-20,0.0023573999999999999,0.0015537999999999999,-0.0033794000000000003,0.003666,-0.0016180000000000003,0.00039599999999999987,0.0030267999999999996,-0.0070358,0.0032474000000000001,0.0015483999999999997,-0.00023080000000000019,0.0021596000000000007,0.0035800000000000007,0.0066932000000000007,0.0020760000000000006,-0.0027307999999999998,0.00052799999999999982,-0.0048135999999999995,-0.0012144,0.0096557999999999991,-0.00056619999999999999,0.00031099999999999997,-0.00076099999999999996,-0.0014642000000000004,-0.0026597999999999999,-0.0030088000000000003,-0.0067776000000000017,0.0043362000000000001,-0.0040355999999999994,0.00065239999999999981,0.0010816000000000003,-0.0055436000000000001,-0.0034458000000000002,0.0021381999999999998,-0.0077076000000000002,0.00037340000000000029,0.0042637999999999999,-0.0014979999999999995,0.0037338000000000002,-0.010951600000000001,0.0018526,-0.0013159999999999999,7.6599999999999978e-05,0.0018420000000000003,-2.8999999999999946e-05,0.00010339999999999999,-0.0021316,0.00059059999999999994,0.0023094000000000001,4.8999999999999998e-05,0.0019590000000000002,-0.00023439999999999995,0.0010354000000000003,0.002405,0.00058739999999999986,-0.0010265999999999999,-0.00038800000000000011,0.00035420000000000004,0.0011081999999999999,0.00071259999999999987,-0.0030767999999999993,0.0013990000000000001,-1.859999999999991e-05,-0.0022620000000000001,-0.0023414000000000004,-0.0030767999999999998,-0.00084460000000000036,0.0034588000000000006,0.00014400000000000003,-0.00010020000000000013,-0.0024681999999999994,-0.0016841999999999998,0.00020479999999999999,-0.0012628000000000001,-0.00075599999999999973,0.0026616000000000001,-0.0011882000000000004,-0.0011504000000000002,0.0029849999999999998,-0.0020908000000000003,-0.0021280000000000006,0.00085900000000000017,0.0017991999999999999,0.0035536000000000001,-0.0013657999999999999,0.00086140000000000001,-0.0025046000000000001,-0.0024090000000000001,-0.0017082,-0.0028073999999999998,0.0024075999999999998,0.0021635999999999999,-0.0018186000000000005,-0.0056756000000000003,0.0010851999999999997,-0.0063436000000000013,0.0014184000000000002,-0.0020838000000000002,0.0048186000000000001,0.0090270000000000003,-0.0015978000000000001,0.0034558000000000002,-0.0081804000000000009,-0.0044935999999999995,-0.00056939999999999996,-0.00015200000000000006,0.0032110000000000003,0.0026447999999999997,-0.0012241999999999999,-0.00068700000000000011,-0.00018480000000000002,0.00071199999999999996,0.0008705999999999998,-9.5000000000000019e-05,-0.0008075999999999999,-0.0037422000000000002,0.0015206,-0.0012194,-3.2200000000000132e-05,-0.0018528000000000001,-0.001872,-0.0020463999999999999,0.00027780000000000014,-0.00062660000000000005,-0.0035772000000000004,4.6599999999999832e-05,-0.00068479999999999995,-8.0800000000000229e-05,-0.0034783999999999995,0.0011430000000000001,0.0012853999999999999,0.0011624000000000001,-0.00089240000000000001,0.0026794000000000002,-0.00065280000000000015,0.00046040000000000002,0.0014205999999999997,0.0032465999999999997,-0.0016000000000000003,0.0011589999999999999,0.0021112000000000001,-0.00055199999999999997,0.0015826,-7.659999999999991e-05,-0.00072679999999999999,-0.0035722000000000002,-0.00057300000000000005,0.0023800000000000002,-0.00054900000000000001,-0.0010323999999999997,0.00026059999999999999,0.00041720000000000006,-0.0012606,0.00022440000000000011,-0.0026560000000000004,-0.00078200000000000014,0.0017231999999999998,0.00062399999999999977,-0.0017772,-0.0028593999999999998,0.00020360000000000007,0.0023659999999999996,0.0013922000000000001,0.0036600000000000001,0.0051953999999999993,-0.0035647999999999999,0.0028284,-0.0059985999999999998,-0.0021816000000000006,-0.0011257999999999997,-0.00019180000000000065,0.0073102000000000011,-0.0016299999999999999,-8.3600000000000026e-05,0.00054200000000000006,-0.0017830000000000001,-0.00030959999999999983,-0.0012570000000000005,0.00036259999999999998,-5.2800000000000009e-05,0.00053180000000000002,0.0011121999999999998,-0.0014632000000000002,-0.00085899999999999995,0.001642,-0.0025614000000000001,-6.2999999999999959e-05,-0.0017538000000000002,0.0013401999999999999,-0.00012499999999999989,0.00045379999999999992,0.0016135999999999998,0.00015799999999999999,-0.0013031999999999998,4.7600000000000127e-05,-0.00023679999999999996,0.0013148000000000001,0.00052359999999999993,5.7800000000000429e-05,0.00022639999999999981,-0.00075279999999999987,-0.00081080000000000019,-0.0017428000000000001,-0.0011940000000000002,0.0015734,-0.00058560000000000014,-0.00027860000000000016,0.0028982000000000001,-0.0015596,0.00028620000000000002,0.00086580000000000001,-0.0024483999999999999,-0.00039279999999999995,0.0011091999999999999,-0.00019340000000000009,0.0016359999999999999,-0.0012777999999999999,-0.00062460000000000011,0.0019239999999999999,-0.0039618000000000006,-0.00024600000000000002,-0.0024765999999999998,-0.0003318000000000001,0.0014946,0.0028462000000000001,-0.0015223999999999999,-0.0016574000000000001,-0.0020949999999999996,0.00012799999999999997,-0.0017221999999999997,-0.0021004000000000005,0.0030783999999999998,-0.0022928000000000002,6.7799999999999859e-05,0.0012028000000000002,-0.0034429999999999999,-0.0041143999999999998,0.0039789999999999999,0.0026134000000000001,0.001189,0.0011294,0.0010387999999999999,0.0059228000000000006,-0.0026611999999999999,-0.0019507999999999999,-0.0025500000000000002,0.00030940000000000004,0.00075659999999999996
aug_between_class_right_pair0019_child08,TLE,1,1,Augmented,0,0,0,0,0,0.28203020000000001,1.9858935,9.9999999999999995e-08,-8.9999999999999996e-07,0,0.84143559999999995,0,0.038971400000000003,-0.14442530000000001,0.037827,0.10509019999999999,-0.1030035,0.095957400000000012,-0.0090612999999999996,0.0046807999999999997,-0.023253199999999998,-0.10326300000000001,0.35191709999999998,-0.099937800000000007,0.00049690000000000151,0.052574899999999994,0.0021647000000000003,-0.020721400000000001,-0.0031201000000000002,-0.0442923,0.0223053,0.010320699999999999,-0.059283700000000002,-0.0052145000000000004,-0.079800599999999999,0.0078752000000000006,0.0403723,-0.019403500000000001,0.006122100000000001,0.011721499999999999,-0.037291100000000001,0.027196000000000001,-0.062873700000000005,-0.0086649999999999991,0.087388199999999999,-0.013538999999999999,0.19117220000000001,-0.046226800000000005,0.0057085,-0.0021313,0.00077149999999999962,-0.022353700000000001,0.0040181999999999995,0.039958800000000003,-0.0051389999999999995,-0.0064806999999999998,-0.0132832,-0.020562900000000002,0.017577099999999998,0.017105099999999998,0.0245194,0.0137486,-0.015923800000000002,0.0025102000000000002,0.016633600000000002,-0.0522566,0.0067712999999999992,0.0070918000000000005,0.0185618,0.035786399999999996,-0.073930700000000002,-0.013846500000000001,-0.031432100000000004,-0.0026989000000000006,0.0094853000000000003,0.00028840000000000007,0.0049988000000000003,0.017735799999999999,0.0031372000000000006,0.0043990000000000001,-0.0096533000000000001,0.0103558,0.0034681,-0.0027810999999999999,0.0032926000000000001,0.0076489999999999995,-0.023252200000000001,0.0057512999999999991,0.0033189000000000001,0.0083391999999999997,-0.0016058000000000001,-0.00098600000000000076,0.014869700000000001,-0.0085436999999999996,-0.0025932000000000004,-0.0027285,-0.0067881,0.0031636999999999998,-0.0076329999999999992,0.0015658999999999994,0.0021457000000000004,0.005727700000000004,0.0060447000000000001,-0.0030727999999999971,0.0039544000000000003,0.0069303000000000021,-0.0074874,0.0087861000000000015,0.0016345000000000001,-0.0023826999999999997,-0.0024656999999999999,0.0121447,-0.0046376999999999998,-0.0090153999999999998,-0.0041722,0.0062875000000000006,-0.0058275000000000002,-0.0027362999999999997,0.0026126999999999999,0.012077600000000001,0.0031132,-0.0012314000000000001,0.0092522000000000004,-0.0010263999999999994,0.0031229000000000001,-0.0108977,0.016829,-0.0095506999999999988,0.0061898000000000005,0.0091909000000000001,-0.0022641000000000002,0.0078125,-0.0054772000000000006,-0.0060064000000000003,0.0046949000000000001,0.0050737000000000004,-0.0104502,6.6899999999999946e-05,-0.026615399999999997,-0.0065401000000000001,-0.0038857000000000006,-0.00062269999999999947,-0.00058690000000000001,0.0028885,0.0086116000000000005,-0.0071589000000000002,-0.003653,0.00046789999999999993,8.1500000000000029e-05,-2.1800000000000161e-05,0.0036629000000000002,-0.0032393999999999999,0.00090100000000000032,0.0018379000000000002,-0.0018863999999999999,0.0047965999999999998,-0.0017150000000000004,0.0011607000000000002,-0.00035010000000000076,-0.00065650000000000007,-0.0020035000000000001,-0.0031917999999999998,-0.0018625999999999998,-0.0014732999999999999,-0.0037358999999999999,-0.00044420000000000006,0.0071777999999999998,-0.00050059999999999948,9.1099999999999978e-05,-0.0056736,-0.0026898,-0.0053023000000000002,-0.0033633000000000005,-0.0012640999999999989,0.0034987999999999998,-0.0043918999999999989,0.012023600000000001,0.00032499999999999977,-0.0089420000000000003,0.0024074000000000001,0.0060064000000000003,-0.0092078000000000004,0.00010009999999999999,0.0016397000000000009,-0.0016862000000000005,-0.0065594999999999994,-0.0216376,0.0033054999999999998,0.0016019999999999999,-0.0054561999999999996,0.0152917,-0.0081166999999999993,-0.0033311,0.0019107,0.00055179999999999986,-0.0032511000000000003,0.0019466000000000002,-0.00014119999999999996,-0.0019975999999999995,-0.0010099000000000002,-0.0030505000000000003,0.0032604000000000001,-0.0015759999999999999,0.0012112,0.001379,0.00039750000000000001,-0.0038341,0.00050540000000000003,0.0012585000000000001,-0.0030112000000000003,0.0012935999999999998,0.0016939999999999998,0.0071596000000000003,-0.0026836,-0.00050080000000000003,0.0058967999999999998,0.0042982000000000003,0.0020286000000000002,0.0046870000000000002,0.0032299999999999994,-0.0032340000000000003,-0.00023770000000000009,-0.0033831,0.0037825000000000007,-0.0022616999999999997,0.0042863999999999992,0.0070959999999999999,-0.00077320000000000015,-0.0027623000000000001,-0.00014400000000000003,-0.0032404000000000005,-0.0048114000000000004,0.0044394000000000005,0.0029209000000000006,0.0045363000000000001,0.0026216,-0.00069740000000000004,0.00040719999999999906,-0.011679100000000001,2.3500000000000083e-05,-0.010045800000000001,-0.0027435000000000003,-0.0034488000000000001,0.0024308999999999997,-0.00098740000000000004,0.0035142999999999993,-0.0015234999999999999,-0.00083910000000000007,-0.00014080000000000001,0.0010073999999999999,-0.0014414000000000002,0.0015810999999999998,-0.0027858000000000002,0.0023921000000000003,-0.0038424999999999991,0.00088879999999999992,0.0015512999999999998,-0.0037558000000000001,-0.00010750000000000002,0.0023167000000000001,0.0017744,-0.0036442000000000002,0.0038964999999999998,-0.0018299999999999998,0.00017599999999999994,0.0030429000000000003,-0.0071509,0.0033227000000000005,0.0011026999999999999,-0.00014990000000000012,0.0026828000000000004,0.0041210000000000005,0.0066436000000000004,0.0024925000000000004,-0.0028169000000000002,0.00014199999999999998,-0.0050243000000000006,-0.0011122,0.010228399999999999,-0.00066159999999999982,0.00022649999999999995,-0.0007949999999999997,-0.0016736000000000006,-0.0027109,-0.0033653999999999997,-0.0074958000000000012,0.0043811000000000006,-0.0035412999999999998,0.00047519999999999995,0.0008738000000000001,-0.0059267999999999994,-0.0037524000000000004,0.0017900999999999998,-0.0080107999999999985,0.00049470000000000004,0.0042924,-0.0020384999999999995,0.0046403999999999994,-0.0110118,0.0015447999999999998,-0.001539,4.879999999999998e-05,0.0017929999999999999,-6.150000000000014e-05,-1.5800000000000005e-05,-0.0026102999999999994,0.0006133,0.0025372000000000003,1.8000000000000004e-05,0.0021489999999999999,-0.00044670000000000029,0.0014777,0.0025904999999999999,0.00043519999999999995,-0.0014223,-0.00057800000000000006,0.00043559999999999996,0.0012685999999999999,0.00055679999999999998,-0.0029118999999999994,0.0016360000000000003,0.00011020000000000008,-0.0023874999999999999,-0.0026037000000000005,-0.0031878999999999996,-0.0010178000000000001,0.0035599000000000004,1.8499999999999962e-05,-0.00035360000000000014,-0.0020596,-0.0017845999999999999,7.399999999999963e-06,-0.0012289000000000002,-0.00039249999999999984,0.0028212999999999997,-0.0016681000000000005,-0.0012047,0.0030314999999999999,-0.0021194,-0.0024305000000000004,0.0011005000000000001,0.0018606000000000004,0.0038258000000000003,-0.0011814,0.0002036999999999998,-0.0028462999999999995,-0.0025330000000000005,-0.0017921,-0.0030531999999999998,0.0027503000000000002,0.0022478000000000003,-0.0019367999999999994,-0.0061108000000000004,0.00063960000000000015,-0.0067083000000000004,0.0014797000000000005,-0.0021108999999999998,0.0057012999999999994,0.0092540000000000001,-0.0017424000000000001,0.0037888999999999996,-0.0094877000000000017,-0.0044672999999999996,-0.00050869999999999995,-0.00014549999999999996,0.0034989999999999995,0.0028494000000000002,-0.0012990999999999999,-0.00089100000000000008,-0.00026690000000000004,0.00064149999999999993,0.0014172999999999998,-0.00010600000000000004,-0.00071579999999999994,-0.0040375999999999997,0.0015638,-0.0011302,-0.00044710000000000019,-0.0019819,-0.0018895000000000001,-0.0021077000000000001,0.00028690000000000009,-0.0006418000000000001,-0.0040266000000000008,1.3299999999999835e-05,-0.00060439999999999995,-0.00028540000000000011,-0.0036646999999999999,0.0013190000000000001,0.0014842000000000002,0.0012477,-0.00095770000000000002,0.0028901999999999999,-0.00081840000000000005,0.00046720000000000008,0.0013032999999999999,0.0034342999999999995,-0.0018354999999999999,0.0012654999999999999,0.0025831000000000001,-0.00050600000000000005,0.0013867999999999999,4.619999999999993e-05,-0.00073190000000000006,-0.0040496000000000004,-0.00059199999999999997,0.0024149999999999996,-0.0003774999999999998,-0.00066019999999999978,0.00023580000000000001,0.00044660000000000001,-0.0012777999999999999,0.00045870000000000009,-0.0030810000000000004,-0.00099949999999999995,0.0017181,0.00075650000000000001,-0.0022021000000000002,-0.0031757000000000001,0.00043830000000000008,0.0022889999999999998,0.0013246,0.0038934999999999998,0.0053246999999999999,-0.0037683999999999999,0.0025417,-0.0060397999999999988,-0.0033678000000000002,-0.0010874000000000001,-0.00097840000000000036,0.0074461000000000006,-0.0018734999999999999,-0.00012780000000000002,0.000562,-0.0019295000000000002,-3.4799999999999924e-05,-0.0015625000000000001,0.00036230000000000002,0.00018459999999999999,0.00052490000000000002,0.00099810000000000003,-0.0016295999999999999,-0.00093249999999999995,0.001838,-0.0025237000000000002,4.9500000000000011e-05,-0.0018394000000000006,0.0011475999999999999,0.00010800000000000002,0.00028139999999999996,0.0014288,0.00016849999999999998,-0.0011636000000000001,0.00022180000000000008,-0.00017740000000000003,0.0013959,0.00050230000000000001,0.00042790000000000037,-7.1800000000000119e-05,-0.00056589999999999993,-0.0010679000000000001,-0.0015449000000000001,-0.0013430000000000002,0.0015291999999999997,-0.00082680000000000015,-0.00052780000000000025,0.0028190999999999997,-0.0015073,0.0001671,0.0010219000000000001,-0.0026926999999999997,-0.0003589,0.0011475999999999999,-0.00029720000000000001,0.0018095000000000001,-0.0013748999999999999,-0.00077579999999999988,0.0021125000000000002,-0.0038929000000000004,-0.00033600000000000004,-0.0028932999999999997,-0.00053439999999999998,0.0017568000000000006,0.0030456000000000003,-0.0014147000000000001,-0.0019762,-0.0020460000000000001,8.5000000000000006e-05,-0.0018370999999999995,-0.0025327000000000001,0.0028346999999999995,-0.0024579000000000003,-0.0001891000000000001,0.0013304,-0.0033844999999999999,-0.0040531999999999999,0.0035449999999999995,0.0025856999999999998,0.0010735,0.0012167,0.00094539999999999999,0.006125900000000001,-0.0029326000000000001,-0.0022954,-0.0030559999999999997,0.00073019999999999986,0.00075980000000000004
aug_between_class_right_pair0020_child01,Healthy,0,0,Augmented,0,0,0,0,0,0.32578560000000001,1.9284749000000001,0,-9.9999999999999995e-08,0,1.051307,0,0.040202599999999998,-0.14579909999999999,0.033139099999999998,0.096524100000000002,-0.085800399999999999,0.083726599999999998,0.0096464999999999988,-0.0007721999999999998,-0.046061299999999999,-0.077521499999999993,0.31018709999999999,-0.076601200000000008,-0.062165499999999999,0.087831699999999999,0.028277200000000002,-0.019313499999999997,-0.0074109999999999992,-0.062630499999999992,0.0290821,0.043332999999999997,-0.052482000000000001,0.0084142000000000002,-0.090567900000000007,0.015923799999999998,0.048954400000000002,-0.017227699999999999,0.004306299999999999,0.0205528,-0.058519700000000001,0.034568400000000006,-0.055009100000000005,-0.084484200000000009,0.13499629999999999,-0.041353299999999996,0.2152029,-0.054493899999999998,0.012396299999999999,0.0003583000000000002,-0.0093711000000000003,-0.0055961999999999974,0.0020288999999999997,0.040823599999999995,-0.0071676999999999999,-0.0110586,-0.0141186,-0.028355599999999998,0.015542400000000001,0.037622099999999999,0.019632699999999999,0.0243612,-0.0022287999999999995,-0.019123600000000001,0.016720199999999998,-0.0478564,-0.0015329000000000007,0.015057500000000001,-0.013274099999999997,0.041908799999999996,-0.1009652,-0.018900599999999997,-0.0345361,-0.0316653,0.0021286999999999999,0.0020276999999999999,0.0019534999999999999,0.018078199999999999,0.0059055000000000002,0.0027161999999999998,-0.0024939999999999997,0.0074154999999999993,0.0007591000000000004,-0.0036870000000000002,0.00073649999999999996,0.0025263,-0.020052799999999999,0.0015924000000000003,0.012643999999999999,-0.00013650000000000034,-0.0029437999999999999,-0.0213514,0.0239984,-0.0245141,-0.0081144000000000008,-0.0090980999999999996,4.0800000000000124e-05,-0.0048799999999999989,-0.0080914000000000003,-0.014280899999999999,0.013763299999999999,-0.023766100000000002,-0.020363699999999998,0.045198800000000004,-0.0018652,0.030747799999999999,-0.010622899999999999,-0.0039365999999999984,-0.00087370000000000004,-0.0022637999999999998,-0.011807600000000001,0.011516799999999999,-0.0044785000000000007,-0.0079422999999999994,-0.00050709999999999991,0.0064337999999999999,-0.0045280000000000008,-0.0024694999999999999,0.0015237999999999996,0.018526899999999999,0.0032845999999999999,-6.0500000000000007e-05,0.0125121,-0.0105545,0.0088684999999999996,-0.0088369,0.0115438,-0.0053148000000000006,-0.010005300000000002,0.013735400000000002,-0.0063651000000000003,-0.0055947000000000019,-0.0047269000000000009,-0.0055867999999999994,0.0069189000000000004,0.0066308000000000001,0.0086994000000000012,0.0015090999999999995,-0.0145597,0.00068089999999999991,-0.014858200000000002,-0.020085100000000005,0.0046163999999999997,-0.0075671999999999996,-0.0087986000000000002,0.0149678,-0.0075594,-0.0014326,0.00079969999999999998,0.0002516000000000001,0.00090880000000000008,0.0031313999999999995,0.0029304999999999995,0.00095859999999999999,-0.0010696999999999996,0.0020168,0.0041930000000000005,0.0059795000000000004,0.00012260000000000005,0.00091309999999999991,-0.0022777000000000001,-0.00089569999999999993,-0.00021539999999999992,-0.0010149999999999998,-0.0113592,-0.0028592000000000001,0.011330900000000001,0.0031073999999999997,-0.0014942999999999998,0.0012014000000000009,-0.0031589999999999995,-0.011652900000000001,-0.0032304,-0.012210799999999999,0.0017347999999999999,0.0083082999999999994,0.0074262,0.0095149999999999992,-0.0050693999999999999,-0.0023572000000000003,0.0086616999999999996,0.0047878000000000009,-0.0013316000000000001,0.0103993,-0.012447300000000001,0.0080826000000000005,-0.0048858999999999986,-0.0048049,0.0036655000000000004,-0.010474200000000001,-0.0037547999999999991,0.0025950000000000001,-0.00051469999999999999,0.0017322000000000001,-0.0059608000000000005,-0.0027236999999999999,0.0019938999999999998,0.0016291999999999999,-0.00019069999999999997,-0.0034527999999999998,-0.0024171000000000002,0.0027294000000000003,-0.00095439999999999989,0.0030593,0.00031330000000000008,-4.4200000000000044e-05,0.0047752000000000003,0.001093,0.0016838999999999999,-0.0013480000000000002,-0.0037701999999999996,-0.0015356000000000007,0.0018741000000000001,-0.0042421000000000004,-0.0029475999999999999,0.0040575000000000003,0.0041297999999999994,-0.00088449999999999998,-0.00011439999999999996,0.0075827000000000004,-0.0015713999999999999,0.0058655999999999995,0.0010319000000000001,-0.0046261000000000002,-0.0014866000000000002,-0.0003420999999999997,0.0123467,-0.0080328000000000014,-0.00033679999999999995,0.0028739999999999998,4.4599999999999675e-05,-0.0097707999999999996,0.0073268999999999999,-0.0012636999999999998,0.0019876,0.0033336000000000004,0.0055727000000000007,0.0146307,-0.010437799999999999,-0.0014031,-0.00026550000000000011,-0.0077974999999999989,-0.0038106999999999998,0.0039072000000000004,-0.0019564000000000001,0.0001248,0.0011072000000000002,-0.0032460000000000006,-0.0024239999999999999,-0.00037630000000000004,-0.0025863000000000001,-0.0014936999999999999,-0.0032526,-0.0032648000000000004,0.00050869999999999995,-8.239999999999997e-05,0.0011811,-0.0012317000000000001,0.00063590000000000012,-0.0037810000000000005,0.0051389999999999995,-0.0023678000000000002,-0.00043300000000000001,0.0026337000000000001,-0.00034730000000000004,0.0018071000000000001,-0.0050790999999999996,-1.6999999999999871e-05,0.0020966000000000001,-0.0057675000000000001,0.0021204000000000001,0.0027585999999999999,0.0015070999999999999,0.0044896000000000007,-0.0010051999999999999,0.00043199999999999988,-0.0028565999999999999,-0.0018959000000000001,0.0062617000000000003,0.0050994999999999999,-0.0020268999999999999,0.0070099000000000003,0.00362,-0.0039423000000000001,0.0034660999999999993,-0.0042075999999999997,0.0017797000000000002,-0.0027396,0.0066208000000000005,-0.0075283999999999993,0.0058809999999999999,-0.0071379999999999985,-0.0031000000000000003,-0.0041935000000000002,-0.0037872000000000001,0.0081186000000000001,0.0083210000000000003,0.0056635999999999995,-0.010969799999999998,0.0027064000000000003,-0.0015102000000000002,0.0002276,0.0017193999999999998,-0.00034219999999999997,8.2299999999999995e-05,-0.00019409999999999995,0.00069569999999999994,0.0023851000000000002,-0.0012819000000000001,0.0031392999999999998,-0.00070290000000000012,0.0013498,-8.390000000000025e-05,0.00062469999999999995,1.409999999999999e-05,-0.0017135,0.00053690000000000009,0.0010907,0.00054730000000000002,5.8600000000000015e-05,-0.00046859999999999995,-0.0021484000000000004,-0.0037792999999999993,-0.0017569,-0.0012365,0.0030884000000000003,0.0012635999999999999,0.00083659999999999984,-0.00011870000000000004,-0.0025389000000000002,-0.0031232000000000005,0.0012684000000000003,-0.0032062000000000002,-0.00022659999999999998,-0.0015135999999999999,-0.0034933,0.0015887000000000002,0.0026294999999999999,-0.0048522999999999995,0.00026380000000000002,0.0021919000000000001,0.0024757000000000004,0.0015161,0.00013299999999999998,0.0054506999999999993,0.0042131,-0.0031619999999999999,0.00039500000000000006,0.0013557000000000003,-0.0061094000000000001,0.0018786,0.0013154,-0.0029757999999999998,0.0036121999999999999,6.8400000000000145e-05,-0.0023254,-2.050000000000001e-05,-0.00090499999999999999,0.0041909,-0.00021119999999999993,-0.0062885000000000024,0.012776099999999999,-0.0045094999999999996,0.00059590000000000012,0.00099620000000000004,0.0015697,0.0017488999999999998,-0.0003054,0.0011786000000000001,-0.0010046999999999999,-0.00050730000000000013,-0.00054330000000000003,-0.0010297999999999998,0.0015823,-0.0011814999999999998,0.0013193,0.00054589999999999999,0.0012068999999999999,-0.0042681999999999998,0.0015120000000000003,-0.0017716000000000001,0.0028134000000000002,0.00030080000000000005,-0.00033390000000000004,-0.00066610000000000009,0.0028014999999999997,-0.0019929000000000001,-0.00030859999999999991,2.7099999999999995e-05,-0.0019767999999999999,0.0036072000000000001,-0.00056380000000000004,0.0015508,-0.00062580000000000003,-0.000696,0.00069359999999999995,0.00058799999999999998,-0.0011922999999999999,0.0018928,0.0029700000000000004,-0.0027391999999999998,0.0072369999999999995,-0.0022161000000000004,-0.0014373999999999999,-0.00028610000000000007,-0.0011827999999999999,0.0028928000000000001,-0.0023990000000000001,-0.0014057,0.00052959999999999997,-0.0019047999999999997,-0.0049110999999999998,0.0027340000000000003,-0.0032122000000000001,0.0010458999999999998,0.0050072999999999993,6.059999999999963e-05,0.0030492000000000002,0.0012916,-0.0030516000000000002,0.0024989000000000001,0.00088219999999999998,0.00086070000000000005,0.0024310999999999998,-0.0031574999999999997,0.0011464000000000001,-0.0011245000000000001,-0.008039000000000001,0.0066613000000000002,-0.0044187000000000002,0.0087643000000000026,-0.0021955999999999998,0.00088409999999999997,-0.00012010000000000005,-0.00014990000000000001,-0.0017326000000000002,0.0007806,-0.0022317000000000001,0.00043769999999999996,-0.00029160000000000004,0.00088479999999999993,-0.00088009999999999998,1.7699999999999997e-05,0.00030020000000000003,-0.0010923999999999999,0.00024850000000000002,-0.00032939999999999993,0.00097999999999999997,0.00033629999999999999,-1.619999999999996e-05,-0.00069800000000000005,-0.00060979999999999997,-0.0020926999999999999,-0.00062389999999999993,-0.00064269999999999996,0.0025842,0.0011754000000000001,-0.0021373,0.00050500000000000002,0.00031599999999999998,0.00076400000000000003,0.00058029999999999996,0.00098519999999999988,-0.00048440000000000001,-0.00023310000000000003,-0.00072660000000000021,0.0036122999999999997,-0.0027556,0.00092619999999999996,-0.0003211,-0.00082399999999999997,-0.0033199000000000002,0.0016923000000000003,0.00020920000000000004,0.0010896,-0.00032710000000000004,0.0014853000000000002,0.0021641000000000004,-0.0018717,0.0021192999999999993,0.0016184000000000003,-0.00063100000000000005,0.00019240000000000001,0.0039788000000000002,-0.0013548,0.0011191,-0.00060189999999999994,-0.0011650999999999999,2.0700000000000015e-05,0.0014579,-0.00072889999999999988,0.00083949999999999997,0.00024169999999999997,0.0015569,-0.0032295000000000006,-0.0033476999999999999,0.0040343999999999996,-0.0016574000000000001,-0.0029034000000000004,0.0082184000000000007,0.0021129,-0.0017487000000000002,-0.0011589999999999999,-0.0015630000000000002,0.00072139999999999986,-0.00050690000000000023,0.00080169999999999992
aug_between_class_right_pair0020_child02,Healthy,0,0,Augmented,0,0,0,0,0,0.31933119999999998,1.9144008000000001,-5.2939559203393771e-23,-1.9999999999999999e-07,0,1.032842,0,0.041560199999999999,-0.1449812,0.035052199999999999,0.097469199999999992,-0.086047800000000008,0.080114199999999997,0.010088000000000001,-0.00038840000000000012,-0.041852600000000004,-0.081523999999999999,0.31752520000000001,-0.0792794,-0.053309000000000009,0.089827400000000002,0.023481399999999999,-0.019925999999999999,-0.0076489999999999995,-0.06031099999999999,0.029389199999999997,0.044208999999999998,-0.050763000000000003,0.0090553999999999999,-0.089632799999999999,0.017187600000000001,0.049783800000000003,-0.016434399999999998,0.0040926000000000001,0.0220196,-0.059265400000000003,0.035836800000000002,-0.052872200000000001,-0.082141400000000003,0.13403660000000001,-0.041105599999999999,0.21282280000000001,-0.054794799999999998,0.0126856,-0.00010539999999999985,-0.0092302000000000009,-0.0061613999999999992,0.0020397999999999996,0.039285199999999999,-0.0070054000000000002,-0.010423200000000001,-0.0139352,-0.028505200000000001,0.015114800000000001,0.0366772,0.019063400000000001,0.0228674,-0.0030006,-0.019178199999999999,0.0155234,-0.046333800000000001,-0.0028378000000000001,0.014829999999999999,-0.010300199999999999,0.042940599999999995,-0.096895400000000007,-0.017268200000000001,-0.034056200000000002,-0.032214600000000003,0.0024934000000000007,0.0017484000000000002,0.0018470000000000001,0.017895399999999999,0.0056290000000000003,0.0028393999999999997,-0.0025579999999999995,0.0077229999999999998,0.0012721999999999994,-0.0030400000000000002,0.00069199999999999991,0.0020956,-0.020706599999999999,0.0016958000000000003,0.012715000000000001,0.00025200000000000049,-0.0031725999999999994,-0.0213058,0.024450800000000002,-0.024714199999999999,-0.0079167999999999999,-0.0096331999999999997,-0.00061740000000000015,-0.0049890000000000004,-0.0082088000000000005,-0.014317799999999999,0.014127600000000001,-0.022484200000000003,-0.020059400000000005,0.0438266,-0.0019314000000000007,0.030861600000000003,-0.0084808000000000001,-0.0026801999999999993,-0.00095540000000000013,-0.0022705999999999998,-0.011944200000000002,0.0111156,-0.0046810000000000003,-0.0079635999999999995,-0.00041219999999999994,0.0065575999999999994,-0.0046880000000000003,-0.0026410000000000001,0.0018285999999999997,0.017565799999999999,0.0032292000000000002,0.00080600000000000008,0.0123832,-0.0099249999999999998,0.0086560000000000005,-0.0087758000000000003,0.012001600000000001,-0.0054316000000000008,-0.0096655999999999999,0.013128799999999999,-0.0062272000000000004,-0.0048544000000000009,-0.0033358000000000007,-0.0047526000000000001,0.0065298000000000005,0.0060556000000000004,0.0075098000000000022,0.0013702000000000005,-0.014936399999999999,0.0019088000000000004,-0.013365400000000001,-0.020052200000000003,0.0037198000000000001,-0.0079614000000000004,-0.0080222000000000002,0.0144376,-0.0083478000000000007,-0.0015732000000000001,0.00081940000000000008,0.00073620000000000011,0.0011956,0.0033017999999999997,0.0021760000000000004,0.0011872,-0.0012124,0.0020636000000000001,0.0042090000000000009,0.0058930000000000007,-3.5800000000000328e-05,0.00071920000000000003,-0.0026744000000000004,-0.00069739999999999993,-0.00068080000000000007,-0.00084099999999999984,-0.0111854,-0.0028294000000000001,0.0112388,0.0027948000000000001,-0.00098260000000000014,0.0012178000000000015,-0.0037019999999999996,-0.0115788,-0.0032488,-0.011624600000000001,0.0017116000000000002,0.0076676000000000001,0.0069274000000000002,0.0088899999999999986,-0.0053997999999999997,-0.0021453999999999996,0.0084983999999999997,0.0049866000000000008,-0.0013202000000000001,0.0112896,-0.012153600000000001,0.0068561999999999998,-0.0053278000000000006,-0.0046158000000000006,0.0036519999999999999,-0.0103654,-0.0024676000000000003,0.0023710000000000007,-0.00049839999999999997,0.0015704,-0.0057065999999999992,-0.0023034000000000002,0.0020148000000000002,0.0016923999999999997,-2.6399999999999991e-05,-0.0035766000000000001,-0.0022171999999999999,0.0026768,-0.00077579999999999988,0.0027926000000000001,0.00063159999999999996,-0.00032140000000000006,0.0044104000000000001,0.0010409999999999998,0.0011458,-0.0014960000000000002,-0.0038783999999999997,-0.0013632000000000006,0.0015952,-0.0041962000000000006,-0.0030831999999999995,0.0046940000000000003,0.0035626,-0.001111,-0.00025780000000000009,0.0071754000000000002,-0.0015587999999999999,0.0049362000000000008,0.00093679999999999989,-0.0046671999999999998,-0.0017912000000000002,9.5800000000000052e-05,0.012149400000000001,-0.008504600000000001,-0.00011659999999999991,0.0027000000000000001,3.8199999999999519e-05,-0.0095676000000000008,0.0070877999999999991,-0.0012503999999999998,0.0017932,0.0030552000000000001,0.0050744000000000006,0.013120400000000001,-0.0106926,-0.0008591999999999992,-0.00028800000000000006,-0.0074589999999999995,-0.0035003999999999999,0.0037234,-0.0019908,0.00015559999999999999,0.0011484000000000002,-0.0031730000000000005,-0.0026580000000000002,-0.00052559999999999998,-0.0025146000000000001,-0.0013784000000000001,-0.0031622000000000004,-0.0030646000000000002,0.00053339999999999985,-9.9799999999999986e-05,0.0011031999999999999,-0.0013664,0.00057380000000000007,-0.0035830000000000007,0.0048330000000000005,-0.0025156000000000002,-0.00051800000000000012,0.0025214,-0.00016860000000000009,0.0014242,-0.0051021999999999994,-0.00016200000000000003,0.0021342000000000002,-0.0054800000000000005,0.0019307999999999999,0.0029161999999999999,0.0013392,0.0046832000000000002,-0.00090339999999999995,0.00012199999999999993,-0.0032431999999999999,-0.0020708000000000002,0.0064774000000000003,0.0048289999999999991,-0.0015348,0.0066287999999999998,0.0035980000000000001,-0.0040315999999999998,0.0029651999999999994,-0.0040232000000000002,0.0018024,-0.0024552000000000003,0.0056716000000000015,-0.0069207999999999995,0.0057010000000000003,-0.0062229999999999994,-0.0025790000000000006,-0.0046480000000000002,-0.0035654000000000007,0.0086971999999999987,0.0073399999999999993,0.0059302000000000001,-0.011326599999999999,0.0029358000000000001,-0.0015664000000000001,0.00027120000000000003,0.0016107999999999999,-0.00014840000000000014,6.1600000000000007e-05,1.4800000000000034e-05,0.00075040000000000003,0.0023902000000000003,-0.0010328,0.0029236000000000002,-0.00057380000000000029,0.0010796000000000002,5.3199999999999992e-05,0.00068740000000000001,0.00020019999999999999,-0.001596,0.00074780000000000007,0.0011684,0.00052260000000000002,0.00031720000000000012,-0.00053419999999999997,-0.0017338000000000006,-0.0037786,-0.0014448000000000002,-0.0014580000000000001,0.0029908000000000001,0.00083319999999999987,0.00067520000000000015,4.7599999999999991e-05,-0.0026528000000000003,-0.0026834000000000003,0.0013448000000000002,-0.0032553999999999999,-0.00025819999999999988,-0.0012372000000000001,-0.0033645999999999997,0.0014223999999999999,0.002673,-0.0045386000000000003,-7.399999999999963e-06,0.0022437999999999998,0.0023694000000000002,0.0016942000000000001,7.0000000000000075e-06,0.0054333999999999997,0.0038502000000000002,-0.0027199999999999993,0.00059700000000000009,0.0009674000000000002,-0.0056357999999999998,0.0023341999999999998,0.0015177999999999999,-0.0027585999999999999,0.0033473999999999999,-3.0199999999999975e-05,-0.0020668000000000001,-0.00032900000000000003,-0.0010170000000000001,0.0042658000000000001,-0.00015240000000000002,-0.0055540000000000016,0.012402199999999999,-0.0042379999999999996,0.00049780000000000007,0.0009193999999999999,0.0014464,0.0015908000000000003,-0.00026279999999999999,0.0010341999999999999,-0.00088440000000000003,-0.00047460000000000004,-0.00072560000000000007,-0.00081059999999999997,0.0017156000000000001,-0.00084399999999999992,0.0013435999999999999,0.0007048,0.0010218,-0.0042214000000000002,0.0014850000000000002,-0.0018402000000000002,0.0025098000000000004,0.00033560000000000003,-3.6800000000000027e-05,-0.00052920000000000018,0.0026720000000000003,-0.0019588000000000001,-3.8199999999999953e-05,8.8199999999999975e-05,-0.0022485999999999999,0.0035164000000000003,-0.0004016,0.0015826,-0.00056360000000000004,-0.00073000000000000007,0.00050020000000000002,0.00047400000000000003,-0.0009546,0.0018595999999999999,0.0029820000000000003,-0.0029803999999999998,0.006901,-0.0019152000000000001,-0.0015387999999999999,-0.00048019999999999996,-0.0010036000000000001,0.0028815999999999998,-0.0024329999999999998,-0.0013994000000000001,0.00039819999999999998,-0.0016856,-0.0049241999999999992,0.0025420000000000004,-0.0031994000000000002,0.0011527999999999998,0.0049326000000000005,-7.5800000000000216e-05,0.0027043999999999996,0.0011841999999999998,-0.0026052000000000002,0.0022728000000000006,0.0011524,0.00090440000000000008,0.0028891999999999998,-0.003437,0.0011367999999999999,-0.001291,-0.0075850000000000015,0.0064866000000000004,-0.0044124000000000003,0.0082516000000000013,-0.0020062000000000001,0.0007492,-0.00020120000000000007,-6.27999999999999e-05,-0.0015472000000000001,0.00088919999999999993,-0.0019793999999999996,0.00051940000000000005,-0.00036320000000000005,0.00086459999999999998,-0.00075619999999999984,-3.4600000000000001e-05,0.00016439999999999998,-0.00090779999999999995,2.7000000000000006e-05,-0.00012979999999999998,0.00089100000000000008,0.00018360000000000002,0.0001496,-0.00068300000000000001,-0.00064459999999999995,-0.0021733999999999998,-0.00046580000000000005,-0.00058139999999999993,0.0026784000000000005,0.00098879999999999997,-0.0021095999999999997,0.00055400000000000002,0.00034000000000000002,0.00077399999999999995,0.00022060000000000005,0.00085339999999999982,-0.00069280000000000014,-5.7199999999999981e-05,-0.00090719999999999993,0.0034256,-0.0023912,0.0010064,-0.00026719999999999999,-0.000767,-0.0030747999999999999,0.0011776000000000002,0.00015639999999999995,0.0008742,-0.0001802000000000001,0.0013086,0.0020762000000000003,-0.0021513999999999999,0.0017895999999999999,0.0013168000000000001,-0.00086799999999999996,2.0800000000000072e-05,0.0041285999999999996,-0.0013466000000000001,0.00090019999999999998,-0.00034479999999999992,-0.0013162,-9.6599999999999963e-05,0.0010868000000000004,-0.00036779999999999994,0.0010090000000000001,0.00032440000000000008,0.0014197999999999999,-0.0026740000000000002,-0.0035494000000000003,0.0036058000000000002,-0.0020668000000000001,-0.0026937999999999997,0.0079178000000000009,0.0020898000000000002,-0.0011724000000000001,-0.0010840000000000001,-0.001284,0.00057980000000000011,-0.00045879999999999966,0.0008964
aug_between_class_right_pair0020_child03,Healthy,0,0,Augmented,0,0,0,0,0,0.31287679999999995,1.9003267000000001,5.2939559203393771e-23,-2.9999999999999993e-07,0,1.0143769999999999,4.1359030627651384e-25,0.042917799999999999,-0.14416329999999999,0.0369653,0.098414299999999996,-0.086295200000000002,0.076501799999999995,0.010529499999999999,-4.6000000000000034e-06,-0.037643900000000001,-0.085526500000000005,0.32486329999999997,-0.081957600000000005,-0.044452500000000006,0.091823099999999991,0.0186856,-0.020538500000000001,-0.0078869999999999999,-0.057991499999999994,0.029696299999999998,0.045085,-0.049043999999999997,0.0096965999999999997,-0.088697700000000004,0.0184514,0.050613199999999997,-0.015641099999999998,0.0038788999999999994,0.023486399999999998,-0.060011099999999998,0.037105200000000005,-0.050735300000000004,-0.079798599999999997,0.1330769,-0.040857899999999996,0.21044270000000001,-0.055095699999999997,0.012974899999999999,-0.0005690999999999999,-0.0090892999999999998,-0.0067265999999999992,0.0020506999999999999,0.037746799999999997,-0.0068430999999999995,-0.0097877999999999993,-0.0137518,-0.028654800000000001,0.014687200000000001,0.035732299999999995,0.018494099999999999,0.0213736,-0.0037723999999999995,-0.019232799999999998,0.0143266,-0.044811200000000002,-0.0041426999999999992,0.014602500000000001,-0.0073262999999999991,0.043972399999999995,-0.092825600000000008,-0.015635799999999998,-0.033576299999999996,-0.032763899999999999,0.0028581000000000006,0.0014690999999999999,0.0017405000000000001,0.017712599999999998,0.0053524999999999996,0.0029625999999999997,-0.0026220000000000002,0.0080304999999999994,0.0017853000000000001,-0.0023930000000000002,0.00064750000000000007,0.0016649000000000004,-0.021360400000000002,0.0017992000000000001,0.012785999999999999,0.00064050000000000044,-0.0034013999999999997,-0.0212602,0.0249032,-0.0249143,-0.0077191999999999998,-0.010168299999999998,-0.0012756000000000004,-0.0050980000000000001,-0.0083262000000000006,-0.014354699999999998,0.0144919,-0.0212023,-0.019755099999999998,0.042454400000000003,-0.0019975999999999995,0.0309754,-0.0063387000000000001,-0.0014238000000000002,-0.0010371,-0.0022773999999999997,-0.012080799999999999,0.010714399999999999,-0.0048835000000000007,-0.0079848999999999996,-0.00031730000000000007,0.0066813999999999997,-0.0048479999999999999,-0.0028125000000000003,0.0021334000000000006,0.0166047,0.0031738000000000001,0.0016724999999999999,0.012254299999999999,-0.0092954999999999999,0.0084434999999999996,-0.0087146999999999988,0.012459400000000001,-0.0055484000000000002,-0.0093258999999999998,0.012522200000000001,-0.0060892999999999997,-0.0041141000000000016,-0.0019447000000000006,-0.0039183999999999998,0.0061407000000000007,0.0054803999999999999,0.0063201999999999998,0.0012312999999999996,-0.0153131,0.0031367000000000001,-0.011872600000000001,-0.0200193,0.0028231999999999997,-0.0083555999999999995,-0.0072457999999999993,0.013907399999999997,-0.0091362000000000006,-0.0017137999999999999,0.00083909999999999996,0.0012208,0.0014824,0.0034721999999999999,0.0014214999999999996,0.0014158,-0.0013551000000000001,0.0021104000000000001,0.0042249999999999996,0.0058065,-0.00019419999999999984,0.00052529999999999981,-0.0030711000000000002,-0.00049909999999999983,-0.0011462,-0.00066699999999999995,-0.0110116,-0.0027996000000000002,0.011146699999999999,0.0024821999999999999,-0.00047089999999999985,0.0012342000000000004,-0.0042449999999999988,-0.0115047,-0.0032672000000000001,-0.011038399999999999,0.0016884000000000001,0.0070269000000000009,0.0064286000000000005,0.0082649999999999998,-0.0057302000000000004,-0.0019335999999999991,0.0083350999999999998,0.0051854000000000006,-0.0013088000000000002,0.0121799,-0.0118599,0.005629799999999999,-0.0057697000000000009,-0.0044267000000000004,0.0036385000000000002,-0.010256600000000001,-0.0011803999999999981,0.0021469999999999996,-0.00048210000000000006,0.0014086000000000001,-0.0054523999999999996,-0.0018831,0.0020356999999999997,0.0017556,0.00013790000000000005,-0.0037004,-0.0020172999999999996,0.0026242000000000001,-0.00059719999999999977,0.0025259000000000002,0.00094990000000000016,-0.00059859999999999991,0.0040455999999999999,0.00098899999999999986,0.00060769999999999976,-0.0016440000000000001,-0.0039865999999999999,-0.0011908000000000001,0.0013163000000000001,-0.0041503,-0.0032188,0.0053304999999999993,0.0029954000000000001,-0.0013374999999999999,-0.00040119999999999978,0.0067681,-0.0015461999999999997,0.0040067999999999996,0.00084170000000000002,-0.0047082999999999995,-0.0020958000000000001,0.00053370000000000023,0.011952099999999998,-0.0089764000000000007,0.0001035999999999997,0.0025259999999999996,3.1799999999999797e-05,-0.0093643999999999984,0.0068486999999999992,-0.0012370999999999994,0.0015988,0.0027768000000000003,0.0045760999999999996,0.011610099999999998,-0.010947399999999999,-0.0003152999999999997,-0.00031050000000000175,-0.0071204999999999992,-0.0031900999999999995,0.0035396,-0.0020252,0.00018639999999999998,0.0011895999999999996,-0.0030999999999999999,-0.0028919999999999996,-0.00067490000000000009,-0.0024429,-0.0012631000000000001,-0.0030718,-0.0028644,0.00055810000000000018,-0.0001172,0.0010252999999999998,-0.0015011,0.00051170000000000002,-0.003385,0.0045269999999999998,-0.0026633999999999998,-0.0006029999999999998,0.0024091,1.01000000000003e-05,0.0010413000000000002,-0.0051253000000000002,-0.00030699999999999998,0.0021717999999999998,-0.0051925000000000001,0.0017412,0.0030737999999999998,0.0011713000000000001,0.0048768000000000006,-0.00080159999999999986,-0.0001879999999999998,-0.0036297999999999999,-0.0022456999999999998,0.0066931000000000004,0.0045584999999999992,-0.0010426999999999999,0.0062476999999999993,0.0035759999999999998,-0.0041209000000000003,0.0024643,-0.0038387999999999999,0.0018251000000000005,-0.0021708000000000001,0.004722399999999999,-0.006313199999999998,0.0055209999999999999,-0.0053079999999999985,-0.0020579999999999999,-0.0051024999999999994,-0.0033435999999999995,0.009275799999999999,0.0063589999999999992,0.0061968000000000006,-0.011683399999999998,0.0031652,-0.0016226000000000001,0.00031480000000000001,0.0015021999999999998,4.5400000000000128e-05,4.0900000000000018e-05,0.00022369999999999996,0.0008051,0.0023952999999999999,-0.00078370000000000002,0.0027079000000000001,-0.0004446999999999998,0.00080940000000000005,0.00019030000000000002,0.00075009999999999996,0.00038629999999999985,-0.0014784999999999998,0.00095869999999999983,0.0012461,0.00049790000000000001,0.00057579999999999979,-0.00059980000000000005,-0.0013192,-0.0037778999999999998,-0.0011327000000000002,-0.0016795,0.0028931999999999999,0.00040279999999999992,0.0005137999999999998,0.0002139,-0.0027666999999999995,-0.0022436000000000001,0.0014211999999999996,-0.0033046,-0.0002898,-0.00096080000000000004,-0.0032358999999999999,0.0012561,0.0027165000000000002,-0.0042249000000000002,-0.00027860000000000005,0.0022956999999999999,0.0022631000000000001,0.0018722999999999999,-0.00011899999999999999,0.0054161000000000001,0.0034873000000000005,-0.0022779999999999996,0.00079900000000000001,0.00057910000000000014,-0.0051622000000000005,0.0027897999999999998,0.0017202000000000001,-0.0025414000000000001,0.0030826,-0.00012880000000000031,-0.0018081999999999998,-0.00063750000000000005,-0.001129,0.0043407000000000003,-9.3600000000000107e-05,-0.0048195,0.012028299999999999,-0.0039664999999999995,0.00039970000000000007,0.00084259999999999999,0.0013231,0.0014327000000000003,-0.00022020000000000001,0.00088979999999999994,-0.00076409999999999987,-0.00044189999999999995,-0.00090790000000000011,-0.00059139999999999985,0.0018488999999999999,-0.00050649999999999979,0.0013678999999999998,0.00086370000000000001,0.00083670000000000001,-0.0041745999999999997,0.0014580000000000001,-0.0019088,0.0022061999999999997,0.0003704,0.00026030000000000004,-0.00039229999999999983,0.0025425000000000001,-0.0019247000000000001,0.00023220000000000011,0.00014929999999999997,-0.0025203999999999995,0.0034256,-0.00023940000000000002,0.0016144,-0.00050140000000000004,-0.00076400000000000003,0.00030679999999999998,0.00035999999999999997,-0.00071689999999999981,0.0018263999999999997,0.0029940000000000001,-0.0032215999999999994,0.0065649999999999997,-0.0016142999999999999,-0.0016402000000000001,-0.00067430000000000018,-0.00082439999999999987,0.0028704000000000004,-0.002467,-0.0013931,0.00026679999999999998,-0.0014663999999999994,-0.0049372999999999995,0.0023500000000000001,-0.0031866000000000004,0.0012596999999999999,0.0048579000000000001,-0.00021220000000000028,0.0023595999999999995,0.0010767999999999999,-0.0021588000000000002,0.0020466999999999998,0.0014226000000000002,0.0009480999999999999,0.0033473000000000001,-0.0037165000000000002,0.0011272000000000001,-0.0014574999999999998,-0.0071310000000000002,0.0063118999999999988,-0.0044060999999999996,0.0077388999999999999,-0.0018167999999999999,0.00061429999999999992,-0.00028230000000000003,2.4300000000000103e-05,-0.0013618,0.00099780000000000008,-0.0017270999999999999,0.00060109999999999992,-0.00043480000000000005,0.00084439999999999992,-0.00063229999999999992,-8.6899999999999998e-05,2.8600000000000153e-05,-0.00072319999999999991,-0.00019450000000000001,6.9800000000000016e-05,0.00080199999999999998,3.0899999999999965e-05,0.00031540000000000008,-0.00066799999999999997,-0.00067939999999999993,-0.0022540999999999998,-0.00030769999999999994,-0.00052010000000000001,0.0027726000000000001,0.00080219999999999998,-0.0020818999999999998,0.00060300000000000002,0.00036400000000000001,0.00078399999999999987,-0.00013910000000000029,0.00072159999999999987,-0.0009012,0.00011870000000000001,-0.0010878000000000001,0.0032388999999999994,-0.0020268,0.0010865999999999998,-0.00021330000000000001,-0.00070999999999999991,-0.0028297000000000001,0.00066290000000000023,0.00010359999999999986,0.00065879999999999997,-3.3299999999999996e-05,0.0011318999999999999,0.0019883000000000001,-0.0024311000000000003,0.0014598999999999997,0.0010152,-0.0011050000000000001,-0.00015079999999999995,0.0042783999999999999,-0.0013384,0.00068130000000000003,-8.7699999999999909e-05,-0.0014672999999999999,-0.00021389999999999994,0.00071569999999999989,-6.6999999999999613e-06,0.0011785000000000001,0.00040709999999999997,0.0012826999999999999,-0.0021185000000000002,-0.0037511000000000003,0.0031771999999999998,-0.0024762,-0.0024841999999999998,0.0076172000000000002,0.0020666999999999999,-0.00059610000000000002,-0.0010090000000000001,-0.001005,0.00043819999999999992,-0.00041070000000000039,0.00099109999999999997
aug_between_class_right_pair0020_child04,Healthy,0,0,Augmented,0,0,0,0,0,0.30642239999999998,1.8862526000000002,0,-3.9999999999999993e-07,0,0.99591199999999991,0,0.044275399999999999,-0.14334540000000001,0.0388784,0.0993594,-0.086542599999999997,0.072889399999999993,0.010971000000000002,0.00037919999999999968,-0.033435199999999998,-0.089528999999999997,0.33220139999999998,-0.084635799999999997,-0.035595999999999996,0.093818799999999994,0.013889799999999997,-0.021151,-0.0081250000000000003,-0.055671999999999999,0.0300034,0.045961000000000002,-0.047324999999999999,0.010337799999999999,-0.087762599999999996,0.019715199999999999,0.051442599999999998,-0.014847799999999998,0.0036651999999999987,0.024953200000000002,-0.0607568,0.038373600000000001,-0.0485984,-0.077455799999999991,0.13211719999999999,-0.040610199999999999,0.20806259999999999,-0.055396599999999997,0.0132642,-0.0010328,-0.0089484000000000005,-0.0072917999999999993,0.0020615999999999998,0.036208399999999995,-0.0066808000000000006,-0.0091523999999999998,-0.0135684,-0.028804400000000001,0.014259600000000001,0.034787399999999996,0.017924800000000001,0.0198798,-0.0045442,-0.0192874,0.0131298,-0.043288600000000003,-0.0054476000000000004,0.014374999999999999,-0.0043523999999999993,0.045004199999999994,-0.08875580000000001,-0.014003399999999999,-0.033096399999999998,-0.033313200000000001,0.0032228000000000005,0.0011898,0.001634,0.017529799999999998,0.0050759999999999998,0.0030857999999999997,-0.0026859999999999992,0.0083379999999999999,0.0022983999999999999,-0.0017460000000000004,0.0006029999999999998,0.0012342000000000004,-0.022014200000000001,0.0019026000000000002,0.012857,0.0010290000000000004,-0.0036301999999999992,-0.0212146,0.025355599999999999,-0.025114400000000002,-0.0075215999999999998,-0.010703399999999998,-0.0019338000000000003,-0.0052069999999999998,-0.0084436000000000008,-0.014391599999999999,0.0148562,-0.019920400000000001,-0.019450800000000004,0.041082200000000006,-0.0020638000000000002,0.031089200000000004,-0.0041965999999999991,-0.00016739999999999941,-0.0011188000000000001,-0.0022841999999999997,-0.0122174,0.0103132,-0.0050860000000000002,-0.0080061999999999998,-0.00022239999999999998,0.0068052,-0.0050080000000000003,-0.0029840000000000001,0.0024381999999999997,0.015643600000000001,0.0031183999999999999,0.002539,0.0121254,-0.0086660000000000001,0.0082310000000000005,-0.0086535999999999991,0.0129172,-0.0056652000000000004,-0.0089861999999999997,0.0119156,-0.0059514000000000008,-0.0033738000000000015,-0.00055360000000000131,-0.0030841999999999996,0.0057515999999999999,0.0049052000000000002,0.0051306000000000008,0.0010924000000000001,-0.0156898,0.0043645999999999997,-0.0103798,-0.019986400000000001,0.0019266000000000003,-0.0087497999999999986,-0.0064693999999999993,0.013377200000000001,-0.0099246000000000004,-0.0018544,0.00085880000000000006,0.0017054000000000004,0.0017692000000000001,0.0036426000000000002,0.00066699999999999962,0.0016444000000000003,-0.0014978000000000001,0.0021572000000000002,0.004241,0.0057200000000000003,-0.00035260000000000022,0.00033139999999999987,-0.0034678,-0.00030079999999999994,-0.0016116000000000001,-0.00049299999999999995,-0.0108378,-0.0027698000000000002,0.011054600000000001,0.0021695999999999998,4.0800000000000301e-05,0.001250600000000001,-0.0047879999999999989,-0.011430599999999999,-0.0032856000000000001,-0.0104522,0.0016652000000000001,0.0063861999999999999,0.0059297999999999998,0.0076399999999999992,-0.0060606000000000002,-0.0017217999999999992,0.0081717999999999999,0.0053842000000000004,-0.0012974000000000002,0.013070200000000001,-0.011566199999999999,0.0044033999999999992,-0.0062116000000000003,-0.0042376000000000002,0.0036249999999999998,-0.0101478,0.00010680000000000238,0.001923,-0.00046579999999999994,0.0012467999999999999,-0.0051982,-0.0014627999999999998,0.0020566,0.0018188000000000002,0.00030220000000000008,-0.0038241999999999998,-0.0018173999999999996,0.0025716000000000003,-0.00041859999999999966,0.0022592000000000003,0.0012681999999999997,-0.00087579999999999971,0.0036807999999999993,0.00093699999999999979,6.9599999999999903e-05,-0.0017920000000000002,-0.0040948,-0.0010184,0.0010374,-0.0041043999999999994,-0.0033544,0.0059670000000000001,0.0024281999999999997,-0.0015640000000000001,-0.0005445999999999999,0.0063607999999999998,-0.0015336,0.0030773999999999997,0.00074660000000000004,-0.0047493999999999991,-0.0024004,0.00097160000000000031,0.011754799999999999,-0.0094482000000000021,0.00032380000000000039,0.0023519999999999999,2.5399999999999642e-05,-0.0091611999999999996,0.0066095999999999993,-0.0012237999999999995,0.0014043999999999999,0.0024984,0.0040777999999999995,0.010099799999999999,-0.011202199999999999,0.00022860000000000024,-0.00033299999999999996,-0.0067819999999999998,-0.0028797999999999996,0.0033557999999999999,-0.0020596,0.00021720000000000002,0.0012308,-0.0030270000000000002,-0.0031260000000000003,-0.00082420000000000008,-0.0023712000000000004,-0.0011478,-0.0029813999999999999,-0.0026642000000000002,0.00058280000000000007,-0.00013459999999999999,0.00094739999999999993,-0.0016358000000000002,0.00044959999999999998,-0.0031870000000000002,0.0042209999999999999,-0.0028112000000000002,-0.00068800000000000003,0.0022968000000000003,0.00018879999999999993,0.00065839999999999996,-0.0051484,-0.00045200000000000014,0.0022094000000000003,-0.0049049999999999996,0.0015516000000000002,0.0032314000000000002,0.0010034,0.0050704000000000001,-0.00069979999999999988,-0.00049800000000000018,-0.0040163999999999998,-0.0024206000000000002,0.0069088000000000005,0.0042880000000000001,-0.00055060000000000005,0.0058665999999999996,0.0035539999999999999,-0.0042101999999999999,0.0019633999999999997,-0.0036543999999999999,0.0018478000000000001,-0.0018864000000000001,0.0037731999999999991,-0.005705599999999999,0.0053409999999999994,-0.0043929999999999985,-0.0015370000000000004,-0.0055570000000000003,-0.0031218000000000001,0.0098543999999999993,0.005378,0.0064634000000000011,-0.012040199999999999,0.0033946000000000002,-0.0016788,0.00035839999999999998,0.0013935999999999998,0.00023919999999999996,2.0200000000000003e-05,0.0004326,0.00085979999999999997,0.0024004,-0.00053459999999999998,0.0024922,-0.00031559999999999997,0.0005392000000000001,0.00032740000000000015,0.00081280000000000002,0.00057240000000000004,-0.0013609999999999998,0.0011695999999999998,0.0013238,0.00047320000000000001,0.00083440000000000033,-0.00066540000000000002,-0.0009046000000000003,-0.0037771999999999997,-0.00082060000000000011,-0.0019010000000000001,0.0027956000000000005,-2.7600000000000237e-05,0.00035240000000000011,0.00038020000000000008,-0.0028805999999999997,-0.0018037999999999999,0.0014976000000000004,-0.0033538000000000001,-0.00032140000000000011,-0.00068439999999999994,-0.0031072000000000001,0.0010897999999999999,0.0027599999999999999,-0.0039112000000000001,-0.00054980000000000003,0.0023476,0.0021568000000000004,0.0020504,-0.00024499999999999999,0.0053988000000000005,0.0031243999999999998,-0.0018359999999999995,0.0010010000000000002,0.00019080000000000008,-0.0046886000000000002,0.0032453999999999998,0.0019226,-0.0023242000000000002,0.0028178000000000001,-0.0002274,-0.0015495999999999999,-0.00094600000000000001,-0.0012410000000000003,0.0044155999999999996,-3.4800000000000195e-05,-0.0040849999999999992,0.011654399999999999,-0.0036949999999999995,0.00030160000000000012,0.00076579999999999986,0.0011998,0.0012746000000000001,-0.00017760000000000001,0.0007453999999999999,-0.00064379999999999993,-0.00040920000000000008,-0.0010902000000000002,-0.00037219999999999999,0.0019822000000000004,-0.00016899999999999983,0.0013921999999999999,0.0010226,0.0006515999999999999,-0.0041278,0.001431,-0.0019774000000000003,0.0019026,0.00040519999999999998,0.0005574,-0.00025540000000000014,0.0024130000000000002,-0.0018906000000000001,0.00050259999999999997,0.00021039999999999994,-0.0027922000000000003,0.0033347999999999997,-7.7200000000000088e-05,0.0016462,-0.0004392,-0.0007980000000000001,0.00011339999999999994,0.00024599999999999991,-0.00047919999999999983,0.0017932,0.003006,-0.0034627999999999998,0.0062289999999999993,-0.0013133999999999999,-0.0017416,-0.00086840000000000007,-0.00064519999999999996,0.0028592000000000001,-0.0025009999999999998,-0.0013868000000000001,0.00013539999999999998,-0.0012471999999999997,-0.0049503999999999989,0.0021580000000000002,-0.0031738000000000001,0.0013665999999999999,0.0047831999999999996,-0.00034860000000000023,0.0020147999999999998,0.00096939999999999993,-0.0017123999999999998,0.0018206000000000001,0.0016927999999999999,0.00099179999999999993,0.0038053999999999996,-0.0039960000000000004,0.0011175999999999998,-0.001624,-0.0066769999999999998,0.0061371999999999989,-0.0043998000000000006,0.0072262000000000003,-0.0016274,0.00047939999999999989,-0.0003634,0.0001114,-0.0011764,0.0011064,-0.0014748000000000001,0.00068280000000000001,-0.00050640000000000006,0.00082419999999999998,-0.0005084,-0.0001392,-0.00010720000000000011,-0.00053859999999999997,-0.00041600000000000008,0.00026939999999999999,0.00071300000000000009,-0.00012180000000000007,0.0004812000000000001,-0.00065299999999999993,-0.0007141999999999999,-0.0023347999999999997,-0.00014959999999999992,-0.00045879999999999998,0.0028668000000000005,0.00061559999999999989,-0.0020541999999999999,0.00065200000000000002,0.000388,0.00079399999999999989,-0.0004988000000000002,0.00058979999999999992,-0.0011096000000000001,0.00029459999999999995,-0.0012684,0.0030521999999999997,-0.0016623999999999999,0.0011668,-0.0001594,-0.00065299999999999993,-0.0025845999999999998,0.00014820000000000019,5.0799999999999988e-05,0.00044339999999999999,0.00011359999999999997,0.00095520000000000002,0.0019004,-0.0027108000000000002,0.0011301999999999994,0.0007136,-0.0013420000000000001,-0.00032240000000000003,0.0044282000000000002,-0.0013302000000000001,0.00046239999999999996,0.0001694,-0.0016183999999999999,-0.00033119999999999992,0.00034460000000000003,0.00035440000000000016,0.001348,0.00048980000000000009,0.0011455999999999999,-0.0015630000000000002,-0.0039528000000000002,0.0027485999999999999,-0.0028856000000000003,-0.0022746000000000003,0.0073166000000000004,0.0020436,-1.9799999999999939e-05,-0.00093399999999999993,-0.00072599999999999997,0.00029659999999999995,-0.00036259999999999981,0.0010858
aug_between_class_right_pair0020_child05,TLE,1,1,Augmented,0,0,0,0,0,0.29351359999999999,1.8581044000000002,0,-5.9999999999999997e-07,0,0.958982,0,0.0469906,-0.14170959999999999,0.042704599999999995,0.1012496,-0.087037400000000001,0.065664600000000004,0.011854000000000002,0.0011468000000000003,-0.025017800000000003,-0.09753400000000001,0.34687760000000001,-0.089992200000000008,-0.017883000000000003,0.0978102,0.0042982000000000003,-0.022376,-0.008601000000000001,-0.051032999999999995,0.030617599999999998,0.047712999999999998,-0.043887000000000002,0.011620199999999999,-0.085892400000000008,0.0222428,0.0531014,-0.013261200000000001,0.0032378000000000007,0.027886800000000003,-0.062248199999999997,0.0409104,-0.044324600000000006,-0.072770199999999993,0.1301978,-0.040114799999999999,0.20330239999999999,-0.055998400000000004,0.013842799999999999,-0.0019601999999999996,-0.0086666,-0.0084221999999999995,0.0020834,0.033131599999999997,-0.0063562000000000002,-0.0078816000000000008,-0.013201600000000001,-0.0291036,0.0134044,0.032897599999999999,0.016786200000000001,0.0168922,-0.0060878000000000008,-0.0193966,0.010736200000000001,-0.040243399999999999,-0.0080573999999999993,0.01392,0.001595399999999999,0.047067799999999993,-0.080616199999999999,-0.010738600000000001,-0.032136600000000001,-0.034411800000000006,0.0039522000000000003,0.00063120000000000016,0.001421,0.017164200000000001,0.0045230000000000001,0.0033322,-0.0028139999999999988,0.0089529999999999992,0.0033245999999999992,-0.00045200000000000058,0.0005139999999999997,0.00037280000000000039,-0.0233218,0.0021094,0.012999,0.0018060000000000003,-0.0040877999999999999,-0.021123400000000001,0.0262604,-0.025514599999999998,-0.0071263999999999997,-0.011773599999999999,-0.0032502000000000004,-0.0054249999999999993,-0.0086783999999999993,-0.014465399999999998,0.015584799999999999,-0.0173566,-0.018842199999999996,0.038337800000000005,-0.0021961999999999997,0.031316800000000006,8.7600000000000178e-05,0.0023453999999999997,-0.0012822000000000003,-0.0022978,-0.012490600000000001,0.0095107999999999998,-0.0054910000000000002,-0.0080488000000000001,-3.2600000000000033e-05,0.0070527999999999997,-0.0053280000000000003,-0.0033270000000000001,0.0030477999999999998,0.0137214,0.0030076,0.0042719999999999998,0.011867599999999999,-0.0074070000000000004,0.0078060000000000004,-0.0085313999999999997,0.013832800000000001,-0.0058988000000000001,-0.0083067999999999996,0.010702400000000001,-0.0056756000000000003,-0.0018932000000000011,0.002228599999999999,-0.0014158,0.0049734000000000002,0.0037548000000000004,0.0027514000000000011,0.00081459999999999974,-0.016443200000000002,0.0068204000000000008,-0.0073942000000000018,-0.019920600000000004,0.0001334000000000001,-0.0095382000000000002,-0.0049165999999999993,0.012316799999999999,-0.011501399999999998,-0.0021355999999999997,0.00089819999999999982,0.0026746000000000001,0.0023427999999999999,0.0039833999999999998,-0.00084199999999999965,0.0021016000000000003,-0.0017832,0.0022507999999999998,0.0042730000000000008,0.0055470000000000007,-0.00066940000000000012,-5.6399999999999921e-05,-0.0042611999999999997,9.5800000000000052e-05,-0.0025424000000000002,-0.00014499999999999995,-0.0104902,-0.0027101999999999998,0.010870399999999999,0.0015444,0.0010642,0.0012834000000000005,-0.005873999999999999,-0.0112824,-0.0033224000000000001,-0.0092797999999999995,0.0016188000000000001,0.0051047999999999996,0.0049322000000000012,0.0063899999999999998,-0.0067213999999999998,-0.0012981999999999996,0.0078452000000000001,0.0057818000000000001,-0.0012746000000000003,0.014850800000000001,-0.0109788,0.0019506000000000003,-0.0070953999999999991,-0.0038594000000000002,0.0035979999999999996,-0.0099302000000000001,0.0026812000000000008,0.001475,-0.00043320000000000012,0.00092320000000000011,-0.0046898,-0.00062220000000000005,0.0020984000000000003,0.0019451999999999998,0.00063080000000000015,-0.0040718000000000004,-0.0014175999999999995,0.0024664000000000001,-6.1399999999999866e-05,0.0017257999999999998,0.0019047999999999999,-0.0014302,0.0029511999999999997,0.00083299999999999986,-0.0010066000000000001,-0.002088,-0.0043111999999999994,-0.00067360000000000033,0.00047960000000000017,-0.0040125999999999998,-0.0036255999999999997,0.0072399999999999982,0.0012938000000000003,-0.0020169999999999997,-0.00083139999999999972,0.0055462000000000003,-0.0015084,0.0012186000000000005,0.00055639999999999986,-0.0048315999999999993,-0.0030095999999999999,0.0018474000000000001,0.011360200000000001,-0.0103918,0.00076420000000000004,0.0020039999999999997,1.2599999999999764e-05,-0.0087548000000000001,0.0061314000000000004,-0.0011971999999999996,0.0010156000000000002,0.0019416000000000001,0.0030812000000000001,0.0070792000000000008,-0.0117118,0.0013164000000000001,-0.00037799999999999986,-0.0061049999999999993,-0.0022592000000000003,0.0029881999999999999,-0.0021283999999999999,0.0002788,0.0013132000000000003,-0.0028810000000000003,-0.003594,-0.0011228,-0.0022278000000000003,-0.00091720000000000007,-0.0028006000000000003,-0.0022638000000000003,0.00063219999999999986,-0.00016939999999999997,0.00079159999999999994,-0.0019052000000000001,0.0003254000000000001,-0.0027910000000000005,0.0036090000000000002,-0.0031067999999999998,-0.00085800000000000004,0.0020722000000000006,0.00054619999999999994,-0.0001073999999999999,-0.0051945999999999997,-0.00074200000000000025,0.0022845999999999999,-0.0043300000000000005,0.0011724000000000001,0.0035466,0.00066760000000000007,0.0054576,-0.00049620000000000003,-0.0011180000000000001,-0.0047895999999999998,-0.0027704000000000001,0.0073401999999999998,0.0037470000000000003,0.00043359999999999981,0.0051044000000000003,0.0035100000000000001,-0.0043888,0.00096159999999999974,-0.0032856000000000001,0.0018932,-0.0013175999999999999,0.0018748000000000003,-0.0044904000000000003,0.0049810000000000002,-0.0025629999999999997,-0.00049500000000000043,-0.0064659999999999995,-0.0026782000000000004,0.0110116,0.0034159999999999998,0.0069966000000000004,-0.012753799999999999,0.0038533999999999999,-0.0017911999999999997,0.00044559999999999993,0.0011764,0.00062679999999999995,-2.1199999999999973e-05,0.00085039999999999985,0.00096920000000000003,0.0024106000000000002,-3.6400000000000017e-05,0.0020608000000000002,-5.7399999999999877e-05,-1.2000000000000292e-06,0.00060159999999999999,0.00093819999999999993,0.00094459999999999987,-0.0011259999999999998,0.0015914,0.0014792,0.0004238,0.0013515999999999999,-0.00079659999999999996,-7.5400000000000315e-05,-0.0037757999999999993,-0.00019640000000000033,-0.0023439999999999997,0.0026004000000000001,-0.00088839999999999991,2.9600000000000069e-05,0.00071279999999999998,-0.0031083999999999999,-0.00092420000000000013,0.0016503999999999994,-0.0034521999999999999,-0.00038459999999999992,-0.00013160000000000011,-0.0028497999999999996,0.00075719999999999997,0.0028470000000000001,-0.0032837999999999999,-0.0010922,0.0024514000000000003,0.0019442000000000001,0.0024066000000000001,-0.00049699999999999994,0.0053641999999999995,0.0023985999999999999,-0.00095199999999999983,0.001405,-0.00058579999999999971,-0.0037413999999999998,0.0041565999999999999,0.0023273999999999999,-0.0018898000000000001,0.0022881999999999998,-0.00042459999999999991,-0.0010324000000000002,-0.0015629999999999997,-0.0014650000000000004,0.0045654000000000007,8.2799999999999844e-05,-0.0026160000000000003,0.010906599999999999,-0.0031519999999999999,0.00010540000000000007,0.00061220000000000003,0.00095320000000000008,0.00095840000000000009,-9.2400000000000023e-05,0.00045660000000000004,-0.00040319999999999999,-0.00034380000000000001,-0.0014548000000000002,6.6200000000000037e-05,0.0022488,0.00050600000000000016,0.0014408000000000001,0.0013403999999999998,0.00028140000000000006,-0.0040341999999999999,0.0013770000000000002,-0.0021146000000000003,0.0012954000000000002,0.00047479999999999994,0.0011516,1.8400000000000014e-05,0.0021540000000000001,-0.0018224000000000001,0.0010434000000000001,0.00033259999999999995,-0.0033357999999999999,0.0031532000000000001,0.00024719999999999994,0.0017098,-0.00031480000000000001,-0.00086600000000000002,-0.00027339999999999982,1.8000000000000045e-05,-3.8000000000000924e-06,0.0017268000000000001,0.0030300000000000001,-0.0039451999999999994,0.0055569999999999994,-0.00071160000000000006,-0.0019444,-0.0012566000000000001,-0.00028680000000000003,0.0028368000000000004,-0.0025690000000000001,-0.0013741999999999999,-0.00012740000000000006,-0.00080879999999999993,-0.0049765999999999994,0.0017740000000000002,-0.0031482000000000003,0.0015803999999999998,0.0046338000000000004,-0.00062140000000000003,0.0013251999999999999,0.00075460000000000002,-0.0008196000000000003,0.0013684000000000003,0.0022331999999999999,0.0010792,0.0047215999999999994,-0.004555,0.0010984,-0.001957,-0.0057689999999999998,0.0057877999999999992,-0.0043872000000000008,0.0062008000000000002,-0.0012486000000000001,0.0002096,-0.00052559999999999977,0.0002856,-0.00080559999999999985,0.0013235999999999999,-0.00097020000000000006,0.00084619999999999997,-0.00064960000000000007,0.00078379999999999997,-0.00026060000000000005,-0.00024379999999999999,-0.00037879999999999999,-0.0001694,-0.00085900000000000006,0.00066859999999999999,0.0005350000000000001,-0.00042719999999999998,0.00081280000000000002,-0.00062300000000000007,-0.00078380000000000008,-0.0024962000000000001,0.00016659999999999993,-0.00033620000000000004,0.0030552000000000005,0.00024239999999999993,-0.0019987999999999998,0.00075000000000000002,0.00043600000000000003,0.00081399999999999984,-0.0012182,0.00032619999999999996,-0.0015264,0.00064639999999999988,-0.0016296000000000001,0.0026787999999999998,-0.00093359999999999992,0.0013271999999999997,-5.1600000000000007e-05,-0.00053899999999999998,-0.0020944000000000002,-0.00088119999999999984,-5.4799999999999977e-05,1.2599999999999981e-05,0.00040739999999999993,0.00060179999999999999,0.0017246000000000002,-0.0032702,0.0004707999999999999,0.00011040000000000003,-0.0018160000000000001,-0.00066559999999999992,0.0047277999999999999,-0.0013138,2.4600000000000056e-05,0.00068360000000000024,-0.0019205999999999997,-0.00056579999999999988,-0.0003975999999999998,0.0010765999999999998,0.0016870000000000001,0.00065519999999999988,0.00087140000000000004,-0.00045199999999999993,-0.0043562000000000002,0.0018914000000000001,-0.0037044000000000005,-0.0018554000000000001,0.0067154000000000007,0.0019973999999999999,0.0011327999999999998,-0.00078400000000000019,-0.00016800000000000002,1.3400000000000109e-05,-0.00026639999999999997,0.0012752
aug_between_class_right_pair0020_child06,TLE,1,1,Augmented,0,0,0,0,0,0.28705919999999996,1.8440303,0,-6.9999999999999986e-07,0,0.94051699999999994,0,0.048348200000000001,-0.14089170000000001,0.044617699999999996,0.1021947,-0.087284799999999996,0.062052200000000002,0.012295499999999999,0.0015305999999999996,-0.020809100000000004,-0.1015365,0.35421570000000002,-0.0926704,-0.009026500000000005,0.099805899999999989,-0.00049759999999999908,-0.022988499999999999,-0.0088389999999999996,-0.0487135,0.030924699999999999,0.048589,-0.042168000000000004,0.012261399999999999,-0.084957299999999999,0.023506599999999996,0.053930800000000001,-0.012467900000000001,0.0030241000000000001,0.029353600000000001,-0.062993899999999992,0.042178799999999995,-0.042187700000000002,-0.070427400000000001,0.12923809999999999,-0.039867099999999996,0.2009223,-0.056299300000000004,0.0141321,-0.0024238999999999997,-0.0085257000000000006,-0.0089873999999999996,0.0020942999999999999,0.031593200000000002,-0.0061939000000000004,-0.0072462000000000004,-0.013018200000000001,-0.0292532,0.0129768,0.031952700000000001,0.016216899999999999,0.0153984,-0.0068596000000000004,-0.019451200000000002,0.0095394000000000017,-0.0387208,-0.0093623000000000005,0.013692500000000002,0.0045692999999999984,0.048099599999999992,-0.076546400000000014,-0.0091062000000000001,-0.031656700000000003,-0.034961100000000002,0.0043169000000000003,0.00035190000000000015,0.0013145000000000001,0.016981400000000001,0.0042465000000000003,0.0034554,-0.0028780000000000003,0.0092604999999999996,0.0038376999999999994,0.00019499999999999899,0.00046949999999999987,-5.7899999999999618e-05,-0.0239756,0.0022128,0.013069999999999998,0.0021945000000000003,-0.0043165999999999994,-0.021077800000000001,0.026712800000000002,-0.0257147,-0.0069287999999999997,-0.012308699999999999,-0.0039083999999999994,-0.0055340000000000007,-0.0087957999999999995,-0.014502299999999999,0.015949100000000001,-0.016074700000000001,-0.018537900000000003,0.036965600000000001,-0.0022623999999999995,0.031430600000000003,0.0022297000000000011,0.0036017999999999992,-0.0013638999999999999,-0.0023046,-0.012627200000000002,0.0091095999999999989,-0.0056935000000000006,-0.0080701000000000002,6.2299999999999834e-05,0.0071766,-0.0054879999999999998,-0.0034984999999999999,0.0033525999999999994,0.0127603,0.0029521999999999999,0.005138499999999999,0.011738699999999999,-0.0067775000000000005,0.0075935000000000013,-0.0084703000000000001,0.014290600000000001,-0.0060156000000000003,-0.0079670999999999995,0.0100958,-0.0055376999999999996,-0.001152900000000001,0.0036196999999999965,-0.00058160000000000026,0.0045843000000000004,0.0031796000000000003,0.0015618000000000012,0.00067570000000000022,-0.016819899999999999,0.0080482999999999996,-0.005901400000000002,-0.019887700000000005,-0.00076319999999999947,-0.0099323999999999992,-0.0041402000000000001,0.0117866,-0.0122898,-0.0022761999999999999,0.00091789999999999992,0.0031591999999999996,0.0026295999999999997,0.0041538,-0.0015964999999999998,0.0023302000000000002,-0.0019258999999999999,0.0022975999999999999,0.0042890000000000003,0.0054605000000000001,-0.0008278000000000005,-0.00025029999999999996,-0.0046578999999999995,0.00029410000000000005,-0.0030077999999999997,2.8999999999999946e-05,-0.0103164,-0.0026803999999999999,0.010778299999999999,0.0012318000000000001,0.0015758999999999999,0.0012998000000000003,-0.0064169999999999991,-0.011208300000000001,-0.0033408000000000001,-0.0086935999999999992,0.0015956,0.0044641000000000004,0.0044334000000000005,0.0057650000000000002,-0.0070517999999999996,-0.0010863999999999997,0.0076818999999999993,0.0059806,-0.0012631999999999999,0.015741100000000001,-0.010685099999999999,0.00072420000000000004,-0.0075372999999999994,-0.0036703,0.0035845,-0.009821400000000001,0.0039684000000000004,0.0012509999999999997,-0.0004169,0.00076140000000000018,-0.0044355999999999996,-0.0002019000000000003,0.0021193000000000002,0.0020084,0.00079509999999999997,-0.0041955999999999999,-0.0012176999999999997,0.0024138000000000002,0.00011719999999999981,0.0014591000000000001,0.0022231,-0.0017074,0.0025864,0.00078100000000000001,-0.0015446999999999998,-0.0022359999999999997,-0.0044193999999999995,-0.00050120000000000026,0.00020070000000000027,-0.0039667000000000001,-0.0037611999999999997,0.0078764999999999998,0.00072660000000000042,-0.0022434999999999998,-0.00097479999999999941,0.0051389000000000009,-0.0014958,0.00028920000000000047,0.00046129999999999999,-0.0048726999999999989,-0.0033141999999999998,0.0022853000000000005,0.0111629,-0.010863599999999999,0.00098440000000000029,0.00183,6.2000000000000423e-06,-0.0085515999999999995,0.0058922999999999996,-0.0011839000000000001,0.00082120000000000001,0.0016632000000000001,0.0025829,0.0055688999999999999,-0.011966599999999999,0.0018602999999999998,-0.00040050000000000068,-0.0057664999999999999,-0.0019488999999999995,0.0028044000000000003,-0.0021627999999999999,0.00030959999999999994,0.0013543999999999997,-0.0028079999999999997,-0.0038279999999999998,-0.0012720999999999998,-0.0021561000000000002,-0.00080190000000000014,-0.0027102000000000003,-0.0020636000000000001,0.00065689999999999976,-0.00018680000000000001,0.00071370000000000005,-0.0020398999999999999,0.00026330000000000006,-0.0025930000000000003,0.0033030000000000004,-0.0032545999999999999,-0.00094299999999999983,0.0019599000000000001,0.00072489999999999989,-0.00049029999999999972,-0.0052176999999999996,-0.00088699999999999998,0.0023222,-0.0040425000000000001,0.00098280000000000004,0.0037042000000000004,0.00049970000000000006,0.0056511999999999995,-0.00039439999999999999,-0.0014279999999999996,-0.0051761999999999997,-0.0029452999999999997,0.0075558999999999999,0.0034764999999999996,0.00092569999999999968,0.0047232999999999997,0.0034880000000000002,-0.0044781000000000005,0.00046070000000000009,-0.0031012000000000001,0.0019159000000000003,-0.0010332,0.00092560000000000016,-0.0038828000000000001,0.0048010000000000006,-0.0016479999999999995,2.5999999999999548e-05,-0.0069204999999999996,-0.0024564000000000001,0.011590199999999998,0.0024350000000000005,0.0072632000000000009,-0.013110599999999998,0.0040827999999999993,-0.0018473999999999999,0.00048919999999999996,0.0010678,0.00082059999999999989,-4.1899999999999988e-05,0.0010592999999999996,0.0010238999999999999,0.0024157000000000002,0.00021269999999999991,0.0018451000000000001,7.1699999999999954e-05,-0.00027139999999999998,0.00073870000000000001,0.0010008999999999999,0.0011306999999999999,-0.0010085000000000001,0.0018022999999999997,0.0015569,0.0003991,0.0016101999999999998,-0.00086220000000000003,0.00033919999999999968,-0.0037750999999999991,0.00011569999999999961,-0.0025654999999999996,0.0025028000000000003,-0.0013188,-0.00013179999999999995,0.00087909999999999996,-0.0032223,-0.00048440000000000028,0.0017267999999999997,-0.0035014,-0.00041620000000000003,0.00014479999999999981,-0.0027210999999999997,0.00059090000000000011,0.0028904999999999998,-0.0029700999999999998,-0.0013633999999999999,0.0025033,0.0018379,0.0025847000000000001,-0.00062299999999999986,0.0053468999999999999,0.0020357000000000001,-0.00050999999999999993,0.0016069999999999999,-0.00097409999999999966,-0.0032678,0.0046122000000000003,0.0025298,-0.0016726000000000002,0.0020234000000000003,-0.00052319999999999992,-0.00077380000000000005,-0.0018714999999999997,-0.0015770000000000003,0.0046403,0.00014159999999999954,-0.0018815000000000004,0.010532699999999999,-0.0028805000000000002,7.3000000000001232e-06,0.0005354,0.00082990000000000006,0.00080030000000000021,-4.9800000000000018e-05,0.0003122,-0.00028290000000000005,-0.00031110000000000003,-0.0016371000000000003,0.00028539999999999994,0.0023821000000000003,0.00084350000000000007,0.0014651000000000002,0.0014992999999999999,9.6300000000000118e-05,-0.0039874000000000003,0.0013500000000000001,-0.0021832000000000002,0.00099180000000000015,0.00050960000000000003,0.0014487,0.00015529999999999993,0.0020244999999999998,-0.0017883,0.0013138000000000002,0.00039369999999999992,-0.0036075999999999999,0.0030623999999999998,0.00040939999999999987,0.0017416,-0.00025260000000000007,-0.00089999999999999998,-0.00046679999999999985,-9.5999999999999948e-05,0.00023389999999999994,0.0016936,0.003042,-0.0041863999999999998,0.0052209999999999999,-0.00041070000000000017,-0.0020458,-0.0014507000000000001,-0.00010760000000000012,0.0028256000000000002,-0.0026029999999999998,-0.0013679,-0.0002588,-0.00058960000000000002,-0.0049896999999999997,0.0015820000000000001,-0.0031354,0.0016872999999999999,0.0045591,-0.0007578000000000001,0.00098039999999999998,0.00064720000000000001,-0.00037320000000000024,0.0011423000000000002,0.0025033999999999998,0.0011229,0.0051796999999999998,-0.0048345000000000003,0.0010888,-0.0021235,-0.0053150000000000003,0.0056130999999999993,-0.0043809000000000001,0.0056881000000000006,-0.0010592000000000002,7.4700000000000054e-05,-0.00060669999999999995,0.0003726999999999999,-0.0006202,0.0014321999999999998,-0.00071790000000000005,0.00092789999999999984,-0.00072119999999999997,0.00076359999999999991,-0.00013670000000000007,-0.00029609999999999999,-0.00051459999999999993,1.5200000000000044e-05,-0.0010804999999999999,0.00086819999999999996,0.00044600000000000005,-0.00057989999999999995,0.00097860000000000004,-0.00060800000000000003,-0.00081860000000000006,-0.0025768999999999996,0.00032469999999999987,-0.00027489999999999996,0.0031494000000000001,5.5799999999999947e-05,-0.0019710999999999999,0.00079900000000000001,0.00045999999999999996,0.00082399999999999986,-0.0015778999999999999,0.00019439999999999995,-0.0017348000000000001,0.0008223000000000002,-0.0018101999999999999,0.0024920999999999997,-0.00056920000000000017,0.0014074000000000001,2.2999999999999475e-06,-0.00048200000000000001,-0.0018492999999999999,-0.0013958999999999994,-0.00010759999999999996,-0.00020279999999999994,0.00055429999999999987,0.00042510000000000009,0.0016367,-0.0035498999999999999,0.00014109999999999996,-0.00019119999999999985,-0.0020529999999999997,-0.00083719999999999986,0.0048776000000000002,-0.0013056000000000001,-0.0001942999999999999,0.00094070000000000015,-0.0020716999999999997,-0.00068309999999999996,-0.00076869999999999977,0.0014376999999999997,0.0018565000000000001,0.00073789999999999988,0.00073430000000000001,0.00010349999999999986,-0.0045579000000000001,0.0014628000000000002,-0.0041137999999999999,-0.0016458000000000002,0.0064148,0.0019743,0.0017091000000000001,-0.00070899999999999999,0.00011099999999999985,-0.00012819999999999992,-0.00021830000000000026,0.0013698999999999999
aug_between_class_right_pair0020_child07,TLE,1,1,Augmented,0,0,0,0,0,0.28060479999999999,1.8299562,-5.2939559203393771e-23,-7.9999999999999996e-07,0,0.92205199999999998,0,0.049705800000000001,-0.1400738,0.046530799999999997,0.1031398,-0.087532199999999991,0.0584398,0.012737000000000002,0.0019144000000000001,-0.016600399999999998,-0.10553900000000001,0.36155379999999998,-0.095348600000000006,-0.00016999999999999481,0.10180159999999999,-0.0052934000000000028,-0.023601,-0.009077,-0.046393999999999998,0.031231799999999997,0.049464999999999995,-0.040448999999999999,0.0129026,-0.084022200000000005,0.024770399999999998,0.054760199999999995,-0.0116746,0.0028104000000000011,0.030820399999999998,-0.063739600000000007,0.043447199999999998,-0.040050800000000004,-0.068084599999999995,0.12827839999999999,-0.039619399999999999,0.1985422,-0.056600200000000003,0.014421399999999999,-0.0028876000000000001,-0.0083848000000000013,-0.0095525999999999996,0.0021051999999999998,0.030054799999999996,-0.0060315999999999998,-0.0066108,-0.0128348,-0.0294028,0.0125492,0.031007799999999999,0.015647600000000001,0.0139046,-0.0076314000000000009,-0.0195058,0.0083425999999999986,-0.037198200000000001,-0.010667200000000002,0.013465,0.0075432000000000016,0.049131399999999992,-0.072476600000000002,-0.0074737999999999992,-0.031176800000000001,-0.035510399999999998,0.0046816000000000002,7.259999999999984e-05,0.0012079999999999999,0.0167986,0.0039699999999999996,0.0035786000000000004,-0.0029420000000000002,0.0095680000000000001,0.0043508000000000002,0.00084199999999999943,0.00042500000000000003,-0.00048860000000000049,-0.024629400000000003,0.0023162,0.013141,0.0025830000000000002,-0.0045453999999999998,-0.021032200000000001,0.0271652,-0.025914800000000002,-0.0067311999999999997,-0.012843799999999999,-0.0045666000000000005,-0.0056430000000000004,-0.0089131999999999996,-0.014539199999999999,0.016313399999999999,-0.0147928,-0.018233599999999996,0.035593399999999997,-0.002328600000000001,0.0315444,0.0043718000000000021,0.0048582000000000009,-0.0014456000000000004,-0.0023113999999999999,-0.0127638,0.0087083999999999998,-0.0058960000000000002,-0.0080913999999999986,0.00015720000000000003,0.0073004000000000003,-0.0056480000000000002,-0.0036700000000000001,0.0036574000000000003,0.011799199999999999,0.0028967999999999997,0.0060049999999999999,0.0116098,-0.0061479999999999998,0.0073810000000000004,-0.0084091999999999986,0.014748400000000002,-0.0061324000000000005,-0.0076274000000000003,0.0094891999999999997,-0.0053997999999999997,-0.00041260000000000038,0.0050107999999999975,0.00025260000000000039,0.0041951999999999996,0.0026044000000000002,0.00037219999999999961,0.00053679999999999982,-0.017196599999999999,0.0092762000000000001,-0.0044085999999999995,-0.019854800000000002,-0.0016597999999999995,-0.0103266,-0.0033637999999999993,0.0112564,-0.013078200000000002,-0.0024168000000000002,0.00093760000000000002,0.0036438000000000004,0.0029164000000000004,0.0043242000000000003,-0.0023510000000000007,0.0025588000000000004,-0.0020686000000000003,0.0023444,0.0043049999999999998,0.0053740000000000003,-0.00098620000000000001,-0.00044420000000000006,-0.0050546000000000002,0.00049240000000000026,-0.0034732000000000001,0.00020300000000000027,-0.0101426,-0.0026505999999999999,0.0106862,0.00091919999999999979,0.0020876000000000002,0.0013162000000000009,-0.0069599999999999992,-0.0111342,-0.0033592000000000001,-0.008107399999999999,0.0015724000000000001,0.0038233999999999998,0.0039345999999999999,0.0051399999999999996,-0.0073822000000000002,-0.00087459999999999947,0.0075185999999999994,0.0061794000000000007,-0.0012518,0.016631400000000001,-0.0103914,-0.00050220000000000082,-0.0079791999999999988,-0.0034811999999999998,0.0035709999999999995,-0.0097126000000000001,0.0052556000000000009,0.0010269999999999995,-0.00040060000000000009,0.00059959999999999994,-0.0041814,0.0002184000000000001,0.0021402000000000001,0.0020716000000000003,0.00095940000000000001,-0.0043194000000000001,-0.0010177999999999997,0.0023611999999999999,0.00029580000000000036,0.0011923999999999999,0.0025414000000000001,-0.0019846,0.0022215999999999994,0.00072899999999999983,-0.0020828000000000001,-0.0023840000000000003,-0.0045275999999999997,-0.00032879999999999997,-7.8200000000000058e-05,-0.0039208000000000003,-0.0038967999999999997,0.0085129999999999997,0.00015940000000000008,-0.00247,-0.0011181999999999995,0.0047315999999999999,-0.0014832000000000001,-0.00064020000000000038,0.0003661999999999999,-0.0049137999999999994,-0.0036188000000000001,0.0027232000000000003,0.010965599999999999,-0.011335400000000002,0.0012046000000000001,0.0016559999999999999,-2.0000000000011328e-07,-0.0083483999999999989,0.0056531999999999997,-0.0011705999999999997,0.00062679999999999984,0.0013848,0.0020845999999999998,0.004058599999999999,-0.012221399999999999,0.0024042000000000004,-0.00042300000000000063,-0.0054279999999999997,-0.0016385999999999996,0.0026205999999999998,-0.0021971999999999998,0.00034040000000000003,0.0013955999999999997,-0.002735,-0.0040620000000000005,-0.0014214,-0.0020844000000000001,-0.00068659999999999999,-0.0026198000000000003,-0.0018634000000000001,0.00068160000000000009,-0.00020420000000000006,0.00063579999999999995,-0.0021746000000000001,0.00020119999999999998,-0.002395,0.0029969999999999997,-0.0034023999999999999,-0.0010280000000000001,0.0018476,0.00090360000000000006,-0.00087320000000000041,-0.0052408000000000003,-0.0010319999999999997,0.0023598,-0.0037550000000000001,0.00079319999999999998,0.0038618000000000003,0.00033179999999999993,0.005844799999999999,-0.0002925999999999999,-0.001738,-0.0055627999999999997,-0.0031202000000000001,0.0077716,0.0032059999999999992,0.0014178000000000001,0.0043421999999999992,0.0034659999999999999,-0.0045674000000000001,-4.0200000000000381e-05,-0.0029167999999999998,0.0019386000000000004,-0.00074879999999999999,-2.3600000000000574e-05,-0.0032751999999999998,0.0046209999999999992,-0.00073299999999999884,0.00054700000000000018,-0.0073749999999999996,-0.0022345999999999998,0.0121688,0.0014539999999999996,0.0075298000000000014,-0.013467399999999999,0.0043122000000000004,-0.0019036000000000001,0.00053280000000000005,0.0009591999999999999,0.0010144000000000002,-6.2600000000000004e-05,0.0012681999999999999,0.0010786000000000001,0.0024208000000000003,0.00046180000000000006,0.0016294,0.00020080000000000011,-0.00054160000000000026,0.00087580000000000004,0.0010636,0.0013168000000000001,-0.00089099999999999987,0.0020132000000000001,0.0016345999999999999,0.00037439999999999999,0.0018688000000000005,-0.0009278,0.0007538,-0.0037743999999999998,0.00042779999999999988,-0.002787,0.0024052000000000001,-0.0017492,-0.00029320000000000008,0.0010454000000000001,-0.0033362000000000001,-4.46e-05,0.0018032,-0.0035506000000000001,-0.00044779999999999993,0.00042120000000000016,-0.0025923999999999995,0.00042459999999999991,0.002934,-0.0026563999999999997,-0.0016345999999999999,0.0025551999999999997,0.0017315999999999998,0.0027627999999999997,-0.00074899999999999988,0.0053296000000000003,0.0016727999999999999,-6.7999999999999484e-05,0.0018090000000000003,-0.0013623999999999999,-0.0027941999999999997,0.0050678000000000008,0.0027321999999999997,-0.0014553999999999999,0.0017585999999999999,-0.00062180000000000004,-0.00051519999999999984,-0.0021800000000000001,-0.0016890000000000004,0.004715200000000001,0.00020039999999999967,-0.0011469999999999991,0.010158799999999999,-0.0026090000000000002,-9.0799999999999984e-05,0.00045859999999999993,0.00070659999999999994,0.00064219999999999989,-7.2000000000000124e-06,0.00016779999999999996,-0.00016259999999999991,-0.00027840000000000005,-0.0018194000000000005,0.00050460000000000012,0.0025154000000000005,0.001181,0.0014894000000000001,0.0016581999999999999,-8.879999999999999e-05,-0.0039406000000000007,0.001323,-0.0022518,0.00068819999999999971,0.00054440000000000001,0.0017458,0.00029220000000000006,0.001895,-0.0017542,0.0015842000000000002,0.00045479999999999994,-0.0038794000000000003,0.0029715999999999996,0.0005715999999999998,0.0017734000000000001,-0.00019040000000000007,-0.00093400000000000015,-0.00066020000000000011,-0.00021000000000000006,0.00047160000000000013,0.0016603999999999998,0.0030540000000000003,-0.0044276000000000003,0.0048849999999999996,-0.00010979999999999985,-0.0021472000000000002,-0.0016448000000000003,7.160000000000006e-05,0.0028143999999999999,-0.002637,-0.0013615999999999999,-0.00039020000000000005,-0.0003703999999999999,-0.0050028,0.00139,-0.0031225999999999997,0.0017941999999999999,0.0044844000000000004,-0.00089420000000000016,0.00063559999999999984,0.00053979999999999989,7.3200000000000153e-05,0.00091619999999999994,0.0027736000000000002,0.0011665999999999998,0.0056378000000000001,-0.0051140000000000005,0.0010791999999999998,-0.0022900000000000004,-0.0048609999999999999,0.0054383999999999995,-0.0043746000000000002,0.0051754000000000001,-0.0008698,-6.0200000000000054e-05,-0.00068779999999999991,0.00045980000000000023,-0.00043479999999999989,0.0015407999999999999,-0.00046559999999999977,0.0010096,-0.00079280000000000008,0.00074339999999999996,-1.2799999999999986e-05,-0.00034840000000000001,-0.00065040000000000009,0.00019980000000000009,-0.0013020000000000002,0.0010677999999999998,0.000357,-0.00073260000000000003,0.0011444000000000003,-0.00059299999999999999,-0.00085340000000000004,-0.0026575999999999995,0.00048280000000000008,-0.00021359999999999988,0.0032436000000000001,-0.00013080000000000025,-0.0019433999999999999,0.00084800000000000001,0.000484,0.00083399999999999989,-0.0019376,6.2599999999999895e-05,-0.0019432000000000004,0.00099820000000000009,-0.0019908,0.0023054,-0.00020479999999999977,0.0014875999999999999,5.6200000000000011e-05,-0.00042499999999999998,-0.0016041999999999999,-0.0019106000000000001,-0.0001604,-0.00041820000000000008,0.00070120000000000013,0.00024839999999999986,0.0015488000000000001,-0.0038295999999999998,-0.0001886000000000003,-0.00049280000000000027,-0.0022900000000000004,-0.0010088,0.0050274000000000004,-0.0012974,-0.00041319999999999985,0.0011978000000000002,-0.0022228,-0.00080040000000000005,-0.0011398000000000001,0.0017987999999999999,0.002026,0.00082059999999999989,0.00059719999999999977,0.00065900000000000008,-0.0047596000000000001,0.0010341999999999997,-0.0045231999999999998,-0.0014362000000000001,0.0061142000000000002,0.0019511999999999999,0.0022854000000000004,-0.00063400000000000001,0.00039000000000000005,-0.00026980000000000005,-0.00017020000000000013,0.0014645999999999999
aug_between_class_right_pair0020_child08,TLE,1,1,Augmented,0,0,0,0,0,0.27415039999999996,1.8158821000000001,0,-8.9999999999999996e-07,0,0.90358699999999992,0,0.051063400000000002,-0.13925590000000002,0.048443899999999998,0.10408489999999999,-0.087779599999999999,0.054827399999999998,0.013178499999999999,0.0022981999999999998,-0.0123917,-0.1095415,0.36889189999999999,-0.098026799999999997,0.0086864999999999998,0.1037973,-0.010089200000000003,-0.024213500000000002,-0.0093150000000000004,-0.044074500000000003,0.031538900000000002,0.050340999999999997,-0.038730000000000001,0.0135438,-0.083087099999999997,0.0260342,0.055589599999999996,-0.0108813,0.0025967000000000004,0.032287199999999995,-0.064485299999999995,0.044715600000000001,-0.0379139,-0.065741800000000003,0.12731870000000001,-0.039371699999999996,0.19616210000000001,-0.056901100000000003,0.0147107,-0.0033512999999999998,-0.0082439000000000002,-0.0101178,0.0021161000000000001,0.028516399999999997,-0.0058693000000000009,-0.0059753999999999996,-0.0126514,-0.0295524,0.0121216,0.0300629,0.015078299999999999,0.0124108,-0.0084032000000000013,-0.019560399999999999,0.0071458000000000008,-0.035675600000000002,-0.011972099999999999,0.013237500000000001,0.010517100000000001,0.050163199999999998,-0.068406800000000004,-0.0058414000000000001,-0.030696899999999999,-0.0360597,0.0050463000000000001,-0.00020670000000000006,0.0011015,0.0166158,0.0036935000000000002,0.0037017999999999999,-0.003006,0.0098754999999999989,0.0048639,0.0014889999999999994,0.0003805000000000002,-0.00091929999999999963,-0.025283200000000002,0.0024196,0.013212000000000002,0.0029715000000000002,-0.0047741999999999993,-0.020986600000000001,0.027617599999999999,-0.026114900000000003,-0.0065335999999999997,-0.013378899999999999,-0.0052247999999999999,-0.0057519999999999984,-0.0090305999999999997,-0.0145761,0.0166777,-0.013510899999999999,-0.017929299999999995,0.0342212,-0.0023947999999999999,0.031658199999999997,0.006513900000000003,0.0061145999999999995,-0.0015273000000000001,-0.0023181999999999999,-0.012900399999999999,0.0083072000000000007,-0.0060984999999999998,-0.0081127000000000005,0.00025209999999999979,0.0074242000000000006,-0.0058080000000000007,-0.0038415000000000003,0.0039621999999999999,0.0108381,0.0028413999999999996,0.0068714999999999991,0.011480899999999999,-0.0055185,0.0071685000000000004,-0.0083480999999999989,0.0152062,-0.0062491999999999999,-0.0072877000000000003,0.0088826000000000009,-0.0052618999999999999,0.00032770000000000021,0.0064018999999999968,0.0010868000000000006,0.0038060999999999998,0.0020292000000000001,-0.00081740000000000024,0.00039789999999999986,-0.0175733,0.010504100000000001,-0.0029157999999999996,-0.019821900000000003,-0.0025564000000000003,-0.010720799999999999,-0.0025873999999999997,0.0107262,-0.0138666,-0.0025574,0.00095730000000000012,0.0041284,0.0032032000000000002,0.0044945999999999996,-0.0031055000000000002,0.0027874000000000006,-0.0022113000000000002,0.0023912,0.0043210000000000002,0.0052875000000000005,-0.0011446000000000004,-0.00063809999999999995,-0.0054513000000000009,0.00069070000000000004,-0.0039386000000000004,0.00037700000000000016,-0.0099687999999999999,-0.0026208,0.010594099999999999,0.00060659999999999967,0.0025993000000000001,0.0013326000000000006,-0.0075029999999999993,-0.0110601,-0.0033776000000000001,-0.0075212000000000005,0.0015492000000000001,0.0031827000000000001,0.003435800000000001,0.0045149999999999999,-0.0077126,-0.00066279999999999963,0.0073552999999999995,0.0063782000000000005,-0.0012404,0.017521699999999998,-0.010097700000000001,-0.0017286000000000001,-0.0084210999999999991,-0.0032921000000000001,0.0035574999999999999,-0.0096037999999999991,0.0065428000000000005,0.00080299999999999968,-0.00038430000000000018,0.00043780000000000002,-0.0039272000000000005,0.00063870000000000029,0.0021611,0.0021348000000000005,0.0011237000000000003,-0.0044431999999999996,-0.00081789999999999966,0.0023086000000000001,0.00047440000000000004,0.0009256999999999999,0.0028597000000000002,-0.0022618,0.0018568,0.00067699999999999998,-0.0026208999999999998,-0.002532,-0.0046357999999999998,-0.0001563999999999999,-0.00035709999999999995,-0.0038748999999999997,-0.0040324000000000002,0.0091494999999999996,-0.00040779999999999983,-0.0026965000000000001,-0.0012615999999999997,0.0043243000000000005,-0.0014705999999999999,-0.0015696000000000004,0.00027110000000000003,-0.0049548999999999991,-0.0039234000000000005,0.0031611000000000005,0.010768300000000001,-0.011807200000000002,0.0014248000000000008,0.0014819999999999998,-6.6000000000002688e-06,-0.0081452,0.0054140999999999998,-0.0011573000000000002,0.00043239999999999994,0.0011064,0.0015862999999999997,0.0025482999999999999,-0.0124762,0.0029480999999999999,-0.00044550000000000058,-0.0050894999999999994,-0.0013282999999999993,0.0024367999999999998,-0.0022315999999999998,0.00037120000000000002,0.0014367999999999996,-0.0026620000000000003,-0.0042960000000000003,-0.0015707,-0.0020127000000000001,-0.00057130000000000006,-0.0025294000000000002,-0.0016632000000000001,0.00070629999999999955,-0.00022160000000000005,0.00055789999999999995,-0.0023093000000000002,0.00013909999999999999,-0.0021969999999999997,0.0026909999999999998,-0.0035501999999999999,-0.0011130000000000001,0.0017353,0.0010823,-0.0012561000000000002,-0.0052639000000000002,-0.0011770000000000003,0.0023974000000000001,-0.0034675000000000001,0.00060359999999999993,0.0040194000000000002,0.00016389999999999992,0.0060383999999999993,-0.00019079999999999998,-0.0020479999999999999,-0.0059493999999999997,-0.0032951,0.007987300000000001,0.0029354999999999997,0.0019099,0.0039611000000000004,0.003444,-0.0046567000000000006,-0.00054110000000000009,-0.0027323999999999998,0.0019613,-0.0004643999999999998,-0.00097280000000000044,-0.0026676,0.0044409999999999996,0.0001820000000000003,0.0010679999999999999,-0.0078294999999999997,-0.0020127999999999999,0.012747399999999999,0.00047299999999999979,0.0077964000000000002,-0.013824199999999998,0.0045415999999999998,-0.0019597999999999998,0.00057640000000000002,0.00085059999999999997,0.0012082,-8.3300000000000019e-05,0.0014770999999999996,0.0011333000000000001,0.0024258999999999999,0.00071089999999999999,0.0014136999999999999,0.00032990000000000005,-0.00081180000000000033,0.0010129000000000002,0.0011263,0.0015028999999999999,-0.00077349999999999988,0.0022241000000000001,0.0017122999999999999,0.00034969999999999999,0.0021273999999999998,-0.00099339999999999997,0.0011684,-0.0037736999999999996,0.00073989999999999993,-0.0030084999999999999,0.0023076000000000004,-0.0021796000000000003,-0.00045460000000000005,0.0012117,-0.0034500999999999998,0.00039520000000000007,0.0018795999999999999,-0.0035997999999999998,-0.00047939999999999983,0.00069760000000000004,-0.0024637000000000001,0.00025829999999999994,0.0029774999999999997,-0.0023426999999999996,-0.0019058000000000002,0.0026071000000000002,0.0016253000000000001,0.0029409000000000002,-0.00087499999999999991,0.0053122999999999998,0.0013098999999999999,0.0003740000000000002,0.0020110000000000002,-0.0017506999999999998,-0.0023205999999999999,0.0055233999999999995,0.0029345999999999999,-0.0012381999999999998,0.0014938000000000002,-0.00072039999999999995,-0.00025659999999999989,-0.0024885000000000003,-0.0018010000000000001,0.0047901000000000003,0.00025920000000000001,-0.00041249999999999967,0.0097848999999999992,-0.0023375000000000002,-0.00018889999999999998,0.00038179999999999996,0.00058329999999999992,0.0004841,3.5399999999999993e-05,2.3400000000000027e-05,-4.2299999999999944e-05,-0.00024569999999999995,-0.0020017000000000004,0.00072380000000000014,0.0026487000000000004,0.0015185000000000005,0.0015137,0.0018171000000000001,-0.0002739000000000001,-0.0038938000000000002,0.0012959999999999998,-0.0023204000000000002,0.00038459999999999992,0.00057919999999999988,0.0020429000000000007,0.00042910000000000002,0.0017655000000000001,-0.0017201,0.0018546000000000003,0.00051590000000000002,-0.0041511999999999999,0.0028807999999999998,0.00073379999999999973,0.0018052000000000001,-0.00012819999999999997,-0.000968,-0.00085360000000000015,-0.00032400000000000007,0.00070929999999999995,0.0016272000000000001,0.0030660000000000001,-0.0046687999999999999,0.0045489999999999992,0.00019110000000000004,-0.0022485999999999999,-0.0018389000000000001,0.00025079999999999997,0.0028031999999999996,-0.0026709999999999998,-0.0013553,-0.0005216000000000001,-0.00015119999999999988,-0.0050158999999999994,0.0011979999999999998,-0.0031098000000000002,0.0019010999999999998,0.0044096999999999999,-0.0010306,0.00029079999999999991,0.00043239999999999994,0.00051959999999999994,0.00069009999999999991,0.0030438000000000002,0.0012102999999999999,0.0060958999999999996,-0.0053935000000000007,0.0010696,-0.0024564999999999999,-0.0044069999999999995,0.0052636999999999996,-0.0043683000000000003,0.0046627000000000005,-0.00068040000000000006,-0.00019510000000000003,-0.00076889999999999966,0.00054690000000000012,-0.00024939999999999988,0.0016494000000000001,-0.00021329999999999993,0.0010913000000000001,-0.00086440000000000009,0.00072319999999999991,0.00011109999999999994,-0.00040070000000000004,-0.00078620000000000003,0.00038439999999999991,-0.0015235000000000001,0.0012674000000000001,0.00026799999999999995,-0.00088530000000000011,0.0013102000000000003,-0.00057800000000000006,-0.00088820000000000023,-0.0027382999999999999,0.0006408999999999998,-0.00015230000000000002,0.0033378000000000001,-0.00031740000000000013,-0.0019157,0.00089700000000000001,0.00050799999999999999,0.00084399999999999992,-0.0022972999999999999,-6.9200000000000042e-05,-0.0021516,0.0011741000000000002,-0.0021713999999999995,0.0021186999999999998,0.00015960000000000019,0.0015678000000000001,0.00011010000000000002,-0.000368,-0.0013590999999999998,-0.0024253000000000005,-0.00021319999999999998,-0.00063360000000000001,0.00084809999999999985,7.1699999999999845e-05,0.0014609,-0.0041092999999999998,-0.00051830000000000018,-0.00079440000000000012,-0.0025269999999999997,-0.0011803999999999999,0.0051772000000000007,-0.0012891999999999999,-0.00063210000000000024,0.0014548999999999999,-0.0023739,-0.00091770000000000013,-0.0015109000000000001,0.0021598999999999998,0.0021955000000000004,0.00090330000000000011,0.00046009999999999996,0.0012145000000000005,-0.0049613000000000001,0.00060559999999999998,-0.0049326000000000005,-0.0012266,0.0058135999999999995,0.0019280999999999999,0.0028617,-0.00055900000000000004,0.00066900000000000011,-0.00041140000000000003,-0.00012209999999999999,0.0015593
aug_between_class_right_pair0021_child01,Healthy,0,0,Augmented,0,0,0,0,0,0.32611640000000003,1.9118519,9.9999999999999995e-07,0,9.0000000000000007e-07,0.98662549999999993,0,0.034459499999999997,-0.1433412,0.037775100000000006,0.067621000000000001,-0.065792799999999999,0.050767800000000002,0.0078521000000000007,0.0120789,-0.038507300000000008,-0.11307680000000001,0.3351537,-0.11296779999999999,0.0094354000000000035,0.1167802,-0.024312500000000004,-0.0203593,-0.015045900000000003,-0.040288600000000001,0.0177538,0.037017500000000002,-0.0593956,0.0084992999999999996,-0.086813600000000005,-0.00079820000000000065,0.038631700000000005,-0.0049352000000000007,0.0096477999999999998,0.043535200000000003,-0.040143699999999997,0.035099399999999996,-0.033451599999999998,-0.084964299999999993,0.0923123,-0.052131799999999992,0.18463480000000002,-0.016436800000000001,0.0086009999999999993,-0.0023600999999999995,0.0061590000000000013,-0.022066800000000001,-0.0019312999999999999,0.033963899999999998,-0.0028430999999999999,-0.014497200000000002,-0.019957599999999999,-0.025353500000000001,0.013441699999999999,0.010571799999999999,0.019062099999999998,0.014131100000000001,-0.0047565000000000003,0.0031892999999999999,0.0115374,-0.039654399999999999,0.00074609999999999998,0.013945000000000001,-0.0113297,0.0308808,-0.079095499999999999,-0.0035659000000000003,-0.024138300000000001,-0.039154300000000003,0.0102176,-0.0032355000000000001,0.0029491000000000005,0.020593799999999999,0.0045783000000000004,0.002166,-0.0098704999999999991,0.0058531,0.0033098000000000003,-0.019940000000000003,0.0087314999999999997,-0.0031150999999999991,-0.022622499999999997,0.0039968,0.0029096,0.0075634000000000005,-0.0080970999999999994,-0.0132768,0.022013399999999999,-0.017194500000000001,-0.0042629999999999994,0.00060690000000000049,-0.0077253,-0.0022997,-0.0059433999999999997,-0.00061509999999999994,0.012562500000000001,-0.018908700000000001,0.0026576,0.0125863,-0.003008799999999999,0.013739400000000001,-0.015847,0.00026049999999999988,0.0012603,-0.00042260000000000019,-0.0031321000000000001,0.0113353,-0.0057803999999999998,0.0032753000000000001,-0.00078569999999999996,0.0088040000000000011,-0.0028965000000000002,-0.0016659999999999999,0.0045366,0.0018966,0.0021518000000000002,-0.00083930000000000007,0.0099173000000000004,-0.0087333000000000011,0.0033909000000000001,0.00090529999999999951,0.011191000000000001,0.0039815999999999992,-0.0050975999999999999,0.0070031,-0.0065250000000000004,0.0033553000000000003,-0.0152126,-0.0028570999999999996,0.0083610999999999998,0.0071039999999999992,-0.0003441999999999998,-0.0029285000000000001,-0.0088562000000000016,-0.0057559999999999998,-0.019850199999999998,-0.0068576999999999996,0.0057980000000000002,-0.00034449999999999997,0.0030229000000000007,0.00048669999999999985,-0.0013464999999999998,-0.0040163999999999998,0.0031699000000000002,-0.00075220000000000018,0.0021565000000000004,0.0022168999999999999,-0.0093329000000000016,-8.4699999999999945e-05,-0.0034796000000000002,0.0041744,0.0048012999999999997,0.0054181000000000003,0.0037197000000000003,0.00076249999999999994,0.00050009999999999942,0.0046128999999999996,0.00072479999999999962,-0.0044286000000000004,-0.0050974999999999996,-0.0017947,0.003601,-0.0046037999999999999,-0.00043709999999999995,1.6599999999999861e-05,0.0043914999999999996,-0.0046689000000000001,-0.0010152000000000002,-0.015775300000000003,0.0008918000000000001,0.0061680999999999993,0.0041373999999999994,0.0071307000000000002,-0.0083812999999999995,0.0062153000000000009,0.005607599999999999,0.0064037000000000009,0.001691,0.0130046,-0.0075220000000000009,-0.0019511000000000001,-0.014914999999999999,-0.0028938000000000002,0.0005283000000000001,-0.011981,0.0132239,0.00059340000000000022,-0.0031189,0.0014961,0.00019530000000000025,-0.0046065999999999998,-0.00080540000000000039,-0.0019786000000000001,-0.00021900000000000001,-0.0072023,0.0007739,0.0020106999999999998,-0.00011190000000000006,-0.0017822000000000001,-0.0017341000000000001,0.0035259000000000002,-0.0023882,0.0010817999999999999,0.00094160000000000012,0.0011118,-0.0013714,-0.0014772000000000001,-0.00042880000000000045,-0.00053140000000000001,-0.0043336,0.0057452000000000007,0.0019214999999999998,-0.0019358999999999999,0.0062027000000000011,0.0044588000000000006,0.0010116000000000001,-0.00076239999999999999,0.0034867000000000006,-0.00016279999999999984,-0.0030471000000000001,0.00060189999999999994,0.0097446999999999985,-0.0058566,-0.0024095999999999996,0.0058697000000000003,0.0027939000000000002,-0.0023178999999999999,-0.00087239999999999974,-0.00057790000000000033,-0.0014232000000000001,-0.00051699999999999988,0.0003883999999999999,0.0092264000000000009,-0.0083605999999999993,0.0094557000000000009,-0.0101534,-0.0089911000000000001,-0.00065889999999999959,0.0038395,-0.0027309999999999999,-0.0023162,-0.002604,0.00040410000000000012,-0.0024586999999999999,0.0017227,-0.0014519000000000001,-0.0027891000000000001,-0.0021350000000000002,-0.0033663,0.0058424000000000002,0.0019075000000000001,-0.00071640000000000017,0.0021468999999999998,0.00049830000000000002,0.0022700999999999997,0.0041412000000000003,-0.00092200000000000008,-0.00020630000000000008,0.0021650000000000003,-0.0021078,2.7999999999999813e-05,-0.0012940999999999999,8.379999999999976e-05,0.0031146999999999998,-0.003934,-0.00040240000000000013,0.0019224999999999999,-0.00074459999999999978,-0.0013381999999999999,0.0017271000000000003,0.0019731000000000002,-0.0012599999999999998,-0.00028009999999999998,0.002287,-0.0018806999999999999,-0.0013725999999999999,0.0025132000000000002,0.0033095999999999998,-0.0017942999999999998,0.0044463999999999997,0.0018872999999999997,-0.0020221000000000002,0.00062390000000000015,0.0051319999999999994,-0.0056395999999999998,0.0037998000000000007,-0.0047066,0.0013844,0.0050908000000000012,0.0013266,0.013093899999999999,-0.0032340999999999993,0.0021682000000000003,-0.0059513999999999999,0.0033601999999999998,0.00061640000000000024,-0.0014087000000000001,0.00074390000000000003,0.00078669999999999999,-0.0013033000000000001,-0.0016777000000000001,0.00022349999999999996,0.0033630999999999999,-0.0019135999999999999,0.00065959999999999999,0.0022265999999999996,-0.0031212000000000002,0.0022255999999999999,0.0002656,-0.0017688999999999999,-0.0013185,-0.0015556000000000001,-9.0099999999999859e-05,0.00043440000000000004,0.0015202999999999998,0.00023750000000000019,0.0018298999999999998,3.3899999999999902e-05,-0.0025127999999999999,-0.0021927000000000001,-0.001134,-0.0015987999999999994,-3.6300000000000069e-05,0.00035919999999999995,0.0015744000000000001,-0.0014566000000000002,0.00051780000000000012,-0.0003533000000000004,-0.0014494,-0.00037010000000000005,-0.0029751999999999999,-0.0016848000000000002,0.00051639999999999976,0.0037264000000000004,-0.0016239000000000002,0.0028979000000000001,-0.0010347999999999998,0.001024,-0.00062469999999999995,0.0056525999999999998,-0.00058330000000000014,-0.0026638,-0.00059440000000000003,-9.4999999999999978e-05,-0.0038103999999999994,0.00077559999999999999,0.0040730000000000002,-0.0033649000000000005,0.0031059,-0.0021383999999999999,-0.0031581999999999999,-0.00026909999999999998,-0.0011934999999999999,0.0059372999999999995,0.0022956000000000001,0.0028273,0.0064717000000000004,-0.0069779999999999998,-0.00068760000000000002,0.0028413000000000006,0.00085470000000000001,0.0019162000000000003,-0.0011518000000000001,0.00054790000000000014,0.0010528999999999998,0.0013466000000000003,0.00082169999999999986,0.00057470000000000004,0.0025164000000000002,-0.00038430000000000002,-0.00031559999999999997,0.0012109000000000002,0.0016464000000000001,-2.3999999999998415e-06,-0.0021485000000000002,-0.0023311999999999999,-0.00059619999999999986,-0.00052860000000000006,0.00032940000000000009,0.0012005,-0.00051650000000000003,-0.00080829999999999997,-0.0011818,0.0012473,0.00062569999999999998,-0.00016730000000000022,0.00055789999999999985,0.0015203,-0.0017258000000000004,-0.00018970000000000008,0.00074720000000000006,-0.0005290999999999999,0.00027700000000000001,-0.0011516999999999999,0.00085289999999999986,-0.00043910000000000005,0.00027059999999999996,-0.00072380000000000003,-0.0046514,-0.00064829999999999987,-0.00049110000000000007,0.0013564,-0.0014277999999999999,-1.0999999999999942e-05,-0.00084449999999999998,0.0032722000000000011,-0.00079429999999999995,0.0011576999999999998,0.00015559999999999988,0.0031527,0.0017563000000000001,-0.0021925,0.0032862,0.00065740000000000004,-0.0026738,-0.00092290000000000004,0.0020198999999999998,0.00010740000000000012,0.0024534000000000001,-0.0010019999999999999,0.0055849000000000003,-0.0031484,-0.0052864000000000001,0.0026028000000000002,0.00014190000000000014,0.00062130000000000041,0.0010140000000000001,-0.00056659999999999989,0.001127,-0.0017189000000000002,-0.00033589999999999998,0.0013541999999999998,-0.00040839999999999995,0.00071880000000000012,-0.0032425000000000006,0.00046890000000000001,0.00074980000000000012,0.000386,0.0018203,-0.0013801,0.00061850000000000013,-8.9500000000000007e-05,0.00041109999999999996,0.0018214000000000004,0.0024340999999999998,0.0011614000000000004,-0.0013472999999999998,0.00053300000000000005,-0.0017856999999999999,-0.00039670000000000005,5.1999999999999854e-05,1.3400000000000109e-05,-0.0008474,0.0025196000000000003,0.0016570000000000001,0.0013272000000000002,-0.0010539,-0.00059409999999999997,-0.000397,-0.0028732999999999996,-0.00050929999999999997,0.00084920000000000004,-0.0020943999999999997,0.0011132999999999998,0.0015144999999999998,-0.00079910000000000007,-0.0003904,-0.00025690000000000012,-0.0024574000000000002,-9.2800000000000087e-05,0.00017919999999999999,0.00011030000000000002,0.0017972000000000001,0.00013319999999999999,-0.00014859999999999998,0.0026634999999999996,0.00015200000000000001,-0.0018755,0.0031268999999999997,-0.0014188,-2.3099999999999857e-05,0.0010472999999999997,-0.00064749999999999996,0.0022526,-0.00027779999999999992,-0.0011301,0.0016017,-0.00017949999999999997,0.0016004000000000001,-0.0033826000000000004,-0.0047220999999999999,0.0031142000000000001,0.0016321999999999999,-0.0037784000000000003,0.0040394000000000003,9.4399999999999909e-05,0.0032060999999999999,-0.0010979000000000002,-0.00035619999999999998,0.0021112000000000006,-0.0038603999999999999,5.840000000000001e-05
aug_between_class_right_pair0021_child02,Healthy,0,0,Augmented,0,0,0,0,0,0.31720380000000004,1.9137797999999999,1.0000000000000002e-06,0,7.9999999999999996e-07,0.97373899999999991,0,0.034880999999999995,-0.14054339999999999,0.035056200000000003,0.072257000000000002,-0.069415600000000008,0.053006600000000001,0.0048262000000000018,0.0088558000000000005,-0.035492600000000006,-0.11218359999999999,0.32931340000000003,-0.10796359999999999,0.0081178000000000014,0.1124434,-0.024160000000000004,-0.020085599999999999,-0.013584800000000003,-0.0401742,0.017833599999999998,0.036254000000000002,-0.0593302,0.0088035999999999982,-0.086145200000000005,-0.00072340000000000251,0.037886400000000001,-0.0055904000000000006,0.0091105999999999999,0.040332399999999997,-0.039851399999999995,0.033962799999999994,-0.033560199999999998,-0.084344600000000006,0.091039599999999998,-0.0526936,0.18248259999999999,-0.017452600000000006,0.0082229999999999994,-0.0025521999999999997,0.0052200000000000007,-0.021753600000000001,-0.0003125999999999999,0.0333088,-0.0020691999999999998,-0.0137214,-0.018684199999999998,-0.024427000000000001,0.0125474,0.012682599999999999,0.017963199999999999,0.014347200000000001,-0.0039820000000000003,0.0039655999999999997,0.011716799999999999,-0.038469799999999998,0.00028319999999999951,0.013515000000000003,-0.012187400000000001,0.030897600000000001,-0.07814299999999999,-0.0040978000000000004,-0.022909599999999999,-0.0377696,0.0085812000000000006,-0.0032919999999999998,0.0025912000000000005,0.020338599999999998,0.0047775999999999999,0.0026969999999999997,-0.010702999999999999,0.0064931999999999993,0.0035276000000000001,-0.019507,0.0092399999999999999,-0.0031151999999999985,-0.021860999999999998,0.0045776000000000002,0.0024251999999999998,0.0072638000000000008,-0.0090612000000000002,-0.012419600000000001,0.022191800000000001,-0.017347999999999999,-0.0041539999999999997,1.4799999999998842e-05,-0.0083486000000000012,-0.0010713999999999993,-0.0061017999999999992,-0.00069119999999999945,0.012709,-0.017913400000000003,0.0029751999999999999,0.0120906,-0.0042775999999999995,0.0120708,-0.016243,0.00091799999999999998,0.0013776000000000001,-0.00069919999999999987,-0.0032062000000000002,0.0117546,-0.0060368000000000002,0.0029556000000000009,-0.00090439999999999997,0.0086050000000000015,-0.0030479999999999999,-0.0017149999999999999,0.0046411999999999998,0.0024381999999999997,0.0028165999999999998,-0.0011386000000000002,0.0099526000000000007,-0.0089806000000000018,0.0028738000000000001,0.00053659999999999992,0.011261,0.0036702000000000002,-0.0049102,0.0063382000000000004,-0.0057480000000000005,0.0028616000000000002,-0.0142632,-0.0029901999999999997,0.0075621999999999998,0.0072509999999999996,-0.00020439999999999998,-0.0032160000000000001,-0.0092694000000000006,-0.0054089999999999997,-0.0184894,-0.0066714000000000001,0.0063569999999999998,0.000261,0.0038388000000000003,0.00011739999999999991,-0.0012390000000000001,-0.0037938000000000004,0.0031528000000000003,-0.00067940000000000003,0.0026050000000000001,0.0017818000000000001,-0.0089258000000000011,-0.00019040000000000007,-0.0035222000000000001,0.0041208000000000009,0.0043575999999999997,0.0053272000000000007,0.0039664000000000001,0.0011689999999999999,0.00038520000000000047,0.0041897999999999996,0.00027959999999999986,-0.0043331999999999997,-0.0040899999999999999,-0.0020344,0.0033939999999999999,-0.0040835999999999997,-0.0001041999999999999,-0.00010280000000000011,0.0036070000000000004,-0.0047777999999999996,-0.0011224,-0.0151436,0.0012106,0.0063531999999999998,0.003459799999999999,0.0075754000000000004,-0.0083306000000000005,0.0060115999999999998,0.0054871999999999994,0.0061284,0.0015820000000000001,0.0128472,-0.0071339999999999997,-0.0016722000000000002,-0.013958999999999999,-0.0029186000000000004,0.00024459999999999998,-0.012490000000000001,0.012753799999999999,0.0009838000000000006,-0.0030207999999999997,0.0013962,0.0002846000000000003,-0.0045012000000000003,-0.0006768000000000004,-0.0012002000000000002,-0.00019399999999999995,-0.0070125999999999999,0.00057279999999999994,0.0020974000000000001,-0.00031280000000000001,-0.0018544000000000002,-0.0017262000000000002,0.0035698000000000001,-0.0025804000000000001,0.0009105999999999998,0.0014372,0.0012566000000000001,-0.0013217999999999999,-0.0016034000000000001,-0.00033160000000000004,-0.0008397999999999997,-0.0047872000000000001,0.0055674000000000001,0.00167,-0.0018458000000000001,0.0061954000000000002,0.0037656,0.00096119999999999984,-0.00093780000000000003,0.0033554000000000006,-3.8599999999999746e-05,-0.0033241999999999998,0.0008208,0.0093963999999999992,-0.0057492000000000003,-0.0017841999999999999,0.0053594000000000003,0.0024758000000000002,-0.0016917999999999998,-0.00048379999999999994,-0.00027480000000000017,-0.0010533999999999999,-0.00081499999999999997,0.00084380000000000002,0.0089178,-0.0085451999999999993,0.0093294000000000016,-0.010078799999999999,-0.0085831999999999992,-0.00044579999999999967,0.0036540000000000001,-0.002594,-0.0024474000000000002,-0.002647,0.00042720000000000019,-0.0022514000000000002,0.0018744,-0.0012528000000000001,-0.0024581999999999998,-0.0019160000000000002,-0.0033146,0.0056068000000000003,0.0018760000000000001,-0.00063380000000000001,0.0021027999999999993,0.00057359999999999996,0.0023682,0.0043404000000000003,-0.0012329999999999999,-6.7600000000000071e-05,0.0019680000000000001,-0.0015565999999999998,-1.5999999999999955e-05,-0.0017321999999999997,0.00018959999999999984,0.0026994000000000002,-0.0036149999999999997,-0.00069079999999999999,0.0017929999999999999,-0.00032319999999999983,-0.00089140000000000009,0.0015322000000000001,0.0018682,-0.001488,6.0800000000000177e-05,0.0027899999999999995,-0.0017764,-0.0016352000000000003,0.0025494000000000003,0.0029671999999999997,-0.0017295999999999998,0.0038817999999999999,0.0017156000000000003,-0.0018392000000000005,0.0008167999999999999,0.0043609999999999994,-0.0052601999999999996,0.0031956000000000007,-0.0042762,0.0017497999999999999,0.0048026000000000006,0.0019802000000000001,0.0126658,-0.0029052000000000001,0.0020904000000000001,-0.0059708000000000001,0.0028493999999999998,0.00035780000000000013,-0.0012213999999999999,0.00076979999999999995,0.00083339999999999998,-0.0011496,-0.0016944,0.00025900000000000001,0.0032982000000000003,-0.0017792000000000001,0.00089519999999999997,0.0023532000000000002,-0.0028994000000000003,0.0020471999999999999,0.0002542,-0.0013687999999999999,-0.0016310000000000001,-0.0015442000000000001,-0.00010219999999999999,0.00015080000000000006,0.0015175999999999998,0.00022200000000000019,0.0018777999999999998,7.9800000000000097e-05,-0.0024736000000000003,-0.0020883999999999998,-0.00097500000000000028,-0.0011466,0.00064139999999999987,-8.0600000000000035e-05,0.0014548000000000005,-0.0015262000000000001,8.3600000000000189e-05,-0.00076660000000000009,-0.0013108,-0.00046920000000000002,-0.0023054,-0.0015216000000000001,0.00041480000000000032,0.0029568000000000003,-0.0018308,0.0027838000000000003,-0.00071759999999999977,0.001369,-0.00064039999999999995,0.0053731999999999999,-0.00041660000000000004,-0.0023976000000000002,-0.00075480000000000002,0.0002360000000000001,-0.0036167999999999999,0.0010032000000000001,0.0042620000000000002,-0.0035777999999999999,0.0031087999999999997,-0.0021798,-0.0030404,-0.00014520000000000006,-0.0018270000000000001,0.0063806000000000002,0.0024882000000000003,0.0033106000000000003,0.0065514000000000006,-0.0065849999999999997,-0.00056320000000000003,0.0027476000000000002,0.00083139999999999993,0.0019063999999999999,-0.0011136000000000002,0.00051480000000000004,0.00098079999999999999,0.00085119999999999998,0.00074239999999999983,0.00043040000000000011,0.0025058000000000003,-0.00028160000000000001,-6.3200000000000045e-05,0.0010118,0.0017118000000000001,-0.00026380000000000002,-0.0020939999999999999,-0.0023324000000000001,-0.00054640000000000027,-0.00059220000000000008,-1.7200000000000039e-05,0.0010269999999999999,-0.00043300000000000001,-0.00069859999999999996,-0.0012996000000000001,0.0012856,0.00046139999999999994,-2.0600000000000175e-05,0.00047380000000000013,0.0015996000000000001,-0.0014906000000000003,-0.00029340000000000003,0.00097940000000000006,-0.00041720000000000006,-1.2000000000000075e-05,-0.00096040000000000003,0.00060179999999999977,-0.00044319999999999999,0.00034119999999999984,-0.00073859999999999996,-0.0042757999999999997,-0.00054359999999999999,-0.00076019999999999994,0.0013398000000000001,-0.0013875999999999999,-0.00013799999999999988,-0.00061200000000000002,0.0029504000000000006,-0.00073359999999999994,0.00076539999999999996,0.0002232,0.0027114000000000001,0.0015646,-0.0018740000000000002,0.0029394000000000004,0.00074180000000000003,-0.0024746000000000004,-0.0010968,0.0016287999999999999,7.6799999999999698e-05,0.0020118000000000002,-0.00074899999999999999,0.0052877999999999996,-0.0032897999999999998,-0.0049538000000000004,0.0025966000000000001,-0.00019620000000000011,0.00074860000000000031,0.00065899999999999986,-0.00053719999999999983,0.001078,-0.0015668000000000001,-0.00016879999999999993,0.0012514,-0.00064179999999999999,0.00068559999999999997,-0.0030830000000000002,0.0003078,0.00060760000000000024,0.00023800000000000009,0.0016345999999999999,-0.0013221999999999999,0.0006150000000000001,-0.00029600000000000004,0.00036220000000000002,0.0017888000000000001,0.0023301999999999997,0.0011738000000000002,-0.0013485999999999999,0.00059000000000000025,-0.0016864,-0.00048740000000000003,0.00011899999999999997,4.8799999999999994e-05,-0.00077479999999999997,0.0024602000000000001,0.0014270000000000003,0.0014453999999999999,-0.00091879999999999989,-0.00049620000000000003,-0.00011699999999999998,-0.0027256000000000003,-0.0004236,0.00081440000000000006,-0.0019548,0.00099960000000000001,0.0013649999999999999,-0.00092519999999999994,-0.00028180000000000002,-0.00028180000000000013,-0.0022037999999999997,-0.00013560000000000015,0.0003414,0.0002656,0.0017574000000000001,-9.6000000000000165e-06,-0.00026219999999999998,0.0024270000000000003,-4.4999999999999901e-05,-0.001611,0.0025458,-0.0014215999999999999,0.00026880000000000014,0.0009946,-0.00067199999999999996,0.0019691999999999999,-0.00033559999999999992,-0.0012132,0.0016584000000000002,-0.000176,0.0013527999999999999,-0.0031182000000000002,-0.0043302000000000002,0.0032344000000000001,0.0012124000000000002,-0.0034578,0.0038537999999999997,0.00023479999999999985,0.0029371999999999996,-0.00090679999999999992,-0.00024939999999999999,0.0025174000000000004,-0.0034598000000000003,0.00027979999999999992
aug_between_class_right_pair0021_child03,Healthy,0,0,Augmented,0,0,0,0,0,0.30829120000000004,1.9157077,9.9999999999999995e-07,0,6.9999999999999986e-07,0.9608525,4.1359030627651384e-25,0.035302500000000001,-0.1377456,0.032337299999999999,0.076893000000000003,-0.073038400000000003,0.0552454,0.0018003000000000001,0.0056326999999999992,-0.032477900000000004,-0.1112904,0.32347310000000001,-0.10295939999999999,0.0068001999999999993,0.1081066,-0.024007499999999998,-0.019811899999999997,-0.012123700000000001,-0.0400598,0.017913399999999999,0.035490500000000001,-0.059264799999999999,0.0091078999999999986,-0.085476800000000006,-0.00064859999999999918,0.037141100000000003,-0.0062456000000000005,0.0085734000000000001,0.037129599999999992,-0.0395591,0.0328262,-0.033668799999999999,-0.083724899999999991,0.089766900000000011,-0.053255399999999994,0.1803304,-0.01846840000000001,0.0078449999999999995,-0.0027442999999999999,0.0042809999999999983,-0.021440399999999998,0.0013061000000000008,0.032653700000000001,-0.0012953000000000001,-0.0129456,-0.017410800000000001,-0.023500500000000001,0.0116531,0.014793400000000002,0.016864299999999999,0.0145633,-0.0032075000000000003,0.0047418999999999994,0.011896199999999999,-0.037285200000000004,-0.00017969999999999965,0.013084999999999999,-0.0130451,0.030914399999999998,-0.077190499999999995,-0.0046297000000000005,-0.021680899999999999,-0.036384899999999998,0.0069447999999999992,-0.0033484999999999995,0.0022333000000000001,0.020083400000000001,0.0049769000000000002,0.0032279999999999995,-0.011535499999999999,0.0071332999999999995,0.0037454000000000007,-0.019074000000000001,0.0097485000000000002,-0.0031152999999999997,-0.0210995,0.0051583999999999996,0.0019408000000000003,0.0069642000000000003,-0.010025300000000001,-0.0115624,0.0223702,-0.0175015,-0.004045,-0.00057730000000000021,-0.0089719000000000014,0.00015690000000000062,-0.0062602000000000005,-0.00076729999999999984,0.012855499999999999,-0.016918100000000002,0.0032928000000000002,0.0115949,-0.0055463999999999982,0.0104022,-0.016639000000000001,0.0015754999999999999,0.0014949,-0.00097580000000000019,-0.0032802999999999999,0.0121739,-0.0062932000000000005,0.0026359,-0.0010230999999999999,0.0084060000000000003,-0.0031995000000000001,-0.0017639999999999995,0.0047458000000000005,0.0029798000000000012,0.0034813999999999999,-0.0014379000000000002,0.0099878999999999992,-0.0092279000000000007,0.0023566999999999998,0.00016789999999999861,0.011331000000000001,0.0033587999999999995,-0.0047228000000000001,0.0056733000000000009,-0.0049710000000000006,0.0023679,-0.013313800000000001,-0.0031232999999999999,0.0067632999999999999,0.0073980000000000001,-6.4600000000000161e-05,-0.0035035000000000001,-0.0096826000000000013,-0.0050619999999999997,-0.017128600000000001,-0.0064851000000000006,0.0069160000000000003,0.00086650000000000008,0.0046547000000000003,-0.00025190000000000011,-0.0011315000000000001,-0.0035711999999999996,0.0031356999999999999,-0.0006066,0.0030534999999999998,0.0013466999999999997,-0.0085187000000000006,-0.00029609999999999988,-0.0035647999999999999,0.0040672,0.0039138999999999997,0.0052363000000000002,0.0042131,0.0015754999999999996,0.00027029999999999936,0.0037666999999999996,-0.00016560000000000034,-0.0042377999999999999,-0.0030825000000000002,-0.0022740999999999998,0.0031870000000000002,-0.0035634,0.00022870000000000008,-0.00022220000000000052,0.0028225000000000008,-0.0048866999999999999,-0.0012296000000000002,-0.014511900000000001,0.0015294000000000002,0.0065382999999999986,0.0027822000000000003,0.0080201000000000005,-0.0082798999999999998,0.0058079000000000004,0.0053667999999999997,0.0058531,0.0014729999999999999,0.012689800000000001,-0.0067460000000000003,-0.0013932999999999999,-0.013003000000000001,-0.0029434000000000001,-3.9100000000000029e-05,-0.012999,0.0122837,0.0013742000000000001,-0.0029226999999999999,0.0012963,0.00037389999999999993,-0.0043958000000000001,-0.00054819999999999977,-0.00042179999999999963,-0.00016899999999999999,-0.0068228999999999998,0.00037169999999999998,0.0021841,-0.00051370000000000018,-0.0019265999999999999,-0.0017183000000000003,0.0036136999999999996,-0.0027726000000000001,0.00073939999999999987,0.0019327999999999999,0.0014013999999999999,-0.0012722,-0.0017295999999999995,-0.00023439999999999984,-0.0011482000000000003,-0.0052408000000000003,0.0053896000000000005,0.0014185000000000001,-0.0017556999999999998,0.0061880999999999993,0.0030724000000000003,0.00091079999999999991,-0.0011132,0.0032241000000000001,8.5600000000000346e-05,-0.0036012999999999996,0.0010397,0.0090480999999999999,-0.0056417999999999989,-0.0011587999999999998,0.0048491000000000003,0.0021577000000000002,-0.0010657000000000002,-9.5200000000000146e-05,2.83000000000002e-05,-0.00068359999999999992,-0.0011129999999999996,0.0012991999999999995,0.0086091999999999991,-0.0087297999999999994,0.0092030999999999988,-0.0100042,-0.0081752999999999999,-0.00023270000000000061,0.0034685000000000002,-0.002457,-0.0025786000000000003,-0.0026899999999999997,0.00045029999999999983,-0.0020440999999999996,0.0020260999999999999,-0.0010537000000000001,-0.0021272999999999995,-0.0016970000000000002,-0.0032628999999999996,0.0053711999999999996,0.0018444999999999998,-0.00055119999999999985,0.0020586999999999997,0.00064889999999999989,0.0024662999999999994,0.0045395999999999995,-0.001544,7.1100000000000048e-05,0.001771,-0.0010053999999999998,-5.9999999999999941e-05,-0.0021703000000000004,0.00029540000000000002,0.0022840999999999998,-0.0032959999999999999,-0.00097919999999999995,0.0016635,9.8200000000000327e-05,-0.00044459999999999986,0.0013372999999999998,0.0017633,-0.0017160000000000001,0.00040170000000000006,0.0032929999999999999,-0.0016720999999999997,-0.0018978000000000001,0.0025856,0.0026248,-0.0016649000000000002,0.0033171999999999997,0.0015438999999999995,-0.001656299999999999,0.0010097000000000001,0.0035899999999999994,-0.0048807999999999994,0.0025913999999999998,-0.0038457999999999999,0.0021151999999999998,0.0045144,0.0026337999999999999,0.012237699999999999,-0.0025762999999999993,0.0020126000000000002,-0.0059902000000000011,0.0023385999999999997,9.9199999999999918e-05,-0.0010340999999999998,0.00079569999999999999,0.00088009999999999998,-0.00099589999999999987,-0.0017110999999999999,0.0002945,0.0032332999999999997,-0.0016448000000000001,0.0011307999999999999,0.0024797999999999999,-0.0026776,0.0018687999999999999,0.00024280000000000002,-0.00096869999999999964,-0.0019434999999999997,-0.0015328,-0.00011430000000000012,-0.00013279999999999998,0.0015148999999999998,0.00020649999999999998,0.0019256999999999998,0.00012569999999999986,-0.0024343999999999998,-0.0019840999999999999,-0.00081599999999999999,-0.00069439999999999931,0.0013190999999999997,-0.00052039999999999996,0.0013351999999999999,-0.0015958000000000001,-0.00035059999999999974,-0.0011799000000000002,-0.0011722,-0.0005683000000000001,-0.0016355999999999999,-0.0013584000000000001,0.00031320000000000046,0.0021871999999999998,-0.0020376999999999999,0.0026696999999999997,-0.00040039999999999987,0.0017139999999999996,-0.00065609999999999996,0.0050937999999999999,-0.00024989999999999951,-0.0021313999999999999,-0.00091519999999999991,0.00056700000000000001,-0.0034231999999999995,0.0012308,0.0044510000000000001,-0.0037907000000000001,0.0031116999999999998,-0.0022212,-0.0029225999999999996,-2.130000000000003e-05,-0.0024605,0.0068238999999999999,0.0026807999999999997,0.0037939000000000002,0.0066311,-0.0061919999999999996,-0.00043880000000000004,0.0026538999999999998,0.00080809999999999996,0.0018966,-0.0010754,0.00048169999999999995,0.0009086999999999997,0.00035580000000000008,0.0006630999999999998,0.00028610000000000002,0.0024951999999999999,-0.00017890000000000007,0.00018920000000000007,0.00081269999999999997,0.0017772,-0.00052519999999999997,-0.0020394999999999996,-0.0023335999999999999,-0.00049660000000000004,-0.0006558,-0.00036380000000000006,0.00085349999999999998,-0.00034949999999999993,-0.00058890000000000006,-0.0014174000000000001,0.0013238999999999998,0.0002970999999999999,0.00012609999999999987,0.00038969999999999999,0.0016788999999999999,-0.0012554000000000003,-0.00039710000000000006,0.0012116,-0.00030529999999999999,-0.00030100000000000005,-0.00076909999999999988,0.0003506999999999998,-0.00044730000000000003,0.00041180000000000014,-0.00075339999999999999,-0.0039002000000000004,-0.00043889999999999999,-0.0010292999999999997,0.0013232000000000001,-0.0013473999999999999,-0.00026499999999999983,-0.00037949999999999995,0.0026286,-0.00067289999999999993,0.0003730999999999998,0.00029079999999999991,0.0022700999999999997,0.0013729,-0.0015555000000000002,0.0025925999999999996,0.00082620000000000002,-0.0022753999999999999,-0.0012706999999999998,0.0012377,4.6200000000000147e-05,0.0015701999999999999,-0.00049600000000000013,0.0049906999999999998,-0.0034311999999999997,-0.0046211999999999998,0.0025904000000000001,-0.00053430000000000003,0.0008759000000000002,0.0003039999999999998,-0.00050779999999999977,0.001029,-0.0014147000000000001,-1.6999999999999871e-06,0.0011485999999999998,-0.00087519999999999991,0.00065239999999999992,-0.0029234999999999999,0.00014669999999999993,0.00046540000000000015,8.9999999999999965e-05,0.0014488999999999999,-0.0012642999999999999,0.00061150000000000006,-0.00050250000000000013,0.00031330000000000003,0.0017562000000000003,0.0022262999999999996,0.0011862000000000001,-0.0013498999999999998,0.00064700000000000022,-0.0015870999999999999,-0.00057810000000000001,0.00018599999999999997,8.4200000000000095e-05,-0.00070220000000000005,0.0024007999999999998,0.0011969999999999999,0.0015635999999999998,-0.00078370000000000002,-0.00039829999999999998,0.00016300000000000006,-0.0025778999999999997,-0.00033790000000000003,0.00077960000000000008,-0.0018151999999999997,0.0008858999999999999,0.0012154999999999996,-0.0010513,-0.00017320000000000006,-0.00030670000000000003,-0.0019501999999999998,-0.00017840000000000011,0.00050359999999999999,0.00042089999999999999,0.0017176000000000001,-0.00015240000000000023,-0.00037579999999999997,0.0021904999999999997,-0.00024200000000000003,-0.0013465,0.0019646999999999998,-0.0014243999999999999,0.00056070000000000002,0.00094189999999999996,-0.00069649999999999996,0.0016857999999999999,-0.00039340000000000002,-0.0012963,0.0017150999999999998,-0.00017249999999999999,0.0011052000000000002,-0.0028538000000000001,-0.0039382999999999996,0.0033546000000000001,0.00079259999999999975,-0.0031371999999999997,0.0036681999999999991,0.00037519999999999996,0.0026682999999999998,-0.0007157000000000001,-0.0001426,0.0029236000000000002,-0.0030592000000000002,0.00050120000000000004
aug_between_class_right_pair0021_child04,Healthy,0,0,Augmented,0,0,0,0,0,0.29937859999999999,1.9176355999999999,9.9999999999999995e-07,0,5.9999999999999997e-07,0.94796599999999998,0,0.035723999999999999,-0.13494780000000001,0.0296184,0.08152899999999999,-0.076661199999999999,0.057484199999999999,-0.0012255999999999999,0.0024095999999999987,-0.029463200000000002,-0.1103972,0.31763279999999999,-0.097955199999999992,0.0054825999999999989,0.1037698,-0.023855000000000001,-0.019538199999999999,-0.0106626,-0.039945400000000006,0.017993200000000001,0.034727000000000001,-0.059199399999999999,0.009412199999999999,-0.084808400000000006,-0.00057380000000000105,0.036395800000000006,-0.0069008000000000003,0.0080362000000000003,0.0339268,-0.039266799999999998,0.031689599999999998,-0.033777399999999999,-0.083105200000000004,0.088494199999999995,-0.053817199999999996,0.17817820000000001,-0.019484200000000004,0.0074669999999999997,-0.0029363999999999996,0.0033419999999999995,-0.021127199999999999,0.0029248000000000004,0.031998599999999995,-0.00052139999999999955,-0.0121698,-0.0161374,-0.022574,0.010758799999999999,0.016904200000000001,0.015765399999999999,0.0147794,-0.0024330000000000003,0.0055181999999999991,0.012075600000000001,-0.036100600000000004,-0.00064260000000000012,0.012655000000000001,-0.013902799999999998,0.030931199999999999,-0.076238,-0.0051616000000000006,-0.0204522,-0.035000199999999995,0.0053083999999999996,-0.0034049999999999996,0.0018754000000000002,0.019828200000000001,0.0051761999999999997,0.0037589999999999998,-0.012368000000000001,0.0077733999999999998,0.0039632000000000001,-0.018640999999999998,0.010256999999999999,-0.0031153999999999991,-0.020337999999999998,0.0057391999999999999,0.0014564000000000001,0.0066645999999999997,-0.0109894,-0.0107052,0.022548600000000002,-0.017655000000000001,-0.0039360000000000003,-0.0011694000000000001,-0.0095951999999999982,0.0013852000000000009,-0.0064186,-0.00084339999999999979,0.013002,-0.015922800000000001,0.0036104000000000002,0.0110992,-0.0068151999999999987,0.0087335999999999993,-0.017035000000000002,0.0022330000000000002,0.0016122,-0.0012524000000000003,-0.0033544,0.012593199999999999,-0.0065496,0.0023162000000000009,-0.0011418000000000001,0.0082070000000000008,-0.0033509999999999998,-0.0018129999999999999,0.0048504000000000004,0.0035214000000000009,0.0041462000000000001,-0.0017372000000000004,0.010023199999999999,-0.0094751999999999996,0.0018396,-0.00020080000000000098,0.011401,0.0030473999999999996,-0.0045354000000000002,0.0050083999999999997,-0.0041939999999999998,0.0018742000000000001,-0.012364399999999999,-0.0032563999999999996,0.0059643999999999999,0.0075449999999999996,7.5200000000000093e-05,-0.0037910000000000001,-0.0100958,-0.0047149999999999996,-0.015767799999999998,-0.0062988000000000002,0.0074749999999999999,0.0014720000000000002,0.0054706000000000017,-0.00062120000000000014,-0.001024,-0.0033485999999999998,0.0031186,-0.00053380000000000007,0.0035019999999999999,0.00091159999999999982,-0.0081116000000000018,-0.0004017999999999999,-0.0036074000000000002,0.0040136,0.0034701999999999992,0.0051454000000000005,0.0044597999999999999,0.0019819999999999998,0.00015539999999999955,0.0033435999999999995,-0.00061080000000000043,-0.0041424000000000001,-0.0020749999999999996,-0.0025138000000000001,0.0029799999999999996,-0.0030431999999999998,0.00056160000000000021,-0.00034160000000000006,0.0020380000000000003,-0.0049956000000000002,-0.0013368,-0.013880200000000001,0.0018482000000000001,0.0067233999999999992,0.002104599999999999,0.0084647999999999998,-0.0082292000000000008,0.0056041999999999993,0.0052464,0.0055777999999999999,0.001364,0.012532399999999999,-0.0063579999999999999,-0.0011144,-0.012047,-0.0029682000000000003,-0.00032280000000000004,-0.013508000000000001,0.011813599999999999,0.0017646000000000001,-0.0028246,0.0011964,0.00046319999999999998,-0.0042903999999999998,-0.00041960000000000001,0.00035659999999999999,-0.00014399999999999992,-0.0066331999999999997,0.00017059999999999986,0.0022707999999999999,-0.00071459999999999991,-0.0019988000000000002,-0.0017103999999999999,0.0036576,-0.0029648000000000001,0.00056819999999999982,0.0024284000000000003,0.0015462000000000002,-0.0012225999999999999,-0.0018557999999999999,-0.00013720000000000008,-0.0014566000000000002,-0.0056944000000000005,0.0052117999999999999,0.0011670000000000001,-0.0016655999999999999,0.0061808000000000002,0.0023791999999999997,0.00086039999999999977,-0.0012886,0.0030928000000000006,0.00020980000000000022,-0.0038783999999999997,0.0012585999999999999,0.0086998000000000006,-0.0055344000000000001,-0.00053339999999999941,0.0043388000000000003,0.0018396,-0.00043960000000000006,0.00029340000000000008,0.00033140000000000014,-0.00031380000000000004,-0.0014110000000000001,0.0017545999999999998,0.0083006,-0.0089143999999999994,0.0090767999999999995,-0.0099296000000000002,-0.0077673999999999998,-1.9599999999998959e-05,0.0032829999999999999,-0.00232,-0.0027098000000000001,-0.0027330000000000002,0.00047339999999999991,-0.0018367999999999995,0.0021777999999999997,-0.00085459999999999996,-0.0017963999999999996,-0.0014780000000000001,-0.0032112,0.0051356000000000006,0.0018130000000000002,-0.0004685999999999999,0.0020145999999999996,0.00072420000000000004,0.0025644000000000001,0.0047387999999999996,-0.0018550000000000001,0.00020980000000000003,0.0015739999999999999,-0.00045420000000000009,-0.00010400000000000014,-0.0026083999999999999,0.00040119999999999999,0.0018687999999999999,-0.0029769999999999996,-0.0012676000000000002,0.001534,0.00051960000000000016,2.1999999999999451e-06,0.0011424,0.0016584,-0.001944,0.00074260000000000038,0.0037959999999999999,-0.0015677999999999998,-0.0021604000000000003,0.0026218000000000001,0.0022824,-0.0016002000000000002,0.0027525999999999996,0.0013722000000000001,-0.0014733999999999993,0.0012025999999999994,0.0028189999999999999,-0.0045014,0.0019872000000000002,-0.0034153999999999999,0.0024805999999999999,0.0042261999999999994,0.0032874000000000002,0.0118096,-0.0022474000000000001,0.0019348000000000002,-0.0060096000000000004,0.0018277999999999997,-0.00015940000000000008,-0.00084679999999999977,0.00082160000000000002,0.00092679999999999998,-0.00084219999999999998,-0.0017277999999999998,0.00033,0.0031684,-0.0015103999999999999,0.0013664,0.0026064,-0.0024558000000000002,0.0016903999999999999,0.00023139999999999999,-0.00056859999999999983,-0.0022560000000000002,-0.0015214,-0.00012639999999999982,-0.00041639999999999998,0.0015122000000000002,0.00019099999999999998,0.0019735999999999998,0.00017160000000000005,-0.0023952000000000001,-0.0018797999999999998,-0.00065699999999999992,-0.00024219999999999949,0.0019968,-0.00096020000000000014,0.0012156000000000003,-0.0016654,-0.00078479999999999978,-0.0015932000000000003,-0.0010336,-0.00066740000000000018,-0.00096579999999999951,-0.0011952000000000002,0.00021159999999999972,0.0014175999999999998,-0.0022446000000000002,0.0025555999999999999,-8.3199999999999746e-05,0.0020590000000000001,-0.00067179999999999996,0.0048143999999999999,-8.3200000000000288e-05,-0.0018652,-0.0010756000000000001,0.00089800000000000014,-0.0032296,0.0014584000000000001,0.00464,-0.0040035999999999995,0.0031145999999999999,-0.0022626,-0.0028047999999999997,0.0001026,-0.003094,0.0072671999999999997,0.0028733999999999999,0.0042772000000000001,0.0067107999999999994,-0.0057990000000000003,-0.0003144,0.0025602000000000003,0.00078479999999999999,0.0018868000000000001,-0.0010372000000000001,0.00044860000000000006,0.00083660000000000006,-0.00013960000000000009,0.00058379999999999977,0.00014179999999999998,0.0024846,-7.6200000000000063e-05,0.00044160000000000011,0.00061359999999999995,0.0018426000000000002,-0.00078659999999999982,-0.0019850000000000002,-0.0023348000000000002,-0.00044680000000000002,-0.00071940000000000003,-0.00071040000000000014,0.00067999999999999983,-0.00026599999999999996,-0.00047920000000000005,-0.0015352,0.0013622,0.00013279999999999998,0.0002727999999999998,0.00030560000000000006,0.0017582000000000001,-0.0010202000000000002,-0.00050080000000000014,0.0014437999999999999,-0.00019339999999999998,-0.00058999999999999992,-0.00057779999999999995,9.9599999999999819e-05,-0.00045140000000000002,0.00048240000000000023,-0.00076820000000000002,-0.0035246000000000001,-0.00033419999999999999,-0.0012983999999999999,0.0013066,-0.0013071999999999999,-0.00039199999999999999,-0.00014699999999999989,0.0023068000000000003,-0.00061219999999999992,-1.920000000000025e-05,0.00035840000000000004,0.0018288,0.0011812000000000001,-0.001237,0.0022457999999999996,0.00091060000000000012,-0.0020762000000000003,-0.0014446000000000001,0.00084659999999999976,1.5599999999999729e-05,0.0011286,-0.00024299999999999994,0.0046936,-0.0035726,-0.0042886000000000001,0.0025842,-0.00087240000000000017,0.0010032000000000001,-5.1000000000000047e-05,-0.00047839999999999981,0.00097999999999999997,-0.0012626,0.00016540000000000017,0.0010457999999999999,-0.0011086000000000002,0.00061920000000000009,-0.0027640000000000004,-1.4400000000000025e-05,0.00032319999999999994,-5.8000000000000027e-05,0.0012631999999999999,-0.0012064000000000001,0.00060799999999999993,-0.0007090000000000001,0.00026440000000000003,0.0017236,0.0021224,0.0011986,-0.0013512000000000001,0.00070399999999999998,-0.0014878000000000001,-0.0006688000000000001,0.00025300000000000002,0.00011959999999999998,-0.00062960000000000002,0.0023414000000000004,0.00096699999999999987,0.0016817999999999998,-0.00064859999999999994,-0.00030039999999999998,0.00044299999999999998,-0.0024302,-0.00025219999999999995,0.0007448,-0.0016755999999999997,0.00077220000000000012,0.0010659999999999997,-0.0011774000000000001,-6.4600000000000052e-05,-0.00033160000000000004,-0.0016965999999999997,-0.00022120000000000017,0.00066580000000000003,0.00057620000000000002,0.0016778000000000001,-0.00029520000000000002,-0.00048939999999999997,0.0019539999999999996,-0.00043900000000000005,-0.0010820000000000001,0.0013836,-0.0014272,0.00085260000000000012,0.00088920000000000004,-0.00072099999999999996,0.0014023999999999998,-0.00045120000000000002,-0.0013794,0.0017718,-0.00016899999999999999,0.00085760000000000003,-0.0025893999999999999,-0.0035463999999999999,0.0034748000000000001,0.00037279999999999985,-0.0028166000000000003,0.0034825999999999998,0.00051560000000000006,0.0023993999999999994,-0.00052460000000000007,-3.580000000000003e-05,0.0033298000000000008,-0.0026586000000000001,0.00072259999999999989
aug_between_class_right_pair0021_child05,TLE,1,1,Augmented,0,0,0,0,0,0.28155340000000001,1.9214913999999998,9.9999999999999995e-07,0,3.9999999999999998e-07,0.92219299999999993,0,0.036567000000000002,-0.1293522,0.024180600000000003,0.090800999999999993,-0.083906800000000004,0.061961799999999997,-0.0072773999999999981,-0.0040365999999999996,-0.023433800000000001,-0.10861080000000001,0.30595220000000001,-0.087946800000000006,0.0028473999999999999,0.095096200000000006,-0.023550000000000001,-0.018990799999999999,-0.0077404000000000014,-0.039716600000000005,0.018152799999999997,0.0332,-0.059068599999999999,0.010020799999999998,-0.083471599999999993,-0.00042419999999999958,0.034905200000000004,-0.0082112000000000001,0.0069617999999999998,0.027521200000000003,-0.0386822,0.029416399999999999,-0.0339946,-0.081865800000000002,0.085948800000000006,-0.054940799999999998,0.1738738,-0.021515800000000005,0.006711,-0.0033205999999999999,0.0014639999999999983,-0.0205008,0.0061622000000000005,0.030688399999999998,0.0010263999999999998,-0.0106182,-0.0135906,-0.020721,0.0089702000000000011,0.0211258,0.013567599999999999,0.0152116,-0.00088400000000000024,0.0070707999999999995,0.0124344,-0.033731400000000002,-0.0015683999999999989,0.011795,-0.015618199999999999,0.030964800000000001,-0.074332999999999996,-0.0062253999999999999,-0.017994799999999998,-0.032230799999999997,0.0020355999999999994,-0.0035180000000000003,0.0011596000000000004,0.0193178,0.0055747999999999995,0.0048209999999999989,-0.014033,0.0090535999999999985,0.0043988000000000005,-0.017774999999999999,0.011273999999999999,-0.0031155999999999996,-0.018814999999999998,0.0069007999999999986,0.00048760000000000036,0.0060654000000000003,-0.012917600000000001,-0.0089908000000000002,0.022905399999999999,-0.017961999999999999,-0.003718,-0.0023536000000000004,-0.010841799999999999,0.0038418000000000002,-0.006735399999999999,-0.00099560000000000013,0.013295,-0.0139322,0.0042456000000000004,0.0101078,-0.0093527999999999979,0.0053963999999999991,-0.017826999999999999,0.0035479999999999999,0.0018467999999999998,-0.0018056000000000001,-0.0035025999999999998,0.013431800000000001,-0.0070623999999999999,0.0016768,-0.0013792000000000001,0.007809,-0.0036540000000000001,-0.0019109999999999999,0.0050596,0.0046045999999999995,0.0054757999999999994,-0.0023358000000000003,0.0100938,-0.0099698000000000009,0.00080540000000000039,-0.00093819999999999928,0.011541000000000001,0.0024246000000000003,-0.0041606000000000004,0.0036786000000000006,-0.0026400000000000004,0.00088680000000000009,-0.0104656,-0.0035225999999999999,0.0043666,0.0078390000000000005,0.00035479999999999973,-0.0043660000000000001,-0.0109222,-0.0040210000000000003,-0.013046200000000001,-0.0059262000000000004,0.0085929999999999999,0.0026830000000000001,0.0071024,-0.0013597999999999998,-0.00080900000000000004,-0.0029034000000000004,0.0030844000000000002,-0.00038820000000000006,0.0043990000000000001,4.1399999999999814e-05,-0.0072974000000000008,-0.00061320000000000016,-0.0036925999999999999,0.0039064,0.0025827999999999997,0.0049636000000000012,0.0049531999999999996,0.0027949999999999993,-7.4400000000000507e-05,0.0024974000000000003,-0.0015012000000000001,-0.0039515999999999996,-6.0000000000000157e-05,-0.0029931999999999997,0.0025659999999999997,-0.0020028000000000003,0.0012274000000000002,-0.00058039999999999958,0.00046900000000000023,-0.0052134,-0.0015512,-0.012616800000000001,0.0024858000000000002,0.0070936000000000003,0.00074939999999999903,0.0093542,-0.0081277999999999993,0.0051968000000000006,0.0050055999999999998,0.0050271999999999999,0.0011460000000000001,0.012217599999999999,-0.0055820000000000002,-0.00055660000000000019,-0.010135,-0.0030177999999999997,-0.00089019999999999963,-0.014525999999999999,0.0108734,0.0025453999999999997,-0.0026283999999999999,0.00099660000000000005,0.0006418000000000001,-0.0040796000000000001,-0.00016240000000000026,0.0019134,-9.3999999999999954e-05,-0.0062538000000000003,-0.00023159999999999999,0.0024442000000000001,-0.0011164,-0.0021431999999999996,-0.0016946000000000001,0.0037453999999999994,-0.0033491999999999997,0.00022580000000000001,0.0034196000000000001,0.0018357999999999998,-0.0011234000000000001,-0.0021081999999999997,5.7199999999999872e-05,-0.0020734,-0.0066015999999999991,0.0048562000000000006,0.00066400000000000009,-0.0014854,0.006166200000000001,0.00099279999999999985,0.00075960000000000014,-0.0016394000000000001,0.0028302000000000002,0.0004582000000000004,-0.0044326000000000001,0.0016963999999999998,0.0080032000000000002,-0.0053195999999999998,0.00071739999999999998,0.0033182000000000003,0.0012034000000000003,0.00081259999999999969,0.0010706000000000001,0.00093759999999999991,0.00042579999999999994,-0.0020070000000000001,0.0026654000000000001,0.0076834,-0.0092835999999999995,0.0088242000000000008,-0.0097803999999999999,-0.0069516000000000005,0.00040660000000000002,0.0029120000000000001,-0.0020460000000000001,-0.0029722000000000004,-0.0028189999999999995,0.00051960000000000005,-0.0014222,0.0024812000000000002,-0.00045640000000000009,-0.0011345999999999999,-0.0010400000000000001,-0.0031077999999999995,0.0046644,0.00175,-0.0003034,0.0019264,0.00087480000000000001,0.0027605999999999998,0.0051371999999999998,-0.002477,0.00048719999999999992,0.0011800000000000001,0.00064819999999999982,-0.00019200000000000011,-0.0034846,0.00061279999999999993,0.0010382,-0.0023389999999999999,-0.0018443999999999995,0.0012749999999999999,0.0013624000000000002,0.00089579999999999998,0.00075260000000000019,0.0014486,-0.0023999999999999998,0.0014243999999999997,0.0048019999999999998,-0.0013592000000000001,-0.0026856000000000002,0.0026941999999999999,0.0015976,-0.0014707999999999998,0.0016234000000000001,0.0010287999999999999,-0.0011075999999999998,0.0015883999999999998,0.0012769999999999999,-0.0037426,0.00077880000000000017,-0.0025546000000000002,0.0032113999999999997,0.0036498000000000004,0.004594599999999999,0.010953399999999999,-0.0015895999999999998,0.0017791999999999997,-0.0060483999999999998,0.00080619999999999986,-0.00067660000000000007,-0.00047219999999999993,0.00087339999999999998,0.0010202,-0.00053480000000000021,-0.0017611999999999999,0.00040099999999999999,0.0030385999999999998,-0.0012416,0.0018376,0.0028595999999999999,-0.0020122,0.0013336000000000001,0.00020860000000000003,0.00023159999999999999,-0.0028809999999999999,-0.0014986000000000001,-0.00015059999999999987,-0.00098359999999999984,0.0015068000000000002,0.00015999999999999999,0.0020693999999999999,0.00026340000000000001,-0.0023167999999999999,-0.0016712000000000001,-0.000339,0.00066220000000000016,0.0033521999999999996,-0.0018397999999999997,0.0009764000000000001,-0.0018046000000000002,-0.0016531999999999996,-0.0024198000000000002,-0.00075640000000000006,-0.00086560000000000011,0.00037380000000000003,-0.00086879999999999987,8.400000000000421e-06,-0.00012159999999999959,-0.0026584,0.0023274000000000003,0.00055120000000000017,0.0027489999999999997,-0.00070319999999999996,0.0042556,0.0002501999999999999,-0.0013328000000000001,-0.0013963999999999999,0.0015600000000000004,-0.0028424000000000001,0.0019136000000000001,0.0050179999999999999,-0.0044294,0.0031203999999999997,-0.0023454000000000001,-0.0025691999999999998,0.00035040000000000006,-0.0043609999999999994,0.0081537999999999992,0.0032585999999999995,0.0052437999999999999,0.0068701999999999999,-0.0050130000000000001,-6.5600000000000077e-05,0.0023728,0.00073819999999999995,0.0018672000000000003,-0.00096080000000000004,0.00038239999999999986,0.00069239999999999992,-0.0011303999999999999,0.00042519999999999993,-0.00014679999999999994,0.0024634000000000001,0.00012919999999999989,0.00094639999999999991,0.00021540000000000003,0.0019734000000000002,-0.0013093999999999998,-0.0018760000000000001,-0.0023371999999999998,-0.00034719999999999998,-0.00084659999999999998,-0.0014036000000000001,0.00033300000000000002,-9.8999999999999994e-05,-0.00025980000000000003,-0.0017707999999999999,0.0014388000000000001,-0.00019580000000000004,0.00056619999999999988,0.00013739999999999998,0.0019168,-0.00054980000000000025,-0.00070820000000000008,0.0019081999999999999,3.0400000000000007e-05,-0.0011680000000000002,-0.00019519999999999997,-0.00040260000000000035,-0.00045960000000000006,0.0006236000000000002,-0.00079779999999999998,-0.0027734000000000001,-0.0001248,-0.0018365999999999994,0.0012734000000000001,-0.0012268000000000001,-0.00064599999999999998,0.00031799999999999992,0.0016632000000000001,-0.0004907999999999999,-0.00080380000000000035,0.00049360000000000007,0.00094620000000000045,0.0007978000000000002,-0.00060000000000000027,0.0015522000000000001,0.0010794000000000001,-0.0016778000000000001,-0.0017924,6.4400000000000047e-05,-4.5600000000000241e-05,0.00024540000000000022,0.00026299999999999956,0.0040993999999999996,-0.0038553999999999993,-0.0036234000000000001,0.0025718,-0.0015485999999999998,0.0012577999999999999,-0.00076100000000000007,-0.0004195999999999999,0.00088199999999999997,-0.00095840000000000009,0.0004996,0.00084019999999999993,-0.0015753999999999998,0.00055279999999999999,-0.0024450000000000001,-0.00033660000000000005,3.8800000000000076e-05,-0.00035399999999999999,0.00089179999999999999,-0.0010905999999999999,0.00060099999999999997,-0.0011220000000000002,0.00016660000000000004,0.0016584,0.0019145999999999998,0.0012233999999999999,-0.0013538000000000001,0.00081799999999999993,-0.0012891999999999999,-0.00085020000000000007,0.00038699999999999997,0.00019039999999999997,-0.00048439999999999996,0.0022225999999999999,0.00050699999999999996,0.0019181999999999999,-0.00037840000000000009,-0.00010460000000000005,0.001003,-0.0021348000000000001,-8.0800000000000012e-05,0.00067520000000000004,-0.0013964000000000001,0.00054480000000000012,0.00076699999999999978,-0.0014296000000000001,0.00015259999999999981,-0.00038139999999999995,-0.0011894,-0.00030680000000000008,0.00099019999999999989,0.00088679999999999998,0.0015982000000000001,-0.00058080000000000002,-0.00071659999999999985,0.0014810000000000001,-0.00083299999999999997,-0.000553,0.00022140000000000007,-0.0014328000000000001,0.0014364,0.00078380000000000019,-0.00077000000000000007,0.00083560000000000014,-0.00056680000000000001,-0.0015456000000000001,0.0018852000000000001,-0.00016200000000000001,0.00036240000000000014,-0.0020606000000000001,-0.0027626,0.0037152000000000001,-0.0004667999999999998,-0.0021754000000000001,0.0031114000000000003,0.00079639999999999995,0.0018615999999999997,-0.00014240000000000021,0.00017779999999999996,0.0041422000000000004,-0.0018574000000000004,0.0011653999999999998
aug_between_class_right_pair0021_child06,TLE,1,1,Augmented,0,0,0,0,0,0.27264080000000002,1.9234192999999999,9.9999999999999995e-07,0,3.0000000000000004e-07,0.90930649999999991,0,0.036988500000000001,-0.12655440000000001,0.021461700000000004,0.095436999999999994,-0.087529599999999999,0.064200599999999997,-0.010303299999999996,-0.0072596999999999991,-0.020419100000000003,-0.1077176,0.30011189999999999,-0.082942600000000005,0.0015298000000000013,0.090759400000000004,-0.023397500000000002,-0.0187171,-0.0062793000000000015,-0.039602200000000004,0.018232599999999998,0.0324365,-0.059003199999999999,0.010325099999999999,-0.082803199999999993,-0.00034939999999999971,0.0341599,-0.0088664,0.0064245999999999999,0.0243184,-0.038389899999999998,0.028279800000000001,-0.0341032,-0.081246100000000002,0.084676100000000004,-0.055502599999999999,0.1717216,-0.022531600000000002,0.0063330000000000001,-0.0035126999999999997,0.00052500000000000029,-0.0201876,0.0077809000000000012,0.030033299999999999,0.0018002999999999999,-0.0098424000000000011,-0.0123172,-0.0197945,0.0080759000000000004,0.0232366,0.012468699999999999,0.015427700000000001,-0.00010950000000000022,0.0078470999999999992,0.012613800000000001,-0.032546800000000001,-0.0020312999999999993,0.011365,-0.016475900000000002,0.030981600000000001,-0.073380500000000001,-0.0067572999999999991,-0.016766099999999999,-0.030846100000000001,0.0003992000000000006,-0.0035745,0.00080170000000000024,0.019062599999999999,0.0057740999999999999,0.0053519999999999991,-0.0148655,0.0096936999999999995,0.0046166000000000002,-0.017342,0.0117825,-0.003115699999999999,-0.0180535,0.0074815999999999997,3.2000000000000778e-06,0.0057657999999999997,-0.0138817,-0.0081335999999999995,0.023083800000000002,-0.0181155,-0.0036090000000000002,-0.0029456999999999999,-0.011465100000000001,0.0050701000000000001,-0.0068938000000000003,-0.0010717000000000001,0.013441499999999999,-0.012936900000000001,0.0045631999999999999,0.0096121000000000002,-0.010621599999999998,0.0037277999999999999,-0.018223,0.0042055,0.0019640999999999999,-0.0020821999999999998,-0.0035766999999999999,0.0138511,-0.0073188000000000003,0.0013571,-0.0014978999999999999,0.0076100000000000004,-0.0038054999999999999,-0.0019599999999999999,0.0051641999999999999,0.0051461999999999992,0.0061405999999999995,-0.0026351000000000005,0.0101291,-0.0102171,0.00028830000000000045,-0.0013069000000000006,0.011611,0.0021132,-0.0039731999999999996,0.0030137000000000002,-0.0018630000000000005,0.00039310000000000083,-0.0095162000000000007,-0.0036556999999999996,0.0035677000000000005,0.007986,0.00049459999999999912,-0.0046534999999999997,-0.011335399999999999,-0.0036740000000000002,-0.0116854,-0.0057399,0.0091520000000000004,0.0032885000000000002,0.0079183000000000014,-0.0017290999999999997,-0.00070149999999999987,-0.0026808000000000001,0.0030673000000000002,-0.00031540000000000008,0.0048474999999999994,-0.00039370000000000008,-0.0068903000000000002,-0.00071889999999999996,-0.0037352000000000002,0.0038528,0.0021390999999999997,0.0048727000000000006,0.0051999000000000004,0.0032014999999999991,-0.00018930000000000032,0.0020743000000000003,-0.0019464,-0.0038562000000000006,0.00094749999999999956,-0.0032328999999999995,0.002359,-0.0014826000000000002,0.0015603000000000004,-0.00069979999999999999,-0.00031549999999999937,-0.0053223000000000003,-0.0016584,-0.0119851,0.0028046,0.0072786999999999991,7.1800000000000336e-05,0.0097988999999999993,-0.0080771000000000003,0.0049931000000000003,0.0048851999999999993,0.0047518999999999999,0.0010370000000000002,0.0120602,-0.0051939999999999998,-0.00027770000000000008,-0.0091789999999999997,-0.0030425999999999999,-0.0011738999999999992,-0.015035,0.010403300000000001,0.0029357999999999997,-0.0025303000000000001,0.00089670000000000006,0.00073110000000000015,-0.0039741999999999998,-3.3800000000000063e-05,0.0026917999999999998,-6.8999999999999942e-05,-0.0060641000000000002,-0.00043270000000000006,0.0025309,-0.0013173,-0.0022154000000000002,-0.0016867000000000002,0.0037892999999999998,-0.0035414000000000001,5.4600000000000013e-05,0.0039151999999999998,0.0019805999999999999,-0.0010738000000000002,-0.0022344000000000001,0.00015440000000000007,-0.0023817999999999999,-0.0070551999999999993,0.0046784000000000001,0.00041250000000000054,-0.0013952999999999999,0.0061589000000000001,0.00029960000000000056,0.0007092,-0.0018148000000000001,0.0026989000000000002,0.00058240000000000028,-0.004709699999999999,0.0019153,0.0076549000000000001,-0.0052122000000000002,0.0013427999999999999,0.0028079000000000003,0.00088530000000000032,0.0014386999999999998,0.0014591999999999999,0.0012407,0.00079559999999999982,-0.0023049999999999998,0.0031207999999999991,0.0073747999999999999,-0.0094681999999999995,0.0086979000000000015,-0.0097058000000000005,-0.0065437000000000004,0.00061969999999999994,0.0027265000000000002,-0.0019089999999999999,-0.0031034000000000001,-0.002862,0.00054270000000000013,-0.0012148999999999999,0.0026328999999999997,-0.00025730000000000024,-0.00080370000000000018,-0.00082100000000000012,-0.0030561,0.0044288000000000001,0.0017185,-0.00022080000000000005,0.0018823000000000004,0.00095009999999999995,0.0028587,0.0053363999999999998,-0.0027879999999999997,0.00062589999999999998,0.00098300000000000015,0.0011993999999999998,-0.00023599999999999988,-0.0039227000000000003,0.00071860000000000001,0.00062290000000000023,-0.0020200000000000001,-0.0021327999999999998,0.0011454999999999998,0.0017838000000000001,0.0013425999999999998,0.00055770000000000006,0.0013437,-0.0026279999999999997,0.0017652999999999996,0.0053049999999999998,-0.0012549,-0.0029482000000000006,0.0027304,0.0012552000000000002,-0.0014061,0.0010588000000000001,0.00085709999999999996,-0.00092470000000000009,0.0017812999999999991,0.00050600000000000026,-0.0033632000000000002,0.00017460000000000034,-0.0021242000000000001,0.0035767999999999998,0.0033615999999999997,0.0052481999999999997,0.010525299999999998,-0.0012607,0.0017013999999999998,-0.0060677999999999999,0.00029540000000000013,-0.00093519999999999996,-0.00028489999999999999,0.00089930000000000001,0.0010669,-0.00038110000000000005,-0.0017779,0.00043649999999999993,0.0029737000000000001,-0.0011072,0.0020731999999999999,0.0029862000000000001,-0.0017904000000000002,0.0011552000000000001,0.00019720000000000002,0.0006316999999999998,-0.0031934999999999997,-0.0014872000000000002,-0.00016269999999999978,-0.0012671999999999998,0.0015041000000000002,0.00014449999999999999,0.0021172999999999999,0.00030929999999999998,-0.0022775999999999999,-0.0015669,-0.00018000000000000015,0.0011144,0.0040298999999999995,-0.0022796000000000001,0.00085680000000000001,-0.0018742000000000003,-0.0020873999999999997,-0.0028330999999999999,-0.00061779999999999995,-0.00096470000000000008,0.0010435999999999998,-0.00070560000000000002,-9.319999999999988e-05,-0.00089119999999999954,-0.0028652999999999994,0.0022133000000000001,0.00086840000000000007,0.003094,-0.00071889999999999996,0.0039762,0.0004169,-0.0010666,-0.0015567999999999997,0.0018910000000000001,-0.0026487999999999998,0.0021411999999999998,0.0052069999999999998,-0.0046422999999999994,0.0031232999999999999,-0.0023868000000000001,-0.0024513999999999998,0.00047429999999999977,-0.0049944999999999998,0.0085970999999999999,0.0034511999999999998,0.0057271000000000006,0.0069499000000000002,-0.00462,5.8799999999999911e-05,0.0022791,0.00071489999999999998,0.0018573999999999999,-0.00092260000000000009,0.0003493000000000002,0.00062030000000000006,-0.0016257999999999999,0.00034590000000000001,-0.00029109999999999997,0.0024528000000000002,0.00023189999999999994,0.0011987999999999999,1.6300000000000125e-05,0.0020387999999999999,-0.0015707999999999998,-0.0018215000000000002,-0.0023384,-0.00029739999999999996,-0.00091020000000000001,-0.0017502000000000001,0.00015950000000000003,-1.5500000000000024e-05,-0.00015010000000000002,-0.0018886,0.0014771000000000001,-0.00036009999999999997,0.00071289999999999982,5.3300000000000049e-05,0.0019960999999999998,-0.00031460000000000022,-0.00081190000000000006,0.0021403999999999998,0.00014229999999999996,-0.0014570000000000004,-3.900000000000149e-06,-0.00065370000000000011,-0.00046370000000000005,0.00069420000000000029,-0.00081260000000000002,-0.0023978000000000003,-2.0100000000000109e-05,-0.0021056999999999998,0.0012568,-0.0011866000000000001,-0.00077299999999999992,0.00055049999999999988,0.0013414000000000002,-0.00043009999999999999,-0.0011961000000000001,0.00056119999999999998,0.0005049000000000004,0.00060610000000000048,-0.00028150000000000039,0.0012054000000000001,0.0011638,-0.0014786000000000001,-0.0019662999999999998,-0.00032669999999999986,-7.6199999999999792e-05,-0.00019619999999999924,0.00051599999999999953,0.0038022999999999998,-0.0039968,-0.0032908,0.0025655999999999999,-0.0018866999999999998,0.0013850999999999998,-0.001116,-0.00039020000000000005,0.00083299999999999997,-0.00080630000000000003,0.00066669999999999989,0.00073740000000000003,-0.0018087999999999997,0.00051960000000000005,-0.0022855000000000006,-0.00049770000000000001,-0.00010339999999999986,-0.00050199999999999995,0.00070609999999999998,-0.0010327000000000001,0.00059749999999999994,-0.0013284999999999998,0.00011770000000000004,0.0016258000000000002,0.0018106999999999997,0.0012358,-0.0013550999999999997,0.00087499999999999991,-0.0011899,-0.00094090000000000016,0.00045399999999999992,0.00022579999999999996,-0.00041179999999999993,0.0021631999999999997,0.00027700000000000007,0.0020363999999999998,-0.0002433,-6.700000000000068e-06,0.0012829999999999999,-0.0019870999999999999,4.8999999999999565e-06,0.00064040000000000006,-0.0012568,0.00043110000000000012,0.00061749999999999988,-0.0015557000000000001,0.00026119999999999974,-0.00040630000000000017,-0.00093580000000000009,-0.00034960000000000004,0.0011524,0.0010421,0.0015583999999999999,-0.00072360000000000013,-0.00083019999999999991,0.0012444999999999999,-0.0010299999999999999,-0.00028850000000000013,-0.00035969999999999969,-0.0014356,0.0017282999999999999,0.00073110000000000004,-0.00079449999999999996,0.00055220000000000009,-0.0006246,-0.0016286999999999996,0.0019419000000000001,-0.0001585,0.00011480000000000019,-0.0017962000000000002,-0.0023707000000000003,0.0038354000000000001,-0.00088659999999999965,-0.0018548000000000002,0.0029258000000000001,0.0009368,0.0015926999999999998,4.8699999999999828e-05,0.00028459999999999987,0.0045484000000000002,-0.0014568000000000003,0.0013867999999999997
aug_between_class_right_pair0021_child07,TLE,1,1,Augmented,0,0,0,0,0,0.26372820000000002,1.9253472,9.9999999999999995e-07,0,1.9999999999999994e-07,0.89641999999999999,0,0.037409999999999999,-0.12375659999999999,0.0187428,0.100073,-0.091152399999999995,0.066439399999999996,-0.013329199999999998,-0.0104828,-0.0174044,-0.1068244,0.29427159999999997,-0.077938400000000005,0.00021220000000000093,0.086422600000000002,-0.023244999999999998,-0.018443399999999999,-0.004818199999999999,-0.039487800000000003,0.0183124,0.031673,-0.058937799999999999,0.010629399999999999,-0.082134799999999994,-0.00027459999999999984,0.033414600000000003,-0.0095215999999999999,0.0058873999999999992,0.021115599999999998,-0.038097599999999995,0.027143199999999999,-0.034211800000000001,-0.080626400000000001,0.083403400000000003,-0.0560644,0.16956940000000001,-0.0235474,0.0059549999999999994,-0.0037047999999999998,-0.00041400000000000031,-0.0198744,0.009399600000000001,0.0293782,0.0025742000000000009,-0.0090665999999999993,-0.011043799999999999,-0.018867999999999999,0.0071815999999999998,0.025347400000000003,0.011369799999999999,0.015643799999999999,0.00066499999999999893,0.0086233999999999998,0.012793200000000001,-0.0313622,-0.0024941999999999998,0.010935,-0.017333600000000001,0.030998399999999999,-0.072427999999999992,-0.0072892,-0.015537399999999998,-0.029461399999999999,-0.0012372000000000008,-0.0036309999999999997,0.0004438,0.018807400000000002,0.0059734000000000002,0.0058829999999999993,-0.015698,0.010333799999999999,0.0048344000000000008,-0.016909,0.012291000000000002,-0.0031157999999999984,-0.017291999999999998,0.0080623999999999991,-0.0004812000000000002,0.0054662000000000001,-0.014845800000000003,-0.0072763999999999997,0.0232622,-0.018269000000000001,-0.0035000000000000005,-0.0035378000000000002,-0.012088400000000001,0.0062984000000000009,-0.0070521999999999998,-0.0011478,0.013587999999999999,-0.0119416,0.0048808000000000002,0.0091164000000000002,-0.011890399999999999,0.0020591999999999971,-0.018619,0.0048630000000000001,0.0020813999999999997,-0.0023588000000000003,-0.0036507999999999996,0.014270399999999999,-0.0075752000000000007,0.0010374,-0.0016166000000000002,0.0074110000000000009,-0.0039569999999999996,-0.0020089999999999999,0.0052688000000000006,0.0056878000000000007,0.0068053999999999996,-0.0029344000000000006,0.010164400000000001,-0.0104644,-0.00022880000000000036,-0.0016756000000000002,0.011681,0.0018017999999999997,-0.0037857999999999998,0.0023487999999999998,-0.0010860000000000002,-0.0001005999999999993,-0.0085667999999999994,-0.0037887999999999993,0.0027687999999999992,0.0081330000000000013,0.00063439999999999937,-0.0049410000000000001,-0.0117486,-0.0033270000000000001,-0.0103246,-0.0055535999999999997,0.0097110000000000009,0.0038940000000000003,0.008734200000000001,-0.0020984000000000003,-0.00059399999999999991,-0.0024581999999999998,0.0030502000000000003,-0.00024259999999999999,0.0052960000000000004,-0.0008288000000000002,-0.0064832000000000006,-0.00082459999999999999,-0.0037778,0.0037992,0.0016953999999999997,0.0047818000000000001,0.0054465999999999994,0.0036079999999999997,-0.00030420000000000013,0.0016512,-0.0023916000000000007,-0.0037607999999999999,0.001955000000000001,-0.0034726000000000002,0.0021519999999999994,-0.00096239999999999954,0.0018932000000000005,-0.00081919999999999996,-0.0011000000000000001,-0.0054312000000000006,-0.0017656,-0.0113534,0.0031234000000000001,0.0074637999999999996,-0.00060580000000000182,0.0102436,-0.0080263999999999995,0.0047894000000000001,0.0047648000000000005,0.0044765999999999999,0.0009279999999999999,0.0119028,-0.0048059999999999995,1.2000000000000292e-06,-0.0082230000000000011,-0.0030674000000000001,-0.0014575999999999997,-0.015544000000000001,0.0099331999999999997,0.0033262000000000005,-0.0024322000000000002,0.00079679999999999985,0.00082040000000000021,-0.0038687999999999999,9.4799999999999919e-05,0.0034702000000000001,-4.3999999999999877e-05,-0.0058744000000000001,-0.00063380000000000012,0.0026176000000000003,-0.0015182000000000001,-0.0022875999999999999,-0.0016788000000000003,0.0038332000000000001,-0.0037336000000000001,-0.00011660000000000008,0.0044108000000000003,0.0021254000000000004,-0.0010241999999999999,-0.0023606,0.00025160000000000015,-0.0026902000000000002,-0.0075087999999999995,0.0045006000000000004,0.00016099999999999969,-0.0013051999999999998,0.0061516000000000001,-0.00039360000000000089,0.00065879999999999986,-0.0019902000000000006,0.0025676000000000002,0.00070659999999999994,-0.0049867999999999996,0.0021342000000000002,0.0073065999999999999,-0.0051048000000000005,0.0019682000000000011,0.0022975999999999999,0.00056720000000000013,0.0020648000000000007,0.0018478000000000004,0.0015438000000000001,0.0011654,-0.0026029999999999994,0.003576199999999999,0.0070661999999999999,-0.0096527999999999996,0.0085715999999999987,-0.0096312000000000012,-0.0061358000000000003,0.00083279999999999986,0.0025409999999999999,-0.0017719999999999999,-0.0032346000000000002,-0.002905,0.00056579999999999977,-0.0010075999999999998,0.0027846000000000004,-5.8200000000000005e-05,-0.00047279999999999973,-0.00060199999999999989,-0.0030043999999999995,0.0041932000000000002,0.0016870000000000001,-0.00013819999999999989,0.0018382000000000008,0.0010254000000000001,0.0029568000000000003,0.0055355999999999999,-0.0030990000000000002,0.00076460000000000005,0.00078599999999999991,0.0017506000000000002,-0.00028000000000000008,-0.0043608000000000006,0.00082440000000000009,0.00020759999999999984,-0.0017009999999999998,-0.0024212000000000001,0.001016,0.0022052000000000005,0.0017894000000000002,0.00036279999999999993,0.0012388,-0.002856,0.0021062000000000003,0.0058079999999999998,-0.0011505999999999999,-0.0032108000000000002,0.0027666000000000001,0.00091279999999999996,-0.0013414,0.00049419999999999954,0.00068540000000000007,-0.00074179999999999949,0.0019742000000000002,-0.00026500000000000026,-0.0029838,-0.00042960000000000003,-0.0016937999999999996,0.0039421999999999999,0.0030734,0.0059018000000000004,0.010097199999999999,-0.00093179999999999999,0.0016236,-0.0060872000000000001,-0.00021540000000000036,-0.0011938000000000001,-9.7599999999999865e-05,0.00092520000000000005,0.0011136,-0.00022739999999999984,-0.0017945999999999999,0.00047199999999999998,0.0029088,-0.0009727999999999999,0.0023088000000000002,0.0031128000000000002,-0.0015685999999999999,0.00097679999999999989,0.00018580000000000002,0.0010318000000000003,-0.003506,-0.0014758000000000002,-0.00017479999999999991,-0.0015508000000000002,0.0015014000000000002,0.00012899999999999999,0.0021651999999999999,0.00035519999999999996,-0.0022383999999999998,-0.0014625999999999999,-2.099999999999986e-05,0.0015666000000000005,0.0047075999999999993,-0.0027194000000000003,0.00073720000000000014,-0.0019438000000000003,-0.0025215999999999997,-0.0032464000000000004,-0.00047919999999999994,-0.0010638000000000002,0.0017134000000000008,-0.00054239999999999996,-0.00019480000000000018,-0.0016608000000000003,-0.0030721999999999998,0.0020991999999999999,0.0011856000000000002,0.0034389999999999998,-0.00073459999999999997,0.0036968000000000001,0.00058359999999999987,-0.00080039999999999994,-0.0017172000000000003,0.002222,-0.0024551999999999998,0.0023687999999999999,0.0053959999999999998,-0.0048551999999999996,0.0031262,-0.0024282000000000001,-0.0023336000000000003,0.0005981999999999999,-0.0056280000000000002,0.0090404000000000005,0.0036438,0.0062104000000000013,0.0070296000000000004,-0.0042269999999999999,0.00018320000000000006,0.0021854000000000001,0.00069160000000000001,0.0018476,-0.00088439999999999992,0.0003162000000000001,0.00054819999999999999,-0.0021212000000000002,0.00026659999999999998,-0.00043539999999999996,0.0024422000000000003,0.0003346,0.0014512000000000001,-0.00018280000000000005,0.0021042000000000001,-0.0018322,-0.0017669999999999999,-0.0023395999999999998,-0.00024759999999999995,-0.00097379999999999993,-0.0020968000000000002,-1.4000000000000123e-05,6.8000000000000027e-05,-4.0400000000000115e-05,-0.0020064000000000002,0.0015154000000000001,-0.00052440000000000017,0.00085960000000000008,-3.079999999999999e-05,0.0020753999999999998,-7.9400000000000087e-05,-0.00091560000000000014,0.0023725999999999999,0.00025420000000000005,-0.0017459999999999997,0.00018740000000000006,-0.00090480000000000074,-0.00046780000000000004,0.00076479999999999994,-0.00082740000000000005,-0.0020222,8.4599999999999996e-05,-0.0023747999999999998,0.0012401999999999999,-0.0011464000000000001,-0.00090000000000000019,0.00078300000000000028,0.0010195999999999998,-0.00036939999999999998,-0.0015884000000000002,0.00062880000000000011,6.3599999999999811e-05,0.0004144000000000001,3.700000000000014e-05,0.00085859999999999973,0.0012482000000000001,-0.0012794,-0.0021402000000000005,-0.00071780000000000021,-0.00010679999999999978,-0.0006378,0.00076900000000000015,0.0035052,-0.0041381999999999999,-0.0029581999999999998,0.0025593999999999999,-0.0022247999999999999,0.0015124000000000001,-0.0014710000000000003,-0.00036079999999999999,0.00078399999999999997,-0.00065419999999999986,0.00083380000000000021,0.00063459999999999992,-0.0020422000000000001,0.00048640000000000001,-0.0021260000000000003,-0.00065879999999999997,-0.00024560000000000001,-0.00064999999999999997,0.00052039999999999986,-0.00097479999999999995,0.00059399999999999991,-0.0015350000000000003,6.8800000000000046e-05,0.0015931999999999999,0.0017068000000000001,0.0012482000000000001,-0.0013564,0.0009320000000000001,-0.0010905999999999999,-0.0010316000000000001,0.00052099999999999998,0.00026119999999999995,-0.0003392,0.0021037999999999999,4.6999999999999841e-05,0.0021545999999999996,-0.00010819999999999992,9.1200000000000021e-05,0.0015629999999999999,-0.0018393999999999999,9.0600000000000061e-05,0.00060560000000000008,-0.0011171999999999998,0.00031739999999999996,0.00046799999999999977,-0.0016818000000000002,0.00036979999999999988,-0.00043120000000000018,-0.00068219999999999978,-0.00039240000000000021,0.0013146000000000002,0.0011973999999999999,0.0015185999999999999,-0.00086640000000000003,-0.00094379999999999985,0.001008,-0.0012270000000000002,-2.3999999999999933e-05,-0.00094079999999999988,-0.0014383999999999998,0.0020202000000000002,0.00067840000000000012,-0.00081899999999999996,0.00026879999999999992,-0.0006824,-0.0017117999999999999,0.0019985999999999997,-0.00015499999999999997,-0.00013279999999999998,-0.0015317999999999998,-0.0019787999999999997,0.0039556000000000001,-0.0013064000000000001,-0.0015341999999999999,0.0027401999999999999,0.0010772000000000002,0.0013237999999999995,0.00023979999999999987,0.00039139999999999997,0.0049546000000000008,-0.0010562,0.0016081999999999997
aug_between_class_right_pair0021_child08,TLE,1,1,Augmented,0,0,0,0,0,0.25481560000000003,1.9272750999999999,9.9999999999999995e-07,0,9.9999999999999969e-08,0.88353349999999997,0,0.037831500000000004,-0.12095880000000001,0.016023900000000001,0.104709,-0.094775200000000004,0.068678199999999995,-0.016355100000000001,-0.0137059,-0.014389699999999998,-0.1059312,0.2884313,-0.072934200000000005,-0.0011053999999999994,0.0820858,-0.023092499999999998,-0.018169699999999997,-0.0033570999999999996,-0.039373400000000003,0.018392199999999997,0.030909499999999999,-0.058872399999999998,0.010933699999999999,-0.081466399999999994,-0.00019980000000000171,0.032669299999999998,-0.0101768,0.0053501999999999994,0.0179128,-0.0378053,0.026006599999999998,-0.034320400000000001,-0.0800067,0.082130700000000001,-0.056626200000000002,0.16741719999999999,-0.024563200000000004,0.0055770000000000004,-0.0038969,-0.0013530000000000009,-0.019561200000000001,0.011018300000000002,0.028723099999999998,0.0033481000000000001,-0.0082907999999999992,-0.0097703999999999985,-0.017941499999999999,0.0062873,0.027458200000000002,0.010270899999999999,0.0158599,0.0014394999999999981,0.0093997000000000004,0.012972600000000001,-0.030177599999999999,-0.0029570999999999994,0.010505,-0.018191300000000001,0.0310152,-0.071475499999999997,-0.0078210999999999992,-0.014308700000000001,-0.0280767,-0.0028736000000000022,-0.0036875000000000002,8.5900000000000028e-05,0.018552200000000001,0.0061726999999999997,0.0064140000000000004,-0.016530499999999997,0.010973899999999998,0.0050522000000000006,-0.016475999999999998,0.0127995,-0.0031158999999999996,-0.016530499999999997,0.0086431999999999985,-0.00096559999999999962,0.0051665999999999995,-0.015809900000000002,-0.0064191999999999999,0.023440599999999999,-0.018422499999999998,-0.0033909999999999999,-0.0041298999999999997,-0.012711700000000001,0.0075267000000000008,-0.0072105999999999993,-0.0012239,0.013734499999999998,-0.010946299999999999,0.0051983999999999997,0.0086207000000000002,-0.013159199999999998,0.00039059999999999789,-0.019015000000000001,0.0055205000000000002,0.0021987,-0.0026354000000000004,-0.0037248999999999997,0.0146897,-0.0078316000000000011,0.0007177000000000008,-0.0017353000000000002,0.0072120000000000005,-0.0041085000000000002,-0.0020579999999999999,0.0053734000000000004,0.0062294000000000004,0.0074702000000000006,-0.0032337000000000004,0.010199699999999999,-0.010711700000000001,-0.0007459000000000003,-0.0020442999999999998,0.011750999999999999,0.0014904000000000002,-0.0035983999999999999,0.0016839000000000012,-0.00030900000000000025,-0.00059429999999999943,-0.0076173999999999999,-0.0039218999999999999,0.0019699000000000001,0.0082800000000000009,0.00077419999999999963,-0.0052284999999999996,-0.0121618,-0.00298,-0.0089637999999999992,-0.0053673000000000002,0.010270000000000001,0.0044995,0.0095501000000000006,-0.0024677000000000002,-0.00048649999999999995,-0.0022355999999999999,0.0030330999999999999,-0.00016979999999999998,0.0057444999999999996,-0.0012638999999999999,-0.0060761000000000001,-0.00093030000000000001,-0.0038204000000000003,0.0037456,0.0012516999999999999,0.0046909000000000005,0.0056933000000000001,0.0040144999999999998,-0.00041910000000000038,0.0012280999999999995,-0.0028368000000000004,-0.0036654000000000001,0.0029625000000000007,-0.0037123,0.0019449999999999997,-0.00044219999999999936,0.0022261,-0.00093859999999999994,-0.0018845000000000001,-0.0055401000000000001,-0.0018728,-0.010721700000000001,0.0034421999999999999,0.0076489000000000001,-0.0012834000000000022,0.010688300000000001,-0.0079757000000000005,0.0045856999999999998,0.0046443999999999999,0.0042012999999999998,0.00081899999999999996,0.0117454,-0.0044180000000000001,0.00028010000000000003,-0.007267,-0.0030921999999999998,-0.0017412999999999997,-0.016052999999999998,0.0094630999999999986,0.0037166000000000005,-0.0023341000000000004,0.00069690000000000008,0.00090969999999999983,-0.0037634000000000001,0.0002233999999999999,0.0042486000000000008,-1.9000000000000028e-05,-0.0056846999999999991,-0.00083490000000000018,0.0027043000000000002,-0.0017191000000000001,-0.0023597999999999996,-0.0016709000000000003,0.0038770999999999996,-0.0039258000000000001,-0.00028780000000000006,0.0049064000000000009,0.0022702,-0.00097460000000000005,-0.0024867999999999991,0.00034880000000000013,-0.0029986000000000001,-0.0079623999999999997,0.0043227999999999999,-9.0499999999999869e-05,-0.0012150999999999998,0.0061443000000000001,-0.0010868000000000006,0.00060839999999999993,-0.0021656000000000002,0.0024363000000000002,0.00083080000000000046,-0.0052639000000000002,0.0023531000000000003,0.0069583000000000006,-0.0049974000000000008,0.0025936000000000002,0.0017872999999999999,0.00024910000000000036,0.0026909,0.0022364000000000004,0.0018469000000000001,0.0015352,-0.0029009999999999999,0.0040315999999999998,0.0067575999999999999,-0.0098373999999999996,0.0084452999999999993,-0.0095566000000000002,-0.0057279000000000002,0.0010459000000000006,0.0023555,-0.001635,-0.0033657999999999995,-0.0029480000000000001,0.00058889999999999984,-0.00080029999999999999,0.0029362999999999998,0.00014090000000000006,-0.00014189999999999982,-0.00038300000000000009,-0.0029526999999999995,0.0039576000000000004,0.0016555000000000001,-5.5599999999999942e-05,0.0017941000000000003,0.0011007,0.0030549000000000002,0.0057348,-0.0034099999999999998,0.0009033,0.0005889999999999999,0.0023018000000000005,-0.00032400000000000029,-0.0047989,0.00093020000000000006,-0.0002076999999999999,-0.0013819999999999995,-0.0027095999999999995,0.0008864999999999997,0.0026266000000000002,0.0022362000000000003,0.00016789999999999996,0.0011339,-0.0030839999999999999,0.0024471000000000002,0.0063109999999999998,-0.0010462999999999996,-0.0034733999999999998,0.0028027999999999998,0.00057039999999999999,-0.0012767,-7.0400000000000193e-05,0.00051369999999999975,-0.00055889999999999976,0.0021671000000000004,-0.0010360000000000007,-0.0026043999999999998,-0.0010338000000000001,-0.0012633999999999996,0.0043076,0.0027852000000000003,0.0065553999999999994,0.0096690999999999982,-0.00060289999999999996,0.0015457999999999997,-0.0061066000000000011,-0.0007262000000000002,-0.0014524,8.9700000000000066e-05,0.00095109999999999997,0.0011603,-7.3700000000000002e-05,-0.0018112999999999998,0.00050750000000000003,0.0028438999999999999,-0.0008384,0.0025444000000000005,0.0032394000000000004,-0.0013467999999999998,0.00079839999999999989,0.00017440000000000001,0.0014319000000000001,-0.0038184999999999998,-0.0014644,-0.00018690000000000004,-0.0018344000000000004,0.0014986999999999997,0.00011349999999999989,0.0022131,0.00040110000000000015,-0.0021992000000000001,-0.0013582999999999998,0.0001380000000000001,0.0020188000000000003,0.0053853,-0.0031592,0.00061759999999999983,-0.0020134000000000003,-0.0029557999999999997,-0.0036597000000000001,-0.00034059999999999993,-0.0011629000000000001,0.0023832000000000002,-0.00037919999999999989,-0.00029640000000000005,-0.0024304000000000001,-0.0032790999999999992,0.0019851000000000001,0.0015028000000000003,0.003784,-0.00075029999999999997,0.0034174000000000001,0.00075029999999999997,-0.00053419999999999987,-0.0018776000000000001,0.0025529999999999997,-0.0022615999999999999,0.0025964,0.0055850000000000006,-0.0050680999999999999,0.0031290999999999997,-0.0024696000000000002,-0.0022158000000000004,0.00072209999999999983,-0.0062614999999999997,0.0094836999999999994,0.0038364000000000002,0.0066937000000000003,0.0071093000000000007,-0.0038339999999999997,0.00030760000000000005,0.0020917000000000002,0.00066829999999999993,0.0018378000000000001,-0.00084620000000000008,0.0002831,0.00047610000000000008,-0.0026166000000000006,0.00018729999999999992,-0.00057970000000000005,0.0024315999999999999,0.00043729999999999984,0.0017035999999999998,-0.00038189999999999996,0.0021695999999999998,-0.0020936000000000001,-0.0017125,-0.0023407999999999997,-0.00019780000000000015,-0.0010374,-0.0024434000000000001,-0.00018750000000000006,0.00015150000000000005,6.9300000000000004e-05,-0.0021242000000000001,0.0015537000000000003,-0.00068869999999999999,0.0010062999999999999,-0.00011489999999999997,0.0021546999999999998,0.00015579999999999988,-0.0010193000000000001,0.0026048,0.00036610000000000006,-0.0020349999999999999,0.00037870000000000004,-0.0011559000000000005,-0.00047189999999999998,0.00083540000000000025,-0.00084219999999999998,-0.0016466,0.0001893000000000001,-0.0026438999999999994,0.0012236,-0.0011062000000000001,-0.0010270000000000001,0.0010155000000000001,0.00069779999999999994,-0.00030869999999999986,-0.0019807000000000002,0.00069640000000000023,-0.00037769999999999991,0.00022270000000000015,0.0003554999999999997,0.00051179999999999986,0.0013326000000000002,-0.0010801999999999999,-0.0023141000000000004,-0.0011088999999999999,-0.0001374000000000002,-0.0010793999999999995,0.0010219999999999999,0.0032081000000000002,-0.0042795999999999997,-0.0026255999999999996,0.0025531999999999998,-0.0025628999999999999,0.0016397,-0.0018260000000000004,-0.00033139999999999992,0.00073499999999999998,-0.0005020999999999999,0.0010009000000000001,0.00053180000000000002,-0.0022756,0.00045320000000000007,-0.0019664999999999999,-0.00081990000000000014,-0.00038779999999999999,-0.0007980000000000001,0.00033469999999999984,-0.00091690000000000001,0.00059049999999999999,-0.0017415,1.9899999999999996e-05,0.0015606000000000001,0.0016029,0.0012605999999999997,-0.0013576999999999999,0.00098900000000000008,-0.00099130000000000008,-0.0011223000000000001,0.00058799999999999998,0.00029660000000000005,-0.00026659999999999998,0.0020444,-0.00018300000000000011,0.0022727999999999993,2.6900000000000058e-05,0.00018909999999999999,0.0018430000000000002,-0.0016917,0.00017630000000000006,0.0005708,-0.00097759999999999991,0.00020369999999999996,0.00031849999999999999,-0.0018079000000000001,0.00047839999999999981,-0.00045609999999999997,-0.0004285999999999999,-0.00043520000000000017,0.0014768000000000001,0.0013527000000000001,0.0014787999999999999,-0.0010092,-0.0010574,0.00077149999999999983,-0.0014239999999999999,0.00024050000000000015,-0.0015219000000000001,-0.0014412000000000001,0.0023121000000000001,0.00062570000000000019,-0.00084350000000000007,-1.4600000000000138e-05,-0.0007402000000000001,-0.0017948999999999999,0.0020553000000000004,-0.0001515,-0.00038040000000000014,-0.0012674000000000001,-0.0015869,0.0040758000000000001,-0.0017262,-0.0012136,0.0025546000000000002,0.0012176000000000001,0.0010548999999999992,0.0004308999999999999,0.00049819999999999997,0.0053608000000000006,-0.00065560000000000032,0.0018295999999999998
aug_between_class_right_pair0022_child01,Healthy,0,0,Augmented,0,0,0,0,0,0.32103179999999998,1.9590278000000001,9.9999999999999995e-07,0,1.0000000000000002e-07,0.94065290000000001,0,0.060346999999999998,-0.13138949999999999,0.036329500000000001,0.1048747,-0.073706300000000002,0.1020334,0.0072229000000000017,-0.0047311999999999996,-0.011333500000000002,-0.1373761,0.32802599999999998,-0.057156199999999997,-0.013868100000000001,0.092569399999999996,0.007532200000000001,-0.015771199999999999,-0.0116147,-0.040280999999999997,0.018912200000000001,0.054045499999999996,-0.042461400000000003,0.008786600000000002,-0.080025499999999999,0.017188999999999999,0.039234400000000003,-0.0107075,0.013744900000000001,0.027815199999999998,-0.0502931,0.0397379,-0.038146399999999997,-0.071007199999999993,0.099544400000000005,-0.033838,0.1793322,-0.0418187,0.009684100000000001,0.00019080000000000052,-0.0073629000000000003,-0.0099483000000000002,0.0046119999999999998,0.034235700000000001,-0.0048129000000000002,-0.00083640000000000016,-0.0076160000000000004,-0.028471800000000002,-0.0023549000000000018,0.032992300000000002,0.0161256,0.020646100000000001,-0.0106222,0.00035219999999999994,0.0064554,-0.038706900000000002,0.00046799999999999967,0.0016413000000000001,-0.013559300000000002,0.046919799999999998,-0.062953899999999993,0.0051435999999999999,-0.011834899999999999,-0.050998100000000005,0.017525200000000001,-0.0025218000000000003,0.0005842,0.013130800000000001,0.0016138000000000003,0.0079614999999999998,-0.0078148000000000002,0.012285499999999998,0.012263899999999999,-0.00058850000000000005,0.0020436,0.0066430999999999999,-0.0188585,0.0051593999999999998,0.013714900000000002,0.0101771,-0.00086619999999999839,-0.024205999999999998,0.023499800000000001,-0.022978700000000001,-0.010676399999999999,-0.0023276999999999994,0.0030583999999999993,-0.0016370000000000004,-0.0078034000000000003,-0.0061681000000000001,0.0059157999999999997,-0.023916699999999999,-0.010373599999999998,0.020723100000000001,0.00084579999999999985,0.014746200000000001,0.00015949999999999992,0.0015980999999999999,-0.0026395000000000004,0.00047860000000000047,-0.011915200000000001,0.0094829000000000007,-0.0025069999999999997,-0.009236900000000001,-6.9199999999999947e-05,0.0023948999999999997,-0.0025867999999999998,-0.0027493999999999999,0.0069343,0.0097560000000000008,0.0026136000000000002,0.0091249999999999994,0.011527800000000001,-0.0082559,0.0044960999999999994,-0.0050942999999999995,0.0100924,-0.00049649999999999987,-0.0102968,0.012614799999999999,0.0046927000000000002,0.0070944000000000007,-0.0044481,-0.0033723,0.0095271000000000002,0.016112599999999998,-0.0052189999999999997,-0.0020522000000000001,-0.0116475,-0.0071703000000000001,-0.0034291000000000009,-0.0071409000000000004,-0.0021722,0.0026591000000000002,3.3599999999999895e-05,0.0061902000000000007,-0.011914600000000001,0.00084540000000000017,-0.0015179,-0.00054040000000000002,0.0017933999999999999,-2.9599999999999961e-05,-0.0034510000000000001,0.0030163000000000004,-0.0050693000000000005,0.0045300999999999996,-0.00022530000000000033,0.0033793000000000004,0.0025147999999999998,0.00048470000000000002,-0.0029075999999999998,-0.00084519999999999994,-0.0014787000000000001,-0.0018368,-0.0046464999999999996,-0.0045360000000000001,0.0041278,0.00065079999999999999,0.0020745,-0.00050299999999999997,-0.0013563,-0.0094086000000000013,-0.001874,-0.013052500000000002,0.0047217000000000005,0.0084697999999999996,0.0066149999999999994,0.0048144999999999993,-0.0033185000000000003,0.0056756000000000011,0.0037569999999999991,0.0018437000000000002,-0.00073500000000000008,0.0088964999999999999,-0.0030632999999999997,0.0013848,-0.0059179999999999988,-0.0008812999999999999,0.0038310000000000002,-0.0092806,0.0012772999999999994,-0.0064207999999999999,-0.0016768,0.0018092999999999998,-0.0037470000000000003,0.0002249000000000001,-0.0017071000000000005,-0.0020390000000000004,-0.0014867000000000001,-0.0036597999999999999,9.1900000000000011e-05,0.00075499999999999981,-0.0038513000000000002,0.0024428000000000002,0.00075290000000000003,-0.00066789999999999992,-0.00053969999999999995,-0.0010070999999999999,-0.0035661999999999998,0.0024728000000000003,0.00032830000000000012,0.0025041,0.0020043000000000001,-0.0029352000000000002,-0.00043890000000000031,0.0029887999999999998,0.0049352000000000007,-0.002055,0.0042439000000000001,0.0031250999999999996,0.0018800000000000002,-0.0045764999999999998,0.0049283999999999994,-0.0030326999999999997,0.00086780000000000017,-0.00012530000000000006,0.0055677000000000001,-0.00064580000000000008,-0.0039071999999999996,0.0089549,-0.00091690000000000001,-0.0029811,0.0033441999999999999,0.0028124000000000005,-0.0075143000000000007,0.0059346999999999994,-0.0033043,0.0074386999999999995,-0.0046840000000000007,0.0029033000000000002,-0.00025280000000000007,-0.0170814,-0.0012432000000000003,0.0019464,-0.0023372000000000002,0.00098400000000000007,-0.0014448999999999998,-0.0026889000000000001,-0.0022156000000000003,-0.00124,0.0020118000000000002,-0.0032193999999999999,-0.0019053,0.00073220000000000013,0.0050270999999999996,0.00021939999999999999,-3.5700000000000055e-05,-0.0015412999999999998,-0.00024189999999999997,0.00060230000000000006,0.0021278999999999998,-0.0015438000000000001,3.1800000000000014e-05,0.0023335000000000001,0.00029240000000000006,0.0022701000000000002,-0.0080463999999999987,0.00026020000000000004,0.0022184000000000001,-0.0015594000000000001,-0.00048410000000000011,0.0028942999999999998,0.0024669000000000002,0.0042106999999999995,0.0027215,0.0026294000000000001,-0.0051886000000000007,-0.0013537,0.0063487000000000005,-0.0014872999999999998,0.0040198000000000005,0.0037946000000000004,0.0031971,-0.0084069000000000001,-0.00088590000000000001,-0.0060196,0.00010279999999999968,-0.0065255000000000001,0.0018622999999999999,-0.00055639999999999986,0.0017748999999999998,0.0035254000000000001,0.00027920000000000006,-0.0058396999999999998,-1.5400000000000266e-05,0.016120099999999998,-0.0035500000000000002,0.0087846000000000018,-0.0037475000000000008,0.0012504999999999999,-0.0012054000000000001,-0.00037839999999999993,-0.0012546000000000002,-0.00053140000000000045,0.0022043000000000002,-0.0020034000000000002,0.0013068000000000003,0.0013173999999999998,-0.0010097000000000001,0.0017329999999999999,0.0013187000000000001,0.00079109999999999988,0.0025138999999999999,0.0021871,-3.1199999999999999e-05,-5.9600000000000039e-05,-9.8199999999999947e-05,0.0014381000000000001,0.0015952000000000002,0.0024969000000000007,-0.00070420000000000009,0.0018049999999999997,-0.001005,-0.0019272000000000002,-0.00022529999999999989,0.00077049999999999992,0.00044819999999999984,7.1800000000000011e-05,0.0011377000000000002,-0.0017439000000000001,-0.0023649999999999999,-0.0029799999999999996,-0.0017428999999999999,-0.0023007000000000001,-0.0011976000000000001,-0.0011343,-0.0023807999999999998,0.0029659,-0.0021104000000000001,0.00010040000000000006,0.0018134,-0.0013084999999999998,-4.2600000000000005e-05,0.00065509999999999982,0.0018152999999999999,0.0057289000000000003,0.0039438000000000016,-0.0038669999999999998,0.0014140999999999999,0.0012604000000000005,0.0035297000000000002,0.00071619999999999984,-0.00028549999999999995,0.0041857000000000005,-0.0034172999999999994,-0.0021540000000000001,0.0035052000000000008,0.0033911000000000006,-6.2999999999998821e-05,0.0032566000000000001,-0.0012718,0.0102953,-0.0073534000000000013,-0.00057510000000000005,0.0017194999999999999,-0.00043540000000000007,-0.00070170000000000009,0.0013520000000000003,-0.0023795000000000001,2.4000000000000041e-05,-0.00016980000000000006,-0.0012595,0.00047970000000000011,-0.00050829999999999994,0.0011461999999999998,0.0011127999999999999,-0.0015728000000000003,-0.0010636999999999999,-0.0026517000000000003,-0.00032479999999999998,-0.0029448,0.001111,-0.001835,0.0011381000000000004,0.00041819999999999992,-0.0034096999999999999,-0.0013513000000000002,-0.0023467000000000002,-0.00019659999999999998,0.0011335,0.0036681999999999999,-0.0010901999999999999,0.00098759999999999994,-0.00079500000000000003,0.00033220000000000005,4.1299999999999974e-05,0.0012524999999999999,0.0018885,0.00060119999999999998,0.0027101999999999998,-0.00085260000000000002,0.0024020000000000001,9.7699999999999935e-05,-0.0015324,-0.00079239999999999996,0.0028168999999999998,-0.0013143000000000002,-0.0028112000000000002,-0.001253,-0.0016913000000000002,0.0025924999999999993,-0.0038604000000000008,0.00068619999999999987,-0.00039299999999999979,-0.00092239999999999987,0.0021201000000000002,-0.0022599999999999999,-0.0010673,0.0022355999999999999,-0.0026992000000000001,-0.0017454000000000002,0.0028399000000000002,0.00091779999999999987,0.0038472000000000003,0.00010349999999999986,0.00044710000000000019,0.0029045,-0.0071414,-0.0020762000000000003,-0.0024973999999999999,-0.0024389999999999998,0.0010886000000000003,0.00066379999999999998,0.00036410000000000001,-0.00079870000000000006,-0.00074179999999999992,0.00068960000000000017,-0.0020745,0.00048960000000000008,-0.00095680000000000005,0.0019182999999999997,-0.00065019999999999998,-0.00055130000000000001,0.0014467,-0.0010640000000000001,-0.0016671000000000001,0.0015755999999999999,-0.00042660000000000007,0.00024710000000000004,0.0021668,-0.0001538,0.0015919999999999999,-0.0019223000000000001,-0.0012798999999999998,-0.00044439999999999996,-0.0005953000000000001,0.001547,-0.0016096000000000001,-0.0015663999999999999,0.0014055000000000001,-9.2400000000000037e-05,-0.0027852999999999997,-0.0007873,-0.00094240000000000003,-0.00021880000000000001,-0.00061210000000000008,0.00085039999999999985,-0.00013219999999999999,0.0013039000000000002,0.00063610000000000001,-0.00052130000000000004,-6.6699999999999995e-05,-0.00035360000000000014,-0.00094249999999999976,-0.00038260000000000008,0.00070270000000000011,0.0011145999999999999,0.0014981,-0.0013776999999999999,0.0013452,-0.00055770000000000006,-0.0030165000000000001,-0.0017636000000000002,-0.0019166999999999999,-0.00015190000000000006,-0.00096000000000000013,0.0017605999999999998,-0.0014445999999999999,0.0015251000000000002,-0.0040813000000000004,-0.0011381000000000002,0.00041119999999999991,-0.0025125,0.0047232000000000003,-0.0015900999999999999,-0.0017997999999999998,0.00082669999999999987,-0.0037628000000000006,-0.0020367000000000002,0.0030881999999999997,-0.0010493,0.0045950000000000001,0.0019566000000000002,-0.00079979999999999993,0.0056774,-0.0037387000000000002,-0.0022059999999999996
aug_between_class_right_pair0022_child02,Healthy,0,0,Augmented,0,0,0,0,0,0.32147359999999997,1.9584676000000001,1.0000000000000002e-06,0,1.9999999999999999e-07,0.94309279999999995,0,0.059957000000000003,-0.13381199999999999,0.035491999999999996,0.10335140000000001,-0.071949600000000002,0.1002758,0.0094847999999999998,-0.0030073999999999995,-0.010135999999999999,-0.1363752,0.33679500000000001,-0.0592834,-0.0137742,0.090407799999999996,0.0096554000000000015,-0.016580399999999999,-0.012042400000000002,-0.039236,0.0191314,0.054890999999999995,-0.044040800000000005,0.0085301999999999999,-0.080504000000000006,0.016480000000000002,0.040639800000000004,-0.0094329999999999987,0.012316800000000001,0.027934399999999998,-0.049422199999999999,0.040294799999999999,-0.0386238,-0.074660400000000002,0.10070080000000001,-0.036502,0.18050139999999998,-0.039597400000000005,0.0106672,-4.739999999999996e-05,-0.0073058000000000003,-0.010302599999999999,0.0037229999999999997,0.035370399999999996,-0.0045148000000000002,-0.0018487999999999994,-0.0080339999999999995,-0.0298246,-0.0024998000000000017,0.031196599999999998,0.016338200000000001,0.021162199999999999,-0.010341400000000001,0.0015953999999999999,0.0068187999999999999,-0.040570799999999997,-0.00013800000000000054,0.0016495999999999998,-0.012606600000000001,0.046785599999999997,-0.064283800000000002,0.0049821999999999991,-0.0137088,-0.051093200000000005,0.017205399999999999,-0.0025036000000000004,0.0010743999999999999,0.013166600000000001,0.0027756000000000005,0.0082629999999999995,-0.0080815999999999995,0.011949,0.0120748,-0.000428,0.0025521999999999997,0.0068582000000000001,-0.018960000000000001,0.0046017999999999996,0.012603800000000002,0.010969199999999998,-0.0017073999999999995,-0.023816999999999998,0.023814600000000002,-0.022350399999999999,-0.0105348,-0.0013173999999999994,0.0024548,-0.0029370000000000004,-0.0084557999999999994,-0.0067181999999999997,0.0066886000000000003,-0.024212400000000002,-0.0105132,0.019457200000000001,0.00081560000000000009,0.014509399999999999,0.00072099999999999942,-0.00010380000000000046,-0.0020970000000000003,0.00048620000000000043,-0.011599400000000001,0.0098367999999999997,-0.0022589999999999997,-0.0080637999999999994,-0.00012939999999999989,0.0028547999999999998,-0.0025315999999999997,-0.0033538000000000001,0.0072006000000000006,0.009784000000000001,0.0024292000000000003,0.0089309999999999997,0.0117076,-0.0085938000000000004,0.0047472,-0.0059795999999999998,0.0096947999999999999,-0.00076099999999999974,-0.010285599999999999,0.0120456,0.0040204000000000004,0.0074078,-0.0044182000000000006,-0.0035916000000000003,0.0086362000000000001,0.0157232,-0.0054609999999999997,-0.0026454,-0.012108000000000001,-0.0064896000000000007,-0.0037962000000000004,-0.0074187999999999997,-0.00096739999999999977,0.0017631999999999999,0.00069719999999999982,0.0059044000000000006,-0.011435200000000003,0.00085780000000000025,-0.0015848000000000001,-0.00082479999999999988,0.0016528000000000001,0.00023279999999999991,-0.0035980000000000001,0.0028605999999999996,-0.0052476000000000007,0.0046061999999999995,0.00026539999999999995,0.0030915999999999999,0.0027206000000000001,0.00032840000000000001,-0.0028791999999999997,-0.0006914,-0.0015504,-0.0023406,-0.003973,-0.004365,0.0039956000000000002,0.00078559999999999958,0.0017890000000000002,-0.00031899999999999984,-0.0018016,-0.0090542000000000001,-0.0024080000000000004,-0.012400000000000001,0.0040613999999999997,0.0091045999999999992,0.006319,0.0050639999999999999,-0.0037820000000000002,0.005584200000000001,0.0028969999999999994,0.0019843999999999999,-0.00072599999999999997,0.0085380000000000005,-0.0022935999999999998,0.0010656000000000001,-0.0062709999999999988,-0.0018935999999999996,0.0035349999999999999,-0.0098501999999999999,0.001143599999999999,-0.0070725999999999992,-0.0017316,0.0014795999999999998,-0.003692,0.00029380000000000031,-0.0017382000000000001,-0.0021850000000000003,-0.0014794000000000001,-0.0034746,-0.00014020000000000005,0.00099099999999999991,-0.0037076000000000001,0.0018645999999999995,0.00065680000000000014,-0.00078479999999999999,-0.00016839999999999997,-0.00037920000000000006,-0.0033754000000000002,0.0025516000000000002,0.00026160000000000007,0.0023871999999999999,0.0017896000000000001,-0.0024354000000000003,-0.00058379999999999934,0.0031966,0.0046284000000000004,-0.0023370000000000001,0.0039157999999999997,0.0033522000000000001,0.001683,-0.0044520000000000011,0.0049128000000000002,-0.0030753999999999998,0.0010326000000000007,-0.00037259999999999984,0.0051913999999999997,-0.00076559999999999996,-0.0047914000000000003,0.0088838000000000007,-0.00089579999999999998,-0.0033352,0.0032063999999999999,0.0029408000000000004,-0.0069765999999999986,0.0053683999999999997,-0.0036286000000000001,0.0074354,-0.0043620000000000004,0.0028316000000000001,0.00019940000000000149,-0.017148800000000002,-0.00097539999999999996,0.0020438000000000001,-0.0021634000000000002,0.0010509999999999999,-0.0016077999999999999,-0.0024108000000000003,-0.0025082000000000004,-0.00096100000000000005,0.0019566000000000002,-0.0031118000000000001,-0.0021475999999999999,0.0010264,0.0051462000000000001,0.00035380000000000003,-4.5399999999999911e-05,-0.0016535999999999999,0.00017619999999999997,0.00038460000000000002,0.0021557999999999998,-0.0015726,0.00010159999999999998,0.0027039999999999998,0.00055179999999999997,0.0018762000000000002,-0.0078378000000000007,0.00015439999999999985,0.0020178000000000001,-0.0021367999999999999,-0.00071220000000000018,0.0029665999999999998,0.0027477999999999999,0.0041364000000000001,0.002898,0.0025278000000000002,-0.0046582000000000004,-0.0014783999999999999,0.0061083999999999999,-0.0012936,0.0034675999999999999,0.0038992000000000002,0.0033442000000000003,-0.0086178000000000001,-0.0012748,-0.0058172000000000007,0.00035059999999999952,-0.0066559999999999996,0.0017225999999999999,-0.00040679999999999991,0.0017628000000000001,0.0028488000000000007,0.00013240000000000018,-0.0060143999999999996,-0.00020680000000000004,0.016058200000000002,-0.0037670000000000004,0.0084082000000000011,-0.0035040000000000002,0.0012549999999999998,-0.0011467999999999999,-0.00024480000000000004,-0.0011902000000000002,-0.00017580000000000026,0.0022746000000000003,-0.0021348000000000001,0.0013096000000000002,0.0012287999999999999,-0.0011434000000000001,0.0014449999999999999,0.0013934000000000002,0.0004482,0.0026278,0.0019892,0.00010459999999999999,-0.00047220000000000009,0.00016660000000000004,0.0019742000000000002,0.00097240000000000022,0.0020888,-0.00059440000000000003,0.001843,-0.0010349999999999999,-0.0015334000000000003,-0.00045359999999999997,0.00078899999999999999,0.00059439999999999992,8.1600000000000032e-05,0.0011154000000000001,-0.0014378000000000001,-0.002078,-0.0027299999999999998,-0.0017198000000000001,-0.0024104,-0.0010912000000000001,-0.00084060000000000016,-0.0015925999999999996,0.0028868000000000001,-0.0018928000000000003,-9.1999999999998984e-06,0.0017488,-0.0011180000000000001,-0.00020719999999999999,0.00048219999999999996,0.0017185999999999998,0.0052788000000000002,0.0038786000000000003,-0.0035639999999999999,0.0012352000000000001,0.00099980000000000034,0.0032914000000000003,0.00092939999999999993,-0.00024200000000000003,0.0042334,-0.0027255999999999999,-0.002467,0.0031764000000000002,0.0028402000000000002,6.4000000000000688e-05,0.0031602000000000002,-0.00094359999999999973,0.010544599999999999,-0.0069998000000000013,-0.00045720000000000005,0.0014439999999999998,-0.00011680000000000002,-0.00083539999999999992,0.0012650000000000001,-0.0021229999999999999,0.00013000000000000002,-0.00012960000000000001,-0.0011489999999999998,0.00065340000000000016,-0.00053259999999999983,0.00070639999999999982,0.00065959999999999999,-0.0015376000000000003,-0.00067939999999999993,-0.0026684,-0.00041760000000000001,-0.0028896,0.00096799999999999989,-0.001621,0.0010812,0.00024739999999999983,-0.0031373999999999998,-0.0012106,-0.0022404,-0.00014619999999999995,0.00090999999999999989,0.0034444000000000002,-0.00061739999999999983,0.0010362000000000001,-0.00068000000000000005,0.00025740000000000008,9.4599999999999914e-05,0.0010069999999999999,0.0021740000000000002,0.0002364,0.0027743999999999998,-0.00069419999999999996,0.0023639999999999998,0.00036239999999999992,-0.0012998,-0.00086180000000000002,0.0026368000000000003,-0.0011675999999999998,-0.0025724000000000003,-0.0012360000000000001,-0.0016356000000000005,0.0026800000000000001,-0.0039528000000000002,0.00045339999999999996,-0.00023099999999999987,-0.0010457999999999999,0.0021252000000000003,-0.002127,-0.0010135999999999999,0.0020322000000000001,-0.0028963999999999999,-0.0022288000000000004,0.0026428000000000003,0.0010766,0.0035874000000000001,6.9999999999999967e-05,0.00070819999999999998,0.0029219999999999993,-0.0070697999999999993,-0.0018404000000000003,-0.0026528000000000003,-0.0024300000000000003,0.00088419999999999992,0.00064959999999999996,0.00044720000000000003,-0.00086439999999999998,-0.00071860000000000001,0.00051620000000000008,-0.0017600000000000001,0.00038120000000000005,-0.00091259999999999996,0.0018265999999999998,-0.00076239999999999999,-0.00048060000000000008,0.0015384000000000001,-0.001191,-0.0015422000000000001,0.0015171999999999998,-0.0002542,0.00010120000000000002,0.0019825999999999997,-0.00015059999999999997,0.001503,-0.0016096000000000001,-0.00086479999999999999,-0.00041679999999999994,-0.00072260000000000022,0.001573,-0.0016472000000000001,-0.0014937999999999996,0.0014859999999999999,-0.00061280000000000015,-0.0024775999999999999,-0.00054560000000000003,-0.0008477999999999999,-0.00022259999999999999,-0.00058220000000000006,0.00070979999999999991,2.1600000000000037e-05,0.0010328000000000002,0.00067420000000000012,-0.00051559999999999996,-0.0003393999999999999,-7.5199999999999985e-05,-0.00058499999999999991,-0.00049520000000000011,0.00071240000000000008,0.0014762,0.0014951999999999999,-0.0013074,0.0012794,-0.00034540000000000016,-0.0030350000000000004,-0.0014852000000000003,-0.0014094000000000003,-0.00013379999999999989,-0.00084000000000000025,0.0018791999999999997,-0.0013232000000000001,0.0013602000000000002,-0.0037486000000000004,-0.0011152,0.00044740000000000003,-0.0027230000000000006,0.0045944000000000011,-0.0013691999999999999,-0.0014866,0.00065039999999999998,-0.0039546,-0.0023264000000000006,0.0031343999999999999,-0.00098660000000000024,0.0048820000000000001,0.0016972000000000001,-0.0010466,0.0057337999999999998,-0.0038863999999999999,-0.0018649999999999997
aug_between_class_right_pair0022_child03,Healthy,0,0,Augmented,0,0,0,0,0,0.32191540000000002,1.9579074000000001,9.9999999999999995e-07,0,2.9999999999999999e-07,0.9455327,4.1359030627651384e-25,0.059566999999999995,-0.13623450000000001,0.034654499999999998,0.1018281,-0.070192900000000003,0.0985182,0.011746699999999999,-0.0012836000000000002,-0.0089385000000000003,-0.1353743,0.34556399999999998,-0.061410599999999996,-0.013680299999999999,0.088246199999999997,0.0117786,-0.017389600000000002,-0.0124701,-0.038191000000000003,0.019350600000000003,0.055736499999999994,-0.0456202,0.0082738000000000013,-0.080982500000000013,0.015771,0.042045200000000005,-0.0081585000000000026,0.010888700000000001,0.028053599999999998,-0.048551299999999999,0.040851699999999998,-0.039101200000000003,-0.078313599999999997,0.10185719999999999,-0.039165999999999999,0.18167059999999999,-0.037376100000000002,0.011650300000000001,-0.0002856,-0.0072487000000000003,-0.0106569,0.0028339999999999997,0.036505099999999999,-0.0042167000000000003,-0.0028612000000000004,-0.0084520000000000012,-0.031177400000000001,-0.0026446999999999998,0.029400899999999997,0.016550800000000001,0.021678299999999998,-0.010060599999999999,0.0028386000000000002,0.0071822000000000014,-0.042434699999999999,-0.00074399999999999987,0.0016578999999999999,-0.0116539,0.046651399999999996,-0.065613699999999997,0.0048208000000000001,-0.015582700000000003,-0.051188299999999992,0.016885600000000001,-0.0024854,0.0015645999999999998,0.0132024,0.0039374000000000006,0.0085644999999999992,-0.0083484000000000006,0.0116125,0.011885699999999999,-0.00026749999999999994,0.0030608000000000002,0.0070732999999999994,-0.019061499999999999,0.0040441999999999995,0.0114927,0.011761299999999999,-0.0025485999999999998,-0.023427999999999997,0.024129400000000002,-0.021722100000000001,-0.0103932,-0.00030709999999999939,0.0018511999999999999,-0.0042370000000000003,-0.0091082000000000003,-0.0072683000000000001,0.0074614,-0.024508099999999998,-0.010652799999999999,0.018191300000000001,0.0007853999999999999,0.0142726,0.0012824999999999972,-0.0018056999999999999,-0.0015545000000000003,0.00049379999999999997,-0.011283600000000001,0.0101907,-0.0020110000000000002,-0.0068907000000000013,-0.00018960000000000005,0.0033146999999999999,-0.0024763999999999997,-0.0039582000000000003,0.0074669000000000003,0.0098120000000000013,0.0022447999999999999,0.008737,0.011887399999999999,-0.008931699999999999,0.0049982999999999998,-0.0068649000000000002,0.0092972000000000003,-0.0010254999999999999,-0.0102744,0.011476399999999999,0.0033480999999999997,0.0077211999999999992,-0.0043883000000000012,-0.0038108999999999999,0.0077453000000000001,0.015333799999999998,-0.0057029999999999997,-0.0032386000000000003,-0.0125685,-0.0058089000000000005,-0.0041633000000000009,-0.0076966999999999999,0.00023740000000000046,0.0008673000000000001,0.0013607999999999997,0.0056185999999999996,-0.010955800000000002,0.00087020000000000012,-0.0016517000000000001,-0.0011091999999999999,0.0015122,0.00049520000000000011,-0.0037450000000000001,0.0027048999999999997,-0.0054259000000000009,0.0046822999999999995,0.0007561,0.0028038999999999998,0.0029264,0.00017210000000000001,-0.0028507999999999997,-0.00053760000000000017,-0.0016221,-0.0028444,-0.0032994999999999999,-0.0041939999999999998,0.0038633999999999999,0.00092040000000000004,0.0015035000000000001,-0.00013500000000000014,-0.0022469,-0.0086998000000000006,-0.0029420000000000002,-0.011747500000000001,0.0034010999999999998,0.0097393999999999988,0.0060229999999999988,0.0053134999999999996,-0.0042455000000000001,0.0054927999999999999,0.0020369999999999997,0.0021251,-0.00071700000000000008,0.0081794999999999993,-0.0015239000000000003,0.00074640000000000004,-0.0066239999999999988,-0.0029058999999999999,0.0032389999999999997,-0.0104198,0.0010099000000000002,-0.0077243999999999993,-0.0017864000000000001,0.0011498999999999999,-0.0036369999999999996,0.00036269999999999965,-0.0017692999999999997,-0.0023309999999999997,-0.0014721000000000001,-0.0032894,-0.00037229999999999989,0.001227,-0.0035639000000000001,0.0012863999999999996,0.00056069999999999991,-0.00090169999999999985,0.00020289999999999978,0.00024869999999999987,-0.0031845999999999997,0.0026303999999999998,0.0001948999999999998,0.0022702999999999998,0.0015749,-0.0019356,-0.00072870000000000009,0.0034043999999999997,0.0043216000000000001,-0.0026189999999999998,0.0035877000000000001,0.0035793000000000001,0.0014859999999999999,-0.0043274999999999997,0.0048971999999999991,-0.0031180999999999995,0.0011974000000000004,-0.00061990000000000005,0.0048151000000000001,-0.00088539999999999995,-0.0056755999999999994,0.0088126999999999997,-0.00087469999999999952,-0.0036893,0.0030685999999999999,0.0030692000000000002,-0.0064388999999999991,0.0048020999999999993,-0.0039528999999999996,0.0074320999999999988,-0.0040400000000000011,0.0027599,0.00065159999999999871,-0.017216200000000001,-0.00070760000000000007,0.0021411999999999998,-0.0019896000000000002,0.0011180000000000001,-0.0017706999999999998,-0.0021326999999999995,-0.0028007999999999996,-0.00068199999999999999,0.0019014000000000001,-0.0030041999999999998,-0.0023899000000000004,0.0013205999999999999,0.0052653000000000005,0.00048820000000000005,-5.5099999999999984e-05,-0.0017658999999999999,0.00059429999999999997,0.00016689999999999994,0.0021837000000000002,-0.0016014,0.00017139999999999999,0.0030745,0.00081120000000000009,0.0014823000000000002,-0.0076291999999999992,4.8599999999999989e-05,0.0018172000000000002,-0.0027141999999999999,-0.00094029999999999992,0.0030388999999999998,0.0030286999999999996,0.0040620999999999999,0.0030745,0.0024261999999999999,-0.0041278,-0.0016030999999999999,0.0058681000000000002,-0.0010999,0.0029154000000000003,0.0040038000000000001,0.0034913000000000001,-0.0088287000000000001,-0.0016636999999999999,-0.0056147999999999997,0.0005983999999999998,-0.0067865,0.0015828999999999999,-0.0002572000000000004,0.0017506999999999996,0.0021721999999999996,-1.4399999999999699e-05,-0.0061890999999999995,-0.00039820000000000003,0.015996299999999998,-0.0039839999999999997,0.0080318000000000004,-0.0032605000000000004,0.0012595,-0.0010881999999999999,-0.00011119999999999998,-0.0011258000000000002,0.00017979999999999993,0.0023449,-0.0022661999999999995,0.0013124,0.0011402000000000001,-0.0012771000000000002,0.001157,0.0014681,0.00010529999999999996,0.0027416999999999997,0.0017913,0.00024039999999999999,-0.00088480000000000004,0.00043139999999999997,0.0025103,0.00034960000000000015,0.0016807,-0.00048460000000000002,0.0018809999999999999,-0.001065,-0.0011395999999999999,-0.00068190000000000004,0.00080749999999999995,0.0007405999999999999,9.1399999999999945e-05,0.0010931000000000001,-0.0011317000000000002,-0.0017909999999999998,-0.0024799999999999996,-0.0016967,-0.0025200999999999999,-0.00098479999999999987,-0.0005468999999999999,-0.00080439999999999939,0.0028076999999999998,-0.0016752000000000002,-0.00011880000000000007,0.0016841999999999998,-0.00092749999999999983,-0.00037179999999999993,0.00030929999999999993,0.0016218999999999999,0.0048287,0.0038134000000000006,-0.0032609999999999996,0.0010562999999999998,0.00073920000000000019,0.0030531,0.0011426000000000001,-0.00019850000000000011,0.0042811000000000004,-0.0020338999999999999,-0.0027799999999999995,0.0028476,0.0022892999999999998,0.00019100000000000106,0.0030638000000000002,-0.00061539999999999989,0.010793899999999999,-0.0066461999999999997,-0.00033930000000000001,0.0011684999999999996,0.00020180000000000013,-0.00096909999999999997,0.0011779999999999998,-0.0018665000000000001,0.00023599999999999994,-8.939999999999995e-05,-0.0010384999999999997,0.0008271000000000001,-0.00055689999999999993,0.00026659999999999987,0.00020639999999999992,-0.0015023999999999999,-0.00029509999999999975,-0.0026851000000000002,-0.00051040000000000005,-0.0028343999999999999,0.00082499999999999989,-0.0014069999999999998,0.0010242999999999999,7.6600000000000019e-05,-0.0028650999999999998,-0.0010699000000000001,-0.0021340999999999999,-9.579999999999997e-05,0.00068649999999999972,0.0032206000000000001,-0.00014459999999999977,0.0010847999999999999,-0.00056499999999999996,0.00018259999999999999,0.00014790000000000007,0.00076149999999999992,0.0024594999999999999,-0.00012839999999999987,0.0028386000000000002,-0.0005357999999999999,0.0023259999999999999,0.00062710000000000001,-0.0010671999999999999,-0.00093120000000000008,0.0024567,-0.0010208999999999995,-0.0023335999999999999,-0.001219,-0.0015799,0.0027675,-0.0040451999999999997,0.0002206,-6.9000000000000051e-05,-0.0011692,0.0021302999999999999,-0.0019940000000000001,-0.00095990000000000008,0.0018288000000000002,-0.0030935999999999997,-0.0027122000000000001,0.0024457000000000003,0.0012354,0.0033276,3.649999999999964e-05,0.00096929999999999998,0.0029394999999999994,-0.0069981999999999996,-0.0016045999999999999,-0.0028081999999999998,-0.0024209999999999991,0.00067979999999999994,0.00063539999999999994,0.00053030000000000004,-0.0009301,-0.00069539999999999988,0.00034280000000000009,-0.0014455,0.00027280000000000002,-0.00086839999999999986,0.0017348999999999999,-0.0008745999999999999,-0.00040990000000000004,0.0016301000000000002,-0.0013180000000000002,-0.0014173,0.0014588000000000001,-8.1799999999999928e-05,-4.4700000000000002e-05,0.0017983999999999999,-0.0001474,0.0014139999999999999,-0.0012968999999999997,-0.00044969999999999982,-0.00038920000000000003,-0.0008498999999999999,0.0015989999999999999,-0.0016848,-0.0014211999999999996,0.0015664999999999998,-0.0011331999999999998,-0.0021698999999999998,-0.00030390000000000001,-0.00075319999999999988,-0.00022640000000000003,-0.00055229999999999982,0.00056919999999999996,0.00017540000000000004,0.00076170000000000003,0.0007122999999999998,-0.00050989999999999998,-0.00061209999999999997,0.00020320000000000006,-0.00022749999999999992,-0.00060779999999999992,0.00072210000000000004,0.0018377999999999999,0.0014923,-0.0012371000000000001,0.0012135999999999998,-0.00013309999999999996,-0.0030535000000000007,-0.0012068000000000001,-0.00090209999999999986,-0.00011569999999999994,-0.0007199999999999995,0.0019977999999999997,-0.0012017999999999998,0.0011953000000000001,-0.0034158999999999995,-0.0010922999999999998,0.00048359999999999994,-0.0029335000000000003,0.0044656000000000001,-0.0011482999999999999,-0.0011734,0.00047409999999999987,-0.0041463999999999997,-0.0026161000000000001,0.0031806,-0.00092389999999999985,0.005169,0.0014378000000000001,-0.0012933999999999999,0.0057902000000000006,-0.0040340999999999997,-0.0015239999999999991
aug_between_class_right_pair0022_child04,Healthy,0,0,Augmented,0,0,0,0,0,0.32235720000000001,1.9573472000000001,9.9999999999999995e-07,0,3.9999999999999998e-07,0.94797259999999994,0,0.059177,-0.138657,0.033817,0.1003048,-0.068436200000000003,0.096760600000000002,0.014008600000000001,0.00044019999999999997,-0.0077410000000000014,-0.1343734,0.35433300000000001,-0.063537800000000005,-0.0135864,0.086084599999999997,0.013901800000000002,-0.018198800000000001,-0.012897799999999999,-0.037145999999999998,0.019569800000000002,0.056581999999999993,-0.047199600000000001,0.0080174000000000009,-0.081461000000000006,0.015062000000000001,0.043450599999999999,-0.0068839999999999995,0.0094605999999999996,0.028172799999999998,-0.047680399999999998,0.041408599999999997,-0.039578600000000005,-0.081966800000000006,0.1030136,-0.041829999999999999,0.1828398,-0.0351548,0.012633399999999999,-0.00052380000000000005,-0.0071916000000000002,-0.011011200000000001,0.0019449999999999997,0.037639800000000001,-0.0039186000000000004,-0.0038736000000000005,-0.0088700000000000011,-0.032530200000000002,-0.0027895999999999997,0.027605199999999996,0.016763400000000001,0.0221944,-0.0097798,0.0040818,0.0075456000000000013,-0.0442986,-0.0013500000000000001,0.0016662000000000001,-0.010701199999999999,0.046517200000000002,-0.066943600000000006,0.0046593999999999993,-0.017456600000000003,-0.0512834,0.016565799999999999,-0.0024672000000000001,0.0020547999999999999,0.0132382,0.0050992000000000008,0.0088660000000000024,-0.0086151999999999999,0.011276,0.0116966,-0.00010699999999999989,0.0035693999999999999,0.0072883999999999996,-0.019162999999999999,0.0034865999999999999,0.0103816,0.012553399999999999,-0.0033898000000000001,-0.023039,0.024444199999999999,-0.021093799999999999,-0.0102516,0.00070320000000000018,0.0012476000000000006,-0.005537000000000002,-0.0097605999999999995,-0.0078183999999999997,0.0082342000000000005,-0.024803800000000001,-0.010792399999999999,0.0169254,0.00075519999999999971,0.014035799999999999,0.0018439999999999984,-0.0035076000000000009,-0.0010119999999999999,0.00050139999999999994,-0.0109678,0.010544599999999999,-0.001763,-0.0057176000000000006,-0.0002498,0.0037746000000000004,-0.0024212000000000001,-0.0045626,0.0077332000000000008,0.0098399999999999998,0.0020604,0.0085430000000000002,0.0120672,-0.0092695999999999994,0.0052493999999999996,-0.0077502000000000005,0.0088996000000000006,-0.0012899999999999999,-0.0102632,0.010907199999999999,0.002675799999999999,0.0080345999999999994,-0.0043584000000000001,-0.0040302000000000003,0.0068544000000000001,0.0149444,-0.0059450000000000006,-0.0038318000000000007,-0.013029000000000001,-0.0051282000000000003,-0.0045304000000000004,-0.0079746000000000001,0.0014421999999999998,-2.860000000000037e-05,0.0020244,0.0053328000000000004,-0.0104764,0.00088259999999999999,-0.0017186,-0.0013935999999999998,0.0013715999999999999,0.00075760000000000009,-0.0038920000000000001,0.0025491999999999997,-0.0056042000000000002,0.0047583999999999994,0.0012468000000000002,0.0025162000000000001,0.0031321999999999999,1.5800000000000018e-05,-0.0028223999999999996,-0.0003838,-0.0016938000000000001,-0.0033482,-0.0026259999999999999,-0.0040230000000000005,0.0037312000000000001,0.0010552000000000001,0.0012180000000000001,4.8999999999999565e-05,-0.0026922000000000001,-0.0083453999999999993,-0.0034760000000000004,-0.011095000000000001,0.0027407999999999998,0.0103742,0.0057269999999999995,0.0055630000000000002,-0.0047089999999999996,0.0054013999999999998,0.0011769999999999992,0.0022658000000000001,-0.00070799999999999997,0.0078209999999999998,-0.00075420000000000001,0.00042719999999999998,-0.0069769999999999997,-0.0039181999999999993,0.0029430000000000003,-0.0109894,0.00087619999999999972,-0.0083761999999999986,-0.0018411999999999999,0.00082019999999999988,-0.0035820000000000001,0.00043159999999999987,-0.0018003999999999997,-0.0024770000000000005,-0.0014648,-0.0031042000000000001,-0.00060439999999999973,0.0014629999999999999,-0.0034202,0.00070819999999999943,0.00046459999999999991,-0.0010185999999999999,0.00057419999999999997,0.00087660000000000017,-0.0029937999999999996,0.0027092000000000001,0.00012819999999999997,0.0021533999999999998,0.0013602,-0.0014358000000000001,-0.00087359999999999998,0.0036121999999999999,0.0040147999999999998,-0.0029009999999999999,0.0032596000000000001,0.0038063999999999997,0.0012889999999999998,-0.0042030000000000001,0.0048815999999999998,-0.0031608000000000001,0.0013622,-0.00086719999999999983,0.0044387999999999997,-0.0010052000000000001,-0.006559800000000001,0.0087415999999999987,-0.00085359999999999993,-0.0040433999999999999,0.0029307999999999999,0.0031976000000000001,-0.0059011999999999988,0.0042357999999999996,-0.0042772000000000001,0.0074287999999999993,-0.0037180000000000008,0.0026882,0.0011038000000000011,-0.0172836,-0.00043979999999999974,0.0022385999999999999,-0.0018158,0.0011850000000000003,-0.0019336000000000002,-0.0018545999999999997,-0.0030934000000000001,-0.00040300000000000004,0.0018461999999999997,-0.0028965999999999996,-0.0026322000000000003,0.0016148,0.005384400000000001,0.00062260000000000006,-6.4799999999999949e-05,-0.0018782,0.0010124000000000001,-5.0800000000000056e-05,0.0022116000000000002,-0.0016302000000000001,0.00024119999999999998,0.0034450000000000001,0.0010706000000000001,0.0010884000000000002,-0.0074205999999999994,-5.7200000000000089e-05,0.0016165999999999999,-0.0032916,-0.0011684,0.0031111999999999997,0.0033096000000000002,0.0039877999999999997,0.0032509999999999995,0.0023246,-0.0035974000000000002,-0.0017278,0.0056278000000000005,-0.00090620000000000002,0.0023631999999999998,0.0041083999999999999,0.0036384,-0.0090396000000000001,-0.0020525999999999999,-0.0054123999999999995,0.00084619999999999964,-0.0069169999999999995,0.0014432,-0.00010760000000000023,0.0017385999999999999,0.0014956000000000001,-0.00016119999999999958,-0.0063637999999999993,-0.00058959999999999959,0.015934399999999998,-0.0042009999999999999,0.0076554000000000014,-0.0030169999999999988,0.0012639999999999999,-0.0010295999999999999,2.2399999999999989e-05,-0.0010614000000000001,0.0005353999999999999,0.0024152000000000002,-0.0023975999999999997,0.0013151999999999999,0.0010516,-0.0014108,0.00086900000000000009,0.0015428,-0.00023760000000000016,0.0028555999999999998,0.0015934,0.00037619999999999998,-0.0012974000000000002,0.00069620000000000023,0.0030464000000000003,-0.00027319999999999986,0.0012726,-0.0003748,0.0019190000000000001,-0.0010950000000000001,-0.00074580000000000002,-0.00091020000000000011,0.00082600000000000002,0.00088679999999999998,0.00010120000000000007,0.0010708,-0.00082560000000000012,-0.0015039999999999999,-0.0022300000000000002,-0.0016735999999999999,-0.0026297999999999998,-0.00087839999999999999,-0.00025319999999999997,-1.619999999999931e-05,0.0027285999999999999,-0.0014576000000000001,-0.00022840000000000002,0.0016196000000000001,-0.00073699999999999992,-0.00053640000000000014,0.00013640000000000001,0.0015252,0.0043785999999999999,0.0037482000000000001,-0.0029579999999999997,0.00087739999999999975,0.00047860000000000003,0.0028147999999999997,0.0013558000000000001,-0.00015500000000000019,0.0043287999999999998,-0.0013421999999999998,-0.0030929999999999994,0.0025187999999999999,0.0017384,0.00031800000000000057,0.0029673999999999994,-0.00028720000000000004,0.011043199999999998,-0.0062926000000000006,-0.00022140000000000004,0.00089299999999999981,0.00052040000000000007,-0.0011028000000000001,0.001091,-0.0016099999999999999,0.00034199999999999991,-4.9200000000000003e-05,-0.0009279999999999999,0.0010008000000000003,-0.00058120000000000003,-0.00017320000000000014,-0.00024680000000000014,-0.0014672000000000001,8.9200000000000108e-05,-0.0027017999999999999,-0.00060320000000000003,-0.0027791999999999999,0.00068199999999999988,-0.001193,0.0009674000000000002,-9.420000000000023e-05,-0.0025927999999999997,-0.00092920000000000003,-0.0020277999999999997,-4.5399999999999972e-05,0.00046299999999999976,0.0029968,0.00032820000000000017,0.0011334000000000001,-0.00044999999999999999,0.00010780000000000007,0.00020120000000000001,0.00051599999999999997,0.002745,-0.00049320000000000017,0.0029028000000000001,-0.00037740000000000001,0.0022880000000000001,0.0008918000000000001,-0.0008345999999999999,-0.0010006000000000001,0.0022765999999999997,-0.00087419999999999989,-0.0020948,-0.0012019999999999999,-0.0015242000000000003,0.0028549999999999999,-0.0041376,-1.220000000000008e-05,9.2999999999999984e-05,-0.0012926000000000005,0.0021354,-0.001861,-0.00090620000000000002,0.0016253999999999999,-0.0032908,-0.0031956000000000007,0.0022485999999999999,0.0013942000000000002,0.0030678000000000003,2.9999999999997477e-06,0.0012304,0.0029570000000000004,-0.0069265999999999998,-0.0013687999999999999,-0.0029636000000000003,-0.0024120000000000005,0.00047539999999999974,0.00062119999999999992,0.00061339999999999995,-0.00099580000000000003,-0.00067219999999999997,0.00016940000000000005,-0.0011309999999999998,0.00016440000000000001,-0.00082419999999999998,0.0016431999999999998,-0.00098680000000000013,-0.0003392,0.0017218000000000003,-0.0014450000000000001,-0.0012924,0.0014004,9.0600000000000088e-05,-0.00019060000000000011,0.0016141999999999997,-0.00014420000000000001,0.001325,-0.00098419999999999975,-3.4599999999999865e-05,-0.00036160000000000001,-0.00097720000000000012,0.0016249999999999999,-0.0017224,-0.0013485999999999997,0.0016470000000000002,-0.0016536000000000003,-0.0018621999999999996,-6.2200000000000048e-05,-0.00065860000000000007,-0.00023020000000000001,-0.0005223999999999999,0.00042860000000000001,0.00032920000000000009,0.00049060000000000011,0.00075039999999999992,-0.0005042,-0.00088479999999999993,0.0004816,0.00013000000000000018,-0.00072039999999999995,0.00073180000000000001,0.0021993999999999998,0.0014894000000000001,-0.0011668,0.0011478,7.9200000000000055e-05,-0.0030720000000000001,-0.00092840000000000012,-0.00039480000000000006,-9.7599999999999879e-05,-0.00059999999999999984,0.0021164000000000001,-0.0010803999999999998,0.0010304000000000001,-0.0030832000000000004,-0.0010693999999999999,0.00051979999999999995,-0.0031440000000000001,0.0043368,-0.00092739999999999988,-0.00086019999999999998,0.00029779999999999997,-0.0043382000000000004,-0.0029058000000000005,0.0032268000000000002,-0.0008611999999999999,0.0054559999999999999,0.0011783999999999998,-0.0015401999999999998,0.0058466000000000004,-0.0041817999999999994,-0.0011829999999999996
aug_between_class_right_pair0022_child05,TLE,1,1,Augmented,0,0,0,0,0,0.32324079999999999,1.9562268,9.9999999999999995e-07,0,5.9999999999999997e-07,0.95285240000000004,0,0.058396999999999998,-0.14350199999999999,0.032142000000000004,0.097258200000000003,-0.064922800000000003,0.093245400000000006,0.018532400000000001,0.0038877999999999998,-0.0053460000000000001,-0.13237160000000001,0.37187100000000001,-0.067792199999999997,-0.0133986,0.081761399999999998,0.0181482,-0.0198172,-0.013753200000000002,-0.035056000000000004,0.0200082,0.058273000000000005,-0.050358399999999998,0.0075046000000000002,-0.082418000000000005,0.013644,0.046261400000000001,-0.0043349999999999986,0.0066044000000000016,0.028411199999999998,-0.045938600000000003,0.042522400000000002,-0.040533399999999997,-0.089273199999999997,0.1053264,-0.047157999999999999,0.18517819999999999,-0.030712200000000002,0.014599600000000001,-0.0010001999999999997,-0.0070774000000000002,-0.011719799999999999,0.00016699999999999983,0.039909199999999999,-0.0033224000000000001,-0.0058983999999999998,-0.0097059999999999994,-0.035235800000000005,-0.0030794000000000012,0.024013800000000002,0.017188599999999998,0.0232266,-0.0092181999999999993,0.0065681999999999997,0.0082724000000000009,-0.048026399999999997,-0.0025619999999999996,0.0016827999999999999,-0.0087958000000000012,0.046248800000000007,-0.069603399999999996,0.0043365999999999995,-0.021204400000000002,-0.051473600000000001,0.015926200000000001,-0.0024307999999999999,0.0030351999999999992,0.0133098,0.0074228000000000002,0.0094689999999999983,-0.0091488000000000003,0.010603,0.011318399999999999,0.00021399999999999978,0.0045865999999999997,0.0077185999999999999,-0.019366000000000001,0.0023714000000000001,0.0081594000000000007,0.014137599999999997,-0.0050721999999999998,-0.022261,0.0250738,-0.019837199999999999,-0.0099684000000000005,0.0027238000000000002,4.0400000000000331e-05,-0.0081370000000000001,-0.0110654,-0.0089185999999999988,0.0097798,-0.0253952,-0.011071599999999997,0.014393600000000001,0.00069480000000000019,0.0135622,0.0029669999999999992,-0.0069114000000000016,7.2999999999999931e-05,0.00051660000000000031,-0.0103362,0.011252399999999999,-0.0012669999999999999,-0.0033714000000000005,-0.00037020000000000005,0.0046943999999999996,-0.0023108,-0.0057714000000000003,0.0082658000000000002,0.0098960000000000003,0.0016916000000000001,0.0081549999999999991,0.0124268,-0.0099454000000000001,0.0057515999999999999,-0.0095207999999999994,0.0081043999999999995,-0.0018189999999999999,-0.0102408,0.0097688000000000011,0.0013312000000000003,0.0086613999999999997,-0.0042986000000000005,-0.0044688000000000002,0.0050726000000000009,0.0141656,-0.0064289999999999998,-0.0050182000000000004,-0.013950000000000001,-0.0037668000000000003,-0.0052646000000000012,-0.0085304000000000005,0.0038518000000000003,-0.0018204000000000002,0.0033515999999999997,0.0047612000000000002,-0.0095176000000000011,0.00090740000000000016,-0.0018523999999999999,-0.0019623999999999996,0.0010904,0.0012823999999999999,-0.0041859999999999996,0.0022377999999999999,-0.0059608000000000005,0.0049105999999999993,0.0022282000000000001,0.0019408000000000001,0.0035437999999999997,-0.00029679999999999984,-0.0027656,-7.6200000000000226e-05,-0.0018372,-0.0043557999999999999,-0.0012790000000000006,-0.0036810000000000002,0.0034668000000000004,0.0013247999999999999,0.00064700000000000011,0.00041699999999999984,-0.0035827999999999997,-0.0076366000000000003,-0.0045440000000000003,-0.0097900000000000001,0.0014201999999999999,0.011643799999999999,0.0051349999999999989,0.0060619999999999997,-0.0056360000000000004,0.0052186000000000003,-0.00054300000000000008,0.0025472000000000003,-0.00068999999999999997,0.0071040000000000001,0.00078519999999999892,-0.00021119999999999993,-0.0076829999999999989,-0.0059427999999999998,0.0023509999999999998,-0.0121286,0.00060879999999999875,-0.0096798000000000006,-0.0019507999999999999,0.00016080000000000001,-0.0034720000000000003,0.00056939999999999985,-0.0018625999999999998,-0.0027690000000000002,-0.0014502,-0.0027337999999999998,-0.0010685999999999998,0.0019349999999999999,-0.0031327999999999998,-0.00044820000000000016,0.00027240000000000001,-0.0012523999999999997,0.0013167999999999995,0.0021323999999999991,-0.0026122000000000003,0.0028668000000000001,-5.2000000000001264e-06,0.0019196,0.00093080000000000007,-0.0004362000000000003,-0.0011634000000000002,0.0040277999999999998,0.0034012000000000001,-0.0034649999999999993,0.0026034000000000001,0.0042605999999999998,0.00089499999999999985,-0.003954,0.0048503999999999995,-0.0032461999999999999,0.0016917999999999998,-0.0013617999999999998,0.0036862000000000002,-0.0012447999999999999,-0.0083281999999999991,0.0085994000000000001,-0.00081139999999999988,-0.0047515999999999999,0.0026551999999999999,0.0034543999999999998,-0.004825799999999999,0.0031032,-0.0049258000000000001,0.0074222000000000003,-0.0030740000000000012,0.0025448000000000003,0.002008199999999999,-0.017418400000000001,9.5800000000000052e-05,0.0024334000000000001,-0.0014682000000000002,0.0013189999999999999,-0.0022594,-0.0012983999999999999,-0.0036785999999999998,0.00015499999999999992,0.0017358,-0.0026814,-0.0031168000000000003,0.0022031999999999998,0.0056226000000000002,0.00089139999999999987,-8.4199999999999987e-05,-0.0021028000000000002,0.0018485999999999999,-0.00048619999999999989,0.0022674000000000001,-0.0016877999999999999,0.00038079999999999999,0.0041860000000000005,0.0015893999999999999,0.00030060000000000026,-0.0070033999999999999,-0.00026880000000000003,0.0012154000000000002,-0.0044463999999999997,-0.0016245999999999999,0.0032557999999999997,0.0038714000000000005,0.0038392000000000001,0.0036039999999999996,0.0021213999999999998,-0.0025366,-0.0019772000000000001,0.0051472000000000002,-0.00051880000000000003,0.0012588000000000002,0.0043175999999999996,0.0039325999999999996,-0.0094614,-0.0028303999999999998,-0.0050076000000000009,0.0013418000000000002,-0.0071780000000000004,0.0011638,0.00019159999999999967,0.0017144,0.00014240000000000043,-0.00045479999999999978,-0.0067131999999999999,-0.0009724,0.015810600000000001,-0.0046350000000000002,0.0069026000000000009,-0.002530000000000001,0.001273,-0.00091239999999999995,0.00028959999999999994,-0.00093260000000000012,0.0012465999999999998,0.0025558,-0.0026603999999999994,0.0013208,0.00087440000000000011,-0.0016782000000000001,0.00029300000000000007,0.0016922,-0.0009234,0.0030834,0.0011976000000000003,0.00064780000000000003,-0.0021225999999999997,0.0012258,0.0041186,-0.0015188000000000001,0.00045640000000000025,-0.00015519999999999998,0.0019950000000000002,-0.001155,4.1799999999999823e-05,-0.0013668,0.00086299999999999994,0.0011791999999999998,0.00012080000000000012,0.0010262000000000001,-0.00021340000000000042,-0.00092999999999999984,-0.0017299999999999998,-0.0016274,-0.0028491999999999996,-0.00066560000000000013,0.00033419999999999994,0.0015602000000000003,0.0025704,-0.0010224000000000001,-0.00044759999999999993,0.0014904,-0.00035599999999999998,-0.0008655999999999999,-0.00020939999999999999,0.0013318000000000002,0.0034784000000000004,0.0036178,-0.0023519999999999999,0.00051960000000000005,-4.2599999999999843e-05,0.0023382000000000003,0.0017822000000000001,-6.7999999999999918e-05,0.0044242000000000005,4.11999999999997e-05,-0.0037189999999999996,0.0018612000000000004,0.00063659999999999986,0.00057200000000000133,0.0027746000000000003,0.00036920000000000008,0.011541799999999998,-0.0055854000000000008,1.4399999999999916e-05,0.00034199999999999986,0.0011575999999999999,-0.0013702000000000002,0.00091699999999999995,-0.0010969999999999999,0.00055400000000000002,3.1199999999999972e-05,-0.00070699999999999995,0.0013482000000000001,-0.00062980000000000002,-0.0010528,-0.0011532000000000001,-0.0013968000000000001,0.00085779999999999993,-0.0027352000000000001,-0.00078879999999999987,-0.0026687999999999998,0.00039600000000000008,-0.00076500000000000005,0.00085360000000000015,-0.00043579999999999997,-0.0020482,-0.00064780000000000003,-0.0018151999999999999,5.5400000000000046e-05,1.5999999999999955e-05,0.0025492000000000002,0.0012738000000000001,0.0012306000000000001,-0.00021999999999999998,-4.1799999999999932e-05,0.0003078,2.5000000000000052e-05,0.0033159999999999999,-0.0012227999999999996,0.0030312,-6.0599999999999955e-05,0.002212,0.0014212000000000001,-0.00036939999999999998,-0.0011394,0.0019163999999999997,-0.00058080000000000002,-0.0016172000000000003,-0.001168,-0.0014128000000000003,0.0030300000000000006,-0.0043223999999999997,-0.00047779999999999996,0.00041700000000000027,-0.0015394000000000002,0.0021456000000000001,-0.0015950000000000001,-0.0007987999999999999,0.0012186,-0.0036851999999999996,-0.0041624000000000001,0.0018544000000000002,0.0017117999999999999,0.0025482,-6.4000000000000038e-05,0.0017526,0.0029920000000000007,-0.0067834000000000002,-0.00089719999999999991,-0.0032743999999999998,-0.0023939999999999999,6.6599999999999993e-05,0.00059279999999999999,0.00077959999999999987,-0.0011272000000000001,-0.00062580000000000003,-0.00017739999999999987,-0.00050200000000000006,-5.2399999999999946e-05,-0.0007358,0.0014598,-0.0012112,-0.00019780000000000004,0.0019052000000000001,-0.0016990000000000002,-0.0010426000000000001,0.0012836000000000002,0.00043539999999999996,-0.00048239999999999996,0.0012458,-0.00013779999999999999,0.001147,-0.00035879999999999994,0.00079560000000000004,-0.00030639999999999997,-0.0012318000000000003,0.0016769999999999999,-0.0017975999999999999,-0.0012034000000000001,0.0018079999999999999,-0.0026943999999999996,-0.0012467999999999999,0.00042119999999999978,-0.00046939999999999992,-0.00023780000000000001,-0.00046259999999999986,0.0001474,0.00063679999999999987,-5.1599999999999824e-05,0.00082659999999999993,-0.00049279999999999994,-0.0014301999999999997,0.0010384000000000001,0.00084500000000000005,-0.0009456,0.00075120000000000004,0.0029226,0.0014836000000000001,-0.0010262000000000001,0.0010161999999999999,0.00050379999999999989,-0.0031090000000000007,-0.0003716000000000002,0.00061979999999999978,-6.1399999999999975e-05,-0.00036000000000000008,0.0023535999999999995,-0.00083759999999999998,0.00070060000000000012,-0.0024178000000000003,-0.0010235999999999999,0.00059220000000000008,-0.0035650000000000005,0.0040792000000000007,-0.00048560000000000009,-0.00023380000000000015,-5.4800000000000248e-05,-0.0047218,-0.0034851999999999999,0.0033192,-0.0007358,0.0060300000000000006,0.00065959999999999999,-0.0020338000000000001,0.0059594000000000001,-0.0044771999999999998,-0.00050099999999999993
aug_between_class_right_pair0022_child06,TLE,1,1,Augmented,0,0,0,0,0,0.32368259999999999,1.9556666,9.9999999999999995e-07,0,6.9999999999999986e-07,0.95529229999999998,0,0.058007000000000003,-0.14592449999999998,0.031304499999999999,0.095734899999999998,-0.063166100000000003,0.091487800000000008,0.020794300000000002,0.0056115999999999996,-0.0041485000000000029,-0.13137070000000001,0.38063999999999998,-0.069919399999999993,-0.013304699999999999,0.079599799999999998,0.020271400000000002,-0.0206264,-0.014180899999999998,-0.034011,0.0202274,0.059118500000000004,-0.051937799999999999,0.0072482000000000006,-0.082896500000000012,0.012935,0.047666800000000002,-0.0030605000000000007,0.0051763,0.028530399999999997,-0.045067700000000002,0.043079300000000001,-0.0410108,-0.092926400000000006,0.1064828,-0.049821999999999991,0.1863474,-0.028490900000000003,0.015582699999999998,-0.0012384,-0.0070203000000000002,-0.012074099999999999,-0.00072199999999999955,0.041043900000000001,-0.0030243000000000002,-0.0069107999999999999,-0.010123999999999999,-0.036588599999999999,-0.0032243000000000011,0.022218100000000001,0.017401199999999999,0.023742699999999999,-0.0089373999999999999,0.0078113999999999987,0.008635799999999999,-0.049890299999999999,-0.0031679999999999994,0.0016911000000000001,-0.0078431000000000004,0.046114600000000006,-0.070933300000000005,0.0041752000000000004,-0.0230783,-0.051568700000000002,0.015606399999999999,-0.0024126,0.0035253999999999993,0.013345599999999999,0.0085845999999999995,0.0097704999999999997,-0.0094155999999999997,0.0102665,0.0111293,0.00037449999999999983,0.0050951999999999994,0.0079336999999999984,-0.019467500000000002,0.0018138000000000004,0.0070483000000000004,0.014929699999999997,-0.0059133999999999992,-0.021871999999999999,0.025388599999999997,-0.019208900000000001,-0.0098268000000000001,0.0037341000000000015,-0.00056319999999999938,-0.0094370000000000009,-0.0117178,-0.0094687,0.010552600000000001,-0.025690900000000003,-0.011211200000000001,0.013127700000000001,0.0006646,0.013325399999999999,0.0035284999999999969,-0.0086133000000000008,0.00061549999999999973,0.00052420000000000027,-0.0100204,0.0116063,-0.0010190000000000004,-0.0021983000000000011,-0.0004304,0.0051542999999999997,-0.0022556,-0.0063758,0.0085321000000000008,0.0099240000000000005,0.0015072000000000002,0.0079609999999999993,0.012606599999999999,-0.0102833,0.0060026999999999997,-0.0104061,0.0077067999999999998,-0.0020834999999999994,-0.0102296,0.0091996000000000005,0.00065890000000000002,0.0089747999999999998,-0.0042687000000000011,-0.0046880999999999997,0.0041817000000000009,0.013776199999999999,-0.0066709999999999998,-0.005611399999999999,-0.0144105,-0.0030861000000000005,-0.0056317000000000008,-0.0088082999999999998,0.0050565999999999996,-0.0027163000000000001,0.0040152,0.0044754000000000009,-0.0090381999999999997,0.00091980000000000002,-0.0019193000000000001,-0.0022467999999999998,0.0009498000000000001,0.0015447999999999998,-0.004333,0.0020820999999999999,-0.0061391000000000006,0.0049867000000000002,0.0027188999999999998,0.0016531000000000002,0.0037495999999999996,-0.0004530999999999999,-0.0027372,7.7599999999999935e-05,-0.0019089,-0.0048595999999999995,-0.00060549999999999927,-0.0035100000000000001,0.0033346000000000001,0.0014595999999999999,0.00036150000000000011,0.00060099999999999997,-0.0040280999999999997,-0.0072822000000000008,-0.005078,-0.0091374999999999998,0.00075990000000000042,0.012278600000000001,0.0048389999999999996,0.0063115000000000003,-0.0060994999999999999,0.0051272000000000002,-0.0014029999999999997,0.0026879,-0.00068100000000000007,0.0067454999999999998,0.0015548999999999997,-0.00053039999999999988,-0.008035999999999998,-0.0069550999999999988,0.0020550000000000004,-0.0126982,0.00047509999999999827,-0.0103316,-0.0020056000000000002,-0.00016889999999999982,-0.0034169999999999999,0.00063830000000000007,-0.0018937000000000003,-0.0029150000000000001,-0.0014429,-0.0025485999999999998,-0.0013006999999999999,0.0021709999999999998,-0.0029890999999999997,-0.0010264,0.00017630000000000006,-0.0013692999999999997,0.0016880999999999997,0.0027602999999999994,-0.0024213999999999998,0.0029455999999999996,-7.1900000000000176e-05,0.0018027,0.00071610000000000011,6.3599999999999161e-05,-0.0013083000000000001,0.0042356,0.0030944000000000002,-0.0037469999999999995,0.0022753000000000001,0.0044876999999999998,0.00069799999999999994,-0.0038295000000000009,0.0048348000000000002,-0.0032889,0.0018566000000000008,-0.0016090999999999996,0.0033099000000000006,-0.0013645999999999999,-0.0092123999999999991,0.0085282999999999991,-0.00079030000000000029,-0.0051056999999999995,0.0025173999999999999,0.0035827999999999997,-0.0042880999999999996,0.0025368999999999999,-0.0052500999999999997,0.0074188999999999991,-0.002752000000000001,0.0024731000000000002,0.0024603999999999989,-0.017485799999999999,0.00036359999999999951,0.0025307999999999997,-0.0012944000000000002,0.0013860000000000001,-0.0024222999999999996,-0.0010203,-0.0039711999999999994,0.00043399999999999987,0.0016806000000000004,-0.0025737999999999998,-0.0033591000000000003,0.0024974000000000003,0.0057417000000000006,0.0010257999999999999,-9.3899999999999951e-05,-0.0022151000000000002,0.0022666999999999995,-0.00070389999999999971,0.0022953000000000001,-0.0017166,0.0004506,0.0045564999999999998,0.0018487999999999998,-9.3299999999999503e-05,-0.0067948000000000001,-0.00037460000000000011,0.0010148000000000002,-0.0050237999999999993,-0.0018527000000000001,0.0033280999999999996,0.0041523000000000003,0.0037648999999999998,0.0037804999999999991,0.0020198,-0.0020062000000000001,-0.0021018999999999999,0.0049068999999999996,-0.0003251000000000001,0.00070660000000000015,0.0044222000000000003,0.0040796999999999995,-0.0096723,-0.0032192999999999996,-0.0048052000000000008,0.0015896,-0.007308499999999999,0.0010241,0.0003411999999999994,0.0017022999999999999,-0.00053419999999999943,-0.00060159999999999966,-0.0068878999999999998,-0.0011638,0.015748699999999997,-0.0048519999999999995,0.0065262000000000011,-0.0022865000000000003,0.0012775,-0.00085380000000000005,0.00042319999999999988,-0.00086820000000000007,0.0016021999999999998,0.0026261000000000001,-0.0027917999999999997,0.0013236000000000001,0.00078580000000000013,-0.0018119000000000002,5.0000000000003384e-06,0.0017669000000000001,-0.0012662999999999999,0.0031973000000000001,0.00099970000000000007,0.00078359999999999975,-0.0025351999999999996,0.0014905999999999995,0.0046547000000000003,-0.0021415999999999996,4.8300000000000469e-05,-4.5400000000000128e-05,0.0020330000000000001,-0.0011850000000000001,0.00043559999999999975,-0.0015950999999999999,0.00088150000000000001,0.0013253999999999998,0.00013060000000000003,0.0010039000000000001,9.2699999999999814e-05,-0.00064300000000000013,-0.00148,-0.0016042999999999999,-0.0029589,-0.00055920000000000004,0.00062790000000000003,0.0023484000000000005,0.0024913000000000001,-0.00080480000000000016,-0.00055719999999999988,0.0014258000000000001,-0.00016550000000000007,-0.0010302,-0.00038229999999999997,0.0012350999999999998,0.0030283000000000003,0.0035526000000000012,-0.002049,0.00034069999999999999,-0.0003032,0.0020999,0.0019954,-2.4499999999999999e-05,0.0044719,0.00073289999999999965,-0.0040319999999999991,0.0015324000000000002,8.5700000000000023e-05,0.00069900000000000084,0.0026782000000000004,0.00069739999999999993,0.011791099999999999,-0.0052318000000000009,0.00013229999999999985,6.6499999999999936e-05,0.0014762,-0.0015039000000000003,0.0008299999999999999,-0.0008405000000000001,0.00066,7.1399999999999974e-05,-0.00059650000000000002,0.0015219000000000003,-0.00065409999999999991,-0.0014925999999999997,-0.0016064,-0.0013616000000000001,0.0012420999999999999,-0.0027518999999999998,-0.00088159999999999996,-0.0026136000000000002,0.00025300000000000019,-0.00055100000000000006,0.00079670000000000001,-0.0006066,-0.0017759,-0.00050710000000000013,-0.0017089,0.00010580000000000002,-0.00020749999999999998,0.0023254,0.0017466000000000003,0.0012791999999999999,-0.00010499999999999995,-0.00011659999999999996,0.00036110000000000005,-0.00022049999999999997,0.0036014999999999997,-0.0015876000000000002,0.0030953999999999999,9.7799999999999992e-05,0.0021740000000000002,0.0016859000000000002,-0.00013680000000000029,-0.0012088000000000001,0.0017363000000000003,-0.00043409999999999998,-0.0013784000000000001,-0.0011510000000000001,-0.0013571000000000002,0.0031174999999999996,-0.0044148,-0.00071059999999999982,0.0005790000000000003,-0.0016627999999999999,0.0021507000000000002,-0.001462,-0.00074510000000000006,0.0010152000000000002,-0.0038823999999999994,-0.0046457999999999994,0.0016573000000000002,0.0018706,0.0022884000000000003,-9.7500000000000147e-05,0.0020136999999999998,0.0030095000000000009,-0.0067118000000000004,-0.00066139999999999992,-0.0034298000000000002,-0.0023849999999999995,-0.00013779999999999999,0.00057859999999999997,0.00086269999999999988,-0.0011929,-0.00060260000000000001,-0.00035079999999999991,-0.00018750000000000006,-0.00016079999999999992,-0.00069160000000000011,0.0013681000000000001,-0.0013234,-0.00012710000000000005,0.0019969000000000002,-0.0018260000000000004,-0.00091770000000000003,0.0012252000000000001,0.00060779999999999992,-0.00062829999999999993,0.0010616,-0.00013460000000000002,0.0010580000000000001,-4.6100000000000036e-05,0.0012107000000000001,-0.0002788,-0.0013590999999999998,0.0017029999999999997,-0.0018351999999999999,-0.0011307999999999999,0.0018885,-0.0032147999999999994,-0.00093910000000000011,0.00066289999999999969,-0.0003748,-0.00024160000000000002,-0.00043269999999999995,6.7999999999999484e-06,0.00079060000000000003,-0.00032269999999999982,0.00086470000000000004,-0.00048709999999999997,-0.0017028999999999998,0.0013167999999999999,0.0012025000000000002,-0.0010582,0.00076090000000000012,0.0032842000000000001,0.0014806999999999999,-0.00095590000000000009,0.0009503999999999999,0.0007160999999999999,-0.0031275000000000001,-9.320000000000026e-05,0.0011270999999999998,-4.3299999999999914e-05,-0.00023999999999999976,0.0024721999999999999,-0.00071619999999999995,0.00053570000000000007,-0.0020851000000000003,-0.0010007,0.00062839999999999999,-0.0037755000000000002,0.0039504000000000006,-0.00026469999999999987,7.9399999999999436e-05,-0.00023109999999999971,-0.0049135999999999997,-0.0037749000000000003,0.0033654000000000002,-0.00067309999999999983,0.0063169999999999997,0.00040020000000000051,-0.0022805999999999998,0.0060158,-0.0046248999999999995,-0.00015999999999999988
aug_between_class_right_pair0022_child07,TLE,1,1,Augmented,0,0,0,0,0,0.32412440000000003,1.9551064,9.9999999999999995e-07,0,8.0000000000000007e-07,0.95773220000000003,0,0.057617000000000002,-0.14834700000000001,0.030467000000000001,0.094211599999999993,-0.061409400000000003,0.089730199999999996,0.023056200000000006,0.0073353999999999997,-0.0029509999999999988,-0.13036980000000001,0.38940900000000001,-0.072046600000000002,-0.0132108,0.077438199999999999,0.022394600000000004,-0.021435600000000003,-0.014608600000000001,-0.032966000000000002,0.020446600000000002,0.059964000000000003,-0.053517200000000001,0.0069918000000000003,-0.083375000000000005,0.012226000000000001,0.049072199999999996,-0.0017859999999999994,0.0037482000000000001,0.028649599999999997,-0.044196800000000001,0.0436362,-0.041488200000000003,-0.096579600000000015,0.10763919999999999,-0.052485999999999998,0.18751660000000001,-0.026269599999999997,0.016565799999999999,-0.0014766000000000002,-0.0069632000000000001,-0.012428399999999999,-0.0016110000000000005,0.042178600000000004,-0.0027261999999999998,-0.0079232,-0.010541999999999999,-0.0379414,-0.003369200000000001,0.020422399999999997,0.017613799999999999,0.024258800000000001,-0.0086566000000000004,0.0090545999999999995,0.0089992000000000023,-0.0517542,-0.0037740000000000009,0.0016994,-0.0068903999999999997,0.045980400000000005,-0.0722632,0.0040137999999999997,-0.024952200000000001,-0.051663800000000003,0.015286600000000001,-0.0023943999999999997,0.0040155999999999994,0.0133814,0.0097464000000000005,0.010072000000000001,-0.009682399999999999,0.0099299999999999996,0.010940200000000001,0.00053500000000000032,0.0056038000000000008,0.0081487999999999994,-0.019569000000000003,0.0012561999999999999,0.0059372000000000001,0.015721799999999998,-0.0067546000000000004,-0.021483000000000002,0.025703400000000001,-0.018580599999999999,-0.0096851999999999997,0.0047444000000000002,-0.0011668000000000004,-0.010737000000000002,-0.0123702,-0.010018800000000001,0.011325400000000001,-0.025986599999999999,-0.011350800000000001,0.011861799999999999,0.00063440000000000024,0.013088600000000001,0.0040899999999999982,-0.010315200000000002,0.0011580000000000004,0.00053179999999999981,-0.009704599999999999,0.011960200000000001,-0.00077099999999999998,-0.0010251999999999995,-0.0004906,0.0056141999999999997,-0.0022003999999999999,-0.0069802000000000006,0.0087984000000000014,0.009951999999999999,0.0013227999999999998,0.0077669999999999996,0.0127864,-0.010621200000000001,0.0062538000000000003,-0.0112914,0.0073092000000000001,-0.0023479999999999998,-0.010218399999999999,0.0086303999999999999,-1.3400000000000651e-05,0.0092881999999999999,-0.0042388,-0.0049074000000000001,0.0032907999999999995,0.013386799999999997,-0.0069129999999999999,-0.0062046000000000002,-0.014871000000000001,-0.0024053999999999998,-0.0059988000000000012,-0.0090861999999999991,0.0062614000000000003,-0.0036122000000000012,0.0046787999999999995,0.0041895999999999999,-0.0085588000000000001,0.00093220000000000011,-0.0019862,-0.0025311999999999999,0.00080919999999999994,0.0018072000000000001,-0.0044799999999999996,0.0019264,-0.0063174000000000008,0.0050628000000000001,0.0032096000000000004,0.0013653999999999999,0.0039554000000000004,-0.00060939999999999996,-0.0027087999999999999,0.0002314000000000001,-0.0019805999999999999,-0.0053633999999999999,6.8000000000001219e-05,-0.003339,0.0032023999999999998,0.0015943999999999999,7.5999999999999936e-05,0.00078499999999999967,-0.0044734000000000006,-0.0069277999999999996,-0.0056120000000000007,-0.0084849999999999995,9.9599999999999602e-05,0.0129134,0.0045429999999999993,0.006561,-0.0065630000000000003,0.0050357999999999991,-0.0022629999999999994,0.0028286000000000001,-0.00067199999999999996,0.0063869999999999994,0.0023246000000000005,-0.00084960000000000005,-0.0083890000000000006,-0.0079673999999999995,0.0017589999999999999,-0.0132678,0.00034139999999999865,-0.010983400000000001,-0.0020604,-0.00049859999999999987,-0.0033620000000000004,0.00070720000000000028,-0.0019247999999999999,-0.0030610000000000004,-0.0014356,-0.0023633999999999999,-0.0015327999999999997,0.0024070000000000003,-0.0028453999999999997,-0.0016046000000000005,8.0199999999999944e-05,-0.0014861999999999998,0.0020593999999999999,0.0033882000000000001,-0.0022305999999999997,0.0030244,-0.00013860000000000001,0.0016857999999999999,0.00050140000000000004,0.00056339999999999993,-0.0014532,0.0044434000000000001,0.0027875999999999999,-0.0040289999999999996,0.0019472000000000001,0.0047147999999999999,0.00050099999999999982,-0.0037050000000000004,0.0048191999999999992,-0.0033316000000000001,0.0020214000000000005,-0.0018563999999999998,0.0029336000000000006,-0.0014844000000000001,-0.010096600000000001,0.0084571999999999998,-0.00076919999999999983,-0.0054597999999999999,0.0023795999999999999,0.0037112000000000004,-0.0037503999999999992,0.0019705999999999994,-0.0055744000000000002,0.0074155999999999996,-0.0024300000000000007,0.0024013999999999997,0.0029126000000000004,-0.017553199999999998,0.00063140000000000071,0.0026281999999999998,-0.0011206,0.0014529999999999999,-0.0025852000000000002,-0.00074219999999999983,-0.0042637999999999999,0.00071300000000000009,0.0016253999999999999,-0.0024662,-0.0036014000000000003,0.0027916000000000004,0.0058608000000000011,0.0011602000000000001,-0.00010360000000000002,-0.0023274000000000003,0.0026848000000000002,-0.00092160000000000007,0.0023232000000000001,-0.0017453999999999998,0.00052039999999999996,0.0049270000000000008,0.0021082000000000002,-0.00048719999999999992,-0.0065861999999999995,-0.00048040000000000018,0.00081419999999999984,-0.0056011999999999998,-0.0020808000000000007,0.0034004,0.0044332,0.0036906,0.0039569999999999987,0.0019181999999999999,-0.0014757999999999998,-0.0022265999999999996,0.0046665999999999999,-0.00013139999999999989,0.00015439999999999977,0.0045268000000000001,0.0042268000000000002,-0.0098832,-0.0036081999999999998,-0.0046028000000000006,0.0018374000000000001,-0.0074389999999999994,0.00088439999999999992,0.0004908,0.0016901999999999993,-0.0012108000000000002,-0.00074839999999999998,-0.0070626000000000005,-0.0013551999999999995,0.015686800000000001,-0.0050689999999999997,0.0061498000000000004,-0.0020429999999999979,0.0012820000000000002,-0.00079519999999999992,0.00055679999999999998,-0.00080380000000000002,0.0019578,0.0026964000000000003,-0.0029231999999999999,0.0013264000000000001,0.00069720000000000003,-0.0019456,-0.00028299999999999994,0.0018416000000000001,-0.0016092000000000003,0.0033111999999999998,0.00080179999999999987,0.0009193999999999999,-0.0029478000000000004,0.0017554000000000003,0.0051908000000000006,-0.0027643999999999998,-0.00035980000000000007,6.4400000000000047e-05,0.0020709999999999999,-0.0012150000000000002,0.0008294000000000001,-0.0018234000000000002,0.00089999999999999998,0.0014716,0.00014039999999999994,0.00098160000000000001,0.00039879999999999994,-0.00035599999999999987,-0.0012299999999999998,-0.0015811999999999998,-0.0030685999999999999,-0.00045279999999999995,0.00092160000000000007,0.0031366000000000011,0.0024121999999999998,-0.00058719999999999996,-0.00066680000000000005,0.0013611999999999999,2.5000000000000174e-05,-0.0011948000000000002,-0.00055520000000000005,0.0011383999999999999,0.0025781999999999997,0.0034874000000000007,-0.0017460000000000002,0.00016179999999999992,-0.00056380000000000015,0.0018615999999999999,0.0022086000000000002,1.9000000000000137e-05,0.0045196000000000004,0.0014246000000000003,-0.0043449999999999999,0.0012035999999999998,-0.0004652000000000003,0.00082600000000000035,0.0025818000000000004,0.0010256,0.0120404,-0.0048782000000000001,0.00025019999999999996,-0.00020900000000000026,0.0017948,-0.0016375999999999999,0.00074299999999999985,-0.00058399999999999988,0.00076599999999999975,0.0001116,-0.00048599999999999989,0.0016956000000000007,-0.00067840000000000001,-0.0019324000000000001,-0.0020596,-0.0013263999999999997,0.0016264000000000003,-0.0027686,-0.00097440000000000005,-0.0025583999999999997,0.00011000000000000007,-0.00033699999999999995,0.00073979999999999998,-0.00077740000000000046,-0.0015035999999999999,-0.00036639999999999991,-0.0016026,0.00015620000000000003,-0.00043100000000000018,0.0021015999999999999,0.0022194000000000007,0.0013278000000000001,1.0000000000000135e-05,-0.00019140000000000002,0.00041439999999999994,-0.00046600000000000011,0.0038870000000000003,-0.0019524,0.0031596000000000003,0.00025620000000000016,0.0021359999999999999,0.0019506000000000003,9.5800000000000269e-05,-0.0012782000000000002,0.0015562,-0.00028739999999999994,-0.0011396000000000002,-0.001134,-0.0013014000000000001,0.0032050000000000004,-0.0045071999999999994,-0.00094340000000000027,0.00074100000000000012,-0.0017862000000000004,0.0021558000000000003,-0.0013289999999999999,-0.0006914,0.00081179999999999989,-0.0040796000000000001,-0.0051292000000000013,0.0014602,0.0020294000000000002,0.0020285999999999998,-0.00013100000000000026,0.0022748,0.0030270000000000002,-0.0066402000000000006,-0.00042559999999999994,-0.0035852000000000002,-0.0023760000000000001,-0.00034220000000000019,0.00056440000000000006,0.0009457999999999999,-0.0012585999999999999,-0.0005794000000000001,-0.00052420000000000006,0.00012700000000000021,-0.00026919999999999993,-0.00064740000000000002,0.0012764,-0.0014356000000000002,-5.6399999999999989e-05,0.0020886000000000004,-0.0019530000000000003,-0.00079279999999999997,0.0011668,0.00078019999999999999,-0.00077420000000000028,0.00087739999999999997,-0.00013140000000000002,0.00096900000000000003,0.00026660000000000025,0.0016258000000000002,-0.00025119999999999998,-0.0014863999999999997,0.0017290000000000001,-0.0018728,-0.0010582,0.0019690000000000003,-0.0037352000000000002,-0.00063139999999999984,0.00090459999999999987,-0.00028019999999999993,-0.0002454,-0.00040279999999999992,-0.00013380000000000011,0.00094440000000000019,-0.00059380000000000012,0.00090279999999999994,-0.00048139999999999999,-0.0019756000000000001,0.0015952000000000002,0.0015600000000000004,-0.0011707999999999998,0.00077059999999999997,0.0036457999999999998,0.0014778,-0.00088559999999999995,0.00088459999999999993,0.00092840000000000012,-0.0031460000000000004,0.00018520000000000016,0.0016344000000000003,-2.5199999999999854e-05,-0.00011999999999999966,0.0025907999999999994,-0.00059479999999999993,0.00037079999999999996,-0.0017523999999999999,-0.00097780000000000002,0.0006646,-0.0039860000000000008,0.0038216000000000005,-4.3799999999999872e-05,0.00039259999999999989,-0.0004073999999999996,-0.0051054000000000004,-0.0040646000000000007,0.0034116000000000003,-0.00061040000000000009,0.0066040000000000005,0.00014079999999999974,-0.0025274,0.0060721999999999998,-0.0047726000000000001,0.00018100000000000028
aug_between_class_right_pair0022_child08,TLE,1,1,Augmented,0,0,0,0,0,0.32456620000000003,1.9545462,9.9999999999999995e-07,0,9.0000000000000007e-07,0.96017209999999997,0,0.057227,-0.1507695,0.0296295,0.092688300000000001,-0.059652700000000003,0.087972599999999998,0.025318100000000003,0.0090591999999999999,-0.0017535000000000016,-0.12936890000000001,0.39817800000000003,-0.074173799999999998,-0.013116899999999999,0.075276599999999999,0.024517800000000003,-0.022244800000000002,-0.015036300000000001,-0.031921000000000005,0.020665800000000002,0.060809499999999996,-0.055096599999999996,0.0067354000000000008,-0.083853499999999997,0.011516999999999999,0.050477599999999997,-0.00051150000000000154,0.0023200999999999986,0.028768800000000004,-0.043325900000000001,0.044193099999999999,-0.041965600000000006,-0.10023280000000001,0.10879559999999999,-0.055149999999999998,0.18868579999999999,-0.024048299999999998,0.017548899999999999,-0.0017148000000000003,-0.0069061000000000001,-0.012782699999999999,-0.0025000000000000005,0.043313299999999999,-0.0024280999999999999,-0.0089356000000000001,-0.010959999999999999,-0.039294200000000001,-0.0035141000000000009,0.0186267,0.017826399999999999,0.024774900000000002,-0.0083757999999999992,0.010297799999999999,0.0093626000000000004,-0.053618099999999995,-0.0043800000000000002,0.0017076999999999999,-0.0059376999999999989,0.045846200000000004,-0.073593100000000009,0.0038523999999999971,-0.026826100000000002,-0.051758899999999997,0.014966799999999999,-0.0023761999999999998,0.0045057999999999999,0.013417200000000001,0.0109082,0.010373500000000001,-0.0099492000000000001,0.0095934999999999996,0.0107511,0.0006954999999999995,0.0061124000000000005,0.0083639000000000005,-0.0196705,0.00069860000000000018,0.0048260999999999998,0.016513899999999998,-0.0075958000000000006,-0.021094000000000002,0.026018199999999998,-0.017952299999999997,-0.009543600000000001,0.0057546999999999989,-0.0017703999999999999,-0.012037000000000001,-0.013022599999999999,-0.010568900000000001,0.0120982,-0.026282300000000001,-0.0114904,0.010595899999999998,0.00060420000000000005,0.0128518,0.0046514999999999959,-0.012017100000000003,0.0017005000000000002,0.00053940000000000021,-0.0093887999999999992,0.0123141,-0.00052300000000000003,0.00014789999999999942,-0.00055079999999999994,0.0060740999999999998,-0.0021451999999999999,-0.0075846000000000004,0.0090647000000000002,0.0099799999999999993,0.0011383999999999999,0.0075729999999999999,0.012966200000000001,-0.010959099999999999,0.0065049000000000001,-0.0121767,0.0069116000000000004,-0.0026124999999999998,-0.0102072,0.008061200000000001,-0.00068570000000000046,0.0096016000000000001,-0.0042089000000000007,-0.0051266999999999997,0.0023998999999999999,0.012997399999999999,-0.0071550000000000008,-0.0067978000000000005,-0.015331500000000001,-0.0017247,-0.0063659000000000007,-0.0093641000000000002,0.0074662000000000001,-0.0045081000000000001,0.0053424000000000006,0.0039038000000000002,-0.0080794000000000005,0.00094459999999999998,-0.0020531,-0.0028155999999999997,0.00066859999999999999,0.0020696,-0.0046269999999999992,0.0017706999999999998,-0.0064957000000000001,0.0051389000000000001,0.0037003000000000006,0.0010777,0.0041612000000000003,-0.0007656999999999998,-0.0026803999999999999,0.00038520000000000026,-0.0020523,-0.0058672000000000004,0.00074149999999999997,-0.0031680000000000002,0.0030701999999999995,0.0017291999999999997,-0.0002095,0.00096900000000000024,-0.0049186999999999998,-0.0065734000000000001,-0.0061460000000000004,-0.0078324999999999992,-0.00056070000000000035,0.0135482,0.004246999999999999,0.0068105000000000006,-0.0070265000000000006,0.0049443999999999998,-0.0031230000000000008,0.0029693000000000002,-0.00066300000000000007,0.0060284999999999991,0.0030943000000000003,-0.0011688000000000004,-0.0087419999999999998,-0.0089797000000000002,0.0014630000000000001,-0.0138374,0.0002076999999999999,-0.0116352,-0.0021152000000000002,-0.00082830000000000013,-0.003307,0.00077609999999999962,-0.0019559,-0.0032070000000000006,-0.0014283,-0.0021781999999999999,-0.0017648999999999996,0.002643,-0.0027017,-0.0021828000000000004,-1.5900000000000007e-05,-0.0016030999999999997,0.0024306999999999992,0.0040160999999999999,-0.0020397999999999996,0.0031032,-0.00020530000000000006,0.0015689,0.00028669999999999987,0.0010631999999999998,-0.0015981000000000003,0.0046511999999999994,0.0024808,-0.0043109999999999997,0.0016191000000000001,0.0049418999999999999,0.0003039999999999998,-0.0035805000000000008,0.0048035999999999999,-0.0033743000000000002,0.0021862000000000001,-0.0021037,0.0025573000000000011,-0.0016042000000000001,-0.010980800000000001,0.0083860999999999988,-0.00074809999999999981,-0.0058139000000000003,0.0022418,0.0038396000000000003,-0.0032126999999999998,0.0014042999999999998,-0.0058987000000000006,0.0074123000000000001,-0.0021080000000000014,0.0023297000000000001,0.0033648000000000003,-0.0176206,0.00089919999999999931,0.0027255999999999999,-0.00094680000000000003,0.0015200000000000001,-0.0027480999999999998,-0.00046409999999999995,-0.0045564000000000004,0.00099200000000000004,0.0015702000000000003,-0.0023585999999999998,-0.0038437000000000002,0.0030858000000000005,0.0059798999999999998,0.0012946000000000001,-0.00011329999999999988,-0.0024396999999999999,0.0031029,-0.0011393,0.0023511000000000001,-0.0017742000000000001,0.00059020000000000003,0.0052975000000000001,0.0023676000000000001,-0.0008810999999999999,-0.0063775999999999998,-0.00058620000000000026,0.00061359999999999984,-0.0061785999999999994,-0.0023089000000000004,0.0034727,0.0047141000000000006,0.0036162999999999998,0.0041334999999999983,0.0018165999999999998,-0.00094539999999999967,-0.0023512999999999997,0.0044262999999999993,6.2300000000000051e-05,-0.00039780000000000002,0.0046313999999999999,0.0043738999999999991,-0.0100941,-0.0039971,-0.0044004000000000005,0.0020851999999999997,-0.0075694999999999998,0.00074469999999999994,0.00064040000000000017,0.0016781000000000001,-0.0018874,-0.00089519999999999943,-0.0072373000000000003,-0.0015466000000000004,0.015624899999999999,-0.0052860000000000008,0.0057733999999999997,-0.001799499999999999,0.0012865000000000001,-0.00073660000000000002,0.00069039999999999998,-0.00073939999999999997,0.0023134000000000002,0.0027667,-0.0030545999999999993,0.0013292,0.00060860000000000016,-0.0020793000000000001,-0.000571,0.0019163000000000001,-0.0019521000000000002,0.0034251000000000004,0.00060389999999999988,0.0010552000000000001,-0.0033604000000000004,0.0020202000000000002,0.0057269000000000009,-0.0033871999999999999,-0.00076790000000000007,0.00017420000000000011,0.0021090000000000002,-0.001245,0.0012231999999999998,-0.0020517000000000001,0.00091850000000000005,0.0016178,0.00015020000000000007,0.00095929999999999995,0.00070489999999999962,-6.8999999999999942e-05,-0.00097999999999999997,-0.0015581,-0.0031783000000000002,-0.00034640000000000002,0.0012152999999999999,0.0039248000000000009,0.0023330999999999998,-0.00036959999999999998,-0.00077640000000000001,0.0012966,0.00021550000000000009,-0.0013594,-0.00072810000000000008,0.0010417,0.0021281,0.0034222000000000002,-0.0014429999999999998,-1.7100000000000036e-05,-0.00082440000000000009,0.0016232999999999998,0.0024218000000000004,6.2500000000000056e-05,0.0045672999999999998,0.0021163000000000002,-0.0046579999999999998,0.0008747999999999998,-0.0010161000000000002,0.00095300000000000072,0.0024854000000000005,0.0013537999999999998,0.012289699999999997,-0.0045246000000000001,0.00036809999999999995,-0.00048450000000000007,0.0021134000000000001,-0.0017713,0.00065599999999999979,-0.00032749999999999999,0.00087199999999999973,0.0001518,-0.00037549999999999997,0.0018693000000000002,-0.0007026999999999999,-0.0023721999999999997,-0.0025127999999999999,-0.0012911999999999997,0.0020107000000000002,-0.0027852999999999997,-0.0010671999999999999,-0.0025032000000000001,-3.3000000000000043e-05,-0.00012299999999999995,0.00068290000000000007,-0.00094820000000000006,-0.0012313000000000003,-0.00022570000000000012,-0.0014962999999999999,0.00020660000000000003,-0.00065450000000000013,0.0018778,0.0026922000000000005,0.0013764000000000001,0.00012500000000000011,-0.00026620000000000002,0.00046769999999999998,-0.0007115,0.0041725,-0.0023172000000000002,0.0032237999999999998,0.0004146000000000001,0.002098,0.0022153000000000003,0.00032839999999999974,-0.0013476,0.0013760999999999999,-0.0001406999999999999,-0.00090079999999999989,-0.0011169999999999999,-0.0012457000000000002,0.0032925000000000003,-0.0045996000000000006,-0.0011762000000000001,0.00090300000000000037,-0.0019096000000000004,0.0021608999999999999,-0.0011959999999999998,-0.00063769999999999994,0.00060839999999999993,-0.0042767999999999999,-0.0056125999999999997,0.0012631000000000001,0.0021882,0.0017688000000000001,-0.00016450000000000015,0.0025359000000000002,0.0030445000000000003,-0.0065686,-0.00018979999999999995,-0.0037405999999999997,-0.0023670000000000006,-0.00054660000000000006,0.00055020000000000004,0.0010288999999999999,-0.0013243,-0.00055619999999999997,-0.00069760000000000004,0.00044149999999999989,-0.00037759999999999996,-0.00060320000000000003,0.0011846999999999999,-0.0015478,1.4300000000000022e-05,0.0021803,-0.0020800000000000003,-0.00066790000000000003,0.0011083999999999998,0.00095259999999999984,-0.00092010000000000008,0.00069319999999999994,-0.0001282,0.00088000000000000014,0.00057930000000000026,0.0020409,-0.00022359999999999996,-0.0016137,0.001755,-0.0019104,-0.00098559999999999989,0.0020495000000000001,-0.0042556,-0.0003236999999999999,0.0011463000000000001,-0.00018559999999999996,-0.00024920000000000004,-0.00037290000000000001,-0.00027439999999999995,0.0010982000000000001,-0.00086489999999999994,0.00094090000000000005,-0.00047569999999999996,-0.0022483,0.0018736,0.0019175000000000006,-0.0012834000000000001,0.00078030000000000005,0.0040073999999999995,0.0014748999999999999,-0.00081530000000000003,0.00081879999999999995,0.0011407000000000001,-0.0031645000000000006,0.00046359999999999999,0.0021416999999999999,-7.1000000000000099e-06,0,0.0027093999999999994,-0.00047339999999999996,0.00020589999999999985,-0.0014197000000000001,-0.00095489999999999995,0.00070080000000000001,-0.0041965000000000006,0.0036927999999999996,0.00017710000000000013,0.00070579999999999992,-0.00058369999999999993,-0.0052972000000000002,-0.0043543000000000002,0.0034578000000000005,-0.00054769999999999992,0.0068910000000000004,-0.00011860000000000017,-0.0027741999999999997,0.0061286000000000005,-0.004920299999999999,0.00052200000000000011
aug_between_class_right_pair0023_child01,Healthy,0,0,Augmented,0,0,0,0,0,0.27684299999999995,2.0026931000000001,9.9999999999999995e-07,-1.1000000000000001e-06,1.0000000000000002e-07,0.91191359999999999,0,0.038030999999999995,-0.13366990000000001,0.024561299999999998,0.085049599999999989,-0.060761299999999997,0.069542500000000007,0.0068881000000000012,0.016065300000000001,-0.014510499999999999,-0.1197549,0.33555780000000002,-0.088610000000000008,-0.033239400000000002,0.096581,0.0037541000000000002,-0.018414199999999999,-0.0042345999999999998,-0.0541238,0.035257799999999999,0.017703,-0.047748100000000002,0.0092397999999999994,-0.090532299999999996,0.015865799999999999,0.0400895,-0.0038959000000000008,0.029998300000000002,0.017647500000000003,-0.0419379,0.034920699999999999,-0.052665999999999998,-0.039475099999999999,0.093656400000000001,-0.038152400000000003,0.1861498,-0.0372638,0.0022103999999999995,-0.0070526000000000009,6.1499999999999923e-05,-0.025141799999999999,-0.00097220000000000032,0.030522000000000001,-0.0072822,-0.011965799999999999,-0.0071850999999999998,-0.0108337,0.0159264,0.015881899999999997,0.022863600000000001,0.0028801,0.0031727000000000005,0.0082439000000000002,0.0149546,-0.035748299999999997,0.0062042,-0.012857200000000001,0.00025410000000000016,0.031920199999999996,-0.077911499999999995,0.0059498999999999993,-0.022935299999999999,-0.021455399999999999,0.0152303,0.00068849999999999998,0.0010940000000000001,0.018968599999999999,0.0139268,-0.0039727999999999994,-0.014457300000000001,0.0080429999999999998,0.008018599999999999,-0.0014857999999999998,0.0050261000000000004,0.0010338999999999999,-0.0087907000000000002,-0.00031689999999999973,0.0053945999999999994,0.0063601999999999999,-0.0079999000000000008,-0.0101768,0.021400200000000001,-0.010543800000000001,-0.0041501000000000003,-0.0036353999999999996,-0.0085249000000000002,0.00059999999999999984,-0.0086607000000000003,-0.0028607999999999997,0.0033634999999999993,-0.0138549,0.00026600000000000018,-0.0028712000000000008,0.0052587999999999992,0.0063446000000000023,-0.012705800000000001,0.0035956,0.00051860000000000003,-0.0020766999999999999,-0.0074567999999999995,0.0085985999999999996,-0.0035089000000000001,-0.0073042000000000003,-0.0010194000000000002,0.0104333,-0.0057638999999999998,-0.0061824000000000002,0.0050656,0.0084121000000000005,0.0065672000000000005,0.0027169,0.0107562,-0.0046981000000000002,0.0033433,-0.0032143999999999996,0.0092119000000000003,-0.0021002999999999998,-0.0036208999999999998,0.010739499999999999,-0.0102644,0.0125819,-0.0144111,0.0010977000000000005,0.0066194999999999995,0.016315200000000002,-0.0094305999999999991,-0.0024800999999999998,-0.0142761,-0.0057407999999999999,-0.0132724,-0.0037600000000000003,0.015013800000000001,0.0017886,0.0122991,-0.0061012999999999996,-0.0032802,-0.00050330000000000004,-0.00018890000000000001,-0.0002095,0.00080409999999999998,-0.0011577000000000004,-0.0025487999999999999,0.0048380000000000003,-0.0025403999999999999,0.0035171,-0.00095539999999999991,0.0038653000000000003,0.0029472000000000001,-0.0013527999999999999,-0.0017685999999999999,-0.0076443000000000006,-0.0025198,-0.0033038,-0.0086431000000000008,-0.0056832999999999996,0.0075750999999999995,0.00085190000000000005,0.0015190000000000002,0.0010947000000000001,0.0027158000000000004,-0.0024191,-0.0038789000000000002,-0.0125725,-0.00018679999999999999,0.0025467000000000003,0.015180600000000001,0.0055726999999999999,-0.0063927999999999997,0.0030358,0.0093325999999999999,-0.0041415999999999996,-0.0026300999999999998,0.0025371000000000005,-0.004078,8.9899999999999963e-05,-0.016097500000000001,-0.0017983999999999995,-0.00074340000000000018,-0.012566799999999999,0.011791900000000001,-0.0065794,-0.0022171999999999999,0.0020270000000000002,-0.0030311000000000001,-0.0024865,0.0017978,-0.0029743,-0.0002566,-0.0055002000000000002,0.0014372,0.0035676000000000006,-0.0021581,0.0005415000000000001,-0.0016072999999999999,-0.0029807000000000002,-0.0013498,0.00052039999999999996,0.0022174,0.0062678000000000005,-0.0018917000000000001,0.00018859999999999971,0.0014430000000000001,-0.0035888999999999999,-0.0040895000000000003,0.0020635000000000002,0.0027434,0.0013881000000000004,0.0044338000000000008,0.0024079000000000006,0.00057419999999999986,-0.0052623999999999995,-3.7600000000000047e-05,-0.00074310000000000001,-0.0050591000000000004,-7.7499999999999986e-05,0.0073704999999999994,0.0015646999999999998,-0.0022097999999999996,0.0012280999999999998,-0.00025009999999999963,-0.006299299999999999,0.0030980000000000001,0.0052275999999999998,-0.00012579999999999991,-0.0011103999999999995,-0.00017629999999999968,0.0050215999999999993,-0.0116183,0.0071585999999999993,-0.0061634999999999997,-0.0095338999999999997,-0.0025326999999999997,0.00010530000000000001,-0.0025432000000000007,0.0011252000000000002,-0.0030803999999999996,-0.0010938,-0.00030590000000000006,-0.0002206,-0.00095370000000000003,-0.00090729999999999999,-0.00015299999999999949,-0.00057860000000000008,0.002078,-0.0010194000000000002,0.0012059000000000002,0.00055199999999999997,-0.0014563,0.0017557,-0.00022309999999999951,-0.00076479999999999994,0.00025010000000000001,0.0024104999999999999,-0.00090770000000000065,0.0014679000000000001,-0.0045994,0.0020379,0.0025605000000000003,-0.0021388000000000002,-0.0007407999999999999,0.00032349999999999957,0.0052405000000000004,0.00047899999999999983,0.0015230000000000003,0.0036263000000000003,-0.00041850000000000004,-0.0014995,0.0045256999999999997,-0.0021196000000000001,6.3700000000000003e-05,0.00092730000000000004,0.0027588999999999999,-0.0030157000000000001,0.0022439000000000001,0.00068720000000000022,0.0015615999999999994,-0.0090199000000000008,-0.0027469,0.0030389000000000002,0.00068490000000000011,0.0015191999999999996,0.0012731000000000001,-0.0061938000000000002,0.0024502,0.0068183000000000002,-0.0020374,0.0024156,-0.0071882999999999999,0.0022706999999999996,0.00092150000000000001,-0.00019740000000000003,0.0019754999999999998,0.0020694000000000003,-0.00076230000000000004,0.00023409999999999989,0.0026527999999999999,0.0032445,-0.00019459999999999996,0.00047410000000000009,-0.00017560000000000004,0.0015242000000000001,0.0021789999999999999,0.0019170999999999999,-0.00078140000000000002,0.00034659999999999997,-0.0018303000000000002,0.0030208000000000001,-0.0018532000000000002,-0.0021424,1.0200000000000031e-05,0.0016573000000000002,-0.0017998999999999999,-0.00021720000000000008,-0.0013164000000000001,0.00064700000000000001,0.0010704,-0.0018404999999999999,-0.00066500000000000001,-0.0020903000000000002,-0.00055290000000000005,0.00040329999999999988,-0.0023961,-0.0033751000000000007,0.001315,0.00015180000000000006,0.0015924000000000001,0.0033779999999999999,0.0012917000000000002,0.0006433000000000003,0.0010858,-0.0023526000000000003,0.00093159999999999998,0.00048829999999999989,0.0045301999999999999,0.0041618999999999996,0.00016140000000000013,-0.00089329999999999998,-0.0025162000000000001,-0.0015398999999999999,0.0020452000000000001,0.0010854,-0.0040428999999999994,0.0074799999999999997,-0.0056273,-0.0017105000000000002,-0.0014082000000000001,-0.0009836999999999999,0.0088324000000000007,0.0010333000000000002,0.0070397999999999997,0.0051536000000000004,-0.0056594999999999996,-0.0011585,0.00050020000000000002,-0.0017703,0.0016580000000000002,-0.00015889999999999996,-0.0016673999999999999,0.00010060000000000006,0.0018311999999999996,-0.0016098,-0.0018052999999999999,0.0013281,-0.0003882,0.0013010999999999999,-3.849999999999996e-05,0.00054219999999999995,-0.0016829,-0.0021358000000000002,-0.0012595,0.0015851000000000001,-0.0014254000000000001,-0.00018230000000000001,0.0032170000000000002,-0.0004481,0.0022099000000000003,-0.0030866999999999999,-0.00099510000000000006,0.00082200000000000014,0.0023893000000000005,0.00012549999999999996,0.0011279,-0.00052380000000000005,-0.0016343,0.00038659999999999986,-0.0011505,-0.00015880000000000007,0.00054980000000000003,0.0024233000000000002,0.00027290000000000007,0.00067309999999999983,-0.00019530000000000014,0.00031619999999999999,-0.00039729999999999995,-0.0007182,0.0024580000000000001,-0.0021339000000000002,-0.0031649999999999998,0.0025474,0.0010318999999999999,-0.0011616,0.0029734000000000002,0.00059880000000000003,0.0036534000000000002,-0.0011650999999999996,-0.0034768999999999998,-0.0042400000000000007,-0.00051020000000000004,0.0019742000000000002,-0.00069670000000000008,-0.00087760000000000008,0.0025582999999999999,0.0027191000000000003,-0.0015849,-9.4799999999999702e-05,-0.0020314999999999999,0.00056510000000000067,0.00011990000000000004,-0.0024199,0.0041682999999999998,-0.0013198000000000001,0.00015659999999999996,0.00070520000000000012,-0.0017776999999999999,-0.0013668,0.00041629999999999998,0.0005509,0.00028320000000000005,-0.0013886,0.0012768,-0.00078439999999999998,-0.00011999999999999999,0.0019335000000000003,-0.0032493999999999995,-0.00051630000000000003,-0.0015571000000000001,0.00057899999999999998,-0.00016009999999999996,-0.00045200000000000004,-0.00015639999999999998,0.00078280000000000005,4.4900000000000061e-05,0.00093190000000000026,-0.00081040000000000007,0.00039489999999999995,0.0013875000000000001,-0.0014334999999999999,0.0003278,-0.00088420000000000002,0.00067080000000000015,-0.0022436000000000001,-0.00070789999999999991,-0.00029820000000000004,-0.00015209999999999996,0.00047770000000000001,0.0010911,-0.00077490000000000002,-0.00076380000000000003,-0.00027930000000000001,-0.0035584000000000002,-0.00044109999999999999,0.0013892000000000002,-0.00047019999999999999,0.0022382000000000001,0.0012565,-0.00052470000000000012,0.0022763000000000002,-0.0024792,-0.001315,-0.00027139999999999998,-0.0020895999999999996,0.0020012000000000007,0.0027005000000000002,-0.0011370999999999998,0.0018412999999999997,-0.0028358999999999997,-0.00097340000000000002,0.0031822999999999999,-0.00055890000000000009,0.00061830000000000001,0.00025270000000000002,-0.0030364000000000007,0.00061399999999999996,-0.0017639000000000001,-0.0028990000000000001,0.0045544000000000001,-0.00015990000000000004,0.0036116000000000004,3.2499999999999868e-05,0.0021889000000000001,0.0029689,-0.0045770000000000003,0.00057720000000000004,-0.0011638,0.00068050000000000012,-8.9399999999999896e-05
aug_between_class_right_pair0023_child02,Healthy,0,0,Augmented,0,0,0,0,0,0.27770699999999998,2.0032291999999998,1.0000000000000002e-06,-1.1999999999999999e-06,1.9999999999999999e-07,0.90789520000000001,0,0.038959000000000001,-0.1346318,0.024184599999999997,0.086069199999999998,-0.064083599999999991,0.07022500000000001,0.0049742000000000015,0.015349600000000001,-0.014268999999999999,-0.11925479999999999,0.33855659999999999,-0.088905999999999999,-0.03628880000000001,0.09461,0.0043702000000000003,-0.018987399999999998,-0.0036031999999999995,-0.053773600000000005,0.036815600000000004,0.018002999999999998,-0.048898200000000003,0.0086795999999999991,-0.088880600000000004,0.015150599999999998,0.042495999999999999,-0.0053518000000000003,0.028375600000000001,0.016658000000000003,-0.043095799999999997,0.0351794,-0.052420000000000001,-0.039236199999999999,0.0946298,-0.038011799999999998,0.18536559999999999,-0.036153599999999994,0.0027217999999999999,-0.0077992000000000009,-0.0011440000000000001,-0.022977600000000001,-0.00067940000000000014,0.031496999999999997,-0.0070974000000000002,-0.0112856,-0.0074931999999999993,-0.011815399999999998,0.0177118,0.0172228,0.022810199999999999,0.0033322000000000004,0.0026043999999999998,0.0078788,0.0149722,-0.035579599999999996,0.0065753999999999995,-0.0122104,0.0010602000000000003,0.031164399999999998,-0.078504000000000004,0.0039078000000000012,-0.021594599999999999,-0.0199148,0.012875600000000001,0.00070100000000000013,0.00084100000000000006,0.019152200000000001,0.013569599999999999,-0.0032585999999999995,-0.0138736,0.00792,0.0072312000000000001,-0.0018286000000000001,0.0051682000000000004,0.0012777999999999995,-0.0100584,0.0013362000000000001,0.0047981999999999999,0.0066714000000000001,-0.0086607999999999997,-0.010377600000000001,0.021423400000000002,-0.011194599999999999,-0.0038791999999999997,-0.0029727999999999994,-0.0085678000000000004,0.0009289999999999997,-0.0093354000000000006,-0.0036776000000000001,0.0040949999999999988,-0.013799800000000001,0.0015119999999999999,-0.0021754000000000009,0.0067365999999999997,0.0065062000000000002,-0.0137076,0.0030812000000000001,0.00066620000000000004,-0.0025554000000000002,-0.0073685999999999995,0.0088342000000000004,-0.0034337999999999999,-0.0069144000000000002,-0.00090780000000000006,0.0098866000000000006,-0.0057467999999999998,-0.0065808000000000012,0.0062462000000000004,0.0084612000000000003,0.0066524000000000002,0.0028508000000000001,0.0107934,-0.0055611999999999997,0.0034996000000000003,-0.0039258000000000001,0.0092528000000000003,-0.0018586,-0.0031587999999999994,0.010711,-0.0111208,0.012294800000000002,-0.0151492,0.00076140000000000062,0.006123,0.016178400000000003,-0.0096182000000000004,-0.0019252,-0.0144292,-0.0061576000000000001,-0.0133308,-0.0038539999999999998,0.015114599999999999,0.0017452000000000001,0.010964200000000002,-0.0063106000000000004,-0.0028764000000000003,-0.00061859999999999997,1.3199999999999996e-05,1.0000000000000294e-06,0.0010211999999999999,-0.00081240000000000001,-0.0029065999999999996,0.00447,-0.0026408,0.0034511999999999998,-0.0012148000000000003,0.0038116000000000001,0.0028084000000000004,-0.00086560000000000001,-0.0015642,-0.0068806000000000006,-0.0024146000000000003,-0.0034286000000000004,-0.0086341999999999999,-0.0054046000000000007,0.0077212000000000001,0.00092579999999999963,0.0022189999999999996,0.00043239999999999989,0.0017316000000000011,-0.0034191999999999998,-0.0037318000000000004,-0.011966000000000001,0.00045739999999999973,0.0030174000000000004,0.015112199999999999,0.0056904,-0.0073416000000000002,0.0030356000000000003,0.0087291999999999995,-0.0031082000000000002,-0.0022052,0.0024882000000000003,-0.0037290000000000005,0.00046679999999999996,-0.017160000000000002,-0.0022718,-0.0011477999999999998,-0.0118116,0.013306800000000001,-0.0068738000000000002,-0.0024914000000000004,0.001802,-0.0025552000000000001,-0.0024970000000000001,0.0021576,-0.0027185999999999998,-0.00027219999999999995,-0.005299400000000001,0.0012304,0.0037752000000000003,-0.0017782,-8.9000000000000022e-05,-0.0018456000000000002,-0.0026674000000000003,-0.0010746,0.00011180000000000005,0.0023478000000000001,0.0055166000000000017,-0.0019134,0.00016620000000000003,0.001505,-0.0033418000000000002,-0.0043569999999999998,0.002588,0.0028477999999999997,0.0011142000000000003,0.0046836000000000004,0.0028858,0.00023339999999999982,-0.0047308000000000003,0.00058080000000000024,-0.00040820000000000006,-0.0053782000000000005,9.9999999999991589e-07,0.0072020000000000001,0.00085639999999999957,-0.0022775999999999999,0.0018962,-0.00017120000000000026,-0.0058446000000000001,0.0024589999999999998,0.0047662,-0.00070759999999999985,-0.00062279999999999996,-0.00082659999999999982,0.0061231999999999997,-0.0115806,0.0075022000000000005,-0.0052919999999999998,-0.0105548,-0.0027643999999999998,0.00018759999999999979,-0.0025084,0.00087440000000000011,-0.0026597999999999995,-0.0010896,-0.00061880000000000008,-0.00010720000000000003,-0.0010503999999999999,-0.0007136,-6.1999999999999555e-05,-0.00049120000000000012,0.0022490000000000001,-0.00060480000000000017,0.00081580000000000021,0.0004419999999999999,-0.0014916,0.0016664000000000002,0.00017680000000000039,-0.0010085999999999999,0.00070920000000000011,0.002323,-0.00049140000000000034,0.0014778,-0.0047128000000000005,0.0017748,0.0023270000000000001,-0.0023105999999999999,-0.00090059999999999999,0.00071599999999999984,0.004751,0.00090900000000000009,0.0013550000000000001,0.0034066000000000001,-0.00087899999999999979,-0.0015170000000000001,0.0043664000000000003,-0.0021212000000000002,-3.6600000000000022e-05,0.0011815999999999997,0.0025598000000000001,-0.0034733999999999998,0.0019348000000000004,-1.9599999999999826e-05,0.0016432,-0.008493800000000001,-0.0025977999999999999,0.0028338000000000005,0.00074180000000000025,0.0012534000000000004,0.0011751999999999999,-0.0062906000000000004,0.0023343999999999999,0.0073055999999999998,-0.0023058000000000002,0.0021372000000000001,-0.0075656000000000004,0.0021543999999999999,0.00077500000000000008,-0.00033380000000000004,0.0019870000000000001,0.0019778,-0.00082360000000000007,8.3199999999999962e-05,0.0022636000000000002,0.003215,-0.00010019999999999994,0.0006202,0.00014979999999999985,0.00096440000000000024,0.0022339999999999999,0.0018261999999999998,-0.0010628,0.00038519999999999993,-0.0018476,0.0028425999999999998,-0.0014324000000000001,-0.0019898000000000003,-5.5599999999999942e-05,0.0015626000000000004,-0.0021987999999999999,-9.3999999999999032e-06,-0.0011427999999999998,0.00059299999999999999,0.0013067999999999999,-0.0018009999999999999,-0.00064900000000000005,-0.0019316000000000001,-0.00058180000000000005,0.00010459999999999983,-0.0025522000000000001,-0.0033871999999999999,0.0016270000000000002,4.5600000000000078e-05,0.0016058000000000001,0.003398,0.0012294000000000001,0.00032360000000000006,0.0012256000000000001,-0.0026132000000000004,0.00071420000000000012,0.00063759999999999989,0.0041133999999999997,0.0040857999999999997,9.380000000000022e-05,-0.0010336,-0.0026903999999999999,-0.0018437999999999998,0.0019214,0.0013508000000000001,-0.0041777999999999997,0.0072770000000000005,-0.0051796000000000012,-0.0016920000000000004,-0.0015074000000000001,-0.0011814000000000002,0.008127800000000001,0.0011295999999999999,0.0065655999999999996,0.0054191999999999999,-0.0056080000000000001,-0.0010330000000000001,0.00057939999999999999,-0.0016715999999999999,0.001544,-0.00038579999999999995,-0.0014567999999999998,-6.6799999999999916e-05,0.0018413999999999998,-0.0015406,-0.0016916000000000001,0.0011182000000000002,-0.00025839999999999994,0.0013492000000000003,0.00017799999999999999,0.00039939999999999995,-0.0016037999999999998,-0.0020396000000000004,-0.0011510000000000001,0.0018221999999999999,-0.0014458000000000001,-8.7599999999999988e-05,0.0030349999999999999,-0.00054819999999999999,0.0018848000000000003,-0.0031313999999999999,-0.00087520000000000013,0.00072500000000000028,0.0022676000000000003,0.00020800000000000007,0.0008158000000000001,-0.00071060000000000003,-0.0017986,0.00063319999999999978,-0.0012830000000000001,8.0400000000000003e-05,0.00045560000000000002,0.0025926,0.0001428,0.00057620000000000002,-0.00038260000000000003,0.0002314000000000001,-0.00052759999999999992,-0.00073840000000000006,0.002503,-0.0021188000000000001,-0.0028739999999999998,0.0020328000000000004,0.0012358,-0.0012792000000000001,0.0026548000000000001,0.00039460000000000038,0.0035518000000000004,-0.00061820000000000061,-0.0035038000000000005,-0.003826,-0.0003614,0.0015724000000000007,-0.00059840000000000013,-0.00063320000000000043,0.0024015999999999998,0.0029442000000000001,-0.0016378,0.0001253999999999999,-0.0016099999999999999,0.00010920000000000027,9.8800000000000016e-05,-0.0026658000000000003,0.0037886,-0.0012396,0.00026019999999999998,0.00057440000000000008,-0.0015474,-0.0012045999999999999,0.00038060000000000004,0.00071179999999999985,0.00025139999999999999,-0.0014082000000000001,0.0010196000000000001,-0.00089480000000000007,0,0.0016090000000000002,-0.0028038,-0.00052760000000000003,-0.0015652000000000001,0.00044999999999999993,-1.5199999999999976e-05,-0.00027700000000000012,-0.00010280000000000001,0.00065260000000000014,0.00039080000000000012,0.00093580000000000009,-0.0008518,0.00049580000000000002,0.0013350000000000002,-0.001387,0.00050160000000000005,-0.00083339999999999998,0.00059160000000000007,-0.0020892000000000003,-0.00084880000000000003,-8.8400000000000048e-05,-0.0004372,0.00051639999999999998,0.0011482,-0.00078180000000000003,-0.00089359999999999993,-0.0003056,-0.0037448000000000004,-0.00042719999999999998,0.0014344000000000002,-0.0003924,0.0024064000000000004,0.0012179999999999999,-0.00036239999999999992,0.0023506,-0.0027074,-0.001238,-4.3800000000000035e-05,-0.0020601999999999999,0.0020974000000000001,0.0027110000000000003,-0.0010721999999999999,0.0017166,-0.0026768,-0.00079880000000000001,0.0027916,-0.00080380000000000002,0.00059159999999999996,0.00033940000000000001,-0.0032258000000000009,0.00087599999999999993,-0.0018518,-0.0029919999999999999,0.0044317999999999996,-0.00026379999999999991,0.0031432000000000005,0.00022599999999999996,0.0018148000000000001,0.0032548,-0.0045320000000000004,0.00048740000000000003,-0.00079160000000000016,0.00054000000000000012,-9.9800000000000041e-05
aug_between_class_right_pair0023_child03,Healthy,0,0,Augmented,0,0,0,0,0,0.27857100000000001,2.0037653,9.9999999999999995e-07,-1.2999999999999998e-06,2.9999999999999999e-07,0.90387679999999992,4.1359030627651384e-25,0.039886999999999999,-0.13559369999999998,0.0238079,0.087088799999999994,-0.067405900000000005,0.070907499999999998,0.0030603000000000002,0.014633900000000002,-0.0140275,-0.11875469999999999,0.34155540000000001,-0.089202000000000004,-0.039338200000000004,0.092638999999999999,0.0049862999999999999,-0.019560600000000001,-0.0029717999999999997,-0.053423400000000003,0.038373400000000002,0.018303,-0.050048299999999997,0.0081193999999999988,-0.087228899999999998,0.014435399999999999,0.044902499999999998,-0.0068077000000000016,0.026752900000000003,0.015668500000000002,-0.0442537,0.0354381,-0.052173999999999998,-0.038997299999999999,0.095603199999999999,-0.037871200000000001,0.18458140000000001,-0.035043400000000002,0.0032332000000000003,-0.0085457999999999992,-0.0023495000000000009,-0.020813399999999999,-0.00038660000000000018,0.032472000000000001,-0.0069126000000000005,-0.010605399999999999,-0.0078012999999999997,-0.0127971,0.019497199999999999,0.018563699999999999,0.022756800000000001,0.0037843000000000009,0.002036099999999999,0.007513699999999999,0.014989800000000001,-0.035410899999999995,0.006946599999999999,-0.011563599999999999,0.0018662999999999996,0.030408599999999997,-0.0790965,0.0018657000000000014,-0.020253899999999998,-0.0183742,0.0105209,0.00071350000000000005,0.00058799999999999998,0.0193358,0.013212399999999999,-0.0025443999999999996,-0.0132899,0.0077970000000000001,0.0064437999999999995,-0.0021714000000000004,0.0053103000000000004,0.0015217,-0.011326099999999999,0.0029892999999999999,0.0042018000000000003,0.0069826000000000003,-0.0093217000000000005,-0.010578400000000002,0.0214466,-0.011845400000000001,-0.0036083,-0.0023101999999999997,-0.0086107000000000006,0.0012580000000000002,-0.010010100000000001,-0.0044944,0.0048265000000000001,-0.0137447,0.002758,-0.0014796000000000011,0.0082144000000000002,0.0066678000000000015,-0.014709400000000001,0.0025667999999999997,0.00081380000000000005,-0.0030340999999999996,-0.0072803999999999994,0.0090697999999999994,-0.0033587000000000001,-0.0065246000000000002,-0.00079620000000000005,0.0093398999999999982,-0.0057296999999999999,-0.0069791999999999996,0.0074267999999999999,0.0085103000000000019,0.0067375999999999998,0.0029846999999999999,0.010830599999999999,-0.0064243,0.0036559000000000001,-0.0046372000000000002,0.0092937000000000002,-0.0016168999999999999,-0.0026967000000000002,0.010682499999999999,-0.0119772,0.0120077,-0.0158873,0.0004251000000000003,0.0056265000000000004,0.0160416,-0.0098057999999999982,-0.0013702999999999996,-0.014582300000000001,-0.0065743999999999993,-0.0133892,-0.0039480000000000001,0.0152154,0.0017017999999999998,0.0096293000000000004,-0.0065198999999999995,-0.0024726000000000001,-0.0007339,0.00021529999999999995,0.00021150000000000007,0.0012382999999999999,-0.00046710000000000002,-0.0032643999999999998,0.0041019999999999997,-0.0027412000000000001,0.0033852999999999999,-0.0014742000000000002,0.0037578999999999998,0.0026696000000000003,-0.00037839999999999987,-0.0013598000000000004,-0.0061169000000000006,-0.0023094000000000001,-0.0035534,-0.0086252999999999989,-0.0051258999999999992,0.0078673000000000007,0.00099970000000000007,0.0029189999999999993,-0.00022990000000000033,0.00074740000000000049,-0.0044193000000000001,-0.0035846999999999997,-0.0113595,0.0011015999999999999,0.0034881000000000001,0.0150438,0.0058081000000000001,-0.0082903999999999999,0.0030353999999999997,0.0081258000000000007,-0.002074799999999999,-0.0017802999999999999,0.002439300000000001,-0.0033800000000000006,0.00084370000000000018,-0.018222499999999999,-0.0027451999999999997,-0.0015521999999999995,-0.011056399999999999,0.0148217,-0.0071681999999999996,-0.0027656,0.0015769999999999998,-0.0020793000000000001,-0.0025074999999999997,0.0025173999999999999,-0.0024628999999999996,-0.0002878,-0.0050986,0.0010235999999999999,0.0039827999999999999,-0.0013982999999999999,-0.00071950000000000009,-0.0020839000000000001,-0.0023540999999999996,-0.00079940000000000002,-0.00029679999999999995,0.0024781999999999994,0.0047653999999999995,-0.0019350999999999999,0.00014380000000000013,0.001567,-0.0030946999999999997,-0.0046245000000000001,0.0031124999999999998,0.0029521999999999999,0.0008403000000000002,0.0049334000000000001,0.0033637000000000007,-0.00010740000000000012,-0.0041992000000000002,0.0011992000000000003,-7.3299999999999884e-05,-0.0056973000000000006,7.9500000000000035e-05,0.0070334999999999998,0.0001480999999999991,-0.0023453999999999997,0.0025642999999999998,-9.2300000000000021e-05,-0.0053898999999999996,0.00182,0.0043047999999999993,-0.0012893999999999998,-0.00013519999999999917,-0.0014768999999999997,0.0072247999999999982,-0.0115429,0.0078458,-0.0044205,-0.011575699999999998,-0.0029960999999999998,0.00026989999999999978,-0.0024736000000000003,0.0006236000000000002,-0.0022392000000000002,-0.0010854,-0.00093170000000000004,6.1999999999999881e-06,-0.0011471000000000001,-0.00051990000000000001,2.900000000000038e-05,-0.00040380000000000006,0.0024199999999999998,-0.00019019999999999988,0.00042569999999999988,0.00033200000000000005,-0.0015268999999999999,0.0015770999999999999,0.0005767000000000003,-0.0012523999999999999,0.0011682999999999999,0.0022354999999999996,-7.510000000000047e-05,0.0014877000000000002,-0.0048262000000000001,0.0015116999999999999,0.0020934999999999999,-0.0024824000000000001,-0.0010604,0.0011084999999999997,0.0042614999999999997,0.0013390000000000001,0.0011870000000000001,0.0031869000000000003,-0.0013395000000000002,-0.0015344999999999998,0.0042071000000000001,-0.0021228000000000002,-0.00013690000000000002,0.0014358999999999999,0.0023607000000000003,-0.0039310999999999999,0.0016256999999999999,-0.00072640000000000009,0.0017247999999999999,-0.0079676999999999994,-0.0024486999999999998,0.002628699999999999,0.00079870000000000017,0.0009875999999999995,0.0010773,-0.0063873999999999997,0.0022186000000000003,0.0077929000000000002,-0.0025742000000000004,0.0018588000000000003,-0.007942900000000001,0.0020380999999999997,0.00062849999999999994,-0.00047019999999999999,0.0019985000000000003,0.0018862000000000002,-0.00088489999999999988,-6.7700000000000073e-05,0.0018744,0.0031855,-5.8000000000000326e-06,0.00076630000000000014,0.00047519999999999995,0.0004045999999999997,0.0022890000000000002,0.0017352999999999997,-0.0013442,0.0004238,-0.0018648999999999998,0.0026643999999999999,-0.0010116000000000001,-0.0018372,-0.00012140000000000013,0.0014679000000000003,-0.0025976999999999997,0.00019839999999999984,-0.00096920000000000003,0.00053899999999999998,0.0015431999999999998,-0.0017614999999999998,-0.00063299999999999999,-0.0017729,-0.00061070000000000004,-0.0001941,-0.0027082999999999999,-0.0033993000000000001,0.0019389999999999998,-6.0600000000000009e-05,0.0016191999999999999,0.003418,0.0011670999999999999,3.900000000000149e-06,0.0013654000000000001,-0.0028738000000000001,0.00049679999999999993,0.00078689999999999988,0.0036966,0.0040096999999999997,2.6199999999999878e-05,-0.0011738999999999999,-0.0028646000000000001,-0.0021476999999999998,0.0017975999999999999,0.0016162000000000001,-0.0043127,0.0070740000000000004,-0.0047319000000000007,-0.0016735000000000001,-0.0016065999999999999,-0.0013791000000000001,0.0074232000000000005,0.0012259,0.0060914000000000003,0.0056848000000000003,-0.0055565000000000007,-0.00090749999999999989,0.00065859999999999985,-0.0015728999999999997,0.0014299999999999998,-0.00061269999999999999,-0.0012461999999999998,-0.00023419999999999987,0.0018515999999999999,-0.0014714000000000001,-0.0015778999999999999,0.00090830000000000012,-0.00012860000000000004,0.0013973,0.00039450000000000005,0.0002566,-0.0015246999999999999,-0.0019434000000000001,-0.0010425,0.0020593,-0.0014661999999999998,7.1000000000000099e-06,0.0028530000000000001,-0.00064829999999999998,0.0015596999999999998,-0.0031761000000000003,-0.00075529999999999998,0.00062799999999999998,0.0021459000000000001,0.00029049999999999985,0.00050370000000000015,-0.00089740000000000002,-0.0019628999999999996,0.00087979999999999992,-0.0014155000000000001,0.00031959999999999996,0.00036140000000000006,0.0027619000000000003,1.2699999999999929e-05,0.00047930000000000021,-0.00056990000000000014,0.00014659999999999999,-0.0006579,-0.00075860000000000001,0.0025479999999999999,-0.0021037,-0.0025829999999999998,0.0015182000000000001,0.0014396999999999999,-0.0013968000000000001,0.0023361999999999996,0.00019040000000000007,0.0034502000000000001,-7.1299999999999836e-05,-0.0035306999999999995,-0.0034119999999999997,-0.00021259999999999986,0.0011705999999999999,-0.00050010000000000007,-0.00038880000000000013,0.0022448999999999998,0.0031692999999999999,-0.0016906999999999998,0.00034560000000000016,-0.0011885000000000001,-0.00034670000000000013,7.7700000000000208e-05,-0.0029117000000000001,0.0034088999999999999,-0.0011593999999999999,0.00036379999999999995,0.00044360000000000005,-0.0013170999999999999,-0.0010423999999999998,0.00034489999999999998,0.00087269999999999991,0.00021960000000000003,-0.0014277999999999999,0.00076239999999999999,-0.0010051999999999999,0.00011999999999999988,0.0012845000000000001,-0.0023581999999999995,-0.00053889999999999993,-0.0015732999999999997,0.000321,0.00012969999999999998,-0.00010199999999999999,-4.9200000000000003e-05,0.0005223999999999999,0.00073669999999999985,0.00093969999999999991,-0.00089320000000000003,0.00059670000000000003,0.0012825,-0.0013405000000000001,0.00067540000000000005,-0.00078259999999999983,0.00051239999999999999,-0.0019348,-0.00098969999999999982,0.00012140000000000001,-0.00072229999999999994,0.00055509999999999999,0.0012053000000000001,-0.00078870000000000003,-0.0010234,-0.00033189999999999999,-0.0039311999999999993,-0.00041330000000000002,0.0014795999999999998,-0.0003146,0.0025745999999999998,0.0011794999999999998,-0.00020010000000000004,0.0024248999999999998,-0.0029356,-0.0011609999999999999,0.00018379999999999997,-0.0020307999999999997,0.0021935999999999995,0.0027215,-0.0010073,0.0015918999999999998,-0.0025176999999999995,-0.00062419999999999999,0.0024008999999999996,-0.0010487000000000001,0.00056489999999999991,0.0004261,-0.0034152000000000002,0.0011380000000000001,-0.0019396999999999999,-0.0030850000000000001,0.0043091999999999991,-0.0003677000000000001,0.0026748000000000006,0.00041950000000000001,0.0014407000000000001,0.0035406999999999999,-0.0044870000000000005,0.00039760000000000002,-0.0004194,0.00039949999999999968,-0.00011019999999999997
aug_between_class_right_pair0023_child04,Healthy,0,0,Augmented,0,0,0,0,0,0.27943499999999999,2.0043014000000001,9.9999999999999995e-07,-1.4000000000000001e-06,3.9999999999999998e-07,0.89985839999999995,0,0.040814999999999997,-0.1365556,0.023431199999999999,0.088108400000000003,-0.070728200000000005,0.071590000000000001,0.0011463999999999995,0.013918200000000002,-0.013785999999999998,-0.1182546,0.34455419999999998,-0.089497999999999994,-0.042387599999999998,0.090667999999999999,0.0056024000000000004,-0.0201338,-0.0023403999999999999,-0.053073200000000001,0.0399312,0.018603000000000001,-0.051198399999999998,0.0075592000000000003,-0.085577200000000006,0.013720199999999998,0.047308999999999997,-0.0082636000000000012,0.025130200000000002,0.014679000000000001,-0.045411599999999996,0.035696800000000001,-0.051928000000000002,-0.038758399999999998,0.096576599999999999,-0.037730600000000003,0.18379719999999999,-0.033933199999999997,0.0037446000000000007,-0.0092923999999999993,-0.0035550000000000009,-0.018649200000000001,-9.3800000000000003e-05,0.033446999999999998,-0.0067277999999999999,-0.0099251999999999986,-0.0081093999999999992,-0.013778800000000001,0.021282600000000002,0.019904600000000001,0.022703399999999999,0.0042363999999999995,0.0014678,0.0071486000000000006,0.015007400000000001,-0.035242199999999994,0.0073177999999999993,-0.010916800000000001,0.0026724000000000006,0.0296528,-0.079688999999999996,-0.00017640000000000017,-0.018913199999999998,-0.016833599999999997,0.0081662000000000002,0.00072600000000000019,0.0003349999999999999,0.019519399999999999,0.012855200000000001,-0.0018302000000000006,-0.012706200000000001,0.0076740000000000003,0.0056563999999999998,-0.0025142000000000003,0.0054523999999999996,0.0017656,-0.012593799999999999,0.0046423999999999997,0.0036053999999999999,0.0072937999999999996,-0.0099825999999999995,-0.010779199999999999,0.021469800000000001,-0.012496199999999999,-0.0033373999999999999,-0.0016475999999999991,-0.0086536000000000009,0.0015870000000000001,-0.0106848,-0.0053112000000000003,0.0055580000000000004,-0.0136896,0.0040040000000000006,-0.00078380000000000116,0.009692199999999998,0.0068294000000000011,-0.015711200000000002,0.0020523999999999998,0.00096140000000000006,-0.0035128,-0.0071921999999999993,0.0093054000000000001,-0.0032835999999999998,-0.0061348000000000001,-0.00068460000000000005,0.0087931999999999993,-0.0057126,-0.0073776000000000007,0.0086073999999999994,0.0085594,0.0068228000000000004,0.0031186,0.0108678,-0.0072874000000000003,0.0038122,-0.0053486000000000002,0.0093346000000000002,-0.0013751999999999998,-0.0022345999999999998,0.010654,-0.012833600000000001,0.011720600000000001,-0.016625399999999999,8.879999999999999e-05,0.00513,0.0159048,-0.0099933999999999995,-0.00081539999999999976,-0.014735400000000001,-0.0069911999999999995,-0.013447600000000001,-0.0040420000000000005,0.0153162,0.0016584000000000004,0.0082944000000000004,-0.0067292000000000003,-0.0020688,-0.00084920000000000004,0.00041740000000000001,0.00042200000000000012,0.0014554000000000001,-0.00012179999999999982,-0.0036221999999999999,0.0037339999999999995,-0.0028416000000000001,0.0033194000000000001,-0.0017336000000000001,0.0037042000000000004,0.0025308000000000002,0.00010880000000000021,-0.0011554000000000002,-0.0053532000000000007,-0.0022041999999999999,-0.0036782000000000004,-0.0086163999999999998,-0.0048471999999999994,0.0080134000000000004,0.0010736000000000001,0.003618999999999999,-0.00089220000000000033,-0.00023679999999999968,-0.0054194000000000004,-0.0034375999999999999,-0.010753,0.0017458,0.0039588000000000002,0.0149754,0.0059258000000000002,-0.0092391999999999995,0.0030352000000000001,0.0075224000000000003,-0.0010413999999999998,-0.0013554000000000001,0.0023904000000000009,-0.0030310000000000003,0.0012206000000000001,-0.019285,-0.0032185999999999998,-0.0019565999999999993,-0.0103012,0.0163366,-0.0074625999999999998,-0.0030398000000000001,0.0013519999999999999,-0.0016034000000000001,-0.0025179999999999998,0.0028771999999999999,-0.0022071999999999999,-0.00030340000000000006,-0.0048977999999999999,0.0008167999999999999,0.0041904000000000004,-0.0010184,-0.0013500000000000001,-0.0023222,-0.0020408000000000002,-0.00052420000000000006,-0.00070540000000000002,0.0026085999999999995,0.0040142000000000008,-0.0019567999999999999,0.00012139999999999981,0.0016290000000000002,-0.0028476,-0.0048920000000000005,0.0036370000000000005,0.0030566,0.00056639999999999989,0.0051832000000000007,0.0038416000000000001,-0.00044820000000000005,-0.0036676000000000005,0.0018176000000000002,0.00026159999999999985,-0.0060164000000000007,0.00015799999999999994,0.0068649999999999996,-0.00056020000000000093,-0.0024131999999999999,0.0032323999999999999,-1.3399999999999784e-05,-0.0049351999999999998,0.0011809999999999998,0.0038433999999999994,-0.0018711999999999997,0.00035240000000000033,-0.0021271999999999997,0.0083263999999999994,-0.0115052,0.0081893999999999995,-0.0035490000000000001,-0.012596599999999999,-0.0032277999999999999,0.00035219999999999978,-0.0024388000000000001,0.00037280000000000006,-0.0018185999999999996,-0.0010812,-0.0012446000000000002,0.00011959999999999999,-0.0012438,-0.00032619999999999996,0.00012000000000000031,-0.00031639999999999999,0.002591,0.00022440000000000017,3.5599999999999998e-05,0.00022199999999999998,-0.0015622000000000001,0.0014878000000000001,0.00097660000000000021,-0.0014962,0.0016274000000000002,0.0021479999999999997,0.00034119999999999984,0.0014976,-0.0049396000000000006,0.0012486000000000001,0.0018600000000000001,-0.0026541999999999998,-0.0012201999999999998,0.0015009999999999997,0.0037720000000000002,0.0017690000000000002,0.0010189999999999999,0.0029672000000000001,-0.0018,-0.001552,0.0040477999999999998,-0.0021244000000000002,-0.00023720000000000002,0.0016902,0.0021616000000000001,-0.0043888,0.0013165999999999998,-0.0014331999999999999,0.0018063999999999997,-0.0074415999999999996,-0.0022995999999999997,0.0024235999999999993,0.00085560000000000009,0.00072179999999999944,0.00097940000000000006,-0.0064842000000000007,0.0021028000000000002,0.0082801999999999997,-0.0028426000000000007,0.0015804,-0.0083201999999999998,0.0019218,0.00048200000000000001,-0.00060660000000000011,0.0020100000000000001,0.0017946000000000001,-0.00094619999999999991,-0.00021860000000000006,0.0014851999999999999,0.003156,8.8599999999999985e-05,0.00091240000000000006,0.00080059999999999994,-0.00015520000000000025,0.0023440000000000002,0.0016444000000000001,-0.0016256,0.00046239999999999996,-0.0018821999999999999,0.0024862,-0.00059079999999999983,-0.0016845999999999999,-0.00018720000000000011,0.0013732000000000002,-0.0029965999999999999,0.00040619999999999979,-0.00079559999999999982,0.00048500000000000003,0.0017796000000000001,-0.001722,-0.00061699999999999993,-0.0016142000000000001,-0.00063960000000000004,-0.00049280000000000016,-0.0028644,-0.0034114000000000002,0.002251,-0.00016680000000000004,0.0016326000000000001,0.0034380000000000001,0.0011048000000000002,-0.00031579999999999992,0.0015052000000000002,-0.0031344000000000007,0.00027939999999999996,0.00093619999999999988,0.0032797999999999998,0.0039335999999999998,-4.1400000000000031e-05,-0.0013142000000000002,-0.0030387999999999995,-0.0024516,0.0016738,0.0018816000000000002,-0.0044476000000000003,0.0068709999999999995,-0.0042842000000000002,-0.0016550000000000002,-0.0017058000000000002,-0.0015768000000000002,0.0067185999999999999,0.0013221999999999997,0.0056172000000000001,0.0059503999999999998,-0.0055049999999999995,-0.00078199999999999993,0.00073780000000000004,-0.0014741999999999999,0.0013159999999999999,-0.00083960000000000003,-0.0010355999999999998,-0.0004015999999999999,0.0018617999999999998,-0.0014021999999999999,-0.0014641999999999999,0.00069840000000000006,1.2000000000000292e-06,0.0014453999999999999,0.000611,0.00011380000000000006,-0.0014456,-0.0018472000000000002,-0.00093400000000000004,0.0022964000000000001,-0.0014866,0.00010180000000000003,0.0026710000000000002,-0.00074840000000000009,0.0012346000000000002,-0.0032208000000000002,-0.00063540000000000005,0.00053100000000000011,0.0020242000000000003,0.00037300000000000007,0.00019159999999999989,-0.0010842,-0.0021272000000000001,0.0011263999999999998,-0.0015480000000000001,0.00055880000000000003,0.00026719999999999999,0.0029312000000000001,-0.00011740000000000003,0.00038240000000000019,-0.00075720000000000019,6.1800000000000093e-05,-0.00078819999999999997,-0.00077880000000000007,0.0025929999999999998,-0.0020885999999999999,-0.0022919999999999998,0.0010035999999999999,0.0016436000000000001,-0.0015144000000000002,0.0020176,-1.3799999999999793e-05,0.0033486000000000002,0.00047560000000000007,-0.0035576000000000002,-0.0029979999999999998,-6.3799999999999979e-05,0.00076879999999999993,-0.00040180000000000006,-0.00014440000000000004,0.0020882000000000001,0.0033944000000000001,-0.0017435999999999999,0.00056579999999999998,-0.00076699999999999989,-0.00080259999999999967,5.6599999999999966e-05,-0.0031576,0.0030291999999999997,-0.0010792,0.00046739999999999998,0.00031280000000000001,-0.0010867999999999997,-0.00088019999999999982,0.00030919999999999998,0.0010336,0.00018780000000000001,-0.0014473999999999999,0.00050519999999999992,-0.0011156,0.00024000000000000003,0.00096000000000000013,-0.0019126,-0.00055020000000000004,-0.0015814000000000002,0.0001919999999999999,0.00027460000000000006,7.300000000000004e-05,4.3999999999999985e-06,0.00039219999999999999,0.0010826000000000002,0.00094359999999999995,-0.00093460000000000006,0.00069759999999999993,0.0012300000000000002,-0.001294,0.00084920000000000004,-0.0007317999999999999,0.00043320000000000001,-0.0017803999999999999,-0.0011305999999999998,0.00033119999999999992,-0.0010074000000000001,0.00059380000000000001,0.0012624000000000001,-0.00079560000000000004,-0.0011532000000000003,-0.00035819999999999998,-0.0041175999999999999,-0.0003994,0.0015247999999999998,-0.00023680000000000001,0.0027428000000000001,0.0011409999999999999,-3.7799999999999943e-05,0.0024992,-0.0031638,-0.0010839999999999999,0.00041139999999999992,-0.0020013999999999995,0.0022898000000000003,0.0027320000000000001,-0.00094239999999999992,0.0014671999999999999,-0.0023585999999999998,-0.00044960000000000003,0.0020101999999999997,-0.0012936000000000002,0.00053819999999999996,0.0005128,-0.0036046000000000012,0.0014000000000000002,-0.0020276000000000001,-0.0031780000000000003,0.0041865999999999995,-0.00047159999999999997,0.0022064000000000003,0.00061300000000000005,0.0010665999999999998,0.0038265999999999999,-0.0044419999999999998,0.0003078,-4.7200000000000063e-05,0.00025900000000000055,-0.0001206
aug_between_class_right_pair0023_child05,TLE,1,1,Augmented,0,0,0,0,0,0.281163,2.0053736,9.9999999999999995e-07,-1.5999999999999999e-06,5.9999999999999997e-07,0.89182159999999999,0,0.042671000000000001,-0.1384794,0.022677799999999998,0.090147599999999994,-0.077372800000000005,0.072955000000000006,-0.0026813999999999996,0.012486800000000001,-0.013303000000000001,-0.11725439999999999,0.35055180000000002,-0.090090000000000003,-0.048486399999999999,0.086725999999999998,0.0068345999999999997,-0.021280199999999999,-0.0010776000000000002,-0.052372800000000004,0.043046800000000003,0.019202999999999998,-0.0534986,0.0064387999999999997,-0.082273799999999994,0.0122898,0.052122000000000002,-0.0111754,0.021884800000000003,0.012700000000000001,-0.047727400000000003,0.036214199999999995,-0.051435999999999996,-0.038280599999999998,0.098523399999999997,-0.037449400000000001,0.1822288,-0.031712799999999999,0.0047673999999999998,-0.010785599999999999,-0.0059660000000000008,-0.014320800000000002,0.0004917999999999997,0.035396999999999998,-0.0063581999999999996,-0.0085648000000000009,-0.0087256,-0.015742199999999998,0.024853400000000001,0.0225864,0.022596600000000001,0.0051406000000000004,0.00033119999999999851,0.0064183999999999995,0.0150426,-0.0349048,0.0080602,-0.0096232000000000002,0.0042845999999999995,0.028141200000000002,-0.080874000000000001,-0.0042605999999999998,-0.016231799999999998,-0.013752399999999998,0.0034567999999999995,0.00075100000000000015,-0.00017099999999999998,0.019886600000000001,0.0121408,-0.0004017999999999999,-0.0115388,0.0074280000000000006,0.0040816000000000003,-0.0031998,0.0057365999999999997,0.0022534,-0.015129199999999999,0.0079486000000000001,0.0024126000000000009,0.0079162,-0.011304399999999999,-0.011180799999999999,0.021516199999999999,-0.013797799999999999,-0.0027955999999999996,-0.0003223999999999996,-0.0087394000000000013,0.0022449999999999996,-0.0120342,-0.0069448000000000001,0.0070209999999999986,-0.0135794,0.006496,0.00060779999999999862,0.012647799999999997,0.0071526000000000003,-0.017714800000000003,0.0010236000000000002,0.0012566000000000001,-0.0044701999999999997,-0.0070158,0.0097765999999999999,-0.0031334000000000002,-0.0053552000000000001,-0.00046140000000000005,0.0076997999999999997,-0.0056784000000000001,-0.0081744000000000001,0.010968599999999998,0.0086576000000000014,0.0069931999999999998,0.0033863999999999999,0.010942199999999999,-0.0090136000000000001,0.0041247999999999996,-0.0067714000000000003,0.0094164000000000001,-0.00089179999999999999,-0.0013103999999999998,0.010596999999999999,-0.014546399999999999,0.011146400000000001,-0.018101599999999999,-0.00058379999999999977,0.0041370000000000001,0.015631199999999998,-0.0103686,0.00029440000000000022,-0.0150416,-0.0078247999999999998,-0.013564399999999999,-0.0042299999999999994,0.0155178,0.0015716000000000003,0.0056246000000000004,-0.0071477999999999993,-0.0012612000000000001,-0.0010797999999999999,0.0008215999999999998,0.00084299999999999989,0.0018896,0.00056879999999999973,-0.0043377999999999993,0.0029979999999999998,-0.0030423999999999998,0.0031875999999999996,-0.0022524000000000003,0.0035967999999999998,0.0022532000000000003,0.0010832000000000001,-0.00074660000000000004,-0.0038258000000000007,-0.0019938,-0.0039278000000000004,-0.0085985999999999996,-0.0042897999999999999,0.0083055999999999998,0.0012213999999999999,0.0050189999999999992,-0.0022167999999999997,-0.0022051999999999992,-0.0074196000000000002,-0.0031434000000000002,-0.0095399999999999999,0.0030341999999999995,0.0049002000000000004,0.0148386,0.0061612000000000004,-0.011136800000000001,0.0030347999999999998,0.0063156000000000002,0.0010253999999999999,-0.00050560000000000004,0.0022925999999999997,-0.0023330000000000004,0.0019743999999999999,-0.021409999999999998,-0.0041653999999999997,-0.0027654000000000003,-0.0087907999999999997,0.019366399999999999,-0.0080514000000000002,-0.0035882000000000002,0.00090200000000000002,-0.00065159999999999979,-0.002539,0.0035967999999999998,-0.0016957999999999999,-0.0003346,-0.0044962000000000005,0.00040319999999999993,0.0046055999999999996,-0.00025860000000000011,-0.0026110000000000005,-0.0027988000000000002,-0.0014142000000000002,2.6200000000000095e-05,-0.0015225999999999998,0.0028693999999999998,0.0025118000000000007,-0.0020001999999999997,7.6600000000000019e-05,0.0017530000000000002,-0.0023534000000000003,-0.0054269999999999995,0.0046860000000000001,0.0032653999999999999,1.8600000000000127e-05,0.0056828000000000009,0.0047973999999999994,-0.0011298000000000002,-0.0026044000000000002,0.0030544000000000001,0.00093139999999999976,-0.0066546000000000001,0.00031499999999999996,0.0065279999999999999,-0.0019768000000000003,-0.0025487999999999999,0.0045685999999999991,0.00014439999999999982,-0.0040257999999999995,-9.699999999999943e-05,0.0029205999999999998,-0.003034799999999999,0.0013276000000000002,-0.0034277999999999995,0.010529599999999998,-0.0114298,0.0088765999999999984,-0.0018060000000000003,-0.014638399999999999,-0.0036911999999999995,0.00051679999999999977,-0.0023692000000000001,-0.00012879999999999993,-0.0009773999999999998,-0.0010728000000000001,-0.0018704000000000001,0.00034639999999999996,-0.0014372,6.1200000000000078e-05,0.00030200000000000018,-0.00014160000000000008,0.0029329999999999998,0.0010536,-0.0007446000000000001,2.0000000000000486e-06,-0.0016328,0.0013091999999999999,0.0017764000000000002,-0.0019838,0.0025455999999999999,0.0019729999999999999,0.0011737999999999996,0.0015173999999999999,-0.0051663999999999998,0.0007224,0.0013930000000000001,-0.0029978000000000001,-0.0015398,0.0022859999999999998,0.0027929999999999999,0.0026289999999999998,0.00068300000000000001,0.0025278000000000002,-0.0027209999999999999,-0.0015870000000000001,0.0037292000000000002,-0.0021275999999999999,-0.00043780000000000002,0.0021987999999999999,0.0017634,-0.0053041999999999994,0.00069840000000000028,-0.0028468,0.0019696000000000002,-0.0063893999999999999,-0.0020014000000000004,0.0020133999999999998,0.00096940000000000014,0.00019020000000000018,0.00078359999999999996,-0.0066778000000000002,0.0018711999999999999,0.0092548000000000005,-0.0033794000000000003,0.0010235999999999999,-0.0090747999999999992,0.0016892000000000001,0.00018900000000000004,-0.00087939999999999991,0.0020330000000000001,0.0016114,-0.0010688,-0.00052039999999999996,0.00070680000000000005,0.0030969999999999999,0.00027740000000000002,0.0012045999999999999,0.0014513999999999998,-0.0012748,0.002454,0.0014625999999999999,-0.0021884000000000001,0.0005396,-0.0019168,0.0021298000000000003,0.00025079999999999992,-0.0013794,-0.0003188,0.0011838,-0.0037943999999999999,0.0008217999999999997,-0.00044840000000000006,0.000377,0.0022523999999999999,-0.0016429999999999999,-0.00058500000000000002,-0.0012968000000000001,-0.00069740000000000004,-0.0010901999999999999,-0.0031765999999999999,-0.0034356000000000005,0.002875,-0.00037919999999999995,0.0016594000000000001,0.0034779999999999998,0.00098020000000000008,-0.00095520000000000002,0.0017848,-0.0036556000000000002,-0.00015539999999999998,0.0012347999999999999,0.0024461999999999999,0.0037813999999999999,-0.00017660000000000006,-0.0015948,-0.0033871999999999999,-0.0030593999999999999,0.0014261999999999999,0.0024124000000000003,-0.0047174000000000001,0.0064650000000000003,-0.0033888000000000004,-0.0016180000000000001,-0.0019042000000000002,-0.0019721999999999999,0.0053094000000000006,0.0015148,0.0046687999999999999,0.0064816000000000006,-0.0054020000000000006,-0.000531,0.00089619999999999999,-0.0012768,0.001088,-0.0012933999999999999,-0.00061439999999999997,-0.00073639999999999979,0.0018822000000000001,-0.0012638,-0.0012368000000000001,0.00027860000000000005,0.00026079999999999994,0.0015416,0.001044,-0.00017179999999999995,-0.0012874,-0.0016548000000000001,-0.00071700000000000008,0.0027705999999999998,-0.0015274000000000002,0.00029120000000000003,0.0023070000000000005,-0.00094860000000000007,0.00058440000000000011,-0.0033102000000000001,-0.00039560000000000013,0.00033700000000000006,0.0017808000000000001,0.00053800000000000007,-0.0004326,-0.0014578,-0.0024558000000000002,0.0016195999999999997,-0.0018129999999999999,0.0010371999999999998,7.8800000000000072e-05,0.0032697999999999998,-0.00037760000000000002,0.00018860000000000014,-0.0011318000000000001,-0.00010779999999999991,-0.0010487999999999999,-0.00081919999999999996,0.0026830000000000005,-0.0020584000000000002,-0.0017100000000000001,-2.5599999999999592e-05,0.0020514000000000001,-0.0017496,0.0013803999999999997,-0.00042219999999999985,0.0031454000000000005,0.0015693999999999999,-0.0036113999999999999,-0.0021699999999999996,0.00023379999999999999,-3.4799999999999762e-05,-0.0002052,0.0003443999999999997,0.0017748,0.0038446000000000001,-0.0018494,0.0010062000000000001,7.5999999999999679e-05,-0.0017143999999999996,1.4400000000000133e-05,-0.0036494000000000001,0.0022698000000000002,-0.0009188,0.00067459999999999981,5.1200000000000079e-05,-0.00062619999999999993,-0.00055579999999999996,0.00023780000000000001,0.0013554000000000001,0.00012420000000000004,-0.0014866,-9.2000000000000068e-06,-0.0013364000000000002,0.0004799999999999999,0.00031100000000000008,-0.0010214000000000002,-0.00057279999999999994,-0.0015976000000000002,-6.5999999999999978e-05,0.00056439999999999995,0.00042299999999999998,0.00011160000000000006,0.00013180000000000006,0.0017744,0.00095139999999999982,-0.0010173999999999999,0.00089939999999999985,0.0011250000000000001,-0.001201,0.0011968,-0.00063019999999999992,0.00027480000000000001,-0.0014716,-0.0014123999999999999,0.00075079999999999993,-0.0015776,0.00067120000000000005,0.0013766,-0.00080940000000000005,-0.0014127999999999999,-0.00041080000000000001,-0.0044904000000000003,-0.00037159999999999998,0.0016152000000000002,-8.1200000000000022e-05,0.0030791999999999998,0.0010639999999999998,0.00028679999999999998,0.0026477999999999996,-0.0036201999999999996,-0.00093000000000000005,0.00086659999999999992,-0.0019425999999999998,0.0024822000000000004,0.0027530000000000002,-0.00081260000000000002,0.0012178,-0.0020403999999999999,-0.00010040000000000006,0.0012287999999999999,-0.0017833999999999997,0.00048479999999999997,0.00068620000000000009,-0.0039834000000000007,0.0019239999999999997,-0.0022033999999999999,-0.0033639999999999998,0.0039413999999999994,-0.00067939999999999993,0.0012696000000000003,0.001,0.0003184000000000001,0.0043984000000000002,-0.004352,0.0001282,0.00069720000000000003,-2.1999999999999884e-05,-0.00014139999999999997
aug_between_class_right_pair0023_child06,TLE,1,1,Augmented,0,0,0,0,0,0.28202699999999997,2.0059097000000001,9.9999999999999995e-07,-1.7e-06,6.9999999999999986e-07,0.88780320000000001,0,0.043598999999999999,-0.13944129999999999,0.022301099999999997,0.091167200000000004,-0.080695100000000006,0.073637500000000009,-0.0045953000000000001,0.011771100000000001,-0.0130615,-0.11675430000000001,0.35355059999999999,-0.090385999999999994,-0.051535800000000007,0.084754999999999997,0.0074506999999999993,-0.021853399999999999,-0.0004461999999999999,-0.052022600000000002,0.044604600000000001,0.019503,-0.054648699999999995,0.0058786000000000003,-0.080622100000000002,0.011574599999999999,0.054528499999999994,-0.012631299999999998,0.020262100000000002,0.0117105,-0.0488853,0.036472899999999996,-0.051189999999999999,-0.038041699999999998,0.099496799999999996,-0.037308800000000003,0.18144460000000001,-0.030602600000000001,0.0052787999999999993,-0.011532199999999998,-0.0071714999999999999,-0.0121566,0.00078459999999999977,0.036372000000000002,-0.0061734000000000008,-0.0078846000000000003,-0.0090336999999999987,-0.0167239,0.026638800000000004,0.023927299999999999,0.022543199999999999,0.0055927000000000008,-0.0002371000000000005,0.0060532999999999993,0.015060199999999999,-0.034736099999999999,0.0084313999999999986,-0.0089764000000000024,0.0050907000000000001,0.027385400000000001,-0.081466499999999997,-0.0063026999999999988,-0.014891099999999999,-0.012211799999999998,0.0011021000000000017,0.00076349999999999986,-0.00042399999999999984,0.0200702,0.011783599999999998,0.00031239999999999957,-0.010955100000000001,0.0073049999999999999,0.0032941999999999997,-0.0035426000000000003,0.0058787000000000006,0.0024973,-0.016396899999999999,0.0096016999999999995,0.0018162000000000013,0.0082273999999999993,-0.0119653,-0.0113816,0.0215394,-0.014448599999999999,-0.0025246999999999995,0.00034020000000000057,-0.0087822999999999998,0.0025739999999999999,-0.012708899999999999,-0.0077616000000000004,0.007752499999999999,-0.0135243,0.0077419999999999989,0.0013036000000000002,0.014125599999999999,0.0073141999999999999,-0.0187166,0.00050920000000000002,0.0014042,-0.0049488999999999991,-0.0069275999999999999,0.010012199999999999,-0.0030582999999999999,-0.0049654,-0.00034980000000000015,0.0071530999999999999,-0.0056613000000000002,-0.0085728000000000002,0.012149199999999999,0.0087067000000000012,0.0070784000000000003,0.0035202999999999996,0.0109794,-0.0098766999999999987,0.0042810999999999995,-0.0074827999999999995,0.0094573000000000001,-0.00065010000000000014,-0.00084829999999999975,0.0105685,-0.015402799999999998,0.010859299999999999,-0.018839700000000001,-0.00092009999999999943,0.0036405000000000001,0.015494399999999998,-0.0105562,0.0008493000000000001,-0.0151947,-0.0082416,-0.013622799999999999,-0.0043239999999999997,0.015618600000000002,0.0015282,0.0042897000000000013,-0.0073571000000000001,-0.00085740000000000035,-0.0011950999999999999,0.0010236999999999996,0.0010535000000000002,0.0021067,0.00091409999999999972,-0.0046955999999999994,0.00263,-0.0031427999999999998,0.0031216999999999998,-0.0025117999999999998,0.0035431,0.0021144000000000002,0.0015704,-0.00054220000000000006,-0.0030621000000000003,-0.0018886000000000003,-0.0040526000000000008,-0.0085896999999999987,-0.0040111000000000001,0.0084516999999999995,0.0012952999999999999,0.0057189999999999984,-0.0028790999999999995,-0.0031893999999999989,-0.0084196999999999987,-0.0029963000000000004,-0.0089335000000000005,0.0036783999999999992,0.0053708999999999996,0.014770200000000001,0.0062788999999999996,-0.0120856,0.0030346000000000001,0.0057122000000000006,0.0020587999999999995,-8.0700000000000281e-05,0.0022437000000000004,-0.001984000000000001,0.0023512999999999997,-0.022472499999999999,-0.0046388000000000002,-0.0031697999999999995,-0.0080356000000000004,0.020881300000000002,-0.0083458000000000004,-0.0038623999999999998,0.00067700000000000008,-0.0001757000000000002,-0.0025494999999999997,0.0039565999999999994,-0.0014400999999999997,-0.0003502,-0.0042954000000000004,0.00019640000000000006,0.0048132000000000001,0.00012130000000000018,-0.0032415000000000005,-0.0030371,-0.0011009000000000001,0.00030139999999999985,-0.0019311999999999999,0.0029997999999999995,0.0017606000000000006,-0.0020219000000000001,5.4200000000000125e-05,0.0018150000000000002,-0.0021063000000000002,-0.0056944999999999999,0.0052104999999999999,0.0033698000000000001,-0.00025529999999999986,0.0059325999999999997,0.0052753000000000001,-0.0014705999999999999,-0.0020728000000000005,0.0036727999999999999,0.0012662999999999997,-0.0069737000000000002,0.00039349999999999997,0.0063594999999999997,-0.0026851000000000002,-0.0026165999999999997,0.0052366999999999986,0.00022330000000000006,-0.0035711000000000002,-0.00073599999999999924,0.0024591999999999999,-0.0036165999999999993,0.0018151999999999999,-0.0040780999999999994,0.0116312,-0.0113921,0.0092201999999999996,-0.00093450000000000043,-0.015659299999999998,-0.0039229,0.00059909999999999998,-0.0023344000000000004,-0.00037959999999999979,-0.00055679999999999998,-0.0010686000000000001,-0.0021833,0.00045979999999999995,-0.0015338999999999999,0.00025489999999999996,0.00039299999999999969,-5.4200000000000084e-05,0.003104,0.0014682,-0.0011347000000000002,-0.00010800000000000002,-0.0016681000000000001,0.0012199000000000003,0.0021762999999999999,-0.0022275999999999997,0.0030046999999999995,0.0018855,0.0015900999999999995,0.0015273000000000001,-0.0052798000000000003,0.00045930000000000016,0.0011595000000000002,-0.0031695999999999998,-0.0016996000000000003,0.0026784999999999995,0.0023035000000000004,0.0030589999999999992,0.00051500000000000005,0.0023081000000000004,-0.0031814999999999999,-0.0016045,0.0035699,-0.0021291999999999999,-0.00053810000000000001,0.0024530999999999997,0.0015643,-0.0057618999999999995,0.00038930000000000019,-0.0035535999999999996,0.0020512,-0.0058633000000000001,-0.0018523000000000001,0.0018083000000000001,0.0010263,-7.560000000000032e-05,0.00068570000000000024,-0.0067746000000000004,0.0017554000000000001,0.0097421000000000001,-0.0036477999999999997,0.00074520000000000012,-0.0094520999999999997,0.0015729000000000001,4.2500000000000111e-05,-0.0010158000000000001,0.0020445000000000003,0.0015198000000000002,-0.0011301,-0.00067129999999999989,0.00031760000000000018,0.0030674999999999999,0.00037180000000000004,0.0013506999999999998,0.0017767999999999996,-0.0018346,0.0025089999999999999,0.0013717,-0.0024698000000000003,0.00057819999999999996,-0.0019340999999999998,0.0019516000000000002,0.00067159999999999984,-0.0012268000000000001,-0.00038460000000000002,0.0010891000000000002,-0.0041932999999999996,0.0010295999999999999,-0.00027480000000000017,0.00032299999999999999,0.0024887999999999998,-0.0016034999999999999,-0.00056899999999999995,-0.0011381000000000002,-0.00072630000000000004,-0.0013889000000000002,-0.0033327000000000001,-0.0034477000000000002,0.0031869999999999997,-0.00048539999999999993,0.0016727999999999999,0.0034979999999999998,0.00091789999999999992,-0.0012748999999999998,0.0019246000000000001,-0.0039162000000000008,-0.0003727999999999999,0.0013840999999999999,0.0020294000000000002,0.0037052999999999999,-0.00024419999999999986,-0.0017350999999999998,-0.0035614000000000002,-0.0033633000000000001,0.0013024,0.0026778000000000001,-0.0048522999999999995,0.0062620000000000002,-0.0029411000000000003,-0.0015995000000000002,-0.0020033999999999998,-0.0021699000000000002,0.0046048000000000009,0.0016111000000000001,0.0041946000000000006,0.0067472000000000001,-0.0053504999999999994,-0.00040550000000000004,0.00097539999999999996,-0.0011781000000000001,0.00097400000000000004,-0.0015203,-0.0004038,-0.00090379999999999974,0.0018923999999999998,-0.0011946000000000001,-0.0011230999999999999,6.8700000000000098e-05,0.00039059999999999984,0.0015896999999999999,0.0012604999999999999,-0.00031459999999999995,-0.0012083,-0.0015586000000000003,-0.00060849999999999999,0.0030076999999999999,-0.0015478,0.0003859,0.0021250000000000002,-0.0010487000000000001,0.00025930000000000007,-0.0033549000000000001,-0.00027570000000000014,0.00023999999999999998,0.0016591000000000002,0.00062050000000000017,-0.00074470000000000005,-0.0016445999999999998,-0.0026201000000000002,0.0018661999999999997,-0.0019455,0.0012763999999999998,-1.5399999999999941e-05,0.0034391000000000001,-0.00050770000000000003,9.1700000000000115e-05,-0.0013191000000000001,-0.00019260000000000002,-0.0011791,-0.00083939999999999991,0.002728,-0.0020433000000000001,-0.0014190000000000001,-0.00054019999999999969,0.0022552999999999996,-0.0018672000000000001,0.0010618000000000001,-0.00062639999999999983,0.0030438000000000002,0.0021162999999999998,-0.0036383000000000006,-0.0017560000000000002,0.00038259999999999998,-0.00043659999999999982,-0.00010690000000000009,0.00058879999999999989,0.0016180999999999999,0.0040696999999999999,-0.0019023,0.0012263999999999999,0.00049749999999999968,-0.0021702999999999996,-6.6999999999998918e-06,-0.0038953000000000004,0.0018901000000000002,-0.0008386,0.00077819999999999983,-7.9599999999999929e-05,-0.00039589999999999997,-0.00039360000000000003,0.00020210000000000003,0.0015162999999999999,9.2400000000000023e-05,-0.0015061999999999999,-0.00026639999999999997,-0.0014467999999999998,0.00059999999999999984,-1.3499999999999623e-05,-0.00057580000000000033,-0.00058409999999999994,-0.0016057000000000003,-0.00019500000000000008,0.00070929999999999984,0.0005979999999999999,0.00016520000000000006,1.5999999999999847e-06,0.0021202999999999999,0.00095529999999999986,-0.0010587999999999999,0.0010003,0.0010725000000000001,-0.0011545000000000001,0.0013706,-0.0005794000000000001,0.00019560000000000004,-0.0013172000000000001,-0.0015532999999999999,0.00096059999999999971,-0.0018626999999999997,0.00070990000000000007,0.0014337,-0.00081629999999999995,-0.0015426000000000001,-0.00043709999999999995,-0.0046768000000000001,-0.00035770000000000002,0.0016603999999999998,-3.4000000000000826e-06,0.0032473999999999997,0.0010254999999999999,0.00044909999999999991,0.0027220999999999999,-0.0038484000000000001,-0.00085300000000000003,0.0010941999999999998,-0.0019131999999999999,0.0025784000000000002,0.0027635000000000003,-0.00074770000000000001,0.0010931000000000001,-0.0018813,7.4199999999999852e-05,0.00083810000000000015,-0.0020282999999999998,0.00045809999999999997,0.00077290000000000008,-0.0041728000000000008,0.0021859999999999996,-0.0022913,-0.003457,0.0038187999999999998,-0.00078330000000000001,0.00080120000000000028,0.0011934999999999999,-5.5699999999999999e-05,0.0046842999999999997,-0.0043070000000000001,3.8400000000000012e-05,0.0010693999999999999,-0.00016249999999999988,-0.0001517999999999999
aug_between_class_right_pair0023_child07,TLE,1,1,Augmented,0,0,0,0,0,0.282891,2.0064458000000003,9.9999999999999995e-07,-1.8000000000000001e-06,8.0000000000000007e-07,0.88378479999999993,0,0.044526999999999997,-0.14040320000000001,0.0219244,0.092186799999999999,-0.084017400000000006,0.074319999999999997,-0.0065092000000000023,0.0110554,-0.01282,-0.1162542,0.35654940000000002,-0.090681999999999999,-0.0545852,0.082783999999999996,0.0080668000000000007,-0.022426600000000001,0.00018520000000000038,-0.0516724,0.046162400000000006,0.019803000000000001,-0.055798799999999996,0.0053184,-0.078970399999999996,0.0108594,0.056934999999999999,-0.014087200000000001,0.0186394,0.010721,-0.050043200000000003,0.036731599999999996,-0.050943999999999996,-0.037802799999999998,0.1004702,-0.037168200000000005,0.1806604,-0.029492399999999998,0.0057902000000000006,-0.012278800000000001,-0.0083770000000000008,-0.0099923999999999985,0.0010774000000000001,0.037346999999999998,-0.0059886000000000002,-0.0072043999999999997,-0.0093418000000000008,-0.017705599999999998,0.028424200000000004,0.025268200000000001,0.022489800000000001,0.0060448000000000012,-0.00080540000000000125,0.0056882,0.015077800000000001,-0.034567399999999998,0.008802599999999999,-0.0083295999999999995,0.0058968000000000007,0.0266296,-0.082058999999999993,-0.0083448000000000012,-0.013550400000000001,-0.010671199999999999,-0.0012525999999999995,0.00077600000000000021,-0.0006770000000000003,0.020253800000000002,0.0114264,0.0010266000000000003,-0.010371399999999999,0.007182,0.0025068,-0.0038854000000000007,0.0060207999999999998,0.0027412000000000001,-0.017664599999999999,0.011254799999999999,0.0012198000000000001,0.0085386000000000004,-0.012626200000000001,-0.0115824,0.021562600000000001,-0.015099399999999999,-0.0022537999999999994,0.0010028000000000007,-0.0088252000000000001,0.0029030000000000002,-0.013383600000000001,-0.0085784000000000016,0.0084840000000000002,-0.013469199999999999,0.0089880000000000012,0.0019994000000000019,0.015603399999999998,0.0074758000000000012,-0.019718400000000004,-5.1999999999999096e-06,0.0015518000000000001,-0.0054276000000000003,-0.0068393999999999998,0.0102478,-0.0029832000000000001,-0.0045756,-0.00023819999999999994,0.0066063999999999993,-0.0056442000000000003,-0.0089712000000000021,0.013329799999999999,0.0087558000000000011,0.0071636,0.0036542000000000007,0.0110166,-0.010739800000000001,0.0044374000000000002,-0.0081942000000000004,0.0094982,-0.00040839999999999995,-0.00038619999999999974,0.010539999999999999,-0.016259199999999998,0.0105722,-0.019577799999999999,-0.0012564000000000002,0.0031439999999999992,0.015357599999999999,-0.0107438,0.0014042000000000006,-0.015347800000000002,-0.0086584000000000001,-0.013681199999999999,-0.0044180000000000001,0.015719400000000001,0.0014848000000000001,0.0029547999999999996,-0.0075664,-0.00045360000000000018,-0.0013104000000000002,0.0012258,0.0012640000000000001,0.0023238,0.0012594000000000001,-0.0050533999999999996,0.0022619999999999997,-0.0032431999999999999,0.0030558,-0.0027712000000000001,0.0034894000000000001,0.0019756000000000001,0.0020576000000000001,-0.00033780000000000008,-0.0022983999999999999,-0.0017834000000000001,-0.0041774000000000004,-0.0085807999999999995,-0.0037323999999999999,0.0085977999999999992,0.0013691999999999999,0.0064189999999999985,-0.0035414000000000001,-0.0041736000000000004,-0.0094198000000000007,-0.0028491999999999996,-0.0083269999999999993,0.0043225999999999994,0.0058416000000000006,0.014701800000000001,0.0063965999999999997,-0.013034400000000002,0.0030343999999999996,0.0051088000000000001,0.0030922000000000007,0.00034420000000000023,0.0021948000000000002,-0.0016350000000000002,0.0027282000000000001,-0.023535,-0.0051121999999999999,-0.0035741999999999996,-0.0072803999999999994,0.022396200000000002,-0.0086402000000000007,-0.0041365999999999998,0.00045200000000000004,0.00030020000000000003,-0.0025599999999999998,0.0043163999999999998,-0.0011843999999999999,-0.0003658,-0.0040946000000000003,-1.0400000000000253e-05,0.0050207999999999997,0.00050120000000000004,-0.0038720000000000013,-0.0032753999999999999,-0.00078759999999999963,0.00057660000000000003,-0.0023398,0.0031302000000000001,0.0010093999999999999,-0.0020436,3.1800000000000014e-05,0.0018770000000000002,-0.0018591999999999999,-0.0059620000000000003,0.0057350000000000005,0.0034742000000000002,-0.00052920000000000007,0.0061823999999999994,0.0057532,-0.0018113999999999999,-0.0015411999999999999,0.0042912000000000002,0.0016011999999999997,-0.0072928000000000012,0.00047200000000000003,0.0061909999999999995,-0.0033934000000000004,-0.0026844,0.0059048,0.00030219999999999986,-0.0031163999999999996,-0.0013750000000000004,0.0019977999999999997,-0.0041983999999999997,0.0023028000000000007,-0.0047283999999999998,0.012732799999999999,-0.011354400000000001,0.0095638000000000008,-6.2999999999998821e-05,-0.016680199999999999,-0.0041545999999999996,0.00068139999999999997,-0.0022996000000000002,-0.00063040000000000014,-0.00013619999999999952,-0.0010644000000000001,-0.0024962000000000001,0.00057320000000000005,-0.0016306000000000001,0.00044860000000000006,0.00048400000000000006,3.3200000000000021e-05,0.0032750000000000001,0.0018828000000000004,-0.0015248000000000002,-0.00021800000000000009,-0.0017034000000000001,0.0011306000000000001,0.0025762000000000003,-0.0024713999999999999,0.0034638000000000004,0.0017979999999999999,0.0020063999999999998,0.0015372000000000001,-0.0053931999999999999,0.0001962,0.00092599999999999996,-0.0033414,-0.0018594000000000002,0.0030709999999999999,0.0018139999999999999,0.0034889999999999999,0.00034699999999999998,0.0020883999999999998,-0.0036420000000000003,-0.001622,0.0034105999999999997,-0.0021307999999999995,-0.00063840000000000001,0.0027074000000000004,0.0013652,-0.0062195999999999996,8.0199999999999889e-05,-0.0042604000000000001,0.0021327999999999998,-0.0053371999999999994,-0.0017032,0.0016032000000000004,0.0010832000000000003,-0.00034139999999999995,0.00058779999999999987,-0.0068713999999999997,0.0016396,0.0102294,-0.0039162000000000008,0.00046680000000000029,-0.0098294000000000003,0.0014566,-0.00010400000000000014,-0.0011522000000000004,0.0020560000000000001,0.0014281999999999999,-0.0011914000000000002,-0.00082220000000000014,-7.1600000000000222e-05,0.0030379999999999999,0.00046620000000000016,0.0014968,0.0021021999999999998,-0.0023944000000000005,0.0025640000000000003,0.0012807999999999999,-0.0027512000000000001,0.00061680000000000003,-0.0019513999999999998,0.0017734000000000001,0.0010924000000000003,-0.0010742,-0.00045040000000000011,0.0009944000000000001,-0.0045921999999999994,0.0012374,-0.00010119999999999986,0.00026900000000000003,0.0027252000000000001,-0.0015639999999999999,-0.000553,-0.00097940000000000006,-0.00075520000000000003,-0.0016876000000000003,-0.0034888000000000002,-0.0034598000000000003,0.0034989999999999999,-0.00059160000000000007,0.0016862000000000001,0.0035179999999999999,0.00085559999999999998,-0.0015946000000000001,0.0020644000000000001,-0.0041768000000000005,-0.00059020000000000003,0.0015333999999999999,0.0016125999999999994,0.0036292,-0.0003118000000000001,-0.0018754000000000002,-0.0037356000000000004,-0.0036671999999999998,0.0011785999999999999,0.0029432,-0.0049872000000000007,0.0060590000000000001,-0.0024933999999999998,-0.0015809999999999999,-0.0021026,-0.0023676000000000001,0.0039001999999999999,0.0017073999999999998,0.0037203999999999996,0.0070128000000000005,-0.0052989999999999999,-0.00027999999999999998,0.0010545999999999999,-0.0010793999999999999,0.00085999999999999987,-0.0017472,-0.00019319999999999971,-0.0010711999999999998,0.0019026,-0.0011253999999999999,-0.0010093999999999999,-0.00014120000000000013,0.00052040000000000029,0.0016378,0.001477,-0.00045739999999999995,-0.0011291999999999999,-0.0014624,-0.00050000000000000012,0.0032447999999999999,-0.0015681999999999998,0.00048060000000000008,0.0019430000000000003,-0.0011488000000000002,-6.580000000000019e-05,-0.0033996,-0.00015579999999999999,0.0001429999999999999,0.0015374,0.00070300000000000007,-0.0010568000000000001,-0.0018314,-0.0027844000000000002,0.0021127999999999997,-0.0020780000000000004,0.0015156000000000002,-0.00010960000000000006,0.0036084000000000003,-0.00063780000000000011,-5.1999999999999096e-06,-0.0015064000000000002,-0.00027740000000000013,-0.0013094000000000001,-0.00085960000000000008,0.0027729999999999999,-0.0020282,-0.0011279999999999999,-0.0010548000000000005,0.0024591999999999999,-0.0019848000000000001,0.00074319999999999985,-0.00083060000000000013,0.0029422000000000003,0.0026632000000000001,-0.0036652000000000004,-0.0013419999999999997,0.00053140000000000001,-0.00083840000000000021,-8.5999999999999786e-06,0.00083320000000000009,0.0014613999999999999,0.0042947999999999997,-0.0019551999999999998,0.0014466000000000001,0.00091900000000000011,-0.0026262000000000004,-2.7800000000000134e-05,-0.0041412000000000003,0.0015103999999999996,-0.0007584,0.00088179999999999997,-0.00021040000000000013,-0.0001655999999999998,-0.00023139999999999988,0.00016639999999999998,0.0016771999999999998,6.0600000000000009e-05,-0.0015257999999999999,-0.00052360000000000015,-0.0015572000000000001,0.00071999999999999994,-0.00033799999999999987,-0.00013019999999999991,-0.00059539999999999994,-0.0016137999999999999,-0.00032400000000000018,0.00085420000000000005,0.00077300000000000003,0.00021880000000000006,-0.00012860000000000004,0.0024662000000000004,0.00095920000000000011,-0.0011002,0.0011011999999999999,0.0010200000000000001,-0.001108,0.0015444,-0.00052860000000000006,0.00011640000000000001,-0.0011627999999999999,-0.0016941999999999999,0.0011704,-0.0021478000000000005,0.00074859999999999998,0.0014908,-0.00082320000000000006,-0.0016724000000000001,-0.00046339999999999999,-0.0048631999999999998,-0.00034380000000000001,0.0017055999999999998,7.4399999999999965e-05,0.0034156000000000004,0.00098700000000000003,0.00061140000000000001,0.0027964000000000001,-0.0040766000000000005,-0.000776,0.0013217999999999999,-0.0018837999999999999,0.0026746000000000001,0.0027740000000000004,-0.0006827999999999999,0.0009683999999999999,-0.0017221999999999999,0.00024879999999999987,0.00044739999999999971,-0.0022732,0.00043140000000000002,0.00085960000000000008,-0.004362200000000001,0.0024480000000000001,-0.0023792000000000002,-0.0035500000000000002,0.0036961999999999997,-0.0008872000000000001,0.00033279999999999985,0.0013870000000000002,-0.00042980000000000036,0.0049702000000000001,-0.0042620000000000002,-5.1400000000000043e-05,0.0014416000000000001,-0.00030300000000000032,-0.00016220000000000004
aug_between_class_right_pair0023_child08,TLE,1,1,Augmented,0,0,0,0,0,0.28375499999999998,2.0069819,9.9999999999999995e-07,-1.9e-06,9.0000000000000007e-07,0.87976639999999995,0,0.045455000000000002,-0.14136510000000002,0.021547699999999999,0.093206400000000009,-0.087339700000000006,0.0750025,-0.0084231000000000011,0.0103397,-0.012578499999999999,-0.1157541,0.35954819999999998,-0.090977999999999989,-0.057634599999999994,0.080812999999999996,0.0086829000000000003,-0.022999800000000001,0.00081660000000000022,-0.051322200000000005,0.047720200000000004,0.020103000000000003,-0.056948899999999997,0.0047582000000000006,-0.07731869999999999,0.010144199999999999,0.059341499999999998,-0.015543100000000001,0.017016699999999999,0.0097315000000000006,-0.051201099999999999,0.036990299999999997,-0.050697999999999993,-0.037563899999999997,0.10144359999999999,-0.037027600000000001,0.17987619999999999,-0.0283822,0.0063016000000000001,-0.013025399999999998,-0.0095825000000000007,-0.0078282000000000004,0.0013702,0.038322000000000002,-0.0058038000000000005,-0.0065242,-0.0096498999999999995,-0.0186873,0.030209600000000003,0.0266091,0.022436399999999999,0.0064969000000000016,-0.0013737000000000003,0.005323099999999999,0.0150954,-0.034398699999999997,0.0091737999999999993,-0.0076828,0.0067029000000000012,0.025873800000000002,-0.082651500000000003,-0.010386900000000001,-0.0122097,-0.0091305999999999991,-0.0036073000000000025,0.00078850000000000014,-0.00093000000000000027,0.020437400000000001,0.0110692,0.0017408000000000002,-0.0097876999999999999,0.0070590000000000002,0.0017193999999999994,-0.0042282000000000005,0.0061628999999999989,0.0029851000000000001,-0.018932299999999999,0.0129079,0.00062340000000000052,0.0088498000000000014,-0.0132871,-0.011783200000000001,0.021585799999999999,-0.015750199999999999,-0.0019828999999999992,0.0016654000000000009,-0.0088681000000000003,0.0032320000000000001,-0.014058299999999999,-0.0093951999999999994,0.0092154999999999997,-0.0134141,0.010234,0.0026952000000000018,0.017081199999999998,0.0076373999999999991,-0.020720200000000001,-0.00051959999999999984,0.0016994,-0.0059063000000000006,-0.0067511999999999997,0.0104834,-0.0029081000000000003,-0.0041857999999999999,-0.00012659999999999993,0.0060596999999999995,-0.0056271000000000003,-0.0093696000000000005,0.0145104,0.0088049000000000009,0.0072488000000000006,0.0037881000000000004,0.011053800000000001,-0.011602899999999999,0.0045937,-0.0089056000000000014,0.0095391,-0.00016669999999999988,7.5900000000000273e-05,0.0105115,-0.017115600000000002,0.010285099999999998,-0.020315899999999998,-0.0015927000000000001,0.0026475000000000005,0.0152208,-0.010931400000000001,0.0019591000000000009,-0.015500900000000001,-0.009075200000000002,-0.013739599999999999,-0.0045120000000000004,0.0158202,0.0014414000000000002,0.0016198999999999999,-0.0077756999999999991,-4.9799999999999584e-05,-0.0014257000000000002,0.0014279,0.0014745000000000001,0.0025409000000000004,0.0016047000000000001,-0.0054111999999999997,0.0018940000000000001,-0.0033436,0.0029898999999999998,-0.0030306,0.0034356999999999999,0.0018368,0.0025448000000000007,-0.0001334000000000001,-0.0015347,-0.0016781999999999999,-0.0043021999999999999,-0.0085719000000000004,-0.0034536999999999997,0.0087439000000000006,0.0014431000000000001,0.0071189999999999986,-0.0042036999999999995,-0.0051577999999999997,-0.010419899999999999,-0.0027020999999999998,-0.0077204999999999999,0.0049667999999999995,0.0063123000000000007,0.0146334,0.0065142999999999998,-0.013983200000000001,0.0030341999999999999,0.0045053999999999997,0.004125600000000001,0.0007691000000000001,0.0021459000000000001,-0.0012860000000000007,0.0031051000000000004,-0.024597500000000001,-0.0055856000000000005,-0.0039785999999999997,-0.0065252000000000001,0.023911100000000005,-0.0089345999999999991,-0.0044107999999999994,0.00022699999999999988,0.00077610000000000049,-0.0025704999999999999,0.0046762000000000001,-0.00092870000000000008,-0.0003814,-0.0038938000000000002,-0.00021720000000000018,0.0052283999999999994,0.0008810999999999999,-0.0045025000000000004,-0.0035137000000000002,-0.00047429999999999993,0.00085180000000000021,-0.0027484000000000002,0.0032605999999999998,0.00025819999999999999,-0.0020652999999999999,9.4000000000001201e-06,0.0019390000000000002,-0.0016120999999999998,-0.0062295000000000007,0.0062594999999999994,0.0035785999999999999,-0.00080310000000000017,0.0064321999999999999,0.0062310999999999998,-0.0021522000000000004,-0.0010095999999999998,0.0049096000000000001,0.0019361000000000001,-0.0076119000000000004,0.00055049999999999999,0.0060225000000000001,-0.0041017000000000007,-0.0027521999999999998,0.0065728999999999987,0.00038109999999999967,-0.0026616999999999999,-0.0020140000000000002,0.0015363999999999998,-0.0047801999999999992,0.0027904000000000002,-0.0053787000000000001,0.0138344,-0.011316700000000001,0.0099074000000000002,0.00080850000000000019,-0.017701099999999997,-0.0043863000000000001,0.00076369999999999997,-0.0022648,-0.00088119999999999995,0.00028440000000000019,-0.0010602000000000001,-0.0028091000000000006,0.00068659999999999999,-0.0017273,0.00064230000000000005,0.00057499999999999999,0.00012059999999999999,0.0034459999999999998,0.0022973999999999998,-0.0019149000000000002,-0.00032800000000000006,-0.0017387000000000001,0.0010413000000000002,0.0029761000000000002,-0.0027152000000000001,0.0039229,0.0017105,0.0024226999999999999,0.0015471,-0.0055066000000000004,-6.6900000000000162e-05,0.00069249999999999986,-0.0035132000000000002,-0.0020192000000000001,0.0034635,0.0013244999999999999,0.0039189999999999997,0.00017899999999999996,0.0018687,-0.0041025000000000002,-0.0016394999999999999,0.0032512999999999999,-0.0021324,-0.00073870000000000012,0.0029616999999999998,0.0011661,-0.0066772999999999997,-0.00022889999999999998,-0.0049671999999999997,0.0022144,-0.0048110999999999996,-0.0015540999999999999,0.0013980999999999998,0.0011401000000000002,-0.00060720000000000045,0.00048989999999999993,-0.0069682000000000008,0.0015238000000000001,0.010716700000000001,-0.0041846000000000001,0.00018840000000000003,-0.010206699999999999,0.0013403,-0.00025050000000000007,-0.0012886000000000002,0.0020675000000000003,0.0013366000000000001,-0.0012527,-0.00097309999999999996,-0.00046080000000000014,0.0030084999999999999,0.00056060000000000007,0.0016429000000000001,0.0024275999999999998,-0.0029542000000000006,0.0026190000000000002,0.0011899,-0.0030326000000000003,0.0006554000000000001,-0.0019686999999999999,0.0015952,0.0015132000000000001,-0.00092160000000000007,-0.00051620000000000008,0.00089970000000000002,-0.0049911000000000001,0.0014452000000000002,7.2400000000000025e-05,0.00021499999999999991,0.0029615999999999996,-0.0015244999999999998,-0.00053700000000000004,-0.00082069999999999995,-0.00078410000000000003,-0.0019862999999999999,-0.0036449,-0.0034719000000000004,0.0038110000000000002,-0.00069780000000000005,0.0016995999999999999,0.0035379999999999999,0.00079329999999999982,-0.0019143000000000001,0.0022042000000000003,-0.0044374000000000002,-0.00080760000000000011,0.0016827000000000003,0.0011957999999999999,0.0035531,-0.00037940000000000001,-0.0020157,-0.0039097999999999997,-0.0039711,0.0010547999999999998,0.0032086000000000003,-0.0051221000000000001,0.0058560000000000001,-0.0020457000000000001,-0.0015624999999999997,-0.0022018000000000003,-0.0025653000000000004,0.0031955999999999998,0.0018037000000000003,0.0032461999999999999,0.0072784000000000008,-0.0052475000000000004,-0.00015449999999999996,0.0011337999999999999,-0.00098070000000000015,0.00074599999999999992,-0.0019740999999999999,1.7400000000000098e-05,-0.0012385999999999999,0.0019128000000000001,-0.0010562,-0.00089570000000000003,-0.00035110000000000008,0.00065020000000000008,0.0016858999999999999,0.0016934999999999999,-0.00060020000000000017,-0.0010501,-0.0013662000000000001,-0.00039150000000000014,0.0034819,-0.0015886000000000001,0.00057529999999999994,0.001761,-0.0012489000000000003,-0.00039090000000000001,-0.0034443,-3.5899999999999998e-05,4.599999999999998e-05,0.0014157,0.00078549999999999996,-0.0013689000000000002,-0.0020181999999999999,-0.0029486999999999994,0.0023593999999999998,-0.0022105000000000002,0.0017547999999999999,-0.00020380000000000007,0.0037777000000000002,-0.00076790000000000007,-0.0001020999999999995,-0.0016937,-0.00036220000000000002,-0.0014396999999999999,-0.00087980000000000003,0.0028179999999999993,-0.0020131000000000003,-0.00083700000000000007,-0.0015693999999999999,0.0026630999999999998,-0.0021023999999999999,0.00042459999999999991,-0.0010348000000000002,0.0028406,0.0032101,-0.0036921000000000002,-0.00092799999999999979,0.00068020000000000005,-0.0012402000000000001,8.9699999999999998e-05,0.0010776000000000002,0.0013046999999999998,0.0045199000000000003,-0.0020081000000000001,0.0016668,0.0013404999999999997,-0.0030820999999999999,-4.8900000000000159e-05,-0.0043870999999999997,0.0011306999999999999,-0.00067820000000000001,0.00098539999999999999,-0.0003412,6.4700000000000109e-05,-6.9199999999999947e-05,0.00013069999999999998,0.0018381000000000001,2.8800000000000022e-05,-0.0015453999999999999,-0.00078080000000000033,-0.0016676,0.00083999999999999982,-0.0006625,0.00031540000000000008,-0.00060669999999999995,-0.0016218999999999999,-0.00045300000000000006,0.00099910000000000016,0.00094800000000000006,0.00027239999999999995,-0.00025879999999999995,0.0028121000000000005,0.00096309999999999994,-0.0011416,0.0012020999999999998,0.00096750000000000004,-0.0010614999999999999,0.0017182,-0.00047780000000000001,3.7199999999999983e-05,-0.0010084,-0.0018350999999999999,0.0013802,-0.0024329,0.00078730000000000011,0.0015479000000000001,-0.00083009999999999996,-0.0018021999999999999,-0.00048970000000000003,-0.0050496000000000004,-0.0003299,0.0017507999999999998,0.00015220000000000007,0.0035837999999999998,0.00094849999999999991,0.0007737,0.0028707000000000003,-0.0043048000000000001,-0.00069899999999999997,0.0015494000000000003,-0.0018544,0.0027708000000000008,0.0027845000000000005,-0.0006179,0.00084369999999999996,-0.0015631,0.00042339999999999977,5.6699999999999806e-05,-0.0025181000000000001,0.00040470000000000002,0.00094630000000000007,-0.0045516000000000011,0.0027099999999999997,-0.0024670999999999998,-0.0036430000000000004,0.0035736000000000001,-0.00099109999999999997,-0.0001356000000000001,0.0015805000000000003,-0.00080390000000000019,0.0052560999999999997,-0.0042170000000000003,-0.00014120000000000002,0.0018138000000000002,-0.00044349999999999988,-0.00017259999999999997
aug_between_class_right_pair0024_child01,Healthy,0,0,Augmented,0,0,0,0,0,0.29049570000000002,1.9957241000000001,-9.0000000000000007e-07,0,0,0.96980339999999998,0,0.053761700000000003,-0.1328548,0.021368900000000003,0.093187599999999995,-0.060674599999999995,0.075134599999999996,0.013041900000000002,0.0061901000000000005,-0.016330299999999999,-0.1033449,0.33414379999999999,-0.1021957,-0.061935399999999988,0.096365199999999998,0.0090845000000000006,-0.0188854,0.0045696999999999995,-0.076783500000000005,0.0198821,0.036108000000000001,-0.032743399999999999,0.0093457999999999996,-0.083378800000000003,0.017048000000000001,0.047178100000000001,-0.0071698999999999999,0.0054313,0.030560799999999999,-0.0446036,0.035613099999999995,-0.058625999999999998,-0.068053099999999991,0.13437300000000002,-0.051172499999999996,0.1836383,-0.018928199999999999,0.011803600000000001,-0.0035255,-0.0083025000000000009,-0.010726199999999998,-0.013337399999999999,0.0393627,-0.011995800000000001,-0.0044473999999999989,-0.014722600000000001,-0.021693899999999999,0.014633,0.0305939,0.0256767,0.0082602000000000005,-0.0051383000000000002,-0.0017339,0.0301301,-0.040016499999999997,0.019649699999999999,-0.0043870999999999997,0.0043196000000000016,0.045567900000000001,-0.068609299999999998,-0.018839700000000001,-0.016993099999999997,-0.0401754,0.035114000000000006,-0.00060710000000000007,-0.0022563000000000001,0.0089574999999999984,0.014552300000000001,0.0039185000000000001,-0.0015756999999999993,0.0074974999999999998,0.0079480000000000002,-0.0023566999999999998,0.0095528999999999996,0.0031275999999999999,-0.014634000000000001,0.0010384999999999995,0.00073579999999999913,0.011254699999999999,-0.0063175000000000002,-0.0053245000000000011,0.0299128,-0.013214500000000001,-0.0049378999999999994,0.0093136000000000017,-0.0066677000000000004,-0.0027133000000000001,-0.015323799999999999,-0.0065588,0.017399600000000001,-0.0158926,0.009133200000000001,0.0038540999999999992,-0.0013588999999999997,0.0219145,-0.011201599999999999,-0.0036770999999999996,0.0020210999999999996,-0.0036664000000000002,-0.011495400000000001,0.0114167,-0.00091049999999999985,-0.0071667000000000007,0.00081449999999999979,0.0062795000000000004,-0.010179699999999998,-0.0065656000000000004,0.0042722999999999997,0.0171568,0.0035008000000000001,0.0057136999999999986,0.0078390000000000005,-0.0117,0.0031698,-0.0101186,0.010911799999999999,0.0042725000000000003,-0.0062288000000000005,0.018373799999999999,-0.012228599999999999,0.0033502000000000002,-0.010391600000000001,-0.002085,0.0133565,0.0150034,-0.0127461,0.011654099999999997,-0.013576,-0.0138767,-0.014295700000000001,-0.0063515000000000004,0.015875199999999999,0.007201400000000001,0.0066794000000000011,-0.0086672000000000016,-0.00017969999999999965,-0.0009676000000000001,-0.0009067000000000003,0.0029933999999999998,-0.0034715000000000006,0.0038859000000000003,-0.0092957000000000005,0.0040287000000000005,-0.0030768000000000002,0.00020029999999999961,0.0030968000000000007,0.0013979000000000001,0.0012057999999999999,-0.0021176999999999997,-0.0045552000000000006,0.0005296000000000003,0.0017519000000000005,-0.0046981999999999996,-0.0057923000000000002,-0.0079601000000000012,0.0091991999999999994,0.0025772,-0.0026609000000000003,-0.0013646999999999999,-0.0003416999999999999,-0.0071601,-0.0078431000000000004,-0.012982199999999999,0.0045263999999999999,0.00025390000000000005,0.0085053999999999998,0.0114433,-0.0080827,-6.070000000000012e-05,0.0106623,0.0019082999999999999,0.00096410000000000007,0.011459500000000001,-0.0082256000000000013,0.00081499999999999997,-0.016523099999999999,0.00035149999999999998,0.0045133999999999999,-0.0195356,0.017079799999999999,-0.001457,-0.0015495999999999999,0.00033439999999999989,-0.0040097000000000006,-0.0046790000000000009,0.0018602,0.0023598999999999998,1.6099999999999903e-05,-0.0053569999999999998,0.00085369999999999999,-0.00079069999999999965,-0.00017449999999999974,0.0033928999999999999,0.0030792000000000003,-0.00067020000000000014,0.0045714000000000015,-0.00058629999999999999,0.0023267000000000001,-0.0051340999999999991,-0.0010299999999999999,0.0001988999999999999,-0.0014057000000000002,-0.00094740000000000015,-0.0056531000000000003,0.0050328000000000005,0.00061420000000000008,-0.00064689999999999995,-0.0016219000000000006,0.0045925000000000002,0.0011641999999999998,0.0062214999999999987,0.0010471,-0.0013978,-0.0091386999999999996,0.0011738,0.0072646999999999998,-0.0030965999999999997,-0.0015929,0.0051967999999999997,0.00083249999999999991,-0.0051114999999999997,0.0010892000000000002,0.0042484000000000003,0.0027752000000000002,0.0084540999999999991,0.0016000999999999997,0.0089416000000000009,-0.0123573,0.006343699999999999,-0.0049618000000000006,-0.0084201999999999992,-0.003392,0.0031963999999999998,-0.00064260000000000001,0.0021490999999999997,-0.00035379999999999993,0.00021950000000000029,-0.0047873999999999998,-0.0028540000000000002,-0.0010099,-0.0017750000000000001,-0.0012396,-0.00010329999999999998,0.0023629000000000002,-0.0015266000000000001,0.0010270000000000001,-0.0060906999999999992,-0.00025129999999999998,0.0028359000000000001,0.0032230999999999996,0.0015375000000000002,0.00057300000000000005,0.00096199999999999996,-0.0012045999999999995,0.0036311,-0.0061485000000000003,0.0019949,0.00016130000000000007,-0.0041140000000000005,0.0022362000000000003,0.0030137000000000002,0.0016849,0.0026776,0.0034468999999999997,0.0012554,-0.0050287000000000005,-0.0016959999999999998,0.0088550000000000018,-0.00041630000000000004,-0.00073890000000000013,0.0071249000000000009,0.0031914999999999999,-0.0058913000000000004,0.0011988000000000001,-0.0032753000000000001,0.0052641000000000007,-0.0075551000000000004,-0.00015809999999999999,-0.00050860000000000011,0.0010107000000000002,-0.0070242000000000004,0.0031910999999999997,-0.0033162999999999999,0.0066934000000000004,0.0138981,-0.0021129,0.012182800000000001,-0.011622899999999999,0.00058469999999999985,-0.0014023999999999998,0.00064999999999999997,-0.0010580999999999998,0.0043663999999999994,-0.0012935000000000002,0.002556000000000001,0.0004439,0.0040127999999999995,0.00035690000000000016,0.0014304999999999999,0.0017572,-0.0024500000000000004,0.00077990000000000004,0.0017892000000000001,-0.0018369,-0.00082790000000000001,-0.0018033000000000003,0.0037361999999999994,0.00070589999999999997,-0.00088880000000000003,-0.00088709999999999993,0.001918,-0.0039088999999999999,0.0022547000000000005,-0.0029935000000000001,0.0020403000000000005,-0.0026524999999999995,0.00069090000000000015,0.00013579999999999999,0.0018772999999999997,-0.00080559999999999996,-0.0013706,-0.0015245,-0.0033882000000000001,0.00046940000000000003,-0.0007735000000000001,0.0010073,0.0017386000000000001,-0.00059389999999999996,-0.0030946000000000003,0.0034724999999999999,-0.0007042000000000002,0.0010477000000000002,-0.0018726999999999999,0.0067412000000000001,0.0035567999999999997,-0.0032519000000000003,0.0020371999999999999,-0.0035092999999999999,-0.0013382999999999999,0.0020155999999999998,0.0028024999999999994,0.0016504,0.0025363,-0.0042161999999999998,0.00054399999999999989,-0.0019454000000000001,0.00038980000000000004,0.0083275999999999992,0.0015797000000000001,0.0060386999999999993,0.0053991999999999998,-0.00070620000000000014,-0.00023159999999999999,0.0010942,-0.00023550000000000003,-0.00042260000000000008,0.00081149999999999983,-0.0023825999999999995,-0.00075580000000000005,-7.6100000000000007e-05,0.0006154,-0.00025350000000000004,0.00047959999999999995,0.0021419999999999998,-0.00079619999999999995,0.0028679,0.00027709999999999996,-0.0012482999999999999,-0.0013653000000000003,-0.0015900999999999999,0.0017582000000000001,-0.00040390000000000011,-0.00010509999999999999,0.0011661000000000002,-9.5900000000000027e-05,-0.00049810000000000002,-0.00042769999999999993,-0.00072449999999999999,0.0007310000000000002,0.0019629000000000001,-0.0013584000000000001,0.0015227999999999999,-0.0014303000000000002,-0.0026075000000000004,0.0024128999999999999,-0.0001616,-0.00012550000000000007,0.00045949999999999995,0.0022799999999999999,-0.0012653000000000002,0.0034332,-0.0018148999999999997,-0.00054699999999999996,-0.0018064000000000001,-0.0014053,0.001614,-0.0035514000000000006,-0.0019792999999999998,0.00024830000000000002,-0.00048099999999999987,-0.00028259999999999982,0.0018935,-0.0016643000000000001,0.0017300000000000002,0.0015045,-0.0032081000000000002,0.0025635000000000002,0.00063759999999999989,0.00011379999999999995,0.00093510000000000012,0.0017242,0.0016421999999999999,0.0042792999999999998,-0.0030468000000000001,0.0017370999999999999,-0.0049933,-0.007769400000000001,0.0027591999999999998,-0.0088972000000000009,0.0039567999999999999,-0.00092520000000000005,8.2600000000000002e-05,-0.00068880000000000005,-0.0017432000000000001,-0.00040210000000000002,0.00033379999999999998,0.00091889999999999984,0.0014372,-0.0010513,0.0010649000000000001,-0.00028229999999999998,-0.00052690000000000007,0.0012045000000000001,0.00043019999999999983,-0.0020998000000000002,0.00041500000000000011,0.00032490000000000004,0.0012654999999999997,0.0018924999999999997,-0.0013114000000000001,-2.2000000000000535e-06,0.00081269999999999997,-0.00081080000000000019,-0.00022920000000000004,0.00050849999999999995,-0.0015030999999999998,-0.00032089999999999994,5.4799999999999923e-05,0.00071710000000000003,0.00076569999999999991,-1.5700000000000002e-05,0.00021879999999999995,-0.0010273000000000001,0.00068150000000000003,0.00090510000000000005,-0.00065190000000000018,4.5800000000000029e-05,0.0010723,-0.00097600000000000009,-0.0018244000000000001,-0.0012553,1.6100000000000012e-05,0.0013679000000000002,0.0010390999999999998,0.0025229000000000002,0.0029892,0.0020996000000000001,-0.0017097,0.0007861999999999997,0.0020518000000000003,-0.0012842000000000001,1.9699999999999991e-05,0.00034020000000000003,-0.0011172000000000001,-0.00076200000000000009,-9.6000000000000165e-06,0.00080750000000000017,-0.00012860000000000009,-0.001214,0.0014021999999999999,0.00039170000000000003,0.00013439999999999996,0.0026778000000000001,-0.00091229999999999989,-0.0025230999999999999,0.0030771000000000001,-0.00049569999999999996,0.0017073000000000001,-3.5999999999999791e-05,0.0019722999999999997,0.0020734000000000004,-0.0030002000000000002,0.00080840000000000013,0.00043760000000000001,0.0013050000000000002,0.0016275999999999999
aug_between_class_right_pair0024_child02,Healthy,0,0,Augmented,0,0,0,0,0,0.28695140000000002,1.9974442000000001,-7.9999999999999996e-07,0,0,0.96787979999999996,0,0.053298400000000003,-0.13454460000000001,0.021186799999999999,0.094330200000000003,-0.062393200000000003,0.075070200000000004,0.0124598,0.0054472000000000001,-0.015567600000000001,-0.1039098,0.33898660000000003,-0.1001514,-0.060502799999999995,0.093927399999999994,0.0079550000000000003,-0.019450800000000001,0.0039883999999999996,-0.075713000000000003,0.021433199999999999,0.034609000000000001,-0.033459799999999998,0.0088166000000000008,-0.083967600000000003,0.015581000000000001,0.047200200000000005,-0.0086148000000000006,0.0052745999999999991,0.027216599999999994,-0.043291200000000002,0.0374332,-0.058854000000000004,-0.062090199999999998,0.130247,-0.047667000000000001,0.18465960000000001,-0.022238399999999998,0.011872199999999999,-0.0041180000000000001,-0.0085959999999999995,-0.010204399999999999,-0.012922800000000002,0.039715400000000005,-0.011711600000000001,-0.0045967999999999998,-0.014553200000000001,-0.022698799999999998,0.015426,0.030812800000000001,0.0245364,0.0090483999999999998,-0.0058986000000000004,-0.0016878000000000002,0.029691200000000001,-0.040194000000000001,0.019518400000000002,-0.0040961999999999995,0.0055822000000000007,0.044899800000000004,-0.069825599999999988,-0.018379400000000004,-0.017681200000000001,-0.038146800000000002,0.034660000000000003,-0.00060720000000000001,-0.0018686,0.0098409999999999991,0.0145646,0.0033770000000000002,-0.0015054000000000005,0.0073290000000000004,0.00762,-0.0021153999999999999,0.0095227999999999997,0.0033961999999999994,-0.014801,0.0016569999999999996,5.4600000000000135e-05,0.010071399999999999,-0.0065100000000000002,-0.0058059999999999995,0.028369600000000002,-0.012969,-0.004786799999999999,0.0071801999999999986,-0.0069934000000000003,-0.0028146000000000013,-0.0152306,-0.0061196000000000002,0.016796200000000001,-0.0148982,0.0088854000000000016,0.0041601999999999993,-0.0008718000000000007,0.021547999999999998,-0.010874199999999999,-0.0037221999999999997,0.0018142,-0.0038538000000000001,-0.011458800000000002,0.011873399999999999,-0.0010109999999999993,-0.0073934000000000014,0.00043800000000000013,0.0065659999999999998,-0.0094323999999999988,-0.0065752000000000007,0.0051175999999999999,0.016332599999999999,0.0034066000000000001,0.0052803999999999993,0.0075630000000000003,-0.011251000000000001,0.0030375999999999997,-0.010560199999999999,0.011163599999999999,0.0033760000000000005,-0.0053786000000000007,0.017956599999999996,-0.0125422,0.0034754,-0.0101032,-0.0018509999999999998,0.012706000000000002,0.0144478,-0.0123892,0.010758200000000001,-0.014088,-0.0128644,-0.0151364,-0.0060080000000000003,0.0150434,0.0067298000000000011,0.0063318000000000011,-0.0079804000000000003,-0.0004153999999999998,-0.0010901999999999999,-0.0010223999999999999,0.0027548,-0.0029070000000000003,0.0036598000000000004,-0.0090514000000000011,0.0039573999999999998,-0.0030856,0.00061059999999999977,0.0029216000000000003,0.0013998000000000001,0.0011785999999999999,-0.0016683999999999998,-0.0040324000000000002,0.00022320000000000022,0.0011998000000000006,-0.0039654,-0.0057155999999999995,-0.0078911999999999993,0.0094643999999999995,0.0024594,-0.0024698000000000003,-0.0016743999999999999,-0.00066340000000000019,-0.0072122000000000002,-0.0073711999999999996,-0.012126399999999999,0.0043108,0.00058779999999999965,0.008493800000000001,0.010905600000000001,-0.0083873999999999997,-0.00021240000000000018,0.010901599999999999,0.0011275999999999997,0.0012371999999999999,0.010111999999999999,-0.0085182000000000018,-2.1684043449710089e-19,-0.016475199999999999,0.00068500000000000006,0.0040997999999999998,-0.017431200000000001,0.0163366,-0.0019630000000000003,-0.0013771999999999999,0.00016679999999999993,-0.0040834000000000009,-0.0041860000000000005,0.0018764000000000001,0.0027247999999999999,0.00015819999999999994,-0.0053709999999999999,0.00046539999999999993,-0.00076539999999999985,-0.000232,0.0028698000000000005,0.0031633999999999998,-0.0007394000000000003,0.004108800000000001,-0.00087060000000000002,0.0025593999999999999,-0.0047962000000000005,-0.001147,0.00020279999999999994,-0.00063440000000000046,-0.00095680000000000005,-0.0054631999999999997,0.0045796000000000005,0.00089740000000000002,-0.00066580000000000003,-0.0018758000000000006,0.0046959999999999997,0.00069740000000000004,0.0057330000000000002,0.00052220000000000001,-0.0012026000000000001,-0.0089764000000000024,0.0010785999999999999,0.0076444,-0.0031262,-0.0018278000000000001,0.0055296000000000008,0.00052800000000000026,-0.0049049999999999996,0.0016194000000000002,0.0035228000000000004,0.0032634000000000005,0.0076661999999999998,0.0012092000000000001,0.0086721999999999997,-0.013199599999999999,0.0057534000000000005,-0.0060136000000000009,-0.0081904000000000005,-0.003454,0.0034337999999999999,-0.00084320000000000011,0.0019612000000000002,0.00010040000000000006,-0.00018199999999999976,-0.0048528,-0.0027630000000000007,-0.0010788,-0.0016389999999999998,-0.0016121999999999998,0.00026840000000000013,0.0020678000000000003,-0.0012222000000000001,0.00093500000000000007,-0.0058253999999999997,-0.00045660000000000004,0.0025008000000000001,0.0030201999999999998,0.0014360000000000002,0.00091200000000000005,0.0007490000000000001,-0.0010751999999999999,0.0035252,-0.0061469999999999997,0.0018917999999999999,0.00015659999999999979,-0.0035920000000000006,0.0023763999999999999,0.0029544000000000003,0.0015647999999999999,0.0028322,0.0029497999999999994,0.0013518,-0.0048874000000000001,-0.0014579999999999999,0.009273,-0.00026059999999999999,-0.00051080000000000006,0.0063988000000000014,0.0027829999999999999,-0.0053915999999999999,0.0010315999999999999,-0.0036026000000000001,0.0056442000000000003,-0.0071412000000000003,-0.00020120000000000012,-0.00049919999999999977,0.00020640000000000003,-0.0070214000000000006,0.0031832000000000002,-0.0034575999999999999,0.0067088,0.0134862,-0.0018187999999999995,0.011543600000000001,-0.012212799999999999,0.00017639999999999973,-0.0011697999999999999,0.00064900000000000005,-0.00077320000000000004,0.0045177999999999998,-0.0015510000000000001,0.0025520000000000004,0.00032179999999999996,0.0039635999999999994,0.00037380000000000009,0.0011769999999999999,0.0018184,-0.002215,0.00083080000000000003,0.0019514000000000003,-0.0015528,-0.00093380000000000004,-0.0016976000000000005,0.0032963999999999997,0.00066980000000000013,-0.00086459999999999998,-0.0012221999999999999,0.0018960000000000001,-0.0038998000000000001,0.0017864000000000005,-0.0029500000000000004,0.0020896000000000001,-0.0026110000000000005,0.00066480000000000011,0.00018760000000000001,0.0015876000000000006,-0.00071919999999999992,-0.0015952000000000002,-0.0015529999999999999,-0.0031304000000000002,0.00087180000000000005,-0.001023,0.0013116,0.0018811999999999998,-0.0011237999999999999,-0.0029422000000000007,0.0032409999999999995,-0.00031540000000000008,0.0010614000000000001,-0.0016873999999999999,0.0064284000000000008,0.0036086,-0.0031347999999999997,0.0017193999999999998,-0.0037936000000000003,-0.0013836,0.0019892,0.002264,0.0012748000000000002,0.0025766000000000001,-0.0043854000000000011,0.00052700000000000002,-0.0021408,0.00058360000000000009,0.0090232000000000003,0.0012914000000000001,0.0054533999999999997,0.0051973999999999996,-0.00083940000000000013,-0.00021520000000000003,0.00089140000000000009,-0.00023200000000000022,-0.00051119999999999996,0.00080600000000000018,-0.0021551999999999999,-0.00068959999999999996,-5.1200000000000052e-05,0.0005308,-0.00032600000000000001,0.00062119999999999992,0.0018920000000000007,-0.00053740000000000005,0.0028638000000000001,-8.879999999999999e-05,-0.0015546000000000002,-0.0013616000000000001,-0.0016202,0.0016274000000000002,-0.00033580000000000003,-0.00038119999999999994,0.0011502000000000001,-0.00022280000000000002,-0.0010432,-0.00074240000000000005,-0.00075900000000000002,0.00099100000000000013,0.0021408,-0.0014098000000000001,0.0013795999999999999,-0.0014846,-0.0024400000000000003,0.0023648000000000002,-8.0199999999999998e-05,-0.00020100000000000012,0.00097799999999999992,0.002134,-0.0013896000000000002,0.0031424000000000001,-0.0017958,-0.00082100000000000001,-0.0020898000000000002,-0.0016035999999999999,0.0016129999999999999,-0.0033118000000000002,-0.0021245999999999999,0.00016360000000000002,-0.00083000000000000001,-0.00011319999999999993,0.0018470000000000001,-0.0017546000000000003,0.0016590000000000001,0.0018799999999999999,-0.0028152000000000003,0.0025020000000000003,0.00020819999999999988,-1.34e-05,0.0011152000000000002,0.0020634,0.0018164000000000001,0.0039516000000000004,-0.0030286000000000002,0.0020582,-0.0046645999999999996,-0.0074518000000000006,0.0023573999999999999,-0.0085144000000000001,0.0039386000000000004,-0.00075240000000000007,0.00018819999999999999,-0.00083960000000000003,-0.0017854000000000001,-0.00020120000000000001,0.00028059999999999999,0.0010438000000000001,0.0014084,-0.00097360000000000025,0.0010398,-0.0003546,-0.00051979999999999995,0.001304,0.00028839999999999996,-0.0022615999999999999,0.00038600000000000017,0.00027480000000000001,0.0012929999999999999,0.0017039999999999998,-0.0012728000000000001,0.00015659999999999993,0.00060840000000000004,-0.00092360000000000033,-0.00033940000000000001,0.00058500000000000002,-0.0011311999999999997,-0.00051080000000000006,9.8600000000000011e-05,0.00063820000000000001,0.00069439999999999986,-0.00015739999999999992,0.00012860000000000001,-0.0010296000000000001,0.00087600000000000004,0.00099820000000000009,-0.0003118000000000001,-0.00019239999999999999,0.0008826000000000002,-0.0008470000000000001,-0.0019218,-0.0011516,-0.00010979999999999996,0.0015388000000000001,0.0010822,0.0022908000000000004,0.0028684000000000001,0.0021492000000000004,-0.0019134,0.00053740000000000016,0.0017145999999999999,-0.0010623999999999998,-4.1599999999999981e-05,0.00048840000000000005,-0.00098839999999999996,-0.0010290000000000002,-0.00013420000000000001,0.0007310000000000002,-0.00031320000000000013,-0.001176,0.0017734000000000001,0.00036939999999999998,0.00061479999999999998,0.0023416000000000001,-0.00087060000000000002,-0.0022582000000000001,0.0029192000000000003,-0.00011439999999999996,0.0020005999999999999,-1.5999999999999847e-05,0.0020655999999999999,0.0026188000000000006,-0.0030594000000000003,0.00038380000000000011,0.00021619999999999994,0.0010170000000000001,0.0012112
aug_between_class_right_pair0024_child03,Healthy,0,0,Augmented,0,0,0,0,0,0.28340710000000002,1.9991643000000001,-6.9999999999999986e-07,0,0,0.96595620000000004,4.1359030627651384e-25,0.052835099999999996,-0.13623440000000001,0.021004700000000001,0.095472799999999997,-0.064111799999999997,0.075005799999999997,0.011877700000000001,0.0047042999999999998,-0.014804900000000001,-0.10447469999999999,0.34382940000000001,-0.098107100000000003,-0.059070199999999976,0.091489600000000004,0.0068255000000000008,-0.020016199999999998,0.0034070999999999993,-0.074642500000000001,0.022984299999999999,0.033110000000000001,-0.034176199999999997,0.0082873999999999986,-0.084556400000000004,0.014114,0.047222300000000002,-0.010059700000000001,0.0051178999999999999,0.023872399999999995,-0.041978799999999997,0.039253299999999998,-0.059082000000000003,-0.056127299999999998,0.12612100000000001,-0.044161499999999999,0.18568090000000001,-0.025548600000000001,0.0119408,-0.0047104999999999994,-0.0088894999999999998,-0.0096825999999999995,-0.012508200000000001,0.040068100000000002,-0.011427399999999999,-0.0047461999999999999,-0.0143838,-0.023703700000000001,0.016219000000000001,0.031031700000000002,0.023396100000000003,0.0098366000000000009,-0.0066588999999999997,-0.0016416999999999998,0.029252299999999995,-0.040371499999999998,0.019387099999999997,-0.0038053000000000006,0.0068447999999999998,0.044231699999999999,-0.071041899999999991,-0.0179191,-0.018369299999999998,-0.036118200000000003,0.034206,-0.00060730000000000007,-0.0014808999999999998,0.0107245,0.0145769,0.0028355000000000003,-0.0014351000000000008,0.0071605000000000002,0.0072919999999999999,-0.0018740999999999999,0.0094926999999999997,0.0036648000000000002,-0.014968,0.0022754999999999997,-0.00062659999999999973,0.0088880999999999995,-0.0067025000000000001,-0.0062875000000000006,0.0268264,-0.0127235,-0.0046356999999999995,0.0050467999999999997,-0.0073191000000000003,-0.0029158999999999999,-0.015137399999999999,-0.0056803999999999995,0.0161928,-0.013903799999999999,0.0086376000000000005,0.0044663000000000012,-0.00038469999999999997,0.021181499999999999,-0.0105468,-0.003767299999999999,0.0016072999999999999,-0.0040412,-0.0114222,0.012330099999999998,-0.0011115000000000001,-0.0076200999999999994,6.1499999999999923e-05,0.0068525000000000001,-0.0086850999999999977,-0.0065848,0.0059629000000000001,0.0155084,0.0033124000000000001,0.0048470999999999983,0.0072870000000000009,-0.010801999999999999,0.0029053999999999998,-0.011001799999999999,0.011415399999999999,0.0024794999999999995,-0.0045284000000000001,0.017539399999999997,-0.012855800000000001,0.0036005999999999998,-0.0098148000000000003,-0.0016169999999999999,0.0120555,0.0138922,-0.012032299999999999,0.0098622999999999992,-0.014599999999999998,-0.011852100000000001,-0.015977100000000001,-0.0056645000000000011,0.0142116,0.0062581999999999994,0.0059842000000000003,-0.007293599999999999,-0.00065110000000000038,-0.0012128,-0.0011381,0.0025161999999999997,-0.0023424999999999995,0.0034336999999999996,-0.0088071,0.0038861,-0.0030943999999999998,0.0010208999999999999,0.0027464000000000004,0.0014017000000000001,0.0011513999999999999,-0.0012190999999999994,-0.0035095999999999999,-8.3199999999999854e-05,0.0006477000000000004,-0.0032325999999999995,-0.0056389000000000005,-0.0078223000000000008,0.0097295999999999997,0.0023416000000000001,-0.0022787000000000003,-0.0019841000000000004,-0.00098510000000000004,-0.0072642999999999996,-0.0068992999999999988,-0.011270599999999999,0.0040951999999999994,0.00092170000000000034,0.0084822000000000005,0.010367899999999999,-0.0086920999999999995,-0.0003640999999999998,0.011140899999999999,0.00034689999999999992,0.0015103,0.0087644999999999997,-0.0088108000000000006,-0.00081499999999999997,-0.016427299999999999,0.0010185000000000001,0.0036861999999999997,-0.0153268,0.015593399999999997,-0.0024689999999999998,-0.0012048,-8.0000000000001945e-07,-0.0041571000000000004,-0.0036930000000000001,0.0018925999999999999,0.0030896999999999999,0.00030029999999999987,-0.005385,7.7099999999999977e-05,-0.00074009999999999961,-0.00028950000000000004,0.0023467000000000002,0.0032475999999999994,-0.00080859999999999981,0.0036462,-0.0011548999999999997,0.0027920999999999996,-0.0044583000000000001,-0.0012639999999999999,0.00020669999999999998,0.00013689999999999991,-0.00096620000000000018,-0.0052732999999999999,0.0041264000000000006,0.0011806000000000004,-0.00068470000000000011,-0.0021297,0.0047994999999999999,0.00023059999999999975,0.0052445,-2.6999999999997946e-06,-0.0010074000000000001,-0.0088141000000000001,0.00098339999999999994,0.0080240999999999993,-0.0031557999999999994,-0.0020627000000000002,0.0058624000000000002,0.00022350000000000017,-0.0046984999999999996,0.0021496000000000002,0.0027971999999999997,0.0037515999999999999,0.0068783000000000004,0.0008183000000000001,0.0084027999999999985,-0.0140419,0.0051631000000000003,-0.0070654000000000003,-0.0079606,-0.003516,0.0036711999999999999,-0.0010438000000000001,0.0017732999999999998,0.00055460000000000014,-0.00058349999999999993,-0.0049182000000000002,-0.0026719999999999999,-0.0011477,-0.001503,-0.0019848000000000001,0.0006401,0.0017727000000000003,-0.00091779999999999976,0.000843,-0.0055601000000000001,-0.0006619000000000001,0.0021657,0.0028173,0.0013344999999999997,0.0012509999999999999,0.00053600000000000002,-0.0009457999999999999,0.0034192999999999997,-0.0061454999999999999,0.0017886999999999998,0.00015190000000000017,-0.0030700000000000002,0.0025165999999999999,0.0028951000000000003,0.0014446999999999999,0.0029868,0.0024526999999999995,0.0014482,-0.0047460999999999996,-0.0012199999999999997,0.009691,-0.00010490000000000016,-0.00028269999999999999,0.0056726999999999993,0.0023744999999999999,-0.0048919000000000002,0.00086439999999999998,-0.0039299000000000001,0.0060242999999999998,-0.0067273000000000003,-0.00024430000000000003,-0.00048979999999999987,-0.00059790000000000006,-0.0070185999999999998,0.0031752999999999998,-0.0035988999999999999,0.0067242000000000005,0.013074300000000001,-0.0015246999999999997,0.0109044,-0.012802699999999998,-0.00023189999999999973,-0.00093720000000000001,0.00064799999999999992,-0.00048829999999999978,0.0046692000000000001,-0.0018085,0.0025479999999999999,0.00019970000000000003,0.0039144000000000002,0.0003906999999999999,0.00092349999999999995,0.0018796000000000002,-0.00198,0.00088170000000000002,0.0021135999999999998,-0.0012686999999999998,-0.0010397000000000002,-0.0015919000000000003,0.0028565999999999999,0.00063369999999999995,-0.00084039999999999994,-0.0015573,0.0018739999999999998,-0.0038906999999999995,0.0013180999999999996,-0.0029065000000000002,0.0021389,-0.0025694999999999997,0.00063870000000000007,0.00023939999999999999,0.0012979000000000003,-0.00063279999999999999,-0.0018198000000000001,-0.0015815,-0.0028726000000000003,0.0012742000000000001,-0.0012725,0.0016159,0.0020238000000000001,-0.0016536999999999999,-0.0027898000000000003,0.0030094999999999996,7.3400000000000049e-05,0.0010750999999999998,-0.0015020999999999999,0.0061155999999999997,0.0036603999999999994,-0.0030176999999999999,0.0014015999999999998,-0.0040778999999999998,-0.0014289000000000001,0.0019627999999999998,0.0017254999999999998,0.00089919999999999996,0.0026169000000000001,-0.0045546000000000007,0.00050999999999999971,-0.0023362000000000001,0.00077740000000000014,0.0097187999999999997,0.0010031,0.0048681000000000002,0.0049956000000000002,-0.00097260000000000011,-0.00019880000000000001,0.00068859999999999993,-0.00022849999999999997,-0.00059979999999999983,0.0008005000000000001,-0.0019277999999999999,-0.00062339999999999997,-2.6299999999999989e-05,0.0004461999999999999,-0.00039849999999999993,0.00076279999999999989,0.0016419999999999996,-0.00027859999999999994,0.0028596999999999997,-0.00045469999999999994,-0.0018609,-0.0013579,-0.0016502999999999999,0.0014966000000000001,-0.00026770000000000006,-0.00065729999999999988,0.0011343,-0.00034969999999999999,-0.0015883,-0.0010571000000000001,-0.00079349999999999993,0.0012509999999999999,0.0023186999999999999,-0.0014611999999999997,0.0012363999999999999,-0.0015388999999999997,-0.0022725000000000002,0.0023166999999999997,1.19999999999998e-06,-0.00027649999999999994,0.0014965,0.0019880000000000002,-0.0015139000000000001,0.0028515999999999997,-0.0017766999999999998,-0.0010950000000000001,-0.0023731999999999998,-0.0018018999999999999,0.0016119999999999997,-0.0030721999999999998,-0.0022699,7.8900000000000048e-05,-0.0011789999999999999,5.6200000000000173e-05,0.0018005,-0.0018449,0.001588,0.0022555000000000001,-0.0024223000000000001,0.0024405,-0.00022120000000000006,-0.00014059999999999995,0.0012953000000000001,0.0024026,0.0019905999999999999,0.0036238999999999998,-0.0030103999999999999,0.0023793,-0.0043359000000000002,-0.0071342000000000003,0.0019556,-0.0081315999999999992,0.0039204000000000001,-0.0005796000000000001,0.00029379999999999999,-0.00099039999999999979,-0.0018276,-3.000000000000615e-07,0.00022739999999999997,0.0011686999999999999,0.0013795999999999999,-0.00089590000000000004,0.0010147000000000001,-0.00042690000000000002,-0.00051270000000000005,0.0014035,0.00014659999999999988,-0.0024234,0.00035700000000000006,0.00022469999999999999,0.0013205000000000001,0.0015154999999999999,-0.0012342000000000002,0.00031540000000000002,0.00040409999999999985,-0.0010363999999999998,-0.00044960000000000003,0.00066149999999999998,-0.00075929999999999975,-0.00070070000000000006,0.00014239999999999999,0.00055929999999999999,0.0006230999999999998,-0.00029910000000000017,3.8399999999999978e-05,-0.0010319000000000001,0.0010704999999999998,0.0010912999999999999,2.83000000000002e-05,-0.00043060000000000006,0.00069290000000000009,-0.00071800000000000011,-0.0020191999999999996,-0.0010479,-0.00023569999999999993,0.0017097,0.0011253000000000001,0.0020587000000000001,0.0027475999999999998,0.0021987999999999999,-0.0021170999999999998,0.00028859999999999991,0.0013774,-0.00084059999999999983,-0.00010290000000000001,0.00063659999999999997,-0.00085959999999999997,-0.0012959999999999996,-0.0002588,0.00065450000000000003,-0.00049780000000000017,-0.0011380000000000001,0.0021446,0.00034709999999999993,0.0010951999999999999,0.0020054000000000001,-0.00082890000000000004,-0.0019932999999999999,0.0027613,0.00026689999999999993,0.0022938999999999998,4.0000000000002056e-06,0.0021589000000000001,0.0031642000000000003,-0.0031186,-4.0800000000000057e-05,-5.2000000000001264e-06,0.00072900000000000005,0.0007947999999999997
aug_between_class_right_pair0024_child04,Healthy,0,0,Augmented,0,0,0,0,0,0.27986280000000002,2.0008843999999999,-5.9999999999999997e-07,0,0,0.96403260000000002,0,0.052371800000000003,-0.1379242,0.0208226,0.096615400000000004,-0.065830399999999997,0.074941400000000005,0.011295600000000001,0.0039613999999999995,-0.014042200000000001,-0.1050396,0.34867219999999999,-0.096062800000000004,-0.057637599999999983,0.0890518,0.0056960000000000005,-0.020581599999999999,0.0028257999999999994,-0.073571999999999999,0.024535399999999999,0.031611,-0.034892599999999996,0.0077581999999999998,-0.085145200000000004,0.012647,0.047244400000000006,-0.011504600000000002,0.0049611999999999972,0.020528199999999996,-0.040666399999999998,0.041073399999999996,-0.059310000000000002,-0.050164399999999998,0.12199500000000001,-0.040655999999999998,0.18670220000000001,-0.028858800000000004,0.0120094,-0.0053030000000000004,-0.0091830000000000002,-0.0091608000000000002,-0.012093600000000003,0.0404208,-0.011143199999999999,-0.0048956,-0.0142144,-0.024708600000000001,0.017011999999999999,0.031250600000000003,0.022255799999999999,0.0106248,-0.0074191999999999999,-0.0015956,0.028813399999999999,-0.040549000000000002,0.019255799999999997,-0.0035144000000000004,0.0081074000000000025,0.043563600000000001,-0.072258199999999995,-0.0174588,-0.019057399999999999,-0.034089599999999998,0.033752000000000004,-0.00060740000000000013,-0.0010931999999999997,0.011608,0.0145892,0.002294,-0.0013648000000000002,0.006992,0.0069639999999999997,-0.0016328,0.0094626000000000016,0.0039334000000000001,-0.015134999999999999,0.0028939999999999999,-0.0013078000000000013,0.0077047999999999995,-0.0068950000000000001,-0.0067689999999999998,0.025283199999999999,-0.012478,-0.0044846,0.0029133999999999983,-0.0076447999999999993,-0.0030171999999999994,-0.015044200000000001,-0.0052411999999999997,0.015589400000000002,-0.0129094,0.0083898000000000011,0.0047724000000000013,0.00010239999999999989,0.020815,-0.0102194,-0.0038123999999999992,0.0014004,-0.0042285999999999999,-0.011385600000000001,0.012786799999999999,-0.001212,-0.007846800000000001,-0.00031500000000000007,0.0071389999999999995,-0.0079377999999999983,-0.0065944000000000003,0.0068082000000000004,0.0146842,0.0032182000000000001,0.004413799999999999,0.0070109999999999999,-0.010353000000000001,0.0027732,-0.011443399999999999,0.011667199999999999,0.0015829999999999993,-0.0036782000000000004,0.017122199999999997,-0.0131694,0.0037258,-0.0095264000000000008,-0.0013829999999999999,0.011405,0.013336600000000001,-0.011675400000000001,0.0089663999999999994,-0.015111999999999999,-0.0108398,-0.016817800000000001,-0.0053210000000000002,0.013379799999999999,0.0057866000000000003,0.0056366000000000003,-0.0066067999999999986,-0.00088680000000000009,-0.0013354,-0.0012538,0.0022775999999999999,-0.0017779999999999996,0.0032075999999999997,-0.0085627999999999989,0.0038148000000000001,-0.0031032,0.0014312000000000001,0.0025712,0.0014036000000000001,0.0011242000000000001,-0.00076979999999999985,-0.0029868,-0.00038959999999999982,9.5600000000000372e-05,-0.0024997999999999995,-0.0055621999999999998,-0.0077533999999999997,0.0099947999999999999,0.0022237999999999997,-0.0020875999999999998,-0.0022938000000000004,-0.0013068000000000001,-0.0073163999999999998,-0.0064273999999999998,-0.010414799999999998,0.0038795999999999995,0.0012556000000000002,0.0084706,0.0098302000000000007,-0.0089967999999999992,-0.00051580000000000007,0.0113802,-0.00043380000000000046,0.0017834000000000001,0.007417,-0.0091034000000000011,-0.0016300000000000002,-0.016379399999999999,0.0013519999999999999,0.0032725999999999996,-0.0132224,0.014850199999999997,-0.0029750000000000002,-0.0010323999999999999,-0.00016840000000000019,-0.0042307999999999998,-0.0031999999999999997,0.0019088,0.0034545999999999999,0.00044239999999999991,-0.0053989999999999993,-0.0003112000000000003,-0.00071479999999999981,-0.00034700000000000009,0.0018235999999999999,0.0033317999999999998,-0.00087780000000000019,0.0031836000000000004,-0.0014391999999999999,0.0030247999999999998,-0.0041203999999999998,-0.0013810000000000001,0.00021060000000000024,0.00090819999999999974,-0.00097560000000000008,-0.0050834000000000001,0.0036732000000000002,0.0014638000000000001,-0.00070360000000000008,-0.0023835999999999996,0.0049030000000000002,-0.00023620000000000048,0.0047559999999999989,-0.00052760000000000003,-0.00081220000000000001,-0.0086518000000000012,0.00088819999999999991,0.0084037999999999995,-0.0031853999999999997,-0.0022975999999999999,0.0061951999999999997,-8.0999999999999909e-05,-0.0044919999999999995,0.0026798000000000004,0.0020715999999999998,0.0042398000000000002,0.0060904000000000002,0.00042739999999999987,0.008133399999999999,-0.0148842,0.0045728000000000001,-0.0081172000000000015,-0.0077307999999999995,-0.0035780000000000005,0.0039085999999999999,-0.0012444000000000001,0.0015853999999999998,0.0010088,-0.00098499999999999998,-0.0049835999999999995,-0.002581,-0.0012166,-0.0013669999999999999,-0.0023573999999999999,0.0010118000000000002,0.0014775999999999999,-0.00061339999999999995,0.00075100000000000004,-0.0052948000000000005,-0.00086720000000000015,0.0018306000000000002,0.0026143999999999998,0.0012329999999999997,0.0015900000000000001,0.00032299999999999999,-0.00081639999999999989,0.0033133999999999998,-0.0061440000000000002,0.0016855999999999998,0.00014720000000000011,-0.0025480000000000004,0.0026568,0.0028358000000000003,0.0013246,0.0031413999999999999,0.0019555999999999992,0.0015445999999999999,-0.0046048,-0.00098200000000000002,0.010109,5.0799999999999934e-05,-5.4599999999999897e-05,0.0049465999999999998,0.0019659999999999999,-0.0043921999999999998,0.00069719999999999982,-0.0042572,0.0064044000000000011,-0.0063134000000000003,-0.00028740000000000016,-0.00048039999999999997,-0.0014022000000000001,-0.0070158,0.0031673999999999999,-0.0037401999999999999,0.0067396000000000001,0.012662400000000001,-0.0012305999999999994,0.0102652,-0.013392599999999999,-0.00064020000000000006,-0.00070459999999999989,0.00064700000000000001,-0.00020339999999999985,0.0048205999999999995,-0.0020659999999999997,0.0025440000000000003,7.7600000000000043e-05,0.0038652000000000001,0.00040760000000000015,0.00066999999999999991,0.0019407999999999999,-0.0017449999999999998,0.00093260000000000001,0.0022757999999999997,-0.00098459999999999997,-0.0011456000000000001,-0.0014862,0.0024167999999999998,0.0005976,-0.0008162,-0.0018923999999999998,0.0018519999999999999,-0.0038815999999999998,0.00084979999999999995,-0.0028630000000000001,0.0021882000000000004,-0.0025279999999999999,0.00061260000000000004,0.00029120000000000003,0.0010081999999999999,-0.00054640000000000005,-0.0020444,-0.0016099999999999999,-0.0026148000000000005,0.0016766000000000003,-0.0015220000000000001,0.0019201999999999999,0.0021663999999999997,-0.0021836,-0.0026373999999999998,0.0027780000000000001,0.00046220000000000012,0.0010888,-0.0013167999999999997,0.0058028000000000003,0.0037121999999999997,-0.0029005999999999997,0.0010837999999999998,-0.0043622000000000001,-0.0014741999999999999,0.0019364,0.0011869999999999997,0.00052359999999999972,0.0026572000000000002,-0.0047238000000000002,0.00049300000000000006,-0.0025315999999999997,0.00097120000000000019,0.010414400000000001,0.00071480000000000003,0.0042827999999999998,0.0047938,-0.0011058000000000001,-0.00018240000000000002,0.00048579999999999994,-0.00022500000000000016,-0.00068839999999999993,0.00079500000000000003,-0.0017003999999999999,-0.00055719999999999988,-1.400000000000034e-06,0.0003615999999999999,-0.00047099999999999996,0.00090439999999999987,0.0013919999999999998,-1.9799999999999912e-05,0.0028555999999999998,-0.00082060000000000011,-0.0021672000000000002,-0.0013541999999999998,-0.0016803999999999999,0.0013658000000000001,-0.00019959999999999997,-0.00093340000000000003,0.0011184000000000001,-0.00047660000000000009,-0.0021333999999999997,-0.0013718000000000001,-0.00082799999999999996,0.0015109999999999998,0.0024965999999999999,-0.0015126000000000002,0.0010931999999999999,-0.0015932000000000001,-0.0021050000000000001,0.0022686,8.2600000000000002e-05,-0.00035199999999999999,0.0020149999999999999,0.0018420000000000001,-0.0016382000000000002,0.0025607999999999998,-0.0017576,-0.001369,-0.0026566000000000003,-0.0020002000000000002,0.001611,-0.0028325999999999998,-0.0024152000000000002,-5.8000000000000055e-06,-0.0015280000000000001,0.00022560000000000028,0.0017540000000000001,-0.0019352000000000002,0.0015170000000000001,0.0026310000000000001,-0.0020293999999999998,0.002379,-0.0006506000000000002,-0.00026780000000000011,0.0014754000000000002,0.0027418,0.0021648000000000001,0.0032962,-0.0029922,0.0027003999999999999,-0.0040071999999999998,-0.0068165999999999999,0.0015537999999999999,-0.0077487999999999984,0.0039022000000000002,-0.00040680000000000002,0.0003994,-0.0011411999999999998,-0.0018698,0.00020060000000000005,0.00017420000000000001,0.0012936,0.0013508000000000001,-0.00081820000000000005,0.00098959999999999998,-0.00049919999999999999,-0.00050559999999999993,0.001503,4.7999999999997914e-06,-0.0025852000000000002,0.000328,0.00017459999999999996,0.0013480000000000002,0.0013269999999999998,-0.0011956,0.00047420000000000003,0.00019979999999999992,-0.0011492000000000002,-0.00055980000000000005,0.00073799999999999994,-0.00038739999999999988,-0.00089060000000000007,0.00018619999999999997,0.00048039999999999997,0.00055179999999999975,-0.00044079999999999998,-5.1800000000000046e-05,-0.0010342000000000001,0.0012650000000000001,0.0011843999999999999,0.00036840000000000028,-0.00066879999999999999,0.00050319999999999998,-0.00058900000000000011,-0.0021166000000000002,-0.00094420000000000007,-0.0003615999999999999,0.0018806000000000003,0.0011684,0.0018266000000000003,0.0026268000000000003,0.0022484000000000002,-0.0023208,3.9799999999999883e-05,0.0010402,-0.00061879999999999986,-0.00016420000000000003,0.00078479999999999999,-0.00073079999999999998,-0.0015629999999999999,-0.0003834000000000001,0.00057800000000000028,-0.0006824,-0.0011000000000000001,0.0025157999999999999,0.00032479999999999998,0.0015755999999999999,0.0016692,-0.00078720000000000005,-0.0017283999999999997,0.0026034000000000001,0.00064820000000000014,0.0025872,2.400000000000015e-05,0.0022521999999999998,0.0037096000000000004,-0.0031778000000000002,-0.00046540000000000004,-0.00022660000000000003,0.00044099999999999999,0.00037839999999999977
aug_between_class_right_pair0024_child05,TLE,1,1,Augmented,0,0,0,0,0,0.27277420000000002,2.0043245999999999,-3.9999999999999988e-07,0,0,0.96018539999999997,0,0.051445200000000003,-0.14130380000000001,0.020458400000000002,0.098900599999999991,-0.069267599999999999,0.074812599999999993,0.010131400000000002,0.0024756000000000005,-0.012516800000000002,-0.1061694,0.3583578,-0.091974200000000006,-0.054772399999999999,0.084176200000000007,0.0034370000000000008,-0.0217124,0.0016631999999999997,-0.071430999999999994,0.027637599999999998,0.028613000000000003,-0.036325399999999994,0.0066997999999999997,-0.086322800000000005,0.0097129999999999994,0.0472886,-0.014394400000000002,0.0046478000000000005,0.013839799999999999,-0.038041600000000002,0.044713599999999999,-0.059766,-0.038238599999999998,0.11374300000000001,-0.033645000000000001,0.18874479999999999,-0.035479200000000002,0.0121466,-0.0064879999999999998,-0.0097700000000000009,-0.0081171999999999998,-0.011264400000000001,0.041126200000000002,-0.010574800000000001,-0.0051944000000000001,-0.0138756,-0.0267184,0.018598000000000003,0.031688399999999999,0.019975200000000002,0.012201199999999999,-0.0089397999999999995,-0.0015033999999999998,0.027935599999999998,-0.040903999999999996,0.018993199999999998,-0.0029326000000000001,0.010632599999999999,0.042227399999999998,-0.074690800000000002,-0.016538200000000003,-0.020433599999999996,-0.030032400000000001,0.032843999999999998,-0.00060760000000000002,-0.00031780000000000008,0.013375,0.0146138,0.0012110000000000003,-0.0012242000000000008,0.0066550000000000003,0.0063080000000000002,-0.0011502000000000001,0.0094024,0.0044705999999999999,-0.015469,0.0041309999999999993,-0.0026701999999999993,0.0053381999999999995,-0.00728,-0.0077320000000000002,0.022196799999999999,-0.011986999999999999,-0.0041823999999999993,-0.0013533999999999998,-0.0082962000000000001,-0.0032198000000000001,-0.014857800000000001,-0.0043628,0.014382600000000002,-0.010920599999999999,0.0078942000000000005,0.0053845999999999998,0.0010765999999999998,0.020081999999999999,-0.0095645999999999995,-0.0039025999999999987,0.00098660000000000002,-0.0046034000000000005,-0.0113124,0.013700199999999999,-0.0014130000000000002,-0.0083002000000000006,-0.0010679999999999997,0.0077120000000000001,-0.0064431999999999996,-0.0066136000000000007,0.0084988000000000008,0.0130358,0.0030298,0.0035471999999999999,0.0064590000000000012,-0.0094549999999999999,0.0025087999999999998,-0.0123266,0.012170800000000001,-0.00020999999999999968,-0.0019778,0.016287799999999998,-0.013796600000000001,0.0039762,-0.0089496000000000003,-0.0009149999999999998,0.010104,0.012225400000000001,-0.0109616,0.0071746000000000006,-0.016135999999999998,-0.0088152000000000005,-0.0184992,-0.0046340000000000001,0.011716200000000001,0.0048434000000000012,0.0049414000000000012,-0.0052331999999999995,-0.0013581999999999999,-0.0015805999999999999,-0.0014851999999999999,0.0018004,-0.00064900000000000005,0.0027553999999999999,-0.0080742000000000001,0.0036722000000000005,-0.0031208,0.0022518,0.0022208000000000002,0.0014074000000000001,0.0010698000000000001,0.00012880000000000004,-0.0019412000000000001,-0.0010023999999999996,-0.0010085999999999995,-0.0010342000000000001,-0.0054088000000000001,-0.0076156000000000001,0.0105252,0.0019881999999999999,-0.0017053999999999997,-0.0029132000000000003,-0.0019501999999999998,-0.0074206000000000003,-0.0054835999999999999,-0.0087031999999999995,0.0034483999999999999,0.0019234,0.0084474000000000007,0.0087548000000000001,-0.0096062000000000005,-0.00081919999999999975,0.011858799999999999,-0.0019951999999999999,0.0023296000000000002,0.0047220000000000005,-0.0096886000000000021,-0.0032599999999999999,-0.016283599999999999,0.002019,0.0024454000000000004,-0.0090136000000000001,0.013363799999999999,-0.0039870000000000001,-0.00068760000000000002,-0.00050359999999999988,-0.0043782000000000005,-0.0022140000000000003,0.0019411999999999999,0.0041844000000000004,0.00072659999999999977,-0.0054270000000000004,-0.0010877999999999999,-0.00066419999999999977,-0.00046199999999999995,0.00077740000000000025,0.0035002000000000002,-0.0010162000000000001,0.0022584000000000003,-0.0020077999999999997,0.0034901999999999997,-0.0034445999999999999,-0.0016150000000000001,0.0002184000000000001,0.0024507999999999995,-0.00099440000000000032,-0.0047035999999999996,0.0027668000000000002,0.0020302000000000002,-0.00074140000000000002,-0.0028913999999999997,0.00511,-0.0011697999999999999,0.0037789999999999998,-0.0015774000000000001,-0.00042180000000000017,-0.0083271999999999999,0.00069779999999999994,0.0091631999999999998,-0.0032445999999999994,-0.0027673999999999997,0.0068607999999999994,-0.00068999999999999964,-0.0040790000000000002,0.0037401999999999999,0.00062040000000000012,0.0052161999999999998,0.0045145999999999997,-0.00035439999999999994,0.0075946,-0.016568799999999998,0.0033921999999999997,-0.0102208,-0.0072712000000000002,-0.0037020000000000004,0.0043834,-0.0016456000000000001,0.0012095999999999999,0.0019172000000000006,-0.0017879999999999997,-0.0051143999999999998,-0.0023990000000000005,-0.0013544,-0.0010950000000000001,-0.0031025999999999996,0.0017551999999999997,0.00088740000000000021,-4.600000000000166e-06,0.00056700000000000001,-0.0047641999999999997,-0.0012777999999999999,0.0011604000000000002,0.0022085999999999998,0.0010300000000000001,0.0022680000000000001,-0.00010299999999999979,-0.00055759999999999989,0.0031015999999999995,-0.0061409999999999998,0.0014794000000000001,0.00013779999999999977,-0.0015040000000000006,0.0029372000000000001,0.0027172000000000003,0.0010844000000000001,0.0034505999999999998,0.00096139999999999984,0.0017373999999999998,-0.0043222,-0.00050600000000000005,0.010945,0.00036219999999999986,0.0004015999999999999,0.0034944000000000004,0.0011489999999999998,-0.0033928000000000005,0.00036280000000000004,-0.0049118,0.0071645999999999993,-0.0054856000000000002,-0.00037360000000000019,-0.00046160000000000038,-0.0030108000000000001,-0.0070101999999999994,0.0031516000000000001,-0.0040228,0.0067704000000000002,0.011838600000000001,-0.00064239999999999979,0.0089867999999999996,-0.014572399999999999,-0.0014567999999999994,-0.00023940000000000002,0.00064499999999999996,0.00036639999999999996,0.0051233999999999993,-0.002581,0.0025360000000000001,-0.00016660000000000004,0.0037667999999999994,0.0004414,0.00016300000000000017,0.0020631999999999998,-0.0012749999999999999,0.0010344,0.0026002,-0.00041640000000000004,-0.0013574000000000001,-0.0012748000000000002,0.0015372000000000001,0.00052540000000000009,-0.00076780000000000001,-0.0025625999999999999,0.0018080000000000001,-0.0038633999999999995,-8.6799999999999725e-05,-0.0027759999999999998,0.0022868000000000003,-0.0024450000000000001,0.00056039999999999996,0.00039479999999999995,0.00042880000000000023,-0.00037360000000000019,-0.0024936000000000003,-0.0016670000000000001,-0.0020991999999999999,0.0024813999999999999,-0.0020209999999999998,0.0025288000000000003,0.0024516,-0.0032434,-0.0023326000000000002,0.0023150000000000002,0.0012398000000000001,0.0011161999999999999,-0.00094619999999999991,0.0051771999999999999,0.0038157999999999998,-0.0026663999999999998,0.00044819999999999994,-0.0049307999999999999,-0.0015647999999999999,0.0018836,0.00010999999999999985,-0.00022759999999999989,0.0027377999999999999,-0.0050622000000000011,0.00045899999999999988,-0.0029223999999999999,0.0013588000000000001,0.011805599999999999,0.0001382,0.0031121999999999999,0.0043902000000000004,-0.0013722000000000001,-0.0001496,8.0200000000000052e-05,-0.00021800000000000009,-0.00086559999999999968,0.00078400000000000008,-0.0012455999999999999,-0.00042480000000000003,4.8399999999999957e-05,0.00019240000000000004,-0.0006159999999999999,0.0011876,0.00089200000000000021,0.00049779999999999996,0.0028474000000000004,-0.0015524000000000002,-0.0027797999999999998,-0.0013468,-0.0017406000000000001,0.0011042000000000001,-6.3400000000000023e-05,-0.0014855999999999997,0.0010866000000000001,-0.00073040000000000008,-0.0032235999999999996,-0.0020011999999999999,-0.00089700000000000001,0.0020309999999999994,0.0028523999999999997,-0.0016154000000000001,0.00080679999999999999,-0.0017017999999999998,-0.0017700000000000003,0.0021723999999999997,0.00024539999999999995,-0.00050299999999999997,0.0030519999999999996,0.0015500000000000002,-0.0018868000000000001,0.0019792,-0.0017193999999999998,-0.0019169999999999999,-0.0032233999999999995,-0.0023968000000000001,0.001609,-0.0023534000000000003,-0.0027057999999999995,-0.00017519999999999998,-0.0022259999999999997,0.00056440000000000006,0.0016609999999999999,-0.0021158000000000001,0.0013749999999999999,0.003382,-0.0012436000000000003,0.0022559999999999998,-0.0015094000000000002,-0.00052220000000000001,0.0018355999999999999,0.0034202,0.0025132000000000002,0.0026408,-0.0029557999999999997,0.0033425999999999998,-0.0033498,-0.0061814000000000001,0.00075020000000000013,-0.0069832000000000002,0.0038658,-6.119999999999997e-05,0.00061059999999999999,-0.0014427999999999999,-0.0019542000000000001,0.0006023999999999999,6.7799999999999995e-05,0.0015433999999999999,0.0012932,-0.00066280000000000006,0.00093939999999999996,-0.00064379999999999993,-0.00049139999999999991,0.001702,-0.00027880000000000005,-0.0029088,0.00027000000000000006,7.4399999999999965e-05,0.0014029999999999997,0.00094999999999999989,-0.0011184000000000001,0.00079179999999999995,-0.00020879999999999995,-0.0013748,-0.00078019999999999999,0.00089099999999999997,0.00035640000000000015,-0.0012704000000000001,0.00027380000000000004,0.00032259999999999998,0.00040919999999999986,-0.00072419999999999993,-0.00023219999999999995,-0.0010387999999999999,0.0016539999999999997,0.0013706,0.0010486,-0.0011451999999999999,0.00012380000000000005,-0.00033100000000000013,-0.0023113999999999999,-0.00073680000000000002,-0.00061339999999999973,0.0022224000000000002,0.0012546000000000002,0.0013624000000000002,0.0023852000000000005,0.0023476,-0.0027282000000000001,-0.00045779999999999996,0.0003658,-0.00017520000000000003,-0.00028679999999999998,0.0010811999999999998,-0.00047320000000000006,-0.0020969999999999999,-0.00063259999999999998,0.00042500000000000003,-0.0010516000000000002,-0.0010240000000000002,0.0032581999999999993,0.00028019999999999998,0.0025363999999999994,0.00099680000000000016,-0.00070379999999999998,-0.0011986,0.0022875999999999999,0.0014107999999999998,0.0031738000000000005,6.4000000000000146e-05,0.0024387999999999996,0.0048004000000000007,-0.0032962,-0.0013145999999999998,-0.0006693999999999999,-0.00013500000000000014,-0.0004544000000000002
aug_between_class_right_pair0024_child06,TLE,1,1,Augmented,0,0,0,0,0,0.26922990000000002,2.0060446999999999,-3.0000000000000009e-07,0,0,0.95826179999999994,0,0.050981899999999997,-0.1429936,0.020276300000000001,0.1000432,-0.070986199999999999,0.074748200000000001,0.0095493000000000001,0.0017327000000000006,-0.011754100000000002,-0.1067343,0.36320059999999998,-0.089929899999999993,-0.053339799999999993,0.081738400000000003,0.0023075000000000014,-0.0222778,0.0010818999999999998,-0.070360500000000006,0.029188699999999998,0.027114000000000003,-0.0370418,0.0061706,-0.086911600000000006,0.0082459999999999999,0.047310700000000004,-0.015839300000000001,0.0044911000000000013,0.010495600000000001,-0.036729200000000004,0.046533699999999997,-0.059993999999999999,-0.032275700000000004,0.10961700000000001,-0.030139500000000003,0.18976609999999999,-0.038789400000000002,0.012215199999999999,-0.0070805,-0.0100635,-0.0075953999999999987,-0.010849800000000003,0.041478899999999999,-0.0102906,-0.0053437999999999992,-0.0137062,-0.027723299999999999,0.019390999999999999,0.0319073,0.018834900000000002,0.0129894,-0.0097000999999999997,-0.0014572999999999999,0.027496699999999999,-0.0410815,0.018861899999999997,-0.0026416999999999999,0.0118952,0.0415593,-0.075907100000000005,-0.016077899999999999,-0.0211217,-0.028003800000000002,0.032390000000000002,-0.00060770000000000008,6.9899999999999802e-05,0.014258499999999999,0.0146261,0.00066950000000000017,-0.0011539000000000002,0.0064865000000000001,0.0059800000000000001,-0.00090890000000000025,0.0093723000000000001,0.0047391999999999998,-0.015636000000000001,0.0047494999999999994,-0.0033513999999999992,0.0041548999999999996,-0.0074725,-0.0082135000000000003,0.020653600000000001,-0.0117415,-0.0040312999999999998,-0.0034867999999999995,-0.0086219,-0.0033210999999999996,-0.014764599999999999,-0.0039236000000000002,0.013779200000000002,-0.0099261999999999996,0.0076464000000000002,0.0056906999999999999,0.0015636999999999997,0.0197155,-0.009237200000000001,-0.0039476999999999984,0.00077970000000000003,-0.0047907999999999996,-0.011275800000000001,0.0141569,-0.0015135000000000001,-0.0085269000000000005,-0.0014444999999999996,0.0079984999999999987,-0.0056958999999999994,-0.0066232000000000001,0.0093440999999999993,0.0122116,0.0029356,0.0031138999999999997,0.006183000000000001,-0.0090060000000000001,0.0023766,-0.012768199999999999,0.012422600000000001,-0.0011064999999999994,-0.0011276000000000012,0.015870599999999999,-0.014110200000000002,0.0041013999999999998,-0.0086612000000000008,-0.00068099999999999996,0.0094535000000000001,0.011669800000000001,-0.010604700000000002,0.006278699999999999,-0.016648,-0.0078029000000000015,-0.0193399,-0.0042905000000000009,0.010884400000000001,0.0043718000000000003,0.0045938000000000003,-0.0045463999999999999,-0.0015938999999999999,-0.0017031999999999998,-0.0016008999999999999,0.0015617999999999999,-8.4500000000000157e-05,0.0025293,-0.0078299000000000007,0.0036008999999999998,-0.0031295999999999997,0.0026620999999999997,0.0020456000000000003,0.0014093,0.0010426000000000001,0.00057809999999999979,-0.0014184,-0.0013087999999999997,-0.0015606999999999993,-0.0003014000000000005,-0.0053320999999999993,-0.0075467000000000008,0.0107904,0.0018703999999999999,-0.0015143000000000001,-0.0032228999999999999,-0.0022718999999999999,-0.0074727000000000005,-0.0050117,-0.0078474000000000009,0.0032328000000000001,0.0022572999999999998,0.0084358000000000002,0.0082170999999999998,-0.0099109000000000003,-0.00097090000000000002,0.012098099999999999,-0.0027758999999999995,0.0026027000000000003,0.0033745000000000008,-0.0099812000000000008,-0.0040750000000000005,-0.016235699999999999,0.0023525,0.0020318000000000003,-0.0069092000000000008,0.012620599999999999,-0.0044929999999999996,-0.00051520000000000005,-0.00067120000000000005,-0.0044519,-0.0017210000000000001,0.0019573999999999998,0.0045492999999999992,0.00086869999999999981,-0.0054409999999999997,-0.0014760999999999999,-0.00063889999999999997,-0.0005195,0.00025430000000000027,0.0035843999999999997,-0.0010854,0.0017958000000000002,-0.0022920999999999996,0.0037228999999999995,-0.0031066999999999996,-0.001732,0.00022230000000000015,0.003222099999999999,-0.0010038,-0.0045136999999999998,0.0023136000000000003,0.0023134000000000002,-0.00076029999999999999,-0.0031453000000000002,0.0052135000000000003,-0.0016366000000000002,0.0032905,-0.0021023000000000005,-0.0002266000000000002,-0.0081648999999999992,0.00060260000000000001,0.0095429,-0.0032741999999999997,-0.0030023000000000003,0.0071935999999999996,-0.00099449999999999972,-0.0038725000000000001,0.0042704000000000006,-0.00010519999999999996,0.0057044000000000001,0.0037267000000000003,-0.00074529999999999985,0.0073252000000000005,-0.017411099999999999,0.0028019,-0.011272600000000001,-0.0070413999999999997,-0.0037640000000000004,0.0046207999999999996,-0.0018462000000000001,0.0010217,0.0023714000000000001,-0.0021894999999999996,-0.0051797999999999992,-0.0023080000000000002,-0.0014233,-0.000959,-0.0034751999999999995,0.0021269000000000001,0.00059230000000000003,0.00029979999999999991,0.00047500000000000011,-0.0044989000000000001,-0.0014831,0.00082530000000000017,0.0020057,0.00092850000000000007,0.0026069999999999999,-0.00031599999999999977,-0.00042820000000000011,0.0029957,-0.0061395,0.0013763,0.00013310000000000015,-0.00098200000000000088,0.0030773999999999997,0.0026578999999999999,0.00096430000000000007,0.0036051999999999998,0.00046429999999999996,0.0018338,-0.0041809000000000004,-0.00026800000000000012,0.011362999999999998,0.00051789999999999974,0.00062969999999999986,0.0027683000000000004,0.00074050000000000027,-0.0028931,0.00019560000000000009,-0.0052391,0.0075446999999999997,-0.0050717000000000002,-0.0004167000000000001,-0.00045220000000000004,-0.0038150999999999997,-0.0070074000000000004,0.0031437000000000001,-0.0041641000000000004,0.0067858000000000007,0.0114267,-0.00034830000000000017,0.0083476000000000002,-0.0151623,-0.0018650999999999993,-6.7999999999999484e-06,0.00064399999999999993,0.00065129999999999984,0.0052747999999999996,-0.002838499999999999,0.0025319999999999995,-0.00028869999999999992,0.0037175999999999997,0.00045830000000000003,-9.0499999999999977e-05,0.0021243999999999998,-0.0010399999999999999,0.0010853,0.0027623999999999999,-0.0001323000000000001,-0.0014633000000000001,-0.0011691000000000002,0.0010974000000000001,0.00048930000000000002,-0.00074360000000000008,-0.0028976999999999996,0.0017859999999999998,-0.0038542999999999997,-0.00055509999999999978,-0.0027324999999999997,0.0023361000000000002,-0.0024035000000000003,0.00053429999999999992,0.00044660000000000001,0.00013910000000000007,-0.00028720000000000004,-0.0027181999999999996,-0.0016955,-0.0018414000000000002,0.0028837999999999997,-0.0022704999999999995,0.0028330999999999999,0.0025941999999999996,-0.0037732999999999998,-0.0021802000000000002,0.0020835000000000003,0.0016286,0.0011298999999999999,-0.00076090000000000001,0.0048644000000000005,0.0038675999999999997,-0.0025493,0.00013040000000000008,-0.0052150999999999994,-0.0016100999999999999,0.0018572,-0.00042849999999999963,-0.00060319999999999992,0.0027780999999999999,-0.0052314000000000006,0.00044200000000000001,-0.0031177999999999996,0.0015526000000000001,0.012501200000000001,-0.0001500999999999998,0.0025268999999999999,0.0041884000000000001,-0.0015054000000000003,-0.00013320000000000004,-0.00012259999999999989,-0.00021450000000000006,-0.00095419999999999977,0.0007785,-0.0010181999999999999,-0.00035860000000000004,7.3299999999999966e-05,0.00010780000000000005,-0.00068849999999999998,0.0013291999999999998,0.00064200000000000021,0.00075659999999999996,0.0028433,-0.0019183,-0.0030860999999999996,-0.0013430999999999998,-0.0017707000000000001,0.00097340000000000002,4.6999999999999787e-06,-0.0017616999999999997,0.0010707,-0.00085729999999999997,-0.0037686999999999998,-0.0023159000000000001,-0.00093149999999999982,0.0022909999999999996,0.0030302999999999997,-0.0016668,0.00066360000000000008,-0.0017561,-0.0016025000000000004,0.0021243,0.00032679999999999997,-0.00057849999999999991,0.003570499999999999,0.0014040000000000001,-0.0020111,0.0016884000000000001,-0.0017003000000000001,-0.0021909999999999998,-0.0035068,-0.0025951000000000004,0.0016080000000000001,-0.0021137999999999999,-0.0028510999999999996,-0.00025989999999999997,-0.0025749999999999992,0.00073379999999999995,0.0016145,-0.0022060999999999999,0.001304,0.0037575,-0.00085070000000000024,0.0021945000000000003,-0.0019387999999999996,-0.00064939999999999996,0.0020157,0.0037594,0.0026873999999999999,0.0023131000000000002,-0.0029376000000000003,0.0036636999999999998,-0.0030211000000000005,-0.0058637999999999997,0.00034840000000000023,-0.0066003999999999993,0.0038476000000000001,0.00011159999999999989,0.00071619999999999995,-0.0015935999999999997,-0.0019963999999999997,0.00080329999999999985,1.460000000000003e-05,0.0016682999999999997,0.0012643999999999999,-0.00058510000000000007,0.00091430000000000005,-0.0007161,-0.00048429999999999995,0.0018014999999999999,-0.00042059999999999998,-0.0030705999999999997,0.00024100000000000006,2.4299999999999994e-05,0.0014304999999999999,0.00076150000000000002,-0.0010798000000000001,0.00095060000000000001,-0.0004130999999999998,-0.0014875999999999999,-0.00089039999999999996,0.00096749999999999983,0.00072829999999999998,-0.0014603000000000001,0.00031760000000000002,0.00024370000000000007,0.00033789999999999997,-0.00086589999999999996,-0.00032239999999999998,-0.0010410999999999999,0.0018484999999999999,0.0014637000000000001,0.0013887000000000001,-0.0013833999999999999,-6.5899999999999976e-05,-0.00020200000000000011,-0.0024087999999999996,-0.00063310000000000005,-0.0007392999999999997,0.0023933000000000001,0.0012977000000000002,0.0011303000000000003,0.0022643999999999997,0.0023972000000000004,-0.0029318999999999999,-0.00070659999999999994,2.8600000000000248e-05,4.659999999999994e-05,-0.0003481,0.0012293999999999999,-0.00034440000000000002,-0.0023640000000000006,-0.00075719999999999997,0.00034849999999999996,-0.0012361999999999998,-0.0009859999999999999,0.0036293999999999992,0.00025790000000000003,0.0030168,0.00066060000000000055,-0.00066209999999999999,-0.00093369999999999998,0.0021297,0.0017921,0.0034670999999999999,8.400000000000009e-05,0.0025320999999999998,0.0053458000000000004,-0.0033554000000000001,-0.0017391999999999998,-0.00089079999999999986,-0.00042299999999999977,-0.00087080000000000013
aug_between_class_right_pair0024_child07,TLE,1,1,Augmented,0,0,0,0,0,0.26568560000000002,2.0077647999999999,-1.9999999999999999e-07,0,0,0.95633820000000003,0,0.050518599999999997,-0.14468339999999999,0.0200942,0.10118579999999999,-0.0727048,0.074683799999999995,0.0089671999999999998,0.00098979999999999945,-0.0109914,-0.1072992,0.36804339999999997,-0.087885599999999994,-0.051907200000000001,0.079300599999999999,0.0011780000000000002,-0.022843199999999998,0.00050059999999999992,-0.06928999999999999,0.030739799999999998,0.025615000000000002,-0.037758199999999999,0.0056413999999999995,-0.087500400000000006,0.0067789999999999994,0.047332800000000001,-0.017284200000000003,0.0043343999999999987,0.007151399999999997,-0.035416799999999998,0.048353799999999995,-0.060222000000000005,-0.026312799999999997,0.105491,-0.026634000000000001,0.1907874,-0.042099600000000001,0.012283800000000001,-0.0076729999999999993,-0.010357000000000002,-0.0070735999999999985,-0.010435200000000002,0.041831600000000004,-0.0100064,-0.0054932000000000002,-0.0135368,-0.028728199999999999,0.020184000000000001,0.032126200000000001,0.017694600000000001,0.013777600000000001,-0.010460400000000002,-0.0014112,0.027057799999999996,-0.041258999999999997,0.0187306,-0.0023507999999999997,0.013157800000000002,0.040891200000000003,-0.077123399999999995,-0.015617599999999999,-0.021809800000000001,-0.025975199999999997,0.031936000000000006,-0.00060780000000000003,0.00045760000000000012,0.015142000000000001,0.014638400000000003,0.00012799999999999964,-0.0010835999999999997,0.0063179999999999998,0.0056519999999999999,-0.00066759999999999996,0.0093422000000000002,0.0050077999999999998,-0.015802999999999998,0.0053679999999999995,-0.004032599999999999,0.0029715999999999983,-0.0076649999999999999,-0.0086950000000000013,0.0191104,-0.011495999999999999,-0.0038801999999999999,-0.0056202000000000014,-0.0089476,-0.0034223999999999999,-0.014671399999999999,-0.0034843999999999995,0.013175800000000001,-0.0089318000000000002,0.0073986,0.0059968,0.0020508000000000002,0.019348999999999998,-0.008909799999999999,-0.0039927999999999995,0.00057279999999999994,-0.0049781999999999995,-0.011239200000000001,0.014613599999999999,-0.001614,-0.0087536000000000003,-0.0018210000000000001,0.0082850000000000007,-0.0049485999999999992,-0.0066328000000000003,0.010189399999999999,0.011387399999999999,0.0028414,0.0026805999999999996,0.0059069999999999999,-0.0085570000000000004,0.0022443999999999997,-0.013209799999999999,0.012674400000000001,-0.0020030000000000004,-0.00027740000000000056,0.015453399999999999,-0.014423800000000001,0.0042266000000000005,-0.0083727999999999997,-0.00044699999999999948,0.0088030000000000001,0.011114199999999999,-0.010247800000000001,0.0053828000000000001,-0.017159999999999998,-0.0067905999999999999,-0.0201806,-0.003947,0.010052599999999998,0.0039001999999999995,0.0042462000000000003,-0.0038595999999999999,-0.0018296000000000002,-0.0018258000000000003,-0.0017166,0.0013231999999999999,0.00048000000000000023,0.0023032,-0.0075855999999999996,0.0035295999999999999,-0.0031384,0.0030724000000000003,0.0018703999999999999,0.0014112,0.0010154000000000001,0.0010274000000000001,-0.00089559999999999987,-0.0016152,-0.0021127999999999997,0.0004314000000000004,-0.0052553999999999995,-0.0074777999999999997,0.0110556,0.0017526000000000002,-0.0013231999999999999,-0.0035326000000000003,-0.0025936000000000002,-0.0075247999999999999,-0.0045398000000000001,-0.0069915999999999989,0.0030171999999999998,0.0025912000000000001,0.0084241999999999997,0.0076793999999999994,-0.0102156,-0.0011226000000000003,0.012337399999999998,-0.0035566000000000009,0.0028758000000000004,0.0020269999999999993,-0.0102738,-0.0048900000000000002,-0.016187799999999999,0.0026860000000000005,0.0016181999999999998,-0.0048047999999999997,0.0118774,-0.0049990000000000008,-0.00034279999999999988,-0.00083880000000000001,-0.0045256000000000003,-0.0012279999999999999,0.0019735999999999998,0.0049142000000000005,0.0010108000000000001,-0.0054549999999999998,-0.0018644000000000006,-0.00061360000000000017,-0.00057700000000000004,-0.00026880000000000019,0.0036686000000000002,-0.0011546,0.0013332000000000001,-0.0025764,0.0039555999999999992,-0.0027687999999999996,-0.0018490000000000002,0.00022620000000000019,0.0039933999999999994,-0.0010132000000000001,-0.0043237999999999992,0.0018603999999999999,0.0025966000000000001,-0.00077920000000000007,-0.0033991999999999998,0.0053170000000000005,-0.0021034000000000005,0.0028019999999999994,-0.0026272000000000005,-3.1400000000000004e-05,-0.0080025999999999986,0.00050739999999999997,0.0099226000000000002,-0.0033038,-0.0032372,0.0075263999999999999,-0.0012989999999999994,-0.003666,0.0048006000000000004,-0.00083080000000000024,0.0061926000000000004,0.0029388000000000001,-0.0011362000000000002,0.0070557999999999992,-0.018253400000000003,0.0022115999999999993,-0.012324400000000001,-0.0068116000000000001,-0.0038260000000000004,0.0048582,-0.0020468000000000001,0.00083379999999999988,0.0028256000000000002,-0.0025909999999999996,-0.0052452000000000002,-0.0022170000000000002,-0.0014922,-0.00082299999999999984,-0.0038478000000000002,0.0024986000000000006,0.00029719999999999963,0.00060420000000000005,0.00038299999999999999,-0.0042335999999999997,-0.0016884000000000001,0.00049019999999999988,0.0018028,0.00082699999999999961,0.0029460000000000003,-0.00052899999999999996,-0.00029879999999999989,0.0028897999999999997,-0.0061379999999999994,0.0012731999999999999,0.00012840000000000009,-0.00046000000000000034,0.0032175999999999997,0.0025986,0.00084420000000000003,0.0037597999999999998,-3.2800000000000289e-05,0.0019302,-0.0040396,-2.9999999999999862e-05,0.011781,0.0006736,0.00085780000000000003,0.0020421999999999997,0.00033200000000000005,-0.0023934,2.8399999999999931e-05,-0.0055664,0.0079248000000000009,-0.0046578000000000001,-0.00045980000000000001,-0.00044280000000000014,-0.0046194000000000001,-0.0070045999999999997,0.0031358000000000002,-0.0043054,0.0068012000000000003,0.0110148,-5.41999999999998e-05,0.0077083999999999989,-0.015752199999999997,-0.0022734000000000001,0.00022580000000000028,0.00064300000000000002,0.0009362000000000002,0.0054261999999999991,-0.0030959999999999998,0.0025279999999999999,-0.00041080000000000001,0.0036684,0.00047520000000000006,-0.00034400000000000001,0.0021856000000000002,-0.00080499999999999983,0.0011362,0.0029246000000000003,0.00015180000000000027,-0.0015692000000000002,-0.0010633999999999999,0.00065759999999999961,0.00045319999999999996,-0.00071940000000000003,-0.0032327999999999996,0.0017639999999999999,-0.0038452,-0.0010234,-0.002689,0.0023854000000000002,-0.0023620000000000004,0.0005082000000000001,0.00049840000000000008,-0.00015060000000000008,-0.00020080000000000011,-0.0029428000000000002,-0.0017240000000000001,-0.0015835999999999999,0.0032862000000000004,-0.0025200000000000001,0.0031373999999999998,0.0027368000000000002,-0.0043032000000000001,-0.0020278000000000002,0.0018519999999999999,0.0020174000000000004,0.0011436,-0.0005755999999999999,0.0045516000000000003,0.0039194,-0.0024321999999999998,-0.00018740000000000019,-0.0054993999999999998,-0.0016554,0.0018308,-0.00096700000000000041,-0.00097880000000000016,0.0028184,-0.0054006000000000002,0.00042499999999999992,-0.0033131999999999997,0.0017464000000000002,0.0131968,-0.00043840000000000025,0.0019415999999999995,0.0039865999999999999,-0.0016386000000000003,-0.00011680000000000002,-0.00032540000000000005,-0.00021100000000000003,-0.0010428,0.00077300000000000014,-0.00079079999999999981,-0.00029239999999999995,9.8200000000000002e-05,2.3199999999999968e-05,-0.00076100000000000007,0.0014708,0.00039199999999999999,0.0010154000000000003,0.0028392000000000001,-0.0022842000000000001,-0.0033924000000000003,-0.0013394000000000001,-0.0018008,0.00084259999999999999,7.2800000000000008e-05,-0.0020378000000000002,0.0010548000000000001,-0.00098420000000000018,-0.0043137999999999996,-0.0026306000000000003,-0.00096599999999999984,0.0025509999999999999,0.0032082,-0.0017182,0.00052039999999999986,-0.0018103999999999998,-0.0014350000000000001,0.0020762000000000003,0.00040819999999999995,-0.00065399999999999996,0.0040889999999999998,0.001258,-0.0021354000000000004,0.0013975999999999997,-0.0016811999999999999,-0.0024650000000000002,-0.0037902000000000005,-0.0027934000000000001,0.0016069999999999999,-0.0018741999999999999,-0.0029963999999999998,-0.00034460000000000003,-0.0029240000000000004,0.00090320000000000049,0.0015679999999999999,-0.0022964000000000001,0.0012329999999999999,0.0041330000000000004,-0.00045779999999999964,0.0021329999999999999,-0.0023682000000000004,-0.00077660000000000012,0.0021958000000000004,0.0040986,0.0028616000000000002,0.0019854,-0.0029193999999999999,0.0039848000000000001,-0.0026924000000000002,-0.0055461999999999994,-5.3400000000000105e-05,-0.0062176000000000002,0.0038294000000000002,0.00028439999999999997,0.00082180000000000003,-0.0017443999999999997,-0.0020385999999999998,0.0010042,-3.8599999999999962e-05,0.0017932,0.0012356000000000001,-0.00050739999999999997,0.00088919999999999993,-0.00078839999999999997,-0.0004772,0.0019009999999999999,-0.00056240000000000001,-0.0032324000000000003,0.00021199999999999995,-2.5800000000000085e-05,0.0014580000000000001,0.00057299999999999994,-0.0010412000000000002,0.0011094000000000002,-0.00061740000000000005,-0.0016004000000000001,-0.0010005999999999999,0.001044,0.0011002000000000004,-0.0016502000000000001,0.0003614,0.00016479999999999999,0.00026659999999999992,-0.0010076,-0.00041260000000000011,-0.0010434000000000001,0.0020430000000000001,0.0015568000000000001,0.0017288000000000004,-0.0016216,-0.00025560000000000009,-7.300000000000004e-05,-0.0025062000000000001,-0.00052939999999999997,-0.00086519999999999989,0.0025642,0.0013408000000000001,0.00089819999999999982,0.0021435999999999998,0.0024467999999999998,-0.0031356000000000001,-0.00095540000000000013,-0.00030860000000000013,0.00026840000000000013,-0.00040940000000000003,0.0013776000000000001,-0.00021559999999999993,-0.0026310000000000005,-0.00088180000000000008,0.000272,-0.0014207999999999998,-0.00094800000000000006,0.0040006,0.00023559999999999998,0.0034971999999999998,0.00032439999999999986,-0.0006203999999999999,-0.00066879999999999956,0.0019717999999999997,0.0021733999999999998,0.0037604000000000001,0.00010400000000000014,0.0026254,0.0058912000000000009,-0.0034146000000000003,-0.0021638,-0.0011122000000000003,-0.00071100000000000004,-0.0012872000000000003
aug_between_class_right_pair0024_child08,TLE,1,1,Augmented,0,0,0,0,0,0.26214130000000002,2.0094848999999999,-9.999999999999989e-08,0,0,0.9544146,0,0.050055299999999997,-0.14637320000000001,0.019912100000000002,0.1023284,-0.074423400000000001,0.074619400000000002,0.008385100000000003,0.00024689999999999998,-0.0102287,-0.10786409999999999,0.3728862,-0.085841299999999995,-0.050474599999999994,0.076862800000000009,4.8500000000000799e-05,-0.023408599999999998,-8.0699999999999956e-05,-0.068219500000000002,0.032290899999999997,0.024116000000000002,-0.038474599999999998,0.0051121999999999999,-0.088089200000000006,0.0053119999999999973,0.047354900000000005,-0.018729100000000002,0.0041776999999999995,0.0038071999999999993,-0.0341044,0.0501739,-0.060450000000000004,-0.020349899999999994,0.10136500000000001,-0.023128500000000003,0.1918087,-0.0454098,0.012352399999999999,-0.0082655000000000003,-0.0106505,-0.0065517999999999974,-0.010020600000000001,0.042184300000000001,-0.0097222000000000003,-0.0056426000000000002,-0.0133674,-0.029733100000000002,0.020977000000000003,0.032345100000000002,0.016554300000000001,0.0145658,-0.0112207,-0.0013650999999999997,0.026618900000000001,-0.041436500000000001,0.018599299999999999,-0.0020598999999999995,0.014420400000000002,0.040223099999999998,-0.078339699999999998,-0.015157299999999999,-0.022497899999999998,-0.023946599999999998,0.031482000000000003,-0.00060789999999999998,0.0008453,0.016025500000000002,0.014650699999999999,-0.00041349999999999981,-0.0010133000000000008,0.0061495000000000005,0.0053239999999999997,-0.00042629999999999925,0.0093121000000000002,0.0052763999999999997,-0.015969999999999998,0.0059864999999999996,-0.0047137999999999989,0.0017882999999999996,-0.0078574999999999999,-0.0091765000000000006,0.017567199999999998,-0.0112505,-0.0037290999999999999,-0.0077536000000000002,-0.0092732999999999999,-0.0035236999999999994,-0.014578199999999999,-0.0030451999999999996,0.012572400000000001,-0.007937399999999999,0.0071508000000000006,0.0063029000000000002,0.0025379000000000001,0.018982499999999999,-0.0085824000000000004,-0.0040378999999999988,0.00036589999999999984,-0.0051656000000000002,-0.0112026,0.015070299999999998,-0.0017144999999999999,-0.0089803000000000001,-0.0021974999999999998,0.0085714999999999993,-0.0042012999999999998,-0.0066423999999999997,0.011034700000000001,0.0105632,0.0027472,0.0022472999999999998,0.0056310000000000006,-0.0081080000000000006,0.0021121999999999998,-0.013651400000000001,0.012926200000000001,-0.0028995000000000002,0.00057280000000000005,0.0150362,-0.014737400000000001,0.0043518000000000003,-0.0080844000000000003,-0.00021299999999999965,0.0081525,0.0105586,-0.0098909000000000011,0.0044868999999999994,-0.017672,-0.0057783000000000001,-0.0210213,-0.0036034999999999999,0.0092208000000000012,0.0034286000000000004,0.0038985999999999999,-0.0031727999999999995,-0.0020652999999999999,-0.0019483999999999999,-0.0018323,0.0010845999999999998,0.0010445000000000003,0.0020771000000000001,-0.0073413000000000003,0.0034583000000000001,-0.0031472000000000002,0.0034827,0.0016952,0.0014131,0.00098820000000000006,0.0014767000000000001,-0.00037279999999999995,-0.0019215999999999999,-0.0026648999999999996,0.0011642,-0.0051786999999999996,-0.0074089000000000004,0.011320800000000002,0.0016347999999999998,-0.0011321,-0.0038423000000000003,-0.0029153,-0.0075769000000000001,-0.0040678999999999993,-0.0061358000000000003,0.0028016,0.0029251000000000004,0.008412600000000001,0.0071417,-0.0105203,-0.0012743000000000001,0.0125767,-0.0043373000000000005,0.0031489000000000005,0.00067949999999999868,-0.0105664,-0.005705,-0.016139899999999999,0.0030195000000000005,0.0012045999999999999,-0.0027003999999999999,0.011134199999999999,-0.0055050000000000003,-0.00017040000000000002,-0.0010064000000000004,-0.0045993000000000006,-0.00073499999999999998,0.0019897999999999999,0.0052791000000000001,0.0011528999999999999,-0.0054689999999999999,-0.0022526999999999998,-0.0005883000000000008,-0.00063449999999999986,-0.00079190000000000011,0.0037527999999999997,-0.0012238000000000001,0.00087060000000000002,-0.0028606999999999999,0.0041882999999999998,-0.0024308999999999993,-0.0019660000000000003,0.00023010000000000023,0.0047646999999999993,-0.0010226,-0.0041338999999999994,0.0014071999999999999,0.0028798000000000001,-0.00079809999999999994,-0.0036531000000000003,0.0054205,-0.0025702000000000003,0.0023135,-0.0031520999999999997,0.00016379999999999997,-0.0078403000000000014,0.00041219999999999999,0.0103023,-0.0033333999999999994,-0.0034721000000000001,0.0078592000000000002,-0.0016034999999999995,-0.0034594999999999999,0.0053308000000000001,-0.0015564000000000005,0.0066807999999999998,0.0021508999999999999,-0.0015271,0.0067863999999999997,-0.0190957,0.0016212999999999993,-0.013376200000000001,-0.0065817999999999996,-0.0038880000000000004,0.0050956000000000005,-0.0022474000000000001,0.00064590000000000003,0.0032798000000000002,-0.0029924999999999995,-0.0053105999999999995,-0.0021259999999999999,-0.0015610999999999999,-0.00068699999999999989,-0.0042204,0.0028703000000000005,2.0999999999996716e-06,0.00090860000000000008,0.00029100000000000003,-0.0039682999999999993,-0.0018937000000000003,0.00015509999999999998,0.0015998999999999998,0.00072549999999999958,0.0032850000000000002,-0.00074199999999999982,-0.00016939999999999989,0.0027838999999999997,-0.0061364999999999996,0.0011701000000000001,0.00012370000000000003,6.1999999999999989e-05,0.0033577999999999998,0.0025393,0.00072409999999999998,0.0039144000000000002,-0.00052990000000000003,0.0020265999999999999,-0.0038982999999999999,0.00020799999999999996,0.012199,0.00082929999999999994,0.0010859000000000003,0.0013161,-7.6500000000000396e-05,-0.0018936999999999999,-0.00013880000000000007,-0.0058937,0.0083049000000000005,-0.0042439000000000001,-0.00050290000000000014,-0.00043340000000000023,-0.0054237000000000009,-0.0070018000000000007,0.0031279000000000003,-0.0044467000000000005,0.0068166000000000008,0.0106029,0.00023990000000000008,0.0070692000000000003,-0.016342099999999998,-0.0026817000000000004,0.0004584000000000003,0.00064199999999999999,0.0012211000000000001,0.0055775999999999985,-0.0033534999999999997,0.0025240000000000002,-0.0005329,0.0036191999999999995,0.00049209999999999987,-0.00059749999999999983,0.0022468000000000002,-0.00056999999999999998,0.0011871,0.0030868000000000002,0.00043590000000000008,-0.0016751000000000001,-0.00095770000000000013,0.00021779999999999998,0.0004171,-0.00069519999999999998,-0.0035679000000000002,0.0017420000000000001,-0.0038361000000000003,-0.0014917000000000001,-0.0026454999999999998,0.0024347000000000001,-0.0023205000000000005,0.00048210000000000006,0.00055019999999999993,-0.00044030000000000002,-0.00011439999999999996,-0.0031674000000000003,-0.0017524999999999999,-0.0013258,0.0036886000000000002,-0.0027694999999999998,0.0034417000000000002,0.0028793999999999998,-0.0048330999999999999,-0.0018754000000000002,0.0016205,0.0024062000000000003,0.0011573,-0.00039029999999999989,0.0042388,0.0039711999999999994,-0.0023151000000000001,-0.00050520000000000003,-0.0057836999999999993,-0.0017006999999999999,0.0018044000000000001,-0.0015055000000000003,-0.0013544000000000002,0.0028587,-0.0055698000000000015,0.00040799999999999994,-0.0035086000000000002,0.0019402000000000002,0.013892400000000001,-0.00072670000000000005,0.0013563,0.0037847999999999996,-0.0017718000000000002,-0.0001004,-0.00052819999999999994,-0.00020749999999999979,-0.0011313999999999999,0.00076750000000000006,-0.00056339999999999993,-0.0002262,0.00012310000000000001,-6.1400000000000002e-05,-0.00083349999999999993,0.0016123999999999999,0.00014199999999999998,0.0012742000000000001,0.0028351000000000001,-0.0026500999999999999,-0.0036987000000000001,-0.0013357,-0.0018308999999999999,0.00071180000000000006,0.00014090000000000004,-0.0023138999999999998,0.0010389000000000002,-0.0011111000000000001,-0.0048588999999999993,-0.0029452999999999997,-0.0010004999999999999,0.0028109999999999997,0.0033861,-0.0017696000000000001,0.00037720000000000006,-0.0018647,-0.0012675,0.0020280999999999997,0.00048960000000000008,-0.00072950000000000001,0.0046075000000000005,0.0011120000000000001,-0.0022597000000000003,0.0011068,-0.0016620999999999997,-0.0027390000000000001,-0.0040736000000000001,-0.0029917000000000008,0.001606,-0.0016345999999999999,-0.0031416999999999999,-0.00042929999999999997,-0.0032729999999999999,0.0010725999999999997,0.0015215000000000001,-0.0023867000000000003,0.0011619999999999998,0.0045085000000000004,-6.4899999999999897e-05,0.0020714999999999996,-0.0027976000000000003,-0.00090380000000000007,0.0023758999999999998,0.0044377999999999996,0.0030358000000000004,0.0016576999999999998,-0.0029012000000000005,0.0043058999999999997,-0.0023636999999999998,-0.0052285999999999999,-0.00045520000000000022,-0.0058347999999999994,0.0038111999999999998,0.00045719999999999984,0.0009274000000000001,-0.0018952000000000001,-0.0020807999999999998,0.0012051,-9.1799999999999955e-05,0.0019181000000000003,0.0012068000000000001,-0.00042969999999999998,0.00086410000000000002,-0.00086070000000000005,-0.00047009999999999999,0.0020005000000000001,-0.00070419999999999999,-0.0033942,0.000183,-7.5900000000000056e-05,0.0014854999999999998,0.00038449999999999997,-0.0010026000000000002,0.0012682000000000001,-0.00082170000000000008,-0.0017132,-0.0011107999999999999,0.0011205,0.0014721000000000003,-0.0018401000000000001,0.00040520000000000004,8.5899999999999987e-05,0.00019529999999999998,-0.0011493,-0.00050279999999999997,-0.0010456999999999999,0.0022374999999999999,0.0016499000000000002,0.0020689000000000003,-0.0018598,-0.00044530000000000004,5.5999999999999898e-05,-0.0026035999999999998,-0.00042569999999999999,-0.00099109999999999997,0.0027351000000000003,0.0013839,0.00066609999999999998,0.0020227999999999999,0.0024964000000000002,-0.0033392999999999999,-0.0012042000000000003,-0.00064580000000000008,0.00049020000000000021,-0.0004707,0.0015257999999999999,-8.6799999999999941e-05,-0.0028980000000000013,-0.0010064000000000002,0.00019550000000000004,-0.0016054000000000003,-0.00091,0.0043717999999999995,0.00021329999999999998,0.0039775999999999995,-1.1799999999999962e-05,-0.00057869999999999981,-0.00040390000000000001,0.0018138999999999998,0.0025547,0.0040537000000000004,0.00012400000000000009,0.0027186999999999997,0.0064366000000000007,-0.0034738,-0.0025883999999999998,-0.0013336000000000001,-0.00099899999999999989,-0.0017036000000000006
aug_between_class_right_pair0025_child01,Healthy,0,0,Augmented,0,0,0,0,0,0.30721320000000002,2.1452021999999999,8.9999999999999996e-07,-2.7e-06,0,1.0579024000000001,0,0.033031400000000002,-0.13896429999999999,0.018246100000000001,0.080469100000000002,-0.09837499999999999,0.088857199999999997,-0.009540400000000001,0.0047958000000000002,-0.014571000000000001,-0.085911000000000001,0.35845749999999998,-0.050762300000000003,0.002979299999999999,0.048849300000000005,0.0284826,-0.016840000000000001,-0.0006014000000000002,-0.055597100000000003,0.012699800000000001,0.021649599999999998,-0.0487637,0.0042196999999999998,-0.09726570000000001,0.019280099999999998,0.046937899999999998,-0.023185999999999998,0.0079889000000000002,-0.00068219999999999913,-0.044584200000000004,0.042922799999999997,-0.072111000000000008,-0.005188199999999997,0.096133800000000005,-0.019890000000000001,0.20156290000000002,-0.068906200000000001,0.0047565000000000003,-0.0060424000000000007,-0.017278200000000001,-0.0127756,0.0041286999999999999,0.035182900000000003,-0.0031527999999999999,-0.0082796999999999992,-0.0066145000000000006,-0.017563499999999999,0.015522899999999999,0.037616200000000002,0.0196426,0.016162900000000001,-0.012886199999999999,0.0062646999999999989,0.012291400000000001,-0.046254799999999999,0.0026486999999999999,-0.0049510000000000005,0.00087810000000000015,0.017554199999999999,-0.093131999999999993,-0.005705,-0.021876800000000002,0.0072336999999999992,0.0091461000000000008,0.0019290000000000002,0.0011307000000000001,0.021322999999999998,0.010792699999999999,0.0016651000000000001,-0.010075600000000001,0.0070768000000000003,0.010503599999999998,-0.0030321000000000002,-0.00091619999999999983,0.0084673999999999999,-0.019981800000000001,0.00029550000000000019,0.0079031999999999991,0.0115554,-0.0106882,-0.017763400000000002,0.0097132999999999994,-0.018654500000000001,-0.0086099999999999996,-0.0047278999999999993,-0.00068139999999999997,0.0026289,-0.011526100000000001,0.0011811,0.0020555,-0.0099379999999999989,0.0017748,0.019536100000000001,0.016928100000000001,0.023672100000000001,-0.0188118,0.0027426,4.6000000000000034e-06,-0.0025783999999999998,-0.0092869000000000007,0.012845500000000001,-0.0040693999999999999,-0.0022361999999999998,-0.00031949999999999991,0.0068459000000000002,-0.0044703,-0.0022179999999999999,0.0106271,0.014929899999999999,0.0038766999999999999,-0.0006929000000000002,0.0071741000000000001,-0.0019798000000000003,0.006399199999999999,-0.0045397000000000007,0.013377199999999999,-0.0047230999999999992,-0.0037478999999999998,0.0055048000000000007,-0.0062407999999999995,0.0066272999999999992,-0.0125904,-0.0047822999999999997,0.011497799999999999,-0.0012994,-0.0099655999999999998,-0.0024732000000000001,-0.0208081,0.0037289999999999997,-0.0090350000000000014,-0.0060516000000000007,0.0014524999999999998,-0.00099150000000000019,0.00064459999999999973,0.0068825000000000006,-0.0057963000000000008,0.0010528,-0.00048310000000000003,-0.0029143000000000003,0.0038851000000000003,-0.00034100000000000016,-0.0016343999999999998,-0.00093859999999999972,-0.0037738999999999997,0.0006581,-0.0016375999999999999,0.0031951999999999996,0.0025133999999999998,0.00096860000000000002,-0.0045066000000000004,-0.0011343,-0.0028190000000000003,0.00063330000000000049,-0.011284099999999998,-0.0021772000000000002,0.0088037000000000011,0.006038,-0.0011087,-0.0027959999999999999,-0.00079670000000000001,-0.0064872000000000003,-0.0032360000000000002,-0.011802399999999999,0.0053223000000000003,-0.0031139000000000006,0.018590500000000003,0.002026,-0.010128999999999999,-0.00097280000000000044,0.014074200000000002,-0.0043292000000000001,0.0030049,-0.00070330000000000045,-0.0067631000000000002,0.00056780000000000003,-0.016020400000000001,-0.00081359999999999994,-0.0026451000000000001,0.0032353999999999994,0.0083748,-4.7799999999999969e-05,-0.0021805000000000001,0.000669,-0.00084569999999999979,-0.0027006999999999999,-0.00019839999999999984,0.0037515000000000005,-0.0016425999999999999,-0.0019268999999999998,0.00081280000000000002,0.0028883000000000003,-0.0021891999999999997,-0.0029708,-0.0015226999999999997,0.0011237999999999999,-0.0037125000000000001,-0.00043760000000000007,-0.00034120000000000005,0.0014147999999999999,-0.00065200000000000002,0.0029602000000000001,0.0017709000000000002,-0.0017101999999999998,-0.0049957000000000005,0.0020480999999999997,0.0041390000000000003,0.0015591000000000001,0.0040236999999999998,0.0096422000000000001,-0.0020403000000000005,0.0015494999999999999,0.0026488000000000002,-0.0044326999999999995,-0.0074400000000000004,-0.0016310000000000001,0.0071419999999999999,0.00022870000000000008,-0.0032017,0.00069199999999999969,0.00083519999999999992,-0.0077984999999999999,-0.00038490000000000052,-0.0025392999999999995,-0.0054529000000000001,0.0067274999999999991,-0.0036611,0.0010614000000000001,-0.0147449,-0.0026197999999999994,-0.0082138999999999997,-0.0014584000000000003,-0.010533900000000001,0.0027913999999999999,-0.0014650000000000002,-0.00049379999999999997,0.00060150000000000004,-0.0020158999999999997,0.0014798000000000001,-1.3599999999999999e-05,-0.00022030000000000002,-0.0027135999999999996,-0.0040279999999999995,0.0011238999999999997,0.0045295000000000005,0.0019728999999999997,0.0019854000000000004,-0.00019219999999999979,-0.0017316,0.0011366,-0.0012392000000000002,-0.0031976000000000001,0.0013091000000000001,0.0043745000000000008,0.0025722000000000002,0.0041363000000000007,-0.0071655999999999994,0.00076110000000000001,0.0013290000000000001,-0.0013152999999999997,0.00058770000000000014,0.0012360000000000001,0.0057507999999999995,0.0042337999999999994,0.00016199999999999998,0.0048429000000000007,-0.0042548999999999998,0.00030460000000000014,0.0053721999999999997,0.00089050000000000023,0.0018777999999999998,-0.0033680000000000003,-1.2000000000000075e-05,0.0013576,-0.0051167000000000018,-0.0038530999999999999,0.0075159000000000007,-0.0061969,0.0025198,-0.0034010000000000004,-0.0017765000000000003,-0.0013602999999999996,0.0015410999999999999,-0.0060991000000000005,0.0010884999999999998,-0.0013815000000000008,0.00047940000000000005,0.0013495999999999998,-0.015567900000000003,0.00086360000000000007,-0.00078699999999999994,1.5999999999999847e-06,0.0024995,0.00092600000000000007,0.0017670999999999995,0.00071730000000000036,9.5599999999999938e-05,0.0012890999999999998,-0.0010283000000000002,0.0017664,0.0014702000000000001,-0.0017168000000000001,0.0025092000000000005,-0.0010326000000000001,-0.0020765000000000002,0.0012726000000000003,0.00087670000000000001,-0.00057049999999999961,0.0029357999999999997,-0.0015015,-0.00039090000000000001,0.00070809999999999992,-0.00028459999999999998,-0.0018115000000000002,-0.0018063999999999997,-0.00084940000000000005,0.0058843000000000003,-0.0014170000000000003,0.00065270000000000009,-0.00068209999999999994,-0.0015524999999999998,-0.00074359999999999997,-0.0018457,-0.0026492,0.0034134,0.00020429999999999998,0.00065410000000000002,0.0060003000000000001,-0.0014253999999999998,-0.00075829999999999995,0.0043654000000000002,0.0013693999999999998,0.00058370000000000004,-0.0016935000000000001,0.003418,0.00081000000000000017,-0.0020433999999999999,-0.0021868999999999994,-0.0012699999999999999,-0.0025087999999999998,-0.0010020000000000001,-0.0022613000000000004,-0.0017519,0.0027534,-0.0034047000000000001,-0.00019149999999999994,-0.0035553,0.0054411000000000008,0.011279300000000001,-0.0063290999999999998,0.0027462000000000003,0.00085349999999999966,-0.0061212999999999997,-7.0899999999999934e-05,0.00080760000000000011,-0.00021579999999999993,0.0032618000000000005,-0.0019047999999999999,0.00020750000000000011,-0.0020866999999999995,0.0011923999999999999,0.00066439999999999999,-0.00056860000000000005,-0.00054129999999999998,0.00013650000000000001,-0.00068150000000000003,-0.00012049999999999989,0.0016012999999999999,-0.0023186999999999999,0.00040880000000000007,-0.0052686,0.0026655000000000003,-0.0002632,-0.00024439999999999998,-0.0010395000000000001,-0.00038350000000000005,-0.0021997000000000002,-0.0010644000000000001,-2.2000000000000365e-06,-0.0017347,0.00028189999999999997,-0.0030684000000000006,0.0045658000000000001,-0.0010414000000000001,-0.0017952999999999999,0.0020030999999999998,0.0035085000000000008,-0.0010710000000000003,0.0029591999999999999,0.0030422000000000001,-0.0025373000000000001,0.0022962,-0.0026179999999999997,-0.0019291,-0.0019017000000000001,0.00064520000000000007,0.0024636000000000003,-0.0025634,-0.0059598999999999989,0.00047829999999999997,-0.0021069000000000001,-0.0050791999999999999,0.0029724999999999999,0.0015620999999999992,0.0046550000000000003,0.0052165000000000007,-0.0034529999999999995,0.00015220000000000001,-0.00074720000000000006,-0.0017037,0.0028613000000000002,0.0042652999999999996,0.0042430000000000002,0.0066055000000000003,-0.0094844999999999999,0.0011377000000000002,-0.0025412,-0.0049645999999999996,0.0042351000000000003,-0.0017285,0.0057692000000000004,0.00062349999999999992,0.0011560000000000001,-0.00054279999999999997,-0.00076800000000000002,-0.0010272999999999999,0.0011679000000000001,-0.001072,-7.2400000000000106e-05,-0.0012951,-0.00024670000000000009,-0.0014808999999999998,-0.00059400000000000002,0.0017800999999999997,-0.0016541000000000001,0.0017683,-0.0011892000000000001,-0.00080790000000000007,-0.00056579999999999998,0.00011269999999999997,-3.5000000000000309e-06,0.0011057,0.00046760000000000014,0.00060720000000000001,-0.0020039999999999997,0.00076730000000000006,0.0015560999999999999,-0.0017950000000000002,0.0030678000000000003,0.0010129000000000002,-0.0012052,-0.00019780000000000004,-9.8099999999999999e-05,-1.1000000000000403e-06,0.00052280000000000013,-0.0016671999999999998,0.00012219999999999983,0.00059699999999999998,-0.0024055999999999999,-0.0012241000000000001,0.0011495000000000001,-0.00069110000000000005,0.00025259999999999996,-0.0017331999999999998,0.00011060000000000009,7.8500000000000065e-05,0.0014368,0.0048089999999999999,-0.0018040999999999999,-0.00099750000000000012,-0.0001729,-0.00013200000000000004,-0.0013174000000000003,0.0026411,-0.0010678,0.0025806000000000002,-0.00027539999999999997,-0.00064729999999999996,0.0032014000000000001,-0.0046552,0.0031913000000000002,-0.00024820000000000007,0.00060190000000000005,0.0028249,0.00046039999999999992,-0.0085537000000000009,0.0063456000000000007,-0.0021437000000000001,0.0016410000000000001,0.0027965999999999998,0.0016416999999999998,0.0031249000000000003,-0.0056611999999999999,-0.0013096,-0.0048766,-0.0025089999999999999,0.0013024
aug_between_class_right_pair0025_child02,Healthy,0,0,Augmented,0,0,0,0,0,0.30575439999999998,2.1553773999999999,7.9999999999999996e-07,-2.3999999999999999e-06,0,1.0490518,0,0.034317800000000002,-0.1407486,0.0193312,0.081310199999999999,-0.095333000000000001,0.085036399999999998,-0.0087697999999999995,0.0045586000000000003,-0.016233000000000001,-0.087350000000000011,0.361757,-0.053913599999999992,0.001692599999999999,0.052631600000000001,0.0261552,-0.016417999999999999,-0.00076580000000000007,-0.054332200000000004,0.016457600000000003,0.0220892,-0.048428399999999996,0.0039684000000000004,-0.096793400000000002,0.018333199999999997,0.044483799999999997,-0.023021,0.0077097999999999984,-0.00046940000000000003,-0.043069400000000001,0.0421406,-0.070385000000000003,-0.0081934000000000035,0.093282600000000007,-0.021722000000000002,0.2039348,-0.067957400000000001,0.0053239999999999989,-0.0054188000000000014,-0.016726399999999999,-0.0121412,0.0041163999999999992,0.034514799999999998,-0.0027805999999999998,-0.0075033999999999995,-0.0073850000000000009,-0.019049,0.015847799999999999,0.036275399999999999,0.020428200000000001,0.016456800000000001,-0.0124724,0.0065263999999999999,0.012573800000000001,-0.046450600000000002,0.0030944000000000002,-0.0039579999999999997,0.00092920000000000025,0.018456399999999998,-0.090806999999999999,-0.0065379999999999995,-0.022542599999999999,0.005496400000000002,0.0095461999999999995,0.0014660000000000001,0.0008833999999999999,0.020909999999999998,0.011400400000000002,0.0015072,-0.010028199999999999,0.0067946000000000005,0.010106199999999999,-0.0029432,-0.0010903999999999996,0.0090678000000000009,-0.0191916,0.0020999999999999994,0.0078793999999999999,0.0104828,-0.0115814,-0.017995800000000003,0.0095046000000000002,-0.018904000000000001,-0.0083630000000000006,-0.0044397999999999998,-0.00027779999999999949,0.0034567999999999999,-0.012009200000000001,0.0012722000000000002,0.0017139999999999994,-0.0097399999999999987,0.0035375999999999997,0.021292200000000001,0.0155392,0.024971200000000002,-0.0178076,0.0023032,-0.0003568,-0.0026008000000000003,-0.0092728000000000012,0.012818,-0.0043547999999999998,-0.0024963999999999997,-0.00045399999999999998,0.0063578000000000003,-0.0036815999999999997,-0.0019750000000000002,0.0103062,0.0145348,0.0038893999999999999,-0.00065879999999999997,0.0064212000000000002,-0.0022285999999999999,0.0062404000000000001,-0.0047454000000000003,0.0131144,-0.0043632000000000002,-0.0043108,0.0058776000000000002,-0.0057105999999999997,0.0061195999999999993,-0.011860800000000001,-0.0043426000000000003,0.0124096,-0.0009248000000000008,-0.0089781999999999987,-0.0026303999999999998,-0.0205252,0.0025579999999999995,-0.0082810000000000002,-0.0064412000000000002,4.6999999999999733e-05,-0.00021100000000000009,-0.00082880000000000063,0.0058980000000000013,-0.0051955999999999999,0.00079160000000000005,-0.00063919999999999992,-0.0029846000000000004,0.0039462000000000004,-0.00055300000000000011,-0.0018397999999999999,-0.0010042,-0.0039648000000000001,0.00059919999999999982,-0.0014872000000000002,0.0028294000000000001,0.0029578,0.0017871999999999999,-0.0043271999999999998,-0.0012176000000000001,-0.0031290000000000003,0.00029660000000000038,-0.011282199999999999,-0.0019884,0.0087104000000000001,0.0066730000000000001,-0.00024840000000000002,-0.0027690000000000002,-0.0012444000000000001,-0.0066324000000000001,-0.00281,-0.0115928,0.0048266000000000003,-0.0029968000000000004,0.017737000000000003,0.0026070000000000004,-0.010444,-0.0011106000000000004,0.013435400000000002,-0.0037663999999999996,0.0030558000000000004,-0.00053760000000000006,-0.0068731999999999994,0.00056859999999999994,-0.015478800000000001,-0.00012019999999999999,-0.0025022000000000004,0.0032208000000000011,0.0090185999999999999,0.00020740000000000038,-0.0021870000000000001,0.00071400000000000001,-0.00075239999999999986,-0.0027514000000000002,-6.079999999999996e-05,0.0033550000000000003,-0.0015132000000000001,-0.0021127999999999997,0.00077559999999999999,0.0027526000000000004,-0.0020363999999999998,-0.0029166000000000001,-0.0015083999999999996,0.00088559999999999984,-0.0037970000000000005,-0.00060720000000000012,-0.00049340000000000007,0.0013045999999999999,-0.00080999999999999985,0.0033664000000000003,0.0015518000000000001,-0.0014973999999999999,-0.0050054000000000001,0.0014482,0.0040940000000000004,0.0018572000000000005,0.0040414000000000005,0.0096383999999999984,-0.0021786000000000002,0.0013629999999999998,0.0028596000000000003,-0.0046664000000000002,-0.0068120000000000003,-0.0018160000000000003,0.007326,0.0011774000000000001,-0.0035814000000000002,0.0011129999999999998,0.00087539999999999992,-0.0072679999999999984,-0.00038780000000000021,-0.0021046000000000007,-0.0053568000000000001,0.006829,-0.0038901999999999999,0.0018558000000000001,-0.014292800000000001,-0.0025035999999999999,-0.0079018000000000005,-0.0018368,-0.010543800000000001,0.0025577999999999998,-0.001353,-0.00042259999999999997,0.00085800000000000026,-0.0019678,0.0013356000000000002,1.2799999999999999e-05,-0.00035760000000000002,-0.0028442000000000003,-0.0040140000000000002,0.0009588000000000001,0.0044340000000000004,0.0021768,0.0018258000000000003,-0.0002773999999999998,-0.0024312000000000001,0.0011672,-0.0011204000000000006,-0.0030441999999999995,0.0015181999999999999,0.0038260000000000004,0.0027154000000000002,0.0040686000000000012,-0.0071831999999999998,0.00051119999999999985,0.0012360000000000001,-0.0012505999999999997,0.00097340000000000013,0.0011799999999999998,0.0052476000000000007,0.0041305999999999999,2.7999999999999949e-05,0.004415800000000001,-0.0041468,0.0003472000000000002,0.0056673999999999995,0.00056800000000000004,0.0020206,-0.0034500000000000008,0.00056699999999999958,0.00079520000000000068,-0.0045194000000000015,-0.0037941999999999997,0.0074128000000000006,-0.0057987999999999998,0.0025836000000000001,-0.0031090000000000002,-0.0020210000000000002,-0.0019215999999999994,0.0013982000000000001,-0.0053471999999999999,0.00014899999999999983,-0.00062200000000000016,0.00047380000000000002,0.0014332000000000001,-0.0155058,0.00085119999999999998,-0.00076800000000000002,-9.0800000000000025e-05,0.0025600000000000006,0.001371,0.0013231999999999999,0.00063460000000000035,0.00022419999999999997,0.0014221999999999998,-0.00092560000000000006,0.0017488,0.0016584,-0.0021656000000000002,0.0023444,-0.0011372000000000001,-0.0021189999999999998,0.0010992,0.00089240000000000001,-0.0005849999999999998,0.0028406,-0.0014460000000000002,-0.00042379999999999995,0.00059619999999999996,-0.00064420000000000015,-0.0016220000000000002,-0.0015787999999999998,-0.00080880000000000004,0.0053775999999999997,-0.0010530000000000001,0.00080540000000000017,-0.00083219999999999995,-0.001356,-0.00093119999999999997,-0.0019754,-0.0023613999999999996,0.0034677999999999996,0.00038260000000000003,0.00074219999999999993,0.0057386,-0.0012308,-0.0011226000000000001,0.0039908000000000009,0.0013687999999999999,0.00053439999999999998,-0.0011040000000000002,0.0039789999999999999,0.0011449999999999998,-0.0024797999999999999,-0.0027028,-0.001335,-0.0023915999999999998,-0.0010779999999999997,-0.0018005999999999999,-0.0015458000000000002,0.0027838000000000003,-0.0032363999999999995,-0.00032399999999999996,-0.0040086000000000002,0.0053722000000000006,0.010988600000000001,-0.0058172000000000007,0.0026884000000000001,0.00055499999999999994,-0.0061485999999999997,-6.4799999999999949e-05,0.00071420000000000012,-4.7600000000000073e-05,0.0034326000000000005,-0.0019716,0.00023599999999999999,-0.0019563999999999996,0.0011977999999999997,0.00070780000000000007,-0.00067220000000000008,-0.00049660000000000004,0.00016600000000000013,-0.00064000000000000016,4.0000000000000051e-05,0.0012706,-0.0024114000000000002,0.00043960000000000006,-0.0053222000000000009,0.0025739999999999999,-0.00035639999999999999,-0.0003478,-0.00059499999999999993,-0.00051400000000000013,-0.0023703999999999999,-0.0010288000000000001,0.00017759999999999995,-0.0014423999999999999,0.00032180000000000002,-0.0027388000000000004,0.0042826000000000001,-0.00074179999999999992,-0.0019036000000000001,0.0019851999999999999,0.0029050000000000005,-0.00099800000000000019,0.0029353999999999999,0.0028824000000000002,-0.0024415999999999999,0.0023784000000000001,-0.0025390000000000005,-0.0019172,-0.0017704000000000001,0.00057640000000000013,0.0026722000000000004,-0.0026658000000000003,-0.0058008000000000001,0.0005706000000000001,-0.0017848000000000002,-0.0044374000000000002,0.002957,0.0011541999999999995,0.0039699999999999996,0.0047879999999999997,-0.0032539999999999999,9.8400000000000007e-05,-0.00091740000000000018,-0.0015854,0.0025306000000000005,0.0043105999999999995,0.0042630000000000003,0.006333000000000001,-0.0088590000000000006,0.0012883999999999999,-0.0022983999999999999,-0.0044781999999999999,0.0040791999999999998,-0.001511,0.0057353999999999999,0.00048700000000000045,0.0011550000000000002,-0.00057959999999999999,-0.00069099999999999999,-0.00052559999999999998,0.0012668000000000002,-0.001194,0.00022419999999999989,-0.0015092,-0.00020140000000000002,-0.0015618000000000001,-0.00045100000000000001,0.0016541999999999998,-0.0016382,0.0016886000000000002,-0.0012094000000000002,-0.00068980000000000018,-0.00053560000000000001,0.00022340000000000001,-0.00029,0.0013484,0.00026420000000000008,0.00064340000000000013,-0.0021379999999999997,0.00089360000000000004,0.0015981999999999999,-0.001606,0.0028526000000000003,0.00087180000000000005,-0.0010854000000000003,-0.00036760000000000004,-0.0001272,-0.00014320000000000007,0.00067759999999999999,-0.0014223999999999999,0.00017939999999999992,0.00061600000000000001,-0.0023582,-0.0011912000000000001,0.00098200000000000023,-0.0006692,0.00024919999999999999,-0.0015184,-0.00013280000000000008,6.0999999999999965e-05,0.0015716,0.0044710000000000001,-0.0017611999999999999,-0.001297,-0.00021480000000000004,-1.8000000000000004e-05,-0.0012258,0.0024732000000000001,-0.00092859999999999991,0.0024321999999999998,-0.00055679999999999998,-0.00074359999999999997,0.0029767999999999999,-0.0041374000000000003,0.0031696000000000003,-9.7400000000000009e-05,0.00035780000000000002,0.0029508,0.0004728,-0.0081003999999999989,0.0062922000000000004,-0.0017734000000000001,0.0017080000000000001,0.0025842000000000005,0.0016524,0.0033108,-0.0057884,-0.0011322000000000001,-0.0048932000000000003,-0.0028170000000000001,0.0010768000000000002
aug_between_class_right_pair0025_child03,Healthy,0,0,Augmented,0,0,0,0,0,0.3042956,2.1655525999999998,6.9999999999999997e-07,-2.0999999999999998e-06,0,1.0402012,4.1359030627651384e-25,0.035604200000000003,-0.14253289999999999,0.020416299999999998,0.08215130000000001,-0.092290999999999998,0.081215599999999999,-0.0079991999999999997,0.0043214000000000004,-0.017895000000000001,-0.088789000000000007,0.36505650000000001,-0.057064900000000002,0.00040589999999999897,0.056413900000000003,0.0238278,-0.015996,-0.00093019999999999995,-0.053067300000000005,0.020215400000000001,0.022528800000000002,-0.0480931,0.0037171000000000001,-0.096321100000000007,0.0173863,0.042029699999999996,-0.022856000000000001,0.0074307000000000002,-0.00025659999999999919,-0.041554599999999997,0.041358400000000003,-0.068658999999999998,-0.011198600000000003,0.090431399999999995,-0.023554000000000002,0.20630670000000001,-0.067008600000000001,0.0058915,-0.0047952000000000003,-0.016174599999999997,-0.011506800000000001,0.0041040999999999994,0.0338467,-0.0024083999999999998,-0.0067270999999999997,-0.0081554999999999996,-0.020534500000000001,0.016172699999999998,0.034934599999999996,0.021213799999999998,0.0167507,-0.012058599999999999,0.0067880999999999983,0.012856200000000002,-0.046646400000000005,0.0035401,-0.0029649999999999993,0.00098029999999999992,0.0193586,-0.088481999999999991,-0.0073709999999999999,-0.023208400000000001,0.0037590999999999979,0.0099462999999999999,0.001003,0.0006360999999999999,0.020496999999999998,0.012008099999999999,0.0013493000000000001,-0.0099807999999999997,0.0065124000000000007,0.0097088000000000001,-0.0028543000000000002,-0.0012646000000000003,0.0096682000000000001,-0.018401399999999998,0.0039045,0.0078556000000000008,0.0094102000000000005,-0.012474599999999999,-0.0182282,0.009295900000000001,-0.0191535,-0.008116,-0.0041516999999999995,0.00012580000000000013,0.0042846999999999998,-0.0124923,0.0013632999999999996,0.0013724999999999996,-0.0095420000000000001,0.0053004000000000003,0.023048300000000001,0.014150299999999999,0.0262703,-0.0168034,0.0018638000000000001,-0.0007182,-0.0026232,-0.0092586999999999999,0.0127905,-0.0046401999999999997,-0.0027565999999999997,-0.00058849999999999994,0.0058697000000000003,-0.0028928999999999995,-0.001732,0.009985299999999999,0.0141397,0.0039020999999999995,-0.00062469999999999995,0.0056682999999999994,-0.0024774000000000003,0.0060815999999999995,-0.0049510999999999999,0.012851599999999999,-0.0040032999999999996,-0.0048736999999999999,0.0062503999999999997,-0.0051803999999999999,0.0056118999999999995,-0.011131200000000001,-0.0039028999999999999,0.013321400000000001,-0.00055019999999999895,-0.0079907999999999993,-0.0027875999999999999,-0.020242299999999998,0.0013869999999999976,-0.0075270000000000016,-0.0068308000000000006,-0.0013585000000000003,0.00056949999999999991,-0.0023022000000000003,0.0049135000000000012,-0.0045949000000000007,0.00053039999999999999,-0.00079529999999999987,-0.0030549000000000002,0.0040073000000000001,-0.00076500000000000027,-0.0020452000000000001,-0.0010697999999999999,-0.0041557,0.00054030000000000007,-0.0013368,0.0024635999999999998,0.0034022000000000002,0.0026057999999999997,-0.0041478000000000001,-0.0013009,-0.0034390000000000002,-4.0099999999999945e-05,-0.0112803,-0.0017996000000000002,0.0086171000000000008,0.0073080000000000003,0.00061189999999999997,-0.0027420000000000001,-0.0016921000000000002,-0.0067775999999999999,-0.0023839999999999998,-0.0113832,0.0043308999999999995,-0.0028796999999999994,0.016883499999999999,0.0031880000000000003,-0.010758999999999999,-0.0012484000000000004,0.012796600000000002,-0.0032035999999999992,0.0031067,-0.00037189999999999879,-0.0069832999999999996,0.00056940000000000007,-0.014937199999999999,0.00057320000000000027,-0.0023592999999999999,0.0032061999999999993,0.0096623999999999998,0.00046259999999999986,-0.0021935000000000001,0.00075900000000000013,-0.00065909999999999992,-0.0028021000000000001,7.6800000000000349e-05,0.0029584999999999998,-0.0013837999999999999,-0.0022986999999999999,0.00073839999999999995,0.0026169000000000001,-0.0018835999999999998,-0.0028623999999999993,-0.0014940999999999999,0.0006473999999999998,-0.0038815,-0.00077680000000000012,-0.00064559999999999997,0.0011944,-0.000968,0.0037726000000000001,0.0013327,-0.0012846000000000001,-0.0050150999999999998,0.00084829999999999975,0.0040490000000000005,0.0021553000000000006,0.0040590999999999995,0.0096346000000000001,-0.0023168999999999998,0.0011764999999999998,0.0030704,-0.0049000999999999992,-0.0061840000000000003,-0.0020009999999999997,0.0075100000000000002,0.0021260999999999997,-0.0039611000000000004,0.001534,0.00091560000000000014,-0.0067374999999999987,-0.0003906999999999999,-0.0016699,-0.0052607000000000001,0.0069305,-0.0041192999999999994,0.0026501999999999997,-0.013840700000000001,-0.0023873999999999996,-0.0075897000000000004,-0.0022152000000000005,-0.010553699999999999,0.0023241999999999998,-0.0012409999999999999,-0.00035139999999999998,0.0011145000000000003,-0.0019196999999999999,0.0011914,3.9199999999999991e-05,-0.00049490000000000005,-0.0029748000000000001,-0.0040000000000000001,0.00079369999999999994,0.0043384999999999995,0.0023806999999999995,0.0016662000000000001,-0.00036259999999999992,-0.0031308000000000004,0.0011977999999999999,-0.0010015999999999996,-0.0028907999999999998,0.0017273,0.0032775,0.0028586000000000002,0.0040008999999999999,-0.0072008000000000003,0.00026130000000000001,0.0011430000000000001,-0.0011859000000000001,0.0013591000000000002,0.0011240000000000002,0.0047443999999999993,0.0040273999999999996,-0.00010599999999999999,0.0039886999999999995,-0.0040386999999999992,0.00038980000000000004,0.0059626000000000002,0.00024550000000000006,0.0021633999999999998,-0.0035320000000000004,0.0011459999999999999,0.00023280000000000002,-0.0039221000000000004,-0.0037352999999999996,0.0073097000000000006,-0.0054006999999999996,0.0026473999999999994,-0.0028170000000000001,-0.0022654999999999997,-0.0024828999999999997,0.0012553,-0.0045953000000000001,-0.0007905000000000004,0.0001374999999999996,0.0004682,0.0015168000000000002,-0.015443700000000001,0.00083880000000000001,-0.00074899999999999999,-0.00018320000000000001,0.0026205,0.0018159999999999997,0.00087929999999999974,0.00055189999999999992,0.00035280000000000001,0.0015552999999999999,-0.0008229,0.0017312,0.0018465999999999999,-0.0026143999999999998,0.0021795999999999999,-0.0012417999999999999,-0.0021614999999999998,0.00092580000000000006,0.00090810000000000001,-0.00059949999999999956,0.0027453999999999998,-0.0013905,-0.00045669999999999999,0.00048429999999999995,-0.0010038,-0.0014325,-0.0013511999999999999,-0.00076819999999999981,0.0048709000000000001,-0.00068900000000000005,0.00095810000000000003,-0.00098229999999999997,-0.0011594999999999999,-0.0011188000000000001,-0.0021050999999999999,-0.0020736000000000001,0.0035221999999999996,0.00056090000000000003,0.00083029999999999996,0.0054768999999999998,-0.0010361999999999997,-0.0014869,0.0036162,0.0013681999999999998,0.00048510000000000003,-0.00051449999999999987,0.0045399999999999998,0.00148,-0.0029161999999999999,-0.0032186999999999997,-0.0013999999999999998,-0.0022743999999999998,-0.0011539999999999996,-0.0013398999999999998,-0.0013397000000000001,0.0028142000000000002,-0.0030680999999999998,-0.00045649999999999998,-0.0044618999999999995,0.0053033000000000004,0.0106979,-0.0053052999999999998,0.0026306000000000003,0.00025649999999999978,-0.0061758999999999998,-5.8700000000000017e-05,0.00062080000000000002,0.0001206,0.0036034000000000005,-0.0020383999999999997,0.00026449999999999998,-0.0018260999999999996,0.0012031999999999998,0.00075119999999999994,-0.0007758000000000001,-0.00045190000000000003,0.00019550000000000004,-0.00059849999999999997,0.0002005000000000001,0.00093989999999999981,-0.0025041000000000004,0.00047039999999999994,-0.0053758,0.0024824999999999999,-0.00044959999999999998,-0.00045120000000000002,-0.00015049999999999981,-0.0006445,-0.0025411000000000001,-0.00099320000000000007,0.00035739999999999996,-0.0011501,0.00036170000000000017,-0.0024092000000000002,0.0039994000000000002,-0.00044219999999999996,-0.0020118999999999996,0.0019673,0.0023015000000000002,-0.00092499999999999993,0.0029115999999999994,0.0027225999999999999,-0.0023458999999999997,0.0024605999999999999,-0.0024600000000000004,-0.0019053,-0.0016391000000000001,0.00050759999999999998,0.0028808000000000002,-0.0027681999999999997,-0.0056416999999999995,0.0006628999999999999,-0.0014627000000000002,-0.0037955999999999997,0.0029415000000000001,0.00074629999999999944,0.0032850000000000002,0.0043594999999999997,-0.003055,4.4600000000000054e-05,-0.0010875999999999998,-0.0014670999999999998,0.0021998999999999999,0.0043558999999999994,0.0042830000000000003,0.0060604999999999999,-0.0082334999999999978,0.0014391,-0.0020555999999999999,-0.0039918000000000002,0.0039232999999999994,-0.0012934999999999999,0.0057015999999999994,0.0003504999999999999,0.0011540000000000001,-0.0006163999999999998,-0.00061399999999999996,-2.389999999999993e-05,0.0013657000000000001,-0.0013159999999999999,0.00052079999999999997,-0.0017233000000000001,-0.00015609999999999995,-0.0016427,-0.00030800000000000001,0.0015282999999999998,-0.0016223000000000001,0.0016088999999999999,-0.0012296,-0.00057169999999999986,-0.00050539999999999982,0.00033410000000000004,-0.00057649999999999997,0.0015911,6.0800000000000014e-05,0.00067959999999999982,-0.0022719999999999997,0.0010199,0.0016402999999999999,-0.0014170000000000001,0.0026373999999999998,0.00073070000000000003,-0.00096559999999999994,-0.00053740000000000005,-0.00015629999999999998,-0.00028530000000000005,0.00083240000000000007,-0.0011775999999999998,0.0002366,0.00063499999999999993,-0.0023108,-0.0011583000000000001,0.0008144999999999999,-0.00064729999999999996,0.00024579999999999996,-0.0013036,-0.00037619999999999993,4.3500000000000027e-05,0.0017063999999999998,0.0041329999999999995,-0.0017182999999999999,-0.0015965000000000003,-0.00025670000000000001,9.5999999999999948e-05,-0.0011342000000000001,0.0023052999999999997,-0.0007894,0.0022837999999999999,-0.00083819999999999999,-0.00083989999999999998,0.0027521999999999998,-0.0036195999999999997,0.0031478999999999999,5.3399999999999983e-05,0.0001137,0.0030766999999999999,0.00048520000000000008,-0.0076470999999999987,0.0062388000000000001,-0.0014031,0.0017750000000000001,0.0023717999999999999,0.0016631,0.0034967000000000002,-0.0059155999999999992,-0.0009547999999999999,-0.0049097999999999998,-0.0031250000000000002,0.00085119999999999998
aug_between_class_right_pair0025_child04,Healthy,0,0,Augmented,0,0,0,0,0,0.30283680000000002,2.1757277999999998,5.9999999999999997e-07,-1.8000000000000001e-06,0,1.0313506000000001,0,0.036890600000000003,-0.14431720000000001,0.021501399999999997,0.082992400000000008,-0.089248999999999995,0.0773948,-0.0072286000000000008,0.0040841999999999996,-0.019557000000000001,-0.090228000000000003,0.36835600000000002,-0.060216199999999998,-0.00088080000000000103,0.060196200000000005,0.021500399999999999,-0.015573999999999999,-0.0010945999999999998,-0.051802400000000005,0.0239732,0.0229684,-0.047757799999999996,0.0034658000000000002,-0.095848799999999998,0.0164394,0.039575600000000002,-0.022690999999999999,0.0071515999999999993,-4.3800000000000089e-05,-0.0400398,0.0405762,-0.066933000000000006,-0.014203800000000003,0.087580199999999997,-0.025386000000000002,0.20867859999999999,-0.066059800000000002,0.0064589999999999995,-0.0041716000000000001,-0.015622799999999997,-0.010872400000000001,0.0040917999999999996,0.033178600000000003,-0.0020361999999999997,-0.0059507999999999991,-0.0089259999999999999,-0.022019999999999998,0.016497600000000001,0.0335938,0.021999399999999999,0.0170446,-0.011644799999999999,0.0070498000000000002,0.0131386,-0.046842200000000001,0.0039858000000000003,-0.0019720000000000002,0.0010314000000000005,0.020260800000000002,-0.086156999999999997,-0.0082040000000000012,-0.023874200000000002,0.0020218000000000007,0.0103464,0.00054000000000000022,0.00038879999999999996,0.020083999999999998,0.0126158,0.0011914,-0.0099334000000000002,0.0062302,0.0093113999999999992,-0.0027653999999999999,-0.0014388000000000005,0.010268599999999999,-0.0176112,0.0057090000000000005,0.0078317999999999999,0.0083376000000000006,-0.013367800000000001,-0.018460600000000001,0.0090872000000000001,-0.019403,-0.007869000000000001,-0.0038636,0.00052940000000000062,0.0051126000000000001,-0.0129754,0.0014543999999999998,0.0010309999999999998,-0.0093439999999999999,0.0070632000000000004,0.024804399999999997,0.012761399999999999,0.027569400000000001,-0.015799199999999999,0.0014243999999999997,-0.0010796,-0.0026456000000000001,-0.0092446000000000004,0.012763,-0.0049256000000000005,-0.0030168,-0.00072300000000000001,0.0053816000000000003,-0.0021041999999999996,-0.0014889999999999999,0.0096644000000000001,0.013744600000000001,0.0039147999999999995,-0.00059059999999999994,0.0049154000000000003,-0.0027261999999999998,0.0059227999999999998,-0.0051568000000000004,0.012588799999999999,-0.0036433999999999998,-0.0054366000000000006,0.0066232000000000001,-0.0046502000000000002,0.0051041999999999997,-0.0104016,-0.0034631999999999996,0.0142332,-0.00017559999999999885,-0.0070033999999999999,-0.0029448,-0.019959399999999999,0.00021599999999999918,-0.0067730000000000012,-0.0072204000000000009,-0.002764,0.0013500000000000001,-0.0037756000000000009,0.0039290000000000002,-0.0039941999999999998,0.00026919999999999993,-0.00095140000000000003,-0.0031251999999999999,0.0040683999999999998,-0.00097700000000000022,-0.0022506000000000002,-0.0011353999999999997,-0.0043465999999999999,0.0004814000000000001,-0.0011863999999999998,0.0020977999999999999,0.0038466000000000004,0.0034243999999999998,-0.0039684000000000004,-0.0013842000000000001,-0.0037490000000000006,-0.00037679999999999983,-0.011278399999999999,-0.0016108000000000001,0.0085237999999999998,0.0079430000000000004,0.0014722000000000003,-0.002715,-0.0021398000000000003,-0.0069227999999999998,-0.0019580000000000001,-0.011173599999999999,0.0038351999999999995,-0.0027626,0.016029999999999999,0.0037690000000000002,-0.011074000000000001,-0.0013862000000000004,0.0121578,-0.0026407999999999996,0.0031576,-0.00020619999999999927,-0.0070933999999999997,0.00057019999999999998,-0.0143956,0.0012666000000000005,-0.0022164000000000003,0.003191600000000001,0.0103062,0.00071780000000000043,-0.0022000000000000001,0.00080400000000000003,-0.00056579999999999998,-0.0028528,0.00021440000000000001,0.002562,-0.0012544000000000001,-0.0024846,0.00070119999999999991,0.0024812000000000002,-0.0017307999999999998,-0.0028081999999999994,-0.0014797999999999999,0.00040919999999999981,-0.0039660000000000008,-0.00094640000000000013,-0.00079780000000000009,0.0010842,-0.001126,0.0041787999999999999,0.0011136,-0.0010717999999999999,-0.0050247999999999994,0.00024839999999999975,0.0040039999999999997,0.0024534000000000005,0.0040768000000000002,0.0096308000000000001,-0.0024552000000000003,0.00098999999999999978,0.0032811999999999997,-0.0051338,-0.0055560000000000002,-0.002186,0.0076940000000000003,0.0030748000000000008,-0.0043408000000000006,0.0019550000000000001,0.00095579999999999992,-0.006206999999999999,-0.00039360000000000003,-0.0012351999999999999,-0.0051646000000000001,0.0070319999999999992,-0.0043484000000000005,0.0034445999999999999,-0.013388600000000001,-0.0022711999999999993,-0.0072776000000000004,-0.0025936000000000006,-0.010563599999999999,0.0020905999999999998,-0.001129,-0.00028019999999999998,0.0013710000000000005,-0.0018715999999999997,0.0010472000000000001,6.5600000000000009e-05,-0.00063220000000000008,-0.0031053999999999999,-0.003986,0.00062859999999999999,0.0042430000000000002,0.0025845999999999998,0.0015065999999999999,-0.00044779999999999993,-0.0038304000000000007,0.0012284000000000002,-0.00088279999999999956,-0.0027374000000000001,0.0019363999999999998,0.0027289999999999997,0.0030018000000000002,0.0039332000000000004,-0.0072183999999999998,1.1399999999999952e-05,0.0010500000000000002,-0.0011212000000000001,0.0017448000000000003,0.0010680000000000002,0.0042411999999999997,0.0039242000000000001,-0.00024000000000000003,0.0035615999999999998,-0.0039305999999999994,0.0004324000000000001,0.0062578,-7.7000000000000028e-05,0.0023061999999999996,-0.003614,0.001725,-0.00032959999999999977,-0.0033247999999999997,-0.0036763999999999998,0.0072066000000000005,-0.0050025999999999994,0.0027112,-0.0025249999999999999,-0.0025100000000000001,-0.0030441999999999999,0.0011123999999999999,-0.0038434000000000003,-0.0017300000000000002,0.00089699999999999936,0.00046260000000000002,0.0016004000000000001,-0.0153816,0.00082640000000000003,-0.00072999999999999996,-0.00027560000000000003,0.0026810000000000002,0.002261,0.00043539999999999963,0.00046920000000000013,0.00048139999999999999,0.0016883999999999998,-0.00072020000000000005,0.0017136,0.0020348000000000002,-0.0030631999999999999,0.0020147999999999998,-0.0013463999999999998,-0.0022039999999999998,0.00075240000000000007,0.00092380000000000001,-0.00061399999999999975,0.0026501999999999997,-0.0013349999999999998,-0.00048959999999999997,0.00037239999999999994,-0.0013634000000000001,-0.001243,-0.0011235999999999998,-0.00072760000000000001,0.0043641999999999995,-0.00032499999999999999,0.0011108000000000001,-0.0011324,-0.00096299999999999988,-0.0013064000000000001,-0.0022347999999999999,-0.0017857999999999999,0.0035766000000000001,0.00073919999999999997,0.00091839999999999999,0.0052151999999999997,-0.00084159999999999986,-0.0018512000000000001,0.0032416000000000003,0.0013675999999999996,0.00043579999999999997,7.5000000000000143e-05,0.0051009999999999996,0.001815,-0.0033525999999999999,-0.0037345999999999998,-0.0014649999999999999,-0.0021571999999999997,-0.0012300000000000002,-0.00087920000000000012,-0.0011336,0.0028446000000000001,-0.0028998000000000001,-0.00058900000000000001,-0.0049151999999999998,0.0052343999999999993,0.0104072,-0.0047933999999999997,0.0025728000000000001,-4.200000000000037e-05,-0.0062031999999999999,-5.2599999999999923e-05,0.00052740000000000003,0.00028880000000000014,0.0037742000000000001,-0.0021052000000000002,0.00029300000000000007,-0.0016957999999999999,0.0012085999999999998,0.00079460000000000012,-0.00087940000000000013,-0.00040720000000000009,0.00022500000000000005,-0.00055699999999999999,0.0003610000000000001,0.00060919999999999995,-0.0025968000000000002,0.00050119999999999993,-0.0054293999999999992,0.0023909999999999999,-0.00054279999999999997,-0.00055459999999999993,0.00029400000000000042,-0.00077500000000000008,-0.0027117999999999999,-0.00095760000000000007,0.00053720000000000005,-0.00085779999999999993,0.0004016,-0.0020796,0.0037162000000000002,-0.00014259999999999978,-0.0021202,0.0019494,0.0016980000000000003,-0.00085200000000000022,0.0028877999999999998,0.0025627999999999996,-0.0022501999999999999,0.0025428,-0.0023810000000000003,-0.0018933999999999999,-0.0015078000000000001,0.00043880000000000009,0.0030894,-0.0028706000000000001,-0.0054826000000000007,0.00075519999999999993,-0.0011406000000000003,-0.0031538,0.0029260000000000002,0.00033839999999999955,0.0025999999999999999,0.0039310000000000005,-0.002856,-9.200000000000061e-06,-0.0012578000000000003,-0.0013487999999999998,0.0018692000000000001,0.0044011999999999992,0.0043029999999999995,0.0057879999999999997,-0.0076079999999999984,0.0015898000000000002,-0.0018127999999999998,-0.0035053999999999997,0.0037673999999999997,-0.0010759999999999999,0.0056678000000000006,0.00021399999999999978,0.0011529999999999999,-0.00065320000000000005,-0.00053699999999999993,0.00047780000000000018,0.0014645999999999999,-0.001438,0.00081739999999999992,-0.0019373999999999997,-0.00011080000000000009,-0.0017236,-0.00016499999999999997,0.0014023999999999998,-0.0016064,0.0015291999999999999,-0.0012498000000000001,-0.00045359999999999997,-0.0004752,0.00044479999999999997,-0.00086300000000000005,0.0018337999999999998,-0.00014260000000000002,0.00071579999999999994,-0.0024060000000000002,0.0011462,0.0016824000000000001,-0.0012279999999999999,0.0024222000000000002,0.00058960000000000002,-0.00084580000000000007,-0.00070720000000000006,-0.00018540000000000001,-0.00042740000000000014,0.00098719999999999993,-0.00093279999999999969,0.00029379999999999988,0.00065400000000000007,-0.0022634,-0.0011254000000000001,0.00064700000000000001,-0.00062539999999999991,0.00024239999999999993,-0.0010888,-0.00061959999999999988,2.5999999999999981e-05,0.0018412000000000001,0.0037949999999999998,-0.0016753999999999998,-0.0018960000000000001,-0.00029859999999999999,0.00021000000000000001,-0.0010426000000000001,0.0021373999999999998,-0.00065019999999999987,0.0021354,-0.0011196000000000001,-0.00093619999999999988,0.0025276000000000001,-0.0031017999999999992,0.0031262000000000004,0.00020420000000000003,-0.0001304,0.0032025999999999999,0.00049760000000000017,-0.0071937999999999993,0.0061854000000000006,-0.0010328,0.0018420000000000001,0.0021594000000000001,0.0016738,0.0036826000000000003,-0.0060428000000000001,-0.00077739999999999992,-0.0049264,-0.0034330000000000003,0.00062559999999999992
aug_between_class_right_pair0025_child05,TLE,1,1,Augmented,0,0,0,0,0,0.2999192,2.1960782000000001,4.0000000000000003e-07,-1.1999999999999999e-06,0,1.0136494,0,0.039463400000000003,-0.14788579999999998,0.023671600000000001,0.084674600000000003,-0.083165000000000003,0.069753200000000001,-0.0056874000000000004,0.0036098000000000002,-0.022880999999999999,-0.093106000000000008,0.37495499999999998,-0.066518800000000003,-0.0034542000000000002,0.06776080000000001,0.016845599999999999,-0.01473,-0.0014234,-0.0492726,0.031488799999999997,0.0238476,-0.047087200000000003,0.0029632,-0.094904200000000008,0.014545599999999999,0.034667400000000001,-0.022361000000000002,0.0065933999999999984,0.00038180000000000158,-0.0370102,0.039011799999999999,-0.063480999999999996,-0.020214200000000002,0.081877800000000001,-0.029049999999999999,0.21342240000000001,-0.064162200000000003,0.0075939999999999992,-0.0029244000000000006,-0.014519199999999999,-0.0096036000000000003,0.0040672,0.0318424,-0.0012918000000000001,-0.0043981999999999997,-0.010467000000000001,-0.024990999999999999,0.0171474,0.030912200000000001,0.023570600000000001,0.017632399999999999,-0.010817199999999999,0.0075731999999999996,0.013703400000000001,-0.047233799999999999,0.0048771999999999999,1.399999999999969e-05,0.0011336000000000002,0.0220652,-0.081506999999999996,-0.0098700000000000003,-0.0252058,-0.0014527999999999971,0.0111466,-0.00038599999999999995,-0.00010580000000000008,0.019258000000000001,0.013831199999999998,0.00087560000000000003,-0.0098385999999999994,0.0056658000000000003,0.0085165999999999992,-0.0025876000000000002,-0.0017872000000000001,0.011469400000000001,-0.016030799999999998,0.0093179999999999982,0.0077841999999999998,0.0061924000000000007,-0.015154200000000001,-0.018925400000000002,0.0086698000000000001,-0.019902,-0.0073750000000000005,-0.0032874000000000002,0.0013366000000000003,0.0067683999999999999,-0.0139416,0.0016366000000000002,0.00034799999999999935,-0.0089480000000000011,0.010588799999999999,0.028316600000000001,0.0099835999999999987,0.030167599999999999,-0.013790800000000001,0.00054560000000000003,-0.0018024,-0.0026903999999999999,-0.0092163999999999996,0.012708000000000001,-0.0054964000000000002,-0.0035371999999999999,-0.00099199999999999983,0.0044054000000000003,-0.00052679999999999958,-0.001003,0.0090226000000000004,0.0129544,0.0039401999999999996,-0.00052240000000000012,0.0034096000000000005,-0.0032237999999999998,0.0056051999999999994,-0.0055681999999999997,0.0120632,-0.0029236000000000002,-0.0065624000000000004,0.0073688,-0.0035897999999999998,0.0040888000000000001,-0.0089423999999999997,-0.0025837999999999998,0.016056799999999996,0.0005736000000000005,-0.0050286000000000003,-0.0032592000000000003,-0.0193936,-0.0021259999999999999,-0.0052650000000000014,-0.0079996000000000008,-0.0055750000000000001,0.0029109999999999995,-0.0067223999999999999,0.0019600000000000008,-0.0027928000000000002,-0.00025319999999999997,-0.0012635999999999999,-0.0032658000000000001,0.0041905999999999992,-0.0014010000000000006,-0.0026614,-0.0012666000000000003,-0.0047283999999999998,0.00036359999999999995,-0.00088560000000000028,0.0013662000000000001,0.0047353999999999999,0.0050615999999999994,-0.0036096000000000001,-0.0015508,-0.0043690000000000005,-0.0010501999999999998,-0.011274599999999999,-0.0012332000000000003,0.0083372000000000012,0.009212999999999999,0.0031928,-0.0026610000000000002,-0.0030352000000000001,-0.0072132000000000003,-0.0011060000000000002,-0.010754400000000001,0.0028438000000000005,-0.0025283999999999997,0.014322999999999999,0.0049309999999999996,-0.011703999999999999,-0.0016618000000000004,0.010880200000000001,-0.0015152000000000002,0.0032594,0.00012519999999999979,-0.0073136,0.00057179999999999991,-0.0133124,0.0026534000000000002,-0.0019306,0.003162400000000001,0.0115938,0.0012281999999999998,-0.0022130000000000001,0.00089400000000000005,-0.00037919999999999989,-0.0029542000000000001,0.00048959999999999997,0.0017690000000000002,-0.00099560000000000013,-0.0028563999999999998,0.00062680000000000006,0.0022098,-0.0014251999999999999,-0.0026997999999999996,-0.0014511999999999997,-6.720000000000017e-05,-0.0041349999999999998,-0.0012856,-0.0011022000000000002,0.00086379999999999996,-0.0014419999999999999,0.0049911999999999995,0.00067540000000000005,-0.00064619999999999999,-0.0050441999999999996,-0.00095140000000000025,0.0039139999999999999,0.0030496000000000004,0.0041121999999999999,0.0096232000000000002,-0.0027317999999999999,0.00061699999999999993,0.0037028,-0.0056012000000000006,-0.0043,-0.0025559999999999992,0.0080619999999999997,0.0049722000000000004,-0.0051002,0.0027969999999999996,0.0010362000000000001,-0.0051459999999999995,-0.00039939999999999984,-0.00036580000000000011,-0.0049723999999999992,0.0072350000000000001,-0.0048065999999999994,0.0050333999999999995,-0.0124844,-0.0020388000000000003,-0.0066534000000000003,-0.0033504000000000003,-0.0105834,0.0016234000000000001,-0.00090499999999999999,-0.00013780000000000002,0.001884,-0.0017753999999999999,0.00075880000000000023,0.00011840000000000002,-0.00090680000000000003,-0.0033666,-0.0039579999999999997,0.00029839999999999999,0.004052,0.0029923999999999997,0.0011874000000000001,-0.00061819999999999996,-0.0052296,0.0012896000000000001,-0.00064519999999999985,-0.0024305999999999998,0.0023545999999999997,0.0016320000000000002,0.0032881999999999998,0.0037978000000000005,-0.0072535999999999998,-0.00048840000000000016,0.00086400000000000008,-0.00099180000000000015,0.0025162000000000001,0.00095600000000000004,0.0032348000000000003,0.0037177999999999998,-0.00050799999999999988,0.0027074000000000004,-0.0037144000000000001,0.0005176,0.0068481999999999996,-0.00072199999999999977,0.0025918,-0.003778000000000001,0.0028829999999999997,-0.0014543999999999994,-0.0021302000000000005,-0.0035585999999999994,0.0070004000000000004,-0.0042063999999999999,0.0028387999999999998,-0.001941,-0.0029989999999999995,-0.0041668,0.00082660000000000003,-0.0023396000000000007,-0.0036090000000000002,0.0024159999999999997,0.00045140000000000002,0.0017676000000000002,-0.015257400000000001,0.00080159999999999997,-0.00069200000000000002,-0.00046039999999999997,0.0028019999999999998,0.0031509999999999993,-0.00045240000000000021,0.00030380000000000001,0.00073859999999999996,0.0019545999999999999,-0.00051480000000000004,0.0016784,0.0024111999999999996,-0.0039607999999999996,0.0016852000000000002,-0.0015555999999999999,-0.0022889999999999998,0.0004056000000000001,0.00095520000000000002,-0.00064300000000000013,0.0024598000000000003,-0.001224,-0.00055539999999999995,0.00014859999999999993,-0.0020826,-0.00086400000000000008,-0.00066839999999999988,-0.00064639999999999999,0.0033508000000000001,0.00040299999999999993,0.0014162000000000001,-0.0014326,-0.00056999999999999998,-0.0016816000000000001,-0.0024942000000000002,-0.0012102,0.0036854000000000001,0.0010958000000000001,0.0010946,0.0046917999999999994,-0.00045239999999999994,-0.0025798000000000001,0.0024924000000000005,0.0013664,0.00033720000000000001,0.0012540000000000001,0.0062229999999999994,0.0024849999999999998,-0.0042253999999999998,-0.0047663999999999996,-0.0015950000000000001,-0.0019228000000000001,-0.0013819999999999995,4.2199999999999833e-05,-0.00072140000000000008,0.0029054000000000003,-0.0025631999999999999,-0.00085399999999999994,-0.0058217999999999994,0.0050965999999999997,0.0098258000000000009,-0.0037696000000000006,0.0024572000000000001,-0.00063899999999999981,-0.0062578,-4.0399999999999952e-05,0.00034060000000000004,0.00062520000000000002,0.0041158000000000002,-0.0022388,0.00035000000000000016,-0.0014352,0.0012193999999999998,0.00088140000000000007,-0.0010865999999999998,-0.00031779999999999997,0.00028400000000000007,-0.00047400000000000003,0.0006820000000000001,-5.2200000000000076e-05,-0.0027822000000000003,0.00056280000000000002,-0.0055366000000000009,0.0022079999999999999,-0.00072919999999999994,-0.00076139999999999997,0.001183,-0.001036,-0.0030532000000000003,-0.00088640000000000008,0.00089680000000000001,-0.00027320000000000008,0.00048139999999999999,-0.0014204,0.0031498000000000003,0.00045660000000000004,-0.0023368,0.0019135999999999999,0.00049100000000000023,-0.00070599999999999992,0.0028402000000000002,0.0022431999999999999,-0.0020588,0.0027071999999999999,-0.0022230000000000001,-0.0018695999999999999,-0.0012452000000000001,0.0003012,0.0035065999999999995,-0.0030753999999999998,-0.0051643999999999995,0.00093979999999999997,-0.00049640000000000014,-0.0018702000000000002,0.002895,-0.00047740000000000011,0.0012300000000000004,0.0030740000000000003,-0.0024580000000000001,-0.00011679999999999997,-0.0015982000000000001,-0.0011122,0.0012078000000000002,0.0044917999999999998,0.0043429999999999996,0.0052429999999999994,-0.0063569999999999998,0.0018912,-0.0013272,-0.0025326000000000003,0.0034555999999999996,-0.00064100000000000008,0.0056001999999999996,-5.8999999999999808e-05,0.0011510000000000001,-0.0007268000000000001,-0.00038299999999999999,0.0014812,0.0016623999999999999,-0.0016819999999999999,0.0014105999999999999,-0.0023656000000000003,-2.0199999999999949e-05,-0.0018854000000000002,0.00012100000000000007,0.0011505999999999999,-0.0015746000000000002,0.0013698,-0.0012902,-0.00021739999999999997,-0.0004148,0.00066619999999999993,-0.001436,0.0023192,-0.00054940000000000002,0.00078819999999999997,-0.0026739999999999997,0.0013988,0.0017666000000000001,-0.00085000000000000006,0.0019918000000000002,0.00030739999999999999,-0.0006062000000000001,-0.0010468000000000001,-0.00024359999999999999,-0.00071160000000000017,0.0012968000000000001,-0.00044319999999999993,0.00040820000000000006,0.00069200000000000012,-0.0021686000000000001,-0.0010596,0.00031199999999999999,-0.00058160000000000004,0.00023560000000000003,-0.00065920000000000009,-0.0011063999999999998,-9.0000000000000019e-06,0.0021107999999999999,0.0031190000000000002,-0.0015896,-0.0024950000000000003,-0.00038240000000000008,0.00043800000000000002,-0.00085940000000000007,0.0018016,-0.00037180000000000004,0.0018386000000000001,-0.0016823999999999999,-0.0011287999999999999,0.0020784000000000002,-0.0020661999999999998,0.0030828000000000001,0.00050579999999999993,-0.00061859999999999997,0.0034543999999999998,0.00052240000000000034,-0.0062871999999999997,0.0060786,-0.00029220000000000006,0.0019760000000000003,0.0017346000000000002,0.0016952,0.0040544000000000005,-0.0062972000000000002,-0.00042260000000000008,-0.0049595999999999998,-0.0040489999999999996,0.00017440000000000001
aug_between_class_right_pair0025_child06,TLE,1,1,Augmented,0,0,0,0,0,0.29846040000000001,2.2062534,3.0000000000000004e-07,-9.0000000000000007e-07,0,1.0047988000000001,0,0.040749800000000003,-0.1496701,0.0247567,0.0855157,-0.080123,0.065932400000000002,-0.0049168000000000007,0.0033726000000000003,-0.024542999999999999,-0.094545000000000004,0.37825449999999999,-0.069670099999999999,-0.0047408999999999993,0.071543099999999998,0.014518200000000002,-0.014308,-0.0015877999999999999,-0.0480077,0.035246599999999996,0.024287200000000002,-0.046751899999999999,0.0027119000000000002,-0.094431899999999999,0.0135987,0.0322133,-0.022196,0.0063142999999999993,0.00059460000000000068,-0.035495399999999996,0.038229600000000002,-0.061755000000000004,-0.023219399999999998,0.079026600000000002,-0.030882,0.21579429999999999,-0.063213400000000003,0.0081614999999999986,-0.0023008000000000004,-0.0139674,-0.0089692000000000001,0.0040549000000000002,0.031174300000000002,-0.00091960000000000002,-0.0036218999999999999,-0.011237500000000001,-0.026476499999999997,0.0174723,0.029571399999999998,0.024356199999999998,0.017926299999999999,-0.0104034,0.0078348999999999988,0.0139858,-0.047429600000000002,0.0053229000000000002,0.0010070000000000001,0.0011847000000000003,0.022967399999999999,-0.079182000000000002,-0.010703000000000001,-0.025871600000000002,-0.0031900999999999995,0.0115467,-0.0008489999999999996,-0.00035310000000000002,0.018845000000000001,0.014438899999999998,0.00071770000000000015,-0.0097911999999999999,0.0053836000000000005,0.0081192,-0.0024987,-0.0019613999999999994,0.012069799999999999,-0.0152406,0.011122499999999999,0.0077603999999999998,0.0051198000000000007,-0.0160474,-0.019157800000000003,0.0084611000000000009,-0.020151499999999999,-0.0071280000000000007,-0.0029993000000000003,0.0017402000000000008,0.0075963000000000003,-0.014424699999999999,0.0017277000000000004,6.5000000000012964e-06,-0.0087500000000000008,0.012351599999999999,0.030072699999999997,0.0085947000000000003,0.0314667,-0.0127866,0.00010620000000000009,-0.0021638,-0.0027128,-0.0092023000000000001,0.012680500000000001,-0.0057818000000000001,-0.0037973999999999998,-0.0011264999999999999,0.0039173000000000003,0.00026190000000000024,-0.00076000000000000026,0.0087016999999999997,0.012559300000000001,0.0039528999999999996,-0.00048829999999999989,0.0026567000000000006,-0.0034725999999999997,0.0054463999999999997,-0.0057739000000000002,0.011800399999999999,-0.0025637000000000004,-0.0071253000000000002,0.0077415999999999995,-0.0030596000000000004,0.0035811000000000003,-0.008212800000000001,-0.0021440999999999999,0.0169686,0.00094819999999999974,-0.0040412,-0.0034164,-0.019110700000000001,-0.0032969999999999996,-0.0045110000000000011,-0.0083891999999999994,-0.0069804999999999989,0.0036914999999999995,-0.0081957999999999996,0.00097550000000000067,-0.0021921000000000006,-0.00051439999999999971,-0.0014196999999999999,-0.0033360999999999998,0.0042516999999999998,-0.0016130000000000001,-0.0028668000000000001,-0.0013321999999999997,-0.0049192999999999997,0.00030469999999999998,-0.00073520000000000009,0.0010003999999999998,0.0051798,0.0058801999999999986,-0.0034302,-0.0016340999999999999,-0.004679,-0.0013868999999999997,-0.0112727,-0.0010444000000000002,0.0082439000000000002,0.0098479999999999991,0.0040530999999999996,-0.0026340000000000001,-0.0034829000000000006,-0.0073583999999999993,-0.00068000000000000005,-0.0105448,0.0023481000000000001,-0.0024112999999999995,0.013469500000000001,0.0055120000000000004,-0.012019,-0.0017996000000000004,0.010241400000000001,-0.00095240000000000016,0.0033103,0.00029090000000000019,-0.0074237000000000001,0.00057259999999999993,-0.012770800000000001,0.0033468000000000005,-0.0017876999999999999,0.0031478000000000009,0.012237599999999998,0.0014834,-0.0022195000000000001,0.00093900000000000006,-0.00028589999999999996,-0.0030049,0.00062719999999999985,0.0013725000000000002,-0.00086620000000000013,-0.0030423,0.00058960000000000002,0.0020741000000000002,-0.0012723999999999999,-0.0026455999999999997,-0.0014368999999999996,-0.0003054000000000001,-0.0042194999999999993,-0.0014551999999999998,-0.0012544000000000001,0.00075359999999999999,-0.0015999999999999999,0.0053974000000000001,0.00045629999999999998,-0.00043340000000000002,-0.0050539000000000001,-0.0015512999999999998,0.003869,0.0033476999999999995,0.0041299000000000006,0.0096194000000000002,-0.0028701,0.00043050000000000006,0.0039135999999999997,-0.0058348999999999988,-0.0036720000000000008,-0.0027409999999999995,0.0082459999999999999,0.0059208999999999998,-0.0054799000000000002,0.0032179999999999995,0.0010763999999999999,-0.0046154999999999998,-0.00040229999999999997,6.8899999999999777e-05,-0.0048762999999999992,0.007336500000000001,-0.0050356999999999997,0.0058277999999999993,-0.012032299999999999,-0.0019226000000000009,-0.0063413000000000002,-0.0037288,-0.0105933,0.0013898000000000001,-0.00079299999999999998,-6.6600000000000047e-05,0.0021405,-0.0017273,0.00061460000000000019,0.0001448,-0.0010441000000000001,-0.0034972000000000002,-0.0039439999999999996,0.00013330000000000001,0.0039564999999999999,0.0031963,0.0010278000000000002,-0.00070339999999999986,-0.0059291999999999999,0.0013202000000000001,-0.00052640000000000022,-0.0022772000000000001,0.0025636999999999995,0.0010835000000000005,0.0034314000000000002,0.0037301000000000001,-0.0072712000000000002,-0.00073829999999999989,0.00077099999999999998,-0.00092710000000000015,0.0029019000000000002,0.00089999999999999998,0.0027316000000000003,0.0036145999999999999,-0.00064199999999999988,0.0022803000000000003,-0.0036062999999999998,0.00056020000000000006,0.0071433999999999994,-0.0010444999999999999,0.0027346000000000002,-0.0038600000000000006,0.0034619999999999994,-0.0020167999999999991,-0.0015329000000000005,-0.0034996999999999997,0.0068973000000000003,-0.0038083000000000001,0.0029026,-0.0016490000000000001,-0.0032434999999999994,-0.0047280999999999998,0.00068370000000000019,-0.0015877000000000007,-0.0045485000000000005,0.0031754999999999991,0.00044579999999999999,0.0018512000000000001,-0.0151953,0.00078919999999999999,-0.00067299999999999999,-0.00055279999999999988,0.0028625,0.0035959999999999994,-0.00089629999999999983,0.00022110000000000001,0.00086720000000000005,0.0020877000000000001,-0.0004121000000000001,0.0016608,0.0025993999999999995,-0.0044095999999999996,0.0015204000000000001,-0.0016601999999999997,-0.0023314999999999998,0.00023220000000000011,0.00097090000000000002,-0.00065749999999999988,0.0023646000000000001,-0.0011685000000000001,-0.00058829999999999993,3.669999999999997e-05,-0.0024421999999999998,-0.00067450000000000019,-0.00044079999999999987,-0.00060579999999999998,0.0028441000000000004,0.00076699999999999967,0.0015689,-0.0015827,-0.00037350000000000003,-0.0018691999999999999,-0.0026239000000000002,-0.00092240000000000019,0.0037398000000000002,0.0012740999999999996,0.0011827000000000001,0.0044301000000000002,-0.00025780000000000009,-0.0029440999999999998,0.0021178000000000004,0.0013657999999999999,0.00028790000000000006,0.0018434999999999999,0.0067840000000000001,0.0028199999999999996,-0.0046618000000000007,-0.0052822999999999993,-0.00166,-0.0018056000000000001,-0.0014580000000000001,0.00050289999999999992,-0.0005153,0.0029358000000000001,-0.0023949000000000002,-0.00098649999999999996,-0.0062750999999999996,0.0050276999999999995,0.0095351000000000012,-0.0032577000000000001,0.0023994000000000003,-0.00093750000000000083,-0.0062851000000000001,-3.4300000000000021e-05,0.00024720000000000005,0.00079339999999999988,0.0042866000000000007,-0.0023056000000000001,0.00037850000000000004,-0.0013049000000000001,0.0012247999999999998,0.00092479999999999993,-0.0011902,-0.00027310000000000002,0.00031350000000000009,-0.00043250000000000005,0.00084250000000000015,-0.00038290000000000004,-0.0028749000000000001,0.00059359999999999979,-0.0055902,0.0021164999999999999,-0.00082239999999999993,-0.00086479999999999999,0.0016275,-0.0011665,-0.0032239,-0.00085080000000000008,0.0010766,1.9099999999999814e-05,0.00052129999999999993,-0.0010908000000000003,0.0028666000000000004,0.00075619999999999995,-0.0024450999999999995,0.0018956999999999999,-0.00011249999999999964,-0.00063300000000000021,0.0028163999999999997,0.0020834,-0.0019631000000000002,0.0027894,-0.0021440000000000001,-0.0018576999999999999,-0.0011139000000000001,0.00023240000000000007,0.0037152000000000001,-0.0031777999999999997,-0.005005299999999999,0.0010321,-0.00017430000000000039,-0.0012284000000000004,0.0028795000000000001,-0.0008853,0.00054500000000000035,0.0026455000000000003,-0.0022590000000000002,-0.00017059999999999997,-0.0017683999999999998,-0.00099390000000000004,0.00087710000000000023,0.0045370999999999996,0.0043630000000000006,0.0049704999999999992,-0.0057315000000000005,0.0020419000000000001,-0.0010844000000000001,-0.0020462000000000002,0.0032997,-0.00042350000000000016,0.0055663999999999991,-0.00019550000000000004,0.00115,-0.00076359999999999991,-0.00030600000000000001,0.0019828999999999997,0.0017612999999999997,-0.0018040000000000003,0.0017071999999999999,-0.0025796999999999999,2.5100000000000014e-05,-0.0019662999999999998,0.00026400000000000007,0.0010246999999999999,-0.0015587000000000001,0.0012901,-0.0013103999999999998,-9.9299999999999974e-05,-0.00038459999999999997,0.00077689999999999986,-0.0017224999999999999,0.0025618999999999998,-0.00075279999999999987,0.00082439999999999987,-0.0028079999999999997,0.0015251000000000002,0.0018086999999999999,-0.00066100000000000002,0.0017766000000000001,0.00016630000000000008,-0.00048640000000000001,-0.0012166,-0.00027270000000000001,-0.00085370000000000021,0.0014516000000000002,-0.0001984,0.00046540000000000004,0.00071100000000000004,-0.0021211999999999997,-0.0010267000000000002,0.00014449999999999999,-0.0005597,0.00023220000000000001,-0.00044440000000000007,-0.0013498,-2.6499999999999939e-05,0.0022455999999999999,0.0027810000000000001,-0.0015467,-0.0027945000000000001,-0.00042430000000000007,0.00055200000000000008,-0.00076780000000000001,0.0016337000000000001,-0.00023260000000000002,0.0016902000000000002,-0.0019637999999999999,-0.0012250999999999998,0.0018538000000000001,-0.0015484000000000001,0.0030610999999999998,0.00065659999999999991,-0.00086269999999999988,0.0035802999999999998,0.00053479999999999999,-0.0058338999999999995,0.0060251999999999997,7.8099999999999893e-05,0.0020429999999999997,0.0015222,0.0017059000000000002,0.0042403000000000007,-0.0064244000000000002,-0.0002452,-0.0049762000000000001,-0.0043569999999999998,-5.1200000000000052e-05
aug_between_class_right_pair0025_child07,TLE,1,1,Augmented,0,0,0,0,0,0.29700160000000003,2.2164286,1.9999999999999994e-07,-5.9999999999999987e-07,0,0.99594819999999995,0,0.042036200000000003,-0.15145439999999999,0.025841799999999998,0.086356800000000011,-0.077080999999999997,0.062111599999999996,-0.0041462000000000001,0.0031354,-0.026205000000000003,-0.095984,0.381554,-0.072821400000000008,-0.006027600000000001,0.075325400000000001,0.012190799999999998,-0.013885999999999999,-0.0017522,-0.046742800000000001,0.039004400000000002,0.0247268,-0.046416600000000002,0.0024606000000000003,-0.093959600000000004,0.0126518,0.0297592,-0.022031000000000002,0.0060351999999999992,0.00080739999999999978,-0.0339806,0.037447399999999999,-0.060028999999999999,-0.026224600000000001,0.076175400000000004,-0.032714,0.2181662,-0.062264599999999996,0.0087290000000000006,-0.0016771999999999998,-0.0134156,-0.0083347999999999998,0.0040426000000000004,0.030506200000000001,-0.00054739999999999997,-0.0028455999999999993,-0.012008000000000001,-0.027962000000000001,0.017797199999999999,0.028230599999999998,0.025141799999999999,0.018220199999999999,-0.0099895999999999995,0.0080965999999999989,0.014268200000000002,-0.047625399999999998,0.0057686000000000005,0.0020000000000000005,0.0012358000000000004,0.023869599999999998,-0.076856999999999995,-0.011536000000000001,-0.026537400000000003,-0.0049274000000000019,0.0119468,-0.001312,-0.00060040000000000028,0.018432,0.0150466,0.00055980000000000005,-0.0097438000000000004,0.0051013999999999999,0.0077218,-0.0024098000000000001,-0.0021356000000000005,0.0126702,-0.014450399999999999,0.012926999999999999,0.0077365999999999997,0.0040471999999999991,-0.0169406,-0.019390200000000003,0.0082524,-0.020400999999999999,-0.006881,-0.0027112,0.0021438000000000004,0.0084241999999999997,-0.014907799999999999,0.0018188000000000006,-0.00033500000000000023,-0.0085520000000000006,0.014114400000000001,0.031828799999999997,0.0072057999999999992,0.032765799999999998,-0.011782399999999998,-0.00033320000000000051,-0.0025252000000000004,-0.0027352000000000001,-0.0091882000000000005,0.012653000000000001,-0.0060672,-0.0040575999999999997,-0.001261,0.0034291999999999994,0.0010506000000000009,-0.0005170000000000001,0.0083808000000000007,0.0121642,0.0039655999999999997,-0.00045420000000000009,0.0019037999999999998,-0.0037214000000000001,0.0052875999999999999,-0.0059795999999999998,0.011537599999999999,-0.0022037999999999997,-0.0076882000000000009,0.0081144000000000008,-0.0025293999999999998,0.0030733999999999996,-0.0074831999999999997,-0.0017044,0.017880400000000001,0.0013227999999999998,-0.0030537999999999997,-0.0035736000000000001,-0.018827799999999999,-0.0044680000000000006,-0.0037569999999999999,-0.0087787999999999998,-0.0083860000000000011,0.0044720000000000003,-0.0096692000000000028,-9.0000000000003543e-06,-0.0015914000000000002,-0.00077559999999999999,-0.0015757999999999998,-0.0034064,0.0043128000000000003,-0.0018250000000000004,-0.0030722000000000002,-0.0013977999999999996,-0.0051102000000000005,0.00024580000000000001,-0.0005847999999999999,0.0006345999999999997,0.0056241999999999993,0.0066987999999999995,-0.0032507999999999999,-0.0017174,-0.0049890000000000004,-0.0017235999999999998,-0.011270799999999999,-0.0008556000000000002,0.0081506000000000009,0.010482999999999999,0.0049134000000000001,-0.0026069999999999999,-0.0039306000000000002,-0.0075036,-0.00025399999999999967,-0.010335199999999999,0.0018523999999999997,-0.0022941999999999993,0.012616,0.0060930000000000003,-0.012334000000000001,-0.0019374000000000008,0.0096026000000000011,-0.00038959999999999993,0.0033612,0.00045659999999999971,-0.0075338000000000002,0.00057339999999999995,-0.012229199999999999,0.0040402000000000007,-0.0016447999999999999,0.0031332000000000009,0.012881399999999999,0.0017386000000000005,-0.0022260000000000001,0.00098400000000000007,-0.00019260000000000002,-0.0030556000000000003,0.00076479999999999994,0.00097599999999999987,-0.00073679999999999991,-0.0032282000000000001,0.00055239999999999998,0.0019384000000000001,-0.0011195999999999999,-0.0025913999999999998,-0.0014226,-0.0005436000000000002,-0.0043040000000000005,-0.0016248,-0.0014066000000000003,0.00064339999999999992,-0.001758,0.0058036000000000008,0.00023719999999999991,-0.00022060000000000005,-0.0050635999999999997,-0.0021512000000000011,0.0038240000000000001,0.0036458000000000003,0.0041476000000000004,0.0096156000000000019,-0.0030084,0.00024399999999999997,0.0041244000000000003,-0.0060686000000000004,-0.0030439999999999998,-0.0029260000000000002,0.00843,0.0068696000000000009,-0.0058595999999999995,0.0036390000000000003,0.0011165999999999999,-0.0040850000000000001,-0.00040520000000000053,0.0005036000000000001,-0.0047801999999999992,0.0074379999999999993,-0.0052648,0.0066222,-0.011580199999999999,-0.0018063999999999997,-0.0060292000000000002,-0.0041072000000000001,-0.0106032,0.0011562,-0.00068099999999999996,4.6000000000000305e-06,0.0023970000000000007,-0.0016792000000000001,0.00047039999999999994,0.00017119999999999999,-0.0011814000000000002,-0.0036278000000000005,-0.0039299999999999995,-3.1800000000000109e-05,0.0038609999999999998,0.0034002000000000004,0.00086819999999999996,-0.00078859999999999998,-0.0066288000000000007,0.0013508000000000001,-0.00040759999999999972,-0.0021237999999999999,0.0027727999999999997,0.00053499999999999978,0.0035745999999999998,0.0036624000000000001,-0.0072887999999999998,-0.00098820000000000006,0.000678,-0.00086239999999999971,0.0032876000000000003,0.00084400000000000013,0.0022283999999999997,0.0035114,-0.00077600000000000011,0.0018531999999999999,-0.0034981999999999999,0.00060280000000000012,0.0074386000000000001,-0.0013670000000000002,0.0028774,-0.0039420000000000002,0.0040410000000000003,-0.0025792000000000002,-0.00093559999999999986,-0.0034407999999999999,0.0067942000000000002,-0.0034102,0.0029664000000000001,-0.0013569999999999999,-0.0034879999999999998,-0.0052894000000000005,0.00054079999999999992,-0.00083579999999999982,-0.0054880000000000016,0.0039349999999999993,0.00044020000000000002,0.0019348000000000002,-0.015133199999999999,0.00077680000000000012,-0.00065399999999999996,-0.00064519999999999996,0.0029229999999999998,0.0040409999999999995,-0.0013402000000000006,0.00013839999999999989,0.00099580000000000003,0.0022208000000000002,-0.00030940000000000004,0.0016432,0.0027876000000000003,-0.0048583999999999997,0.0013556,-0.0017647999999999993,-0.0023739999999999994,5.8799999999999911e-05,0.00098660000000000002,-0.00067200000000000007,0.0022694,-0.0011130000000000001,-0.00062120000000000003,-7.5200000000000093e-05,-0.0028018000000000001,-0.00048499999999999997,-0.00021319999999999976,-0.00056519999999999975,0.0023373999999999999,0.0011310000000000001,0.0017216,-0.0017328000000000001,-0.00017699999999999986,-0.0020568000000000001,-0.0027536000000000001,-0.00063459999999999981,0.0037942000000000002,0.0014524000000000002,0.0012707999999999999,0.0041683999999999992,-6.319999999999991e-05,-0.0033084000000000004,0.0017431999999999999,0.0013652,0.0002386,0.0024330000000000007,0.0073449999999999991,0.0031549999999999998,-0.0050981999999999998,-0.0057981999999999999,-0.0017250000000000002,-0.0016883999999999998,-0.0015339999999999998,0.00096360000000000011,-0.00030919999999999993,0.0029662,-0.0022265999999999996,-0.0011190000000000002,-0.0067283999999999998,0.0049588000000000002,0.0092443999999999998,-0.0027457999999999996,0.0023416000000000001,-0.001236000000000001,-0.0063124000000000001,-2.8199999999999981e-05,0.0001538,0.00096160000000000006,0.0044574000000000003,-0.0023724000000000002,0.00040700000000000014,-0.0011746,0.0012301999999999999,0.00096819999999999979,-0.0012937999999999999,-0.00022839999999999997,0.0003430000000000001,-0.00039099999999999996,0.0010030000000000002,-0.0007136,-0.0029675999999999999,0.00062439999999999989,-0.0056438000000000009,0.0020249999999999999,-0.00091559999999999992,-0.00096820000000000001,0.0020720000000000005,-0.001297,-0.0033945999999999998,-0.00081520000000000008,0.0012564,0.0003114000000000002,0.00056119999999999998,-0.00076119999999999985,0.0025834,0.0010558000000000004,-0.0025533999999999999,0.0018778000000000002,-0.00071600000000000006,-0.00056000000000000006,0.0027925999999999997,0.0019235999999999999,-0.0018674,0.0028716000000000002,-0.002065,-0.0018458000000000001,-0.00098259999999999992,0.00016360000000000002,0.0039237999999999999,-0.0032801999999999996,-0.0048462000000000002,0.0011244,0.00014780000000000001,-0.00058659999999999973,0.0028639999999999998,-0.0012932000000000004,-0.00014000000000000015,0.0022169999999999998,-0.0020600000000000002,-0.00022440000000000009,-0.0019386,-0.00087560000000000003,0.00054639999999999984,0.0045824000000000004,0.0043829999999999997,0.0046979999999999991,-0.0051059999999999994,0.0021926000000000003,-0.00084159999999999986,-0.0015597999999999996,0.0031437999999999995,-0.0002059999999999998,0.0055326000000000004,-0.00033200000000000005,0.0011489999999999998,-0.00080040000000000016,-0.00022899999999999993,0.0024846000000000004,0.0018602,-0.0019260000000000002,0.0020038,-0.0027937999999999999,7.0399999999999976e-05,-0.0020471999999999999,0.00040700000000000008,0.00089879999999999995,-0.0015428,0.0012103999999999999,-0.0013305999999999999,1.8800000000000132e-05,-0.00035439999999999999,0.00088759999999999989,-0.0020090000000000004,0.0028046,-0.00095619999999999993,0.00086059999999999999,-0.0029420000000000002,0.0016514000000000004,0.0018508000000000001,-0.00047199999999999987,0.0015614000000000001,2.5199999999999948e-05,-0.00036659999999999991,-0.0013864000000000003,-0.00030180000000000002,-0.00099580000000000024,0.0016064,4.6400000000000152e-05,0.00052259999999999991,0.00072999999999999996,-0.0020737999999999993,-0.00099379999999999998,-2.3000000000000017e-05,-0.00053779999999999995,0.00022879999999999998,-0.00022959999999999983,-0.0015931999999999999,-4.3999999999999985e-05,0.0023804,0.0024429999999999999,-0.0015038,-0.003094,-0.00046620000000000006,0.00066599999999999993,-0.00067619999999999985,0.0014658,-9.3399999999999777e-05,0.0015418000000000001,-0.0022452000000000001,-0.0013213999999999999,0.0016291999999999999,-0.0010305999999999998,0.0030394000000000003,0.0008074,-0.0011068000000000002,0.0037061999999999998,0.00054720000000000007,-0.0053805999999999993,0.0059718000000000002,0.00044840000000000038,0.0021099999999999999,0.0013097999999999999,0.0017166,0.0044261999999999999,-0.0065516000000000003,-6.7799999999999954e-05,-0.0049928000000000004,-0.0046650000000000007,-0.00027680000000000001
aug_between_class_right_pair0025_child08,TLE,1,1,Augmented,0,0,0,0,0,0.29554279999999999,2.2266037999999999,9.9999999999999995e-08,-2.9999999999999993e-07,0,0.98709760000000002,0,0.043322600000000003,-0.15323870000000001,0.0269269,0.087197900000000009,-0.074039000000000008,0.058290799999999997,-0.0033755999999999999,0.0028982000000000001,-0.027866999999999999,-0.09742300000000001,0.38485350000000002,-0.075972700000000004,-0.0073142999999999993,0.079107700000000003,0.0098633999999999996,-0.013464,-0.0019166000000000001,-0.045477900000000002,0.0427622,0.025166399999999998,-0.046081299999999999,0.0022093,-0.093487299999999995,0.011704899999999999,0.027305099999999999,-0.021866,0.0057560999999999984,0.0010201999999999989,-0.032465800000000003,0.036665199999999995,-0.058303000000000001,-0.0292298,0.073324199999999992,-0.034546,0.22053809999999999,-0.061315799999999997,0.0092964999999999992,-0.0010535999999999998,-0.0128638,-0.0077003999999999996,0.0040302999999999997,0.029838099999999999,-0.00017519999999999949,-0.0020692999999999996,-0.0127785,-0.029447499999999998,0.018122100000000002,0.026889799999999998,0.0259274,0.018514099999999999,-0.0095757999999999989,0.0083583000000000008,0.0145506,-0.047821199999999994,0.0062142999999999999,0.0029930000000000004,0.0012869000000000005,0.024771799999999997,-0.074531999999999987,-0.012369000000000002,-0.0272032,-0.0066647000000000008,0.012346899999999999,-0.0017749999999999999,-0.00084770000000000006,0.018019,0.015654299999999999,0.00040189999999999996,-0.0096963999999999991,0.0048192,0.0073244,-0.0023208999999999999,-0.0023097999999999999,0.013270599999999999,-0.013660199999999999,0.0147315,0.0077127999999999997,0.0029745999999999996,-0.017833800000000004,-0.0196226,0.0080437000000000008,-0.020650499999999999,-0.0066340000000000001,-0.0024231000000000001,0.0025474000000000017,0.0092520999999999992,-0.015390899999999999,0.0019099,-0.00067650000000000002,-0.0083540000000000003,0.015877200000000001,0.033584900000000001,0.005816899999999999,0.034064900000000002,-0.0107782,-0.00077260000000000002,-0.0028866,-0.0027575999999999998,-0.0091740999999999993,0.0126255,-0.0063525999999999999,-0.0043178000000000001,-0.0013954999999999998,0.0029410999999999999,0.0018393000000000007,-0.00027399999999999994,0.0080599000000000001,0.011769100000000001,0.0039782999999999997,-0.00042010000000000007,0.0011508999999999998,-0.0039702000000000001,0.0051287999999999993,-0.0061853000000000003,0.0112748,-0.0018438999999999999,-0.0082511000000000008,0.0084872000000000003,-0.0019991999999999996,0.0025656999999999998,-0.0067535999999999994,-0.0012646999999999997,0.018792199999999998,0.0016973999999999995,-0.0020663999999999999,-0.0037308000000000003,-0.0185449,-0.0056389999999999999,-0.0030030000000000005,-0.0091684000000000002,-0.0097915000000000016,0.0052525000000000002,-0.011142599999999999,-0.00099350000000000024,-0.00099069999999999996,-0.0010367999999999998,-0.0017318999999999998,-0.0034767000000000001,0.0043738999999999991,-0.0020370000000000006,-0.0032775999999999999,-0.0014633999999999999,-0.0053011000000000004,0.00018689999999999961,-0.00043440000000000015,0.00026879999999999981,0.0060686000000000004,0.0075173999999999996,-0.0030714000000000002,-0.0018007000000000001,-0.0052989999999999999,-0.0020602999999999997,-0.011268899999999998,-0.00066680000000000016,0.0080572999999999999,0.011117999999999999,0.0057736999999999997,-0.0025800000000000003,-0.0043783000000000008,-0.0076487999999999999,0.00017200000000000028,-0.0101256,0.0013567,-0.0021770999999999991,0.0117625,0.0066740000000000002,-0.012649000000000001,-0.0020752000000000001,0.0089638000000000009,0.00017320000000000009,0.0034121000000000004,0.00062230000000000011,-0.0076438999999999995,0.00057419999999999997,-0.011687599999999999,0.004733600000000001,-0.0015019000000000002,0.0031186000000000009,0.013525199999999999,0.0019938000000000004,-0.0022325000000000001,0.0010290000000000002,-9.9299999999999866e-05,-0.0031063000000000002,0.00090240000000000003,0.00057949999999999994,-0.00060740000000000002,-0.0034140999999999998,0.00051520000000000005,0.0018027,-0.00096679999999999986,-0.0025371999999999999,-0.0014082999999999999,-0.00078180000000000025,-0.0043885,-0.0017944,-0.0015588000000000002,0.00053319999999999995,-0.001916,0.0062098000000000006,1.8099999999999844e-05,-7.7999999999996475e-06,-0.0050733000000000002,-0.0027510999999999998,0.0037789999999999998,0.0039439000000000002,0.0041653000000000003,0.0096118000000000002,-0.0031467000000000001,5.7499999999999934e-05,0.0043351999999999991,-0.0063023000000000003,-0.0024159999999999997,-0.0031109999999999992,0.0086140000000000001,0.0078183000000000002,-0.0062392999999999997,0.0040599999999999994,0.0011568000000000001,-0.0035544999999999999,-0.00040809999999999978,0.00093830000000000009,-0.0046841000000000001,0.0075395000000000002,-0.0054939000000000003,0.0074165999999999989,-0.0111281,-0.0016902000000000002,-0.0057171000000000001,-0.0044856000000000002,-0.0106131,0.00092259999999999998,-0.00056899999999999995,7.5799999999999999e-05,0.0026534999999999996,-0.0016310999999999999,0.00032620000000000001,0.00019760000000000003,-0.0013187000000000001,-0.0037584000000000003,-0.0039160000000000002,-0.00019690000000000007,0.0037655000000000002,0.0036041000000000003,0.00070859999999999999,-0.0008738000000000001,-0.0073284000000000005,0.0013814000000000003,-0.00028880000000000008,-0.0019703999999999998,0.0029818999999999996,-1.3500000000000166e-05,0.0037178000000000003,0.0035947000000000002,-0.0073064000000000002,-0.0012381000000000004,0.00058499999999999991,-0.00079770000000000058,0.0036733000000000004,0.00078799999999999986,0.0017251999999999999,0.0034082000000000001,-0.00091,0.0014261,-0.0033901000000000001,0.00064540000000000018,0.0077337999999999999,-0.0016895,0.0030201999999999998,-0.0040240000000000007,0.00462,-0.0031416,-0.00033829999999999993,-0.0033819000000000002,0.0066911000000000002,-0.0030120999999999998,0.0030302000000000003,-0.001065,-0.0037324999999999997,-0.0058507000000000003,0.00039790000000000008,-8.3900000000000467e-05,-0.0064275000000000009,0.0046944999999999999,0.00043459999999999999,0.0020184000000000001,-0.0150711,0.00076440000000000015,-0.00063500000000000004,-0.00073760000000000004,0.0029835,0.0044859999999999995,-0.0017841000000000001,5.5699999999999999e-05,0.0011244,0.0023538999999999999,-0.00020669999999999998,0.0016256,0.0029758000000000002,-0.0053071999999999998,0.0011908000000000001,-0.0018694,-0.0024164999999999998,-0.00011460000000000002,0.0010023,-0.00068649999999999983,0.0021741999999999998,-0.0010575000000000001,-0.00065410000000000002,-0.00018710000000000016,-0.0031614,-0.00029549999999999997,1.4400000000000133e-05,-0.00052459999999999996,0.0018307,0.0014950000000000002,0.0018743000000000002,-0.0018829000000000003,1.9499999999999986e-05,-0.0022444000000000001,-0.0028833000000000001,-0.00034680000000000019,0.0038486000000000002,0.0016306999999999997,0.0013588999999999999,0.0039066999999999999,0.00013140000000000005,-0.0036727000000000001,0.0013686,0.0013646000000000001,0.00018929999999999999,0.0030225000000000009,0.0079059999999999998,0.00349,-0.0055345999999999998,-0.0063140999999999996,-0.0017899999999999999,-0.0015712,-0.0016099999999999999,0.0014243000000000001,-0.00010310000000000007,0.0029966000000000003,-0.0020582999999999999,-0.0012515,-0.0071817000000000001,0.0048899,0.0089537000000000002,-0.0022339,0.0022837999999999999,-0.0015345000000000003,-0.0063397000000000002,-2.2100000000000049e-05,6.0400000000000004e-05,0.0011297999999999998,0.0046282000000000007,-0.0024391999999999999,0.00043550000000000001,-0.0010443,0.0012355999999999999,0.0010115999999999999,-0.0013974000000000002,-0.00018369999999999991,0.00037250000000000022,-0.00034949999999999998,0.0011635000000000003,-0.0010443000000000002,-0.0030603000000000002,0.00065519999999999999,-0.0056974,0.0019335000000000001,-0.0010088,-0.0010716,0.0025165000000000005,-0.0014275000000000004,-0.0035653,-0.00077959999999999987,0.0014361999999999999,0.00060370000000000009,0.00060110000000000003,-0.00043159999999999987,0.0023002000000000001,0.0013554000000000005,-0.0026616999999999995,0.0018599000000000001,-0.0013195000000000001,-0.00048700000000000002,0.0027687999999999996,0.0017637999999999998,-0.0017717,0.0029538000000000003,-0.0019859999999999999,-0.0018339000000000001,-0.00085130000000000004,9.4799999999999973e-05,0.0041323999999999996,-0.0033825999999999999,-0.0046870999999999996,0.0012166999999999998,0.00046989999999999998,5.5200000000000041e-05,0.0028484999999999999,-0.0017011000000000003,-0.00082500000000000021,0.0017885000000000002,-0.0018610000000000002,-0.00027819999999999999,-0.0021087999999999997,-0.00075730000000000003,0.00021569999999999993,0.0046277000000000002,0.0044029999999999998,0.0044254999999999997,-0.0044805000000000001,0.0023433,-0.00059879999999999992,-0.0010734,0.0029878999999999999,1.1500000000000225e-05,0.0054987999999999999,-0.00046849999999999995,0.0011480000000000001,-0.00083720000000000018,-0.0001519999999999999,0.0029862999999999999,0.0019591000000000001,-0.0020480000000000003,0.0023004000000000002,-0.0030079000000000004,0.00011569999999999999,-0.0021281,0.00055000000000000036,0.00077289999999999998,-0.0015268999999999999,0.0011306999999999999,-0.0013508000000000001,0.00013690000000000002,-0.00032419999999999997,0.00099829999999999993,-0.0022955000000000002,0.0030472999999999997,-0.0011596000000000002,0.00089680000000000011,-0.0030759999999999997,0.0017777000000000001,0.0018928999999999999,-0.00028299999999999994,0.0013462000000000001,-0.00011589999999999998,-0.00024679999999999998,-0.0015562000000000002,-0.00033090000000000007,-0.0011379000000000003,0.0017612000000000005,0.00029120000000000009,0.0005798,0.0007490000000000001,-0.0020263999999999998,-0.00096089999999999999,-0.00019049999999999997,-0.00051589999999999991,0.0002254,-1.4799999999999926e-05,-0.0018365999999999999,-6.1499999999999977e-05,0.0025152,0.0021050000000000001,-0.0014609,-0.0033935000000000002,-0.00050810000000000004,0.00078000000000000009,-0.00058460000000000001,0.0012978999999999998,4.5800000000000029e-05,0.0013933999999999999,-0.0025266000000000004,-0.0014176999999999998,0.0014046,-0.00051279999999999989,0.0030177000000000003,0.00095819999999999998,-0.0013508999999999999,0.0038320999999999997,0.00055960000000000016,-0.004927299999999999,0.0059183999999999999,0.0008187,0.0021770000000000001,0.0010973999999999999,0.0017272999999999998,0.0046121000000000001,-0.0066788000000000004,0.00010959999999999998,-0.0050094000000000007,-0.004973,-0.00050240000000000029
aug_between_class_right_pair0026_child01,Healthy,0,0,Augmented,0,0,0,0,0,0.29604179999999997,2.0453733999999999,0,-9.9999999999999995e-07,0,1.0463571,0,0.035295199999999999,-0.14694009999999999,0.020281199999999999,0.062462099999999993,-0.082138599999999992,0.063008599999999998,0.0060255000000000013,0.0113212,-0.028884400000000001,-0.084339300000000006,0.35459799999999997,-0.081820799999999999,-0.054514099999999996,0.091509399999999991,-0.0073444999999999977,-0.015425300000000001,-0.0055696999999999995,-0.058250500000000004,0.021555499999999998,0.0400106,-0.036519999999999997,0.0094325999999999976,-0.094105800000000003,0.0082536999999999992,0.035734399999999999,-0.0157693,0.0092546,0.028108300000000003,-0.049118599999999998,0.028709100000000001,-0.069154899999999991,-0.079878000000000005,0.097035899999999994,-0.059110200000000002,0.2118428,-0.041894899999999999,0.0080777000000000002,-0.0022994000000000001,-0.0091927000000000016,-0.0189678,-0.00086799999999999985,0.0293011,-0.0061121000000000005,-0.012794900000000001,-0.0081501000000000004,-0.022133699999999999,0.010006299999999999,0.021783200000000003,0.027804100000000002,0.016272699999999998,-0.015355599999999999,-0.0013105000000000005,0.02273,-0.0505549,0.0072621999999999999,0.0060662000000000008,-0.0204482,0.0261388,-0.093926599999999999,-0.012481300000000001,-0.0165428,-0.0294582,0.021161699999999999,-0.0011963000000000002,0.0056010000000000001,0.0211702,0.013487700000000002,0.00061340000000000006,-0.0050837999999999994,0.0047527999999999997,0.0061500000000000001,-0.0064452999999999993,0.0039138000000000003,-0.0013451000000000001,-0.0133703,0.0029643999999999998,0.0042892,-0.0013105,-0.0100996,-0.0094003999999999997,0.012692799999999999,-0.010918300000000001,-0.0080076999999999995,0.00056769999999999998,-0.0016344999999999999,0.0043005999999999999,-0.0119857,-0.0022766999999999996,0.0075393999999999999,-0.013726499999999999,0.0044381999999999998,0.031774700000000003,0.002928,0.031620700000000002,-0.0142893,0.0022767,0.00050810000000000004,-0.0031522,-0.0059490999999999997,0.0092411999999999998,-0.0014331000000000001,0.00059950000000000021,-0.0016948,0.0057660000000000003,-0.0023615000000000003,-0.00054710000000000002,0.0072811000000000004,0.0122162,0.0028362999999999999,-0.0026835000000000006,0.007977999999999999,-0.0085841000000000008,0.0049163999999999996,-0.00040820000000000006,0.0107866,-0.0012063,-0.013565600000000001,0.0085400999999999984,-0.0017321999999999999,-0.0051604000000000016,-0.0102916,-0.0020786999999999997,0.010955599999999999,0.0076228000000000008,-0.0048850999999999999,0.0014485999999999998,-0.0108583,-0.0055110000000000003,-0.0123143,-0.0011071000000000006,-0.00066340000000000019,0.00086570000000000017,-0.0123894,-0.0052727,-0.0033998000000000001,-0.0027859,0.00034860000000000002,-0.00090079999999999999,-0.00039270000000000006,0.0025805000000000003,-0.0045992000000000003,0.0018403000000000002,-0.0033447000000000004,0.0027694,0.0035596,-0.00013630000000000001,0.0027261999999999998,-0.0020942999999999995,-0.0043322999999999999,0.0028085000000000002,-3.6800000000000027e-05,-0.0036754999999999991,-0.0094968999999999991,-0.0066828,0.0077070000000000003,-0.0016117000000000002,-0.0010122,-0.0033537000000000003,0.0031117000000000007,-0.0062364999999999999,-0.0030188999999999997,-0.014093699999999999,0.0028230999999999998,0.0012939999999999998,0.0097019000000000011,0.0076378000000000001,-0.014496000000000002,0.0018930000000000002,0.011251799999999999,0.0025644999999999999,0.0054882999999999998,0.0103531,-0.0076219000000000009,0.0049974000000000008,-0.015013,-0.0024859999999999999,0.0015521000000000001,-0.0115339,0.0123085,-0.00077780000000000004,-0.00070980000000000001,0.0019662999999999998,-0.00084979999999999995,-0.0061457000000000005,0.00017909999999999996,0.002872,-0.0026451000000000001,-0.0026839999999999998,0.0019287000000000002,0.0020214999999999999,-0.0015781,0.0015563999999999999,-0.0028130999999999998,0.0020076999999999998,-0.007269900000000001,0.00018830000000000024,-0.0016978000000000002,0.0024844000000000003,0.0010964999999999998,0.0014338,-0.0004885,-0.0032699999999999999,-0.0045450999999999998,-0.0022415999999999994,0.0030788999999999999,-0.001013,0.0013814000000000001,0.0075548999999999998,-0.0010832999999999999,0.0014119000000000002,0.001072,-0.00037479999999999989,0.00012480000000000043,0.0013622,0.0067457999999999997,-0.0018993999999999999,-0.0034207,0.0017959999999999999,-2.0899999999999912e-05,-0.0022226999999999998,0.0019147000000000001,0.0050934999999999991,-0.0027641999999999996,0.00069169999999999995,-0.0017184000000000001,0.0031140999999999999,-0.0094193000000000002,0.0097254000000000004,-0.0065519000000000003,-0.0023085000000000002,-0.0061833999999999995,0.0024654,-0.00092920000000000003,-0.002356,0.00010470000000000011,-0.0025960000000000002,0.0019510000000000005,-0.00076029999999999999,-0.00034249999999999998,-0.0013368999999999998,-0.003209,-0.00035410000000000004,0.0048557000000000001,-0.0010913000000000001,0.0004283,0.0010510999999999997,-0.0018512000000000001,0.0010941,0.0038815,-0.00091089999999999986,-0.0015163000000000002,0.00029179999999999994,-0.0012246999999999998,0.0043333000000000009,-0.0021312000000000002,0.0020710999999999998,0.0035703000000000002,-0.0074397000000000005,0.0034024000000000003,0.0015186000000000002,-0.0026670000000000001,-4.9999999999963268e-07,0.0014962999999999999,0.0020579000000000001,-0.0022469,0.00044530000000000004,0.0043441,0.0026019999999999997,-0.0011592999999999998,0.00233,0.0046336999999999993,-0.0028790999999999999,0.0020600000000000002,-0.00025699999999999985,0.0033257999999999999,-0.0050943000000000004,0.0040768999999999996,-0.0040233000000000005,0.00010610000000000003,-0.0044658000000000007,0.00050819999999999988,-0.00070159999999999927,-0.0017581000000000003,0.017429699999999999,0.00032759999999999999,0.0072093999999999995,-0.010692199999999999,0.0012310999999999999,-0.0005978,-0.00012439999999999999,0.0028653000000000003,0.0017721,0.0018240000000000003,-0.00093080000000000007,-0.00050660000000000006,0.0022418999999999998,0.00038989999999999988,0.0017689000000000001,0.0021907999999999997,-0.0014977999999999999,0.00085969999999999992,6.2799999999999981e-05,-0.0010243000000000001,-6.9399999999999979e-05,-0.00090399999999999986,0.0018090999999999999,0.0016188999999999999,-0.0026885999999999993,-0.0012862999999999998,0.0012278,-0.00036910000000000003,-0.0018035999999999998,-0.0026491000000000002,-0.0017916,0.0013805000000000002,-0.0013675,0.00089529999999999992,0.0013128000000000003,-0.0030568000000000001,0.00010950000000000011,-0.0029499000000000001,-0.0015822,9.7599999999999987e-05,-0.001106,0.0017774000000000002,0.00090399999999999986,-0.0022531999999999995,-0.0010257999999999999,0.0023714999999999999,0.00019700000000000002,6.2799999999999981e-05,-0.00064230000000000005,0.0082892999999999994,-0.00013860000000000044,-0.0031051000000000004,0.0022175999999999997,-8.0199999999999998e-05,-0.0013768999999999999,0.00022200000000000008,0.0049754000000000005,-0.0038769,0.001879,-0.0020038,0.0016911999999999999,-0.0015697,-0.00030420000000000029,0.0079933000000000001,-0.00022210000000000003,0.0048493,0.0043397000000000002,-0.0085170000000000003,-0.00089520000000000008,0.00067870000000000007,-0.00025580000000000004,0.0012499,-0.00036319999999999999,0.0012805,-0.00045700000000000005,0.00065940000000000009,0.00023830000000000002,0.00050000000000000001,-0.00044799999999999988,0.00050259999999999997,-0.0017900000000000001,0.00078479999999999999,0.0031265000000000004,-0.00091729999999999991,0.0015923999999999999,-0.002653,0.00011139999999999978,0.00065430000000000024,-0.0013334,0.00062629999999999999,-8.1800000000000037e-05,-0.0018396999999999999,-0.00084710000000000004,-0.00064449999999999989,0.0012001000000000004,0.0017201,-0.0015200999999999999,0.00069839999999999995,-7.1300000000000053e-05,-0.0016903000000000003,0.00078750000000000001,-1.1400000000000003e-05,-0.00011180000000000001,-0.0021315000000000001,0.0036629000000000002,-0.0016037,0.0019426999999999999,-0.0023616000000000002,-0.0020496999999999998,-0.00013560000000000004,-0.00056110000000000003,0.0011058999999999999,-0.0032345,-0.0030175000000000002,0.0012367000000000001,0.0005666,-0.0024815000000000002,0.00073930000000000003,0.00076420000000000025,0.0033672000000000003,-0.00031400000000000048,8.8900000000000264e-05,0.0014253,-0.00093759999999999991,-0.0010873999999999999,0.00014409999999999998,0.0049169000000000001,0.0028843999999999996,0.00047560000000000007,-0.0028218000000000002,0.0041757000000000001,0.00028300000000000005,-0.0018921999999999997,0.0039043999999999997,0.0078018999999999988,0.0010533999999999999,-0.00011150000000000005,0.00063910000000000008,0.00026980000000000005,-0.0012221000000000001,-0.0024841000000000004,0.00032040000000000004,-0.0013377999999999999,-0.00036779999999999994,-0.00094680000000000003,0.00052800000000000004,-0.00043419999999999998,-0.00058749999999999991,0.00079830000000000005,-0.00061029999999999993,-0.00046509999999999998,0.0010210000000000002,0.0012921999999999999,-0.00072029999999999978,0.00015530000000000003,0.0013794,0.0010269000000000001,0.00042640000000000001,-0.00042780000000000004,-0.00078370000000000002,0.0033911000000000002,0.00082089999999999984,-0.0012937999999999999,0.0017488999999999998,0.00069189999999999996,-0.0013814000000000001,0.00063480000000000025,0.00014310000000000001,0.00059699999999999998,-0.0016649,-0.00017799999999999994,0.0010633000000000001,-0.0018195000000000004,0.0005239,3.6999999999999273e-06,0.00034739999999999988,0.00047599999999999986,-0.00016550000000000007,-0.0023847,0.00013460000000000002,0.00020919999999999999,0.00077190000000000006,0.0013635000000000001,-0.0021581999999999999,0.0016299000000000003,0.0015666,-0.0017149999999999999,-0.00012029999999999997,0.0021616999999999999,-0.0024171000000000002,0.00059590000000000001,-0.0012745,-0.00090390000000000002,0.0012023000000000001,-0.0015715,0.0023712999999999998,-0.00013219999999999999,0.00036740000000000004,0.0027062000000000002,-0.0029578,-0.0058652000000000001,0.0051286999999999999,-0.0025518000000000003,-0.0013795000000000001,0.0053028000000000007,0.0013567,0.0063353000000000003,-0.0034149000000000002,-0.0030856,-0.00027680000000000001,-0.0058460999999999999,0.00016650000000000009
aug_between_class_right_pair0026_child02,Healthy,0,0,Augmented,0,0,0,0,0,0.29650460000000001,2.0352017999999998,-5.2939559203393771e-23,-9.9999999999999995e-07,0,1.0408801999999999,0,0.034903400000000001,-0.14518819999999999,0.0222014,0.062234199999999996,-0.08203619999999999,0.063416200000000006,0.0040020000000000012,0.0098424000000000011,-0.0305128,-0.084095600000000006,0.350356,-0.085257600000000003,-0.045774200000000001,0.0873998,-0.0060550000000000005,-0.014964600000000002,-0.0054374000000000002,-0.057884999999999999,0.021370999999999998,0.039134200000000001,-0.038108000000000003,0.0090811999999999993,-0.094313599999999997,0.0069713999999999991,0.036544799999999995,-0.015125599999999999,0.0107522,0.027129599999999997,-0.050641199999999997,0.030088199999999999,-0.067279800000000001,-0.075555999999999998,0.094409800000000002,-0.0558694,0.20839260000000001,-0.039646800000000003,0.0082673999999999994,-0.0021857999999999999,-0.0081454000000000006,-0.018191600000000002,0.0003060000000000005,0.029941200000000001,-0.0058171999999999998,-0.0116198,-0.0090842000000000006,-0.0222504,0.011333599999999999,0.020735400000000001,0.0264572,0.0163704,-0.014715199999999999,-0.0003630000000000002,0.021194000000000001,-0.0486708,0.0073024000000000006,0.0049234000000000005,-0.018284400000000003,0.026832599999999998,-0.093914200000000003,-0.0103096,-0.017806599999999999,-0.030610400000000003,0.019036400000000002,-0.0011865999999999999,0.0050450000000000009,0.020864399999999998,0.013167400000000001,0.00016080000000000001,-0.0066335999999999999,0.0046855999999999998,0.0061840000000000003,-0.0072655999999999997,0.0035065999999999999,-0.00079220000000000072,-0.0126176,0.0024787999999999998,0.0053763999999999999,-0.00061800000000000049,-0.0101122,-0.0088528000000000009,0.0126076,-0.0110676,-0.0079273999999999994,0.00033240000000000006,-0.0012780000000000001,0.0052452000000000002,-0.0115674,-0.00051539999999999919,0.0058927999999999993,-0.013334,0.0040883999999999998,0.0285954,0.0042189999999999997,0.029294399999999998,-0.013850599999999999,0.0031704000000000003,0.00065019999999999998,-0.0030813999999999998,-0.0053501999999999994,0.0087424000000000009,-0.0019362000000000001,0.00092700000000000074,-0.0016766000000000001,0.0055589999999999997,-0.0022710000000000004,-0.0013221999999999995,0.0069602000000000006,0.011108400000000001,0.0024006000000000001,-0.002036,0.0072749999999999993,-0.0079492,0.0051008000000000008,-0.0017263999999999995,0.0108772,-0.00078159999999999992,-0.012624200000000002,0.0086041999999999993,-0.0018313999999999997,-0.004413799999999999,-0.0099851999999999996,-0.0020384000000000001,0.0104812,0.0078646000000000011,-0.0044332,0.0014251999999999999,-0.011605600000000001,-0.0052970000000000005,-0.012280599999999999,-0.0012991999999999995,-0.00026580000000000093,0.0020784000000000002,-0.010429800000000001,-0.0049714000000000008,-0.0032276000000000002,-0.0025898000000000002,0.00047219999999999993,-0.00087059999999999991,-0.00034440000000000002,0.0021970000000000002,-0.0043424000000000006,0.0015406,-0.0031264000000000001,0.0027848,0.0033522000000000001,7.3999999999996378e-06,0.0027104,-0.0019055999999999997,-0.0042336000000000006,0.0021260000000000003,0.00011440000000000018,-0.0028189999999999995,-0.0098947999999999987,-0.0058536000000000005,0.0077299999999999999,-0.0019304000000000001,-0.0012944,-0.0032214000000000001,0.0021054000000000016,-0.0061869999999999998,-0.0024158000000000001,-0.013496399999999999,0.0033501999999999998,0.0010839999999999997,0.0098247999999999999,0.0076276,-0.014291000000000002,0.0025240000000000002,0.0118846,0.0020570000000000002,0.0053125999999999998,0.0096582000000000005,-0.0073807999999999999,0.0047578000000000013,-0.015172999999999999,-0.0010210000000000002,0.0017202000000000001,-0.011131800000000001,0.011911999999999999,-0.0010176,-0.00054159999999999994,0.0019605999999999998,-0.0005045999999999998,-0.0051984000000000006,0.00013919999999999991,0.0026440000000000005,-0.0026251999999999994,-0.0029859999999999999,0.0020043999999999999,0.0017929999999999999,-0.0012742000000000001,0.0010247999999999998,-0.0028631999999999998,0.0019413999999999998,-0.0072798000000000012,-0.00033039999999999974,-0.0015526000000000003,0.0023978000000000003,0.0010309999999999998,0.0012125999999999999,-0.00050700000000000007,-0.0032239999999999999,-0.0043151999999999999,-0.0023162000000000005,0.0028728,-0.001085,0.0016598000000000001,0.0073048000000000002,-0.00060159999999999988,0.00090580000000000001,0.0019260000000000002,-0.00054759999999999987,-0.00010139999999999932,0.0016394000000000001,0.0066185999999999997,-0.0011617999999999999,-0.0031164000000000001,0.001668,0.00078220000000000004,-0.0016753999999999998,0.0013893999999999998,0.0047449999999999992,-0.0033074000000000003,0.0013703999999999999,-0.0020018000000000002,0.0030642,-0.0096456000000000007,0.0090878,-0.0070038000000000001,-0.0022199999999999998,-0.0064808000000000001,0.0025057999999999999,-0.00079940000000000002,-0.0023279999999999998,-5.2599999999999869e-05,-0.0025800000000000003,0.0024610000000000001,-0.00086660000000000003,-0.00034899999999999997,-0.00094680000000000003,-0.002993,-0.00035320000000000013,0.0046924000000000002,-0.0011726,0.00027160000000000004,0.00084619999999999964,-0.0015843999999999999,0.0008701999999999999,0.004006,-0.00095179999999999983,-0.0015316000000000001,-0.00048940000000000029,-0.0013004,0.0041096000000000006,-0.0024044000000000001,0.0021402000000000001,0.0032566000000000001,-0.0069264000000000001,0.0027398000000000006,0.0015042000000000002,-0.0028069999999999996,0.0002329999999999997,0.0016026,0.0020468000000000001,-0.0022588,0.00061260000000000025,0.0044602000000000001,0.0023580000000000003,-0.00095760000000000007,0.0022420000000000001,0.0043413999999999996,-0.0030972,0.0021570000000000001,-0.00060399999999999994,0.0033005999999999999,-0.0046186000000000005,0.0037638000000000003,-0.0036885999999999998,-2.5799999999999977e-05,-0.0040536000000000001,0.00049139999999999991,-0.00060919999999999985,-0.0011862000000000005,0.0162734,0.00036019999999999997,0.0067197999999999997,-0.0106704,0.0011881999999999999,-0.00058260000000000007,-0.00028679999999999998,0.0027336000000000001,0.0017631999999999999,0.001526,-0.0010456,-0.00053120000000000012,0.0022028,0.00015880000000000007,0.0017008000000000001,0.0019055999999999999,-0.0010916000000000001,0.00095340000000000008,8.8599999999999985e-05,-0.00084160000000000007,-0.0002588,-0.00089499999999999996,0.0020222,0.0016408,-0.0027331999999999999,-0.0010976,0.00097260000000000001,-0.00036019999999999997,-0.0017061999999999997,-0.0026632000000000001,-0.0013591999999999996,0.00076000000000000004,-0.001307,0.0004416,0.00084860000000000014,-0.0030525999999999999,-2.0999999999999968e-05,-0.0028427999999999999,-0.0013623999999999999,0.00039919999999999995,-0.000941,0.0020008000000000005,0.00092900000000000014,-0.0016114,-0.0010346000000000001,0.0026100000000000003,0.000185,0.00044059999999999998,-0.00072960000000000006,0.0080496000000000005,-0.00017320000000000009,-0.0027592000000000007,0.0019892,-0.00039340000000000002,-0.00094879999999999986,0.00036200000000000007,0.0044348,-0.0034588000000000006,0.0014499999999999999,-0.0024005999999999997,0.0020004000000000003,-0.0015254000000000001,0.00021659999999999984,0.0080746000000000012,-0.00054020000000000001,0.0049735999999999999,0.0043574,-0.0082159999999999993,-0.0008474,0.0006334,-0.00025760000000000019,0.0012248000000000001,-0.00046540000000000004,0.0012850000000000001,-0.00042200000000000007,0.00057880000000000008,0.00029359999999999998,0.00045400000000000003,-0.00019699999999999996,0.00045319999999999996,-0.0017100000000000001,0.00070960000000000001,0.0030530000000000002,-0.00083659999999999995,0.0014598000000000002,-0.0024019999999999996,0.00021779999999999998,0.00074960000000000011,-0.0015338000000000001,0.00067660000000000007,-0.0002476,-0.0016283999999999999,-0.0010682000000000001,-0.00048500000000000003,0.00097520000000000018,0.0018522,-0.0015562,0.0007227999999999999,-2.3599999999999923e-05,-0.0017266000000000002,0.00086299999999999994,5.3199999999999999e-05,-0.00027660000000000011,-0.0020380000000000003,0.0034688000000000002,-0.0016254000000000002,0.0015653999999999998,-0.0024492000000000003,-0.0016993999999999998,-0.00013520000000000003,-0.0004752,0.0009278,-0.0027499999999999998,-0.0028739999999999998,0.0011704,0.00063020000000000003,-0.0024100000000000002,0.00073060000000000009,0.00083740000000000008,0.0031484,8.6000000000000139e-05,-8.6199999999999818e-05,0.0014205999999999999,-0.00094020000000000009,-0.0010807999999999998,-4.1800000000000027e-05,0.0049677999999999996,0.0031887999999999994,0.00078819999999999975,-0.0026886000000000002,0.0042424000000000003,-0.00010099999999999996,-0.0017463999999999995,0.0036787999999999999,0.0071637999999999997,0.0014047999999999999,0.00012100000000000001,0.00064420000000000005,0.00042360000000000005,-0.0010882000000000001,-0.0024322000000000002,0.0003388,-0.0013805999999999998,-0.0002545999999999999,-0.00091160000000000004,0.00052400000000000005,-0.00047140000000000002,-0.00050100000000000003,0.00080960000000000005,-0.00054359999999999999,-0.0004772,0.0010929999999999998,0.0012904000000000001,-0.00034459999999999987,0.00020360000000000002,0.0013438,0.00081380000000000005,0.00038880000000000018,-0.00049160000000000002,-0.00084939999999999994,0.0034422000000000003,0.00064579999999999998,-0.0012526,0.0014697999999999998,0.0004348,-0.0013048000000000003,0.00040360000000000005,5.7200000000000001e-05,0.00067299999999999999,-0.0015138,0.00029999999999999997,0.00077660000000000012,-0.0018480000000000003,0.0003968,-0.00011259999999999997,-1.2199999999999971e-05,0.00044899999999999996,-0.00027700000000000012,-0.0021594000000000001,0.00034319999999999999,0.00025039999999999996,0.00055179999999999997,0.0013490000000000002,-0.0022033999999999999,0.0013137999999999997,0.0014742000000000002,-0.0017300000000000002,3.3399999999999999e-05,0.0019583999999999999,-0.0020632000000000003,0.00055679999999999998,-0.0011050000000000001,-0.00085380000000000005,0.0013045999999999999,-0.0019220000000000001,0.0022475999999999998,-0.00011539999999999999,0.00014380000000000013,0.0027824,-0.0026646,-0.0056483999999999996,0.0047064000000000003,-0.0025606000000000001,-0.0013210000000000003,0.0049046000000000003,0.0014604000000000002,0.0060666000000000001,-0.0035168,-0.0029882000000000003,-0.00040459999999999997,-0.0056672000000000007,5.1000000000000047e-05
aug_between_class_right_pair0026_child03,Healthy,0,0,Augmented,0,0,0,0,0,0.29696739999999999,2.0250301999999998,5.2939559203393771e-23,-9.9999999999999995e-07,0,1.0354033,4.1359030627651384e-25,0.034511600000000003,-0.14343629999999999,0.0241216,0.0620063,-0.081933800000000001,0.0638238,0.0019785000000000011,0.0083635999999999988,-0.032141200000000002,-0.083851900000000007,0.34611399999999998,-0.088694399999999993,-0.037034299999999999,0.083290199999999995,-0.0047654999999999963,-0.014503900000000002,-0.0053051000000000001,-0.057519500000000001,0.0211865,0.038257799999999995,-0.039696000000000002,0.0087297999999999994,-0.094521400000000005,0.0056891000000000008,0.037355199999999998,-0.014481900000000001,0.0122498,0.026150899999999998,-0.052163799999999996,0.031467300000000004,-0.065404699999999996,-0.071233999999999992,0.091783699999999996,-0.052628599999999998,0.20494240000000002,-0.0373987,0.0084571000000000004,-0.0020722000000000002,-0.0070981000000000004,-0.017415400000000001,0.0014800000000000006,0.030581299999999999,-0.0055223000000000008,-0.010444699999999999,-0.010018300000000001,-0.022367099999999997,0.012660899999999999,0.0196876,0.025110300000000002,0.016468099999999999,-0.014074799999999998,0.00058449999999999995,0.019657999999999998,-0.046786700000000001,0.0073426000000000012,0.0037806000000000003,-0.016120599999999999,0.027526399999999999,-0.093901799999999994,-0.0081379,-0.019070400000000001,-0.031762600000000002,0.016911099999999998,-0.0011769,0.0044889999999999999,0.0205586,0.0128471,-0.00029179999999999961,-0.0081834000000000004,0.0046183999999999999,0.0062179999999999996,-0.0080858999999999983,0.0030994,-0.00023929999999999958,-0.011864900000000001,0.0019931999999999997,0.0064635999999999999,7.4499999999999914e-05,-0.0101248,-0.0083051999999999987,0.012522400000000001,-0.011216900000000002,-0.0078470999999999992,9.709999999999927e-05,-0.00092150000000000044,0.0061898000000000005,-0.0111491,0.0012459000000000012,0.0042461999999999995,-0.0129415,0.0037385999999999999,0.025416099999999997,0.0055099999999999993,0.026968099999999998,-0.013411900000000001,0.0040640999999999993,0.00079230000000000012,-0.0030106,-0.0047513,0.0082436000000000002,-0.0024393000000000001,0.0012544999999999995,-0.0016584,0.005352,-0.0021805000000000001,-0.0020972999999999999,0.0066392999999999999,0.0100006,0.0019649000000000003,-0.0013885000000000004,0.0065719999999999997,-0.0073143000000000001,0.0052852000000000003,-0.0030446000000000002,0.0109678,-0.00035690000000000006,-0.0116828,0.0086683000000000003,-0.0019306000000000002,-0.0036671999999999998,-0.0096787999999999996,-0.0019981,0.0100068,0.0081063999999999997,-0.0039813000000000001,0.0014017999999999997,-0.0123529,-0.0050829999999999998,-0.0122469,-0.001491300000000001,0.00013180000000000006,0.0032910999999999999,-0.0084702000000000006,-0.0046700999999999991,-0.0030554000000000002,-0.0023936999999999999,0.00059580000000000006,-0.00084039999999999983,-0.00029609999999999999,0.0018135,-0.0040856,0.0012409000000000001,-0.0029081000000000003,0.0028002000000000001,0.0031447999999999997,0.00015110000000000015,0.0026946000000000001,-0.0017168999999999997,-0.0041349000000000004,0.0014435000000000001,0.00026559999999999995,-0.0019624999999999994,-0.010292699999999998,-0.0050244,0.0077529999999999995,-0.0022491,-0.0015765999999999996,-0.0030891,0.0010991,-0.0061374999999999997,-0.0018126999999999998,-0.0128991,0.0038772999999999998,0.00087399999999999999,0.0099477000000000003,0.0076173999999999999,-0.014086000000000001,0.0031549999999999998,0.0125174,0.0015495000000000001,0.0051368999999999998,0.0089633000000000004,-0.0071397000000000006,0.0045182000000000009,-0.015332999999999999,0.00044400000000000028,0.0018882999999999999,-0.0107297,0.011515499999999998,-0.0012574000000000001,-0.00037340000000000008,0.0019548999999999999,-0.00015940000000000008,-0.0042511000000000007,9.9300000000000083e-05,0.0024160000000000002,-0.0026052999999999996,-0.0032879999999999997,0.0020801000000000001,0.0015644999999999999,-0.0009702999999999999,0.00049319999999999995,-0.0029132999999999997,0.0018750999999999998,-0.0072896999999999997,-0.00084909999999999977,-0.0014073999999999998,0.0023111999999999998,0.00096549999999999934,0.00099139999999999992,-0.00052549999999999993,-0.0031779999999999998,-0.0040853,-0.0023907999999999998,0.0026667000000000001,-0.001157,0.0019382000000000002,0.0070546999999999997,-0.00011989999999999993,0.00039970000000000012,0.0027800000000000004,-0.00072040000000000016,-0.00032759999999999994,0.0019165999999999999,0.0064913999999999996,-0.00042420000000000001,-0.0028121000000000001,0.0015399999999999999,0.0015853,-0.0011281000000000004,0.00086410000000000002,0.0043964999999999994,-0.0038505999999999992,0.0020490999999999999,-0.0022851999999999998,0.0030143000000000001,-0.0098718999999999994,0.0084502000000000015,-0.0074557,-0.0021315000000000001,-0.0067781999999999999,0.0025462000000000002,-0.00066960000000000001,-0.0023,-0.00020990000000000006,-0.0025640000000000003,0.0029709999999999997,-0.00097289999999999996,-0.00035549999999999997,-0.00055669999999999982,-0.002777,-0.0003523,0.0045290999999999994,-0.0012538999999999998,0.00011490000000000003,0.0006412999999999996,-0.0013175999999999999,0.00064629999999999993,0.0041304999999999996,-0.00099270000000000001,-0.0015468999999999997,-0.0012705999999999998,-0.0013760999999999997,0.0038859000000000003,-0.0026776000000000005,0.0022093,0.0029429,-0.0064130999999999997,0.0020772,0.0014898000000000003,-0.0029469999999999991,0.00046650000000000033,0.0017088999999999997,0.0020357000000000001,-0.0022707000000000001,0.00077990000000000004,0.0045763000000000002,0.0021139999999999996,-0.0007559,0.0021540000000000001,0.0040490999999999991,-0.0033153000000000002,0.0022539999999999995,-0.00095100000000000024,0.0032753999999999999,-0.0041428999999999997,0.0034506999999999993,-0.0033538999999999999,-0.00015770000000000004,-0.0036414000000000004,0.00047460000000000015,-0.00051679999999999999,-0.00061430000000000035,0.0151171,0.00039280000000000001,0.0062301999999999991,-0.010648599999999999,0.0011453000000000001,-0.00056740000000000002,-0.00044919999999999991,0.0026018999999999999,0.0017542999999999999,0.0012280000000000001,-0.0011604,-0.00055579999999999996,0.0021637000000000002,-7.2300000000000185e-05,0.0016326999999999999,0.0016203999999999997,-0.00068539999999999985,0.0010471,0.00011439999999999999,-0.00065889999999999992,-0.00044819999999999994,-0.00088599999999999985,0.0022353,0.0016626999999999996,-0.0027778000000000004,-0.00090889999999999992,0.00071739999999999998,-0.00035130000000000003,-0.0016087999999999999,-0.0026773000000000001,-0.00092679999999999965,0.00013950000000000008,-0.0012465,-1.2099999999999969e-05,0.00038440000000000002,-0.0030483999999999997,-0.00015150000000000005,-0.0027356999999999998,-0.0011426000000000001,0.0007007999999999999,-0.00077599999999999989,0.0022242,0.00095400000000000042,-0.00096959999999999993,-0.0010433999999999999,0.0028484999999999999,0.00017299999999999998,0.00081839999999999994,-0.00081689999999999996,0.0078098999999999998,-0.00020779999999999974,-0.0024133000000000002,0.0017607999999999999,-0.00070660000000000004,-0.00052070000000000003,0.00050200000000000006,0.0038942,-0.0030406999999999995,0.0010210000000000002,-0.0027973999999999994,0.0023096000000000002,-0.0014811,0.00073739999999999982,0.0081559000000000006,-0.0008583000000000001,0.0050978999999999998,0.0043751000000000007,-0.0079150000000000002,-0.00079960000000000003,0.00058810000000000004,-0.00025940000000000013,0.0011996999999999999,-0.00056760000000000003,0.0012894999999999994,-0.00038700000000000003,0.00049819999999999997,0.00034889999999999997,0.000408,5.4000000000000012e-05,0.00040380000000000006,-0.0016299999999999999,0.00063440000000000002,0.0029794999999999999,-0.0007559000000000001,0.0013271999999999997,-0.0021509999999999997,0.00032420000000000018,0.00084489999999999999,-0.0017342,0.00072690000000000005,-0.00041340000000000007,-0.0014170999999999999,-0.0012893,-0.0003255,0.00075029999999999986,0.0019842999999999996,-0.0015922999999999998,0.00074720000000000006,2.4099999999999989e-05,-0.0017629,0.00093849999999999999,0.00011779999999999996,-0.0004414000000000001,-0.0019445,0.0032747000000000002,-0.0016470999999999999,0.0011880999999999999,-0.0025368000000000001,-0.0013490999999999998,-0.00013480000000000024,-0.00038930000000000003,0.00074969999999999995,-0.0022654999999999997,-0.0027305000000000003,0.0011041,0.00069379999999999995,-0.0023385000000000003,0.00072189999999999993,0.00091059999999999991,0.0029296000000000001,0.00048600000000000032,-0.0002612999999999999,0.0014158999999999999,-0.00094280000000000004,-0.0010742,-0.00022770000000000001,0.0050186999999999992,0.0034931999999999997,0.0011007999999999999,-0.0025554000000000002,0.0043090999999999997,-0.00048499999999999997,-0.0016005999999999998,0.0034532,0.0065256999999999989,0.0017561999999999999,0.00035349999999999986,0.00064930000000000001,0.00057740000000000005,-0.00095430000000000005,-0.0023802999999999997,0.00035720000000000001,-0.0014233999999999998,-0.00014139999999999989,-0.00087640000000000005,0.00052000000000000006,-0.0005086,-0.00041450000000000005,0.00082090000000000006,-0.00047689999999999999,-0.00048930000000000002,0.0011649999999999998,0.0012886,3.1100000000000051e-05,0.0002519,0.0013082,0.00060070000000000002,0.00035120000000000003,-0.00055540000000000006,-0.00091509999999999996,0.0034932999999999995,0.00047069999999999989,-0.0012114000000000001,0.0011906999999999998,0.00017769999999999993,-0.0012282,0.00017239999999999985,-2.8700000000000023e-05,0.00074899999999999999,-0.0013626999999999999,0.00077799999999999983,0.00048990000000000004,-0.0018764999999999999,0.00026969999999999994,-0.00022890000000000003,-0.0003718000000000002,0.00042199999999999974,-0.00038849999999999985,-0.0019340999999999998,0.00055180000000000008,0.00029160000000000004,0.00033170000000000004,0.0013345,-0.0022485999999999999,0.0009976999999999998,0.0013818000000000001,-0.0017449999999999998,0.00018710000000000005,0.0017550999999999999,-0.0017093000000000002,0.00051770000000000006,-0.00093550000000000003,-0.00080370000000000007,0.0014069,-0.0022724999999999998,0.0021238999999999997,-9.8599999999999984e-05,-7.9799999999999988e-05,0.0028586000000000002,-0.0023714000000000001,-0.0054316,0.0042840999999999999,-0.0025693999999999999,-0.0012625,0.0045063999999999998,0.0015640999999999999,0.0057978999999999999,-0.0036186999999999999,-0.0028908000000000002,-0.00053240000000000004,-0.0054882999999999998,-6.4499999999999887e-05
aug_between_class_right_pair0026_child04,Healthy,0,0,Augmented,0,0,0,0,0,0.29743019999999998,2.0148586000000002,0,-9.9999999999999995e-07,0,1.0299263999999999,0,0.034119799999999999,-0.14168439999999999,0.0260418,0.061778399999999997,-0.081831399999999999,0.064231400000000008,-4.4999999999999806e-05,0.0068847999999999991,-0.033769599999999997,-0.083608200000000008,0.34187200000000001,-0.092131199999999996,-0.028294399999999997,0.079180600000000004,-0.0034759999999999991,-0.0140432,-0.0051728,-0.057154000000000003,0.021002,0.037381400000000002,-0.041284000000000001,0.0083783999999999994,-0.0947292,0.0044067999999999989,0.038165599999999994,-0.0138382,0.0137474,0.025172199999999999,-0.053686400000000002,0.032846399999999998,-0.063529599999999992,-0.066911999999999999,0.08915759999999999,-0.049387800000000003,0.20149220000000001,-0.035150600000000004,0.0086467999999999996,-0.0019586,-0.0060508000000000003,-0.0166392,0.002654000000000001,0.0312214,-0.0052274000000000001,-0.0092695999999999994,-0.010952399999999999,-0.022483799999999998,0.013988199999999999,0.018639800000000002,0.0237634,0.016565799999999999,-0.013434399999999999,0.0015319999999999999,0.018121999999999999,-0.044902600000000001,0.0073828000000000001,0.0026378,-0.0139568,0.028220200000000001,-0.093889399999999998,-0.0059661999999999996,-0.0203342,-0.032914800000000001,0.014785799999999998,-0.0011672000000000002,0.0039329999999999999,0.020252799999999998,0.012526800000000001,-0.0007444000000000001,-0.0097332000000000009,0.0045512,0.0062519999999999997,-0.0089061999999999995,0.0026922000000000001,0.00031359999999999982,-0.011112199999999999,0.0015075999999999996,0.0075507999999999999,0.00076700000000000032,-0.010137400000000001,-0.0077575999999999999,0.012437200000000001,-0.0113662,-0.0077667999999999999,-0.00013819999999999978,-0.00056499999999999996,0.0071343999999999991,-0.010730799999999999,0.0030072000000000007,0.0025995999999999988,-0.012548999999999999,0.0033887999999999995,0.022236799999999998,0.0068009999999999998,0.024641799999999998,-0.012973199999999999,0.0049578000000000001,0.00093440000000000005,-0.0029398000000000002,-0.0041523999999999997,0.0077448000000000005,-0.0029424000000000004,0.0015820000000000001,-0.0016401999999999999,0.0051450000000000003,-0.0020899999999999998,-0.0028724000000000002,0.0063184000000000001,0.0088927999999999993,0.0015292000000000001,-0.00074100000000000012,0.0058689999999999992,-0.0066793999999999994,0.0054695999999999998,-0.0043628,0.011058399999999999,6.7800000000000239e-05,-0.0107414,0.0087323999999999995,-0.0020298,-0.0029206000000000006,-0.0093723999999999995,-0.0019578,0.0095323999999999999,0.0083482000000000001,-0.0035293999999999994,0.0013783999999999999,-0.013100199999999999,-0.0048690000000000001,-0.0122132,-0.0016833999999999998,0.00052940000000000018,0.0045038000000000014,-0.0065105999999999992,-0.0043687999999999999,-0.0028832000000000003,-0.0021976000000000001,0.00071940000000000003,-0.00081019999999999985,-0.00024779999999999995,0.0014299999999999998,-0.0038288000000000003,0.00094120000000000011,-0.0026898,0.0028155999999999997,0.0029373999999999997,0.00029480000000000023,0.0026788000000000003,-0.0015281999999999997,-0.0040362000000000002,0.00076100000000000017,0.00041680000000000016,-0.0011059999999999996,-0.0106906,-0.0041951999999999996,0.0077759999999999999,-0.0025677999999999999,-0.0018588000000000001,-0.0029567999999999999,9.2800000000000087e-05,-0.0060879999999999997,-0.0012095999999999999,-0.0123018,0.0044044000000000002,0.00066400000000000009,0.010070600000000001,0.0076071999999999997,-0.013881000000000001,0.0037860000000000003,0.013150200000000001,0.0010420000000000002,0.0049611999999999989,0.0082684000000000004,-0.0068986000000000004,0.0042786000000000005,-0.015493,0.0019089999999999997,0.0020563999999999999,-0.010327599999999999,0.011118999999999999,-0.0014972000000000002,-0.0002052,0.0019491999999999999,0.00018580000000000029,-0.0033038000000000008,5.9399999999999818e-05,0.0021879999999999998,-0.0025853999999999999,-0.0035899999999999999,0.0021558000000000003,0.0013359999999999999,-0.00066639999999999994,-3.8400000000000229e-05,-0.0029634000000000001,0.0018087999999999997,-0.0072996000000000016,-0.0013677999999999995,-0.0012622,0.0022246000000000002,0.00089999999999999976,0.00077019999999999975,-0.00054400000000000021,-0.0031319999999999998,-0.0038553999999999997,-0.0024653999999999991,0.0024606000000000003,-0.0012290000000000001,0.0022166,0.0068046000000000001,0.00036180000000000034,-0.00010639999999999998,0.0036340000000000005,-0.00089320000000000014,-0.00055379999999999969,0.0021938000000000001,0.0063641999999999995,0.00031340000000000035,-0.0025078000000000001,0.0014119999999999998,0.0023884000000000002,-0.00058079999999999981,0.00033879999999999978,0.0040479999999999995,-0.0043937999999999989,0.0027277999999999998,-0.0025685999999999999,0.0029643999999999998,-0.0100982,0.0078126000000000011,-0.0079076000000000007,-0.0020430000000000001,-0.0070755999999999996,0.0025866000000000001,-0.0005398,-0.0022720000000000001,-0.00036720000000000004,-0.0025479999999999999,0.0034810000000000002,-0.0010792,-0.00036199999999999996,-0.00016659999999999988,-0.0025609999999999999,-0.00035140000000000003,0.0043658000000000004,-0.0013352000000000001,-4.1799999999999932e-05,0.00043639999999999998,-0.0010508,0.00042239999999999997,0.0042550000000000001,-0.0010336000000000002,-0.0015622000000000001,-0.0020518000000000003,-0.0014517999999999998,0.0036622,-0.0029508000000000004,0.0022783999999999999,0.0026291999999999999,-0.0058998000000000002,0.0014146000000000002,0.0014754,-0.0030869999999999995,0.0007000000000000001,0.0018152000000000001,0.0020246000000000001,-0.0022826000000000001,0.00094720000000000026,0.0046924000000000002,0.0018699999999999999,-0.00055419999999999992,0.0020660000000000001,0.0037567999999999998,-0.0035334000000000003,0.0023509999999999998,-0.0012980000000000003,0.0032502,-0.0036671999999999998,0.0031375999999999999,-0.0030191999999999997,-0.00028959999999999999,-0.0032292000000000002,0.00045779999999999996,-0.00042439999999999969,-4.2400000000000163e-05,0.013960799999999999,0.00042540000000000004,0.0057405999999999993,-0.0106268,0.0011023999999999999,-0.00055220000000000009,-0.0006115999999999998,0.0024702000000000001,0.0017454,0.00093000000000000005,-0.0012752,-0.0005803999999999998,0.0021245999999999999,-0.00030340000000000016,0.0015646000000000002,0.0013351999999999997,-0.00027919999999999985,0.0011408,0.00014019999999999999,-0.00047619999999999992,-0.0006376000000000001,-0.00087699999999999985,0.0024483999999999999,0.0016845999999999999,-0.0028224000000000001,-0.00072019999999999994,0.00046219999999999985,-0.00034239999999999997,-0.0015114,-0.0026914,-0.00049439999999999955,-0.00048100000000000009,-0.001186,-0.00046580000000000005,-7.9800000000000097e-05,-0.0030442000000000004,-0.00028199999999999992,-0.0026286,-0.00092279999999999999,0.0010024000000000001,-0.000611,0.0024476000000000003,0.00097899999999999984,-0.00032779999999999994,-0.0010522000000000001,0.0030869999999999999,0.00016100000000000001,0.0011961999999999999,-0.00090419999999999997,0.0075701999999999992,-0.00024240000000000025,-0.0020674000000000001,0.0015323999999999997,-0.0010198,-9.2599999999999974e-05,0.0006420000000000001,0.0033536,-0.0026226000000000001,0.00059200000000000008,-0.0031941999999999995,0.0026187999999999997,-0.0014368,0.0012581999999999999,0.0082372000000000001,-0.0011764000000000002,0.0052221999999999998,0.0043928000000000005,-0.0076139999999999992,-0.00075179999999999995,0.00054279999999999997,-0.00026119999999999984,0.0011746,-0.00066980000000000002,0.0012939999999999996,-0.00035199999999999999,0.00041759999999999996,0.00040419999999999996,0.00036200000000000002,0.0003050000000000001,0.00035440000000000016,-0.0015500000000000002,0.00055919999999999993,0.0029060000000000002,-0.00067519999999999993,0.0011946000000000001,-0.0018999999999999998,0.00043059999999999995,0.00094019999999999998,-0.0019346000000000001,0.00077720000000000003,-0.00057920000000000009,-0.0012057999999999999,-0.0015104000000000001,-0.00016599999999999994,0.00052539999999999998,0.0021164000000000001,-0.0016284000000000001,0.00077160000000000011,7.1800000000000011e-05,-0.0017991999999999999,0.0010139999999999999,0.00018239999999999999,-0.00060620000000000021,-0.0018510000000000002,0.0030806000000000002,-0.0016688,0.00081079999999999976,-0.0026243999999999998,-0.00099879999999999977,-0.00013440000000000001,-0.0003034,0.00057160000000000002,-0.0017809999999999998,-0.0025869999999999999,0.0010378000000000002,0.00075739999999999998,-0.0022669999999999999,0.00071319999999999999,0.00098380000000000017,0.0027108000000000002,0.00088599999999999985,-0.00043639999999999987,0.0014112,-0.00094539999999999999,-0.0010675999999999999,-0.00041360000000000002,0.0050696000000000005,0.0037975999999999999,0.0014134,-0.0024222000000000002,0.0043758,-0.00086899999999999998,-0.0014547999999999996,0.0032275999999999997,0.0058875999999999998,0.0021076000000000003,0.00058600000000000015,0.00065439999999999997,0.00073120000000000021,-0.00082039999999999999,-0.0023284,0.00037560000000000002,-0.0014662,-2.8199999999999927e-05,-0.00084120000000000006,0.00051600000000000007,-0.00054580000000000004,-0.00032799999999999995,0.00083220000000000006,-0.00041019999999999994,-0.00050139999999999994,0.0012369999999999998,0.0012868000000000001,0.00040680000000000013,0.00030020000000000003,0.0012726,0.00038759999999999999,0.00031359999999999998,-0.00061920000000000009,-0.00098079999999999999,0.0035444000000000001,0.00029559999999999987,-0.0011701999999999999,0.00091159999999999982,-7.9400000000000046e-05,-0.0011516,-5.8800000000000128e-05,-0.00011460000000000005,0.000825,-0.0012116,0.0012560000000000002,0.00020320000000000017,-0.0019050000000000002,0.00014259999999999992,-0.00034520000000000004,-0.00073140000000000032,0.00039499999999999984,-0.0004999999999999999,-0.0017087999999999997,0.00076040000000000005,0.00033280000000000001,0.0001116,0.00132,-0.0022937999999999999,0.00068159999999999987,0.0012894,-0.0017599999999999998,0.00034080000000000004,0.0015517999999999999,-0.0013554000000000001,0.00047860000000000003,-0.00076599999999999997,-0.00075359999999999999,0.0015092,-0.0026230000000000003,0.0020001999999999997,-8.180000000000001e-05,-0.00030339999999999989,0.0029348,-0.0020782000000000001,-0.0052148000000000003,0.0038618000000000003,-0.0025781999999999997,-0.0012039999999999998,0.0041082000000000002,0.0016678000000000001,0.0055291999999999997,-0.0037206000000000001,-0.0027934000000000001,-0.00066020000000000011,-0.0053093999999999997,-0.00017999999999999993
aug_between_class_right_pair0026_child05,TLE,1,1,Augmented,0,0,0,0,0,0.2983558,1.9945154,0,-9.9999999999999995e-07,0,1.0189725999999999,0,0.033336200000000003,-0.13818060000000001,0.029882199999999998,0.061322599999999998,-0.081626599999999994,0.065046599999999996,-0.0040919999999999993,0.0039272000000000005,-0.037026400000000001,-0.083120799999999995,0.33338799999999996,-0.099004800000000004,-0.010814600000000001,0.070961400000000008,-0.00089700000000000023,-0.013121800000000001,-0.0049081999999999997,-0.056423000000000001,0.020632999999999999,0.035628599999999996,-0.04446,0.0076756000000000003,-0.095144800000000002,0.0018422000000000022,0.0397864,-0.012550800000000001,0.0167426,0.023214800000000001,-0.0567316,0.0356046,-0.059779399999999996,-0.058268,0.083905399999999991,-0.042906199999999999,0.19459180000000001,-0.030654400000000002,0.0090261999999999998,-0.0017314000000000001,-0.0039562,-0.015086800000000001,0.0050020000000000012,0.032501599999999999,-0.0046376000000000004,-0.0069194,-0.0128206,-0.0227172,0.016642799999999999,0.016544200000000002,0.021069600000000001,0.0167612,-0.012153600000000001,0.0034270000000000004,0.015050000000000001,-0.041134400000000002,0.0074631999999999997,0.0003522,-0.0096291999999999992,0.0296078,-0.093864599999999992,-0.0016228000000000015,-0.022861800000000002,-0.035219200000000006,0.0105352,-0.0011478,0.0028210000000000002,0.019641200000000001,0.0118862,-0.0016495999999999993,-0.0128328,0.0044168000000000002,0.0063200000000000001,-0.010546799999999999,0.0018778000000000002,0.0014193999999999995,-0.0096068000000000004,0.00053639999999999981,0.0097251999999999998,0.0021520000000000003,-0.010162600000000001,-0.0066624000000000006,0.012266800000000001,-0.011664800000000001,-0.0076061999999999996,-0.00060879999999999962,0.00014799999999999969,0.0090235999999999997,-0.0098941999999999988,0.0065298000000000023,-0.00069360000000000081,-0.011764,0.0026892000000000001,0.015878199999999999,0.009382999999999999,0.019989199999999999,-0.0120958,0.0067451999999999998,0.0012186,-0.0027981999999999998,-0.0029545999999999995,0.0067472000000000001,-0.0039486,0.0022369999999999994,-0.0016037999999999998,0.004731,-0.0019090000000000003,-0.0044225999999999996,0.0056766000000000004,0.0066771999999999995,0.00065780000000000005,0.0005539999999999997,0.0044629999999999991,-0.0054096000000000005,0.0058384000000000005,-0.0069991999999999997,0.011239600000000001,0.00091719999999999996,-0.0088586000000000012,0.0088605999999999997,-0.0022282000000000001,-0.0014274000000000005,-0.0087595999999999993,-0.0018771999999999999,0.0085836000000000003,0.0088318000000000008,-0.0026256000000000001,0.0013316000000000003,-0.0145948,-0.0044410000000000005,-0.0121458,-0.0020675999999999993,0.0013245999999999998,0.0069292000000000008,-0.0025914000000000011,-0.0037662000000000004,-0.0025388000000000003,-0.0018054,0.00096659999999999997,-0.00074980000000000001,-0.00015119999999999988,0.00066300000000000029,-0.0033152000000000004,0.00034180000000000007,-0.0022532000000000003,0.0028463999999999998,0.0025225999999999998,0.00058219999999999995,0.0026472000000000002,-0.0011507999999999998,-0.0038387999999999999,-0.00060399999999999961,0.00071920000000000035,0.00060700000000000012,-0.011486399999999999,-0.0025367999999999996,0.0078219999999999991,-0.0032051999999999996,-0.0024231999999999999,-0.0026922000000000001,-0.0019197999999999989,-0.0059890000000000004,-3.3999999999997574e-06,-0.011107199999999999,0.0054585999999999992,0.00024399999999999986,0.0103164,0.0075867999999999994,-0.013471,0.0050480000000000004,0.014415799999999999,2.7000000000000331e-05,0.004609799999999999,0.0068786000000000003,-0.0064164000000000001,0.0037994000000000005,-0.015813000000000001,0.0048389999999999987,0.0023925999999999999,-0.0095234000000000013,0.010325999999999998,-0.0019767999999999999,0.00013119999999999994,0.0019377999999999999,0.00087620000000000016,-0.0014092000000000009,-2.0400000000000279e-05,0.001732,-0.0025455999999999994,-0.0041939999999999998,0.0023071999999999997,0.00087900000000000001,-5.8600000000000015e-05,-0.0011015999999999999,-0.0030636000000000001,0.0016761999999999999,-0.0073194000000000002,-0.0024051999999999997,-0.00097179999999999999,0.0020514000000000001,0.00076899999999999972,0.00032779999999999984,-0.00058099999999999992,-0.0030400000000000002,-0.0033955999999999999,-0.0026146000000000003,0.0020483999999999997,-0.0013729999999999999,0.0027734000000000001,0.0063043999999999999,0.0013252000000000003,-0.0011185999999999995,0.0053420000000000013,-0.0012388,-0.0010061999999999998,0.0027482000000000001,0.0061098000000000003,0.0017886000000000002,-0.0018992,0.0011559999999999999,0.0039946000000000001,0.00051380000000000002,-0.00071179999999999985,0.0033509999999999998,-0.0054801999999999984,0.0040851999999999989,-0.0031354,0.0028646000000000001,-0.010550799999999999,0.0065374000000000005,-0.0088114000000000005,-0.0018660000000000005,-0.0076703999999999991,0.0026673999999999999,-0.00028019999999999998,-0.0022159999999999997,-0.00068179999999999998,-0.002516,0.0045009999999999998,-0.0012918000000000001,-0.00037500000000000001,0.00061360000000000006,-0.0021290000000000002,-0.00034959999999999999,0.0040391999999999997,-0.0014977999999999999,-0.00035519999999999996,2.6599999999999888e-05,-0.00051719999999999999,-2.5399999999999967e-05,0.0045040000000000002,-0.0011153999999999999,-0.0015927999999999999,-0.0036141999999999997,-0.0016031999999999997,0.0032148000000000003,-0.0034972000000000002,0.0024165999999999997,0.0020018000000000002,-0.0048732000000000003,8.9400000000000438e-05,0.0014466000000000001,-0.0033669999999999993,0.0011669999999999999,0.0020277999999999997,0.0020024000000000001,-0.0023064000000000001,0.0012818,0.0049245999999999995,0.001382,-0.00015080000000000003,0.00189,0.0031722,-0.0039696000000000002,0.002545,-0.0019919999999999998,0.0031998,-0.0027158000000000004,0.0025114,-0.0023498,-0.0005533999999999999,-0.0024048000000000003,0.00042419999999999979,-0.00023959999999999997,0.0011013999999999998,0.011648199999999999,0.0004906,0.0047613999999999998,-0.010583199999999999,0.0010165999999999999,-0.0005218,-0.00093639999999999988,0.0022068000000000001,0.0017275999999999999,0.0003340000000000001,-0.0015048000000000001,-0.00062959999999999991,0.0020464000000000003,-0.00076560000000000007,0.0014284,0.00076480000000000005,0.00053320000000000038,0.0013282000000000001,0.0001918,-0.00011080000000000001,-0.0010164,-0.00085899999999999995,0.0028746000000000002,0.0017283999999999997,-0.0029116000000000003,-0.00034279999999999998,-4.8199999999999979e-05,-0.00032459999999999998,-0.0013166,-0.0027196,0.00037040000000000006,-0.0017219999999999998,-0.001065,-0.0013731999999999998,-0.0010081999999999999,-0.0030358,-0.00054299999999999997,-0.0024143999999999997,-0.00048320000000000025,0.0016055999999999998,-0.000281,0.0028944000000000001,0.0010290000000000004,0.00095579999999999971,-0.0010698000000000001,0.0035639999999999999,0.00013699999999999997,0.0019518000000000001,-0.0010788,0.0070907999999999995,-0.00031159999999999998,-0.0013756000000000003,0.0010755999999999999,-0.0016462,0.0007635999999999997,0.00092200000000000008,0.0022723999999999999,-0.0017864000000000001,-0.00026599999999999974,-0.0039877999999999997,0.0032371999999999995,-0.0013481999999999999,0.0022997999999999994,0.0083998000000000007,-0.0018126000000000001,0.0054707999999999996,0.0044282000000000002,-0.007012,-0.00065620000000000001,0.00045219999999999999,-0.00026479999999999993,0.0011244,-0.00087420000000000011,0.0013029999999999999,-0.00028200000000000002,0.00025640000000000005,0.00051479999999999994,0.00027,0.00080699999999999999,0.00025560000000000003,-0.00139,0.00040879999999999996,0.0027589999999999997,-0.00051380000000000002,0.00092940000000000004,-0.0013979999999999999,0.00064340000000000013,0.0011307999999999999,-0.0023354000000000001,0.00087780000000000009,-0.00091080000000000002,-0.00078319999999999996,-0.0019525999999999999,0.00015299999999999995,7.5600000000000103e-05,0.0023806000000000001,-0.0017006,0.00082039999999999999,0.00016719999999999994,-0.0018718000000000001,0.001165,0.00031159999999999993,-0.0009358000000000002,-0.0016640000000000001,0.0026924000000000002,-0.0017122000000000001,5.619999999999974e-05,-0.0027996000000000002,-0.00029819999999999998,-0.00013359999999999999,-0.00013160000000000005,0.00021539999999999992,-0.00081200000000000022,-0.0023,0.0009052000000000001,0.00088459999999999993,-0.002124,0.0006958,0.0011301999999999998,0.0022732,0.001686,-0.00078659999999999993,0.0014017999999999999,-0.00095060000000000012,-0.0010544,-0.00078540000000000012,0.0051713999999999996,0.0044063999999999996,0.0020385999999999998,-0.0021558000000000003,0.0045091999999999997,-0.001637,-0.0011631999999999997,0.0027764,0.0046113999999999999,0.0028104000000000002,0.0010510000000000003,0.0006646,0.0010387999999999999,-0.00055259999999999999,-0.0022245999999999998,0.00041240000000000005,-0.0015517999999999999,0.00019820000000000005,-0.00077080000000000009,0.00050799999999999999,-0.0006202,-0.00015500000000000003,0.00085479999999999996,-0.00027680000000000011,-0.00052559999999999998,0.0013809999999999998,0.0012832,0.0011581999999999999,0.00039680000000000005,0.0012014,-3.8599999999999962e-05,0.0002384000000000001,-0.00074679999999999994,-0.0011121999999999998,0.0036465999999999998,-5.4600000000000135e-05,-0.0010878000000000001,0.00035340000000000013,-0.00059360000000000001,-0.0009984000000000002,-0.00052119999999999998,-0.00028640000000000002,0.000977,-0.0009094000000000001,0.0022119999999999996,-0.00037019999999999978,-0.0019620000000000002,-0.0001116,-0.00057779999999999995,-0.0014505999999999998,0.00034099999999999994,-0.00072299999999999979,-0.0012581999999999999,0.0011776,0.00041520000000000001,-0.00032859999999999986,0.001291,-0.0023841999999999999,4.9400000000000117e-05,0.0011046000000000001,-0.0017899999999999999,0.00064820000000000014,0.0011451999999999999,-0.00064760000000000013,0.00040040000000000008,-0.00042700000000000008,-0.00065340000000000005,0.0017137999999999997,-0.0033239999999999997,0.0017527999999999997,-4.8200000000000006e-05,-0.00075059999999999992,0.0030872,-0.0014918000000000002,-0.0047811999999999993,0.0030172000000000003,-0.0025958000000000001,-0.0010870000000000001,0.0033118000000000002,0.0018751999999999998,0.0049918000000000002,-0.0039243999999999998,-0.0025986,-0.00091580000000000003,-0.0049516000000000004,-0.00041099999999999991
aug_between_class_right_pair0026_child06,TLE,1,1,Augmented,0,0,0,0,0,0.29881859999999999,1.9843438,0,-9.9999999999999995e-07,0,1.0134957,0,0.032944399999999999,-0.13642870000000001,0.031802400000000002,0.061094700000000002,-0.081524199999999991,0.065454200000000004,-0.0061154999999999985,0.0024484000000000007,-0.038654800000000003,-0.082877099999999995,0.32914599999999999,-0.10244160000000001,-0.0020747000000000022,0.066851800000000003,0.00039250000000000049,-0.012661100000000002,-0.0047758999999999996,-0.056057500000000003,0.020448500000000001,0.034752199999999997,-0.046047999999999999,0.0073241999999999995,-0.09535260000000001,0.00055990000000000206,0.040596799999999995,-0.0119071,0.018240199999999998,0.022236100000000002,-0.058254199999999999,0.036983699999999994,-0.057904299999999999,-0.053946000000000001,0.081279299999999999,-0.039665400000000003,0.19114160000000002,-0.028406300000000002,0.0092158999999999991,-0.0016178,-0.0029089000000000007,-0.0143106,0.0061760000000000001,0.033141700000000003,-0.0043427000000000006,-0.0057443000000000008,-0.013754699999999998,-0.022833899999999997,0.017970099999999999,0.015496400000000002,0.019722700000000003,0.0168589,-0.011513200000000001,0.0043744999999999999,0.013514000000000002,-0.039250300000000002,0.0075034000000000003,-0.00079059999999999981,-0.0074654000000000005,0.030301600000000001,-0.093852199999999997,0.000548899999999998,-0.024125600000000001,-0.036371399999999998,0.0084098999999999997,-0.0011381000000000002,0.0022650000000000001,0.019335399999999999,0.0115659,-0.0021021999999999994,-0.014382599999999999,0.0043496000000000003,0.0063540000000000003,-0.0113671,0.0014706000000000005,0.0019722999999999997,-0.0088541000000000019,5.0800000000000584e-05,0.0108124,0.0028444999999999998,-0.010175200000000001,-0.006114800000000001,0.012181600000000001,-0.011814100000000001,-0.0075258999999999994,-0.00084409999999999954,0.00050449999999999974,0.0099682,-0.0094758999999999989,0.0082911000000000009,-0.0023402000000000006,-0.0113715,0.0023394000000000002,0.012698899999999999,0.010673999999999998,0.017662900000000002,-0.0116571,0.0076388999999999988,0.0013606999999999998,-0.0027274000000000001,-0.0023556999999999996,0.0062484000000000003,-0.0044517000000000003,0.0025644999999999999,-0.0015855999999999999,0.0045240000000000002,-0.0018185000000000002,-0.0051976999999999995,0.0053557000000000006,0.0055693999999999995,0.00022210000000000068,0.0012014999999999994,0.0037600000000000003,-0.0047746999999999998,0.0060228,-0.0083173999999999991,0.0113302,0.0013418999999999996,-0.007917200000000001,0.0089247000000000007,-0.0023274000000000003,-0.0006808000000000005,-0.0084531999999999993,-0.0018368999999999998,0.0081092000000000004,0.0090736000000000011,-0.0021737000000000002,0.0013082,-0.015342099999999999,-0.0042269999999999999,-0.012112100000000001,-0.0022596999999999999,0.0017221999999999997,0.0081419000000000005,-0.00063180000000000094,-0.0034648999999999999,-0.0023666000000000004,-0.0016093000000000001,0.0010902000000000002,-0.00071959999999999993,-0.00010290000000000006,0.00027950000000000034,-0.0030584000000000002,4.2100000000000102e-05,-0.0020349000000000001,0.0028617999999999998,0.0023151999999999999,0.00072590000000000003,0.0026313999999999999,-0.00096210000000000002,-0.0037401000000000001,-0.0012864999999999994,0.00087040000000000012,0.0014634999999999997,-0.0118843,-0.0017076000000000001,0.0078449999999999995,-0.0035239000000000004,-0.0027053999999999997,-0.0025598999999999999,-0.0029260999999999992,-0.0059395000000000003,0.00059969999999999989,-0.010509900000000001,0.0059857,3.4000000000000176e-05,0.0104393,0.0075765999999999993,-0.013266,0.0056789999999999992,0.015048600000000001,-0.00048049999999999981,0.0044340999999999998,0.0061837000000000003,-0.0061752999999999999,0.003559800000000001,-0.015972999999999998,0.0063039999999999988,0.0025607,-0.0091213000000000006,0.0099294999999999991,-0.0022166,0.0002993999999999998,0.0019321,0.0012214000000000005,-0.0004619000000000012,-6.0299999999999894e-05,0.0015040000000000001,-0.0025256999999999996,-0.0044959999999999991,0.0023829000000000003,0.00065050000000000025,0.00024529999999999973,-0.0016331999999999998,-0.0031137000000000001,0.0016099,-0.0073293000000000004,-0.0029238999999999992,-0.00082659999999999993,0.0019648000000000001,0.00070350000000000013,0.00010659999999999988,-0.00059949999999999999,-0.0029940000000000001,-0.0031657,-0.0026891999999999997,0.0018423000000000001,-0.0014449999999999999,0.0030517999999999999,0.0060543000000000003,0.0018069000000000002,-0.0016246999999999998,0.0061960000000000001,-0.0014116000000000001,-0.0012323999999999998,0.0030253999999999997,0.0059826000000000002,0.0025261999999999993,-0.0015949,0.0010279999999999998,0.0047977000000000002,0.0010611000000000002,-0.0012371000000000001,0.0030025,-0.0060233999999999991,0.0047638999999999989,-0.0034188000000000001,0.0028146999999999998,-0.0107771,0.0058998000000000002,-0.0092633000000000004,-0.0017775000000000004,-0.0079678000000000006,0.0027077999999999998,-0.00015040000000000008,-0.0021880000000000003,-0.00083909999999999996,-0.0025000000000000001,0.005010999999999999,-0.0013981,-0.0003815,0.0010037000000000002,-0.0019130000000000002,-0.00034869999999999996,0.0038759000000000003,-0.0015791000000000002,-0.00051190000000000014,-0.00017829999999999994,-0.00025040000000000012,-0.00024929999999999983,0.0046285000000000007,-0.0011562999999999999,-0.0016081000000000001,-0.0043953999999999998,-0.0016788999999999999,0.0029911000000000004,-0.0037704000000000001,0.0024857,0.0016881000000000003,-0.0043598999999999999,-0.00057319999999999951,0.0014322000000000002,-0.0035069999999999997,0.0014004999999999998,0.0021340999999999995,0.0019913000000000001,-0.0023183000000000001,0.0014491,0.0050406999999999995,0.0011380000000000001,5.0899999999999936e-05,0.001802,0.0028799000000000003,-0.0041876999999999999,0.0026420000000000003,-0.0023389999999999999,0.0031746000000000001,-0.0022401000000000001,0.0021983000000000003,-0.0020151000000000001,-0.00068529999999999991,-0.0019926000000000006,0.00040740000000000004,-0.00014719999999999967,0.0016732999999999997,0.0104919,0.00052319999999999992,0.0042718000000000001,-0.0105614,0.00097370000000000009,-0.00050660000000000006,-0.0010987999999999998,0.0020751000000000003,0.0017187000000000001,3.6000000000000089e-05,-0.0016196000000000001,-0.00065419999999999996,0.0020073000000000001,-0.0009967000000000001,0.0013603000000000001,0.00047960000000000011,0.00093940000000000039,0.0014219,0.00021759999999999998,7.1900000000000013e-05,-0.0012057999999999999,-0.00084999999999999984,0.0030877000000000001,0.0017503,-0.0029562,-0.00015410000000000011,-0.0003034,-0.00031569999999999992,-0.0012191999999999999,-0.0027337000000000004,0.00080280000000000011,-0.0023425,-0.0010045,-0.0018268999999999996,-0.0014723999999999996,-0.0030316000000000006,-0.00067349999999999984,-0.0023073,-0.00026340000000000044,0.0019071999999999997,-0.000116,0.0031178,0.001054,0.0015975999999999998,-0.0010786000000000001,0.0038025000000000003,0.000125,0.0023295999999999998,-0.0011661,0.0068510999999999997,-0.00034619999999999963,-0.0010297000000000001,0.00084719999999999999,-0.0019594,0.0011916999999999995,0.001062,0.0017318000000000004,-0.0013683,-0.00069499999999999987,-0.0043845999999999989,0.0035464000000000003,-0.0013039,0.0028205999999999991,0.0084811000000000001,-0.0021307000000000001,0.0055951000000000004,0.0044459,-0.006711,-0.00060840000000000004,0.00040690000000000002,-0.00026660000000000008,0.0010993000000000001,-0.00097639999999999999,0.0013074999999999996,-0.00024700000000000004,0.00017580000000000007,0.00057009999999999993,0.00022400000000000002,0.0010579999999999997,0.00020620000000000002,-0.00131,0.00033360000000000003,0.0026855,-0.00043310000000000006,0.00079679999999999996,-0.001147,0.0007497999999999999,0.0012261000000000001,-0.0025357999999999999,0.00092810000000000006,-0.0010766,-0.00057190000000000008,-0.0021736999999999998,0.0003124999999999999,-0.00014929999999999989,0.0025126999999999997,-0.0017367000000000001,0.00084479999999999993,0.00021489999999999997,-0.0019081000000000002,0.0012404999999999998,0.00037619999999999993,-0.0011006000000000002,-0.0015705000000000003,0.0024983000000000002,-0.0017339,-0.00032109999999999951,-0.0028871999999999999,5.2099999999999803e-05,-0.00013319999999999999,-4.5700000000000081e-05,3.7299999999999985e-05,-0.00032750000000000032,-0.0021565000000000004,0.00083890000000000006,0.00094819999999999995,-0.0020525000000000001,0.00068709999999999995,0.0012034000000000001,0.0020544000000000001,0.0020859999999999997,-0.0009616999999999999,0.0013971000000000001,-0.00095320000000000008,-0.0010478,-0.00097130000000000014,0.0052222999999999992,0.0047107999999999994,0.0023511999999999995,-0.0020226000000000003,0.0045758999999999999,-0.0020210000000000002,-0.0010173999999999999,0.0025508000000000002,0.0039733000000000008,0.0031617999999999998,0.0012834999999999999,0.00066969999999999996,0.0011925999999999998,-0.00041870000000000009,-0.0021727000000000001,0.00043080000000000001,-0.0015945999999999998,0.00031139999999999998,-0.0007356000000000001,0.000504,-0.00065740000000000004,-6.8500000000000093e-05,0.00086609999999999996,-0.00021010000000000017,-0.0005376999999999999,0.0014529999999999999,0.0012813999999999998,0.0015338999999999999,0.00044510000000000003,0.0011658000000000003,-0.00025169999999999994,0.00020080000000000006,-0.00081060000000000008,-0.0011779,0.0036976999999999999,-0.00022969999999999989,-0.0010466,7.4300000000000125e-05,-0.00085069999999999992,-0.00092179999999999996,-0.00075239999999999997,-0.00037230000000000005,0.0010530000000000001,-0.00075830000000000005,0.0026899999999999997,-0.00065689999999999976,-0.0019905000000000001,-0.00023870000000000003,-0.00069410000000000001,-0.0018102000000000001,0.00031399999999999993,-0.00083449999999999985,-0.0010329,0.0013861999999999998,0.00045639999999999998,-0.00054869999999999984,0.0012765000000000001,-0.0024294,-0.00026669999999999981,0.0010122,-0.001805,0.00080190000000000003,0.00094190000000000007,-0.00029370000000000036,0.00036130000000000005,-0.00025750000000000002,-0.00060329999999999997,0.0018160999999999997,-0.0036744999999999998,0.0016291000000000001,-3.1400000000000004e-05,-0.00097419999999999972,0.0031634000000000002,-0.0011986000000000002,-0.0045643999999999997,0.0025949000000000002,-0.0026045999999999999,-0.0010285000000000001,0.0029136000000000001,0.0019788999999999996,0.0047231000000000009,-0.0040263,-0.0025011999999999999,-0.0010436,-0.0047727000000000004,-0.00052649999999999984
aug_between_class_right_pair0026_child07,TLE,1,1,Augmented,0,0,0,0,0,0.29928139999999998,1.9741721999999999,-5.2939559203393771e-23,-9.9999999999999995e-07,0,1.0080187999999999,0,0.032552600000000001,-0.13467680000000001,0.033722599999999998,0.060866799999999999,-0.081421800000000003,0.065861799999999998,-0.0081390000000000004,0.00096959999999999885,-0.040283200000000005,-0.082633399999999996,0.32490399999999997,-0.10587840000000001,0.0066652000000000031,0.062742199999999998,0.0016820000000000012,-0.0122004,-0.0046435999999999995,-0.055692000000000005,0.020264000000000001,0.033875799999999998,-0.047636000000000005,0.0069727999999999995,-0.095560400000000004,-0.00072239999999999978,0.041407199999999998,-0.0112634,0.0197378,0.021257400000000003,-0.059776800000000005,0.038362800000000002,-0.056029199999999994,-0.049624000000000001,0.078653199999999993,-0.036424600000000001,0.18769140000000001,-0.0261582,0.0094056000000000001,-0.0015042,-0.0018616000000000006,-0.0135344,0.0073500000000000015,0.033781800000000001,-0.0040477999999999998,-0.004569199999999999,-0.0146888,-0.022950599999999998,0.019297399999999999,0.014448600000000001,0.018375800000000001,0.016956599999999999,-0.010872799999999998,0.0053220000000000003,0.011977999999999999,-0.037366200000000002,0.0075435999999999993,-0.0019334000000000005,-0.0053015999999999983,0.030995400000000003,-0.093839800000000001,0.0027206000000000001,-0.025389399999999999,-0.037523600000000004,0.0062845999999999978,-0.0011284000000000001,0.0017089999999999998,0.019029600000000001,0.0112456,-0.0025548000000000003,-0.015932400000000003,0.0042824000000000004,0.0063879999999999996,-0.012187399999999999,0.0010633999999999999,0.0025252,-0.0081013999999999999,-0.00043480000000000038,0.0118996,0.0035370000000000002,-0.0101878,-0.0055672000000000004,0.0120964,-0.011963400000000001,-0.0074456000000000001,-0.0010793999999999999,0.00086100000000000065,0.0109128,-0.009057599999999999,0.010052400000000001,-0.0039868000000000021,-0.010978999999999999,0.0019895999999999994,0.0095195999999999996,0.011964999999999998,0.015336599999999999,-0.0112184,0.0085325999999999996,0.0015028000000000001,-0.0026565999999999998,-0.0017567999999999993,0.0057495999999999997,-0.0049548000000000005,0.0028919999999999996,-0.0015674,0.0043169999999999997,-0.0017280000000000002,-0.0059728000000000003,0.0050347999999999999,0.0044616000000000005,-0.00021359999999999999,0.0018490000000000004,0.003056999999999999,-0.004139799999999999,0.0062072000000000004,-0.0096356000000000011,0.0114208,0.0017666000000000005,-0.0069757999999999999,0.0089887999999999999,-0.0024266000000000001,6.5799999999999973e-05,-0.0081467999999999992,-0.0017966,0.0076347999999999997,0.0093154000000000015,-0.0017217999999999999,0.0012848000000000002,-0.0160894,-0.0040130000000000001,-0.012078400000000001,-0.0024517999999999996,0.0021198000000000002,0.0093546000000000011,0.0013278000000000007,-0.0031635999999999999,-0.0021944,-0.0014131999999999999,0.0012137999999999999,-0.00068939999999999995,-5.4599999999999918e-05,-0.00010400000000000014,-0.0028016,-0.00025759999999999997,-0.0018165999999999998,0.0028771999999999999,0.0021078,0.0008696,0.0026156,-0.00077339999999999983,-0.0036413999999999999,-0.0019690000000000003,0.0010216000000000003,0.00232,-0.0122822,-0.00087839999999999967,0.007868,-0.0038426000000000003,-0.0029876000000000004,-0.0024275999999999998,-0.0039324000000000008,-0.0058900000000000003,0.0012028000000000004,-0.0099126000000000006,0.0065128,-0.00017599999999999951,0.010562200000000001,0.0075663999999999992,-0.013061000000000001,0.0063100000000000005,0.015681400000000002,-0.00098799999999999951,0.0042583999999999999,0.0054888000000000003,-0.0059342000000000006,0.0033201999999999997,-0.016132999999999998,0.0077689999999999999,0.0027288,-0.0087191999999999999,0.0095329999999999998,-0.0024564000000000001,0.00046759999999999944,0.0019264,0.0015666000000000009,0.00048539999999999998,-0.00010019999999999994,0.0012759999999999998,-0.0025057999999999999,-0.0047980000000000002,0.0024586,0.00042200000000000007,0.00054920000000000034,-0.0021648000000000006,-0.0031638,0.0015436,-0.0073392000000000006,-0.0034425999999999992,-0.00068139999999999987,0.0018781999999999998,0.00063800000000000011,-0.00011460000000000029,-0.00061800000000000006,-0.0029480000000000001,-0.0029357999999999997,-0.0027637999999999999,0.0016361999999999998,-0.0015170000000000001,0.0033302000000000002,0.0058041999999999998,0.0022886000000000004,-0.0021308000000000004,0.0070500000000000007,-0.0015844000000000001,-0.0014586,0.0033026000000000006,0.0058554000000000002,0.0032638000000000016,-0.0012905999999999998,0.00089999999999999998,0.0056008000000000013,0.0016084000000000007,-0.0017623999999999999,0.0026539999999999997,-0.0065665999999999997,0.0054425999999999997,-0.0037022000000000005,0.0027648,-0.0110034,0.0052621999999999999,-0.0097152000000000002,-0.001689,-0.0082652000000000003,0.0027482000000000001,-2.0599999999999959e-05,-0.00216,-0.00099640000000000015,-0.0024840000000000001,0.0055209999999999999,-0.0015044000000000001,-0.000388,0.0013938000000000002,-0.0016969999999999999,-0.00034780000000000005,0.0037125999999999999,-0.0016604,-0.00066859999999999999,-0.0003832000000000001,1.6400000000000236e-05,-0.00047320000000000001,0.0047530000000000003,-0.0011972,-0.0016234000000000001,-0.0051766000000000008,-0.0017546,0.0027673999999999997,-0.0040436000000000005,0.0025548000000000003,0.0013743999999999998,-0.0038465999999999999,-0.0012358000000000004,0.0014178000000000001,-0.0036470000000000001,0.001634,0.0022404,0.0019802000000000001,-0.0023302000000000002,0.0016164,0.0051567999999999996,0.00089399999999999983,0.00025260000000000007,0.001714,0.0025875999999999998,-0.0044057999999999996,0.0027389999999999997,-0.0026860000000000005,0.0031494000000000001,-0.0017643999999999997,0.0018851999999999996,-0.0016803999999999999,-0.00081719999999999991,-0.0015804000000000005,0.00039059999999999984,-5.479999999999938e-05,0.0022452000000000001,0.0093355999999999995,0.00055580000000000007,0.0037821999999999995,-0.0105396,0.00093080000000000007,-0.00049140000000000002,-0.0012612000000000001,0.0019434000000000001,0.0017098,-0.00026200000000000013,-0.0017344000000000001,-0.0006787999999999998,0.0019681999999999998,-0.0012278000000000002,0.0012921999999999999,0.00019439999999999995,0.0013456000000000004,0.0015156000000000002,0.00024340000000000003,0.00025460000000000006,-0.0013952000000000001,-0.00084099999999999995,0.0033008,0.0017721999999999998,-0.0030007999999999996,3.4600000000000082e-05,-0.00055860000000000013,-0.00030679999999999998,-0.0011217999999999998,-0.0027477999999999999,0.0012352000000000003,-0.0029630000000000004,-0.00094399999999999996,-0.0022805999999999998,-0.0019366000000000001,-0.0030274000000000004,-0.00080400000000000003,-0.0022001999999999998,-4.3599999999999976e-05,0.0022087999999999999,4.9000000000000053e-05,0.0033412000000000003,0.0010789999999999999,0.0022394000000000003,-0.0010874000000000001,0.0040410000000000003,0.00011300000000000004,0.0027074000000000004,-0.0012534,0.0066113999999999999,-0.00038080000000000015,-0.00068379999999999982,0.00061879999999999986,-0.0022726000000000001,0.0016198000000000007,0.0012020000000000002,0.0011911999999999999,-0.00095019999999999979,-0.001124,-0.004781399999999999,0.0038556000000000003,-0.0012596,0.0033414,0.0085623999999999995,-0.0024488000000000001,0.0057194000000000004,0.0044636000000000007,-0.006409999999999999,-0.00056059999999999997,0.00036159999999999995,-0.0002683999999999998,0.0010742,-0.0010785999999999999,0.0013119999999999998,-0.000212,9.5199999999999983e-05,0.00062539999999999991,0.00017799999999999999,0.0013090000000000001,0.00015680000000000002,-0.00123,0.00025839999999999994,0.0026119999999999997,-0.00035239999999999989,0.00066419999999999988,-0.00089599999999999988,0.0008562000000000001,0.0013214000000000001,-0.0027362000000000003,0.00097840000000000015,-0.0012423999999999998,-0.00036060000000000009,-0.0023947999999999999,0.00047200000000000014,-0.00037420000000000004,0.0026448000000000001,-0.0017728000000000002,0.00086919999999999999,0.00026260000000000009,-0.0019444,0.0013160000000000001,0.00044079999999999998,-0.0012654000000000003,-0.001477,0.0023041999999999997,-0.0017556,-0.0006984000000000005,-0.0029748000000000001,0.00040240000000000002,-0.00013279999999999976,4.0200000000000056e-05,-0.00014080000000000017,0.00015700000000000046,-0.002013,0.00077260000000000013,0.0010118,-0.0019810000000000001,0.00067840000000000001,0.0012766000000000003,0.0018355999999999999,0.0024859999999999999,-0.0011368000000000001,0.0013924,-0.00095580000000000025,-0.0010411999999999999,-0.0011571999999999999,0.0052731999999999996,0.0050151999999999992,0.0026638,-0.0018894000000000001,0.0046425999999999993,-0.002405,-0.00087159999999999972,0.0023251999999999999,0.0033351999999999995,0.0035132000000000002,0.0015160000000000004,0.00067480000000000003,0.0013464000000000002,-0.00028479999999999998,-0.0021207999999999995,0.00044919999999999997,-0.0016373999999999998,0.00042460000000000013,-0.0007004,0.00050000000000000001,-0.00069460000000000008,1.8000000000000112e-05,0.00087739999999999997,-0.00014340000000000002,-0.00054980000000000003,0.0015249999999999999,0.0012796000000000001,0.0019096000000000004,0.00049340000000000007,0.0011302,-0.00046480000000000008,0.00016320000000000006,-0.00087440000000000022,-0.0012436000000000001,0.0037488,-0.00040480000000000019,-0.0010054,-0.0002048000000000001,-0.0011077999999999999,-0.00084520000000000016,-0.00098360000000000006,-0.00045820000000000008,0.001129,-0.00060719999999999991,0.0031680000000000007,-0.00094359999999999995,-0.0020190000000000004,-0.00036580000000000011,-0.00081040000000000018,-0.0021698000000000004,0.00028700000000000004,-0.0009459999999999999,-0.0008075999999999999,0.0015948,0.00049760000000000006,-0.00076880000000000004,0.0012619999999999999,-0.0024746,-0.00058280000000000007,0.00091979999999999991,-0.00182,0.00095560000000000013,0.00073859999999999996,6.0199999999999945e-05,0.00032220000000000003,-8.7999999999999862e-05,-0.0005532,0.0019183999999999998,-0.0040249999999999999,0.0015053999999999998,-1.4599999999999989e-05,-0.0011977999999999999,0.0032395999999999996,-0.0009054,-0.0043476000000000001,0.0021725999999999998,-0.0026134000000000001,-0.00096999999999999994,0.0025153999999999997,0.0020825999999999996,0.0044543999999999999,-0.0041282000000000003,-0.0024037999999999998,-0.0011714000000000002,-0.0045938000000000003,-0.00064199999999999999
aug_between_class_right_pair0026_child08,TLE,1,1,Augmented,0,0,0,0,0,0.29974420000000002,1.9640006000000001,0,-9.9999999999999995e-07,0,1.0025419,0,0.032160799999999996,-0.13292490000000001,0.035642800000000002,0.060638900000000003,-0.0813194,0.066269400000000006,-0.0101625,-0.00050920000000000132,-0.041911600000000007,-0.082389699999999996,0.320662,-0.1093152,0.015405100000000005,0.0586326,0.0029715000000000002,-0.011739700000000002,-0.0045113000000000002,-0.055326500000000001,0.0200795,0.032999399999999998,-0.049224000000000004,0.0066214000000000004,-0.095768199999999998,-0.0020046999999999982,0.042217599999999994,-0.010619699999999999,0.021235400000000001,0.0202787,-0.061299400000000004,0.039741899999999997,-0.054154099999999997,-0.045302000000000002,0.076027099999999986,-0.033183799999999999,0.18424119999999999,-0.023910100000000004,0.0095953000000000011,-0.0013905999999999999,-0.00081429999999999957,-0.012758199999999999,0.0085240000000000021,0.034421900000000005,-0.0037529,-0.0033940999999999997,-0.015622899999999999,-0.023067299999999999,0.020624699999999999,0.013400799999999999,0.0170289,0.017054300000000001,-0.010232399999999999,0.0062695000000000008,0.010442,-0.035482100000000003,0.0075837999999999999,-0.0030762000000000007,-0.0031377999999999996,0.031689200000000001,-0.093827399999999991,0.0048923000000000005,-0.026653200000000002,-0.038675800000000003,0.0041592999999999986,-0.0011187,0.0011529999999999999,0.018723799999999999,0.010925299999999999,-0.0030073999999999995,-0.0174822,0.0042151999999999997,0.0064219999999999998,-0.013007699999999999,0.00065620000000000001,0.0030781000000000003,-0.0073487000000000014,-0.0009203999999999996,0.0129868,0.0042294999999999998,-0.0102004,-0.0050196000000000008,0.0120112,-0.012112700000000001,-0.0073653,-0.0013147000000000002,0.0012174999999999998,0.011857399999999999,-0.0086392999999999991,0.011813700000000002,-0.0056334000000000019,-0.0105865,0.0016397999999999999,0.0063403000000000001,0.013255999999999999,0.013010300000000001,-0.0107797,0.0094262999999999986,0.0016448999999999999,-0.0025858000000000001,-0.001157899999999999,0.0052508000000000008,-0.0054579000000000008,0.0032195000000000001,-0.0015492000000000001,0.0041099999999999999,-0.0016375000000000001,-0.0067479000000000011,0.0047139,0.0033538000000000005,-0.00064930000000000022,0.0024965000000000005,0.0023539999999999993,-0.0035049,0.0063916000000000008,-0.0109538,0.0115114,0.0021913000000000006,-0.0060344000000000005,0.0090528999999999991,-0.0025257999999999999,0.00081240000000000001,-0.0078403999999999991,-0.0017563000000000001,0.0071603999999999999,0.0095572000000000001,-0.0012699,0.0012614,-0.0168367,-0.0037989999999999999,-0.0120447,-0.0026439000000000002,0.0025173999999999999,0.0105673,0.0032874000000000002,-0.0028622999999999999,-0.0020222,-0.0012171,0.0013374000000000001,-0.00065919999999999998,-6.2999999999999905e-06,-0.00048750000000000009,-0.0025448000000000003,-0.00055729999999999994,-0.0015983,0.0028925999999999999,0.0019004,0.0010133,0.0025998000000000002,-0.00058469999999999985,-0.0035427000000000002,-0.0026515000000000002,0.0011728000000000001,0.0031764999999999996,-0.0126801,-4.9199999999999678e-05,0.0078909999999999987,-0.0041612999999999997,-0.0032698000000000002,-0.0022953000000000001,-0.0049386999999999999,-0.0058405000000000002,0.0018059000000000005,-0.0093153000000000003,0.0070399,-0.00038600000000000006,0.010685099999999999,0.0075562000000000008,-0.012855999999999999,0.0069410000000000001,0.016314200000000001,-0.0014954999999999997,0.0040826999999999999,0.0047939000000000002,-0.0056931000000000004,0.0030806000000000002,-0.016292999999999998,0.0092340000000000009,0.0028969,-0.0083171000000000009,0.0091364999999999988,-0.0026962000000000002,0.00063580000000000017,0.0019207,0.0019118,0.0014326999999999999,-0.00014009999999999999,0.0010479999999999999,-0.0024859000000000001,-0.0050999999999999995,0.0025342999999999997,0.0001935000000000001,0.00085310000000000008,-0.0026963999999999998,-0.0032139,0.0014773,-0.0073491000000000008,-0.0039613000000000001,-0.00053619999999999991,0.0017916,0.00057250000000000009,-0.00033580000000000025,-0.00063649999999999991,-0.0029020000000000001,-0.0027058999999999998,-0.0028384,0.0014300999999999997,-0.0015889999999999999,0.0036086,0.0055540999999999993,0.0027703000000000003,-0.0026369000000000002,0.0079040000000000013,-0.0017572,-0.0016848,0.0035798000000000002,0.0057282000000000001,0.0040014000000000004,-0.00098629999999999985,0.0007719999999999999,0.0064039000000000006,0.0021557000000000004,-0.002287700000000001,0.0023054999999999998,-0.0071097999999999995,0.0061212999999999997,-0.0039856000000000006,0.0027148999999999997,-0.011229699999999999,0.0046246000000000004,-0.0101671,-0.0016005000000000004,-0.0085626000000000001,0.0027886,0.00010920000000000005,-0.0021320000000000002,-0.0011537000000000001,-0.0024680000000000001,0.0060309999999999999,-0.0016107000000000003,-0.00039449999999999999,0.0017839000000000006,-0.0014810000000000001,-0.00034690000000000003,0.0035493,-0.0017416999999999997,-0.00082530000000000006,-0.00058810000000000004,0.00028320000000000016,-0.00069709999999999987,0.0048774999999999999,-0.0012381,-0.0016386999999999999,-0.0059578000000000001,-0.0018303000000000002,0.0025436999999999999,-0.0043168,0.0026239000000000002,0.0010606999999999999,-0.0033333,-0.0018984000000000006,0.0014034,-0.0037870000000000004,0.0018675,0.0023466999999999997,0.0019691000000000001,-0.0023421000000000002,0.0017837,0.0052728999999999996,0.00064999999999999997,0.00045430000000000015,0.0016260000000000001,0.0022953000000000001,-0.0046239000000000002,0.0028359999999999995,-0.0030330000000000001,0.0031242000000000002,-0.0012886999999999998,0.0015720999999999999,-0.0013456999999999996,-0.00094909999999999992,-0.0011682000000000007,0.00037379999999999987,3.760000000000048e-05,0.0028171000000000003,0.0081792999999999987,0.00058839999999999999,0.0032925999999999997,-0.010517800000000001,0.00088790000000000006,-0.00047619999999999997,-0.0014236000000000001,0.0018117000000000003,0.0017009,-0.00055999999999999995,-0.0018492000000000001,-0.00070339999999999986,0.0019291,-0.0014589000000000002,0.0012240999999999999,-9.079999999999993e-05,0.0017518000000000006,0.0016093000000000001,0.00026920000000000004,0.00043730000000000011,-0.0015845999999999998,-0.00083199999999999995,0.0035139000000000004,0.0017940999999999996,-0.0030454000000000002,0.00022329999999999995,-0.00081380000000000027,-0.00029790000000000003,-0.0010244,-0.0027618999999999999,0.0016676,-0.0035835000000000007,-0.00088349999999999995,-0.0027342999999999998,-0.0024007999999999998,-0.0030232000000000002,-0.0009345,-0.0020930999999999996,0.00017620000000000005,0.0025103999999999999,0.00021400000000000005,0.0035645999999999998,0.0011039999999999999,0.0028812,-0.0010962000000000001,0.0042795000000000003,0.00010099999999999996,0.0030852000000000006,-0.0013407,0.0063716999999999992,-0.0004153999999999998,-0.00033789999999999981,0.00039039999999999995,-0.0025858000000000001,0.0020478999999999996,0.0013420000000000003,0.00065059999999999998,-0.00053209999999999976,-0.0015529999999999997,-0.0051781999999999991,0.0041647999999999998,-0.0012152999999999999,0.0038621999999999997,0.0086437000000000007,-0.0027669000000000001,0.0058437000000000003,0.0044813000000000006,-0.0061089999999999998,-0.0005128,0.00031629999999999994,-0.00027019999999999995,0.0010490999999999999,-0.0011808000000000001,0.0013165,-0.00017699999999999997,1.460000000000003e-05,0.0006806999999999999,0.00013200000000000001,0.00156,0.00010740000000000001,-0.0011500000000000002,0.00018319999999999998,0.0025385,-0.00027169999999999994,0.00053159999999999991,-0.00064500000000000007,0.00096260000000000009,0.0014167000000000001,-0.0029366000000000001,0.0010287,-0.0014082000000000001,-0.00014929999999999989,-0.0026159,0.00063150000000000012,-0.00059909999999999998,0.0027768999999999997,-0.0018089,0.00089360000000000004,0.00031030000000000001,-0.0019807000000000002,0.0013914999999999999,0.00050540000000000003,-0.0014302,-0.0013835000000000002,0.0021100999999999997,-0.0017772999999999999,-0.0010757000000000002,-0.0030624000000000003,0.00075270000000000003,-0.00013239999999999997,0.00012609999999999992,-0.00031890000000000022,0.00064150000000000014,-0.0018695000000000001,0.00070630000000000009,0.0010754,-0.0019095,0.00066970000000000007,0.0013498000000000002,0.0016167999999999998,0.0028860000000000001,-0.0013119,0.0013877,-0.0009584000000000002,-0.0010346000000000001,-0.0013431000000000003,0.0053241,0.005319599999999999,0.0029763999999999997,-0.0017562000000000001,0.0047092999999999996,-0.0027890000000000002,-0.00072579999999999954,0.0020996000000000001,0.0026970999999999996,0.0038646000000000002,0.0017485000000000001,0.00067989999999999999,0.0015002000000000001,-0.00015090000000000004,-0.0020688999999999998,0.00046760000000000004,-0.0016802,0.00053780000000000006,-0.00066520000000000012,0.00049600000000000002,-0.00073180000000000012,0.00010450000000000005,0.00088869999999999997,-7.6700000000000075e-05,-0.00056189999999999994,0.0015969999999999995,0.0012777999999999999,0.0022853000000000005,0.00054169999999999999,0.0010946000000000003,-0.00067790000000000016,0.00012560000000000007,-0.00093819999999999993,-0.0013093,0.0037999000000000002,-0.00057990000000000027,-0.00096420000000000002,-0.0004839,-0.0013648999999999998,-0.00076859999999999993,-0.0012148,-0.00054410000000000005,0.0012049999999999999,-0.00045609999999999997,0.0036459999999999999,-0.0012302999999999999,-0.0020475000000000007,-0.0004929,-0.00092670000000000014,-0.0025294000000000002,0.00025999999999999992,-0.0010574999999999998,-0.00058230000000000001,0.0018033999999999999,0.00053879999999999998,-0.00098890000000000024,0.0012474999999999999,-0.0025198,-0.0008989,0.00082739999999999995,-0.0018349999999999998,0.0011093000000000001,0.00053529999999999995,0.00041409999999999982,0.00028309999999999989,8.1500000000000084e-05,-0.00050310000000000003,0.0020206999999999998,-0.0043755,0.0013817,2.1999999999999993e-06,-0.0014214,0.0033157999999999998,-0.00061220000000000003,-0.0041308000000000004,0.0017503000000000002,-0.0026221999999999999,-0.0009115000000000002,0.0021171999999999996,0.0021862999999999995,0.0041857000000000005,-0.0042301000000000005,-0.0023063999999999997,-0.0012992000000000001,-0.0044149000000000002,-0.00075749999999999971
aug_between_class_right_pair0027_child01,Healthy,0,0,Augmented,0,0,0,0,0,0.27682040000000002,2.0383877999999997,1.0000000000000005e-07,-9.9999999999999995e-08,0,1.0853311000000001,0,0.0283792,-0.13539380000000001,0.012225500000000002,0.069999000000000006,-0.072960899999999995,0.054136999999999991,-0.0093657000000000028,0.0010924999999999997,-0.024740399999999999,-0.0784522,0.3261213,-0.056697700000000004,-0.019108699999999999,0.0636375,0.022697699999999998,-0.015587799999999999,-0.0058741999999999996,-0.057372300000000001,0.0015860000000000006,0.012656499999999998,-0.035985299999999998,0.0092642999999999996,-0.10891709999999999,0.0020282999999999985,0.036613900000000005,-0.016140000000000002,0.0055295999999999991,-0.0043298999999999994,-0.037504900000000001,0.035303000000000001,-0.059093600000000003,-0.0084928000000000017,0.073859399999999992,-0.0347885,0.20365709999999998,-0.051079700000000006,0.0027708000000000012,-0.0014777,-0.017598800000000001,-0.017567099999999999,0.0073355999999999994,0.043232100000000002,-0.0023041999999999997,-0.0032066999999999998,-0.0109803,-0.014277100000000001,0.014489000000000002,0.019862299999999999,0.025772899999999998,0.0080177999999999985,-0.0012062999999999987,0.00080080000000000006,0.013923399999999999,-0.045918099999999996,0.011879600000000001,0.0011205,-0.0039440999999999999,0.019570400000000002,-0.098330500000000001,0.0077413000000000013,-0.0157676,0.0039936999999999993,-0.0050360000000000005,-0.0013535000000000001,0.0038981000000000003,0.022849499999999998,0.0067931999999999992,-0.00055039999999999993,-0.0080172000000000004,0.0034759000000000001,0.0097172000000000005,-0.0030804000000000001,0.0015716,0.0076635999999999996,-0.020201600000000004,0.004548,0.0078027000000000001,0.0014674999999999992,-0.0080088999999999994,-0.018448300000000001,0.010991600000000001,-0.013224099999999999,-0.0107998,0.0011615999999999996,0.0077467999999999999,0.0066791000000000003,0.00082420000000000063,0.0010715999999999989,-0.0010249000000000005,-0.016547200000000001,0.0068913999999999989,0.026168300000000002,0.0110113,0.028117400000000001,-0.036198099999999997,0.0031628000000000003,-0.0052591000000000001,-0.00083309999999999981,-0.0056818000000000007,0.0065275999999999997,-0.00075339999999999999,-0.0010274999999999998,-0.0038734000000000004,0.0018067999999999999,-0.0025517999999999999,0.0032018000000000003,0.0072052999999999996,0.006914899999999999,0.0027698999999999996,-0.00010480000000000005,0.0045878999999999989,-0.0048885999999999999,0.0082550999999999996,-0.0046239000000000002,0.0184227,-0.0018441,-0.0022156999999999997,0.0085392999999999997,-0.010786500000000001,0.0037547000000000006,-0.016718299999999998,-0.00098190000000000018,0.013062600000000001,0.0016545000000000002,-0.0055423,-0.0016604,-0.023035,-0.0025233,-0.016936799999999998,-0.0083750999999999999,0.0011092000000000001,-0.0010381000000000001,-0.0039265999999999997,0.0035459000000000003,-0.0084159999999999999,-0.00080600000000000008,-0.0026165000000000003,-0.0051495000000000004,0.0034128000000000001,0.0013792000000000001,-0.0017439000000000003,-0.0010724999999999999,-0.0039261000000000001,0.00023229999999999995,0.0013990999999999999,-0.0031039000000000006,0.0029880000000000002,0.0035558,-0.0016464000000000001,-0.00022790000000000006,-0.0017666000000000001,0.0030029000000000002,-0.0059227999999999998,-0.00071149999999999968,0.0092049000000000002,0.0088575999999999985,0.00039940000000000006,-0.0012755999999999998,0.0015325,-0.0063842999999999999,0.0011505,-0.0133907,0.0047708999999999998,-0.0020765999999999992,0.0096799,-0.0013858000000000004,-0.0063249999999999999,0.0025279000000000005,0.0096351000000000006,-0.0035739000000000005,0.006628600000000001,-0.0011543000000000013,-0.0066286000000000001,0.00079519999999999981,-0.0085609999999999992,0.0011136000000000002,0.0018207,0.0009684000000000012,0.0082418000000000005,-0.00092469999999999998,0.0004230000000000002,0.0012633000000000002,-0.0010820999999999999,-0.0010287999999999999,0.0025319000000000001,0.0017890000000000002,-0.00062480000000000001,-0.00022920000000000015,0.00023730000000000013,-0.00016550000000000028,-0.003104,-0.0015119,0.0032975000000000001,-0.0021595,-0.0049697000000000005,-0.00033739999999999996,-0.00045259999999999994,3.7700000000000049e-05,0.00062459999999999989,0.0025432000000000002,0.0016802,-0.0013278000000000001,-0.0029719,0.0011322999999999997,0.0046480000000000002,0.00060589999999999971,0.0035192000000000001,0.0082049000000000011,-0.0022278000000000003,0.0016502000000000001,-0.00079129999999999999,-0.00022980000000000006,-0.0044186,-0.00060130000000000014,0.012802000000000001,-0.0026375000000000001,-0.0016256999999999999,0.0026118999999999999,-0.00088970000000000021,-0.0041768999999999999,0.0077419999999999998,-0.00085409999999999978,-0.0019018000000000006,0.0044428999999999996,-0.0018458000000000001,0.00082069999999999973,-0.014075900000000001,-0.0032504999999999999,-0.015862299999999999,0.00076479999999999951,-0.010044600000000001,0.0033560999999999999,8.3300000000000127e-05,-8.599999999999999e-05,-0.0024556999999999999,-0.00045720000000000005,0.0029459,-0.00068050000000000001,0.0014032000000000001,-0.0016087,-0.0026820999999999998,-0.00016550000000000001,0.0032190000000000001,0.0001964,-6.4499999999999887e-05,0.0015691999999999998,0.0036441999999999998,-0.0011605000000000001,0.0029862999999999999,0.0011349999999999997,-0.00015870000000000012,-0.0038667000000000007,0.0035399000000000003,0.0027254000000000002,-0.0052264,0.00116,0.0028833000000000001,-0.0011311000000000003,-0.0014277000000000001,0.00033420000000000021,0.0015384999999999999,0.0012596999999999999,-0.00063150000000000012,0.0040404999999999998,-0.0037032999999999996,0.0027714000000000007,0.00085130000000000015,0.0011633999999999998,-0.0012252999999999999,-0.0015712999999999994,0.00014059999999999984,0.0016876000000000005,-0.00011069999999999998,-0.0024957999999999998,0.0070503000000000007,-0.0045287000000000001,-0.0011107999999999997,-0.0042415000000000005,-1.4499999999999919e-05,-0.0051837999999999997,0.00064070000000000012,-0.00020890000000000014,0.0062553999999999995,0.0017264999999999997,0.0025256000000000002,0.0037791999999999999,-0.018462199999999998,-0.00040220000000000013,-0.0016789000000000001,-0.00046200000000000001,-0.0010267000000000002,-0.00048980000000000009,0.00077030000000000002,0.00050979999999999992,0.0002856999999999999,0.00055790000000000006,-0.0027107000000000003,0.0010577999999999998,0.0012426,0.0011658000000000003,0.0031644999999999998,0.00084949999999999999,0.00078859999999999998,-0.00029500000000000001,0.00032539999999999999,-0.00052209999999999952,0.0021582000000000003,-0.00047360000000000002,0.00049410000000000025,0.00094620000000000001,0.00086710000000000021,-0.0021037999999999999,-0.0015857,-0.0023172000000000002,0.0032361999999999998,0.00084290000000000016,0.0001192,0.00034010000000000008,-0.0031866000000000004,0.00081270000000000018,-0.0014116000000000001,0.0024418,0.00076969999999999979,-0.0014043,-0.00089409999999999989,0.0012351000000000003,-0.0024387999999999996,-0.0015861999999999998,0.00089579999999999998,-0.00027540000000000008,0.00028490000000000004,0.00031580000000000003,0.0040346000000000002,0.0026072000000000001,0.0004444999999999998,-0.0035324000000000002,0.0014181999999999999,-0.0023995000000000002,-0.0014058000000000005,0.0017298000000000001,-0.00054029999999999996,0.00067219999999999997,0.0028829000000000003,-0.001405,0.00021080000000000003,0.0016636999999999997,0.012593199999999999,-0.0050040000000000006,0.0032969000000000002,0.00088789999999999963,-0.0047223999999999999,-0.00095239999999999995,-0.00045600000000000008,0.00066680000000000005,0.0009702999999999999,0.00087520000000000035,-0.0012540000000000001,0.00033720000000000012,7.9899999999999991e-05,0.0015248,0.0030470000000000002,0.00015870000000000001,-0.0019811999999999998,-8.7999999999999889e-05,-0.0018603000000000001,7.539999999999999e-05,-0.0022288,0.0015846000000000002,-0.0011942999999999999,0.0024268999999999996,0.00034260000000000009,-0.00089809999999999998,-0.0013988000000000004,-0.00065529999999999994,-0.00016080000000000001,-0.00056320000000000003,0.0012109,-0.0008587,0.0038352000000000004,-0.00062589999999999998,0.00098249999999999987,-0.001921,8.2399999999999943e-05,0.00079979999999999993,-0.0020656000000000003,0.00020800000000000001,0.0031844,0.0016113,-0.0013315000000000002,0.0043034000000000006,-0.0011258000000000002,-0.0029718000000000001,-0.00054549999999999998,-0.00037820000000000003,-7.6800000000000132e-05,-0.0023157999999999998,-0.0034867000000000001,0.0028887999999999995,-0.0017881000000000001,-0.00092279999999999999,0.0011683000000000002,-0.00014579999999999997,0.0020218000000000002,0.0041053000000000001,-0.00025139999999999993,0.00063900000000000003,0.00054119999999999993,-0.00070700000000000005,0.0038729000000000003,-0.00040730000000000041,0.0044797999999999991,0.00083410000000000016,-0.0034892,5.0100000000000188e-05,-0.00063299999999999988,-0.0028868999999999995,0.0037314000000000002,0.0030735999999999997,0.0046588999999999997,-0.0018360999999999998,0.00079339999999999999,0.00063270000000000004,-0.0011544000000000001,0.00045120000000000018,0.0013431000000000001,-0.0021284999999999997,-0.00046690000000000013,5.0699999999999986e-05,-0.00069629999999999996,-0.00086530000000000005,0.0001225,-0.0002783000000000001,-0.0013874,0.00075359999999999989,-0.0011118,0.00033750000000000002,2.7499999999999964e-05,-0.0019320000000000001,0.00062730000000000012,7.9499999999999981e-05,0.00082219999999999993,-0.00056689999999999996,-0.00083029999999999996,0.0029510000000000001,0.0016703,-0.00069910000000000003,0.0031620999999999997,-0.00030689999999999992,-0.00028620000000000002,0.00062680000000000006,8.2999999999999985e-05,0.0013573000000000003,-0.001573,0.00071089999999999999,0.0010804,-0.0018020000000000002,-0.0017435000000000003,-0.00037839999999999998,-0.00064740000000000002,0.0005193000000000001,0.0013009000000000002,-0.0020833000000000002,0.00082790000000000012,0.00092000000000000003,-0.00091640000000000016,-0.0008437999999999998,-0.00025079999999999981,0.0023580999999999997,0.00035309999999999996,-0.0015371,-0.0018105999999999999,0.0012668,-0.0028745999999999997,0.0012064000000000001,-0.0019844999999999997,8.9299999999999948e-05,0.003372,-0.0031933999999999999,0.00032909999999999998,-0.0013931,-9.7899999999999994e-05,0.0015465000000000001,-0.0018868000000000001,-0.0041637000000000002,0.0052697000000000004,-0.0023647,0.0024516,0.0015808,0.00015600000000000011,0.0029843999999999999,-0.0037703000000000003,-0.0017662999999999999,-0.0075771999999999992,-0.0043081999999999999,0.0021978000000000002
aug_between_class_right_pair0027_child02,Healthy,0,0,Augmented,0,0,0,0,0,0.27704479999999998,2.0413516,1.9999999999999999e-07,-1.9999999999999999e-07,0,1.0806182,0,0.029042399999999999,-0.13636960000000001,0.013377000000000002,0.073568999999999996,-0.073459800000000006,0.05217999999999999,-0.0082764000000000015,-0.001196,-0.0243728,-0.078427400000000008,0.33044760000000001,-0.057124400000000006,-0.0130884,0.065021999999999996,0.022076399999999999,-0.0161736,-0.0055744000000000002,-0.055211600000000007,0.0036709999999999972,0.014784,-0.038061600000000001,0.0088256000000000012,-0.1089922,0.0021665999999999994,0.039022799999999996,-0.017600000000000001,0.0080421999999999993,-0.0022517999999999982,-0.0407468,0.034376999999999998,-0.057086200000000004,-0.015415600000000002,0.077666800000000008,-0.036881000000000004,0.2026202,-0.050334400000000001,0.0029586000000000005,-0.0015283999999999999,-0.015769600000000002,-0.018097200000000001,0.0069602000000000006,0.041849200000000003,-0.0025343999999999996,-0.0032154000000000002,-0.0111556,-0.0135572,0.013923000000000001,0.020332599999999999,0.025263799999999999,0.0075035999999999983,-0.0022275999999999997,0.00054760000000000008,0.013363799999999999,-0.043811200000000002,0.0099951999999999992,0.0015499999999999997,-0.0046841999999999995,0.019788800000000002,-0.099612000000000006,0.0060695999999999996,-0.017850199999999997,0.0019704000000000041,-0.005304999999999999,-0.0012900000000000001,0.0038542000000000008,0.022893999999999998,0.0061583999999999996,-0.00033779999999999965,-0.0087354000000000008,0.0037927999999999998,0.010445400000000001,-0.0037198000000000001,0.0013151999999999999,0.0076672000000000008,-0.019982200000000002,0.0042139999999999999,0.0083764000000000009,0.0020579999999999999,-0.0075998000000000003,-0.018271599999999999,0.0118862,-0.014066200000000001,-0.0102556,0.00097120000000000019,0.0077026000000000022,0.0057532,0.00056639999999999989,-6.0800000000000611e-05,-0.0001688000000000002,-0.017564400000000001,0.0066547999999999998,0.025054600000000003,0.0101656,0.027807800000000001,-0.033648200000000003,0.0019705999999999999,-0.0048842000000000009,-0.00097320000000000002,-0.0052126000000000004,0.0067222000000000011,-0.0012238000000000001,-0.0011509999999999997,-0.0033218000000000002,0.0023085999999999996,-0.0018925999999999997,0.0027816000000000004,0.0075376000000000002,0.0067227999999999993,0.0033847999999999999,0.00024539999999999995,0.0049508,-0.0048771999999999999,0.0084641999999999998,-0.0042848000000000001,0.018606399999999999,-0.0022791999999999999,-0.0032933999999999997,0.0085356000000000008,-0.009606,0.0034024000000000003,-0.016431600000000001,-0.00082679999999999993,0.0129342,0.0014189999999999997,-0.0054686000000000005,-0.0017668,-0.023907999999999999,-0.0019145999999999998,-0.0166216,-0.0094522000000000009,-1.7599999999999994e-05,-0.0014142000000000004,-0.0060232000000000003,0.0039308000000000008,-0.009046000000000002,-0.00085300000000000003,-0.0023130000000000004,-0.0044640000000000001,0.0033056000000000001,0.0012644000000000002,-0.0023748000000000003,-0.00077700000000000013,-0.0043391999999999997,0.00053359999999999996,0.0017162,-0.0026688000000000007,0.0026569999999999996,0.0032865999999999998,-0.0021188000000000001,-4.0799999999999691e-05,-0.0019951999999999999,0.0032078000000000011,-0.0060765999999999997,-0.00058499999999999958,0.0087568000000000003,0.0086491999999999992,-5.4199999999999989e-05,-0.0016032000000000002,0.001529,-0.0056645999999999997,0.0010440000000000002,-0.013571400000000001,0.0047577999999999995,-0.0022911999999999997,0.010005799999999999,-0.001884600000000001,-0.006411,0.0020257999999999999,0.0094732000000000011,-0.0029518000000000001,0.0056962000000000011,0.00026339999999999957,-0.0065242,4.9399999999999791e-05,-0.0092020000000000001,0.0015522000000000001,0.0011084000000000001,0.00043580000000000008,0.0087086000000000004,-0.00048840000000000016,0.00026600000000000018,0.0012386000000000001,-0.0010781999999999999,-0.0013746000000000001,0.0024968,0.0016030000000000003,-0.00068959999999999996,-0.00042239999999999986,0.00076960000000000006,0.00013100000000000004,-0.002892,-0.0016078000000000004,0.0028960000000000006,-0.0020460000000000001,-0.0053693999999999999,-0.00065979999999999999,-0.00070019999999999989,6.8399999999999982e-05,0.00021819999999999977,0.0025344,0.0014904,-0.0017476000000000002,-0.0033658,0.0014945999999999998,0.0041910000000000003,0.00028680000000000003,0.0038514000000000005,0.0082278000000000004,-0.0019775999999999999,0.0015834,-4.3600000000000192e-05,-0.00049859999999999987,-0.0042912000000000002,-0.00033160000000000004,0.012577000000000001,-0.0026770000000000001,-0.0013373999999999999,0.0024838,-0.00052640000000000065,-0.0045918,0.0079329999999999991,-0.0005572000000000001,-0.0014626000000000003,0.0041727999999999999,-0.0019696000000000002,0.0010253999999999997,-0.013587800000000001,-0.0027680000000000005,-0.0150116,0.00073159999999999979,-0.0098501999999999999,0.0033232000000000001,2.6000000000001716e-06,-0.00032099999999999994,-0.0025073999999999999,-0.00094740000000000004,0.0028117999999999997,-0.0007310000000000001,0.0014354000000000003,-0.0015414000000000001,-0.0027742000000000001,-0.000339,0.0036940000000000002,3.9799999999999965e-05,7.8999999999999969e-05,0.0013114000000000003,0.0034554,-0.001096,0.0032406000000000002,0.00083000000000000001,-8.8400000000000089e-05,-0.0038564000000000003,0.0031947999999999994,0.0027768000000000003,-0.0049538000000000004,0.001271,0.0031565999999999999,-0.0010661999999999998,-0.0013474000000000003,0.00077339999999999983,0.001109,0.0017024,-0.00066400000000000009,0.003908,-0.0032255999999999999,0.0022478000000000008,0.00077260000000000002,0.00090279999999999983,-0.00091460000000000022,-0.0014015999999999998,-8.5800000000000026e-05,0.0015062000000000005,-9.2399999999999915e-05,-0.0025706000000000001,0.0070495999999999996,-0.0045734,-0.0008255999999999999,-0.0040959999999999998,-0.0003569999999999999,-0.0050095999999999995,0.00056639999999999989,-0.00072179999999999987,0.0058917999999999991,0.0020559999999999997,0.0026572000000000002,0.0040384000000000001,-0.018912399999999999,-0.00035840000000000004,-0.0018168000000000001,-0.00043400000000000009,-0.00095440000000000011,-0.00046960000000000014,0.00086660000000000014,0.0005935999999999999,0.00060939999999999996,0.00073379999999999984,-0.0023594000000000002,0.0010985999999999999,0.0013692000000000001,0.00077560000000000042,0.0028599999999999997,0.00080100000000000028,0.0010472000000000001,-0.00025999999999999998,0.00062779999999999986,-7.5199999999999876e-05,0.0017934000000000003,-0.00060320000000000003,0.0004682000000000001,0.0013033999999999999,0.00086920000000000031,-0.0020546000000000002,-0.0015394,-0.0021553999999999996,0.0033533999999999994,0.00074479999999999989,0.00010239999999999998,0.00036519999999999999,-0.0030062000000000005,0.00096840000000000034,-0.0015602000000000001,0.0019866000000000007,0.00048239999999999991,-0.0012166000000000002,-0.00088920000000000015,0.0012262000000000002,-0.0023316000000000005,-0.0013594,0.0010116000000000001,-0.00019680000000000001,3.9799999999999965e-05,-1.9400000000000038e-05,0.0042112,0.0023094000000000001,0.00042100000000000015,-0.0031988000000000003,0.0015594000000000001,-0.0024039999999999999,-0.00099660000000000026,0.0018646000000000001,-0.00062359999999999998,0.00045340000000000007,0.002804800000000001,-0.00096800000000000011,0.00060460000000000006,0.0012573999999999999,0.011816399999999999,-0.0049550000000000011,0.0027648,0.0013617999999999998,-0.0047857999999999998,-0.00081979999999999998,-0.00037100000000000018,0.00080659999999999998,0.00082059999999999989,0.00071940000000000014,-0.001209,0.00018740000000000016,-1.1200000000000001e-05,0.0012296,0.0028390000000000004,0.00022139999999999999,-0.0019514000000000003,0.00010400000000000012,-0.0016376000000000003,0.00015779999999999993,-0.0021366000000000002,0.0015631999999999998,-0.0012405999999999999,0.0024797999999999999,0.00036420000000000007,-0.00075320000000000009,-0.0012406000000000006,-0.00059859999999999991,-8.5999999999998838e-06,-0.00070540000000000002,0.00089580000000000009,-0.0010094000000000001,0.0037234000000000004,-0.00087880000000000011,0.00075299999999999987,-0.0020840000000000003,-0.00015320000000000006,0.00073559999999999999,-0.0017902,0.00028399999999999996,0.0030768000000000002,0.0014616,-0.0014469999999999999,0.0039518000000000001,-0.0011766000000000001,-0.0030976000000000007,-0.00053499999999999999,-0.00026440000000000003,-7.9599999999999983e-05,-0.0025236,-0.0033524000000000002,0.0027246000000000006,-0.0017902000000000003,-0.0011356000000000001,0.0013265999999999998,-0.00013659999999999996,0.0018276,0.0041846000000000001,-0.00026479999999999993,0.00059199999999999997,0.00052139999999999999,-0.00065400000000000007,0.0040978000000000004,-0.00023460000000000039,0.0043486000000000002,0.00094820000000000017,-0.0038644,0.00045020000000000021,-0.00064799999999999992,-0.0027137999999999997,0.0037408000000000003,0.0035112000000000003,0.0051377999999999997,-0.0019001999999999999,0.00074780000000000007,0.00053140000000000001,-0.0010028000000000001,0.00036940000000000014,0.00094320000000000016,-0.0021320000000000002,-0.00045880000000000009,-3.3600000000000004e-05,-0.00053460000000000009,-0.00078560000000000001,-2.5999999999999981e-05,-0.0003746,-0.0013848,0.00062219999999999994,-0.0010156000000000002,0.00030600000000000001,-0.00022299999999999997,-0.0018730000000000005,0.00054959999999999991,-5.8000000000000055e-05,0.00071640000000000007,-0.00076880000000000004,-0.00094859999999999996,0.0028970000000000003,0.0015196000000000001,-0.00055920000000000004,0.0029892,-0.00030880000000000002,-0.00041140000000000003,0.00068460000000000027,6.2999999999999986e-05,0.0013646000000000003,-0.001289,0.00080379999999999991,0.0010948000000000002,-0.0018600000000000003,-0.0016810000000000002,-0.00036279999999999998,-0.00052280000000000002,0.00065059999999999988,0.0014068000000000002,-0.0020265999999999999,0.0011248,0.00065099999999999999,-0.00094380000000000006,-0.0003566000000000001,-0.00057659999999999981,0.0020332000000000006,0.00020419999999999998,-0.0012761999999999999,-0.0018471999999999998,0.00085559999999999998,-0.0029012,0.0014787999999999999,-0.0023079999999999997,0.0002316000000000001,0.0033510000000000002,-0.0032677999999999995,4.6200000000000079e-05,-0.0016492,0.00016919999999999999,0.001289,-0.0022366,-0.0044223999999999999,0.0051204000000000006,-0.0024843999999999999,0.0020601999999999999,0.0011626000000000002,0.00033299999999999991,0.0041868000000000001,-0.0030206,-0.0017566000000000001,-0.0068684000000000002,-0.0050444000000000001,0.0021955999999999998
aug_between_class_right_pair0027_child03,Healthy,0,0,Augmented,0,0,0,0,0,0.27726919999999999,2.0443153999999999,2.9999999999999999e-07,-2.9999999999999993e-07,0,1.0759053000000001,4.1359030627651384e-25,0.029705599999999999,-0.13734540000000001,0.014528500000000001,0.077138999999999999,-0.073958700000000002,0.050222999999999997,-0.007187100000000001,-0.0034845000000000006,-0.024005199999999997,-0.078402600000000003,0.33477390000000001,-0.057551100000000008,-0.0070681000000000008,0.066406500000000007,0.021455100000000001,-0.016759400000000001,-0.0052745999999999999,-0.053050900000000005,0.0057560000000000007,0.016911499999999999,-0.040137900000000004,0.0083868999999999992,-0.10906729999999999,0.0023048999999999986,0.041431700000000002,-0.019060000000000001,0.0105548,-0.00017369999999999886,-0.043988700000000006,0.033450999999999995,-0.055078800000000004,-0.022338400000000005,0.081474199999999997,-0.038973500000000001,0.20158329999999999,-0.049589100000000004,0.0031463999999999997,-0.0015791000000000002,-0.013940399999999999,-0.018627299999999999,0.0065848,0.040466300000000004,-0.0027645999999999999,-0.0032241000000000006,-0.0113309,-0.012837300000000001,0.013357000000000001,0.020802899999999999,0.024754700000000001,0.0069893999999999998,-0.003248899999999999,0.0002944,0.0128042,-0.0417043,0.0081107999999999996,0.0019794999999999999,-0.0054243,0.020007200000000003,-0.1008935,0.0043978999999999997,-0.019932800000000001,-5.2900000000001557e-05,-0.0055739999999999974,-0.0012264999999999999,0.0038103,0.022938500000000001,0.0055236,-0.00012519999999999979,-0.0094536000000000012,0.0041097000000000009,0.011173600000000001,-0.0043592000000000006,0.0010588000000000001,0.0076708000000000002,-0.019762800000000001,0.0038800000000000002,0.008950099999999999,0.0026485000000000002,-0.0071907000000000004,-0.018094899999999997,0.0127808,-0.014908299999999999,-0.0097114000000000002,0.0007807999999999999,0.007658400000000001,0.0048272999999999996,0.00030859999999999915,-0.0011932000000000002,0.00068729999999999833,-0.0185816,0.0064181999999999998,0.023940900000000001,0.009319899999999999,0.0274982,-0.031098299999999999,0.00077839999999999962,-0.0045092999999999999,-0.0011133000000000002,-0.0047434,0.0069168000000000007,-0.0016942000000000001,-0.0012745,-0.0027702,0.0028104000000000002,-0.0012333999999999995,0.0023614000000000005,0.0078698999999999991,0.0065306999999999995,0.0039997000000000001,0.00059559999999999984,0.0053136999999999993,-0.0048658,0.0086733000000000001,-0.0039457000000000008,0.018790099999999997,-0.0027143000000000002,-0.0043711000000000002,0.0085319000000000002,-0.0084255000000000007,0.0030501,-0.0161449,-0.00067170000000000012,0.012805799999999999,0.0011835000000000005,-0.0053948999999999993,-0.0018732000000000002,-0.024781000000000001,-0.0013059,-0.016306399999999999,-0.0105293,-0.0011444000000000003,-0.0017903000000000003,-0.0081197999999999999,0.0043156999999999996,-0.0096759999999999988,-0.00089999999999999998,-0.0020095,-0.0037784999999999997,0.0031984000000000001,0.0011496,-0.0030057000000000005,-0.00048149999999999972,-0.0047522999999999992,0.00083490000000000018,0.0020333,-0.0022336999999999999,0.0023259999999999999,0.0030173999999999995,-0.0025912000000000001,0.00014630000000000003,-0.0022238000000000002,0.0034126999999999994,-0.0062304000000000005,-0.00045850000000000014,0.0083087000000000005,0.0084407999999999983,-0.00050779999999999998,-0.0019308000000000003,0.0015254999999999995,-0.0049449000000000003,0.00093749999999999953,-0.0137521,0.0047446999999999993,-0.0025058000000000003,0.010331699999999999,-0.0023833999999999999,-0.0064970000000000002,0.0015237,0.0093112999999999998,-0.0023296999999999997,0.0047637999999999995,0.0016811000000000005,-0.0064197999999999998,-0.00069640000000000001,-0.0098430000000000011,0.0019908,0.00039610000000000003,-9.6800000000000185e-05,0.0091754000000000002,-5.2100000000000236e-05,0.00010899999999999994,0.0012139,-0.0010743,-0.0017204,0.0024616999999999998,0.0014170000000000003,-0.00075439999999999991,-0.00061560000000000044,0.0013018999999999999,0.00042750000000000036,-0.0026800000000000001,-0.0017036999999999998,0.0024944999999999998,-0.0019324999999999998,-0.005769100000000001,-0.00098219999999999991,-0.00094779999999999984,9.9100000000000078e-05,-0.00018820000000000013,0.0025255999999999998,0.0013006000000000001,-0.0021673999999999999,-0.0037596999999999999,0.0018569000000000003,0.0037339999999999999,-3.230000000000008e-05,0.0041836,0.0082506999999999997,-0.0017274,0.0015165999999999999,0.00070410000000000004,-0.00076740000000000011,-0.0041637999999999996,-6.1900000000000041e-05,0.012351999999999998,-0.0027165000000000002,-0.0010491000000000001,0.0023556999999999996,-0.00016309999999999979,-0.0050066999999999993,0.0081239999999999993,-0.00026029999999999998,-0.0010234,0.0039026999999999994,-0.0020933999999999996,0.0012301,-0.013099699999999999,-0.0022855000000000002,-0.014160899999999999,0.0006983999999999992,-0.0096557999999999991,0.0032902999999999999,-7.8100000000000001e-05,-0.00055599999999999985,-0.0025590999999999999,-0.0014376000000000002,0.0026776999999999999,-0.00078149999999999997,0.0014676000000000001,-0.0014740999999999999,-0.0028662999999999996,-0.00051249999999999983,0.004169,-0.00011679999999999999,0.00022250000000000004,0.0010535999999999996,0.0032665999999999997,-0.0010315000000000001,0.0034949,0.00052499999999999986,-1.810000000000006e-05,-0.0038460999999999999,0.0028496999999999993,0.0028281999999999999,-0.0046811999999999999,0.001382,0.0034298999999999996,-0.0010012999999999999,-0.0012671000000000002,0.0012126000000000001,0.00067949999999999998,0.0021451000000000005,-0.00069649999999999996,0.0037754999999999998,-0.0027478999999999997,0.0017242,0.00069390000000000077,0.00064219999999999978,-0.0006039000000000001,-0.0012318999999999997,-0.00031220000000000011,0.0013247999999999997,-7.4099999999999958e-05,-0.0026454,0.0070489000000000003,-0.0046181,-0.00054039999999999947,-0.0039505,-0.00069950000000000003,-0.0048354000000000001,0.00049210000000000009,-0.0012347,0.0055281999999999996,0.0023855000000000005,0.0027888000000000001,0.0042976000000000004,-0.019362600000000001,-0.00031460000000000038,-0.0019547000000000002,-0.00040599999999999995,-0.00088209999999999992,-0.00044939999999999997,0.00096290000000000004,0.00067739999999999988,0.00093309999999999997,0.00090970000000000005,-0.0020080999999999996,0.0011394,0.0014957999999999998,0.00038540000000000021,0.0025554999999999996,0.00075250000000000013,0.0013058,-0.00022499999999999999,0.00093019999999999995,0.0003717000000000002,0.0014286000000000001,-0.00073280000000000003,0.00044229999999999975,0.0016605999999999999,0.00087129999999999998,-0.0020054000000000001,-0.0014931,-0.0019935999999999999,0.003470599999999999,0.00064669999999999984,8.5600000000000007e-05,0.00039029999999999989,-0.0028258000000000003,0.0011240999999999998,-0.0017088000000000001,0.0015313999999999998,0.00019509999999999992,-0.0010288999999999999,-0.00088429999999999997,0.0012173000000000002,-0.0022244000000000001,-0.0011325999999999999,0.0011274,-0.00011819999999999995,-0.0002053,-0.00035460000000000005,0.0043877999999999999,0.0020116000000000001,0.00039750000000000007,-0.0028652000000000005,0.0017005999999999998,-0.0024085000000000001,-0.00058740000000000029,0.0019994000000000001,-0.0007069,0.00023460000000000017,0.0027267000000000007,-0.000531,0.00099839999999999977,0.00085109999999999982,0.0110396,-0.0049059999999999998,0.0022326999999999998,0.0018356999999999996,-0.0048491999999999997,-0.0006871999999999999,-0.00028600000000000007,0.00094640000000000013,0.00067089999999999999,0.00056360000000000004,-0.0011640000000000001,3.7599999999999992e-05,-0.00010229999999999994,0.00093439999999999973,0.0026310000000000001,0.00028410000000000002,-0.0019216000000000001,0.00029600000000000009,-0.0014149,0.00024020000000000009,-0.0020444,0.0015417999999999999,-0.0012868999999999999,0.0025326999999999997,0.00038580000000000005,-0.00060829999999999999,-0.0010823999999999999,-0.00054189999999999989,0.00014360000000000002,-0.0008476,0.00058070000000000007,-0.0011600999999999998,0.0036116,-0.0011317,0.00052349999999999999,-0.0022469999999999999,-0.00038879999999999996,0.00067139999999999995,-0.0015148,0.00036000000000000002,0.0029692,0.0013119,-0.0015625000000000001,0.0036002,-0.0012274,-0.0032234,-0.00052450000000000001,-0.00015060000000000003,-8.2400000000000051e-05,-0.0027313999999999997,-0.0032180999999999998,0.0025604,-0.0017923000000000004,-0.0013484,0.0014848999999999999,-0.00012739999999999995,0.0016334000000000001,0.0042639000000000002,-0.00027819999999999993,0.00054500000000000002,0.00050159999999999994,-0.00060100000000000008,0.0043227000000000005,-6.1900000000000149e-05,0.0042173999999999996,0.0010623000000000002,-0.0042395999999999996,0.00085030000000000045,-0.00066299999999999996,-0.0025406999999999999,0.0037502,0.0039487999999999988,0.0056167000000000005,-0.0019643,0.00070219999999999994,0.00043009999999999999,-0.00085120000000000009,0.0002876,0.00054329999999999992,-0.0021354999999999998,-0.00045070000000000006,-0.00011790000000000005,-0.00037289999999999979,-0.00070589999999999997,-0.00017449999999999996,-0.0004708999999999999,-0.0013822000000000001,0.0004907999999999999,-0.0009193999999999999,0.00027450000000000006,-0.00047350000000000002,-0.0018140000000000001,0.00047189999999999998,-0.00019549999999999998,0.00061059999999999999,-0.00097069999999999969,-0.0010669,0.002843,0.0013688999999999999,-0.00041930000000000005,0.0028162999999999999,-0.00031069999999999991,-0.00053660000000000003,0.00074240000000000026,4.2999999999999981e-05,0.0013718999999999999,-0.0010049999999999998,0.00089669999999999995,0.0011092000000000001,-0.001918,-0.0016185000000000001,-0.00034719999999999998,-0.00039819999999999998,0.00078189999999999987,0.0015127000000000001,-0.0019699000000000001,0.0014217000000000001,0.00038199999999999991,-0.00097119999999999997,0.00013060000000000046,-0.00090240000000000014,0.0017082999999999996,5.5299999999999948e-05,-0.0010152999999999998,-0.0018838000000000001,0.00044440000000000007,-0.0029277999999999999,0.0017512000000000001,-0.0026314999999999997,0.00037390000000000004,0.0033299999999999996,-0.0033422,-0.00023669999999999998,-0.0019053,0.00043629999999999982,0.0010315000000000001,-0.0025864,-0.0046811000000000005,0.0049710999999999991,-0.0026040999999999998,0.0016688,0.0007444000000000001,0.00051000000000000004,0.0053891999999999994,-0.0022708999999999997,-0.0017469,-0.0061596000000000003,-0.0057806000000000003,0.0021933999999999999
aug_between_class_right_pair0027_child04,Healthy,0,0,Augmented,0,0,0,0,0,0.27749360000000001,2.0472792000000002,4.0000000000000003e-07,-3.9999999999999993e-07,0,1.0711923999999999,0,0.030368800000000001,-0.13832120000000001,0.015679999999999999,0.080709000000000003,-0.074457599999999999,0.048266000000000003,-0.0060978000000000004,-0.0057730000000000021,-0.023637599999999998,-0.078377799999999997,0.33910020000000002,-0.057977800000000003,-0.001047799999999998,0.067791000000000004,0.0208338,-0.017345200000000002,-0.0049747999999999997,-0.050890200000000003,0.0078410000000000025,0.019039,-0.0422142,0.007948199999999999,-0.1091424,0.0024431999999999995,0.0438406,-0.02052,0.013067400000000002,0.0019044000000000005,-0.047230600000000005,0.032524999999999998,-0.053071400000000005,-0.029261200000000001,0.085281599999999999,-0.041066000000000005,0.20054639999999999,-0.0488438,0.0033341999999999998,-0.0016298,-0.012111199999999999,-0.019157399999999998,0.0062094000000000003,0.039083400000000004,-0.0029947999999999997,-0.003232800000000001,-0.011506200000000001,-0.0121174,0.012791,0.021273199999999999,0.024245599999999999,0.0064751999999999987,-0.0042702,4.1200000000000093e-05,0.0122446,-0.039597399999999998,0.0062264,0.0024090000000000001,-0.0061644000000000004,0.0202256,-0.102175,0.0027262000000000015,-0.022015399999999997,-0.0020761999999999985,-0.0058429999999999992,-0.0011630000000000002,0.0037664,0.022982999999999996,0.0048887999999999996,8.7400000000000064e-05,-0.0101718,0.0044266000000000002,0.011901800000000001,-0.0049986000000000006,0.00080239999999999999,0.0076743999999999996,-0.019543400000000002,0.0035459999999999997,0.0095238000000000007,0.0032389999999999997,-0.0067816000000000005,-0.017918199999999999,0.013675400000000001,-0.015750400000000001,-0.0091672000000000003,0.00059039999999999961,0.0076141999999999998,0.0039014000000000002,5.0800000000000151e-05,-0.0023256000000000006,0.0015434000000000003,-0.0195988,0.0061815999999999998,0.022827199999999999,0.0084741999999999977,0.0271886,-0.028548399999999998,-0.00041380000000000063,-0.0041343999999999999,-0.0012534,-0.0042742000000000006,0.0071114000000000004,-0.0021646,-0.0013979999999999997,-0.0022186000000000003,0.0033122,-0.00057419999999999997,0.0019412000000000006,0.0082021999999999998,0.0063385999999999998,0.0046146,0.0009457999999999999,0.0056766000000000004,-0.0048544,0.0088824000000000004,-0.0036066000000000002,0.018973799999999999,-0.0031494000000000001,-0.0054488000000000002,0.0085281999999999997,-0.0072450000000000006,0.0026978000000000002,-0.015858199999999999,-0.00051660000000000031,0.012677399999999998,0.00094800000000000006,-0.0053211999999999999,-0.0019796000000000002,-0.025654,-0.00069719999999999982,-0.015991200000000001,-0.011606400000000001,-0.0022712000000000001,-0.0021664000000000002,-0.0102164,0.0047006000000000001,-0.010306000000000001,-0.00094700000000000003,-0.0017059999999999998,-0.0030929999999999998,0.0030912000000000001,0.0010348,-0.0036366000000000002,-0.00018599999999999997,-0.0051653999999999997,0.0011362,0.0023503999999999999,-0.0017985999999999998,0.0019949999999999998,0.0027481999999999997,-0.0030636000000000001,0.00033339999999999997,-0.0024524000000000004,0.0036176000000000003,-0.0063841999999999996,-0.00033199999999999983,0.0078606000000000006,0.0082323999999999991,-0.00096140000000000006,-0.0022584000000000003,0.0015219999999999999,-0.0042251999999999993,0.00083100000000000014,-0.013932799999999999,0.0047316000000000007,-0.0027204,0.0106576,-0.0028822000000000006,-0.0065830000000000003,0.0010215999999999999,0.0091494000000000002,-0.0017075999999999999,0.0038314,0.0030988000000000005,-0.0063154000000000005,-0.0014422000000000005,-0.010484,0.0024294000000000008,-0.00031619999999999999,-0.00062940000000000045,0.0096422000000000001,0.00038420000000000012,-4.7999999999999866e-05,0.0011892000000000001,-0.0010704,-0.0020662000000000002,0.0024266000000000001,0.0012310000000000001,-0.00081919999999999996,-0.00080880000000000014,0.0018342000000000005,0.00072400000000000003,-0.0024679999999999997,-0.0017996000000000002,0.0020930000000000002,-0.0018189999999999994,-0.0061688000000000003,-0.0013045999999999999,-0.0011953999999999999,0.00012980000000000001,-0.00059460000000000047,0.0025168,0.0011107999999999999,-0.0025872,-0.0041536000000000003,0.0022192000000000002,0.0032769999999999995,-0.00035140000000000019,0.0045158000000000004,0.0082736000000000007,-0.0014772000000000001,0.0014498000000000002,0.0014517999999999998,-0.0010362000000000001,-0.0040363999999999999,0.00020779999999999985,0.012126999999999999,-0.0027560000000000002,-0.00076079999999999984,0.0022275999999999997,0.0002002000000000002,-0.0054216000000000004,0.0083149999999999995,3.6600000000000131e-05,-0.00058420000000000021,0.0036325999999999997,-0.0022171999999999999,0.0014347999999999995,-0.012611600000000001,-0.0018029999999999999,-0.013310199999999999,0.00066519999999999947,-0.0094614,0.0032573999999999997,-0.00015879999999999996,-0.00079099999999999993,-0.0026107999999999999,-0.0019278000000000003,0.0025436,-0.00083200000000000017,0.0014998000000000001,-0.0014068000000000002,-0.0029583999999999999,-0.00068600000000000009,0.0046440000000000006,-0.00027340000000000014,0.00036600000000000006,0.00079579999999999972,0.0030777999999999999,-0.00096699999999999998,0.0037492000000000003,0.00022000000000000014,5.2199999999999914e-05,-0.0038357999999999995,0.0025046000000000001,0.0028796,-0.0044086000000000004,0.001493,0.0037031999999999994,-0.00093639999999999999,-0.0011868,0.0016518000000000001,0.00024999999999999979,0.0025878000000000003,-0.00072900000000000005,0.0036429999999999995,-0.0022702,0.0012006,0.00061519999999999977,0.00038159999999999973,-0.00029319999999999997,-0.0010621999999999997,-0.00053859999999999997,0.0011433999999999997,-5.5799999999999947e-05,-0.0027201999999999999,0.0070482000000000001,-0.0046627999999999999,-0.0002551999999999997,-0.0038050000000000002,-0.001042,-0.0046611999999999999,0.00041780000000000007,-0.0017476000000000002,0.0051646000000000001,0.002715,0.0029204000000000009,0.0045567999999999997,-0.019812799999999998,-0.00027080000000000008,-0.0020926,-0.00037800000000000003,-0.00080980000000000017,-0.00042920000000000024,0.0010591999999999999,0.00076119999999999985,0.0012568,0.0010855999999999999,-0.0016568000000000002,0.0011802,0.0016224,-4.7999999999998456e-06,0.0022509999999999995,0.00070399999999999998,0.0015644000000000001,-0.00019000000000000001,0.0012325999999999999,0.00081860000000000027,0.0010638000000000002,-0.00086240000000000004,0.00041640000000000004,0.0020178000000000001,0.00087340000000000052,-0.0019562,-0.0014467999999999998,-0.0018317999999999997,0.0035877999999999995,0.0005486,6.8800000000000005e-05,0.00041540000000000001,-0.0026454000000000004,0.0012798000000000002,-0.0018574000000000002,0.0010761999999999996,-9.220000000000014e-05,-0.00084120000000000006,-0.00087940000000000002,0.0012084000000000003,-0.0021171999999999996,-0.00090580000000000001,0.0012432000000000001,-3.9600000000000095e-05,-0.00045040000000000011,-0.00068980000000000018,0.0045643999999999997,0.0017137999999999999,0.00037399999999999998,-0.0025316000000000002,0.0018418,-0.0024129999999999998,-0.0001782000000000001,0.0021342000000000002,-0.00079019999999999991,1.5800000000000276e-05,0.0026485999999999997,-9.39999999999999e-05,0.0013921999999999997,0.00044479999999999986,0.010262799999999999,-0.0048570000000000002,0.0017005999999999998,0.0023095999999999998,-0.0049125999999999996,-0.00055459999999999993,-0.00020100000000000006,0.0010862000000000001,0.00052119999999999988,0.00040780000000000005,-0.001119,-0.00011219999999999996,-0.00019339999999999998,0.00063919999999999982,0.0024229999999999998,0.00034680000000000003,-0.0018918000000000001,0.00048800000000000015,-0.0011922000000000002,0.00032260000000000004,-0.0019522000000000001,0.0015203999999999999,-0.0013332000000000001,0.0025855999999999995,0.00040740000000000004,-0.00046339999999999999,-0.00092420000000000013,-0.00048519999999999998,0.00029579999999999993,-0.0009898000000000001,0.00026559999999999984,-0.0013108,0.0034998,-0.0013846000000000002,0.00029399999999999977,-0.0024100000000000002,-0.0006244,0.00060720000000000001,-0.0012393999999999999,0.00043599999999999997,0.0028615999999999993,0.0011622,-0.001678,0.0032485999999999999,-0.0012782000000000002,-0.0033492000000000001,-0.00051400000000000003,-3.6800000000000081e-05,-8.5199999999999903e-05,-0.0029391999999999999,-0.0030838000000000003,0.0023961999999999994,-0.0017944,-0.0015612,0.0016431999999999998,-0.00011819999999999995,0.0014392000000000001,0.0043432000000000002,-0.00029159999999999993,0.00049799999999999996,0.0004818,-0.00054800000000000009,0.0045475999999999997,0.00011079999999999987,0.0040861999999999999,0.0011764000000000002,-0.0046148000000000005,0.0012504000000000005,-0.000678,-0.0023676000000000001,0.0037596000000000001,0.0043864000000000004,0.0060955999999999996,-0.0020284000000000001,0.00065660000000000002,0.00032879999999999997,-0.00069959999999999998,0.00020580000000000007,0.00014339999999999993,-0.0021389999999999998,-0.00044260000000000002,-0.00020220000000000004,-0.00021119999999999993,-0.00062619999999999993,-0.00032300000000000004,-0.00056720000000000023,-0.0013795999999999999,0.00035939999999999995,-0.00082319999999999995,0.000243,-0.00072399999999999993,-0.001755,0.0003942000000000001,-0.00033300000000000013,0.00050479999999999991,-0.0011726,-0.0011852,0.0027890000000000002,0.0012182,-0.00027940000000000007,0.0026433999999999997,-0.00031259999999999995,-0.00066180000000000004,0.00080019999999999983,2.2999999999999983e-05,0.0013791999999999999,-0.00072099999999999996,0.00098959999999999998,0.0011236,-0.0019760000000000003,-0.0015560000000000001,-0.00033159999999999998,-0.00027359999999999998,0.00091320000000000008,0.0016186,-0.0019132000000000001,0.0017186000000000002,0.00011299999999999993,-0.00099859999999999988,0.00061780000000000016,-0.0012282,0.0013833999999999999,-9.3600000000000053e-05,-0.00075439999999999991,-0.0019204000000000001,3.3199999999999723e-05,-0.0029543999999999998,0.0020236,-0.0029550000000000002,0.00051619999999999997,0.0033089999999999999,-0.0034165999999999997,-0.00051959999999999984,-0.0021614,0.00070339999999999986,0.00077400000000000006,-0.0029362000000000004,-0.0049398000000000011,0.0048218000000000002,-0.0027238000000000002,0.0012773999999999999,0.00032619999999999996,0.000687,0.0065916000000000004,-0.0015211999999999999,-0.0017371999999999999,-0.0054507999999999996,-0.0065167999999999997,0.0021911999999999999
aug_between_class_right_pair0027_child05,TLE,1,1,Augmented,0,0,0,0,0,0.27794239999999998,2.0532067999999999,5.9999999999999997e-07,-5.9999999999999997e-07,0,1.0617666000000001,0,0.0316952,-0.1402728,0.017983000000000002,0.087848999999999997,-0.075455400000000006,0.044351999999999996,-0.0039192000000000003,-0.010350000000000002,-0.0229024,-0.078328200000000001,0.34775279999999997,-0.0588312,0.010992799999999997,0.070559999999999998,0.0195912,-0.0185168,-0.0043752000000000001,-0.0465688,0.012011000000000001,0.023293999999999999,-0.0463668,0.0070708000000000003,-0.10929259999999999,0.0027197999999999979,0.048658399999999997,-0.023439999999999999,0.0180926,0.0060606000000000002,-0.053714400000000002,0.030672999999999999,-0.049056599999999999,-0.043106800000000001,0.092896400000000004,-0.045251,0.1984726,-0.047353200000000005,0.0037098000000000009,-0.0017312,-0.0084528000000000016,-0.020217600000000002,0.0054586000000000001,0.036317599999999998,-0.0034551999999999994,-0.0032502000000000008,-0.011856800000000001,-0.010677600000000001,0.011659000000000001,0.022213799999999999,0.023227400000000002,0.0054467999999999982,-0.0063127999999999995,-0.00046519999999999982,0.011125400000000001,-0.035383600000000001,0.0024576000000000008,0.0032680000000000001,-0.0076445999999999997,0.020662399999999997,-0.104738,-0.00061720000000000004,-0.026180599999999998,-0.0061227999999999994,-0.0063809999999999995,-0.0010360000000000002,0.0036785999999999998,0.023071999999999999,0.0036191999999999999,0.00051259999999999999,-0.011608200000000001,0.0050603999999999996,0.013358200000000001,-0.0062774000000000007,0.0002896000000000001,0.0076816000000000002,-0.019104599999999999,0.0028779999999999999,0.0106712,0.0044199999999999995,-0.0059634000000000006,-0.017564800000000002,0.0154646,-0.017434599999999998,-0.0080788000000000006,0.00020960000000000076,0.0075258000000000009,0.0020496000000000004,-0.00046479999999999959,-0.0045903999999999997,0.0032555999999999991,-0.021633199999999998,0.0057083999999999998,0.020599800000000001,0.0067827999999999994,0.0265694,-0.0234486,-0.0027982000000000003,-0.0033846000000000006,-0.0015336,-0.0033358000000000003,0.0075005999999999996,-0.0031053999999999999,-0.0016449999999999998,-0.0011154000000000001,0.0043157999999999998,0.00074419999999999998,0.0011008000000000007,0.0088668000000000011,0.0059543999999999995,0.0058443999999999996,0.0016461999999999996,0.0064023999999999991,-0.0048316000000000001,0.0093005999999999991,-0.0029284000000000007,0.019341199999999999,-0.0040195999999999999,-0.0076041999999999993,0.0085208000000000002,-0.0048840000000000003,0.0019932000000000001,-0.015284799999999999,-0.00020640000000000025,0.0124206,0.00047699999999999999,-0.0051738000000000001,-0.0021924000000000002,-0.027400000000000001,0.00052019999999999931,-0.015360799999999999,-0.013760600000000001,-0.0045248000000000007,-0.0029186000000000004,-0.0144096,0.0054704000000000003,-0.011566,-0.001041,-0.0010990000000000002,-0.001722,0.0028768000000000001,0.00080520000000000006,-0.0048984000000000007,0.00040500000000000003,-0.0059915999999999997,0.0017388,0.0029845999999999996,-0.00092840000000000002,0.001333,0.0022097999999999996,-0.0040083999999999996,0.00070760000000000029,-0.0029096,0.0040274000000000004,-0.0066918000000000004,-7.9000000000000077e-05,0.0069644000000000008,0.0078155999999999989,-0.0018686,-0.0029136000000000001,0.0015149999999999999,-0.0027858000000000002,0.00061800000000000006,-0.0142942,0.0047054000000000002,-0.0031496000000000002,0.011309399999999999,-0.0038797999999999992,-0.0067550000000000006,1.7399999999999881e-05,0.0088255999999999994,-0.00046340000000000053,0.0019666000000000006,0.0059342000000000006,-0.0061066000000000002,-0.0029338000000000003,-0.011766,0.0033066000000000007,-0.0017408,-0.0016946000000000001,0.0105758,0.0012567999999999995,-0.00036199999999999991,0.0011398000000000001,-0.0010625999999999999,-0.0027577999999999999,0.0023563999999999998,0.00085900000000000017,-0.00094880000000000008,-0.0011952000000000002,0.0028988,0.001317,-0.0020440000000000002,-0.0019913999999999999,0.0012899999999999999,-0.0015919999999999997,-0.0069682000000000008,-0.0019493999999999998,-0.0016906,0.00019119999999999999,-0.0014074000000000001,0.0024992,0.00073119999999999999,-0.0034268000000000002,-0.0049414000000000003,0.0029437999999999999,0.0023629999999999996,-0.00098959999999999977,0.0051802000000000003,0.0083193999999999994,-0.00097680000000000011,0.0013162,0.0029471999999999996,-0.0015737999999999998,-0.0037816000000000004,0.00074719999999999984,0.011677,-0.0028349999999999998,-0.00018420000000000025,0.0019713999999999999,0.00092679999999999998,-0.006251399999999999,0.0086969999999999999,0.00063039999999999993,0.00029419999999999978,0.0030923999999999999,-0.0024647999999999996,0.0018441999999999996,-0.011635400000000001,-0.0008380000000000002,-0.011608799999999999,0.00059880000000000003,-0.0090726000000000001,0.0031916000000000002,-0.00032019999999999998,-0.001261,-0.0027141999999999999,-0.0029082000000000005,0.0022753999999999999,-0.00093300000000000002,0.0015642000000000004,-0.0012722,-0.0031425999999999997,-0.0010329999999999998,0.005594,-0.00058660000000000006,0.00065300000000000004,0.00028019999999999998,0.0027001999999999998,-0.00083799999999999999,0.0042578,-0.00039000000000000016,0.00019279999999999994,-0.0038152000000000004,0.0018143999999999999,0.0029823999999999996,-0.0038633999999999999,0.0017149999999999999,0.0042497999999999998,-0.00080659999999999977,-0.0010262000000000001,0.0025301999999999998,-0.00060899999999999995,0.0034732000000000001,-0.00079400000000000011,0.0033779999999999999,-0.0013148000000000003,0.00015340000000000037,0.00045779999999999953,-0.00013960000000000009,0.00032819999999999974,-0.0007228,-0.00099140000000000014,0.00078059999999999978,-1.9199999999999925e-05,-0.0028698,0.0070467999999999998,-0.0047521999999999998,0.00031520000000000007,-0.0035140000000000002,-0.0017269999999999998,-0.0043128000000000003,0.00026920000000000004,-0.0027733999999999997,0.0044373999999999993,0.0033739999999999998,0.0031836000000000008,0.0050752000000000002,-0.020713200000000001,-0.00018320000000000012,-0.0023684000000000001,-0.00032200000000000002,-0.0006651999999999998,-0.00038880000000000013,0.0012518,0.00092879999999999981,0.0019042,0.0014373999999999999,-0.0009542000000000001,0.0012618,0.0018755999999999998,-0.00078519999999999979,0.001642,0.00060700000000000012,0.0020815999999999999,-0.00012000000000000002,0.0018373999999999997,0.0017124,0.00033420000000000026,-0.0011215999999999999,0.00036459999999999997,0.0027321999999999997,0.0008776000000000003,-0.0018578000000000002,-0.0013541999999999998,-0.0015081999999999999,0.0038221999999999996,0.00035240000000000011,3.5200000000000015e-05,0.00046560000000000026,-0.0022846000000000003,0.0015912000000000001,-0.0021546,0.00016580000000000024,-0.00066680000000000005,-0.00046580000000000015,-0.0008696000000000001,0.0011906000000000002,-0.0019028000000000003,-0.00045220000000000004,0.0014748000000000001,0.00011759999999999993,-0.00094059999999999999,-0.0013601999999999998,0.0049175999999999994,0.0011182,0.00032699999999999982,-0.0018644,0.0021241999999999997,-0.0024220000000000001,0.00064019999999999984,0.0024038000000000002,-0.00095679999999999995,-0.00042179999999999952,0.0024924000000000001,0.0007800000000000002,0.0021797999999999991,-0.00036779999999999989,0.0087092000000000003,-0.0047590000000000002,0.00063640000000000007,0.0032573999999999997,-0.0050393999999999994,-0.00028940000000000004,-3.1000000000000049e-05,0.0013658000000000001,0.00022179999999999997,9.6200000000000116e-05,-0.001029,-0.00041179999999999982,-0.00037559999999999991,4.8800000000000075e-05,0.0020070000000000001,0.00047219999999999999,-0.0018322,0.00087200000000000005,-0.00074680000000000015,0.00048740000000000003,-0.0017678000000000001,0.0014775999999999999,-0.0014258000000000001,0.0026914,0.00045060000000000011,-0.00017360000000000005,-0.00060780000000000003,-0.00037179999999999998,0.00060019999999999995,-0.0012742000000000001,-0.00036459999999999992,-0.0016121999999999998,0.0032761999999999999,-0.0018904000000000002,-0.000165,-0.0027359999999999997,-0.0010956,0.00047879999999999998,-0.00068859999999999993,0.00058799999999999998,0.0026464000000000001,0.00086280000000000005,-0.0019089999999999997,0.0025454000000000002,-0.0013798,-0.0036008000000000004,-0.00049299999999999995,0.00019079999999999992,-9.0800000000000039e-05,-0.0033547999999999998,-0.0028152000000000003,0.0020677999999999998,-0.0017986000000000002,-0.0019867999999999999,0.0019597999999999998,-9.9799999999999932e-05,0.0010508000000000002,0.0045018000000000002,-0.00031839999999999993,0.00040400000000000001,0.00044220000000000001,-0.00044200000000000006,0.0049974000000000008,0.00045619999999999992,0.0038238,0.0014046000000000002,-0.0053651999999999997,0.0020506000000000001,-0.00070799999999999997,-0.0020214,0.0037783999999999999,0.0052616,0.0070533999999999996,-0.0021565999999999998,0.00056539999999999997,0.00012620000000000003,-0.00039640000000000004,4.2200000000000104e-05,-0.00065640000000000013,-0.0021459999999999999,-0.00042640000000000006,-0.00037080000000000001,0.00011220000000000002,-0.00046680000000000002,-0.00061999999999999989,-0.00075980000000000004,-0.0013744,9.6599999999999963e-05,-0.00063079999999999994,0.00018000000000000004,-0.001225,-0.001637,0.0002388,-0.00060799999999999982,0.00029320000000000003,-0.0015763999999999995,-0.0014218,0.0026810000000000002,0.00091680000000000006,4.0000000000000972e-07,0.0022976000000000003,-0.00031639999999999999,-0.00091219999999999995,0.00091580000000000003,-1.7000000000000007e-05,0.0013937999999999999,-0.00015300000000000011,0.0011753999999999998,0.0011524,-0.0020920000000000001,-0.0014310000000000002,-0.00030040000000000004,-2.4399999999999943e-05,0.0011757999999999998,0.0018303999999999998,-0.0017998000000000001,0.0023124,-0.00042499999999999998,-0.0010533999999999999,0.0015922000000000002,-0.0018798,0.00073360000000000005,-0.00039140000000000008,-0.00023260000000000007,-0.0019935999999999999,-0.00078919999999999988,-0.0030075999999999996,0.0025684000000000002,-0.0036019999999999997,0.00080080000000000006,0.0032670000000000004,-0.0035653999999999998,-0.0010853999999999998,-0.0026735999999999999,0.0012375999999999999,0.00025900000000000012,-0.0036357999999999998,-0.0054572000000000006,0.0045231999999999998,-0.0029632,0.0004946000000000002,-0.00051019999999999961,0.0010409999999999998,0.0089963999999999981,-2.1799999999999988e-05,-0.0017177999999999998,-0.0040331999999999998,-0.0079891999999999984,0.0021868
aug_between_class_right_pair0027_child06,TLE,1,1,Augmented,0,0,0,0,0,0.27816679999999999,2.0561706000000002,6.9999999999999997e-07,-6.9999999999999986e-07,0,1.0570537,0,0.032358399999999995,-0.1412486,0.019134500000000002,0.091419,-0.075954300000000002,0.042395000000000002,-0.0028299000000000006,-0.0126385,-0.022534800000000001,-0.078303400000000009,0.35207909999999998,-0.059257900000000002,0.017013099999999993,0.071944499999999995,0.018969900000000001,-0.019102600000000001,-0.0040753999999999999,-0.044408100000000006,0.014095999999999999,0.0254215,-0.048443099999999996,0.0066321000000000001,-0.1093677,0.0028581000000000006,0.051067299999999996,-0.024899999999999999,0.020605200000000001,0.0081386999999999987,-0.056956300000000001,0.029746999999999999,-0.047049199999999999,-0.0500296,0.096703799999999993,-0.047343499999999997,0.19743569999999999,-0.046607900000000001,0.0038975999999999993,-0.0017818999999999999,-0.0066236000000000003,-0.020747700000000001,0.0050831999999999995,0.034934699999999999,-0.0036853999999999993,-0.0032589000000000003,-0.0120321,-0.0099576999999999999,0.011093,0.022684099999999999,0.0227183,0.0049326000000000005,-0.0073340999999999988,-0.00071839999999999957,0.0105658,-0.033276699999999999,0.00057320000000000071,0.0036974999999999994,-0.0083847000000000001,0.020880799999999998,-0.1060195,-0.0022888999999999982,-0.028263199999999999,-0.0081460999999999981,-0.0066499999999999979,-0.00097250000000000006,0.0036347000000000003,0.023116499999999998,0.0029844000000000003,0.00072520000000000006,-0.012326400000000001,0.0053772999999999998,0.014086400000000001,-0.0069167999999999999,3.3199999999999723e-05,0.0076851999999999997,-0.018885200000000001,0.0025440000000000003,0.011244899999999999,0.0050104999999999993,-0.0055542999999999999,-0.0173881,0.016359200000000001,-0.0182767,-0.0075345999999999998,1.9200000000000467e-05,0.0074815999999999997,0.0011237000000000005,-0.00072259999999999859,-0.0057227999999999992,0.0041116999999999994,-0.022650400000000001,0.0054717999999999998,0.019486099999999999,0.0059370999999999998,0.0262598,-0.020898699999999999,-0.0039903999999999998,-0.0030097000000000006,-0.0016736999999999998,-0.0028666000000000004,0.0076951999999999993,-0.0035758000000000001,-0.0017684999999999999,-0.00056380000000000015,0.0048175999999999991,0.0014033999999999995,0.00068060000000000082,0.0091991,0.0057622999999999997,0.0064593000000000003,0.0019963999999999997,0.0067652999999999993,-0.0048202000000000002,0.0095096999999999994,-0.0025893000000000001,0.019524899999999998,-0.0044546999999999998,-0.0086818999999999993,0.0085170999999999997,-0.0037035000000000006,0.0016409,-0.0149981,-5.1300000000000217e-05,0.0122922,0.00024149999999999953,-0.0051000999999999998,-0.0022988000000000001,-0.028273,0.0011289000000000004,-0.015045599999999999,-0.014837700000000002,-0.0056515999999999997,-0.0032947000000000002,-0.016506200000000002,0.005855299999999999,-0.012195999999999999,-0.001088,-0.0007955000000000002,-0.0010365000000000001,0.0027696000000000001,0.00069040000000000008,-0.0055293,0.00070049999999999995,-0.0064046999999999993,0.0020401,0.0033016999999999999,-0.00049330000000000012,0.0010020000000000003,0.0019406,-0.0044808000000000001,0.00089469999999999979,-0.0031381999999999998,0.0042322999999999996,-0.0068456000000000003,4.7500000000000233e-05,0.0065163000000000009,0.0076071999999999997,-0.0023222,-0.0032412000000000001,0.0015114999999999998,-0.0020661,0.00051150000000000024,-0.014474899999999999,0.0046922999999999999,-0.0033641999999999999,0.011635299999999999,-0.0043785999999999999,-0.0068409999999999999,-0.00048470000000000002,0.0086636999999999999,0.00015869999999999968,0.0010342000000000005,0.0073518999999999998,-0.0060022000000000001,-0.0036796000000000008,-0.012407,0.0037452000000000006,-0.0024531000000000006,-0.0022271999999999999,0.0110426,0.0016930999999999997,-0.00051899999999999982,0.0011151000000000002,-0.0010586999999999999,-0.0031035999999999998,0.0023213000000000001,0.0006730000000000002,-0.0010135999999999999,-0.0013883999999999999,0.0034310999999999994,0.0016134999999999999,-0.0018320000000000001,-0.0020873000000000003,0.00088850000000000051,-0.0014784999999999998,-0.0073679000000000001,-0.0022718,-0.0019381999999999995,0.0002219,-0.0018138,0.0024904000000000003,0.00054140000000000015,-0.0038466000000000004,-0.0053353000000000003,0.0033060999999999998,0.0019059999999999999,-0.0013086999999999997,0.0055123999999999998,0.0083423000000000004,-0.0007266000000000001,0.0012494000000000001,0.0036948999999999997,-0.0018425999999999998,-0.0036541999999999998,0.0010168999999999998,0.011452,-0.0028744999999999999,0.00010409999999999955,0.0018433,0.0012901,-0.0066662999999999983,0.0088880000000000001,0.00092729999999999983,0.00073339999999999961,0.0028222999999999998,-0.0025885999999999999,0.0020489000000000002,-0.011147300000000001,-0.00035550000000000035,-0.0107581,0.0005656000000000003,-0.008878200000000001,0.0031586999999999995,-0.00040089999999999993,-0.0014959999999999995,-0.0027659,-0.0033984000000000002,0.0021413000000000001,-0.0009835,0.0015964,-0.0012049000000000001,-0.0032346999999999996,-0.0012064999999999999,0.0060689999999999997,-0.00074320000000000018,0.0007964999999999999,2.2400000000000111e-05,0.0025114,-0.0007735000000000001,0.0045120999999999998,-0.00069499999999999987,0.00026309999999999994,-0.0038048999999999999,0.0014693,0.0030337999999999997,-0.0035907999999999999,0.0018259999999999999,0.0045230999999999995,-0.00074170000000000008,-0.00094590000000000006,0.0029693999999999996,-0.0010384999999999997,0.0039158999999999999,-0.00082649999999999998,0.0032455000000000001,-0.00083710000000000056,-0.00037019999999999973,0.0003790999999999994,-0.00040020000000000002,0.00063889999999999975,-0.00055309999999999995,-0.0012178,0.00059920000000000069,-8.9999999999985925e-07,-0.0029445999999999999,0.0070460999999999996,-0.0047968999999999998,0.00060039999999999996,-0.0033685,-0.0020694999999999997,-0.0041386000000000001,0.0001948999999999998,-0.0032862999999999998,0.0040737999999999998,0.0037035000000000002,0.0033152000000000008,0.0053343999999999996,-0.021163399999999999,-0.00013940000000000024,-0.0025063000000000004,-0.00029400000000000004,-0.00059290000000000005,-0.00036860000000000039,0.0013481000000000001,0.0010125999999999998,0.0022278999999999997,0.0016133,-0.00060290000000000018,0.0013026000000000001,0.0020022,-0.0011753999999999998,0.0013375000000000001,0.00055850000000000008,0.0023401999999999993,-8.5000000000000033e-05,0.0021397999999999994,0.0021592999999999998,-3.0599999999999768e-05,-0.0012512000000000001,0.00033870000000000005,0.0030893999999999995,0.00087969999999999997,-0.0018086000000000001,-0.0013078999999999999,-0.0013464000000000002,0.0039394,0.00025430000000000027,1.8399999999999986e-05,0.00049070000000000016,-0.0021042000000000005,0.0017469,-0.0023032,-0.00028939999999999977,-0.00095410000000000015,-0.0002781000000000002,-0.00086470000000000015,0.0011817000000000004,-0.0017956000000000001,-0.00022540000000000017,0.0015906000000000002,0.00019619999999999994,-0.0011857,-0.0016954000000000001,0.0050942000000000001,0.00082039999999999999,0.00030349999999999995,-0.0015308000000000001,0.0022653999999999999,-0.0024264999999999998,0.0010493999999999996,0.0025385999999999998,-0.0010401,-0.00064059999999999942,0.0024143000000000003,0.0012170000000000002,0.0025735999999999992,-0.00077410000000000022,0.0079324000000000009,-0.0047100000000000006,0.00010430000000000031,0.0037312999999999995,-0.0051028000000000002,-0.00015680000000000007,5.3999999999999903e-05,0.0015056,7.2100000000000072e-05,-5.9599999999999931e-05,-0.00098400000000000007,-0.00056159999999999977,-0.00046669999999999991,-0.00024639999999999986,0.0017990000000000003,0.00053490000000000005,-0.0018024,0.0010639999999999998,-0.0005241,0.00056979999999999997,-0.0016756000000000002,0.0014561999999999999,-0.0014721000000000001,0.0027442999999999999,0.00047219999999999999,-2.8700000000000074e-05,-0.00044960000000000019,-0.00031510000000000002,0.00075240000000000007,-0.0014164,-0.00067969999999999977,-0.0017628999999999995,0.0031643999999999999,-0.0021432999999999999,-0.0003945000000000001,-0.0028989999999999997,-0.0013311999999999998,0.0004146000000000001,-0.00041320000000000012,0.00066399999999999988,0.0025387999999999999,0.00071310000000000004,-0.0020244999999999998,0.0021938000000000001,-0.0014306,-0.0037266000000000001,-0.00048249999999999996,0.00030459999999999998,-9.3599999999999998e-05,-0.0035625999999999995,-0.0026808999999999999,0.0019035999999999999,-0.0018006999999999999,-0.0021995999999999995,0.0021180999999999999,-9.0599999999999925e-05,0.00085660000000000011,0.0045811000000000003,-0.00033179999999999993,0.000357,0.00042239999999999997,-0.00038900000000000008,0.0052223,0.00062889999999999995,0.0036925999999999999,0.0015187,-0.0057403999999999997,0.0024507000000000001,-0.0007229999999999999,-0.0018483000000000006,0.0037878,0.0056991999999999998,0.0075323000000000005,-0.0022206999999999999,0.00051979999999999995,2.4900000000000036e-05,-0.0002448000000000001,-3.9599999999999933e-05,-0.0010563000000000003,-0.0021494999999999999,-0.00041830000000000003,-0.00045509999999999995,0.00027389999999999999,-0.00038710000000000003,-0.00076849999999999987,-0.00085609999999999994,-0.0013718000000000001,-3.4799999999999979e-05,-0.00053460000000000009,0.00014850000000000003,-0.0014754999999999998,-0.001578,0.00016110000000000012,-0.00074549999999999985,0.00018740000000000006,-0.0017782999999999996,-0.0015401,0.002627,0.00076610000000000014,0.00014029999999999989,0.0021247000000000002,-0.00031829999999999998,-0.0010374,0.00097359999999999981,-3.6999999999999991e-05,0.0014011,0.00013099999999999988,0.0012683,0.0011668,-0.00215,-0.0013685000000000001,-0.00028479999999999998,0.00010020000000000005,0.0013071000000000001,0.0019363000000000002,-0.0017431,0.0026092999999999997,-0.00069399999999999996,-0.0010807999999999998,0.0020793999999999999,-0.0022055999999999998,0.00040870000000000007,-0.00054029999999999996,2.8299999999999766e-05,-0.0020301999999999998,-0.0012003999999999995,-0.0030341999999999999,0.0028408000000000001,-0.0039255000000000002,0.00094309999999999978,0.0032460000000000002,-0.0036397999999999995,-0.0013683,-0.0029296999999999999,0.0015046999999999999,1.5000000000001991e-06,-0.0039855999999999997,-0.0057159000000000003,0.0043739,-0.0030829,0.00010320000000000031,-0.00092839999999999947,0.0012179999999999997,0.010198799999999999,0.00072789999999999986,-0.0017081000000000002,-0.0033244000000000008,-0.0087253999999999995,0.0021846000000000001
aug_between_class_right_pair0027_child07,TLE,1,1,Augmented,0,0,0,0,0,0.27839120000000001,2.0591344,7.9999999999999996e-07,-7.9999999999999996e-07,0,1.0523408000000001,0,0.033021599999999998,-0.1422244,0.020286000000000002,0.094989000000000004,-0.076453199999999999,0.040438000000000002,-0.0017405999999999999,-0.014926999999999999,-0.022167199999999998,-0.078278600000000004,0.35640539999999998,-0.059684600000000004,0.023033399999999999,0.073329000000000005,0.018348599999999996,-0.019688400000000002,-0.0037755999999999996,-0.042247400000000004,0.016181000000000001,0.027549000000000001,-0.050519399999999999,0.0061933999999999999,-0.10944279999999999,0.0029963999999999998,0.053476200000000002,-0.026360000000000001,0.023117800000000001,0.010216800000000002,-0.060198200000000007,0.028820999999999999,-0.0450418,-0.0569524,0.10051120000000001,-0.049436000000000001,0.19639879999999998,-0.045862600000000003,0.0040854000000000003,-0.0018326000000000002,-0.004794399999999999,-0.021277799999999999,0.0047077999999999998,0.0335518,-0.0039156,-0.0032676000000000007,-0.0122074,-0.0092377999999999991,0.010527,0.023154399999999999,0.022209200000000002,0.0044183999999999994,-0.0083553999999999989,-0.00097159999999999966,0.0100062,-0.031169799999999998,-0.0013112000000000006,0.0041270000000000005,-0.0091248000000000006,0.021099199999999999,-0.10730100000000001,-0.0039605999999999999,-0.030345799999999999,-0.010169399999999999,-0.0069189999999999998,-0.00090900000000000009,0.0035908000000000003,0.023161000000000001,0.0023495999999999994,0.00093780000000000014,-0.0130446,0.0056942,0.014814600000000001,-0.0075562000000000008,-0.00022319999999999979,0.0076888,-0.0186658,0.0022099999999999997,0.0118186,0.0056010000000000001,-0.0051451999999999999,-0.017211400000000002,0.0172538,-0.019118799999999998,-0.0069903999999999999,-0.00017119999999999896,0.0074373999999999985,0.00019779999999999971,-0.00098039999999999933,-0.0068552000000000005,0.0049678000000000005,-0.0236676,0.0052351999999999997,0.018372400000000001,0.0050913999999999994,0.0259502,-0.018348799999999998,-0.0051826000000000025,-0.0026348000000000001,-0.0018138,-0.0023974000000000001,0.0078898000000000006,-0.0040462000000000007,-0.0018919999999999998,-1.2199999999999971e-05,0.0053194000000000002,0.0020625999999999999,0.00026040000000000091,0.0095314000000000006,0.0055702,0.007074200000000001,0.0023465999999999999,0.0071282000000000003,-0.0048088000000000002,0.0097187999999999997,-0.0022502000000000008,0.0197086,-0.0048897999999999997,-0.0097596000000000002,0.0085133999999999991,-0.0025229999999999992,0.0012885999999999998,-0.014711399999999999,0.00010379999999999981,0.012163799999999999,5.999999999999929e-06,-0.0050264000000000003,-0.0024052000000000001,-0.029145999999999998,0.0017375999999999997,-0.014730399999999999,-0.0159148,-0.0067784000000000004,-0.0036708000000000001,-0.018602800000000003,0.0062402000000000004,-0.012826000000000001,-0.0011350000000000002,-0.00049199999999999982,-0.00035099999999999953,0.0026624000000000001,0.0005756,-0.0061602000000000011,0.00099600000000000014,-0.0068178000000000006,0.0023414,0.0036187999999999997,-5.8199999999999788e-05,0.00067099999999999972,0.0016714,-0.0049531999999999996,0.0010818000000000002,-0.0033668000000000005,0.0044372000000000005,-0.0069994000000000002,0.00017400000000000011,0.0060682000000000002,0.0073988000000000005,-0.0027758000000000006,-0.0035688000000000004,0.0015080000000000002,-0.0013463999999999993,0.00040499999999999998,-0.014655600000000001,0.0046791999999999997,-0.0035787999999999996,0.0119612,-0.0048774000000000005,-0.006927,-0.00098680000000000057,0.0085018000000000003,0.00078080000000000011,0.00010179999999999976,0.0087696000000000007,-0.0058977999999999999,-0.0044254000000000012,-0.013048000000000001,0.0041838000000000005,-0.0031654000000000005,-0.0027597999999999998,0.011509399999999999,0.0021294,-0.00067600000000000017,0.0010904,-0.0010547999999999998,-0.0034494,0.0022862,0.00048699999999999997,-0.0010784000000000002,-0.0015816000000000001,0.0039634000000000006,0.0019100000000000002,-0.0016199999999999999,-0.0021832000000000006,0.00048699999999999991,-0.0013649999999999999,-0.0077675999999999995,-0.0025942000000000001,-0.0021857999999999995,0.00025260000000000001,-0.0022202000000000003,0.0024816,0.00035159999999999998,-0.0042664000000000001,-0.0057292000000000003,0.0036684000000000005,0.0014489999999999993,-0.0016278,0.0058446000000000001,0.0083651999999999997,-0.00047639999999999998,0.0011826,0.0044425999999999997,-0.0021113999999999998,-0.0035268000000000001,0.0012865999999999999,0.011227000000000001,-0.0029139999999999999,0.00039240000000000021,0.0017151999999999998,0.0016534000000000002,-0.0070811999999999993,0.0090790000000000003,0.0012242000000000002,0.0011726,0.0025522000000000001,-0.0027124000000000002,0.0022535999999999997,-0.010659200000000001,0.00012700000000000081,-0.0099074000000000002,0.00053239999999999971,-0.0086837999999999985,0.0031257999999999998,-0.0004816,-0.0017309999999999999,-0.0028176,-0.0038886000000000007,0.0020071999999999998,-0.0010340000000000002,0.0016286,-0.0011375999999999999,-0.0033268,-0.0013800000000000002,0.0065439999999999995,-0.00089980000000000019,0.00094000000000000008,-0.0002354000000000003,0.0023225999999999998,-0.00070899999999999999,0.0047663999999999996,-0.0010000000000000002,0.00033339999999999997,-0.0037946000000000004,0.0011241999999999997,0.0030851999999999997,-0.0033181999999999999,0.0019369999999999999,0.0047963999999999993,-0.00067679999999999997,-0.00086560000000000011,0.0034086000000000003,-0.0014680000000000008,0.0043586000000000007,-0.00085900000000000006,0.0031129999999999994,-0.00035940000000000017,-0.00089380000000000015,0.00030040000000000015,-0.00066080000000000023,0.00094959999999999999,-0.00038340000000000032,-0.0014441999999999999,0.00041780000000000029,1.7400000000000098e-05,-0.0030194000000000002,0.0070454000000000003,-0.0048415999999999997,0.00088560000000000028,-0.0032230000000000002,-0.0024120000000000001,-0.0039643999999999999,0.0001206,-0.0037992000000000004,0.0037101999999999994,0.0040330000000000001,0.0034468000000000007,0.0055936000000000007,-0.0216136,-9.5600000000000155e-05,-0.0026442000000000002,-0.00026599999999999996,-0.00052059999999999986,-0.00034840000000000023,0.0014444,0.0010964,0.0025516000000000002,0.0017892000000000001,-0.00025159999999999999,0.0013434,0.0021288000000000001,-0.0015656000000000001,0.0010329999999999998,0.00051000000000000004,0.0025987999999999996,-5.0000000000000023e-05,0.0024421999999999998,0.0026062000000000004,-0.00039540000000000002,-0.0013808000000000002,0.00031280000000000012,0.0034465999999999998,0.00088180000000000008,-0.0017593999999999999,-0.0012615999999999999,-0.0011846000000000001,0.0040565999999999996,0.0001562,1.6000000000000118e-06,0.00051579999999999985,-0.0019237999999999998,0.0019026000000000004,-0.0024518000000000001,-0.00074460000000000021,-0.0012414000000000001,-9.0399999999999975e-05,-0.00085979999999999997,0.0011728000000000001,-0.0016884000000000001,1.3999999999999256e-06,0.0017064000000000001,0.00027480000000000001,-0.0014308000000000003,-0.0020306,0.0052707999999999991,0.0005225999999999998,0.00027999999999999987,-0.0011971999999999998,0.0024066000000000001,-0.002431,0.0014586,0.0026734000000000003,-0.0011233999999999999,-0.00085939999999999888,0.0023362000000000001,0.0016540000000000005,0.0029673999999999998,-0.0011804000000000005,0.0071555999999999998,-0.0046610000000000002,-0.00042780000000000032,0.0042052000000000001,-0.0051662000000000001,-2.4199999999999938e-05,0.00013899999999999996,0.0016454000000000002,-7.7600000000000043e-05,-0.00021540000000000003,-0.00093899999999999995,-0.00071139999999999984,-0.0005577999999999999,-0.00054160000000000005,0.0015909999999999997,0.0005976,-0.0017725999999999998,0.0012560000000000002,-0.0003013999999999999,0.00065220000000000002,-0.0015834,0.0014347999999999995,-0.0015184,0.0027972000000000001,0.00049380000000000008,0.00011620000000000001,-0.00029139999999999993,-0.00025839999999999994,0.0009046000000000002,-0.0015586,-0.00099480000000000011,-0.0019135999999999997,0.0030525999999999999,-0.0023962000000000002,-0.00062400000000000086,-0.0030620000000000001,-0.0015668000000000001,0.00035039999999999995,-0.00013779999999999988,0.00073999999999999999,0.0024311999999999997,0.00056339999999999993,-0.00214,0.0018422,-0.0014813999999999999,-0.0038524000000000006,-0.00047199999999999998,0.00041840000000000003,-9.6400000000000066e-05,-0.0037703999999999997,-0.0025466,0.0017393999999999999,-0.0018028,-0.0024124000000000003,0.0022763999999999996,-8.1399999999999702e-05,0.00066239999999999995,0.0046604000000000003,-0.00034519999999999993,0.00030999999999999995,0.00040259999999999997,-0.00033600000000000004,0.005447200000000001,0.00080160000000000008,0.0035613999999999997,0.0016328000000000002,-0.0061156000000000005,0.0028508000000000006,-0.00073800000000000005,-0.0016752,0.0037972000000000001,0.0061367999999999995,0.0080111999999999996,-0.0022848,0.00047419999999999998,-7.6400000000000068e-05,-9.319999999999988e-05,-0.0001214,-0.0014562000000000004,-0.002153,-0.0004102,-0.00053939999999999999,0.00043560000000000013,-0.00030739999999999999,-0.00091700000000000006,-0.00095240000000000027,-0.0013691999999999999,-0.00016620000000000008,-0.00043839999999999992,0.00011699999999999997,-0.0017260000000000001,-0.0015189999999999995,8.3399999999999913e-05,-0.0008830000000000001,8.1599999999999978e-05,-0.0019801999999999997,-0.0016584,0.0025730000000000002,0.00061539999999999989,0.00028019999999999998,0.0019517999999999998,-0.00032019999999999998,-0.0011626000000000002,0.0010314,-5.700000000000001e-05,0.0014084,0.00041500000000000017,0.0013612000000000001,0.0011811999999999999,-0.0022079999999999999,-0.0013060000000000001,-0.00026919999999999998,0.00022480000000000004,0.0014384000000000001,0.0020422000000000001,-0.0016864,0.0029062000000000003,-0.0009630000000000001,-0.0011081999999999999,0.0025666000000000005,-0.0025314000000000001,8.3799999999999814e-05,-0.00068920000000000006,0.00028919999999999998,-0.0020668000000000001,-0.0016115999999999999,-0.0030607999999999998,0.0031132,-0.0042489999999999993,0.0010853999999999998,0.003225,-0.0037142,-0.0016511999999999998,-0.0031857999999999999,0.0017717999999999998,-0.00025599999999999993,-0.0043354000000000005,-0.0059746,0.0042246000000000002,-0.0032026000000000003,-0.00028820000000000017,-0.0013466000000000003,0.001395,0.0114012,0.0014776000000000006,-0.0016983999999999999,-0.0026155999999999992,-0.0094616000000000006,0.0021824000000000001
aug_between_class_right_pair0027_child08,TLE,1,1,Augmented,0,0,0,0,0,0.27861559999999996,2.0620982000000003,8.9999999999999996e-07,-8.9999999999999996e-07,0,1.0476278999999999,0,0.033684800000000001,-0.1432002,0.021437500000000002,0.098558999999999994,-0.076952100000000009,0.038480999999999994,-0.00065129999999999984,-0.017215500000000005,-0.021799599999999999,-0.078253800000000012,0.36073169999999999,-0.060111299999999999,0.029053699999999998,0.074713500000000002,0.017727300000000001,-0.020274199999999999,-0.0034757999999999998,-0.040086700000000003,0.018266000000000001,0.029676499999999998,-0.052595699999999995,0.0057547000000000006,-0.1095179,0.0031347000000000007,0.0558851,-0.027820000000000001,0.025630400000000001,0.012294900000000001,-0.063440099999999999,0.027895,-0.0430344,-0.063875200000000007,0.1043186,-0.051528500000000005,0.1953619,-0.045117299999999999,0.0042732000000000004,-0.0018833000000000001,-0.0029652000000000003,-0.021807899999999998,0.0043324000000000001,0.0321689,-0.0041457999999999998,-0.0032763000000000011,-0.0123827,-0.0085179000000000001,0.0099610000000000011,0.023624699999999998,0.0217001,0.0039042,-0.0093767,-0.0012247999999999998,0.0094465999999999994,-0.029062900000000003,-0.0031955999999999994,0.0045564999999999998,-0.0098648999999999994,0.021317599999999999,-0.1085825,-0.0056322999999999998,-0.032428400000000003,-0.012192700000000001,-0.0071880000000000017,-0.00084550000000000011,0.0035469000000000004,0.0232055,0.0017147999999999998,0.0011504000000000002,-0.013762800000000002,0.0060111000000000001,0.015542800000000001,-0.0081956000000000008,-0.00047959999999999973,0.0076923999999999994,-0.018446400000000002,0.0018760000000000001,0.0123923,0.0061915,-0.0047361,-0.0170347,0.018148400000000002,-0.0199609,-0.0064462,-0.00036160000000000012,0.0073932000000000008,-0.00072810000000000019,-0.0012381999999999983,-0.0079875999999999992,0.0058239000000000008,-0.0246848,0.0049985999999999997,0.017258699999999998,0.0042456999999999998,0.0256406,-0.015798900000000001,-0.0063748000000000016,-0.0022599000000000005,-0.0019539000000000002,-0.0019282000000000006,0.0080843999999999985,-0.0045166,-0.0020154999999999999,0.0005394000000000001,0.0058212000000000003,0.0027217999999999995,-0.00015979999999999987,0.0098636999999999996,0.0053780999999999994,0.0076891000000000008,0.0026968000000000001,0.0074910999999999997,-0.0047974000000000003,0.0099278999999999999,-0.0019111000000000006,0.019892300000000002,-0.0053249000000000005,-0.010837300000000001,0.0085097000000000003,-0.0013424999999999993,0.00093629999999999972,-0.014424699999999999,0.00025889999999999984,0.012035399999999998,-0.00022950000000000054,-0.0049526999999999991,-0.0025116000000000001,-0.030018999999999997,0.0023463000000000008,-0.0144152,-0.016991900000000004,-0.0079052000000000011,-0.0040469,-0.020699400000000003,0.0066250999999999992,-0.013456000000000003,-0.0011819999999999999,-0.00018849999999999992,0.00033450000000000022,0.0025552000000000001,0.00046079999999999992,-0.0067911000000000013,0.0012915000000000001,-0.0072308999999999984,0.0026427,0.0039359,0.00037690000000000011,0.00033999999999999981,0.0014021999999999999,-0.0054256,0.0012688999999999997,-0.0035954000000000003,0.0046421000000000006,-0.0071532000000000002,0.00030049999999999999,0.0056201000000000003,0.0071903999999999996,-0.0032293999999999999,-0.0038964000000000004,0.0015044999999999998,-0.0006267,0.00029850000000000015,-0.0148363,0.0046660999999999994,-0.0037934000000000002,0.012287099999999999,-0.0053761999999999994,-0.0070130000000000001,-0.0014889000000000007,0.0083398999999999991,0.0014029000000000001,-0.00083060000000000024,0.010187300000000002,-0.0057933999999999998,-0.0051712000000000008,-0.013689000000000002,0.0046224000000000013,-0.0038777000000000013,-0.0032924,0.011976199999999999,0.0025656999999999998,-0.00083300000000000008,0.0010656999999999999,-0.0010509,-0.0037951999999999994,0.0022510999999999998,0.00030099999999999994,-0.0011432,-0.0017748000000000002,0.0044957,0.0022065000000000001,-0.001408,-0.0022791,8.5499999999999964e-05,-0.0012514999999999998,-0.0081672999999999989,-0.0029166000000000001,-0.0024333999999999996,0.0002833,-0.0026266000000000002,0.0024727999999999998,0.00016179999999999992,-0.0046861999999999997,-0.0061231000000000002,0.0040306999999999999,0.00099199999999999983,-0.0019468999999999999,0.0061768000000000005,0.008388099999999999,-0.00022619999999999997,0.0011157999999999999,0.0051903000000000001,-0.0023801999999999999,-0.0033994000000000003,0.0015563,0.011002,-0.0029535000000000004,0.00068069999999999979,0.0015870999999999999,0.0020167000000000002,-0.0074960999999999986,0.0092700000000000005,0.0015211000000000001,0.0016118,0.0022820999999999996,-0.0028362000000000001,0.0024583000000000001,-0.010171100000000001,0.00060950000000000023,-0.0090566999999999991,0.00049919999999999999,-0.0084894000000000011,0.0030929,-0.00056230000000000006,-0.0019659999999999999,-0.0028693,-0.0043788000000000004,0.0018731000000000004,-0.0010845,0.0016608,-0.0010702999999999999,-0.0034188999999999999,-0.0015535,0.0070190000000000009,-0.0010564000000000001,0.0010835,-0.00049320000000000006,0.0021337999999999995,-0.0006445,0.0050207000000000003,-0.0013050000000000002,0.0004037,-0.0037843,0.00077909999999999991,0.0031365999999999998,-0.0030455999999999999,0.0020479999999999999,0.005069699999999999,-0.00061189999999999986,-0.00078529999999999995,0.0038478000000000002,-0.0018975000000000001,0.0048013000000000005,-0.00089150000000000004,0.0029804999999999996,0.00011829999999999957,-0.0014174000000000001,0.00022170000000000002,-0.00092140000000000017,0.0012602999999999998,-0.00021369999999999983,-0.0016706000000000002,0.00023640000000000076,3.5700000000000055e-05,-0.0030942000000000001,0.0070446999999999992,-0.0048862999999999997,0.0011708000000000001,-0.0030775000000000004,-0.0027545,-0.0037901999999999996,4.629999999999977e-05,-0.0043121000000000001,0.0033465999999999999,0.0043625000000000001,0.0035784000000000007,0.0058528,-0.022063800000000001,-5.1800000000000283e-05,-0.0027821,-0.00023799999999999998,-0.00044829999999999989,-0.00032820000000000028,0.0015407000000000001,0.0011802,0.0028752999999999999,0.0019651,9.9699999999999984e-05,0.0013842000000000001,0.0022553999999999999,-0.0019558000000000002,0.00072849999999999998,0.0004615,0.0028573999999999995,-1.4999999999999985e-05,0.0027445999999999994,0.0030531000000000004,-0.00076020000000000016,-0.0015103999999999999,0.00028689999999999998,0.0038037999999999995,0.00088389999999999975,-0.0017101999999999998,-0.0012152999999999999,-0.0010227999999999999,0.0041738000000000001,5.8100000000000057e-05,-1.5200000000000017e-05,0.00054090000000000019,-0.0017434,0.0020583000000000003,-0.0026004000000000001,-0.0011998,-0.0015287,9.729999999999998e-05,-0.00085490000000000002,0.0011639,-0.0015812000000000001,0.00022819999999999991,0.0018221999999999999,0.00035340000000000002,-0.0016759000000000001,-0.0023657999999999999,0.0054473999999999998,0.00022479999999999983,0.00025649999999999978,-0.00086359999999999996,0.0025478000000000002,-0.0024354999999999997,0.0018678,0.0028081999999999994,-0.0012067,-0.0010781999999999996,0.0022580999999999999,0.002091,0.0033611999999999991,-0.0015866999999999999,0.0063787999999999996,-0.0046120000000000006,-0.00095990000000000094,0.0046791000000000003,-0.0052296,0.00010839999999999992,0.000224,0.0017852,-0.00022729999999999994,-0.00037120000000000002,-0.00089400000000000005,-0.0008611999999999999,-0.0006489,-0.00083679999999999996,0.0013829999999999999,0.00066029999999999995,-0.0017427999999999999,0.0014480000000000001,-7.8699999999999961e-05,0.00073460000000000007,-0.0014912,0.0014134,-0.0015647,0.0028501000000000004,0.00051540000000000006,0.0002611,-0.00013319999999999988,-0.00020169999999999997,0.0010568000000000001,-0.0017008000000000001,-0.0013099000000000001,-0.0020642999999999998,0.0029407999999999995,-0.0026490999999999997,-0.00085350000000000009,-0.0032249999999999996,-0.0018024,0.00028619999999999991,0.00013760000000000004,0.00081599999999999999,0.0023236000000000003,0.00041369999999999992,-0.0022555000000000001,0.0014905999999999999,-0.0015322000000000001,-0.0039782000000000003,-0.0004615,0.00053220000000000003,-9.9199999999999918e-05,-0.0039781999999999994,-0.0024123,0.0015751999999999999,-0.0018049000000000001,-0.0026252000000000003,0.0024347000000000001,-7.2199999999999912e-05,0.00046819999999999978,0.0047397000000000003,-0.00035860000000000004,0.00026299999999999994,0.00038279999999999998,-0.00028300000000000005,0.0056721000000000011,0.00097429999999999999,0.0034302,0.0017469,-0.0064907999999999997,0.0032509000000000001,-0.00075299999999999998,-0.0015021000000000001,0.0038065999999999998,0.0065743999999999993,0.0084901000000000004,-0.0023489000000000001,0.00042859999999999996,-0.00017770000000000009,5.840000000000001e-05,-0.00020320000000000001,-0.0018561000000000005,-0.0021564999999999996,-0.00040210000000000007,-0.00062370000000000004,0.00059730000000000004,-0.00022770000000000001,-0.0010655,-0.0010487000000000001,-0.0013665999999999999,-0.00029760000000000008,-0.00034219999999999997,8.5500000000000018e-05,-0.0019764999999999995,-0.0014599999999999999,5.6999999999999759e-06,-0.0010204999999999999,-2.4200000000000046e-05,-0.0021820999999999998,-0.0017767000000000004,0.002519,0.00046469999999999997,0.00042010000000000007,0.0017788999999999999,-0.00032210000000000002,-0.0012878,0.0010892000000000002,-7.7000000000000001e-05,0.0014157000000000002,0.00069900000000000019,0.0014541000000000001,0.0011956,-0.0022660000000000002,-0.0012435,-0.00025359999999999998,0.00034940000000000014,0.0015696999999999994,0.0021481,-0.0016297000000000002,0.0032031,-0.0012320000000000002,-0.0011355999999999998,0.0030538000000000006,-0.0028571999999999998,-0.00024110000000000006,-0.00083810000000000015,0.00055009999999999998,-0.0021034000000000001,-0.0020228000000000004,-0.0030874000000000001,0.0033855999999999999,-0.0045724999999999993,0.0012276999999999995,0.0032040000000000003,-0.0037885999999999996,-0.0019341,-0.0034418999999999999,0.0020388999999999997,-0.00051350000000000028,-0.0046852000000000005,-0.0062333000000000006,0.0040752999999999996,-0.0033223000000000003,-0.00067959999999999982,-0.0017648,0.0015719999999999998,0.012603600000000001,0.0022273000000000015,-0.0016887,-0.0019067999999999999,-0.0101978,0.0021802000000000002
aug_between_class_right_pair0028_child01,Healthy,0,0,Augmented,0,0,0,0,0,0.3289803,1.9775893999999998,8.9999999999999996e-07,-9.9999999999999995e-07,9.0000000000000007e-07,0.97123119999999996,0,0.045237800000000002,-0.1198888,0.037416999999999992,0.088512099999999996,-0.058502499999999999,0.083828,-0.0100824,-0.019445199999999999,0.0030614999999999948,-0.1512492,0.28483239999999999,-0.055739200000000003,-0.0325352,0.083447199999999999,-5.7399999999999986e-05,-0.015041199999999999,-0.0072731999999999988,-0.035331700000000001,0.0026627000000000005,0.0333894,-0.039556300000000003,0.0097752999999999989,-0.08599649999999999,0.0111193,0.045521400000000004,-0.021738500000000001,0.0156273,0.021511799999999998,-0.0370459,0.024763799999999999,-0.042237999999999998,-0.077256600000000009,0.086091600000000004,-0.058458500000000004,0.17000979999999999,-0.029513000000000001,0.0049734000000000002,-0.0049649999999999998,-0.0089424999999999991,-0.018667799999999998,0.0041770999999999996,0.032075700000000006,-0.00051959999999999984,-0.00023250000000000007,-0.011187300000000001,-0.021113,0.0075272999999999998,0.0303784,0.0083369000000000013,0.020038800000000002,-0.0049673,0.015052300000000003,0.0022864000000000009,-0.047044599999999999,0.0027257000000000002,-0.0066444000000000017,-0.020148300000000001,0.020740999999999999,-0.0745503,0.023781299999999998,-0.0083685000000000044,-0.030125700000000002,-0.0048925999999999987,-0.0060736000000000002,0.0046005999999999998,0.0192681,0.0079588999999999997,0.0019886000000000001,-0.019424000000000004,0.0071040000000000001,0.018514099999999999,-0.0020622000000000001,0.0056437999999999992,5.7599999999999665e-05,-0.0158535,-0.0020188000000000007,0.0041796999999999997,0.0047023999999999998,-0.0051469000000000011,-0.013975399999999999,0.019145800000000001,-0.0139635,-0.0077745999999999996,-0.0090904999999999996,0.0053290999999999998,0.011743899999999998,-0.013129700000000001,-0.0015084999999999999,0.0072058999999999995,-0.018226900000000001,-0.0040842000000000014,0.019263200000000001,0.0041091000000000001,0.0104534,-0.0097418000000000001,0.0097305000000000013,-0.0021736000000000004,-4.8800000000000102e-05,-0.0073888000000000001,0.0057672000000000001,0.0020447999999999994,-0.0059191000000000001,0.0013515000000000003,0.0018744999999999999,-0.00032350000000000044,-0.00077479999999999953,0.011827900000000001,0.0069384999999999994,0.0034604000000000002,0.0010441999999999999,0.0102004,-0.0065332999999999997,0.0050707,-0.0093395000000000006,0.0068414000000000001,-0.00098909999999999992,-0.0036829000000000002,0.0064216999999999998,-0.0037591999999999999,0.014296,-0.010045,-0.0036388000000000002,0.0046338000000000004,0.0079024000000000004,-0.0026514999999999998,-0.0027854999999999998,-0.0146607,0.00054920000000000056,-0.016777300000000002,-0.0098144000000000009,0.0086927000000000011,-0.00091020000000000001,0.0046883000000000003,-0.0020892000000000003,-0.0084384000000000004,-7.899999999999921e-06,-0.0022542000000000005,-0.0035412,-0.00079989999999999987,-0.0027897,-0.0065199000000000003,0.0015187,-0.0065935999999999998,0.0011094,-6.1999999999999989e-05,0.0017661,0.0013668,0.0021329999999999999,-0.0038489000000000006,-0.00056689999999999985,-0.00037290000000000001,-0.0030717000000000001,-0.0029976000000000004,-0.0026304000000000002,0.0040703000000000007,0.0045555000000000005,0.0017838999999999999,0.00037870000000000004,-0.00013940000000000003,-0.0030504999999999998,-0.00596,-0.0115441,0.0016895,0.0042580999999999999,0.0068252,-0.00072969999999999979,-0.0029300000000000003,0.0077101000000000001,-0.001162899999999998,0.0018734000000000001,-0.0012934000000000001,0.0040655000000000005,0.0035385000000000008,0.0030223000000000003,-0.016354399999999998,0.0015562000000000002,-0.0035354000000000002,-0.0036394000000000001,0.0101867,-0.0069727999999999995,-0.00192,-0.00044040000000000008,-7.3200000000000045e-05,-0.0017477999999999999,-0.00017580000000000026,-0.0027621,-7.1500000000000003e-05,0.00016929999999999983,-0.00031760000000000013,0.0031773999999999999,-0.0022916999999999998,-0.0012800000000000001,0.0012851,-0.0016077999999999999,-0.00055750000000000005,0.00095299999999999996,-0.0020699,0.0026037999999999994,-0.0015571000000000001,0.0005683000000000001,0.0055713999999999989,-0.0028706999999999999,-0.0039757000000000004,0.0054169999999999999,0.0058512000000000008,-0.0011887,0.0050591000000000004,0.0010878999999999997,0.0012106,0.0010861,0.0046593999999999993,0.00046810000000000016,-0.0060368000000000002,0.00045169999999999997,0.0046762999999999996,-0.0047812999999999996,-0.0047444000000000002,0.0036415000000000002,0.00084219999999999998,0.0026503000000000008,-0.00095609999999999966,0.0035398999999999999,-0.0080927000000000013,-0.0020686000000000003,0.0026185999999999991,0.0061513000000000002,-0.0049405999999999999,0.0079024999999999998,-0.0026632999999999995,-0.0046088000000000006,-0.0051810999999999992,0.0011099,0.00083980000000000014,0.0010219999999999999,-0.0010610000000000001,-0.0016427,-0.0001348,0.00012030000000000004,0.0026337000000000005,-0.00083100000000000014,-0.0021743999999999999,5.6099999999999995e-05,0.0033219,-0.0017872000000000001,-0.00051590000000000002,-0.00032700000000000003,0.0023154,-3.9499999999999998e-05,0.0031005,-0.0012195000000000001,0.00037320000000000002,0.00095930000000000006,0.00089559999999999998,0.0012956999999999999,-0.0047983000000000001,0.0020265999999999999,0.0027821,-0.0051472999999999996,-0.0020822000000000002,0.0014635,0.00024689999999999998,-0.00062350000000000036,0.0014208000000000001,0.00093689999999999995,0.00034399999999999969,-2.4199999999999938e-05,0.0048697000000000002,-0.0012247,-0.0032826999999999999,0.00059100000000000016,-0.0017730999999999999,-0.0037355000000000001,-0.00058929999999999996,0.0022347000000000009,0.0022772000000000001,-0.0038034000000000002,-0.0034832999999999999,0.0012657000000000002,-0.0018010000000000001,0.0043999,-6.2500000000000272e-05,0.00097620000000000042,0.0041816000000000006,0.0079480000000000002,-0.0075671000000000019,0.0013598999999999998,-0.0087784000000000004,-0.0011370999999999998,-0.00058399999999999999,0.0012469,0.000348,0.0010267000000000002,0.0017123000000000002,-0.0034332,0.0018721999999999999,0.00091839999999999999,-0.0020062000000000005,-8.7800000000000183e-05,0.0021183,-0.0011122,0.0021637000000000002,0.00049139999999999991,0.00053540000000000011,-0.0019804999999999996,-0.00036660000000000002,0.00054070000000000008,-0.0021459999999999999,-0.0011148,0.00088939999999999993,0.00012069999999999995,-0.0021305999999999999,-0.0021719,-0.0013365000000000002,-0.0013196000000000002,-0.0013071000000000001,0.0010452,0.00028509999999999999,0.0019933000000000004,-0.0011033,-0.0012447000000000001,-0.0029737999999999995,0.0001759000000000001,-0.0010107,0.00091949999999999996,-0.00071779999999999999,0.0039452000000000003,0.0020897999999999997,-0.0022686,0.0041038000000000003,-0.0042096999999999994,0.00052680000000000001,-0.00022150000000000002,0.0036988000000000004,0.0019282999999999998,-0.0021059,-0.0030238000000000001,-0.0017151,0.0008097,-0.0014182999999999999,8.1499999999999975e-05,-0.0022604999999999999,0.0061110999999999995,-0.00085230000000000006,-0.00064820000000000003,-0.0020639,0.0014682,0.0063641999999999995,0.0017846000000000001,0.011157700000000001,0.0035013999999999996,-0.0059343,-7.9499999999999981e-05,-0.00054870000000000006,-0.0014278999999999995,0.0014432,0.00020280000000000005,-0.0023166999999999997,-0.00079919999999999991,-0.00044670000000000018,0.0025913999999999998,0.00086439999999999998,-0.00089660000000000022,-0.00086669999999999998,0.00027559999999999998,0.0001696,0.00065309999999999999,-0.00029829999999999982,0.00074200000000000015,0.00090020000000000031,0.00041910000000000016,-0.00093270000000000007,-0.0019963999999999997,0.00099299999999999996,-0.00043519999999999995,-0.00013909999999999975,-0.0019778999999999999,-0.0019273999999999999,-0.00019119999999999993,0.0010408000000000001,-0.00059269999999999993,0.00040959999999999998,0.00078989999999999996,0.00051929999999999999,0.0028192,-0.0018782999999999998,0.0032403000000000002,-5.0699999999999986e-05,0.0023487000000000004,0.0012724999999999998,-0.0004190000000000001,-0.0021191000000000001,-0.0027780000000000001,0.00067390000000000006,0.00011940000000000003,0.00020200000000000025,-0.0029411000000000003,0.00013940000000000003,-0.0005244999999999999,0.0045816000000000008,-0.0025798000000000001,-0.0012148999999999999,-0.00096429999999999997,0.0026091,0.00048630000000000027,-0.0018887000000000001,-0.00093670000000000016,0.0023629000000000002,-0.0011493,-0.0050095000000000001,0.0036518000000000002,0.0014975000000000001,0.00047650000000000036,0.0002676,0.0033807000000000004,2.5300000000000019e-05,-0.0034529000000000001,-0.0014778000000000009,0.00028899999999999976,0.00047990000000000012,0.0017844999999999996,-0.0001249,3.1199999999999999e-05,-0.0015333,-0.0003659,-0.00091520000000000013,-0.0023961999999999998,0.0002352,0.00041800000000000013,0.0012109,0.00016649999999999998,0.00012600000000000003,0.0025926,-0.00093869999999999999,0.00018440000000000004,-0.00038539999999999994,0.00012529999999999996,-0.00023069999999999997,0.0003791,0.00033550000000000002,-0.0012478999999999999,0.0014065999999999998,-0.0007002,-0.00036380000000000001,0.00015530000000000003,0.0010677,-0.00083359999999999999,0.0011322000000000001,0.00091710000000000001,-0.0013238,0.00037359999999999997,-0.00043529999999999996,0.00047700000000000005,-0.00091749999999999991,-0.00015089999999999998,-0.00066249999999999989,0.0006004999999999998,-0.0022358,0.00069290000000000009,-0.0023787999999999999,0.00063710000000000004,0.0021511999999999998,-0.0021092000000000003,0.00080630000000000003,-0.0017219999999999998,-0.00098110000000000016,0.0018249,0.00062480000000000022,-0.0015502000000000001,0.0026633,-0.0016554,0.0010736000000000001,-0.0016230000000000003,-0.00046039999999999997,2.5899999999999925e-05,-0.0017177999999999998,-0.0012361,0.0029440000000000004,-0.0030527000000000002,-0.0017696000000000001,0.00012599999999999997,-0.00055840000000000002,0.0031356999999999999,-0.0034096000000000005,-0.0022927999999999998,0.0020019,-0.0016208999999999998,-0.00024229999999999998,0.0035016000000000001,-0.00051719999999999978,0.0011636999999999997,-0.0018528000000000001,-0.00014790000000000002,0.00011109999999999994,-0.0027212999999999998,0.0016157999999999999
aug_between_class_right_pair0028_child02,Healthy,0,0,Augmented,0,0,0,0,0,0.32325960000000004,1.9770728,7.9999999999999996e-07,-9.9999999999999995e-07,7.9999999999999996e-07,0.95783640000000003,0,0.045869599999999996,-0.1208236,0.034047000000000001,0.090935199999999994,-0.057938999999999997,0.083607000000000001,-0.0088138000000000001,-0.016797400000000001,-4.300000000000137e-05,-0.14894839999999998,0.28934480000000001,-0.055592399999999993,-0.028721400000000001,0.08267540000000001,0.00081819999999999983,-0.015658399999999999,-0.0074313999999999995,-0.036510399999999998,0.0046993999999999994,0.033103799999999996,-0.042012600000000004,0.0096796,-0.084783999999999998,0.0094906000000000001,0.045975800000000004,-0.019956999999999999,0.013782600000000001,0.0228966,-0.0362858,0.026021599999999999,-0.042193000000000001,-0.073953200000000011,0.085520200000000005,-0.057120000000000004,0.17012159999999998,-0.027799000000000001,0.0049657999999999994,-0.0048510000000000003,-0.0096170000000000005,-0.0186716,0.0044971999999999998,0.031032400000000002,-0.00024620000000000024,-0.0012479999999999991,-0.010766599999999999,-0.020359000000000002,0.0083295999999999995,0.030366799999999999,0.0094128000000000007,0.019407600000000001,-0.0044226000000000005,0.014363600000000004,0.002812799999999999,-0.0461822,0.0030493999999999999,-0.005232800000000001,-0.017997599999999999,0.020367,-0.072947600000000001,0.0205696,-0.0078230000000000001,-0.0277664,-0.0041092000000000004,-0.0054792,0.0044272000000000001,0.018867200000000001,0.0069607999999999996,0.0021922000000000001,-0.017878999999999999,0.0070899999999999999,0.016790199999999998,-0.0024093999999999999,0.0051076000000000003,4.6199999999999714e-05,-0.015381000000000001,-0.0011056000000000013,0.0044863999999999998,0.0047898000000000003,-0.0054678000000000001,-0.014076799999999999,0.018065600000000001,-0.013833,-0.0071161999999999996,-0.0078399999999999997,0.0048211999999999994,0.011410799999999999,-0.0136524,-0.001382,0.0070758000000000001,-0.017133800000000001,-0.0020424000000000015,0.018955400000000001,0.0038452,0.010864800000000001,-0.0107536,0.0098050000000000012,-0.0018402000000000006,-0.00039660000000000021,-0.0070355999999999995,0.0063723999999999994,0.0018695999999999999,-0.0068001999999999993,0.0013440000000000001,0.002042,-0.00074699999999999983,-0.0010895999999999996,0.010753800000000001,0.0071209999999999997,0.0040448000000000003,0.00083940000000000002,0.0098107999999999997,-0.0065805999999999998,0.0050623999999999999,-0.0090670000000000004,0.0067337999999999999,-0.00093619999999999988,-0.0031577999999999997,0.0065113999999999997,-0.0039693999999999997,0.012995,-0.010145000000000001,-0.0033956000000000004,0.0049916000000000006,0.0080888000000000002,-0.002294,-0.0034519999999999998,-0.014265399999999999,0.00065140000000000163,-0.0161396,-0.0088738000000000011,0.0081464000000000016,-0.00089340000000000003,0.0052186000000000003,-0.0028614000000000005,-0.0070217999999999999,-0.00018880000000000004,-0.0020504000000000004,-0.0032804000000000002,-0.00071779999999999999,-0.0024334000000000005,-0.0055268000000000001,0.0014344000000000002,-0.0063041999999999994,0.0016058000000000001,6.9000000000000051e-05,0.0015832000000000001,0.0018485999999999997,0.0022690000000000002,-0.0036038000000000003,-0.0011397999999999998,-0.0007358,-0.0030144,-0.0031211999999999998,-0.0023978000000000003,0.0041256000000000001,0.0039240000000000004,0.0018758000000000002,0.00020339999999999985,-0.00093879999999999962,-0.0031310000000000001,-0.0059429999999999995,-0.011183200000000001,0.001864,0.0046312000000000002,0.0068054000000000005,4.9599999999999471e-05,-0.0033790000000000001,0.0080062000000000015,-0.0010547999999999998,0.0017658000000000001,-0.00089480000000000017,0.0048319999999999995,0.0030899999999999999,0.0036716000000000006,-0.016484800000000001,0.0012163999999999999,-0.0035708000000000007,-0.0039788000000000002,0.0102644,-0.0065436000000000001,-0.002016,-0.00025080000000000002,-0.0002534000000000002,-0.0016186,-5.0600000000000037e-05,-0.0025902000000000004,-9.7000000000000027e-05,-4.6399999999999827e-05,-0.00059320000000000011,0.0031438,-0.0021724000000000001,-0.00091100000000000035,0.0015302000000000002,-0.0012186000000000002,-0.001072,0.00088099999999999995,-0.0017858000000000001,0.0024055999999999999,-0.0014721999999999999,0.00018559999999999996,0.005178799999999999,-0.0026833999999999998,-0.0038384000000000001,0.0050169999999999998,0.0053953999999999998,-0.0014874000000000001,0.0056102000000000001,0.00068579999999999943,0.0011462,0.0012702,0.0045827999999999997,0.00013619999999999995,-0.0057596000000000001,0.00012740000000000006,0.0049485999999999992,-0.0046056000000000005,-0.0038517999999999998,0.0038310000000000002,0.0010433999999999999,0.0028826000000000012,-0.00098020000000000008,0.0030087999999999998,-0.0075464000000000009,-0.0023922000000000006,0.0024481999999999998,0.0061425999999999998,-0.0053721999999999997,0.008123,-0.0030536000000000001,-0.0049146000000000007,-0.0048951999999999997,0.0011768,0.00066260000000000017,0.00096000000000000002,-0.0013150000000000002,-0.0016473999999999998,-0.00014360000000000002,0.00027460000000000001,0.0023524000000000006,-0.0005750000000000001,-0.0021718000000000002,0.00010619999999999998,0.0037118000000000003,-0.0018144000000000003,-0.00037080000000000012,-0.00050299999999999997,0.0020648000000000007,3.500000000000001e-05,0.0033089999999999999,-0.001261,0.00064140000000000009,0.00086459999999999998,0.00087719999999999996,0.0013364,-0.0052486,0.0016722,0.0026081999999999998,-0.0046505999999999995,-0.0017354000000000002,0.0013010000000000001,0.0002677999999999999,-0.00050200000000000028,0.0013596000000000001,0.0010537999999999999,0.0004180000000000004,1.9600000000000043e-05,0.0050274000000000004,-0.0010903999999999998,-0.0033714000000000001,0.00079699999999999997,-0.0013872000000000005,-0.0034320000000000002,-0.00024559999999999995,0.0022914000000000007,0.0017253999999999998,-0.0032798000000000002,-0.0034996000000000003,0.0013424000000000001,-0.0012780000000000003,0.0041647999999999998,0.00013199999999999996,0.0010884000000000002,0.0045982000000000002,0.0083890000000000006,-0.0075072000000000003,0.0017767999999999996,-0.0087638000000000004,-0.0008611999999999999,-0.000495,0.0010868,0.00038600000000000006,0.00076040000000000005,0.0015096,-0.0030103999999999999,0.0018694,0.0008077999999999999,-0.0018154000000000002,-0.00015660000000000034,0.0020556000000000003,-0.0011044000000000002,0.0022294000000000003,0.00045279999999999995,0.00042680000000000002,-0.001688,-0.00037120000000000002,0.00065840000000000007,-0.0021890000000000004,-0.0011146000000000001,0.00059880000000000014,0.00022739999999999989,-0.0022262000000000002,-0.0016747999999999999,-0.0017140000000000002,-0.0010041999999999998,-0.0010341999999999997,0.00054040000000000013,-4.8000000000000354e-06,0.0018016,-0.0013756,-0.0013213999999999999,-0.0031126000000000001,-6.1999999999998254e-06,-0.0008424000000000002,0.0010570000000000002,-0.00056159999999999977,0.0040604000000000005,0.0019716,-0.0020452000000000001,0.0037756,-0.0041863999999999998,0.00058660000000000006,-0.000175,0.0039106000000000002,0.0018875999999999999,-0.0017288,-0.0027276000000000002,-0.0016122,0.00061240000000000036,-0.0012405999999999999,0.00052899999999999985,-0.00182,0.0063271999999999998,-0.00057359999999999996,-0.00071440000000000002,-0.0020598000000000001,0.0015014000000000002,0.0060513999999999993,0.0023092,0.010195400000000002,0.0030647999999999995,-0.0057846,-0.00024599999999999991,-0.0004753999999999999,-0.00099979999999999969,0.0011954000000000001,0.00016760000000000017,-0.0022714000000000002,-0.00052739999999999992,-0.0003164000000000001,0.0023458000000000003,0.0008158000000000001,-0.00068819999999999992,-0.00092140000000000006,0.00025920000000000001,0.00014519999999999998,0.0006912,-0.00057359999999999985,0.00070700000000000027,0.00071739999999999998,0.0002951999999999998,-0.00081240000000000001,-0.0019537999999999999,0.001018,-0.00045639999999999998,-0.00034219999999999997,-0.0020147999999999998,-0.0017738000000000003,-1.7399999999999881e-05,0.0012546,-0.00040239999999999997,0.00011719999999999981,0.00080280000000000011,0.00038960000000000015,0.0027484000000000007,-0.0017516000000000003,0.0028596000000000003,-6.5399999999999963e-05,0.0025983999999999998,0.0010059999999999999,-0.00040000000000000018,-0.0023882,-0.0030880000000000005,0.00076780000000000012,-0.00073119999999999999,0.00066300000000000007,-0.0023452000000000004,2.3800000000000253e-05,-0.0005440000000000001,0.0043772000000000004,-0.0025195999999999999,-0.0012228,-0.00077759999999999993,0.0026592,0.00074960000000000001,-0.0016724000000000001,-0.00033040000000000006,0.0021567999999999999,-0.00097459999999999995,-0.004862,0.0037146000000000002,0.0017849999999999999,0.00097500000000000017,0.00011819999999999973,0.0035434000000000004,-0.00048039999999999975,-0.0031167999999999999,-0.0014666000000000006,0.0001420000000000002,0.0010177999999999997,0.0019370000000000004,-1.2799999999999986e-05,8.239999999999997e-05,-0.0014256,-0.00027380000000000004,-0.00094040000000000009,-0.0019324000000000001,0.00022240000000000001,0.00021800000000000004,0.0012158000000000002,1.2000000000000129e-05,0.00019999999999999998,0.0024142000000000005,-0.0012504,0.00028879999999999997,-0.00021379999999999997,1.659999999999997e-05,-0.00015139999999999997,0.00014519999999999995,0.00028699999999999998,-0.0010558000000000004,0.0011701999999999997,-0.00051040000000000005,-0.00044859999999999995,0.00031459999999999995,0.0011674000000000001,-0.00077519999999999998,0.00096840000000000012,0.00073320000000000004,-0.0010055999999999999,0.00022120000000000017,-0.00027060000000000002,0.00037800000000000008,-0.001052,-7.9799999999999988e-05,-0.00073200000000000001,0.00034599999999999985,-0.0019246000000000003,0.00063980000000000016,-0.0024376000000000003,0.00059620000000000007,0.0019144000000000001,-0.0019234000000000002,0.00073559999999999999,-0.0015589999999999998,-0.00084219999999999998,0.0019288,0.00049960000000000043,-0.0014553999999999999,0.0025526000000000004,-0.0016088000000000001,0.00077520000000000009,-0.0013360000000000004,-0.00064979999999999997,-4.4200000000000099e-05,-0.0014635999999999998,-0.0011622,0.0029020000000000001,-0.0029453999999999999,-0.0018542000000000003,0.00053299999999999995,-0.00057280000000000005,0.0033693999999999998,-0.0030672000000000008,-0.0022106000000000001,0.0020157999999999999,-0.0013368,-0.00014860000000000003,0.0031982,-0.00050239999999999985,0.0015214,-0.0014956000000000001,9.719999999999995e-05,0.00020919999999999999,-0.0025425999999999999,0.0013146000000000002
aug_between_class_right_pair0028_child03,Healthy,0,0,Augmented,0,0,0,0,0,0.31753890000000001,1.9765561999999999,6.9999999999999997e-07,-9.9999999999999995e-07,6.9999999999999986e-07,0.94444159999999999,4.1359030627651384e-25,0.046501399999999998,-0.1217584,0.030676999999999996,0.093358300000000005,-0.057375499999999996,0.083386000000000002,-0.0075451999999999993,-0.014149599999999998,-0.0031475000000000045,-0.14664759999999999,0.29385720000000004,-0.055445599999999998,-0.024907599999999998,0.081903600000000007,0.0016938000000000005,-0.016275600000000001,-0.0075896000000000002,-0.037689100000000003,0.0067361000000000018,0.032818199999999999,-0.044468899999999999,0.0095838999999999994,-0.083571499999999993,0.0078619000000000015,0.046430200000000005,-0.018175500000000001,0.011937900000000001,0.024281399999999995,-0.0355257,0.027279399999999999,-0.042148000000000005,-0.070649799999999999,0.084948800000000005,-0.055781499999999998,0.17023340000000001,-0.026085000000000004,0.0049581999999999994,-0.0047369999999999999,-0.010291499999999999,-0.018675400000000002,0.0048173000000000001,0.029989100000000001,2.7200000000000227e-05,-0.0022634999999999999,-0.0103459,-0.019605000000000001,0.0091319000000000001,0.030355199999999999,0.010488700000000002,0.018776399999999999,-0.0038779000000000001,0.0136749,0.0033392000000000022,-0.0453198,0.0033731,-0.0038211999999999999,-0.015846899999999997,0.019993,-0.071344900000000003,0.017357899999999996,-0.0072775000000000027,-0.025407100000000002,-0.0033257999999999985,-0.0048848000000000008,0.0042537999999999994,0.018466299999999998,0.0059626999999999996,0.0023958,-0.016334000000000001,0.0070759999999999998,0.015066299999999999,-0.0027565999999999997,0.0045713999999999998,3.4800000000000629e-05,-0.0149085,-0.00019240000000000012,0.0047930999999999998,0.0048771999999999999,-0.0057887000000000008,-0.014178199999999998,0.016985400000000001,-0.013702500000000001,-0.0064577999999999997,-0.0065894999999999999,0.0043132999999999999,0.011077699999999999,-0.0141751,-0.0012555000000000001,0.0069457,-0.016040700000000001,-6.0000000000077353e-07,0.0186476,0.0035812999999999999,0.0112762,-0.011765400000000001,0.0098794999999999994,-0.0015067999999999995,-0.00074440000000000031,-0.0066823999999999998,0.0069776000000000005,0.0016943999999999996,-0.0076812999999999994,0.0013364999999999996,0.0022095000000000001,-0.0011705000000000001,-0.0014043999999999997,0.0096796999999999994,0.0073035000000000001,0.0046292,0.00063459999999999992,0.0094212000000000011,-0.0066278999999999999,0.0050540999999999997,-0.0087945000000000002,0.0066262000000000005,-0.00088330000000000006,-0.0026327,0.0066011000000000004,-0.0041796000000000003,0.011694,-0.010245000000000001,-0.0031524000000000001,0.0053494000000000007,0.0082751999999999999,-0.0019364999999999999,-0.0041184999999999998,-0.0138701,0.00075360000000000097,-0.015501899999999999,-0.0079332000000000014,0.0076001000000000011,-0.00087659999999999984,0.0057489000000000004,-0.0036335999999999999,-0.0056051999999999994,-0.00036969999999999993,-0.0018466000000000001,-0.0030195999999999995,-0.00063569999999999989,-0.0020770999999999993,-0.0045336999999999999,0.0013500999999999999,-0.0060147999999999998,0.0021022000000000002,0.00019999999999999987,0.0014003000000000002,0.0023303999999999998,0.002405,-0.0033587000000000001,-0.0017126999999999997,-0.0010987,-0.0029570999999999998,-0.0032448000000000004,-0.0021651999999999999,0.0041808999999999995,0.0032924999999999994,0.0019676999999999997,2.8099999999999653e-05,-0.0017381999999999999,-0.0032115000000000004,-0.005925999999999999,-0.0108223,0.0020384999999999999,0.0050042999999999997,0.0067856000000000001,0.00082890000000000047,-0.0038279999999999998,0.0083022999999999986,-0.00094669999999999824,0.0016582000000000001,-0.00049619999999999992,0.0055985000000000002,0.0026414999999999998,0.0043208999999999999,-0.016615199999999997,0.00087659999999999995,-0.0036062000000000004,-0.0043182000000000003,0.0103421,-0.006114399999999999,-0.0021120000000000002,-6.119999999999997e-05,-0.00043359999999999991,-0.0014894000000000001,7.459999999999997e-05,-0.0024183,-0.0001225,-0.00026209999999999992,-0.00086880000000000008,0.0031101999999999996,-0.0020531,-0.00054200000000000006,0.0017753000000000001,-0.00082939999999999989,-0.0015865,0.00080899999999999982,-0.0015016999999999999,0.0022074,-0.0013872999999999999,-0.00019709999999999975,0.0047861999999999991,-0.0024961000000000002,-0.0037011000000000001,0.0046169999999999996,0.0049396000000000006,-0.0017860999999999999,0.0061612999999999998,0.00028369999999999958,0.0010817999999999999,0.0014543,0.0045061999999999993,-0.00019570000000000026,-0.0054824000000000001,-0.00019690000000000007,0.0052209000000000005,-0.0044298999999999996,-0.0029591999999999999,0.0040204999999999998,0.0012446000000000002,0.0031148999999999999,-0.0010042999999999996,0.0024776999999999998,-0.0070000999999999996,-0.0027158,0.0022777999999999995,0.0061338999999999994,-0.0058037999999999996,0.0083435000000000002,-0.0034439000000000006,-0.0052204,-0.0046093000000000002,0.0012437000000000001,0.00048539999999999998,0.00089799999999999982,-0.0015690000000000001,-0.0016520999999999999,-0.00015240000000000002,0.00042890000000000013,0.0020710999999999998,-0.00031900000000000011,-0.0021692,0.00015629999999999998,0.0041016999999999998,-0.0018415999999999999,-0.00022570000000000001,-0.00067900000000000013,0.0018142000000000002,0.00010950000000000001,0.0035174999999999998,-0.0013025000000000001,0.00090959999999999988,0.00076990000000000001,0.00085880000000000006,0.0013771,-0.0056988999999999998,0.0013177999999999998,0.0024342999999999999,-0.0041538999999999994,-0.0013885999999999998,0.0011385000000000002,0.00028870000000000002,-0.0003805000000000002,0.0012984000000000001,0.0011707,0.00049200000000000025,6.3399999999999806e-05,0.0051850999999999998,-0.00095609999999999988,-0.0034600999999999998,0.0010030000000000002,-0.0010012999999999995,-0.0031285000000000002,9.8100000000000053e-05,0.0023480999999999997,0.0011735999999999999,-0.0027562000000000003,-0.0035158999999999989,0.0014191,-0.00075500000000000025,0.0039296999999999995,0.00032649999999999997,0.0012005999999999992,0.0050147999999999998,0.008830000000000001,-0.0074473000000000004,0.0021937000000000003,-0.0087492000000000004,-0.00058529999999999997,-0.000406,0.00092670000000000003,0.00042400000000000001,0.00049409999999999992,0.0013068999999999999,-0.0025876000000000007,0.0018665999999999997,0.00069720000000000003,-0.0016246000000000001,-0.00022540000000000006,0.0019929000000000001,-0.0010965999999999999,0.0022951,0.00041419999999999998,0.00031820000000000009,-0.0013955,-0.00037579999999999997,0.00077610000000000016,-0.002232,-0.0011144000000000002,0.00030819999999999969,0.00033409999999999994,-0.0023218000000000002,-0.0011776999999999998,-0.0020915,-0.00068879999999999994,-0.00076129999999999969,3.559999999999989e-05,-0.00029470000000000006,0.0016098999999999996,-0.0016479000000000001,-0.0013980999999999998,-0.0032513999999999998,-0.00018829999999999997,-0.00067409999999999996,0.0011945,-0.00040539999999999977,0.0041755999999999998,0.0018533999999999998,-0.0018217999999999997,0.0034474000000000002,-0.0041630999999999994,0.00064639999999999999,-0.00012850000000000003,0.0041224,0.0018468999999999998,-0.0013517,-0.0024313999999999998,-0.0015092999999999999,0.00041509999999999941,-0.0010628999999999994,0.00097650000000000005,-0.0013794999999999999,0.0065433000000000002,-0.00029490000000000007,-0.0007806,-0.0020556999999999997,0.0015345999999999999,0.0057386,0.0028338,0.009233100000000001,0.0026281999999999998,-0.0056349,-0.0004125,-0.00040210000000000002,-0.00057169999999999964,0.00094760000000000005,0.00013240000000000007,-0.0022261,-0.00025559999999999987,-0.00018610000000000008,0.0021002,0.00076719999999999989,-0.00047980000000000001,-0.00097609999999999993,0.00024279999999999999,0.00012080000000000001,0.0007293,-0.00084890000000000009,0.00067199999999999996,0.00053460000000000009,0.00017129999999999988,-0.00069209999999999986,-0.0019111999999999998,0.0010429999999999999,-0.00047760000000000001,-0.00054529999999999997,-0.0020517000000000001,-0.0016201999999999998,0.00015640000000000001,0.0014684000000000001,-0.00021209999999999995,-0.00017519999999999992,0.00081570000000000004,0.00025990000000000008,0.0026775999999999996,-0.0016248999999999999,0.0024789,-8.0099999999999941e-05,0.0028481000000000001,0.00073949999999999981,-0.00038099999999999983,-0.0026573,-0.003398,0.00086170000000000018,-0.0015818000000000002,0.001124,-0.0017493000000000001,-9.1799999999999955e-05,-0.00056349999999999987,0.0041727999999999999,-0.0024593999999999996,-0.0012306999999999999,-0.0005909,0.0027092999999999996,0.0010129,-0.0014561000000000001,0.00027589999999999993,0.0019506999999999997,-0.00079989999999999998,-0.0047144999999999999,0.0037774000000000002,0.0020725000000000001,0.0014735000000000002,-3.1200000000000325e-05,0.0037060999999999999,-0.00098609999999999974,-0.0027807000000000001,-0.0014554000000000004,-5.0000000000000131e-06,0.0015557000000000001,0.0020894999999999998,9.9300000000000028e-05,0.00013360000000000002,-0.0013178999999999999,-0.00018170000000000005,-0.00096560000000000005,-0.0014685999999999998,0.0002096,1.799999999999995e-05,0.0012206999999999999,-0.00014249999999999999,0.00027399999999999999,0.0022358,-0.0015620999999999999,0.00039319999999999991,-4.2199999999999874e-05,-9.2100000000000016e-05,-7.2099999999999991e-05,-8.8699999999999933e-05,0.00023849999999999994,-0.0008636999999999998,0.00093379999999999982,-0.00032059999999999999,-0.00053339999999999995,0.00047390000000000003,0.0012671000000000002,-0.00071680000000000008,0.00080459999999999993,0.00054929999999999996,-0.0006873999999999999,6.8799999999999938e-05,-0.00010589999999999997,0.00027899999999999995,-0.0011865000000000001,-8.6999999999999404e-06,-0.00080149999999999948,9.1499999999999893e-05,-0.0016133999999999999,0.0005867,-0.0024964000000000002,0.00055529999999999989,0.0016776,-0.0017376,0.00066489999999999995,-0.0013959999999999999,-0.00070330000000000002,0.0020327000000000001,0.00037439999999999978,-0.0013605999999999998,0.0024418999999999999,-0.0015621999999999999,0.00047679999999999988,-0.001049,-0.00083919999999999991,-0.00011429999999999991,-0.0012093999999999998,-0.0010882999999999999,0.0028599999999999997,-0.0028380999999999997,-0.0019388000000000001,0.00093999999999999986,-0.00058719999999999996,0.0036030999999999997,-0.0027248000000000003,-0.0021283999999999999,0.0020297000000000002,-0.0010526999999999997,-5.4899999999999979e-05,0.0028947999999999999,-0.00048759999999999993,0.0018791000000000001,-0.0011383999999999999,0.00034229999999999992,0.00030729999999999983,-0.0023638999999999999,0.0010134
aug_between_class_right_pair0028_child04,Healthy,0,0,Augmented,0,0,0,0,0,0.31181820000000005,1.9760396,5.9999999999999997e-07,-9.9999999999999995e-07,5.9999999999999997e-07,0.93104680000000006,0,0.0471332,-0.1226932,0.027306999999999998,0.095781400000000003,-0.056812000000000001,0.083165000000000003,-0.0062765999999999994,-0.011501800000000001,-0.0062520000000000006,-0.1443468,0.29836960000000001,-0.055298800000000002,-0.021093799999999996,0.081131800000000004,0.0025694000000000003,-0.016892799999999999,-0.0077477999999999991,-0.038867800000000001,0.0087728000000000025,0.032532599999999995,-0.0469252,0.0094881999999999987,-0.082359000000000002,0.0062331999999999995,0.046884600000000005,-0.016393999999999999,0.0100932,0.025666199999999997,-0.034765599999999994,0.028537199999999999,-0.042103000000000002,-0.067346400000000001,0.084377399999999991,-0.054443000000000005,0.1703452,-0.024371,0.0049505999999999994,-0.0046230000000000004,-0.010966,-0.0186792,0.0051374000000000003,0.028945800000000001,0.00030059999999999983,-0.0032790000000000007,-0.0099252000000000003,-0.018851,0.0099342000000000007,0.030343599999999998,0.011564600000000001,0.0181452,-0.0033332000000000006,0.012986200000000002,0.0038656000000000003,-0.044457400000000001,0.0036968000000000001,-0.0024096,-0.013696199999999997,0.019618999999999998,-0.069742200000000004,0.014146199999999996,-0.0067320000000000019,-0.0230478,-0.0025423999999999985,-0.0042903999999999998,0.0040803999999999997,0.018065399999999999,0.0049645999999999996,0.0025994,-0.014789,0.0070619999999999997,0.013342399999999999,-0.0031037999999999999,0.0040352000000000001,2.339999999999981e-05,-0.014436000000000001,0.00072080000000000017,0.0050997999999999998,0.0049646000000000004,-0.0061096000000000006,-0.0142796,0.015905200000000001,-0.013572000000000001,-0.0057993999999999997,-0.0053389999999999991,0.0038053999999999996,0.010744599999999998,-0.0146978,-0.0011290000000000002,0.0068155999999999998,-0.0149476,0.0020412,0.0183398,0.0033173999999999999,0.011687600000000001,-0.012777200000000001,0.0099539999999999993,-0.0011734000000000002,-0.0010922,-0.0063292000000000001,0.0075828000000000007,0.0015192000000000001,-0.0085623999999999995,0.0013289999999999999,0.0023769999999999998,-0.0015940000000000004,-0.0017191999999999997,0.0086055999999999997,0.0074860000000000005,0.0052136000000000005,0.00042979999999999993,0.0090316000000000007,-0.0066752000000000001,0.0050457999999999996,-0.0085220000000000001,0.0065185999999999994,-0.00083040000000000002,-0.0021075999999999998,0.0066908000000000002,-0.0043898000000000001,0.010392999999999999,-0.010345,-0.0029091999999999998,0.0057072000000000008,0.0084615999999999997,-0.0015789999999999999,-0.0047849999999999993,-0.0134748,0.00085580000000000031,-0.014864200000000001,-0.0069926000000000007,0.0070538000000000007,-0.00085980000000000008,0.0062791999999999995,-0.0044057999999999996,-0.0041885999999999998,-0.00055060000000000005,-0.0016428,-0.0027588000000000001,-0.0005535999999999998,-0.0017207999999999995,-0.0035405999999999997,0.0012658000000000001,-0.0057254000000000003,0.0025986000000000004,0.00033100000000000002,0.0012174,0.0028121999999999999,0.0025409999999999999,-0.0031136000000000002,-0.0022855999999999996,-0.0014616000000000002,-0.0028998000000000001,-0.0033683999999999997,-0.0019326,0.0042362000000000007,0.0026609999999999997,0.0020596,-0.00014720000000000011,-0.0025376000000000001,-0.0032919999999999998,-0.0059090000000000002,-0.010461399999999999,0.0022130000000000001,0.0053774000000000009,0.0067658000000000006,0.0016082000000000002,-0.0042769999999999996,0.0085984000000000008,-0.00083860000000000011,0.0015506000000000001,-9.7599999999999879e-05,0.006365,0.0021929999999999996,0.004970200000000001,-0.016745599999999999,0.00053679999999999982,-0.0036416,-0.0046576000000000005,0.0104198,-0.0056851999999999996,-0.0022079999999999999,0.00012839999999999998,-0.00061380000000000007,-0.0013601999999999998,0.00019979999999999998,-0.0022464,-0.00014800000000000002,-0.00047780000000000001,-0.0011444000000000003,0.0030766000000000001,-0.0019337999999999998,-0.00017300000000000014,0.0020203999999999999,-0.00044020000000000002,-0.002101,0.00073699999999999992,-0.0012176000000000003,0.0020091999999999996,-0.0013024,-0.00057980000000000011,0.0043935999999999992,-0.0023087999999999997,-0.0035638000000000002,0.0042170000000000003,0.0044837999999999996,-0.0020848000000000004,0.0067124000000000003,-0.00011840000000000028,0.0010173999999999999,0.0016383999999999999,0.0044295999999999997,-0.00052760000000000003,-0.0052052000000000001,-0.00052120000000000009,0.0054932000000000002,-0.0042541999999999996,-0.0020665999999999996,0.0042100000000000002,0.0014457999999999999,0.0033472000000000003,-0.0010284000000000001,0.0019465999999999999,-0.0064537999999999991,-0.0030394000000000003,0.0021073999999999997,0.0061251999999999999,-0.0062354000000000003,0.0085640000000000004,-0.0038342000000000003,-0.0055262000000000002,-0.0043233999999999998,0.0013106000000000001,0.00030819999999999979,0.00083600000000000005,-0.0018230000000000002,-0.0016567999999999999,-0.00016120000000000002,0.00058320000000000008,0.0017897999999999998,-6.3000000000000013e-05,-0.0021666000000000003,0.00020639999999999998,0.0044916000000000001,-0.0018688000000000001,-8.0600000000000008e-05,-0.00085500000000000007,0.0015635999999999998,0.00018400000000000003,0.0037260000000000001,-0.0013440000000000001,0.0011778000000000001,0.00067519999999999993,0.00084040000000000004,0.0014178000000000001,-0.0061492000000000005,0.00096339999999999978,0.0022604000000000001,-0.0036571999999999998,-0.0010417999999999998,0.00097600000000000009,0.00030960000000000004,-0.00025900000000000012,0.0012372000000000001,0.0012875999999999999,0.0005660000000000001,0.00010720000000000011,0.0053428,-0.00082179999999999992,-0.0035488,0.0012090000000000004,-0.0006154000000000001,-0.0028249999999999998,0.00044180000000000011,0.0024048000000000003,0.00062180000000000004,-0.0022325999999999999,-0.0035322000000000001,0.0014958000000000003,-0.00023200000000000011,0.0036945999999999997,0.00052099999999999976,0.0013128000000000007,0.0054314000000000012,0.0092709999999999997,-0.0073874000000000006,0.0026106000000000002,-0.0087346000000000003,-0.00030940000000000004,-0.00031699999999999995,0.00076659999999999999,0.00046200000000000001,0.00022779999999999979,0.0011042000000000001,-0.0021648000000000001,0.0018637999999999999,0.00058659999999999984,-0.0014338,-0.00029420000000000021,0.0019302,-0.0010888,0.0023608000000000001,0.00037560000000000002,0.0002096,-0.0011029999999999998,-0.00038040000000000003,0.00089380000000000015,-0.0022750000000000001,-0.0011142000000000001,1.7599999999999669e-05,0.00044079999999999998,-0.0024174000000000001,-0.00068059999999999996,-0.0024690000000000003,-0.00037340000000000019,-0.00048839999999999995,-0.00046920000000000007,-0.00058460000000000012,0.0014181999999999997,-0.0019202000000000002,-0.0014748000000000001,-0.0033902000000000003,-0.00037040000000000011,-0.00050579999999999993,0.0013320000000000003,-0.00024919999999999999,0.0042908,0.0017351999999999997,-0.0015983999999999998,0.0031192000000000004,-0.0041397999999999999,0.00070620000000000004,-8.2000000000000015e-05,0.0043341999999999999,0.0018062,-0.00097460000000000005,-0.0021351999999999994,-0.0014063999999999999,0.0002178000000000002,-0.00088520000000000005,0.0014240000000000001,-0.00093899999999999984,0.0067594000000000005,-1.6199999999999852e-05,-0.00084679999999999998,-0.0020515999999999998,0.0015677999999999998,0.0054257999999999997,0.003358400000000001,0.0082708000000000018,0.0021915999999999997,-0.0054852,-0.00057899999999999987,-0.00032880000000000002,-0.00014359999999999959,0.00069979999999999999,9.7200000000000032e-05,-0.0021807999999999997,1.6200000000000231e-05,-5.5800000000000109e-05,0.0018545999999999994,0.00071860000000000001,-0.00027139999999999982,-0.0010308000000000001,0.0002264,9.6399999999999958e-05,0.0007674,-0.0011241999999999999,0.00063700000000000009,0.00035179999999999999,4.739999999999996e-05,-0.00057180000000000002,-0.0018686,0.0010679999999999999,-0.00049879999999999998,-0.00074839999999999998,-0.0020885999999999999,-0.0014666,0.00033020000000000011,0.0016822000000000002,-2.1799999999999988e-05,-0.00046760000000000031,0.00082860000000000019,0.00013019999999999997,0.0026068000000000003,-0.0014982000000000001,0.0020981999999999997,-9.4799999999999919e-05,0.0030978000000000004,0.00047299999999999957,-0.00036199999999999991,-0.0029264000000000004,-0.0037080000000000004,0.00095560000000000024,-0.0024324000000000004,0.001585,-0.0011534,-0.00020740000000000016,-0.00058299999999999997,0.0039684000000000004,-0.0023991999999999998,-0.0012385999999999999,-0.00040419999999999996,0.0027594,0.0012762000000000001,-0.0012397999999999999,0.00088219999999999998,0.0017445999999999998,-0.00062519999999999991,-0.0045669999999999999,0.0038402000000000006,0.0023600000000000001,0.0019720000000000002,-0.00018060000000000038,0.0038688000000000004,-0.0014917999999999999,-0.0024445999999999999,-0.0014442000000000005,-0.00015200000000000001,0.0020936000000000001,0.0022419999999999996,0.0002114000000000001,0.00018479999999999999,-0.0012102000000000003,-8.9600000000000064e-05,-0.00099080000000000001,-0.0010047999999999997,0.00019680000000000001,-0.00018200000000000009,0.0012256000000000001,-0.00029700000000000006,0.00034799999999999995,0.0020574,-0.0018738000000000001,0.00049760000000000006,0.00012940000000000014,-0.00020080000000000011,7.200000000000053e-06,-0.00032260000000000004,0.0001899999999999999,-0.00067160000000000006,0.00069739999999999971,-0.00013079999999999993,-0.00061819999999999996,0.0006332,0.0013668,-0.00065839999999999996,0.00064079999999999996,0.00036539999999999988,-0.00036919999999999981,-8.3599999999999864e-05,5.8800000000000054e-05,0.00018000000000000004,-0.0013210000000000001,6.2400000000000026e-05,-0.00087100000000000003,-0.00016300000000000017,-0.0013021999999999999,0.00053360000000000007,-0.0025551999999999997,0.00051439999999999993,0.0014407999999999999,-0.0015517999999999999,0.00059420000000000002,-0.0012329999999999999,-0.00056440000000000006,0.0021365999999999998,0.0002492000000000002,-0.0012657999999999999,0.0023311999999999999,-0.0015156,0.0001784,-0.00076200000000000009,-0.0010286,-0.00018439999999999993,-0.0009551999999999998,-0.0010143999999999999,0.0028180000000000002,-0.0027307999999999998,-0.0020233999999999999,0.0013470000000000001,-0.00060160000000000009,0.0038367999999999996,-0.0023823999999999998,-0.0020461999999999998,0.0020436,-0.00076859999999999993,3.8800000000000076e-05,0.0025913999999999998,-0.0004728,0.0022367999999999997,-0.00078119999999999991,0.00058739999999999997,0.00040539999999999999,-0.0021852,0.00071219999999999996
aug_between_class_right_pair0028_child05,TLE,1,1,Augmented,0,0,0,0,0,0.3003768,1.9750063999999998,4.0000000000000003e-07,-9.9999999999999995e-07,3.9999999999999998e-07,0.90425719999999998,0,0.048396799999999997,-0.1245628,0.020566999999999998,0.1006276,-0.055684999999999998,0.082722999999999991,-0.0037393999999999999,-0.0062062000000000003,-0.012461,-0.13974519999999999,0.30739440000000001,-0.055005200000000004,-0.013466200000000001,0.079588199999999998,0.0043206,-0.0181272,-0.0080641999999999988,-0.041225200000000004,0.0128462,0.031961400000000001,-0.051837800000000003,0.0092967999999999992,-0.079933999999999991,0.0029758000000000007,0.0477934,-0.012830999999999999,0.0064038000000000012,0.028435799999999997,-0.033245400000000001,0.031052799999999998,-0.042013000000000002,-0.060739600000000005,0.083234599999999992,-0.051766000000000006,0.17056879999999999,-0.020943,0.0049353999999999995,-0.0043949999999999996,-0.012315,-0.0186868,0.0057775999999999999,0.0268592,0.00084739999999999946,-0.0053100000000000005,-0.0090837999999999995,-0.017343000000000001,0.0115388,0.030320399999999997,0.0137164,0.0168828,-0.0022438000000000007,0.011608800000000002,0.0049184000000000016,-0.042732599999999996,0.0043441999999999995,0.00041359999999999943,-0.0093947999999999983,0.018870999999999999,-0.066536800000000007,0.0077228000000000002,-0.0056410000000000002,-0.0183292,-0.00097559999999999834,-0.0031016000000000004,0.0037335999999999997,0.0172636,0.0029683999999999995,0.0030065999999999999,-0.011699000000000001,0.0070340000000000003,0.0098945999999999999,-0.0037981999999999998,0.0029627999999999998,5.9999999999990616e-07,-0.013491,0.0025471999999999995,0.0057131999999999999,0.0051394000000000006,-0.0067514000000000003,-0.014482399999999999,0.013744800000000001,-0.013311,-0.0044825999999999998,-0.0028379999999999998,0.0027895999999999997,0.010078399999999998,-0.015743199999999999,-0.00087600000000000004,0.0065554000000000003,-0.012761400000000001,0.0061247999999999988,0.017724200000000002,0.0027896000000000002,0.012510400000000001,-0.014800799999999999,0.010103000000000001,-0.00050660000000000006,-0.0017878,-0.0056227999999999998,0.008793200000000001,0.0011688000000000002,-0.0103246,0.0013140000000000001,0.002712,-0.002441,-0.0023487999999999998,0.0064574000000000003,0.0078510000000000003,0.0063823999999999999,2.0200000000000057e-05,0.0082524,-0.0067697999999999994,0.0050291999999999993,-0.0079769999999999997,0.0063033999999999998,-0.00072460000000000005,-0.0010574,0.0068701999999999999,-0.0048101999999999997,0.0077909999999999993,-0.010545000000000001,-0.0024228000000000001,0.0064228000000000002,0.0088343999999999992,-0.00086399999999999975,-0.0061180000000000002,-0.0126842,0.0010602000000000007,-0.0135888,-0.0051114000000000003,0.0059612000000000007,-0.00082620000000000013,0.0073397999999999996,-0.0059502000000000001,-0.0013554000000000001,-0.00091239999999999995,-0.0012352000000000001,-0.0022372,-0.00038940000000000003,-0.0010081999999999999,-0.0015544000000000001,0.0010972,-0.0051465999999999994,0.0035914000000000002,0.00059299999999999999,0.00085160000000000021,0.0037757999999999993,0.0028130000000000004,-0.0026234000000000001,-0.0034313999999999994,-0.0021873999999999999,-0.0027852000000000003,-0.0036155999999999996,-0.0014674000000000002,0.0043467999999999996,0.0013979999999999999,0.0022434,-0.00049780000000000007,-0.0041364000000000001,-0.0034530000000000003,-0.005875,-0.0097395999999999993,0.002562,0.0061235999999999999,0.0067261999999999999,0.0031667999999999996,-0.0051749999999999999,0.0091906000000000002,-0.00062239999999999865,0.0013354,0.00069959999999999987,0.0078979999999999988,0.0012959999999999994,0.0062687999999999997,-0.017006399999999998,-0.00014279999999999989,-0.0037124000000000002,-0.0053363999999999998,0.0105752,-0.0048268,-0.0024000000000000002,0.00050759999999999998,-0.00097419999999999994,-0.0011018000000000002,0.00045019999999999999,-0.0019026,-0.00019900000000000001,-0.00090919999999999977,-0.0016956000000000004,0.0030093999999999997,-0.0016952,0.00056499999999999964,0.0025106,0.00033819999999999982,-0.0031299999999999995,0.00059299999999999989,-0.00064940000000000017,0.0016127999999999997,-0.0011326000000000001,-0.0013451999999999995,0.0036083999999999995,-0.0019342000000000001,-0.0032891999999999999,0.0034169999999999999,0.0035722000000000002,-0.0026822,0.0078145999999999997,-0.00092259999999999998,0.00088859999999999992,0.0020066000000000003,0.0042763999999999996,-0.0011914,-0.0046508000000000001,-0.0011698000000000004,0.0060377999999999994,-0.0039027999999999997,-0.00028140000000000044,0.0045890000000000002,0.0018481999999999999,0.0038118000000000002,-0.0010766,0.00088440000000000003,-0.0053612,-0.0036865999999999999,0.0017665999999999997,0.0061078,-0.0070986,0.0090049999999999991,-0.0046148000000000005,-0.0061378000000000005,-0.0037515999999999999,0.0014444000000000002,-4.619999999999993e-05,0.00071199999999999996,-0.0023310000000000002,-0.0016662000000000001,-0.00017880000000000001,0.00089179999999999999,0.0012272000000000001,0.00044899999999999985,-0.0021614,0.00030659999999999997,0.005271399999999999,-0.0019231999999999997,0.00020959999999999994,-0.001207,0.0010624,0.00033299999999999996,0.004143,-0.0014269999999999999,0.0017141999999999999,0.00048580000000000004,0.00080360000000000002,0.0014992,-0.0070498000000000002,0.00025460000000000001,0.0019126,-0.0026638,-0.00034820000000000001,0.0006510000000000001,0.00035139999999999998,-1.6000000000000389e-05,0.0011148,0.0015214,0.00071400000000000022,0.00019479999999999996,0.0056582000000000004,-0.0005532,-0.0037261999999999998,0.001621,0.0001563999999999999,-0.0022180000000000004,0.0011292000000000001,0.0025182000000000008,-0.00048179999999999968,-0.0011853999999999999,-0.003564799999999999,0.0016491999999999995,0.00081399999999999973,0.0032243999999999992,0.00090999999999999978,0.0015371999999999994,0.0062646000000000004,0.010152999999999999,-0.0072676000000000008,0.0034444000000000002,-0.0087054000000000003,0.00024240000000000004,-0.00013900000000000002,0.00044640000000000001,0.00053800000000000007,-0.00030480000000000004,0.00069880000000000007,-0.0013192,0.0018582,0.00036539999999999988,-0.0010522000000000001,-0.00043180000000000009,0.0018048000000000001,-0.0010732000000000001,0.0024922,0.00029839999999999999,-7.599999999999995e-06,-0.00051800000000000001,-0.00038960000000000004,0.0011291999999999999,-0.0023610000000000003,-0.0011138000000000001,-0.00056360000000000004,0.00065419999999999996,-0.0026086,0.00031360000000000003,-0.0032240000000000003,0.00025739999999999997,5.7399999999999986e-05,-0.0014787999999999999,-0.0011644000000000001,0.0010348000000000002,-0.0024648000000000001,-0.0016282,-0.0036678000000000001,-0.00073460000000000007,-0.00016920000000000005,0.0016069999999999999,6.3200000000000018e-05,0.0045211999999999995,0.0014988000000000002,-0.0011516,0.0024628000000000002,-0.0040932,0.00082580000000000001,1.0999999999999996e-05,0.0047577999999999995,0.0017247999999999999,-0.00022040000000000026,-0.0015428,-0.0012006,-0.00017679999999999996,-0.00052979999999999998,0.0023189999999999999,-5.8000000000000109e-05,0.0071916000000000002,0.00054120000000000014,-0.00097919999999999995,-0.0020433999999999999,0.0016341999999999999,0.0048001999999999993,0.0044075999999999994,0.0063462000000000006,0.0013184,-0.0051858,-0.00091199999999999983,-0.00018220000000000004,0.00071260000000000019,0.00020419999999999998,2.6800000000000001e-05,-0.0020902,0.00055980000000000005,0.00020479999999999994,0.0013633999999999999,0.00062140000000000003,0.00014540000000000001,-0.0011402000000000001,0.00019359999999999999,4.7600000000000019e-05,0.00084359999999999991,-0.0016747999999999999,0.00056700000000000023,-1.3799999999999793e-05,-0.0002004000000000001,-0.00033120000000000003,-0.0017833999999999999,0.0011179999999999999,-0.00054120000000000004,-0.0011546,-0.0021624000000000001,-0.0011594000000000001,0.0006778,0.0021098000000000002,0.00035879999999999994,-0.0010524000000000002,0.00085440000000000006,-0.00012919999999999997,0.0024651999999999999,-0.0012448000000000001,0.0013368,-0.00012419999999999998,0.0035972000000000001,-6.0000000000000049e-05,-0.00032399999999999964,-0.0034646,-0.0043280000000000002,0.0011434000000000004,-0.0041336000000000003,0.0025069999999999997,3.8400000000000066e-05,-0.00043859999999999993,-0.00062200000000000005,0.0035596000000000004,-0.0022788000000000001,-0.0012543999999999999,-3.0800000000000098e-05,0.0028595999999999999,0.0018028,-0.0008072,0.0020948,0.0013324000000000001,-0.00027579999999999998,-0.0042719999999999998,0.0039658000000000002,0.0029350000000000001,0.0029690000000000003,-0.00047940000000000005,0.0041942000000000004,-0.0025031999999999997,-0.0017723999999999999,-0.0014218000000000004,-0.000446,0.0031693999999999997,0.0025470000000000002,0.00043559999999999996,0.00028719999999999999,-0.00099480000000000011,9.459999999999986e-05,-0.0010411999999999999,-7.7199999999999979e-05,0.00017120000000000001,-0.00058200000000000005,0.0012354,-0.00060599999999999998,0.00049600000000000013,0.0017006,-0.0024971999999999998,0.00070639999999999982,0.0004726000000000001,-0.00041819999999999997,0.00016580000000000002,-0.0007903999999999998,9.2999999999999984e-05,-0.0002874000000000001,0.00022459999999999998,0.00024880000000000008,-0.00078779999999999996,0.00095179999999999983,0.0015662000000000002,-0.00054160000000000005,0.00031319999999999997,-2.4000000000000041e-06,0.00026719999999999999,-0.0003883999999999999,0.00038819999999999989,-1.7999999999999963e-05,-0.0015899999999999998,0.00020459999999999999,-0.0010099999999999998,-0.00067200000000000007,-0.00067980000000000015,0.00042740000000000009,-0.0026728000000000003,0.0004326,0.00096720000000000009,-0.0011802000000000002,0.00045280000000000006,-0.00090699999999999982,-0.00028660000000000014,0.0023444,-1.1999999999998123e-06,-0.0010762,0.0021098000000000002,-0.0014224000000000001,-0.00041839999999999976,-0.00018800000000000023,-0.0014074000000000001,-0.00032459999999999998,-0.00044679999999999996,-0.00086660000000000003,0.0027339999999999999,-0.0025162000000000001,-0.0021925999999999998,0.0021609999999999997,-0.00063040000000000004,0.0043042000000000002,-0.0016976000000000003,-0.0018817999999999999,0.0020714000000000002,-0.0002004000000000001,0.00022619999999999997,0.0019846,-0.00044319999999999993,0.0029521999999999999,-6.6800000000000323e-05,0.0010775999999999997,0.00060160000000000009,-0.0018278000000000001,0.00010980000000000018
aug_between_class_right_pair0028_child06,TLE,1,1,Augmented,0,0,0,0,0,0.29465610000000003,1.9744898,3.0000000000000004e-07,-9.9999999999999995e-07,3.0000000000000004e-07,0.89086240000000005,0,0.049028599999999999,-0.12549759999999999,0.017196999999999997,0.1030507,-0.055121500000000004,0.082501999999999992,-0.0024708000000000004,-0.0035584000000000015,-0.015565499999999999,-0.13744439999999999,0.31190680000000004,-0.054858400000000002,-0.009652400000000002,0.078816399999999995,0.0051961999999999998,-0.018744399999999998,-0.0082223999999999995,-0.042403900000000001,0.014882900000000001,0.031675799999999997,-0.054294099999999998,0.0092011000000000003,-0.0787215,0.0013471000000000004,0.0482478,-0.0110495,0.0045591000000000017,0.029820599999999996,-0.032485300000000002,0.032310599999999995,-0.041968000000000005,-0.057436200000000007,0.082663199999999992,-0.0504275,0.17068060000000002,-0.019229000000000003,0.0049277999999999995,-0.0042810000000000001,-0.012989500000000001,-0.018690600000000002,0.0060977000000000002,0.025815900000000003,0.0011207999999999995,-0.0063254999999999995,-0.0086631,-0.016589,0.012341100000000001,0.0303088,0.014792300000000001,0.016251600000000001,-0.0016991000000000011,0.0109201,0.0054447999999999996,-0.041870199999999996,0.0046679,0.0018251999999999995,-0.0072440999999999998,0.018497,-0.064934099999999995,0.0045111000000000005,-0.0050954999999999993,-0.015969900000000002,-0.00019220000000000001,-0.0025072000000000007,0.0035601999999999999,0.016862700000000001,0.0019702999999999995,0.0032101999999999999,-0.010154000000000002,0.0070200000000000002,0.0081706999999999995,-0.0041453999999999996,0.0024266000000000005,-1.0800000000000046e-05,-0.013018500000000001,0.0034603999999999989,0.0060198999999999999,0.0052268000000000002,-0.0070723000000000001,-0.014583799999999999,0.012664600000000002,-0.013180500000000001,-0.0038241999999999998,-0.0015875000000000004,0.0022817000000000002,0.0097452999999999984,-0.0162659,-0.00074950000000000017,0.0064253000000000001,-0.011668300000000001,0.0081665999999999996,0.017416400000000002,0.0025257000000000005,0.012921800000000001,-0.0158126,0.010177500000000001,-0.00017320000000000031,-0.0021355999999999997,-0.0052696000000000002,0.0093983999999999995,0.00099359999999999987,-0.011205699999999999,0.0013064999999999999,0.0028794999999999997,-0.0028644999999999999,-0.0026635999999999999,0.0053833000000000006,0.0080335000000000007,0.0069667999999999996,-0.00018459999999999993,0.0078628000000000014,-0.0068170999999999995,0.0050209,-0.0077045000000000004,0.0061957999999999996,-0.00067170000000000001,-0.00053229999999999944,0.0069598999999999998,-0.0050203999999999995,0.0064900000000000001,-0.010645,-0.0021796000000000003,0.0067806000000000003,0.009020799999999999,-0.00050650000000000001,-0.0067844999999999997,-0.0122889,0.0011624000000000001,-0.0129511,-0.0041708000000000005,0.0054149000000000003,-0.00080939999999999994,0.0078700999999999997,-0.006722399999999999,6.1199999999999536e-05,-0.0010933,-0.0010314000000000002,-0.0019763999999999997,-0.00030730000000000004,-0.00065189999999999996,-0.00056130000000000025,0.0010129000000000002,-0.0048572000000000008,0.0040877999999999999,0.00072399999999999993,0.00066870000000000015,0.0042575999999999994,0.0029490000000000002,-0.0023783000000000003,-0.0040042999999999988,-0.0025503000000000001,-0.0027279000000000001,-0.0037391999999999998,-0.0012348000000000003,0.0044020999999999999,0.00076649999999999982,0.0023352999999999994,-0.00067309999999999983,-0.0049357999999999997,-0.0035335000000000002,-0.0058579999999999995,-0.0093787000000000002,0.0027364999999999998,0.0064966999999999994,0.0067064000000000004,0.0039460999999999993,-0.0056239999999999997,0.0094867000000000007,-0.00051429999999999879,0.0012278,0.0010981999999999997,0.0086644999999999986,0.00084750000000000103,0.0069180999999999999,-0.017136799999999997,-0.0004825999999999998,-0.0037477999999999999,-0.0056757999999999999,0.0106529,-0.0043975999999999998,-0.002496,0.00069719999999999992,-0.0011543999999999999,-0.00097260000000000011,0.00057539999999999989,-0.0017307000000000004,-0.00022449999999999998,-0.0011248999999999999,-0.0019712000000000002,0.0029757999999999998,-0.0015759000000000001,0.0009339999999999995,0.0027557000000000003,0.00072739999999999968,-0.0036444999999999997,0.00052099999999999998,-0.00036530000000000015,0.0014146,-0.0010476999999999999,-0.0017278999999999997,0.0032157999999999996,-0.0017469000000000002,-0.0031519,0.0030170000000000002,0.0031164000000000001,-0.0029808999999999999,0.0083657000000000002,-0.0013247000000000007,0.00082419999999999987,0.0021907000000000003,0.0041998000000000001,-0.0015232999999999998,-0.0043736000000000001,-0.0014940999999999999,0.0063100999999999999,-0.0037270999999999997,0.00061119999999999924,0.0047784999999999998,0.0020493999999999998,0.0040441000000000001,-0.0011006999999999996,0.00035330000000000019,-0.0048149000000000004,-0.0040102000000000002,0.0015962000000000003,0.0060990999999999997,-0.007530199999999999,0.0092254999999999993,-0.0050051000000000002,-0.0064436000000000007,-0.0034657000000000004,0.0015112999999999999,-0.0002233999999999999,0.00064999999999999997,-0.0025850000000000005,-0.0016708999999999999,-0.00018760000000000001,0.0010460999999999999,0.00094590000000000017,0.00070499999999999957,-0.0021588000000000002,0.00035669999999999994,0.0056612999999999993,-0.0019503999999999999,0.00035469999999999989,-0.0013829999999999999,0.00081180000000000022,0.00040749999999999998,0.0043514999999999995,-0.0014685,0.0019823999999999996,0.00039110000000000002,0.0007852,0.0015399000000000001,-0.0075000999999999991,-9.9800000000000149e-05,0.0017386999999999999,-0.0021670999999999999,-1.4000000000001424e-06,0.0004885,0.0003723,0.00010549999999999926,0.0010536,0.0016382999999999999,0.00078800000000000007,0.00023860000000000005,0.0058158999999999997,-0.0004189000000000001,-0.0038149000000000004,0.0018270000000000001,0.0005422999999999999,-0.0019145000000000002,0.0014729000000000001,0.0025749000000000006,-0.0010336000000000004,-0.00066180000000000015,-0.0035810999999999994,0.0017259000000000003,0.0013369999999999992,0.0029893000000000007,0.0011045,0.0016494000000000001,0.0066812000000000009,0.010593999999999999,-0.0072077000000000009,0.0038612999999999998,-0.0086908000000000003,0.00051829999999999975,-5.0000000000000131e-05,0.00028630000000000007,0.00057600000000000001,-0.00057110000000000017,0.00049610000000000008,-0.00089640000000000032,0.0018554000000000001,0.00025479999999999991,-0.00086140000000000012,-0.00050060000000000024,0.0017421000000000001,-0.0010654,0.0025579000000000001,0.00025980000000000003,-0.00011619999999999994,-0.00022550000000000011,-0.00039420000000000004,0.0012469,-0.0024040000000000003,-0.0011136000000000002,-0.00085419999999999995,0.0007608999999999999,-0.0027041999999999999,0.0008106999999999997,-0.0036015000000000001,0.00057279999999999983,0.00033029999999999995,-0.0019835999999999999,-0.0014543,0.00084309999999999984,-0.0027371000000000001,-0.0017049000000000001,-0.0038065999999999998,-0.00091669999999999989,-9.0000000000004221e-07,0.0017445,0.00021940000000000002,0.0046363999999999997,0.0013806000000000001,-0.00092820000000000012,0.0021346000000000004,-0.0040699000000000004,0.00088559999999999995,5.7499999999999934e-05,0.0049695999999999994,0.0016841,0.00015669999999999985,-0.0012466000000000001,-0.0010977000000000001,-0.00037409999999999961,-0.00035209999999999994,0.0027664999999999999,0.00038249999999999959,0.0074076999999999997,0.00081989999999999971,-0.0010454000000000001,-0.0020393,0.0016674000000000001,0.0044873999999999999,0.0049322000000000003,0.0053839000000000005,0.00088180000000000029,-0.0050361,-0.0010784999999999998,-0.00010890000000000004,0.0011406999999999999,-4.3599999999999976e-05,-8.3999999999999873e-06,-0.0020449000000000001,0.00083159999999999983,0.00033509999999999985,0.0011178000000000002,0.00057280000000000005,0.00035379999999999993,-0.0011948999999999998,0.0001772,2.3199999999999968e-05,0.00088169999999999991,-0.0019500999999999998,0.00053199999999999992,-0.00019660000000000012,-0.00032430000000000002,-0.00021090000000000003,-0.0017408000000000002,0.0011429999999999999,-0.00056240000000000001,-0.0013576999999999999,-0.0021993,-0.0010058000000000001,0.00085159999999999999,0.0023236000000000003,0.00054909999999999985,-0.0013448000000000002,0.00086729999999999999,-0.00025889999999999995,0.0023944000000000001,-0.0011181000000000001,0.0009561000000000002,-0.00013890000000000007,0.0038469000000000003,-0.00032650000000000002,-0.00030500000000000015,-0.0037336999999999995,-0.0046380000000000006,0.0012373000000000004,-0.0049842000000000003,0.0029679999999999993,0.00063429999999999997,-0.00055419999999999992,-0.00064149999999999993,0.0033552000000000009,-0.0022185999999999998,-0.0012622999999999998,0.00015589999999999983,0.0029096999999999999,0.0020661,-0.0005909,0.0027010999999999997,0.0011263,-0.00010110000000000002,-0.0041244999999999997,0.0040286000000000002,0.0032225000000000001,0.0034675000000000001,-0.00062880000000000011,0.0043568999999999995,-0.0030088999999999992,-0.0014363000000000002,-0.0014106000000000006,-0.00059299999999999989,0.0037072999999999997,0.0026995000000000001,0.00054770000000000003,0.00033839999999999999,-0.00088710000000000015,0.00018669999999999988,-0.0010664000000000001,0.00038659999999999991,0.0001584,-0.00078199999999999993,0.0012403000000000002,-0.00076049999999999989,0.00056999999999999998,0.0015222,-0.0028088999999999996,0.00081079999999999998,0.00064420000000000015,-0.00052690000000000007,0.00024509999999999999,-0.0010243000000000001,4.4499999999999997e-05,-9.5300000000000148e-05,-1.1799999999999853e-05,0.00043859999999999998,-0.00087259999999999985,0.0011110999999999998,0.0016659000000000001,-0.00048320000000000004,0.00014939999999999995,-0.00018630000000000003,0.00058540000000000003,-0.00054079999999999992,0.00055289999999999994,-0.00011699999999999994,-0.0017245000000000001,0.00027569999999999993,-0.0010794999999999999,-0.00092650000000000013,-0.00036860000000000012,0.00037430000000000005,-0.0027315999999999998,0.00039170000000000003,0.00073040000000000019,-0.0009944000000000001,0.00038210000000000002,-0.00074400000000000009,-0.00014770000000000007,0.0024482999999999996,-0.00012639999999999982,-0.00098140000000000011,0.0019991000000000002,-0.0013757999999999997,-0.00071679999999999964,9.8999999999999804e-05,-0.0015967999999999998,-0.00039469999999999978,-0.00019260000000000013,-0.00079270000000000002,0.0026919999999999999,-0.0024088999999999998,-0.0022771999999999996,0.002568,-0.00064480000000000006,0.0045379000000000001,-0.0013552000000000002,-0.0017995999999999999,0.0020853,8.3699999999999812e-05,0.00031989999999999997,0.0016812000000000001,-0.0004284,0.0033098999999999997,0.00029040000000000034,0.0013226999999999998,0.00069969999999999993,-0.0016491000000000001,-0.00019139999999999956
aug_between_class_right_pair0028_child07,TLE,1,1,Augmented,0,0,0,0,0,0.28893540000000001,1.9739731999999999,1.9999999999999994e-07,-9.9999999999999995e-07,1.9999999999999994e-07,0.87746760000000001,0,0.0496604,-0.1264324,0.013826999999999999,0.10547380000000001,-0.054557999999999995,0.082280999999999993,-0.0012021999999999992,-0.00091059999999999926,-0.018669999999999999,-0.1351436,0.31641920000000001,-0.054711599999999999,-0.0058385999999999985,0.078044600000000006,0.0060718000000000005,-0.0193616,-0.0083806000000000002,-0.043582599999999999,0.016919600000000003,0.0313902,-0.056750400000000006,0.0091053999999999996,-0.077508999999999995,-0.00028160000000000164,0.048702200000000001,-0.0092679999999999985,0.0027143999999999988,0.031205400000000001,-0.031725199999999995,0.033568399999999998,-0.041923000000000002,-0.054132800000000002,0.082091799999999993,-0.049089000000000001,0.17079240000000001,-0.017515000000000003,0.0049201999999999996,-0.0041669999999999997,-0.013663999999999999,-0.0186944,0.0064177999999999995,0.024772599999999999,0.0013941999999999995,-0.0073410000000000012,-0.0082424000000000004,-0.015834999999999998,0.013143400000000001,0.0302972,0.015868200000000002,0.0156204,-0.0011543999999999999,0.010231400000000002,0.0059711999999999994,-0.041007799999999997,0.0049916000000000006,0.0032368000000000006,-0.0050933999999999988,0.018123,-0.06333140000000001,0.0012993999999999974,-0.004550000000000002,-0.013610599999999999,0.00059120000000000006,-0.0019127999999999999,0.0033868000000000001,0.016461799999999999,0.00097219999999999945,0.0034137999999999998,-0.0086089999999999986,0.0070060000000000001,0.0064467999999999991,-0.0044925999999999994,0.0018903999999999998,-2.2199999999999998e-05,-0.012546,0.0043736000000000001,0.0063265999999999999,0.0053141999999999998,-0.0073932000000000008,-0.014685199999999999,0.011584400000000002,-0.013049999999999999,-0.0031657999999999999,-0.00033699999999999876,0.0017737999999999999,0.009412199999999999,-0.016788600000000001,-0.00062300000000000029,0.0062952000000000008,-0.0105752,0.010208399999999999,0.017108600000000002,0.0022618,0.0133332,-0.0168244,0.010251999999999999,0.00016020000000000021,-0.0024834000000000002,-0.0049164000000000005,0.0100036,0.00081840000000000038,-0.012086800000000002,0.0012989999999999998,0.0030469999999999998,-0.0032880000000000001,-0.0029784,0.0043091999999999991,0.0082159999999999993,0.007551200000000001,-0.00038940000000000003,0.0074732000000000002,-0.0068643999999999997,0.0050125999999999999,-0.0074320000000000002,0.0060881999999999993,-0.00061879999999999997,-7.2000000000006087e-06,0.0070496000000000005,-0.0052306000000000002,0.0051889999999999992,-0.010744999999999999,-0.0019364,0.0071384000000000005,0.0092072000000000005,-0.00014899999999999983,-0.0074510000000000002,-0.011893600000000001,0.0012646000000000003,-0.012313399999999999,-0.0032301999999999999,0.0048685999999999998,-0.00079259999999999997,0.0084004000000000006,-0.0074945999999999997,0.0014778000000000005,-0.0012742000000000001,-0.00082759999999999995,-0.0017156000000000001,-0.00022520000000000005,-0.0002955999999999996,0.00043180000000000041,0.00092860000000000002,-0.0045678000000000003,0.0045842000000000009,0.00085500000000000007,0.00048579999999999999,0.0047393999999999995,0.0030850000000000001,-0.0021332,-0.0045772,-0.0029132000000000003,-0.0026706000000000004,-0.0038628000000000004,-0.0010022000000000002,0.0044574000000000003,0.00013499999999999927,0.0024272,-0.00084840000000000002,-0.0057352000000000011,-0.003614,-0.005840999999999999,-0.0090177999999999994,0.002911,0.0068698000000000006,0.0066866,0.0047254000000000003,-0.0060730000000000003,0.0097828000000000012,-0.00040619999999999892,0.0011202,0.0014968,0.0094310000000000001,0.00039900000000000005,0.0075674000000000019,-0.0172672,-0.00082240000000000015,-0.0037831999999999996,-0.0060152000000000001,0.0107306,-0.0039683999999999995,-0.0025920000000000001,0.00088680000000000009,-0.0013346,-0.00084339999999999979,0.00070060000000000001,-0.0015587999999999999,-0.00025000000000000001,-0.0013406000000000002,-0.0022468000000000002,0.0029421999999999999,-0.0014565999999999997,0.0013029999999999997,0.0030008000000000009,0.0011166000000000001,-0.0041589999999999995,0.00044900000000000002,-8.1199999999999914e-05,0.0012163999999999999,-0.00096279999999999998,-0.0021106000000000002,0.0028231999999999997,-0.0015596,-0.0030146000000000001,0.002617,0.0026605999999999999,-0.0032796000000000006,0.0089168000000000008,-0.0017268000000000006,0.00075980000000000004,0.0023748000000000003,0.0041231999999999996,-0.0018552,-0.0040964,-0.0018184,0.0065823999999999995,-0.0035513999999999997,0.0015038000000000004,0.0049680000000000002,0.0022506000000000002,0.0042764000000000014,-0.0011248,-0.00017780000000000053,-0.0042686,-0.0043338000000000005,0.0014257999999999996,0.0060904000000000002,-0.0079617999999999998,0.0094459999999999995,-0.0053953999999999998,-0.0067494000000000009,-0.0031798,0.0015782000000000001,-0.0004006000000000002,0.00058799999999999998,-0.0028390000000000004,-0.0016756000000000002,-0.0001964,0.0012004000000000001,0.0006646,0.00096099999999999994,-0.0021562,0.00040680000000000002,0.0060511999999999996,-0.0019775999999999999,0.00049980000000000011,-0.0015590000000000001,0.00056119999999999987,0.00048200000000000011,0.0045599999999999998,-0.0015100000000000001,0.0022506000000000002,0.00029639999999999994,0.00076679999999999999,0.0015806000000000001,-0.0079503999999999998,-0.00045420000000000031,0.0015647999999999999,-0.0016703999999999998,0.00034540000000000021,0.0003259999999999999,0.00039320000000000012,0.00022699999999999977,0.00099240000000000005,0.0017551999999999999,0.00086199999999999992,0.00028240000000000014,0.0059736000000000008,-0.00028460000000000003,-0.0039036000000000001,0.0020330000000000001,0.00092820000000000001,-0.0016109999999999998,0.0018166000000000002,0.0026316000000000004,-0.0015854000000000003,-0.00013819999999999978,-0.0035973999999999997,0.0018026000000000001,0.0018600000000000001,0.0027542000000000005,0.001299,0.0017615999999999999,0.0070978000000000005,0.011035000000000001,-0.0071478000000000002,0.0042782000000000002,-0.0086762000000000002,0.00079420000000000022,3.8999999999999972e-05,0.00012619999999999992,0.00061399999999999996,-0.0008374000000000003,0.00029339999999999987,-0.0004735999999999998,0.0018525999999999998,0.00014419999999999971,-0.00067059999999999993,-0.00056940000000000018,0.0016793999999999999,-0.0010576000000000001,0.0026236000000000002,0.00022119999999999998,-0.00022480000000000004,6.7000000000000165e-05,-0.00039879999999999999,0.0013646000000000001,-0.002447,-0.0011134000000000001,-0.0011448000000000003,0.00086759999999999995,-0.0027998000000000003,0.0013078,-0.0039790000000000008,0.00088820000000000001,0.00060320000000000024,-0.0024884,-0.0017442000000000002,0.00065140000000000011,-0.0030094000000000006,-0.0017815999999999999,-0.0039453999999999999,-0.0010988,0.00016740000000000011,0.0018820000000000004,0.00037560000000000008,0.0047515999999999999,0.0012623999999999999,-0.00070479999999999989,0.0018064000000000001,-0.0040466,0.0009454000000000001,0.00010399999999999998,0.0051814000000000001,0.0016433999999999999,0.00053379999999999986,-0.00095039999999999979,-0.00099479999999999989,-0.00057140000000000012,-0.00017439999999999979,0.0032140000000000003,0.00082300000000000016,0.0076238000000000009,0.0010986000000000004,-0.0011116000000000001,-0.0020352,0.0017005999999999998,0.0041745999999999997,0.0054567999999999995,0.0044216000000000004,0.00044519999999999933,-0.0048863999999999999,-0.0012449999999999998,-3.5599999999999944e-05,0.0015688000000000004,-0.00029140000000000014,-4.3599999999999976e-05,-0.0019995999999999998,0.0011034000000000003,0.00046539999999999993,0.00087219999999999984,0.00052420000000000006,0.00056220000000000011,-0.0012496,0.00016080000000000001,-1.2000000000000292e-06,0.00091980000000000002,-0.0022254000000000002,0.00049700000000000005,-0.00037940000000000001,-0.00044820000000000016,-9.0599999999999952e-05,-0.0016982000000000002,0.0011679999999999998,-0.00058360000000000009,-0.0015608000000000002,-0.0022361999999999998,-0.0008521999999999999,0.0010254000000000005,0.0025374000000000004,0.00073939999999999987,-0.0016372000000000001,0.00088020000000000014,-0.00038860000000000007,0.0023235999999999999,-0.00099139999999999992,0.00057539999999999989,-0.00015360000000000005,0.0040966000000000006,-0.00059300000000000021,-0.00028600000000000023,-0.0040028000000000008,-0.004948000000000001,0.0013312,-0.0058348000000000011,0.0034289999999999998,0.0012302000000000003,-0.00066980000000000002,-0.00066100000000000002,0.0031507999999999996,-0.0021584,-0.0012702,0.00034259999999999976,0.0029597999999999998,0.0023294000000000001,-0.00037459999999999967,0.0033074000000000003,0.00092019999999999992,7.3600000000000163e-05,-0.0039769999999999996,0.0040914000000000002,0.0035100000000000001,0.0039660000000000008,-0.00077820000000000016,0.0045196000000000004,-0.0035146000000000001,-0.0011001999999999995,-0.0013994000000000003,-0.0007400000000000001,0.0042452000000000002,0.0028520000000000004,0.0006598000000000001,0.00038960000000000004,-0.00077939999999999997,0.00027879999999999989,-0.0010915999999999999,0.00085040000000000007,0.00014559999999999999,-0.00098200000000000002,0.0012452000000000001,-0.00091500000000000023,0.00064400000000000004,0.0013438,-0.0031205999999999998,0.00091520000000000013,0.0008158000000000001,-0.00063560000000000005,0.00032440000000000008,-0.0012582000000000001,-4.000000000000043e-06,9.6800000000000076e-05,-0.00024820000000000007,0.0006284000000000001,-0.00095739999999999996,0.0012704000000000001,0.0017656,-0.00042479999999999992,-1.4400000000000133e-05,-0.00037020000000000016,0.00090360000000000006,-0.00069320000000000015,0.00071759999999999999,-0.00021600000000000002,-0.001859,0.00034680000000000003,-0.0011490000000000001,-0.0011810000000000002,-5.7399999999999871e-05,0.0003212,-0.0027903999999999997,0.00035080000000000007,0.00049359999999999985,-0.00080860000000000003,0.00031139999999999998,-0.00058099999999999992,-8.7999999999999971e-06,0.0025521999999999997,-0.00025160000000000004,-0.00088659999999999997,0.0018884000000000001,-0.0013291999999999998,-0.0010152,0.00038600000000000017,-0.0017861999999999999,-0.00046479999999999981,6.1600000000000088e-05,-0.00071879999999999991,0.0026499999999999996,-0.0023016,-0.0023617999999999998,0.0029750000000000002,-0.00065920000000000009,0.0047716,-0.0010127999999999999,-0.0017174,0.0020991999999999999,0.00036779999999999983,0.00041360000000000008,0.0013777999999999998,-0.00041359999999999986,0.0036676,0.00064760000000000013,0.0015677999999999998,0.0007978000000000002,-0.0014704,-0.00049260000000000016
aug_between_class_right_pair0028_child08,TLE,1,1,Augmented,0,0,0,0,0,0.28321470000000004,1.9734566,9.9999999999999995e-08,-9.9999999999999995e-07,9.9999999999999969e-08,0.86407280000000009,0,0.050292199999999995,-0.12736720000000001,0.010456999999999998,0.1078969,-0.053994500000000001,0.082059999999999994,6.6400000000000421e-05,0.0017372000000000002,-0.021774499999999999,-0.13284279999999998,0.32093159999999998,-0.054564800000000004,-0.0020247999999999985,0.077272800000000003,0.0069473999999999994,-0.019978799999999998,-0.0085387999999999974,-0.044761300000000004,0.018956300000000002,0.0311046,-0.059206700000000001,0.009009699999999999,-0.076296499999999989,-0.0019103000000000002,0.049156600000000002,-0.0074864999999999984,0.00086969999999999756,0.0325902,-0.030965099999999995,0.034826200000000002,-0.041877999999999999,-0.050829399999999997,0.081520399999999993,-0.047750500000000001,0.17090420000000001,-0.015801000000000003,0.0049125999999999996,-0.0040530000000000002,-0.014338500000000001,-0.018698200000000002,0.0067379000000000007,0.023729300000000002,0.0016676000000000004,-0.0083565000000000011,-0.0078216999999999991,-0.015081000000000001,0.0139457,0.030285599999999999,0.0169441,0.014989199999999999,-0.00060970000000000035,0.0095427000000000012,0.0064975999999999992,-0.040145399999999998,0.0053153000000000002,0.0046484000000000004,-0.002942699999999999,0.017749000000000001,-0.061728699999999997,-0.0019123000000000013,-0.0040044999999999976,-0.011251299999999999,0.0013746000000000001,-0.0013184,0.0032134000000000004,0.016060899999999999,-2.5899999999999708e-05,0.0036174000000000002,-0.0070639999999999991,0.006992,0.0047228999999999995,-0.0048398,0.0013542000000000001,-3.3599999999999949e-05,-0.012073500000000001,0.0052867999999999995,0.0066333,0.0054016000000000003,-0.0077141000000000006,-0.0147866,0.0105042,-0.0129195,-0.0025073999999999999,0.00091350000000000025,0.0012659000000000004,0.0090790999999999997,-0.017311299999999998,-0.00049650000000000041,0.0061651000000000006,-0.0094821000000000003,0.012250200000000001,0.016800800000000001,0.0019978999999999999,0.013744600000000003,-0.0178362,0.010326500000000001,0.00049360000000000007,-0.0028311999999999999,-0.0045631999999999999,0.0106088,0.00064320000000000002,-0.012967900000000001,0.0012914999999999997,0.0032144999999999999,-0.0037115,-0.0032932000000000005,0.0032350999999999999,0.0083984999999999997,0.0081355999999999998,-0.00059420000000000002,0.0070836000000000007,-0.0069116999999999998,0.0050042999999999997,-0.0071595000000000001,0.0059806,-0.00056590000000000004,0.00051789999999999996,0.0071393000000000003,-0.0054407999999999991,0.0038879999999999995,-0.010845,-0.0016931999999999997,0.0074961999999999997,0.0093936000000000002,0.00020850000000000035,-0.0081175000000000015,-0.011498299999999999,0.0013667999999999996,-0.011675699999999999,-0.0022896000000000001,0.0043222999999999994,-0.00077579999999999999,0.0089307000000000015,-0.0082667999999999995,0.0028944000000000001,-0.0014551,-0.00062379999999999988,-0.0014548,-0.00014309999999999995,6.0700000000000229e-05,0.0014249000000000002,0.00084429999999999998,-0.0042783999999999999,0.0050806000000000011,0.0009859999999999999,0.00030290000000000004,0.0052211999999999988,0.0032210000000000003,-0.0018881,-0.0051500999999999995,-0.0032760999999999997,-0.0026133000000000003,-0.0039863999999999993,-0.00076960000000000006,0.0045126999999999997,-0.00049649999999999998,0.0025190999999999998,-0.0010237000000000002,-0.0065345999999999998,-0.0036945000000000003,-0.0058239999999999993,-0.0086568999999999986,0.0030854999999999997,0.0072429,0.0066668000000000005,0.0055046999999999995,-0.006522,0.0100789,-0.00029809999999999906,0.0010126,0.0018954000000000002,0.0101975,-4.9500000000000065e-05,0.0082167000000000021,-0.017397599999999999,-0.0011622,-0.0038186000000000001,-0.0063546000000000002,0.0108083,-0.0035391999999999997,-0.0026880000000000003,0.0010764000000000001,-0.0015148,-0.00071420000000000012,0.00082580000000000001,-0.0013868999999999999,-0.00027550000000000003,-0.0015563,-0.0025224000000000002,0.0029085999999999999,-0.0013373,0.0016719999999999997,0.0032459000000000003,0.0015058000000000001,-0.0046735000000000006,0.00037699999999999995,0.00020290000000000011,0.0010181999999999999,-0.00087789999999999993,-0.0024933000000000004,0.0024305999999999998,-0.0013722999999999999,-0.0028773000000000002,0.0022169999999999998,0.0022047999999999998,-0.0035783000000000004,0.0094679000000000013,-0.0021289000000000004,0.00069539999999999999,0.0025588999999999998,0.0040465999999999992,-0.0021871,-0.0038192,-0.0021427,0.0068547,-0.0033757000000000006,0.0023963999999999995,0.0051575000000000006,0.0024518000000000001,0.0045087000000000009,-0.0011488999999999996,-0.00070889999999999994,-0.0037222999999999996,-0.0046573999999999999,0.0012554000000000003,0.0060817000000000006,-0.0083934000000000005,0.0096664999999999997,-0.0057857000000000004,-0.0070552000000000011,-0.0028939000000000005,0.0016451,-0.00057780000000000006,0.00052599999999999999,-0.0030930000000000003,-0.0016803,-0.0002052,0.0013546999999999999,0.00038329999999999999,0.0012170000000000002,-0.0021536000000000003,0.00045689999999999999,0.0064411,-0.0020048000000000002,0.00064490000000000001,-0.001735,0.00031059999999999996,0.00055650000000000003,0.0047684999999999993,-0.0015514999999999999,0.0025187999999999999,0.00020169999999999992,0.00074839999999999998,0.0016213,-0.0084007000000000005,-0.00080860000000000025,0.0013909,-0.0011737,0.00069220000000000002,0.00016350000000000002,0.00041410000000000004,0.00034849999999999942,0.00093120000000000008,0.0018720999999999998,0.0009360000000000002,0.00032620000000000023,0.0061313000000000001,-0.00015029999999999997,-0.0039923000000000007,0.0022390000000000001,0.0013140999999999999,-0.0013075000000000001,0.0021603000000000004,0.0026883000000000002,-0.0021371999999999993,0.00038540000000000015,-0.0036136999999999983,0.0018793000000000008,0.0023829999999999997,0.0025190999999999994,0.0014935,0.0018737999999999997,0.0075144000000000009,0.011476,-0.0070879000000000003,0.0046951000000000007,-0.0086616000000000002,0.0010701,0.00012799999999999986,-3.3900000000000052e-05,0.00065200000000000002,-0.0011037,9.0699999999999928e-05,-5.0799999999999934e-05,0.0018498,3.3599999999999949e-05,-0.00047979999999999995,-0.00063820000000000033,0.0016167,-0.0010498,0.0026892999999999999,0.00018259999999999999,-0.00033339999999999997,0.00035950000000000012,-0.00040339999999999999,0.0014823000000000002,-0.00249,-0.0011132,-0.0014354000000000003,0.00097429999999999999,-0.0028954000000000002,0.0018048999999999999,-0.004356500000000001,0.0012036,0.0008761000000000001,-0.0029932000000000001,-0.0020341000000000001,0.00045970000000000017,-0.0032817000000000002,-0.0018583000000000002,-0.0040842000000000005,-0.0012809000000000002,0.00033570000000000008,0.0020195000000000005,0.00053180000000000002,0.0048668000000000001,0.0011441999999999997,-0.00048139999999999988,0.0014782,-0.0040233000000000005,0.0010052000000000001,0.00015049999999999997,0.0053931999999999999,0.0016026999999999999,0.00091089999999999986,-0.00065419999999999996,-0.00089189999999999994,-0.00076869999999999998,3.300000000000026e-06,0.0036614999999999998,0.0012634999999999996,0.0078399000000000003,0.0013772999999999997,-0.0011778000000000001,-0.0020311000000000001,0.0017338,0.0038617999999999994,0.0059814000000000004,0.0034593000000000002,8.6000000000001006e-06,-0.0047366999999999999,-0.0014114999999999998,3.7699999999999995e-05,0.0019969000000000002,-0.00053919999999999999,-7.8800000000000018e-05,-0.0019543,0.0013752,0.00059570000000000001,0.00062659999999999994,0.00047560000000000007,0.00077060000000000008,-0.0013043,0.00014439999999999999,-2.5600000000000026e-05,0.00095789999999999992,-0.0025006999999999998,0.00046199999999999995,-0.0005622,-0.00057209999999999987,2.9700000000000044e-05,-0.0016555999999999999,0.0011929999999999998,-0.00060479999999999996,-0.0017639000000000001,-0.0022731000000000001,-0.00069859999999999996,0.0011992000000000001,0.0027512000000000001,0.00092969999999999988,-0.0019296000000000001,0.0008931000000000003,-0.00051830000000000008,0.0022528000000000001,-0.00086470000000000004,0.00019469999999999996,-0.00016830000000000003,0.0043463,-0.00085950000000000013,-0.00026699999999999988,-0.0042718999999999995,-0.0052580000000000005,0.0014251000000000001,-0.0066854000000000011,0.0038899999999999994,0.0018261000000000002,-0.00078540000000000001,-0.00068050000000000001,0.0029464000000000001,-0.0020981999999999997,-0.0012780999999999999,0.00052929999999999991,0.0030098999999999998,0.0025927000000000003,-0.00015829999999999989,0.0039137,0.00071409999999999996,0.00024830000000000023,-0.0038295000000000004,0.0041542000000000003,0.0037975000000000001,0.0044645000000000006,-0.00092760000000000021,0.0046823000000000004,-0.0040202999999999992,-0.0007641000000000002,-0.0013882000000000005,-0.00088699999999999998,0.0047831000000000002,0.0030045000000000002,0.00077190000000000006,0.00044079999999999998,-0.00067170000000000001,0.00037089999999999991,-0.0011168,0.0013142000000000002,0.0001328,-0.0011820000000000001,0.0012501000000000001,-0.0010695000000000001,0.00071799999999999989,0.0011654,-0.0034322999999999997,0.0010195999999999998,0.00098740000000000026,-0.00074430000000000026,0.00040370000000000011,-0.0014921000000000001,-5.2500000000000029e-05,0.00028890000000000003,-0.00048459999999999996,0.00081820000000000005,-0.0010422000000000001,0.0014296999999999999,0.0018653000000000003,-0.00036639999999999991,-0.0001782000000000001,-0.00055410000000000008,0.0012218000000000001,-0.00084559999999999995,0.00088229999999999982,-0.00031500000000000001,-0.0019935000000000005,0.00041790000000000002,-0.0012184999999999997,-0.0014355000000000001,0.00025380000000000004,0.00026810000000000007,-0.0028492000000000001,0.00030989999999999989,0.00025680000000000001,-0.00062279999999999996,0.0002407,-0.00041800000000000002,0.00013009999999999991,0.0026560999999999998,-0.00037680000000000005,-0.00079180000000000006,0.0017776999999999999,-0.0012825999999999998,-0.0013135999999999998,0.00067299999999999999,-0.0019755999999999997,-0.00053490000000000005,0.00031580000000000009,-0.00064490000000000001,0.0026080000000000001,-0.0021942999999999997,-0.0024464000000000001,0.003382,-0.00067360000000000011,0.0050052999999999999,-0.00067039999999999971,-0.0016351999999999998,0.0021131000000000001,0.00065190000000000007,0.00050730000000000003,0.0010743999999999999,-0.00039880000000000015,0.0040252999999999999,0.0010047999999999999,0.0018129000000000001,0.00089589999999999982,-0.0012917,-0.00079379999999999989
aug_between_class_right_pair0029_child01,Healthy,0,0,Augmented,0,0,0,0,0,0.3178279,2.1208869000000004,1.1000000000000001e-06,-9.9999999999999995e-08,9.9999999999999995e-07,0.99323440000000007,0,0.035465399999999994,-0.1569662,0.039733900000000003,0.064766799999999985,-0.0933306,0.062092800000000004,0.0060504,0.025244899999999997,-0.037055400000000002,-0.085095099999999993,0.38977469999999997,-0.1223952,-0.018547800000000003,0.095492800000000003,-0.035576299999999998,-0.015301,-0.0085325000000000002,-0.052079300000000002,0.030827600000000004,0.024258000000000002,-0.044514699999999997,0.0023844000000000001,-0.085054599999999994,0.015897700000000001,0.032242100000000003,-0.006116700000000001,0.013021899999999999,0.021627300000000002,-0.049095,0.027060600000000001,-0.051127700000000005,-0.076264100000000001,0.109525,-0.055524299999999999,0.1932295,-0.037031800000000004,0.0097380000000000001,-0.0020629000000000003,-0.0029762,-0.015846800000000001,-0.0069065999999999997,0.031583399999999998,-0.0077491000000000001,-0.0105602,-0.015563500000000001,-0.025949000000000003,0.013922800000000001,0.014553,0.029619399999999997,0.0110443,-0.0250832,-0.0059319000000000004,0.0285083,-0.041038999999999999,0.0087983999999999996,0.0022371000000000001,0.0018394000000000006,0.035059,-0.081133799999999992,-0.0139583,-0.030754799999999999,-0.0314334,0.029101999999999996,0.0022367000000000003,-0.00038150000000000017,0.014728,0.016991800000000001,-0.00014900000000000026,0.0015323000000000003,0.0035679999999999996,0.0073949999999999997,-0.0036865000000000001,0.00045540000000000034,0.0024128999999999999,-0.0185156,0.00013940000000000003,0.0036536000000000003,0.00011699999999999992,-0.010735700000000001,-0.00023819999999999918,0.016659799999999999,-0.0070550999999999999,-0.0080117999999999995,0.0025211000000000001,-0.0085004,0.0010027999999999997,-0.012423900000000002,-0.0031102,0.016515099999999998,-0.0082115,0.0049762999999999995,0.0085755999999999992,-0.0058695000000000015,0.020247899999999999,-0.0064978999999999992,-0.0024032999999999993,0.0042046000000000002,-0.0033855999999999999,-0.0092097999999999989,0.010760499999999999,-0.0033241,0.00011790000000000021,0.00060520000000000007,0.006302799999999999,-0.0038839000000000005,-0.0085888000000000006,0.010607800000000001,0.018271700000000002,0.0074324000000000005,0.0016417999999999999,0.0083584000000000002,-0.0064827000000000001,0.0062429000000000009,-0.010389300000000001,0.009238699999999999,2.5500000000000132e-05,-0.0050444000000000001,0.012804900000000001,-0.0069938999999999999,-0.0032783000000000005,-0.016016800000000001,0.00043029999999999978,0.016782399999999999,0.0030579999999999995,-0.0094092000000000012,0.005334600000000001,-0.014124300000000001,-0.00058650000000000022,-0.0149842,0.0037288000000000017,0.0120775,-0.0041832999999999992,0.0059863,-0.015323699999999999,-0.0017637000000000002,-0.0016225000000000002,-0.0015973000000000001,0.0043390999999999994,-0.0044702000000000006,-0.00056630000000000005,-4.3999999999998901e-06,0.0010162999999999999,-0.0068950000000000001,0.00092610000000000001,0.0003393999999999999,0.0032862,0.0012805999999999998,-0.0019580999999999999,-0.0023416000000000001,-0.0040264999999999997,0.00063900000000000003,-0.0044780999999999987,-0.0136451,-0.0025146999999999999,0.0092064,-0.0003684000000000005,0.0014069000000000002,-0.0039880999999999996,-0.0023884000000000002,-0.003797,-0.0017886999999999998,-0.0041068999999999993,0.00095929999999999974,0.0041892000000000006,0.0058800999999999992,0.01078,-0.010203199999999999,0.0048508000000000006,0.0050677999999999999,0.0059261000000000001,0.0016567000000000001,0.0097422000000000012,-0.0075636999999999996,0.0031552000000000004,-0.0117342,-0.0042485999999999999,-0.0025539000000000004,-0.013890100000000001,0.0104624,0.00030789999999999962,-0.0013886,0.00021639999999999995,-0.0031443,-0.0030165000000000001,0.0022817000000000002,-0.0009285999999999998,0.00070439999999999999,-0.0057891999999999996,0.0035837999999999998,0.0017612000000000001,-0.0020036999999999998,0.0012869999999999999,-0.0010173000000000001,-0.0021844000000000004,-0.00011749999999999998,-0.00019129999999999996,-0.00048220000000000012,0.0017485999999999999,-0.0035758999999999999,0.0038660000000000001,-0.00027760000000000003,-0.0057815000000000002,-0.0049849999999999998,0.00077639999999999957,0.0022989999999999998,-0.0033451000000000002,0.0038786000000000003,0.0009106999999999991,-0.00059800000000000001,0.00046119999999999993,0.0036381999999999994,-0.0011642,0.00029600000000000026,0.0047594999999999998,0.0078174000000000004,-0.0055135000000000002,-0.0012675999999999998,0.0007356000000000001,0.0039299000000000001,-0.0016114999999999999,0.0075855000000000011,0.0049649999999999998,0.0046232000000000001,-0.0053290999999999998,-0.0029973999999999999,0.0034936999999999998,-0.0139355,0.0088484999999999987,-0.0070140999999999997,-0.0019873,0.0019231000000000005,0.0022004999999999998,-0.0010552999999999999,0.0022591,-2.9000000000001247e-06,0.00049120000000000001,0.0014308999999999999,-0.0013197999999999999,0.0010367999999999998,-0.00031889999999999995,-0.0031015999999999999,0.0011142999999999999,0.00088170000000000002,0.0021933,-0.00086140000000000012,-0.0039550000000000002,-0.0019424999999999998,0.0017197,0.00017529999999999976,-0.00046349999999999994,0.00015000000000000001,0.0019659999999999999,0.0016459999999999999,0.0012210999999999999,-0.0037902000000000001,-0.0011038999999999999,0.0016975,-0.0044272000000000001,0.0016543,0.00073929999999999981,0.00089910000000000001,0.0026629000000000002,-0.0012064000000000001,-0.0017442,-0.0025221000000000002,2.6800000000000001e-05,0.0074964999999999997,0.00053649999999999998,-0.00048269999999999997,0.0066535999999999991,0.0012726999999999999,-0.0020262999999999995,-0.0019064000000000002,0.0019861000000000002,0.0023552,0.00035869999999999999,-0.0014197999999999999,-0.0028488000000000003,0.00072999999999999985,-0.00063020000000000003,0.0056517,-0.0043813999999999997,0.0044162999999999997,0.0080719999999999993,-0.0034253999999999995,-0.0047424000000000008,-0.0095379999999999996,0.0046728999999999998,0.00013409999999999995,0.00030660000000000003,4.8700000000000045e-05,0.0035341999999999999,-0.00074320000000000007,0.0032591,-0.00044190000000000006,0.0021821000000000002,0.00026860000000000002,0.00069870000000000002,0.0024386999999999998,-0.0019607000000000001,5.3099999999999935e-05,0.0020996000000000001,-0.0016627,-0.00088440000000000014,-0.00015589999999999999,0.0026154999999999998,0.00065940000000000009,-0.0012679000000000002,-0.0053549999999999995,0.00030720000000000004,-0.0027179000000000001,-0.0019608,-0.0040210000000000003,0.0010151000000000001,0.0019491999999999999,0.0019586,0.0004595999999999999,-0.0022919000000000004,-0.00021900000000000012,-0.0018221000000000001,0.0020797999999999997,-0.00097130000000000014,0.00098300000000000015,-0.00013070000000000009,0.0030091000000000002,0.0028425,-0.00024720000000000005,-6.3200000000000018e-05,0.001023,0.00071900000000000002,-0.0011377,0.0030631999999999999,0.0029711,8.4899999999999733e-05,-0.0015896999999999999,0.0019120999999999999,-0.0022107999999999997,-0.0035168999999999999,0.0035681000000000003,0.0049218000000000005,-0.0025274999999999998,0.0051743999999999991,-0.00080900000000000004,-0.0038096000000000007,0.0029885999999999997,0.0022201000000000005,0.009481100000000001,0.0028876000000000006,0.0014158,0.0057954,-0.0011902000000000002,-0.0012489000000000001,8.4900000000000004e-05,-0.0011791,0.00069680000000000002,-0.00043790000000000007,-0.0033757000000000001,-0.0001472,-4.4900000000000007e-05,-0.0019214000000000002,3.6999999999999998e-05,0.00043179999999999998,0.0017631000000000003,0.0001797,0.0017141999999999999,0.00041050000000000006,-0.0022014000000000001,8.9099999999999997e-05,0.00069119999999999945,0.0027707000000000001,0.00085400000000000016,-0.0002173,0.0023732000000000007,0.0014992,-0.0017621,-0.0016137999999999999,0.00027280000000000002,0.0018375999999999996,0.00034119999999999995,-0.0016674999999999999,1.429999999999986e-05,-0.0018397000000000001,0.00043909999999999999,0.0017118000000000001,-0.0021817,9.4999999999999599e-06,-0.00054410000000000016,0.0024451999999999998,-7.6500000000000071e-05,-0.00074059999999999968,-0.00083999999999999993,-0.004147800000000001,0.00060700000000000012,-0.001645,0.0030471999999999999,-0.0034732000000000001,-0.0026616999999999999,-0.00079210000000000023,0.0022558999999999999,-0.0017593000000000001,-0.0014311,0.0023850999999999994,0.0024356999999999998,0.0028906000000000001,0.00020719999999999983,0.0015971,-0.0025740000000000003,0.00018769999999999995,0.0022423000000000005,0.0048486000000000007,-0.0003952999999999999,0.0054053,-0.0032024000000000002,0.0026746000000000001,-0.0070876000000000003,-0.0017494999999999998,0.0033310000000000002,0.0010620999999999998,0.010655900000000001,0.00075430000000000007,-0.00027440000000000006,-9.7000000000000081e-05,-0.0014134,-0.0026437000000000001,-0.00013990000000000004,0.0025539,-5.8299999999999981e-05,-0.0015494999999999999,0.00067520000000000004,0.0011598000000000003,0.0008897,0.0030686000000000003,-0.0012634999999999999,-0.0021125000000000002,-0.00077540000000000009,0.0011554,0.0010200999999999999,0.0014336000000000002,0.00071649999999999991,0.0010632,-0.0018671000000000002,-0.0016705000000000001,-9.969999999999993e-05,-0.0020017999999999998,0.00052919999999999996,-0.00064300000000000002,0.0034927999999999999,0.00035279999999999996,-0.0017015999999999999,-0.0025611000000000002,0.00026869999999999992,-0.00028519999999999999,0.0011413,8.0900000000000042e-05,0.0011655999999999999,0.0018542000000000003,0.0012302000000000001,1.5000000000000039e-05,-0.0031722,-0.00031579999999999998,0.0014340999999999998,-0.0017756,-0.0012071000000000004,-0.00023870000000000006,0.0029581000000000004,0.0039640000000000005,-0.0019981,-0.0026562000000000001,0.00094459999999999998,-0.0022634000000000005,0.0013668999999999999,-5.8799999999999911e-05,-0.00084689999999999993,0.0014218999999999998,-0.0007293,0.00073899999999999997,0.0029583000000000001,-0.0024312000000000001,-0.0008119999999999999,0.0033236999999999997,-0.0018587999999999999,0.0023533,-0.0008052999999999999,-0.0032867999999999999,0.0018339000000000003,-0.0012120999999999998,0.00021889999999999998,0.0024217000000000002,-2.7000000000000006e-05,0.00081029999999999948,1.1200000000000489e-05,0.0039206999999999992,0.0010862000000000001,-0.0029533000000000003,0.0027662999999999993
aug_between_class_right_pair0029_child02,Healthy,0,0,Augmented,0,0,0,0,0,0.31351580000000001,2.1097928000000001,1.1999999999999999e-06,-1.9999999999999999e-07,9.9999999999999995e-07,0.97697980000000006,0,0.034424799999999998,-0.15674939999999998,0.038426800000000004,0.064764600000000005,-0.092674199999999998,0.061096600000000001,0.0059568000000000008,0.024711799999999999,-0.035058800000000001,-0.08271619999999999,0.39038639999999997,-0.1200254,-0.018669600000000001,0.089737600000000001,-0.034200600000000005,-0.016118,-0.0073969999999999991,-0.051108599999999997,0.030375200000000002,0.025495,-0.041468399999999996,0.0028187999999999998,-0.083193199999999995,0.0162284,0.034419199999999997,-0.0067903999999999985,0.0112908,0.0199516,-0.048618000000000001,0.028283200000000001,-0.051402400000000001,-0.074490200000000006,0.10792500000000001,-0.053272600000000003,0.19190300000000002,-0.037280600000000004,0.0087850000000000011,-0.0026727999999999999,-0.0031584,-0.0158686,-0.0065122000000000001,0.031944800000000002,-0.0070892000000000004,-0.0101504,-0.015729,-0.024223000000000001,0.0146436,0.015246999999999998,0.029418800000000002,0.010181599999999999,-0.023413400000000001,-0.0039918000000000011,0.026749600000000002,-0.039627000000000002,0.007088800000000001,0.0015992000000000001,0.0030898000000000006,0.034393,-0.0799126,-0.013359600000000001,-0.029464599999999997,-0.029241800000000002,0.026644000000000001,0.0018664000000000003,-0.00078300000000000006,0.015223,0.017381600000000001,-2.2000000000000318e-05,0.00060660000000000054,0.0035669999999999994,0.0068149999999999999,-0.0035980000000000001,0.0012237999999999999,0.0025737999999999998,-0.0188802,0.00025779999999999987,0.0034602000000000001,0.0012849999999999997,-0.0116344,-0.0009193999999999973,0.017548600000000001,-0.0074862000000000001,-0.0078505999999999992,0.0021112000000000014,-0.0098118000000000007,0.00093059999999999974,-0.012250800000000001,-0.0030953999999999999,0.017509199999999999,-0.0088319999999999996,0.0051555999999999998,0.0069081999999999998,-0.0065260000000000023,0.017862800000000002,-0.0062328000000000001,-0.0026986000000000002,0.0035332000000000002,-0.0035211999999999999,-0.0090606000000000003,0.010845,-0.0031852,-0.00026420000000000003,0.00059539999999999994,0.0060536000000000001,-0.0038048000000000005,-0.0081036000000000007,0.0108606,0.017829400000000002,0.0073417999999999999,0.0022795999999999997,0.0089548000000000006,-0.0063013999999999995,0.0058498000000000005,-0.011014599999999999,0.0095204,0.00032399999999999985,-0.0050118000000000003,0.012420799999999999,-0.0077228000000000002,-0.0029176000000000011,-0.016415600000000002,0.00040859999999999985,0.014304799999999999,0.0031339999999999996,-0.0087004000000000005,0.0050482000000000001,-0.0145396,-0.00021500000000000078,-0.0147394,0.002165600000000001,0.012712000000000001,-0.0033246000000000005,0.0068516000000000002,-0.014035400000000002,-0.00071340000000000032,-0.001578,-0.0014105999999999999,0.0040672,-0.0044124000000000003,-0.00076660000000000009,-0.0012117999999999996,0.00097860000000000004,-0.0062480000000000001,0.00064119999999999997,1.9799999999999939e-05,0.0032144000000000001,0.00075819999999999989,-0.0018632000000000004,-0.0021651999999999999,-0.0038380000000000003,-2.5999999999999981e-05,-0.0036981999999999996,-0.012599200000000001,-0.0024954,0.0094247999999999988,-0.00014780000000000001,0.0015798000000000001,-0.0041321999999999999,-0.0026718000000000002,-0.0042310000000000004,-0.0018573999999999999,-0.0042617999999999996,0.0011255999999999998,0.0043974000000000001,0.0051491999999999996,0.010762999999999998,-0.0102924,0.0041126000000000001,0.0051546000000000005,0.0061542000000000003,0.0014553999999999999,0.0096103999999999998,-0.0075174000000000005,0.0023224000000000005,-0.0123984,-0.0043792000000000006,-0.0030818000000000009,-0.013886200000000001,0.010942799999999999,0.00027580000000000009,-0.0015621999999999999,9.7799999999999667e-05,-0.0029865999999999998,-0.0032929999999999999,0.0022014000000000001,-0.0007762,0.00059280000000000031,-0.0055934000000000001,0.0035146000000000005,0.0021314000000000003,-0.0017993999999999998,0.00092099999999999994,-0.0008566,-0.0021788000000000007,-0.00031899999999999995,0.00012040000000000004,-0.00037340000000000008,0.0015312000000000001,-0.0032188,0.0035740000000000004,-0.00019920000000000029,-0.0054359999999999999,-0.0045970000000000004,0.0010017999999999997,0.002078,-0.0029692,0.0034152000000000006,0.00076439999999999928,-0.00068199999999999999,0.00014339999999999991,0.0033314,-0.00091640000000000005,7.5000000000000414e-05,0.0039889999999999995,0.0081717999999999999,-0.0051679999999999999,-0.0012382000000000001,0.00056019999999999985,0.0041267999999999999,-0.0013159999999999997,0.0072000000000000007,0.0042599999999999999,0.0042804000000000002,-0.0051661999999999993,-0.0029968,0.0037083999999999997,-0.014811999999999999,0.008483000000000001,-0.0069572000000000002,-0.0024805999999999999,0.0015322000000000009,0.002052,-0.0010306,0.0020432000000000002,-0.00026979999999999994,0.00029540000000000013,0.0011917999999999998,-0.0014885999999999999,0.00063159999999999996,-0.00049479999999999999,-0.0031551999999999999,0.0011976000000000001,0.00087739999999999975,0.0020276000000000005,-0.00075880000000000012,-0.003771,-0.0017850000000000001,0.0015854,0.00016359999999999986,-0.00046300000000000009,4.9999999999999589e-06,0.002222,0.0018419999999999999,0.0010532,-0.0040433999999999999,-0.0011018000000000002,0.001405,-0.0042904000000000006,0.0020196000000000003,0.00091759999999999997,0.0011031999999999999,0.0026817999999999998,-0.0013267999999999999,-0.0016884000000000001,-0.0025272000000000003,-8.1400000000000027e-05,0.0075040000000000003,0.00067000000000000002,-0.00038239999999999997,0.0061532000000000002,0.0012913999999999998,-0.0017505999999999997,-0.0022888000000000001,0.0017082,0.0026333999999999997,0.00027939999999999996,-0.0010545999999999999,-0.0027296,3.0000000000000729e-06,-0.00056339999999999993,0.0048354000000000001,-0.0043537999999999997,0.0047945999999999996,0.0075219999999999992,-0.0030897999999999993,-0.0045198000000000009,-0.0098279999999999999,0.0046327999999999994,3.2199999999999915e-05,0.00037119999999999997,0.00032040000000000004,0.0035674000000000001,-0.00060840000000000026,0.0028141999999999993,-0.00052080000000000008,0.0020211999999999999,3.1999999999998609e-06,0.00098339999999999994,0.0021633999999999998,-0.0021044000000000002,0.00021419999999999989,0.0020262000000000001,-0.0019394,-0.0011528,-0.00033380000000000004,0.0028269999999999997,0.00084580000000000007,-0.0012988000000000001,-0.0051539999999999997,9.5400000000000042e-05,-0.0027347999999999999,-0.0019306000000000002,-0.004182,0.0013342,0.0018763999999999999,0.0018072000000000006,0.00027019999999999995,-0.0023648000000000002,-0.00071600000000000016,-0.0016381999999999998,0.0019056000000000003,-0.00078859999999999998,0.0011320000000000002,-0.00054940000000000002,0.0031292000000000004,0.0027209999999999999,-0.00057740000000000005,-0.00020139999999999991,0.00094199999999999991,0.0012230000000000001,-0.00066339999999999986,0.0028243999999999999,0.0027271999999999999,-0.00016620000000000003,-0.0015574,0.0018432000000000001,-0.0025126000000000002,-0.0033687999999999999,0.0031742000000000003,0.0049726000000000006,-0.0028279999999999998,0.0047188000000000004,-0.0011450000000000002,-0.0036102000000000005,0.0023852000000000005,0.0018821999999999999,0.0095082000000000014,0.0028582,0.0014186000000000001,0.0055408000000000002,-0.0013494000000000002,-0.0012658000000000001,0.00019179999999999995,-0.0010982000000000001,0.0005976,-0.00069280000000000003,-0.0032704000000000006,-0.00022339999999999998,2.7199999999999984e-05,-0.0018128,-7.0000000000000075e-06,0.00046259999999999997,0.0017402000000000006,2.1400000000000005e-05,0.0016374,0.00053900000000000009,-0.0020978000000000004,0.00013519999999999998,0.00045739999999999995,0.0027574000000000001,0.00075600000000000005,-0.00018559999999999998,0.0022814000000000003,0.0013234000000000002,-0.0015922,-0.0017496,0.00026960000000000005,0.0014611999999999997,0.00047039999999999994,-0.0015820000000000001,0.00036659999999999991,-0.0016504000000000002,0.00052620000000000011,0.0016656000000000002,-0.0022064000000000003,0.00011299999999999993,-0.00062820000000000009,0.0026204000000000002,-6.0000000000000049e-05,-0.00067420000000000023,-0.00078899999999999999,-0.0039676000000000008,9.0999999999999935e-05,-0.0019630000000000003,0.0029144000000000002,-0.0031273999999999998,-0.0023573999999999999,-0.00062520000000000002,0.0023858000000000004,-0.0016236,-0.0012622000000000002,0.0019452,0.0022713999999999998,0.0026372000000000001,0.00037439999999999999,0.0016262,-0.0026670000000000001,0.00011839999999999995,0.0018056000000000001,0.0041232000000000005,-0.00015560000000000053,0.0045135999999999996,-0.0030188000000000003,0.0027862,-0.0069221999999999999,-0.0014289999999999997,0.003104,4.9200000000000112e-05,0.0100648,0.0003826000000000003,-0.00021180000000000005,8.5000000000000006e-05,-0.0013188000000000002,-0.0024754,-0.00016679999999999999,0.0022458000000000001,-8.2599999999999975e-05,-0.0013950000000000002,0.00054640000000000005,0.0010386000000000002,0.00086939999999999999,0.0030062000000000001,-0.00167,-0.0021560000000000004,-0.00083480000000000002,0.0010268,0.0010402000000000002,0.0014892,0.00080699999999999999,0.0011314000000000001,-0.0019152000000000001,-0.001606,-2.9399999999999956e-05,-0.0019916000000000001,0.0004414,-0.000718,0.0033946000000000002,0.00037360000000000003,-0.0014742000000000002,-0.0026541999999999998,6.2399999999999999e-05,-0.00053039999999999999,0.00088060000000000005,0.00027980000000000008,0.0013251999999999999,0.0018844000000000001,0.0011634,-0.00010099999999999985,-0.0030293999999999998,-0.00052159999999999999,0.0014321999999999998,-0.0011612,-0.00093020000000000038,6.0000000000001458e-07,0.0026062000000000004,0.0034360000000000007,-0.0021302000000000001,-0.0026844,0.00070720000000000017,-0.0019997999999999999,0.0012428000000000001,5.1400000000000057e-05,-0.00062279999999999996,0.00097379999999999982,-0.00066960000000000001,0.00061700000000000025,0.0027845999999999999,-0.0022014000000000001,-0.00052299999999999992,0.0030764000000000004,-0.0014476000000000001,0.0020816000000000003,-0.00084059999999999983,-0.0030185999999999998,0.0016408,-0.0010181999999999999,4.5800000000000029e-05,0.0021664000000000002,1.0000000000000243e-06,0.00084159999999999964,-0.00032559999999999989,0.003819400000000001,0.0010374000000000002,-0.0028796,0.0023936000000000001
aug_between_class_right_pair0029_child03,Healthy,0,0,Augmented,0,0,0,0,0,0.30920369999999997,2.0986986999999999,1.3e-06,-2.9999999999999993e-07,9.9999999999999995e-07,0.96072520000000006,4.1359030627651384e-25,0.033384199999999996,-0.15653259999999999,0.037119699999999999,0.064762399999999998,-0.092017799999999997,0.060100400000000005,0.0058631999999999998,0.024178699999999997,-0.0330622,-0.0803373,0.39099810000000002,-0.1176556,-0.0187914,0.083982399999999999,-0.032824899999999997,-0.016934999999999999,-0.0062614999999999997,-0.050137899999999999,0.029922799999999999,0.026731999999999999,-0.038422100000000001,0.0032531999999999999,-0.081331799999999996,0.0165591,0.036596299999999998,-0.0074641000000000013,0.0095597000000000008,0.018275899999999998,-0.048140999999999996,0.029505800000000002,-0.051677100000000004,-0.072716299999999998,0.106325,-0.051020900000000001,0.19057650000000001,-0.037529400000000004,0.0078320000000000004,-0.0032827000000000004,-0.0033406,-0.015890399999999999,-0.0061177999999999996,0.0323062,-0.0064292999999999998,-0.0097406000000000003,-0.015894499999999999,-0.022497000000000003,0.0153644,0.015941,0.0292182,0.0093188999999999998,-0.021743599999999998,-0.0020517000000000001,0.0249909,-0.038214999999999999,0.0053791999999999998,0.00096130000000000022,0.0043402000000000007,0.033727,-0.078691399999999995,-0.012760899999999999,-0.028174399999999999,-0.027050200000000003,0.024185999999999999,0.0014961000000000002,-0.0011844999999999998,0.015717999999999999,0.0177714,0.00010500000000000006,-0.00031910000000000098,0.0035660000000000002,0.0062350000000000001,-0.0035095,0.0019922000000000004,0.0027347000000000001,-0.019244799999999999,0.00037619999999999971,0.0032668000000000003,0.0024530000000000003,-0.012533100000000002,-0.0016006000000000006,0.0184374,-0.0079173000000000021,-0.0076893999999999999,0.0017013000000000002,-0.011123200000000001,0.00085840000000000005,-0.0120777,-0.0030806000000000002,0.0185033,-0.0094524999999999991,0.0053349000000000001,0.0052408000000000003,-0.0071825000000000014,0.0154777,-0.0059677000000000003,-0.0029939000000000003,0.0028617999999999994,-0.0036568,-0.0089113999999999999,0.0109295,-0.0030463,-0.00064630000000000026,0.00058559999999999981,0.0058043999999999995,-0.0037257000000000002,-0.0076184000000000009,0.011113399999999999,0.017387099999999999,0.0072512000000000002,0.0029173999999999997,0.0095511999999999993,-0.0061200999999999998,0.0054567000000000001,-0.0116399,0.0098020999999999994,0.00062249999999999936,-0.0049791999999999996,0.012036700000000001,-0.0084516999999999995,-0.0025569,-0.0168144,0.00038689999999999948,0.0118272,0.0032099999999999997,-0.0079915999999999997,0.0047618000000000001,-0.0149549,0.00015649999999999952,-0.0144946,0.00060240000000000033,0.013346500000000001,-0.0024658999999999992,0.0077168999999999988,-0.012747099999999999,0.00033689999999999892,-0.0015335000000000001,-0.0012238999999999998,0.0037952999999999988,-0.0043546000000000001,-0.00096689999999999992,-0.0024192000000000003,0.00094090000000000005,-0.0056010000000000001,0.00035630000000000015,-0.00029980000000000002,0.0031425999999999997,0.0002358000000000002,-0.0017682999999999998,-0.0019887999999999998,-0.0036495,-0.0006910000000000001,-0.0029182999999999995,-0.011553299999999999,-0.0024760999999999997,0.0096431999999999993,7.2800000000000035e-05,0.0017526999999999998,-0.0042763000000000002,-0.0029551999999999998,-0.0046650000000000007,-0.0019261,-0.0044167,0.0012919000000000001,0.0046055999999999996,0.0044183,0.010745999999999999,-0.0103816,0.0033743999999999996,0.0052414000000000002,0.0063822999999999996,0.0012541,0.0094786000000000002,-0.0074710999999999996,0.0014896000000000002,-0.013062600000000001,-0.0045097999999999987,-0.0036097000000000004,-0.0138823,0.0114232,0.00024369999999999969,-0.0017358,-2.0799999999999855e-05,-0.0028288999999999996,-0.0035694999999999998,0.0021210999999999999,-0.00062379999999999977,0.00048119999999999999,-0.0053975999999999989,0.0034453999999999995,0.0025016000000000001,-0.0015950999999999999,0.00055499999999999994,-0.00069589999999999995,-0.0021732000000000001,-0.00052050000000000013,0.00043209999999999999,-0.00026460000000000003,0.0013138,-0.0028617,0.0032819999999999998,-0.00012080000000000012,-0.0050904999999999995,-0.0042090000000000001,0.0012271999999999999,0.0018569999999999999,-0.0025932999999999998,0.0029518000000000005,0.00061810000000000077,-0.00076599999999999997,-0.00017440000000000001,0.0030245999999999997,-0.0006686000000000001,-0.00014599999999999986,0.0032185,0.0085261999999999994,-0.0048225000000000004,-0.0012087999999999999,0.00038480000000000025,0.0043236999999999998,-0.0010205000000000001,0.0068145000000000002,0.0035549999999999991,0.0039375999999999994,-0.0050032999999999996,-0.0029961999999999996,0.0039230999999999997,-0.015688500000000001,0.0081174999999999997,-0.0069002999999999998,-0.0029739000000000002,0.0011412999999999996,0.0019035,-0.0010059000000000001,0.0018273,-0.00053670000000000009,9.9600000000000036e-05,0.0009526999999999999,-0.0016573999999999996,0.00022639999999999992,-0.00067069999999999999,-0.0032087999999999999,0.0012808999999999997,0.00087309999999999992,0.0018619000000000001,-0.00065620000000000012,-0.0035870000000000003,-0.0016274999999999998,0.0014510999999999999,0.00015190000000000039,-0.00046250000000000024,-0.00013999999999999999,0.0024780000000000002,0.0020379999999999999,0.00088530000000000011,-0.0042966000000000002,-0.0010997000000000001,0.0011125,-0.0041536000000000003,0.0023849000000000001,0.0010959000000000001,0.0013073,0.0027007000000000003,-0.0014471999999999998,-0.0016326000000000001,-0.0025322999999999999,-0.00018960000000000005,0.0075114999999999999,0.00080349999999999996,-0.00028209999999999997,0.0056527999999999995,0.0013101,-0.0014748999999999999,-0.0026712000000000003,0.0014302999999999989,0.0029115999999999999,0.0002000999999999995,-0.00068939999999999995,-0.0026104000000000001,-0.00072400000000000014,-0.00049660000000000025,0.0040190999999999994,-0.0043261999999999997,0.0051728999999999994,0.006971999999999999,-0.0027541999999999992,-0.004297200000000001,-0.010118,0.0045926999999999999,-6.9700000000000014e-05,0.00043579999999999991,0.00059210000000000013,0.0036005999999999998,-0.00047359999999999986,0.0023692999999999995,-0.0005997000000000001,0.0018603000000000001,-0.00026219999999999998,0.0012681000000000001,0.0018880999999999998,-0.0022481000000000003,0.00037530000000000018,0.0019528,-0.0022160999999999999,-0.0014211999999999999,-0.00051169999999999992,0.0030384999999999995,0.0010322,-0.0013297000000000001,-0.0049529999999999999,-0.00011640000000000001,-0.0027517000000000002,-0.0019004,-0.0043429999999999996,0.0016532999999999999,0.0018035999999999998,0.0016557999999999994,8.0799999999999904e-05,-0.0024377000000000001,-0.0012130000000000001,-0.0014543,0.0017313999999999997,-0.00060590000000000015,0.0012810000000000002,-0.00096809999999999995,0.0032493000000000001,0.0025994999999999998,-0.00090760000000000016,-0.00033960000000000001,0.000861,0.0017270000000000002,-0.00018909999999999988,0.0025855999999999991,0.0024832999999999999,-0.00041729999999999979,-0.0015250999999999999,0.0017742999999999995,-0.0028143999999999999,-0.0032207,0.0027803000000000003,0.0050233999999999999,-0.0031284999999999993,0.0042632,-0.0014810000000000001,-0.0034108000000000003,0.0017817999999999996,0.0015442999999999998,0.0095353,0.0028288000000000002,0.0014214000000000002,0.0052861999999999996,-0.0015086000000000003,-0.0012826999999999999,0.0002987,-0.0010173000000000001,0.00049840000000000008,-0.0009477,-0.0031651000000000001,-0.00029960000000000002,9.9300000000000056e-05,-0.0017042000000000001,-5.0999999999999979e-05,0.00049339999999999996,0.0017172999999999999,-0.00013689999999999994,0.0015605999999999999,0.00066750000000000002,-0.0019942000000000002,0.00018129999999999991,0.0002235999999999998,0.0027441000000000002,0.00065800000000000006,-0.0001539,0.0021896000000000003,0.0011475999999999999,-0.0014222999999999998,-0.0018854,0.00026639999999999997,0.0010847999999999995,0.00059959999999999994,-0.0014964999999999998,0.00071889999999999996,-0.0014610999999999999,0.00061329999999999989,0.0016194,-0.0022310999999999998,0.00021650000000000003,-0.0007122999999999998,0.0027955999999999996,-4.3500000000000027e-05,-0.00060779999999999949,-0.00073799999999999994,-0.0037874000000000007,-0.00042500000000000003,-0.0022809999999999996,0.0027816000000000004,-0.0027816,-0.0020530999999999995,-0.00045829999999999981,0.0025157000000000001,-0.0014878999999999999,-0.0010933,0.0015052999999999996,0.0021070999999999998,0.0023838000000000002,0.00054159999999999994,0.0016553,-0.0027599999999999999,4.9099999999999947e-05,0.0013688999999999999,0.0033977999999999999,8.4100000000000147e-05,0.0036218999999999995,-0.0028352,0.0028977999999999999,-0.0067567999999999994,-0.0011084999999999997,0.0028770000000000002,-0.00096370000000000039,0.0094737000000000016,1.0900000000000102e-05,-0.00014919999999999999,0.00026700000000000004,-0.0012241999999999999,-0.0023070999999999994,-0.00019369999999999994,0.0019376999999999997,-0.00010689999999999997,-0.0012404999999999998,0.00041760000000000007,0.00091739999999999986,0.00084909999999999998,0.0029438000000000003,-0.0020764999999999998,-0.0021995000000000001,-0.00089419999999999994,0.00089820000000000004,0.0010603000000000001,0.0015447999999999998,0.00089750000000000008,0.0011995999999999999,-0.0019633000000000003,-0.0015414999999999999,4.0899999999999856e-05,-0.0019813999999999999,0.00035360000000000003,-0.00079299999999999998,0.0032963999999999997,0.00039439999999999999,-0.0012467999999999999,-0.0027473000000000003,-0.00014390000000000008,-0.00077559999999999988,0.00061989999999999983,0.00047870000000000003,0.0014848000000000001,0.0019145999999999998,0.0010965999999999999,-0.00021699999999999993,-0.0028866,-0.0007273999999999999,0.0014303,-0.00054680000000000006,-0.0006533000000000001,0.00023989999999999992,0.0022542999999999999,0.0029080000000000004,-0.0022623000000000001,-0.0027125999999999999,0.00046980000000000004,-0.0017361999999999998,0.0011186999999999998,0.00016160000000000002,-0.00039869999999999988,0.00052569999999999982,-0.00060990000000000003,0.000495,0.0026108999999999998,-0.0019716000000000004,-0.00023399999999999994,0.0028290999999999998,-0.0010363999999999998,0.0018099000000000001,-0.00087589999999999999,-0.0027504000000000001,0.0014477000000000001,-0.00082429999999999992,-0.00012729999999999995,0.0019111000000000002,2.9000000000000054e-05,0.0008728999999999998,-0.00066240000000000005,0.0037180999999999998,0.00098860000000000007,-0.0028059000000000001,0.0020209
aug_between_class_right_pair0029_child04,Healthy,0,0,Augmented,0,0,0,0,0,0.30489159999999998,2.0876046000000001,1.3999999999999999e-06,-3.9999999999999993e-07,9.9999999999999995e-07,0.94447060000000005,0,0.0323436,-0.15631579999999998,0.0358126,0.06476019999999999,-0.091361399999999995,0.05910420000000001,0.0057695999999999997,0.023645599999999996,-0.031065600000000002,-0.077958399999999997,0.39160980000000001,-0.11528579999999999,-0.018913199999999998,0.078227199999999997,-0.031449199999999997,-0.017752,-0.0051259999999999995,-0.049167200000000001,0.029470400000000001,0.027969000000000001,-0.035375799999999999,0.0036876000000000001,-0.079470399999999997,0.0168898,0.0387734,-0.0081378000000000006,0.0078285999999999981,0.016600199999999999,-0.047663999999999998,0.030728400000000003,-0.051951799999999999,-0.070942400000000003,0.104725,-0.048769199999999999,0.18925,-0.037778200000000005,0.0068789999999999997,-0.0038926000000000004,-0.0035228,-0.015912200000000001,-0.0057233999999999991,0.032667599999999998,-0.0057694,-0.0093308000000000002,-0.016059999999999998,-0.020771000000000001,0.016085200000000001,0.016635,0.029017599999999998,0.0084562000000000005,-0.020073799999999999,-0.00011160000000000092,0.023232200000000001,-0.036803000000000002,0.0036695999999999994,0.00032340000000000016,0.0055906000000000011,0.033061,-0.077470200000000003,-0.012162199999999998,-0.0268842,-0.024858600000000002,0.021727999999999997,0.0011257999999999999,-0.0015860000000000004,0.016213000000000002,0.018161199999999999,0.000232,-0.0012447999999999999,0.003565,0.0056549999999999994,-0.003421,0.0027606000000000002,0.0028955999999999999,-0.019609399999999999,0.00049459999999999999,0.0030734,0.0036210000000000005,-0.013431800000000001,-0.0022817999999999988,0.019326200000000002,-0.0083483999999999989,-0.0075281999999999996,0.0012913999999999998,-0.012434600000000002,0.00078619999999999949,-0.011904600000000001,-0.0030658,0.019497399999999998,-0.010073,0.0055142000000000004,0.0035733999999999991,-0.0078390000000000005,0.013092600000000001,-0.0057026000000000004,-0.0032892000000000004,0.0021903999999999995,-0.0037924,-0.0087621999999999995,0.011013999999999999,-0.0029074000000000001,-0.0010284000000000001,0.0005757999999999999,0.0055551999999999997,-0.0036466000000000003,-0.007133200000000001,0.0113662,0.016944799999999999,0.0071605999999999996,0.0035552000000000001,0.0101476,-0.0059388000000000002,0.0050636000000000006,-0.0122652,0.0100838,0.00092099999999999994,-0.0049465999999999998,0.011652599999999999,-0.0091806000000000006,-0.0021961999999999997,-0.017213199999999998,0.00036519999999999999,0.0093495999999999996,0.0032859999999999999,-0.0072827999999999999,0.0044754,-0.015370200000000001,0.00052799999999999982,-0.0142498,-0.0009607999999999995,0.013981,-0.0016071999999999996,0.0085821999999999999,-0.0114588,0.0013871999999999999,-0.0014890000000000001,-0.0010371999999999998,0.0035233999999999994,-0.0042967999999999999,-0.0011672,-0.0036266000000000002,0.00090319999999999994,-0.0049540000000000001,7.1400000000000109e-05,-0.00061940000000000042,0.0030707999999999998,-0.00028660000000000014,-0.0016734,-0.0018123999999999998,-0.0034609999999999997,-0.0013560000000000004,-0.0021383999999999995,-0.0105074,-0.0024567999999999999,0.0098615999999999999,0.00029339999999999965,0.0019256000000000002,-0.0044203999999999997,-0.0032385999999999999,-0.0050990000000000002,-0.0019947999999999997,-0.0045715999999999994,0.0014582000000000002,0.0048138,0.0036873999999999995,0.010728999999999999,-0.010470799999999999,0.0026362,0.0053282,0.0066103999999999998,0.0010528,0.0093468000000000006,-0.0074247999999999996,0.00065679999999999992,-0.013726799999999999,-0.0046403999999999994,-0.0041376000000000008,-0.013878400000000001,0.0119036,0.00021159999999999972,-0.0019094000000000001,-0.00013940000000000003,-0.0026711999999999999,-0.0038460000000000005,0.0020407999999999997,-0.00047139999999999997,0.00036959999999999998,-0.0052017999999999995,0.0033761999999999993,0.0028718000000000003,-0.0013908,0.00018899999999999982,-0.00053519999999999989,-0.0021676000000000004,-0.00072199999999999999,0.00074380000000000008,-0.00015580000000000002,0.0010964,-0.0025046000000000001,0.00299,-4.2400000000000163e-05,-0.0047449999999999992,-0.0038210000000000002,0.0014526000000000001,0.0016360000000000001,-0.0022173999999999996,0.0024884,0.00047179999999999965,-0.00084999999999999995,-0.00049220000000000025,0.0027177999999999994,-0.00042079999999999993,-0.00036700000000000014,0.0024480000000000001,0.0088805999999999989,-0.0044770000000000001,-0.0011793999999999999,0.00020939999999999999,0.0045205999999999996,-0.00072499999999999995,0.0064290000000000007,0.0028499999999999992,0.0035947999999999996,-0.0048403999999999999,-0.0029955999999999997,0.0041377999999999996,-0.016565,0.0077520000000000002,-0.0068434000000000004,-0.0034672000000000006,0.00075040000000000003,0.001755,-0.0009812,0.0016114000000000002,-0.00080360000000000002,-9.6199999999999845e-05,0.00071359999999999989,-0.0018262,-0.00017880000000000012,-0.00084659999999999998,-0.0032623999999999999,0.0013641999999999999,0.00086880000000000008,0.0016962000000000004,-0.00055360000000000012,-0.0034030000000000002,-0.0014700000000000002,0.0013167999999999999,0.00014020000000000005,-0.00046199999999999995,-0.0002850000000000001,0.0027340000000000003,0.0022339999999999999,0.00071739999999999998,-0.0045497999999999997,-0.0010976,0.00081999999999999998,-0.0040168000000000001,0.0027502,0.0012741999999999999,0.0015114,0.0027196,-0.0015675999999999999,-0.0015768000000000002,-0.0025374,-0.00029780000000000008,0.0075190000000000005,0.00093700000000000012,-0.00018179999999999997,0.0051523999999999997,0.0013288,-0.0011991999999999997,-0.0030536000000000005,0.0011523999999999996,0.0031897999999999996,0.0001207999999999999,-0.00032419999999999997,-0.0024911999999999998,-0.001451,-0.00042979999999999971,0.0032027999999999996,-0.0042985999999999996,0.0055511999999999992,0.0064219999999999998,-0.0024185999999999999,-0.0040745999999999994,-0.010408000000000001,0.0045526000000000004,-0.00017160000000000005,0.00050040000000000002,0.00086380000000000018,0.0036338,-0.00033879999999999994,0.0019243999999999995,-0.00067860000000000012,0.0016994,-0.00052760000000000003,0.0015528,0.0016128,-0.0023917999999999999,0.00053640000000000014,0.0018794,-0.0024928000000000003,-0.0016896000000000001,-0.00068960000000000007,0.0032499999999999999,0.0012186,-0.0013606,-0.0047520000000000001,-0.00032819999999999995,-0.0027686000000000004,-0.0018702,-0.0045040000000000002,0.0019724,0.0017307999999999998,0.0015043999999999999,-0.00010860000000000006,-0.0025106,-0.0017100000000000001,-0.0012704000000000001,0.0015571999999999995,-0.0004232000000000001,0.0014300000000000003,-0.0013868000000000001,0.0033693999999999998,0.0024780000000000002,-0.0012378000000000001,-0.00047780000000000007,0.00077999999999999988,0.0022309999999999999,0.00028520000000000016,0.0023468,0.0022393999999999999,-0.00066840000000000042,-0.0014928000000000001,0.0017054000000000001,-0.0031162000000000004,-0.0030726,0.0023864000000000003,0.0050742000000000009,-0.0034289999999999998,0.0038076,-0.001817,-0.0032114000000000001,0.0011783999999999998,0.0012063999999999998,0.0095624000000000004,0.0027993999999999996,0.0014242000000000002,0.0050315999999999998,-0.0016677999999999999,-0.0012995999999999999,0.00040559999999999999,-0.00093640000000000021,0.00039920000000000005,-0.0012026000000000003,-0.0030598000000000001,-0.00037580000000000003,0.00017140000000000005,-0.0015956000000000002,-9.5000000000000019e-05,0.00052420000000000006,0.0016944000000000002,-0.00029520000000000002,0.0014837999999999997,0.00079600000000000005,-0.0018906000000000001,0.0002274,-1.0199999999999923e-05,0.0027308000000000002,0.00056000000000000006,-0.00012219999999999999,0.0020978000000000004,0.0009718000000000002,-0.0012523999999999999,-0.0020211999999999999,0.0002632,0.00070839999999999976,0.00072879999999999993,-0.0014109999999999999,0.0010712,-0.0012718,0.00070040000000000011,0.0015731999999999999,-0.0022558000000000001,0.00032000000000000003,-0.00079639999999999995,0.0029708,-2.7000000000000114e-05,-0.00054140000000000004,-0.000687,-0.0036072000000000005,-0.00094100000000000021,-0.0025990000000000002,0.0026488000000000002,-0.0024358000000000001,-0.0017487999999999998,-0.00029139999999999993,0.0026455999999999997,-0.0013522,-0.00092440000000000013,0.0010653999999999996,0.0019428,0.0021304000000000002,0.0007088000000000001,0.0016844,-0.0028530000000000001,-2.0200000000000057e-05,0.00093219999999999978,0.0026724000000000001,0.00032379999999999996,0.0027301999999999999,-0.0026516000000000001,0.0030094000000000002,-0.0065913999999999999,-0.00078800000000000007,0.00265,-0.0019766000000000002,0.0088826000000000009,-0.00036079999999999999,-8.6599999999999991e-05,0.00044900000000000007,-0.0011295999999999999,-0.0021387999999999997,-0.0002206,0.0016295999999999997,-0.00013119999999999996,-0.0010860000000000002,0.00028879999999999992,0.00079620000000000016,0.00082879999999999998,0.0028814000000000001,-0.002483,-0.0022430000000000002,-0.00095359999999999998,0.00076959999999999995,0.0010804,0.0016004000000000001,0.00098799999999999995,0.0012678000000000001,-0.0020114000000000004,-0.0014769999999999998,0.00011119999999999999,-0.0019711999999999998,0.00026579999999999996,-0.00086800000000000006,0.0031982,0.00041520000000000001,-0.0010194,-0.0028403999999999999,-0.00035020000000000011,-0.0010207999999999999,0.00035919999999999989,0.0006776000000000001,0.0016444000000000001,0.0019448000000000004,0.0010298,-0.00033299999999999996,-0.0027437999999999998,-0.00093320000000000002,0.0014284,6.7600000000000071e-05,-0.00037640000000000004,0.00047920000000000005,0.0019024000000000001,0.0023800000000000006,-0.0023944000000000001,-0.0027407999999999998,0.00023240000000000001,-0.0014725999999999999,0.0009946,0.0002718000000000001,-0.00017460000000000002,7.7599999999999501e-05,-0.00055020000000000004,0.00037300000000000007,0.0024371999999999996,-0.0017417999999999999,5.5000000000000185e-05,0.0025817999999999995,-0.0006251999999999998,0.0015382,-0.00091120000000000003,-0.0024821999999999999,0.0012546,-0.00063039999999999982,-0.00030039999999999993,0.0016558000000000002,5.6999999999999976e-05,0.00090419999999999954,-0.0009992,0.0036168000000000003,0.00093979999999999975,-0.0027322000000000002,0.0016481999999999994
aug_between_class_right_pair0029_child05,TLE,1,1,Augmented,0,0,0,0,0,0.29626740000000001,2.0654164000000002,1.6000000000000001e-06,-5.9999999999999997e-07,9.9999999999999995e-07,0.91196140000000003,0,0.030262399999999998,-0.15588219999999997,0.033198400000000003,0.064755800000000002,-0.090048600000000006,0.057111800000000004,0.0055824000000000004,0.022579399999999999,-0.0270724,-0.073200600000000005,0.39283319999999999,-0.11054620000000001,-0.019156800000000002,0.066716800000000007,-0.028697799999999999,-0.019386,-0.0028549999999999999,-0.047225799999999998,0.0285656,0.030442999999999998,-0.029283199999999999,0.0045564000000000004,-0.075747599999999998,0.017551199999999999,0.043127600000000002,-0.0094852000000000009,0.0043663999999999994,0.0132488,-0.046710000000000002,0.033173599999999998,-0.052501200000000005,-0.067394599999999999,0.101525,-0.044265800000000001,0.18659700000000001,-0.038275799999999999,0.004973,-0.0051123999999999996,-0.0038871999999999995,-0.015955799999999999,-0.0049345999999999999,0.033390400000000001,-0.0044495999999999997,-0.0085112,-0.016390999999999999,-0.017319000000000001,0.017526800000000002,0.018023000000000001,0.0286164,0.0067307999999999986,-0.016734199999999998,0.0037685999999999996,0.019714800000000001,-0.033979000000000002,0.00025040000000000001,-0.00095239999999999951,0.0080914000000000003,0.031729,-0.075027799999999992,-0.0109648,-0.0243038,-0.020475400000000001,0.016812000000000001,0.00038520000000000015,-0.0023890000000000005,0.017203,0.018940800000000001,0.00048599999999999989,-0.0030962000000000003,0.0035629999999999998,0.0044949999999999999,-0.0032440000000000004,0.0042973999999999998,0.0032174,-0.020338600000000002,0.00073140000000000011,0.0026866000000000008,0.0059569999999999996,-0.015229200000000002,-0.0036441999999999985,0.021103799999999999,-0.0092105999999999993,-0.0072058000000000001,0.00047160000000000084,-0.015057400000000002,0.0006418000000000001,-0.0115584,-0.0030362000000000002,0.021485600000000001,-0.011313999999999999,0.0058728000000000001,0.000238600000000002,-0.0091520000000000021,0.0083224000000000024,-0.0051723999999999997,-0.0038798000000000014,0.0008476,-0.0040636000000000005,-0.0084638000000000005,0.011183,-0.0026295999999999997,-0.0017925999999999999,0.00055619999999999986,0.0050568000000000002,-0.0034884,-0.0061628000000000004,0.0118718,0.0160602,0.0069794000000000002,0.0048307999999999997,0.0113404,-0.0055761999999999999,0.0042774000000000006,-0.0135158,0.010647199999999999,0.0015179999999999998,-0.0048814000000000001,0.010884400000000001,-0.010638399999999999,-0.0014748000000000001,-0.0180108,0.00032179999999999969,0.0043943999999999997,0.0034380000000000001,-0.0058652000000000001,0.0039026,-0.016200800000000001,0.0012709999999999996,-0.0137602,-0.0040871999999999992,0.015250000000000001,0.00011020000000000004,0.010312799999999999,-0.0088821999999999998,0.0034877999999999992,-0.0014,-0.00066379999999999998,0.0029795999999999998,-0.0041812000000000012,-0.0015677999999999996,-0.0060414000000000006,0.00082780000000000006,-0.0036600000000000001,-0.00049839999999999954,-0.0012585999999999999,0.0029271999999999996,-0.0013313999999999999,-0.0014836000000000001,-0.0014595999999999999,-0.0030839999999999999,-0.002686,-0.00057859999999999997,-0.0084156000000000005,-0.0024182000000000001,0.010298399999999999,0.00073459999999999975,0.0022714000000000002,-0.0047086000000000003,-0.0038053999999999996,-0.0059670000000000001,-0.0021321999999999999,-0.0048814000000000001,0.0017907999999999999,0.0052302,0.0022255999999999995,0.010695,-0.010649200000000001,0.0011598000000000001,0.0055018000000000003,0.0070666000000000001,0.00065020000000000008,0.0090831999999999996,-0.0073321999999999988,-0.0010088,-0.015055199999999999,-0.0049015999999999999,-0.0051934000000000008,-0.0138706,0.0128644,0.0001474,-0.0022566000000000001,-0.00037659999999999994,-0.0023557999999999999,-0.0043990000000000001,0.0018802000000000001,-0.00016660000000000004,0.00014640000000000009,-0.0048102000000000006,0.0032377999999999999,0.0036122000000000003,-0.00098219999999999991,-0.00054299999999999975,-0.00021380000000000005,-0.0021564000000000002,-0.0011249999999999999,0.0013672000000000001,6.1799999999999998e-05,0.00066160000000000004,-0.0017904000000000002,0.0024060000000000002,0.00011439999999999996,-0.0040540000000000003,-0.003045,0.0019034,0.0011939999999999997,-0.0014656000000000001,0.0015616000000000007,0.00017920000000000002,-0.001018,-0.0011277999999999995,0.0021042000000000001,7.4800000000000083e-05,-0.00080899999999999982,0.00090700000000000015,0.0095893999999999997,-0.0037860000000000003,-0.0011206,-0.00014139999999999986,0.0049143999999999993,-0.00013399999999999957,0.0056579999999999998,0.0014399999999999999,0.0029091999999999998,-0.0045145999999999997,-0.0029943999999999999,0.0045672000000000004,-0.018318000000000001,0.0070209999999999995,-0.0067295999999999996,-0.0044537999999999999,-3.1400000000000004e-05,0.0014580000000000001,-0.00093179999999999999,0.0011796000000000003,-0.0013374000000000001,-0.00048779999999999993,0.0002354,-0.0021638,-0.00098919999999999998,-0.0011983999999999999,-0.0033695999999999999,0.0015307999999999999,0.00086019999999999998,0.0013648000000000002,-0.00034840000000000001,-0.0030350000000000004,-0.001155,0.0010481999999999998,0.0001167999999999998,-0.00046100000000000026,-0.00057499999999999999,0.0032460000000000006,0.0026259999999999999,0.00038159999999999995,-0.0050561999999999994,-0.0010933999999999998,0.00023499999999999997,-0.0037432000000000003,0.0034807999999999996,0.0016308,0.0019196,0.0027574000000000001,-0.0018083999999999999,-0.0014651999999999998,-0.0025476000000000001,-0.00051420000000000003,0.0075340000000000008,0.001204,1.8800000000000037e-05,0.0041516000000000001,0.0013662000000000001,-0.00064780000000000003,-0.0038184000000000004,0.00059660000000000008,0.0037461999999999994,-3.7799999999999726e-05,0.0004061999999999999,-0.0022528000000000001,-0.0029049999999999996,-0.00029619999999999994,0.0015701999999999999,-0.0042434000000000005,0.0063077999999999997,0.0053220000000000003,-0.0017473999999999999,-0.0036294000000000001,-0.010988,0.0044723999999999996,-0.00037539999999999996,0.00062959999999999991,0.0014072000000000004,0.0037001999999999998,-6.920000000000011e-05,0.0010345999999999999,-0.00083639999999999995,0.0013776000000000001,-0.0010583999999999999,0.0021221999999999999,0.0010621999999999999,-0.0026792000000000001,0.00085859999999999994,0.0017325999999999999,-0.0030461999999999998,-0.0022263999999999999,-0.0010453999999999999,0.0036729999999999992,0.0015914,-0.0014224000000000001,-0.0043500000000000006,-0.00075180000000000006,-0.0028024,-0.0018098000000000001,-0.0048260000000000004,0.0026105999999999998,0.0015851999999999999,0.0012016000000000002,-0.00048739999999999992,-0.0026563999999999997,-0.0027039999999999998,-0.00090260000000000004,0.0012088000000000003,-5.7800000000000212e-05,0.0017280000000000004,-0.0022241999999999995,0.0036096000000000001,0.002235,-0.0018982000000000003,-0.00075420000000000001,0.00061800000000000006,0.0032390000000000001,0.0012338,0.0018691999999999999,0.0017516000000000003,-0.0011706000000000004,-0.0014282000000000001,0.0015676000000000002,-0.0037197999999999997,-0.0027764,0.0015986000000000002,0.0051757999999999995,-0.0040299999999999997,0.0028964000000000004,-0.0024889999999999999,-0.0028126000000000002,-2.8399999999999823e-05,0.0005306000000000001,0.0096165999999999995,0.0027406000000000002,0.0014298,0.0045224000000000002,-0.0019862,-0.0013334,0.00061939999999999988,-0.00077459999999999985,0.0002008,-0.0017124000000000002,-0.0028492000000000005,-0.00052819999999999994,0.00031560000000000003,-0.0013783999999999999,-0.000183,0.00058579999999999993,0.0016485999999999998,-0.0006117999999999998,0.0013301999999999999,0.0010530000000000001,-0.0016834,0.00031959999999999996,-0.0004777999999999999,0.0027042000000000004,0.00036400000000000007,-5.8800000000000006e-05,0.0019142,0.00062020000000000011,-0.00091259999999999996,-0.0022927999999999998,0.00025680000000000001,-4.4399999999999995e-05,0.00098719999999999993,-0.0012400000000000002,0.0017757999999999997,-0.00089320000000000003,0.0008745999999999999,0.0014808,-0.0023051999999999999,0.00052700000000000002,-0.00096460000000000003,0.0033211999999999998,5.999999999999929e-06,-0.00040859999999999985,-0.00058500000000000002,-0.0032468000000000002,-0.0019729999999999999,-0.0032349999999999996,0.0023832000000000002,-0.0017442,-0.0011402000000000001,4.2400000000000028e-05,0.0029053999999999998,-0.0010808,-0.00058660000000000006,0.00018559999999999974,0.0016142000000000001,0.0016235999999999998,0.0010432,0.0017426,-0.0030389999999999996,-0.00015880000000000007,5.8799999999999945e-05,0.0012216000000000006,0.00080319999999999979,0.00094680000000000003,-0.0022843999999999998,0.0032326000000000004,-0.0062605999999999998,-0.00014699999999999956,0.002196,-0.0040023999999999997,0.0077003999999999996,-0.0011041999999999998,3.8599999999999962e-05,0.00081299999999999992,-0.00094040000000000009,-0.0018022000000000001,-0.0002744,0.0010134,-0.0001797999999999999,-0.00077700000000000013,3.1200000000000108e-05,0.00055379999999999991,0.00078819999999999997,0.0027566000000000005,-0.0032959999999999999,-0.0023300000000000005,-0.0010723999999999998,0.00051239999999999999,0.0011206000000000002,0.0017115999999999998,0.0011689999999999999,0.0014042,-0.0021075999999999998,-0.001348,0.00025180000000000005,-0.0019507999999999999,9.0200000000000024e-05,-0.001018,0.0030018000000000002,0.00045679999999999999,-0.00056460000000000006,-0.0030266,-0.00076280000000000011,-0.0015111999999999994,-0.0001621999999999999,0.0010754,0.0019636000000000002,0.0020052,0.0008962000000000001,-0.00056499999999999986,-0.0024581999999999998,-0.0013447999999999997,0.0014246,0.0012963999999999996,0.00017739999999999976,0.00095779999999999997,0.0011986000000000002,0.0013240000000000005,-0.0026586000000000001,-0.0027971999999999997,-0.00024239999999999996,-0.00094539999999999999,0.00074640000000000004,0.00049220000000000004,0.00027360000000000004,-0.00081860000000000006,-0.00043080000000000001,0.0001290000000000001,0.0020897999999999997,-0.0012822000000000003,0.00063299999999999988,0.0020872,0.00019719999999999991,0.00099480000000000011,-0.00098180000000000012,-0.0019458000000000001,0.00086840000000000029,-0.00024259999999999993,-0.0006466,0.0011452000000000001,0.00011300000000000004,0.0009668000000000003,-0.0016727999999999999,0.0034142,0.0008422000000000002,-0.0025847999999999999,0.00090280000000000004
aug_between_class_right_pair0029_child06,TLE,1,1,Augmented,0,0,0,0,0,0.29195530000000003,2.0543223000000004,1.6999999999999998e-06,-6.9999999999999986e-07,9.9999999999999995e-07,0.89570680000000003,0,0.029221799999999999,-0.15566539999999998,0.031891299999999997,0.064753599999999994,-0.089392200000000005,0.056115600000000002,0.0054887999999999994,0.022046299999999998,-0.025075800000000002,-0.070821700000000001,0.39344489999999999,-0.10817640000000001,-0.0192786,0.060961600000000005,-0.027322099999999998,-0.020202999999999999,-0.0017195000000000003,-0.0462551,0.028113200000000001,0.03168,-0.0262369,0.0049908000000000001,-0.073886199999999999,0.017881899999999999,0.045304700000000003,-0.0101589,0.0026353000000000001,0.011573100000000001,-0.046233000000000003,0.034396200000000002,-0.052775900000000001,-0.065620700000000004,0.099925,-0.042014099999999999,0.1852705,-0.038524599999999999,0.0040200000000000001,-0.0057222999999999996,-0.0040693999999999999,-0.015977600000000002,-0.0045401999999999994,0.033751799999999998,-0.0037897,-0.0081013999999999999,-0.016556499999999998,-0.015593000000000001,0.018247599999999999,0.018717000000000001,0.028415799999999998,0.0058681000000000011,-0.015064399999999999,0.0057086999999999988,0.017956100000000003,-0.032566999999999999,-0.0014592000000000003,-0.0015902999999999989,0.0093418000000000008,0.031063,-0.0738066,-0.0103661,-0.023013600000000002,-0.018283800000000003,0.014354,1.4900000000000118e-05,-0.0027905000000000004,0.017697999999999998,0.0193306,0.00061299999999999983,-0.0040219000000000001,0.0035620000000000005,0.0039150000000000001,-0.0031555000000000003,0.0050657999999999996,0.0033782999999999999,-0.020703200000000001,0.00084979999999999951,0.0024932000000000001,0.0071249999999999994,-0.016127900000000001,-0.0043253999999999983,0.021992600000000001,-0.0096416999999999996,-0.0070445999999999998,6.170000000000047e-05,-0.016368800000000003,0.00056959999999999997,-0.011385300000000001,-0.0030214,0.022479699999999998,-0.011934499999999999,0.0060520999999999995,-0.0014288000000000009,-0.0098084999999999995,0.0059373000000000013,-0.0049072999999999999,-0.004175100000000001,0.00017619999999999995,-0.0041992000000000002,-0.0083146000000000001,0.0112675,-0.0024907000000000002,-0.0021746999999999999,0.00054639999999999973,0.0048076000000000004,-0.0034093000000000001,-0.0056776000000000005,0.012124599999999999,0.015617900000000001,0.0068887999999999996,0.0054686000000000005,0.011936800000000001,-0.0053949000000000002,0.0038843000000000003,-0.0141411,0.0109289,0.0018164999999999995,-0.0048488000000000003,0.010500300000000001,-0.0113673,-0.0011140999999999998,-0.018409599999999998,0.00030009999999999976,0.0019167999999999998,0.0035139999999999998,-0.0051564000000000002,0.0036162,-0.016616099999999998,0.0016424999999999999,-0.0135154,-0.005650399999999999,0.015884500000000003,0.00096889999999999986,0.0111781,-0.0075939000000000006,0.0045380999999999989,-0.0013554999999999999,-0.0004771000000000001,0.0027076999999999995,-0.0041234000000000002,-0.0017680999999999997,-0.0072487999999999997,0.00079009999999999996,-0.0030130000000000001,-0.0007832999999999998,-0.0015782000000000001,0.0028554000000000001,-0.0018537999999999996,-0.0013886999999999999,-0.0012832000000000002,-0.0028955000000000005,-0.0033509999999999998,0.00020129999999999996,-0.0073696999999999999,-0.0023989000000000003,0.0105168,0.00095520000000000002,0.0024442999999999999,-0.0048526999999999997,-0.0040888000000000001,-0.0064009999999999996,-0.0022009,-0.0050363000000000005,0.0019570999999999998,0.0054383999999999995,0.0014946999999999998,0.010678,-0.0107384,0.00042160000000000049,0.0055886,0.0072946999999999994,0.00044889999999999996,0.0089514,-0.0072858999999999997,-0.0018415999999999994,-0.015719399999999998,-0.0050321999999999997,-0.0057213000000000003,-0.013866699999999999,0.0133448,0.00011530000000000025,-0.0024302,-0.00049520000000000011,-0.0021981000000000001,-0.0046755,0.0017999000000000001,-1.420000000000002e-05,3.4800000000000087e-05,-0.0046144000000000003,0.0031685999999999997,0.0039824000000000005,-0.00077789999999999999,-0.00090899999999999987,-5.3100000000000044e-05,-0.0021508,-0.0013265,0.0016788999999999999,0.00017059999999999997,0.00044420000000000012,-0.0014333000000000002,0.002114,0.00019279999999999992,-0.0037085,-0.0026570000000000001,0.0021288000000000001,0.00097300000000000034,-0.0010897000000000001,0.0010982000000000006,3.2900000000000637e-05,-0.0011019999999999999,-0.0014456,0.0017974,0.00032260000000000014,-0.0010299999999999999,0.00013650000000000055,0.0099437999999999992,-0.0034405,-0.0010912000000000001,-0.00031679999999999989,0.0051112999999999992,0.00016149999999999975,0.0052725000000000003,0.00073499999999999998,0.0025663999999999999,-0.0043517000000000009,-0.0029937999999999996,0.0047819000000000004,-0.0191945,0.0066555,-0.0066727000000000002,-0.0049471000000000003,-0.00042229999999999959,0.0013095000000000001,-0.00090709999999999999,0.00096370000000000017,-0.0016042999999999999,-0.00068359999999999992,-3.699999999999846e-06,-0.0023325999999999998,-0.0013943999999999998,-0.0013743,-0.0034231999999999999,0.0016141,0.00085589999999999993,0.0011991000000000003,-0.00024580000000000001,-0.0028510000000000002,-0.00099749999999999991,0.00091390000000000004,0.0001050999999999999,-0.00046049999999999997,-0.00071999999999999994,0.0035019999999999999,0.0028219999999999999,0.00021370000000000026,-0.0053093999999999997,-0.0010913000000000001,-5.7500000000000042e-05,-0.0036064000000000001,0.0038460999999999994,0.0018091000000000001,0.0021237000000000001,0.0027763000000000002,-0.0019288,-0.0014094000000000003,-0.0025527000000000002,-0.00062239999999999995,0.0075414999999999996,0.0013374999999999999,0.00011910000000000002,0.0036512000000000003,0.0013849000000000001,-0.00037210000000000021,-0.0042008000000000002,0.00031869999999999945,0.0040243999999999992,-0.00011709999999999976,0.00077139999999999978,-0.0021336000000000003,-0.0036319999999999994,-0.00022940000000000026,0.00075390000000000006,-0.0042158000000000004,0.0066861000000000004,0.0047720000000000002,-0.0014118000000000002,-0.0034068000000000011,-0.011278,0.0044323000000000001,-0.00047729999999999995,0.00069419999999999996,0.0016789000000000003,0.0037333999999999996,6.5599999999999941e-05,0.00058969999999999986,-0.00091529999999999975,0.0012167000000000002,-0.0013238,0.0024069,0.0007869000000000001,-0.0028229000000000001,0.0010196999999999999,0.0016592,-0.0033228999999999997,-0.0024947999999999997,-0.0012232999999999999,0.0038844999999999999,0.0017778000000000002,-0.0014532999999999998,-0.0041489999999999999,-0.00096359999999999989,-0.0028193000000000003,-0.0017796000000000001,-0.0049870000000000001,0.0029296999999999999,0.0015124000000000001,0.0010501999999999998,-0.00067679999999999997,-0.0027292999999999996,-0.0032009999999999999,-0.00071870000000000007,0.0010346000000000001,0.00012489999999999984,0.0018770000000000002,-0.0026428999999999997,0.0037297000000000003,0.0021134999999999999,-0.0022284000000000002,-0.0008923999999999999,0.00053700000000000004,0.0037429999999999998,0.0017080999999999997,0.0016303999999999997,0.0015077000000000003,-0.0014217000000000001,-0.0013959,0.0014986999999999999,-0.0040216000000000002,-0.0026283000000000001,0.0012047000000000004,0.0052265999999999996,-0.0043304999999999993,0.0024408000000000003,-0.0028249999999999998,-0.0026132000000000004,-0.00063179999999999985,0.00019270000000000008,0.0096436999999999998,0.0027111999999999995,0.0014326,0.0042678000000000004,-0.0021454,-0.0013502999999999998,0.00072629999999999982,-0.0006937,0.00010159999999999998,-0.0019673,-0.0027439000000000001,-0.00060439999999999995,0.00038770000000000005,-0.0012698000000000002,-0.00022699999999999999,0.00061659999999999992,0.0016257000000000001,-0.0007700999999999998,0.0012534,0.0011815,-0.0015798000000000001,0.00036569999999999994,-0.00071159999999999984,0.0026909000000000004,0.00026600000000000007,-2.7100000000000008e-05,0.0018224000000000001,0.00044440000000000018,-0.00074270000000000011,-0.0024285999999999999,0.00025359999999999998,-0.00042079999999999987,0.0011163999999999998,-0.0011545000000000001,0.0021281,-0.00070390000000000014,0.00096169999999999979,0.0014346000000000001,-0.0023298999999999998,0.00063049999999999998,-0.0010486999999999996,0.0034964000000000002,2.2499999999999951e-05,-0.00034219999999999997,-0.00053399999999999997,-0.0030666000000000001,-0.0024889999999999999,-0.0035529999999999997,0.0022504000000000001,-0.0013984000000000002,-0.00083589999999999999,0.00020929999999999996,0.0030353000000000003,-0.00094510000000000004,-0.00041770000000000007,-0.00025430000000000006,0.0014499000000000001,0.0013702,0.0012103999999999997,0.0017717,-0.0031319999999999998,-0.00022809999999999996,-0.00037789999999999981,0.00049620000000000046,0.0010428999999999998,5.5100000000000635e-05,-0.0021007999999999999,0.0033442000000000003,-0.0060952000000000003,0.00017350000000000004,0.0019690000000000003,-0.0050153000000000003,0.0071093000000000007,-0.0014758999999999996,0.00010119999999999997,0.00099499999999999979,-0.00084580000000000007,-0.0016339,-0.00030129999999999995,0.00070530000000000007,-0.00020409999999999995,-0.00062250000000000011,-9.7599999999999879e-05,0.00043260000000000022,0.00076789999999999996,0.0026942000000000003,-0.0037025000000000001,-0.0023735000000000002,-0.0011318000000000001,0.00038380000000000006,0.0011407000000000001,0.0017672,0.0012594999999999998,0.0014724,-0.0021557,-0.0012835000000000001,0.00032209999999999997,-0.0019405999999999998,2.3999999999999499e-06,-0.001093,0.0029036000000000001,0.00047760000000000001,-0.00033720000000000006,-0.0031197,-0.00096909999999999997,-0.0017563999999999998,-0.00042289999999999993,0.0012743000000000001,0.0021232,0.0020353999999999997,0.00082940000000000021,-0.00068099999999999986,-0.0023154,-0.0015505999999999996,0.0014226999999999998,0.0019107999999999996,0.00045429999999999971,0.0011970999999999998,0.00084670000000000014,0.00079600000000000048,-0.0027907000000000001,-0.0028253999999999996,-0.00047980000000000006,-0.0006818000000000002,0.0006223,0.0006023999999999999,0.0004976999999999999,-0.0012666999999999997,-0.00037110000000000008,7.0000000000000617e-06,0.0019161,-0.0010524000000000002,0.00092199999999999975,0.0018399,0.00060839999999999993,0.00072310000000000017,-0.0010170999999999999,-0.0016776,0.00067530000000000042,-4.8700000000000045e-05,-0.00081969999999999981,0.00088990000000000022,0.00014099999999999996,0.0009980999999999996,-0.0020095999999999998,0.0033129000000000001,0.00079340000000000009,-0.0025111000000000001,0.00053010000000000015
aug_between_class_right_pair0029_child07,TLE,1,1,Augmented,0,0,0,0,0,0.28764319999999999,2.0432282000000002,1.8000000000000001e-06,-7.9999999999999996e-07,9.9999999999999995e-07,0.87945220000000002,0,0.0281812,-0.15544859999999999,0.030584199999999999,0.064751400000000001,-0.088735800000000004,0.055119399999999999,0.0053951999999999993,0.0215132,-0.023079199999999998,-0.068442799999999998,0.39405660000000003,-0.1058066,-0.019400399999999998,0.055206400000000003,-0.025946400000000001,-0.02102,-0.00058399999999999988,-0.045284400000000002,0.027660799999999999,0.032917000000000002,-0.023190599999999995,0.0054252000000000007,-0.0720248,0.018212599999999999,0.047481800000000005,-0.010832600000000001,0.00090419999999999563,0.0098973999999999989,-0.045755999999999998,0.035618799999999999,-0.053050600000000003,-0.063846799999999995,0.098324999999999996,-0.039762399999999996,0.183944,-0.0387734,0.0030669999999999985,-0.0063322000000000005,-0.0042515999999999995,-0.0159994,-0.0041457999999999998,0.034113199999999996,-0.0031297999999999999,-0.0076915999999999998,-0.016722000000000001,-0.013867000000000001,0.0189684,0.019411000000000001,0.028215199999999999,0.0050054000000000001,-0.0133946,0.0076487999999999999,0.016197400000000001,-0.031154999999999999,-0.0031688000000000016,-0.0022282000000000001,0.010592200000000003,0.030397,-0.072585399999999994,-0.009767399999999999,-0.0217234,-0.016092200000000001,0.011895999999999999,-0.00035540000000000007,-0.0031920000000000008,0.018193000000000001,0.019720400000000003,0.00074000000000000021,-0.0049476000000000008,0.0035609999999999999,0.0033349999999999994,-0.0030670000000000003,0.0058341999999999995,0.0035392000000000002,-0.021067800000000001,0.00096819999999999979,0.0022998000000000003,0.008293,-0.017026599999999999,-0.0050065999999999982,0.022881400000000003,-0.0100728,-0.0068833999999999996,-0.0003481999999999999,-0.017680200000000004,0.00049739999999999984,-0.0112122,-0.0030066000000000003,0.0234738,-0.012555,0.0062313999999999998,-0.0030962000000000003,-0.010465,0.0035522000000000019,-0.0046422,-0.0044704000000000011,-0.00049520000000000054,-0.0043347999999999998,-0.0081653999999999997,0.011351999999999999,-0.0023517999999999998,-0.0025568000000000001,0.00053660000000000003,0.0045583999999999998,-0.0033302000000000002,-0.0051923999999999998,0.0123774,0.015175600000000001,0.0067981999999999999,0.0061063999999999997,0.012533200000000001,-0.0052135999999999997,0.0034911999999999999,-0.014766400000000001,0.011210599999999999,0.0021149999999999997,-0.0048161999999999996,0.010116200000000001,-0.0120962,-0.00075339999999999956,-0.018808399999999999,0.00027840000000000026,-0.00056080000000000105,0.0035899999999999999,-0.0044475999999999995,0.0033297999999999999,-0.017031399999999999,0.0020139999999999993,-0.0132706,-0.0072136000000000006,0.016519000000000002,0.0018276000000000004,0.012043399999999999,-0.0063055999999999997,0.0055883999999999994,-0.0013110000000000001,-0.0002903999999999999,0.0024357999999999997,-0.0040655999999999999,-0.0019683999999999995,-0.0084562000000000023,0.00075239999999999997,-0.0023659999999999996,-0.0010682000000000001,-0.0018978000000000007,0.0027835999999999998,-0.0023762000000000006,-0.0012937999999999999,-0.0011067999999999998,-0.0027069999999999998,-0.0040160000000000005,0.00098120000000000086,-0.0063237999999999992,-0.0023795999999999999,0.0107352,0.0011758000000000001,0.0026172000000000001,-0.0049968,-0.0043721999999999997,-0.0068349999999999999,-0.0022696000000000001,-0.0051912,0.0021234000000000001,0.0056465999999999999,0.00076379999999999938,0.010661,-0.0108276,-0.00031660000000000087,0.0056754000000000006,0.0075227999999999996,0.00024759999999999984,0.0088196000000000004,-0.0072395999999999997,-0.0026744000000000004,-0.016383599999999998,-0.0051627999999999995,-0.0062492000000000008,-0.0138628,0.013825199999999999,8.3199999999999854e-05,-0.0026037999999999999,-0.00061380000000000028,-0.0020403999999999999,-0.0049519999999999998,0.0017195999999999999,0.00013820000000000011,-7.6800000000000024e-05,-0.0044186,0.0030994000000000004,0.0043525999999999999,-0.00057359999999999985,-0.0012750000000000001,0.00010760000000000012,-0.0021452000000000003,-0.0015280000000000001,0.0019905999999999999,0.00027940000000000007,0.00022680000000000001,-0.0010761999999999998,0.0018219999999999998,0.00027119999999999987,-0.0033629999999999997,-0.0022689999999999997,0.0023542000000000003,0.00075200000000000006,-0.00071379999999999979,0.00063479999999999982,-0.00011340000000000048,-0.001186,-0.0017634000000000005,0.0014905999999999997,0.0005704000000000002,-0.0012510000000000002,-0.00063400000000000023,0.0102982,-0.0030949999999999997,-0.0010617999999999999,-0.00049220000000000036,0.0053081999999999999,0.00045700000000000037,0.004886999999999999,2.9999999999999862e-05,0.0022235999999999996,-0.0041888000000000003,-0.0029931999999999997,0.0049966000000000003,-0.020070999999999999,0.0062899999999999996,-0.0066157999999999998,-0.0054404000000000006,-0.00081320000000000003,0.0011609999999999999,-0.00088239999999999998,0.00074779999999999985,-0.0018712000000000002,-0.00087940000000000002,-0.0002428000000000001,-0.0025014,-0.0017996000000000004,-0.0015501999999999998,-0.0034767999999999999,0.0016974,0.0008516000000000001,0.0010334000000000001,-0.00014320000000000001,-0.0026670000000000001,-0.00083999999999999993,0.00077960000000000008,9.3400000000000427e-05,-0.00045999999999999991,-0.00086500000000000032,0.0037580000000000001,0.0030179999999999998,4.5799999999999921e-05,-0.0055626,-0.0010892000000000005,-0.00035000000000000005,-0.0034696000000000002,0.0042114000000000006,0.0019874000000000003,0.0023278000000000005,0.0027951999999999999,-0.0020492000000000002,-0.0013535999999999999,-0.0025577999999999998,-0.00073060000000000009,0.0075490000000000002,0.0014710000000000001,0.00021940000000000007,0.0031507999999999996,0.0014036000000000001,-9.6399999999999524e-05,-0.0045832000000000008,4.0799999999999691e-05,0.0043025999999999993,-0.00019640000000000022,0.0011366000000000002,-0.0020144,-0.004359,-0.00016259999999999972,-6.2400000000000433e-05,-0.0041882000000000004,0.0070644000000000002,0.0042219999999999992,-0.0010761999999999998,-0.0031841999999999994,-0.011568,0.0043921999999999998,-0.00057919999999999998,0.0007587999999999999,0.0019506000000000003,0.0037666000000000002,0.00020040000000000005,0.00014479999999999962,-0.00099420000000000021,0.0010558,-0.0015892000000000002,0.0026916000000000002,0.00051159999999999986,-0.0029666000000000002,0.0011808000000000001,0.0015858000000000001,-0.0035995999999999997,-0.0027632000000000004,-0.0014012,0.0040959999999999998,0.0019642000000000001,-0.0014842,-0.0039480000000000001,-0.0011754000000000001,-0.0028362000000000005,-0.0017493999999999999,-0.0051480000000000007,0.0032488,0.0014395999999999999,0.00089879999999999995,-0.00086620000000000002,-0.0028022000000000004,-0.0036979999999999999,-0.00053479999999999999,0.00086039999999999988,0.00030759999999999989,0.0020260000000000005,-0.0030616000000000003,0.0038498,0.0019919999999999998,-0.0025586000000000003,-0.0010306,0.00045599999999999981,0.0042470000000000008,0.0021824000000000006,0.0013915999999999998,0.0012638,-0.0016727999999999999,-0.0013636,0.0014298000000000002,-0.0043233999999999998,-0.0024802000000000001,0.00081079999999999987,0.0052773999999999998,-0.0046309999999999997,0.0019852000000000003,-0.0031610000000000002,-0.0024137999999999998,-0.0012352000000000003,-0.00014520000000000033,0.0096708000000000002,0.0026817999999999998,0.0014354000000000001,0.0040131999999999998,-0.0023046,-0.0013671999999999998,0.00083319999999999987,-0.00061279999999999993,2.4000000000000583e-06,-0.0022222000000000001,-0.0026386000000000001,-0.00068059999999999996,0.00045980000000000012,-0.0011612,-0.00027100000000000003,0.00064740000000000002,0.0016027999999999999,-0.00092840000000000002,0.0011766000000000001,0.00131,-0.0014762,0.00041179999999999993,-0.0009454000000000001,0.0026776,0.00016799999999999999,4.6000000000000305e-06,0.0017306000000000001,0.00026859999999999997,-0.00057279999999999983,-0.0025644000000000001,0.00025040000000000001,-0.0007972000000000003,0.0012455999999999999,-0.0010690000000000001,0.0024803999999999998,-0.00051459999999999993,0.0010488000000000001,0.0013884000000000001,-0.0023546000000000005,0.00073400000000000006,-0.0011328000000000002,0.0036716000000000001,3.9000000000000081e-05,-0.00027580000000000009,-0.00048299999999999992,-0.0028863999999999999,-0.0030050000000000003,-0.0038710000000000003,0.0021175999999999999,-0.0010525999999999999,-0.00053159999999999969,0.00037620000000000009,0.0031652,-0.00080940000000000005,-0.00024880000000000003,-0.00069420000000000039,0.0012856,0.0011167999999999998,0.0013776000000000003,0.0018008,-0.0032250000000000004,-0.00029740000000000007,-0.00081460000000000028,-0.00022920000000000015,0.0012826000000000001,-0.00083659999999999984,-0.0019172,0.0034558000000000002,-0.0059297999999999998,0.00049399999999999965,0.0017420000000000001,-0.0060281999999999992,0.0065182,-0.0018476,0.0001638,0.0011770000000000001,-0.00075119999999999994,-0.0014655999999999998,-0.00032820000000000001,0.00039719999999999995,-0.00022839999999999994,-0.00046799999999999994,-0.00022640000000000019,0.00031140000000000009,0.00074759999999999996,0.0026318000000000001,-0.0041090000000000007,-0.0024169999999999999,-0.0011911999999999999,0.00025519999999999986,0.0011608,0.0018227999999999999,0.0013499999999999999,0.0015405999999999998,-0.0022038000000000001,-0.001219,0.0003924,-0.0019303999999999997,-8.5400000000000016e-05,-0.001168,0.0028054,0.00049840000000000008,-0.0001097999999999998,-0.0032128,-0.0011754000000000001,-0.0020016000000000001,-0.00068359999999999992,0.0014732000000000002,0.0022828000000000002,0.0020655999999999999,0.00076260000000000011,-0.00079699999999999997,-0.0021725999999999998,-0.0017564,0.0014208000000000001,0.0025252,0.00073119999999999999,0.0014364000000000002,0.00049479999999999988,0.00026800000000000012,-0.0029228000000000001,-0.0028535999999999995,-0.00071720000000000009,-0.00041819999999999981,0.00049819999999999997,0.00071260000000000008,0.0007218000000000002,-0.0017148000000000005,-0.00031139999999999998,-0.00011500000000000003,0.0017423999999999999,-0.00082259999999999994,0.0012110000000000003,0.0015926,0.0010196000000000003,0.0004513999999999998,-0.0010524,-0.0014093999999999999,0.0004821999999999999,0.00014520000000000039,-0.00099280000000000006,0.00063459999999999992,0.00016899999999999999,0.0010293999999999998,-0.0023464000000000002,0.0032116000000000002,0.00074459999999999978,-0.0024374000000000002,0.00015739999999999981
aug_between_class_right_pair0029_child08,TLE,1,1,Augmented,0,0,0,0,0,0.2833311,2.0321340999999999,1.9e-06,-8.9999999999999996e-07,9.9999999999999995e-07,0.86319760000000001,0,0.027140600000000001,-0.15523179999999998,0.029277099999999997,0.064749200000000007,-0.088079400000000002,0.054123200000000003,0.0053016000000000001,0.020980100000000002,-0.0210826,-0.066063900000000009,0.39466830000000003,-0.1034368,-0.0195222,0.049451200000000001,-0.024570700000000001,-0.021837000000000002,0.00055149999999999947,-0.044313699999999998,0.027208400000000001,0.034153999999999997,-0.020144299999999997,0.0058596000000000004,-0.070163400000000001,0.018543299999999999,0.049658899999999999,-0.011506300000000001,-0.00082690000000000194,0.0082216999999999985,-0.045279,0.036841400000000003,-0.053325299999999999,-0.0620729,0.096725000000000005,-0.037510700000000001,0.18261750000000002,-0.0390222,0.0021139999999999987,-0.0069420999999999997,-0.0044337999999999999,-0.016021200000000003,-0.0037513999999999994,0.034474600000000001,-0.0024698999999999997,-0.0072817999999999997,-0.0168875,-0.012140999999999999,0.0196892,0.020105000000000001,0.028014600000000001,0.0041426999999999992,-0.011724799999999999,0.0095889000000000009,0.0144387,-0.029742999999999999,-0.0048784000000000015,-0.0028660999999999995,0.0118426,0.029731,-0.071364200000000003,-0.0091687000000000001,-0.020433200000000002,-0.013900599999999999,0.0094380000000000002,-0.00072570000000000002,-0.0035935000000000008,0.018688,0.020110200000000002,0.00086700000000000015,-0.0058733000000000006,0.0035599999999999998,0.0027549999999999996,-0.0029785000000000002,0.0066025999999999993,0.0037001,-0.021432400000000001,0.0010866000000000001,0.0021063999999999996,0.0094610000000000007,-0.017925300000000002,-0.0056877999999999998,0.023770199999999998,-0.0105039,-0.0067222000000000002,-0.00075810000000000027,-0.018991600000000004,0.00042519999999999971,-0.0110391,-0.0029918000000000002,0.024467900000000001,-0.0131755,0.0064107000000000001,-0.0047635999999999963,-0.011121500000000001,0.0011671000000000042,-0.0043771000000000001,-0.0047657000000000012,-0.0011666000000000007,-0.0044703999999999994,-0.0080162000000000011,0.0114365,-0.0022128999999999998,-0.0029389000000000004,0.00052680000000000012,0.0043092,-0.0032510999999999998,-0.0047071999999999999,0.012630200000000001,0.0147333,0.0067075999999999993,0.0067441999999999988,0.013129600000000002,-0.0050323,0.0030980999999999999,-0.015391700000000001,0.0114923,0.0024134999999999998,-0.0047835999999999998,0.0097321000000000005,-0.012825099999999999,-0.00039269999999999973,-0.019207200000000001,0.0002566999999999999,-0.0030384000000000001,0.003666,-0.0037388,0.0030433999999999999,-0.017446699999999999,0.0023855000000000005,-0.013025800000000001,-0.0087768000000000013,0.017153500000000002,0.0026863000000000004,0.0129087,-0.0050172999999999997,0.0066387,-0.0012665,-0.00010369999999999995,0.0021638999999999999,-0.0040077999999999997,-0.0021687,-0.0096636000000000014,0.00071469999999999997,-0.0017189999999999998,-0.0013531000000000003,-0.0022174000000000004,0.0027117999999999999,-0.0028985999999999999,-0.0011988999999999999,-0.00093039999999999963,-0.0025184999999999999,-0.0046810000000000003,0.0017611000000000005,-0.0052778999999999994,-0.0023603000000000001,0.010953600000000001,0.0013963999999999999,0.0027901000000000002,-0.0051409000000000003,-0.0046555999999999993,-0.0072690000000000003,-0.0023382999999999998,-0.0053460999999999995,0.0022897,0.0058548000000000003,3.2899999999998902e-05,0.010644000000000001,-0.010916800000000001,-0.0010548000000000005,0.0057622000000000003,0.0077508999999999998,4.6299999999999987e-05,0.008687799999999999,-0.0071932999999999997,-0.0035072000000000011,-0.017047799999999998,-0.0052933999999999993,-0.0067771000000000012,-0.013858899999999999,0.0143056,5.1100000000000104e-05,-0.0027774000000000002,-0.0007323999999999998,-0.0018827,-0.0052285000000000005,0.0016393,0.00029060000000000002,-0.00018839999999999997,-0.0042228000000000005,0.0030302000000000003,0.004722800000000001,-0.00036930000000000014,-0.0016409999999999999,0.00026830000000000007,-0.0021395999999999997,-0.0017295000000000001,0.0023023000000000002,0.00038820000000000006,9.4000000000000116e-06,-0.00071909999999999986,0.0015299999999999999,0.00034959999999999993,-0.0030174999999999998,-0.0018809999999999999,0.0025796000000000005,0.00053100000000000022,-0.00033789999999999992,0.00017140000000000037,-0.00025969999999999986,-0.0012699999999999999,-0.0020812000000000001,0.0011838,0.00081820000000000026,-0.0014720000000000002,-0.0014045000000000004,0.0106526,-0.0027494999999999998,-0.0010324000000000002,-0.00066759999999999996,0.0055051000000000006,0.00075250000000000013,0.0045015000000000003,-0.00067500000000000004,0.0018807999999999997,-0.0040259000000000007,-0.0029925999999999998,0.0052113000000000003,-0.020947500000000001,0.0059244999999999992,-0.0065589000000000003,-0.005933700000000001,-0.0012040999999999996,0.0010124999999999999,-0.00085769999999999998,0.00053189999999999986,-0.0021381,-0.0010752000000000001,-0.00048190000000000006,-0.0026701999999999997,-0.0022048000000000002,-0.0017260999999999999,-0.0035303999999999999,0.0017806999999999999,0.00084729999999999983,0.00086769999999999989,-4.060000000000012e-05,-0.002483,-0.00068249999999999995,0.00064530000000000002,8.1700000000000089e-05,-0.00045950000000000006,-0.00101,0.0040140000000000002,0.0032139999999999998,-0.0001221000000000002,-0.0058157999999999994,-0.0010870999999999999,-0.00064250000000000006,-0.0033327999999999999,0.0045767000000000004,0.0021657,0.0025319000000000001,0.0028140999999999999,-0.0021695999999999998,-0.0012978,-0.0025628999999999999,-0.00083880000000000011,0.0075565000000000007,0.0016045000000000002,0.00031970000000000002,0.0026503999999999998,0.0014223,0.00017930000000000029,-0.0049656000000000006,-0.0002371000000000005,0.0045807999999999995,-0.00027569999999999982,0.0015018,-0.0018952000000000001,-0.0050859999999999994,-9.5800000000000485e-05,-0.00087870000000000027,-0.0041606000000000004,0.0074427,0.0036719999999999999,-0.0007405999999999999,-0.0029616000000000004,-0.011858,0.0043520999999999994,-0.00068110000000000002,0.00082340000000000007,0.0022223000000000004,0.0037998000000000003,0.00033520000000000002,-0.00030010000000000019,-0.0010730999999999998,0.00089489999999999991,-0.0018545999999999999,0.0029762999999999999,0.00023629999999999994,-0.0031103000000000003,0.0013419,0.0015124000000000001,-0.0038762999999999996,-0.0030316000000000002,-0.0015790999999999999,0.0043074999999999988,0.0021506000000000003,-0.0015151000000000001,-0.0037469999999999999,-0.0013871999999999999,-0.0028530999999999999,-0.0017192000000000002,-0.0053090000000000004,0.0035679000000000002,0.0013668,0.00074739999999999984,-0.0010556000000000001,-0.0028751000000000002,-0.0041949999999999999,-0.00035090000000000002,0.00068620000000000009,0.00049029999999999972,0.0021750000000000003,-0.0034803,0.0039699000000000002,0.0018705,-0.0028888,-0.0011688,0.00037500000000000001,0.004751,0.0026567000000000001,0.0011527999999999996,0.0010199000000000002,-0.0019239000000000001,-0.0013313000000000001,0.0013609,-0.0046251999999999995,-0.0023321000000000001,0.00041689999999999994,0.0053282,-0.0049314999999999993,0.0015296000000000003,-0.0034970000000000001,-0.0022144,-0.0018386000000000001,-0.00048310000000000025,0.0096978999999999989,0.0026524000000000001,0.0014381999999999999,0.0037586,-0.0024637999999999999,-0.0013841000000000001,0.00094009999999999992,-0.00053189999999999986,-9.6799999999999968e-05,-0.0024770999999999999,-0.0025333,-0.00075679999999999996,0.00053190000000000008,-0.0010526000000000001,-0.00031500000000000001,0.00067820000000000001,0.0015798999999999998,-0.0010866999999999999,0.0010998,0.0014385000000000001,-0.0013725999999999999,0.00045789999999999991,-0.0011792,0.0026643000000000001,6.9999999999999994e-05,3.6299999999999988e-05,0.0016387999999999999,9.2799999999999979e-05,-0.00040289999999999998,-0.0027001999999999998,0.00024719999999999999,-0.0011736000000000001,0.0013748,-0.0009835,0.0028327000000000001,-0.00032529999999999988,0.0011359,0.0013422,-0.0023793,0.00083750000000000014,-0.0012168999999999999,0.0038468000000000005,5.5499999999999994e-05,-0.00020940000000000021,-0.00043199999999999998,-0.0027061999999999998,-0.0035209999999999998,-0.004189,0.0019848000000000001,-0.00070679999999999994,-0.00022729999999999994,0.00054310000000000014,0.0032951000000000005,-0.00067369999999999995,-7.9899999999999936e-05,-0.0011341000000000003,0.0011213,0.00086340000000000006,0.0015448,0.0018299,-0.0033179999999999998,-0.00036670000000000002,-0.0012513000000000003,-0.00095460000000000033,0.0015222999999999999,-0.0017282999999999995,-0.0017335999999999999,0.0035674000000000001,-0.0057644000000000003,0.00081450000000000012,0.0015150000000000001,-0.0070411000000000015,0.0059270999999999994,-0.0022193,0.0002264,0.0013590000000000002,-0.00065660000000000002,-0.0012972999999999999,-0.00035509999999999996,8.9099999999999889e-05,-0.00025270000000000002,-0.00031349999999999998,-0.00035520000000000007,0.00019020000000000007,0.00072729999999999973,0.0025694000000000003,-0.0045155000000000004,-0.0024605,-0.0012506000000000001,0.00012659999999999988,0.0011808999999999999,0.0018783999999999997,0.0014404999999999999,0.0016088000000000001,-0.0022518999999999998,-0.0011544999999999999,0.00046270000000000003,-0.0019201999999999999,-0.00017319999999999998,-0.001243,0.0027072000000000003,0.00051920000000000004,0.00011760000000000009,-0.0033059000000000001,-0.0013817,-0.0022467999999999998,-0.00094429999999999991,0.0016721000000000004,0.0024424,0.0020958000000000001,0.0006958,-0.00091299999999999997,-0.0020298,-0.0019621999999999999,0.0014189000000000001,0.0031395999999999998,0.0010081000000000001,0.0016757,0.00014289999999999995,-0.00026000000000000003,-0.0030549000000000002,-0.0028817999999999995,-0.0009546,-0.00015459999999999991,0.00037410000000000004,0.00082280000000000005,0.00094590000000000028,-0.0021629000000000006,-0.00025169999999999999,-0.00023700000000000001,0.0015687000000000001,-0.00059279999999999999,0.0015000000000000002,0.0013453,0.0014308000000000003,0.00017969999999999987,-0.0010877,-0.0011411999999999998,0.00028910000000000003,0.00033910000000000006,-0.0011658999999999997,0.00037929999999999995,0.00019700000000000002,0.0010606999999999999,-0.0026832000000000002,0.0031102999999999999,0.00069580000000000011,-0.0023636999999999998,-0.00021530000000000008
aug_between_class_right_pair0030_child01,Healthy,0,0,Augmented,0,0,0,0,0,0.30828559999999999,2.1444149000000001,-9.9999999999999995e-08,-9.9999999999999995e-07,0,0.97269880000000009,0,0.046749699999999998,-0.13958899999999999,0.033292799999999997,0.097593399999999997,-0.085250300000000001,0.105707,0.0041462000000000001,-0.0093602000000000008,-0.0225734,-0.098638900000000002,0.33146130000000001,-0.083985100000000007,-0.047032499999999991,0.063979300000000003,0.027594899999999999,-0.0194054,-0.0030701000000000001,-0.061395499999999992,0.024133699999999998,0.0266828,-0.068815899999999999,0.0030395000000000001,-0.095567900000000011,0.0061447999999999997,0.046211799999999997,-0.005707799999999999,0.0028608999999999996,0.019212,-0.045646900000000004,0.029124499999999998,-0.0758746,-0.050064699999999997,0.1359774,-0.037649800000000004,0.20458659999999998,-0.030516600000000001,0.0101432,-0.0051453999999999996,-0.0076785999999999998,-0.0128491,-0.0011981000000000001,0.041626099999999999,-0.0078098000000000004,-0.0032602999999999998,-0.020957,-0.026982600000000002,0.015654399999999999,0.040746400000000002,0.034838899999999999,0.017687499999999998,-0.0020046999999999999,0.0045082999999999998,0.027062900000000001,-0.052627800000000002,0.0128658,0.0022417000000000001,0.0070983000000000018,0.043948399999999999,-0.093442600000000001,-0.015436400000000001,-0.039411599999999998,-0.025381899999999999,0.024736599999999997,0.0013862,0.0029716000000000005,0.0215196,0.0057109999999999999,0.0021172000000000001,-0.008478900000000001,0.0077552999999999997,0.0051709,-0.0042380000000000004,2.6000000000006053e-06,0.0020655999999999995,-0.020598100000000001,0.0039351000000000004,0.0074034000000000001,0.0054067000000000004,-0.0046905999999999996,-0.008328099999999998,0.020205000000000001,-0.0120032,-0.0092691000000000006,0.0040203000000000001,-0.0019348999999999998,0.0010563999999999999,-0.0085809999999999984,-0.0014332999999999998,0.0034503999999999993,-0.0037784999999999989,0.0018273000000000002,0.014489800000000001,0.0024461999999999999,0.024947199999999999,-0.018054599999999997,0.0019375,0.00087390000000000005,-0.00092209999999999992,-0.011214,0.010477700000000001,-0.00415,-0.010782099999999999,-0.00033870000000000005,0.0040175000000000002,-0.010235299999999999,-0.0057489000000000004,0.0064796999999999997,0.0137316,0.0056270000000000001,-0.00044559999999999999,0.015912300000000001,-0.0086105000000000001,0.0055465999999999996,-0.0145991,0.0127306,-0.0045883,-0.0017803999999999997,0.013141199999999999,-0.0067570000000000009,0.0069450000000000007,-0.0058597000000000007,-0.0072220000000000001,0.0150207,0.0060610999999999998,-0.0052737000000000001,0.0066773000000000015,-0.0151795,-0.0031234999999999995,-0.0086240999999999991,-0.0028893,0.010330299999999999,0.0051631000000000003,0.0029857000000000009,-0.0034998999999999998,0.00021819999999999999,-0.0021819000000000001,-0.0004688999999999999,0.0034791000000000002,-0.0019471999999999996,-0.0006134999999999999,-0.0062202999999999998,0.0012467999999999999,-0.0050019999999999995,0.0031906999999999999,0.0022572,0.0016727999999999999,-0.00028200000000000013,-0.0024754,8.7700000000000018e-05,-0.0069101000000000006,-0.00053879999999999998,-0.0043151999999999999,-0.0041012999999999996,-0.0043088999999999992,0.0084387999999999998,0.0026648999999999996,0.00083109999999999987,-0.00164,0.00033530000000000061,-0.0030941000000000002,-0.0050342000000000008,-0.0054383000000000001,0.0023035,0.0011424000000000002,0.014420499999999999,0.007340000000000001,-0.0064373999999999994,0.0088382000000000009,0.014185900000000001,-0.00052019999999999996,0.0047372999999999998,0.0045956,-0.0069754999999999999,0.0023904000000000004,-0.0137489,0.0016715000000000002,0.0079417000000000012,-0.010489999999999999,0.0042855000000000002,-0.0046988000000000004,-0.0020733000000000001,0.0025139999999999997,-0.0020504999999999998,-0.0013963000000000001,-0.00077550000000000015,0.0050828000000000002,-0.00073959999999999998,-0.0047904000000000002,-0.0007932000000000002,0.0013481999999999999,-0.0014732999999999999,0.004365700000000001,0.0033155000000000003,0.00050929999999999997,-0.0021441999999999998,-0.0015084999999999999,-0.0001149,-0.0058450000000000012,-0.0017182,0.00012910000000000005,0.0017044999999999999,-0.0034849,-0.0055878000000000004,-0.0028721999999999997,-5.3500000000000162e-05,0.00081909999999999991,0.0021649,0.0065887999999999997,-0.0014142,0.0024906000000000004,-0.00040170000000000049,-0.0012995999999999999,-0.0051685000000000004,0.0039652999999999997,0.0070262000000000007,-0.00047859999999999992,0.0030202000000000011,0.0045876000000000007,-0.00098130000000000005,-0.0028530000000000001,0.0025723,0.0076689000000000019,0.0068756999999999993,0.0011968999999999999,0.0042141000000000001,0.0032047999999999998,-0.0133802,0.0066439999999999997,-0.013903999999999996,-0.0021012999999999995,-0.0032247999999999999,0.0040005000000000006,-0.00068510000000000001,0.0035911000000000007,-0.0020273000000000001,-0.0016803,-0.0028108,0.00063599999999999996,-0.0016052000000000002,-0.0020196999999999997,-0.0039707000000000006,0.00050279999999999997,0.0010426999999999997,0.0017722000000000003,-0.00045060000000000011,-0.0046208999999999998,-0.0012291000000000001,0.0024130000000000002,0.0035115000000000003,-0.0027063,0.00069350000000000011,0.0012879000000000002,0.0031852,0.0036801000000000004,-0.0057900999999999994,0.00090759999999999994,0.0015283,-0.00080189999999999992,0.00074169999999999998,0.0015418000000000001,0.0052017000000000001,0.0032602000000000004,-0.00066270000000000001,0.0055945999999999999,-0.0052566999999999996,-0.0037439000000000005,0.0068043999999999995,-0.0012976000000000001,0.0011699000000000002,0.0051697999999999996,0.0033084,-0.0057461000000000005,0.0003744000000000001,-0.0049676,0.0059871000000000004,-0.0083032999999999996,-0.00084000000000000025,-0.001761,0.0023720000000000004,-0.0036859999999999996,0.0037017,-0.0066244000000000008,0.0033586000000000006,0.012238799999999999,0.0023397000000000001,0.012903099999999999,-0.0097989999999999987,-0.00031729999999999996,-0.0014806999999999997,0.00030390000000000001,-9.1000000000000586e-06,0.0031912999999999998,0.00017870000000000001,-0.0015672000000000001,-0.00030299999999999999,0.0041108000000000004,-0.0031019999999999997,0.0020148000000000002,0.0001761,0.00028069999999999999,0.0021210000000000001,0.0018366000000000001,-0.0012884999999999997,0.00041560000000000002,-0.00041560000000000002,-0.00026470000000000031,0.00078510000000000016,-0.0022364999999999998,0.00098819999999999984,0.0012254,0.0010819,-0.0013690999999999998,-0.0019254999999999999,0.00071480000000000003,0.0020205000000000002,-0.0020149,0.0024556999999999999,-0.0011695,-0.0013000999999999998,-0.0036991000000000003,-0.0036538999999999999,-0.0027290999999999999,-0.0016569999999999998,0.0018701999999999998,-0.0014279000000000002,0.0036092000000000003,-0.0017142000000000001,-0.0026052999999999996,3.9999999999999888e-05,0.0017887000000000003,0.0008135000000000001,0.0014138,0.0046668999999999999,0.0032943,-9.2099999999999908e-05,-0.0045771000000000006,-6.3699999999999868e-05,-0.00094910000000000003,-0.00075589999999999989,0.0019602999999999999,-0.0028663999999999999,0.0028622999999999999,-0.0065225000000000005,0.0020185000000000003,-0.00042090000000000004,0.0035423000000000004,0.0080076000000000001,0.0019441999999999999,0.0066326000000000006,0.00077050000000000035,-0.0038830999999999996,-0.0013266,0.00023860000000000003,0.002039,-0.00056860000000000016,-0.0011544000000000001,-0.0036248000000000005,0.00072670000000000005,-0.00092160000000000007,0.00090440000000000008,0.00043069999999999995,0.0008587,4.1099999999999969e-05,-0.0011971,-0.00014750000000000001,0.00049229999999999999,-0.0017029999999999999,-0.0013714999999999999,-0.0023303999999999998,0.0014235999999999999,0.0018556,-0.0014457000000000001,0.0017520999999999999,-0.00032309999999999999,-0.0023885,0.00088709999999999982,-0.0010558,0.0022082,0.0029870000000000001,-0.0017662000000000001,0.0032041999999999999,0.00093050000000000001,-0.0021099000000000001,0.0037904999999999996,-0.0023068000000000003,-4.2500000000000003e-05,0.0033353999999999996,0.00078689999999999999,-0.0011833,0.0056293000000000003,-0.00033009999999999995,-0.001021,-0.0020822999999999996,-0.0042797,0.0021007999999999999,-0.0038519000000000001,-0.0037019000000000002,0.0021096999999999999,-0.00055279999999999999,-0.0024171000000000002,0.0011279,-0.0029175,0.00028429999999999992,0.0030480999999999998,-0.0024245,0.00052549999999999993,0.001565,-0.00094759999999999994,-0.00053690000000000009,0.00073140000000000011,0.0012008000000000001,0.0028335000000000001,-0.00095209999999999999,0.0020279,-0.0025952000000000002,-0.0071282999999999997,-0.00079350000000000037,-0.0020619000000000002,0.0034337999999999999,-0.0012626000000000002,-0.00056430000000000011,0.0014302,-0.0010302000000000002,7.4100000000000012e-05,0.00032089999999999999,0.0012489000000000001,0.00017590000000000005,-0.0010981000000000001,-0.0013701000000000002,0.00088419999999999992,-0.0020169999999999997,0.00073070000000000003,-0.0019010000000000003,-0.0015287999999999999,-0.00058999999999999992,-0.00028429999999999992,0.00042309999999999993,-0.0010540000000000002,-5.5399999999999991e-05,0.0004683,-0.0014490000000000002,-0.00059669999999999992,-0.0010583000000000001,0.0009320000000000001,0.00067299999999999999,0.00079710000000000024,0.0017229000000000001,0.0011654,-0.00014749999999999998,-0.00082679999999999993,-0.00026410000000000002,0.0011161000000000001,-0.0011428000000000002,0.0027758000000000001,0.0022035000000000002,0.0011011000000000003,0.0021567000000000001,-0.0012101,-0.00051580000000000007,-0.0010492000000000001,-0.00078510000000000006,0.0018145000000000004,0.0021779,-0.00076530000000000001,0.0035214000000000001,0.00018860000000000014,-0.0026871999999999998,-0.00057600000000000001,0.0015827999999999999,-0.0011504000000000002,-0.0019177000000000005,-0.00012070000000000006,0.00059610000000000012,0.00010960000000000006,-0.0027969000000000002,0.00083769999999999992,-0.0013772999999999997,-0.00026849999999999986,-0.00099879999999999999,-0.0025135000000000001,-0.0014136999999999999,0.0010682000000000001,-0.00026999999999999984,-0.0036933000000000001,0.0042984999999999994,-0.00033629999999999988,0.0012154000000000002,0.0024590000000000002,0.00094459999999999998,0.0026778000000000001,-0.0043337000000000002,-0.00062580000000000003,-0.0020499999999999997,0.0018053000000000006,0.00056109999999999992
aug_between_class_right_pair0030_child02,Healthy,0,0,Augmented,0,0,0,0,0,0.30618719999999999,2.1521948000000002,-1.9999999999999999e-07,-9.9999999999999995e-07,0,0.96108260000000001,0,0.0468914,-0.13964099999999999,0.034517600000000002,0.10039480000000001,-0.089408600000000005,0.10519000000000001,0.0020244000000000004,-0.0084514000000000013,-0.022133799999999999,-0.0988478,0.33389760000000002,-0.084888199999999997,-0.044982999999999995,0.063217600000000013,0.025757800000000004,-0.019891799999999998,-0.0034342000000000001,-0.059991999999999997,0.0260594,0.0279546,-0.067993800000000007,0.0026240000000000005,-0.093703800000000004,0.0068785999999999986,0.047122600000000001,-0.007293599999999999,0.0026847999999999976,0.017989999999999999,-0.046331799999999999,0.030323999999999997,-0.076231199999999999,-0.049850399999999996,0.1363838,-0.037052600000000005,0.2038952,-0.0327292,0.0101064,-0.0052227999999999997,-0.0078802000000000004,-0.0131982,-0.00041419999999999998,0.041127200000000003,-0.0077796000000000011,-0.0027745999999999995,-0.020603,-0.0266032,0.0158528,0.040680800000000003,0.0345028,0.016895,-0.0031254000000000004,0.0030665999999999996,0.025815799999999996,-0.049951599999999999,0.0127866,0.0024204000000000001,0.0080226000000000013,0.044116799999999998,-0.0902472,-0.015954799999999998,-0.039630199999999997,-0.024739799999999999,0.024465199999999999,0.0012823999999999999,0.0027952000000000003,0.0211042,0.0058999999999999999,0.0023054,-0.0078907999999999999,0.0075265999999999996,0.0051158000000000002,-0.003751,0.00075920000000000067,0.0024231999999999999,-0.021748200000000002,0.0041441999999999998,0.0076357999999999999,0.0058393999999999998,-0.0042861999999999987,-0.0078592000000000002,0.020669,-0.0118364,-0.010340200000000001,0.0036496000000000002,-0.0025577999999999998,0.0013548,-0.0077179999999999992,-0.0017175999999999997,0.0039387999999999984,-0.0036039999999999996,0.0024705999999999999,0.013742600000000001,0.0017863999999999996,0.0244254,-0.016187199999999999,0.0019940000000000001,0.0010508,-0.0012171999999999999,-0.011154000000000001,0.0102454,-0.0045539999999999999,-0.010994199999999999,-0.00043339999999999996,0.0041599999999999996,-0.010356600000000001,-0.0058437999999999997,0.0065703999999999997,0.0138332,0.0053460000000000001,5.5800000000000055e-05,0.015796600000000001,-0.0081640000000000011,0.0051532000000000001,-0.014032200000000002,0.012919199999999999,-0.0046546000000000001,-0.0013677999999999997,0.012711400000000001,-0.0071840000000000003,0.007352,-0.0059743999999999995,-0.0066020000000000002,0.0141774,0.0069802000000000006,-0.0054304000000000002,0.0061716000000000019,-0.015604,-0.0033819999999999996,-0.0090802000000000001,-0.0030245999999999997,0.0092685999999999984,0.0055602000000000004,0.0033304000000000003,-0.0047957999999999994,-0.00030959999999999972,-0.0017948000000000005,-0.0003948,0.0036492,-0.0015524000000000002,-0.00078400000000000019,-0.0057666000000000002,0.00073959999999999976,-0.0048640000000000003,0.0035133999999999999,0.0018003999999999997,0.0016926000000000001,-0.00040799999999999994,-0.0026658000000000003,-0.00025460000000000023,-0.0069661999999999996,-0.0010095999999999998,-0.0037834000000000001,-0.0043515999999999997,-0.0033727999999999996,0.008700600000000001,0.0031387999999999997,0.0010662000000000002,-0.0022930000000000003,-0.00038039999999999992,-0.0037212,-0.0043544000000000005,-0.0052105999999999993,0.0028320000000000003,0.00047379999999999992,0.013963999999999999,0.0068240000000000002,-0.0064378000000000005,0.0079844000000000009,0.014434800000000001,-0.0013204,0.0042716000000000004,0.0048831999999999999,-0.0073179999999999999,0.0016238000000000003,-0.0138368,0.0018809999999999999,0.0074064000000000005,-0.010368,0.0046269999999999992,-0.0049366000000000002,-0.0021726000000000002,0.002235,-0.0019909999999999997,-0.0015605999999999999,-7.8999999999999643e-05,0.0048066000000000003,-0.00053420000000000008,-0.0049018000000000004,-0.00076940000000000016,0.0014893999999999999,-0.0011156,0.0038174000000000012,0.0031640000000000006,0.00031460000000000006,-0.0017673999999999997,-0.0012880000000000001,-6.1800000000000011e-05,-0.0059170000000000004,-0.0017564,0.00033119999999999981,0.001475,-0.0036248000000000001,-0.0056425999999999994,-0.0017623999999999995,-9.39999999999999e-05,0.0008081999999999998,0.0022677999999999999,0.0057415999999999995,-0.0014864000000000001,0.0025982000000000002,-0.00045540000000000034,-0.0005842,-0.0054080000000000005,0.0037736000000000002,0.0072734000000000002,-0.00088719999999999999,0.0021854000000000001,0.0050451999999999997,-0.00068860000000000058,-0.0027069999999999998,0.0026885999999999998,0.0066538000000000014,0.0064184000000000003,0.0013728,0.0039491999999999999,0.0032366000000000001,-0.0133904,0.006496,-0.013051,-0.0024405999999999998,-0.0038295999999999998,0.0038490000000000004,-0.00072019999999999994,0.0035572000000000004,-0.0020606000000000001,-0.0015346000000000001,-0.0026726000000000002,0.00058999999999999992,-0.0016294,-0.0019364,-0.0036534000000000002,0.00014859999999999998,0.00069739999999999993,0.0015674,-0.00054619999999999983,-0.0045967999999999998,-0.0012812000000000001,0.002526,0.0035490000000000001,-0.0024435999999999998,0.00075799999999999999,0.0013438,0.0031063999999999996,0.0036082000000000002,-0.0061981999999999992,0.00087619999999999994,0.00097459999999999995,-0.00088179999999999986,0.00089840000000000004,0.0016816000000000001,0.0049803999999999994,0.0031274000000000002,-0.0006154000000000001,0.0048922000000000002,-0.0055454000000000007,-0.0031488000000000002,0.0066578000000000002,-0.00094619999999999991,0.0015218000000000005,0.0044935999999999995,0.0023348000000000002,-0.0052562000000000008,8.680000000000005e-05,-0.0050902000000000005,0.0061372000000000006,-0.0076475999999999992,-0.0013050000000000004,-0.001371,0.0017930000000000003,-0.0033299999999999996,0.0037784000000000003,-0.0064378000000000005,0.0032072000000000003,0.011307599999999999,0.0024063999999999995,0.012166199999999999,-0.0099649999999999999,-0.00024259999999999993,-0.0014653999999999999,0.00022180000000000002,0.00010279999999999979,0.0027466000000000001,0.00021939999999999999,-0.0014044000000000001,-0.00016300000000000006,0.0041876000000000005,-0.0027510000000000004,0.0021456000000000001,0.00040219999999999991,-7.3599999999999892e-05,0.0022770000000000004,0.0017492000000000002,-0.0011410000000000001,0.00058920000000000001,-0.00048020000000000007,-0.00015040000000000019,0.00070720000000000006,-0.0024610000000000005,0.00072040000000000027,0.0010817999999999999,0.0006098000000000004,-0.00097419999999999994,-0.0021210000000000001,0.00074260000000000005,0.0021190000000000002,-0.0018448000000000002,0.0020204000000000003,-0.001207,-0.0013021999999999999,-0.0036522000000000008,-0.0033928000000000005,-0.0025262000000000001,-0.0011299999999999999,0.0011213999999999996,-0.00088180000000000051,0.0031314000000000003,-0.0019794000000000001,-0.0022875999999999999,0.00029099999999999992,0.0014554000000000004,0.0011990000000000002,0.0011346000000000001,0.0045858000000000001,0.0027546000000000003,-0.00054219999999999995,-0.004192200000000001,-0.00024039999999999993,-0.0009322,-0.00016280000000000005,0.0014266000000000001,-0.0025677999999999999,0.0028785999999999998,-0.0065229999999999993,0.0022220000000000005,-0.00057280000000000005,0.0037246000000000002,0.0083472000000000008,0.0017564000000000002,0.0068522000000000001,0.00047300000000000033,-0.0035791999999999998,-0.0012432000000000001,0.00047620000000000003,0.0020040000000000001,-0.00051419999999999992,-0.0012008000000000001,-0.0034626000000000001,0.00061840000000000029,-0.00080119999999999996,0.00072180000000000009,0.00024639999999999997,0.00086840000000000007,0.00014320000000000001,-0.0012252000000000001,3.099999999999994e-05,0.0005486,-0.001732,-0.0013359999999999999,-0.0022758000000000001,0.0013722000000000001,0.0017482000000000003,-0.0011884,0.0016081999999999997,-0.00021019999999999999,-0.0023799999999999997,0.00072120000000000018,-0.00085960000000000008,0.0019524000000000004,0.0030130000000000001,-0.0016434000000000002,0.0033633999999999999,0.00063100000000000016,-0.0020788000000000004,0.0035170000000000002,-0.0021816000000000006,-0.00027800000000000004,0.0031597999999999999,0.0011378,-0.0011486000000000001,0.0051796000000000003,-0.00038019999999999992,-0.001047,-0.0022865999999999997,-0.0038024000000000001,0.0018886,-0.0036138000000000003,-0.0035257999999999995,0.0019963999999999997,-0.00054960000000000013,-0.0020782000000000001,0.00069380000000000006,-0.0029390000000000002,0.0006115999999999999,0.0030842,-0.0024129999999999998,0.000562,0.0013570000000000001,-0.00060319999999999992,-5.1800000000000053e-05,0.00050379999999999999,0.0012375999999999999,0.0029099999999999998,-0.00077819999999999983,0.0019878000000000001,-0.0026144000000000002,-0.0068336000000000004,-0.0010460000000000001,-0.0024708,0.0038785999999999998,-0.0013432000000000001,-0.00044959999999999998,0.0012794000000000002,-0.00078240000000000004,0.00014520000000000006,0.00045680000000000004,0.0010988000000000003,0.00032780000000000005,-0.0009542000000000001,-0.0011052000000000002,0.00074339999999999996,-0.0019209999999999997,0.00042339999999999999,-0.001738,-0.0014436,-0.00046200000000000001,-0.00030260000000000009,0.00049419999999999998,-0.00080099999999999995,-1.479999999999998e-05,0.00047860000000000003,-0.0015530000000000001,-0.00046739999999999998,-0.0012146000000000001,0.001091,0.00046700000000000002,0.00071519999999999982,0.0016168000000000001,0.0010778000000000001,-7.0999999999999978e-05,-0.00069459999999999986,-0.00024919999999999999,0.0010112000000000001,-0.0011156000000000002,0.0024716,0.0021589999999999999,0.00097619999999999998,0.0019654,-0.0012212,-0.0005086,-0.00090340000000000017,-0.00045419999999999998,0.0018160000000000006,0.0019048000000000001,-0.00080459999999999993,0.0033708000000000002,0.00037320000000000007,-0.0026534000000000002,-0.000602,0.0013716000000000002,-0.0010638000000000002,-0.0015864000000000004,2.9600000000000069e-05,0.00042620000000000017,-3.5800000000000111e-05,-0.0028318000000000002,0.00067440000000000002,-0.0013735999999999996,-0.000406,-0.00074459999999999999,-0.0020820000000000001,-0.0014764000000000001,0.0011044,-0.00019099999999999998,-0.0034685999999999996,0.004058,-0.00031759999999999981,0.0016827999999999999,0.002075,0.00099019999999999989,0.0027306000000000001,-0.0038754000000000002,-0.00057059999999999999,-0.0016810000000000002,0.0019786000000000009,0.00044119999999999999
aug_between_class_right_pair0030_child03,Healthy,0,0,Augmented,0,0,0,0,0,0.30408879999999999,2.1599746999999998,-2.9999999999999999e-07,-9.9999999999999995e-07,0,0.94946640000000004,4.1359030627651384e-25,0.047033099999999994,-0.13969299999999998,0.035742400000000001,0.1031962,-0.093566899999999995,0.10467299999999999,-9.7400000000000199e-05,-0.0075425999999999983,-0.0216942,-0.099056699999999998,0.33633390000000002,-0.085791300000000001,-0.042933499999999999,0.062455900000000009,0.023920699999999996,-0.020378199999999999,-0.0037983000000000001,-0.058588499999999995,0.027985099999999999,0.0292264,-0.067171700000000001,0.0022085000000000004,-0.091839699999999996,0.0076124000000000001,0.048033399999999997,-0.0088794000000000008,0.0025087000000000009,0.016767999999999998,-0.047016700000000002,0.031523499999999996,-0.076587800000000011,-0.049636099999999996,0.1367902,-0.036455399999999999,0.20320379999999999,-0.034941800000000002,0.0100696,-0.0053001999999999997,-0.0080818000000000001,-0.0135473,0.00036970000000000015,0.040628300000000006,-0.0077494,-0.0022889000000000008,-0.020249,-0.026223799999999999,0.016051200000000002,0.040615199999999997,0.034166699999999994,0.016102499999999999,-0.0042461000000000009,0.0016248999999999994,0.024568699999999999,-0.047275399999999995,0.012707399999999999,0.0025991,0.0089469000000000007,0.044285199999999997,-0.087051799999999999,-0.0164732,-0.039848799999999997,-0.0240977,0.024193800000000001,0.0011786000000000001,0.0026187999999999997,0.0206888,0.0060889999999999998,0.0024935999999999999,-0.0073027000000000005,0.0072978999999999995,0.0050606999999999996,-0.003264,0.0015158000000000005,0.0027807999999999999,-0.0228983,0.0043533000000000001,0.0078682000000000005,0.0062721000000000001,-0.0038817999999999995,-0.0073903000000000007,0.021133000000000002,-0.0116696,-0.011411299999999999,0.0032788999999999987,-0.0031806999999999998,0.0016532000000000003,-0.006855,-0.0020019,0.0044272000000000001,-0.0034295000000000003,0.0031139000000000002,0.012995400000000001,0.0011266,0.023903600000000001,-0.014319799999999999,0.0020504999999999998,0.0012277,-0.0015123000000000001,-0.011094,0.0100131,-0.0049580000000000006,-0.011206299999999999,-0.0005281000000000001,0.0043024999999999999,-0.010477899999999998,-0.0059386999999999999,0.0066610999999999997,0.013934799999999999,0.0050650000000000001,0.00055720000000000032,0.015680900000000001,-0.0077175000000000004,0.0047597999999999998,-0.013465299999999999,0.013107799999999999,-0.0047208999999999992,-0.0009551999999999998,0.0122816,-0.0076109999999999997,0.0077590000000000003,-0.0060891000000000001,-0.0059819999999999995,0.0133341,0.0078992999999999997,-0.0055870999999999994,0.0056659000000000006,-0.016028500000000001,-0.0036405000000000001,-0.009536300000000001,-0.0031599000000000002,0.0082068999999999996,0.0059573000000000004,0.0036751000000000002,-0.0060916999999999994,-0.00083740000000000008,-0.0014077,-0.00032069999999999993,0.0038193000000000003,-0.0011575999999999999,-0.00095449999999999984,-0.0053128999999999997,0.0002323999999999999,-0.0047259999999999993,0.0038361000000000003,0.0013435999999999997,0.0017124,-0.00053399999999999975,-0.0028562000000000001,-0.00059690000000000003,-0.0070222999999999995,-0.0014804000000000002,-0.0032515999999999999,-0.0046018999999999999,-0.0024367,0.0089624000000000006,0.0036126999999999999,0.0013013,-0.0029460000000000003,-0.0010961000000000002,-0.0043483000000000003,-0.0036746000000000001,-0.0049829000000000002,0.0033605000000000002,-0.00019479999999999975,0.013507499999999999,0.0063080000000000002,-0.0064381999999999998,0.0071305999999999982,0.014683700000000001,-0.0021205999999999994,0.0038059000000000005,0.0051708000000000006,-0.0076604999999999989,0.00085720000000000002,-0.0139247,0.0020904999999999999,0.0068710999999999989,-0.010245999999999998,0.0049685000000000007,-0.0051744,-0.0022719000000000003,0.0019559999999999998,-0.0019314999999999998,-0.0017248999999999999,0.00061750000000000032,0.0045303999999999995,-0.00032879999999999997,-0.0050131999999999998,-0.00074559999999999969,0.0016305999999999998,-0.00075789999999999994,0.0032691000000000005,0.0030125,0.00011990000000000004,-0.0013905999999999996,-0.0010674999999999999,-8.7000000000000014e-06,-0.0059889999999999995,-0.0017946000000000001,0.00053330000000000022,0.0012454999999999999,-0.0037647000000000002,-0.0056974,-0.00065260000000000014,-0.00013450000000000007,0.0007972999999999997,0.0023706999999999999,0.0048943999999999993,-0.0015585999999999998,0.0027058,-0.00050909999999999974,0.00013119999999999972,-0.0056474999999999997,0.0035818999999999998,0.0075206000000000005,-0.0012958000000000002,0.0013506,0.0055028000000000004,-0.00039589999999999981,-0.0025609999999999999,0.0028048999999999999,0.0056387,0.0059611000000000004,0.0015486999999999999,0.0036842999999999989,0.0032684000000000003,-0.013400599999999999,0.0063479999999999995,-0.012197999999999997,-0.0027799000000000001,-0.0044343999999999998,0.0036975000000000003,-0.00075529999999999998,0.0035233,-0.0020939000000000001,-0.0013889,-0.0025343999999999996,0.000544,-0.0016535999999999999,-0.0018530999999999999,-0.0033361000000000003,-0.00020560000000000001,0.00035210000000000016,0.0013626000000000001,-0.00064179999999999999,-0.004572699999999999,-0.0013333000000000002,0.0026389999999999999,0.0035864999999999998,-0.0021808999999999999,0.00082249999999999999,0.0013996999999999998,0.0030276000000000001,0.0035363,-0.006606299999999999,0.00084479999999999993,0.00042090000000000009,-0.00096170000000000001,0.0010550999999999998,0.0018213999999999999,0.0047590999999999996,0.0029946,-0.00056809999999999999,0.0041897999999999987,-0.0058341,-0.0025536999999999999,0.0065112,-0.00059479999999999993,0.0018736999999999998,0.0038173999999999994,0.0013611999999999999,-0.0047663000000000002,-0.0002008,-0.0052128000000000001,0.0062872999999999991,-0.0069918999999999988,-0.0017700000000000001,-0.0009810000000000001,0.0012140000000000002,-0.0029739999999999996,0.0038551000000000002,-0.0062512000000000002,0.0030558,0.010376399999999999,0.0024730999999999998,0.011429299999999998,-0.010130999999999999,-0.00016789999999999969,-0.0014500999999999997,0.00013969999999999998,0.00021469999999999996,0.0023018999999999995,0.00026009999999999998,-0.0012415999999999998,-2.2999999999999909e-05,0.0042643999999999998,-0.0023999999999999998,0.0022764,0.00062830000000000004,-0.00042789999999999999,0.0024330000000000003,0.0016618,-0.00099350000000000003,0.00076279999999999989,-0.00054480000000000002,-3.6099999999999847e-05,0.00062930000000000006,-0.0026855000000000004,0.00045259999999999994,0.00093819999999999993,0.00013769999999999993,-0.00057930000000000004,-0.0023165,0.00077039999999999997,0.0022174999999999999,-0.0016746999999999999,0.0015850999999999999,-0.0012444999999999999,-0.0013043,-0.0036053000000000001,-0.0031316999999999994,-0.0023232999999999999,-0.00060300000000000002,0.00037259999999999957,-0.00033569999999999997,0.0026536000000000003,-0.0022446000000000002,-0.0019698999999999997,0.00054199999999999995,0.0011221,0.0015845,0.00085540000000000008,0.0045046999999999995,0.0022149000000000001,-0.0009923,-0.0038072999999999991,-0.0004171,-0.00091529999999999997,0.0004303,0.00089290000000000007,-0.0022691999999999999,0.0028949000000000002,-0.0065234999999999998,0.0024255000000000001,-0.0007247,0.0039069000000000005,0.0086867999999999997,0.0015685999999999992,0.0070718000000000005,0.00017550000000000031,-0.0032752999999999997,-0.0011597999999999999,0.00071380000000000011,0.0019690000000000003,-0.0004597999999999999,-0.0012472,-0.0033003999999999998,0.00051009999999999988,-0.00068079999999999996,0.00053919999999999988,6.2099999999999924e-05,0.00087809999999999993,0.00024529999999999995,-0.0012532999999999997,0.00020949999999999994,0.00060490000000000001,-0.001761,-0.0013005,-0.0022212,0.0013208,0.0016408,-0.00093110000000000014,0.0014643,-9.7300000000000007e-05,-0.0023714999999999995,0.00055530000000000011,-0.00066339999999999997,0.0016965999999999995,0.003039,-0.0015206,0.0035225999999999994,0.00033149999999999987,-0.0020477000000000004,0.0032434999999999999,-0.0020563999999999999,-0.00051349999999999996,0.0029841999999999994,0.0014886999999999999,-0.0011138999999999999,0.0047299000000000004,-0.0004303,-0.001073,-0.0024908999999999999,-0.0033250999999999997,0.0016764,-0.0033756999999999997,-0.0033496999999999997,0.0018830999999999997,-0.00054639999999999984,-0.0017393,0.00025970000000000002,-0.0029605,0.00093889999999999989,0.0031202999999999999,-0.0024015,0.00059849999999999997,0.0011490000000000001,-0.0002588,0.00043329999999999985,0.0002762000000000001,0.0012744000000000002,0.0029864999999999996,-0.00060429999999999989,0.0019476999999999999,-0.0026335999999999998,-0.0065388999999999994,-0.0012984999999999993,-0.0028796999999999998,0.0043233999999999998,-0.0014238000000000002,-0.00033489999999999995,0.0011285999999999998,-0.0005346000000000002,0.00021630000000000005,0.00059270000000000004,0.00094870000000000002,0.0004797,-0.00081029999999999991,-0.00084029999999999977,0.00060259999999999979,-0.0018249999999999998,0.00011610000000000017,-0.001575,-0.0013583999999999998,-0.00033399999999999993,-0.00032089999999999994,0.00056529999999999992,-0.00054799999999999998,2.5799999999999977e-05,0.00048890000000000001,-0.0016570000000000001,-0.00033809999999999992,-0.0013709,0.0012499999999999998,0.00026100000000000006,0.00063329999999999984,0.0015106999999999998,0.00099019999999999989,5.4999999999999982e-06,-0.00056240000000000001,-0.0002343,0.00090629999999999997,-0.0010884,0.0021673999999999999,0.0021145000000000001,0.00085129999999999993,0.0017740999999999994,-0.0012323,-0.00050140000000000004,-0.0007576000000000002,-0.00012329999999999991,0.0018175000000000003,0.0016316999999999998,-0.00084389999999999986,0.0032202000000000003,0.00055780000000000022,-0.0026195999999999997,-0.00062799999999999998,0.0011604,-0.00097720000000000012,-0.0012551000000000003,0.00017990000000000009,0.0002563,-0.00018120000000000007,-0.0028666999999999998,0.0005110999999999999,-0.0013698999999999994,-0.00054349999999999993,-0.00049039999999999989,-0.0016504999999999996,-0.0015390999999999998,0.0011406000000000001,-0.00011200000000000012,-0.0032438999999999996,0.0038174999999999997,-0.00029889999999999995,0.0021501999999999997,0.001691,0.0010357999999999999,0.0027834000000000001,-0.0034171000000000002,-0.00051540000000000006,-0.001312,0.0021518999999999996,0.00032129999999999995
aug_between_class_right_pair0030_child04,Healthy,0,0,Augmented,0,0,0,0,0,0.30199039999999999,2.1677545999999999,-3.9999999999999988e-07,-9.9999999999999995e-07,0,0.93785019999999997,0,0.047174799999999996,-0.13974499999999998,0.036967199999999999,0.1059976,-0.097725199999999998,0.104156,-0.0022192000000000006,-0.0066338000000000005,-0.021254599999999998,-0.099265599999999996,0.33877020000000002,-0.086694400000000005,-0.040884000000000004,0.061694200000000005,0.022083600000000002,-0.020864599999999997,-0.0041624000000000001,-0.057185,0.029910800000000001,0.030498200000000003,-0.066349600000000009,0.0017930000000000003,-0.089975600000000003,0.0083461999999999998,0.0489442,-0.010465200000000001,0.0023326000000000006,0.015546000000000001,-0.047701600000000004,0.032722999999999995,-0.076944399999999996,-0.049421799999999995,0.1371966,-0.0358582,0.20251240000000001,-0.037154400000000004,0.0100328,-0.0053775999999999997,-0.0082833999999999998,-0.0138964,0.0011536000000000005,0.040129400000000003,-0.0077192000000000007,-0.0018032000000000005,-0.019894999999999999,-0.0258444,0.016249599999999999,0.040549599999999998,0.033830600000000002,0.015309999999999999,-0.0053667999999999997,0.00018319999999999925,0.023321599999999998,-0.044599199999999999,0.012628199999999999,0.0027778000000000004,0.0098712000000000036,0.044453599999999996,-0.083856399999999998,-0.016991600000000003,-0.040067399999999996,-0.0234556,0.023922399999999996,0.0010748000000000001,0.0024424,0.0202734,0.0062779999999999997,0.0026817999999999998,-0.0067146000000000003,0.0070691999999999994,0.0050055999999999998,-0.002777,0.0022724000000000004,0.0031384000000000004,-0.024048400000000001,0.0045624000000000003,0.0081005999999999995,0.0067048000000000003,-0.0034774000000000003,-0.0069213999999999994,0.021597000000000002,-0.011502800000000001,-0.012482400000000001,0.0029081999999999997,-0.0038035999999999999,0.0019516000000000002,-0.0059919999999999991,-0.0022862,0.0049156,-0.0032550000000000009,0.0037572,0.012248200000000001,0.00046679999999999942,0.023381800000000001,-0.012452399999999999,0.0021069999999999999,0.0014046000000000002,-0.0018074,-0.011033999999999999,0.009780800000000001,-0.0053620000000000004,-0.011418399999999999,-0.00062279999999999996,0.0044450000000000002,-0.0105992,-0.0060336000000000001,0.0067517999999999996,0.014036399999999999,0.0047840000000000001,0.0010586000000000003,0.015565200000000001,-0.0072710000000000006,0.0043663999999999994,-0.012898400000000001,0.0132964,-0.0047872000000000001,-0.00054259999999999985,0.011851799999999999,-0.008038,0.0081659999999999996,-0.0062037999999999998,-0.0053620000000000004,0.0124908,0.0088184000000000005,-0.0057438000000000003,0.0051602000000000011,-0.016452999999999999,-0.0038989999999999997,-0.0099924000000000002,-0.0032952000000000007,0.0071451999999999991,0.0063544000000000014,0.0040198000000000013,-0.0073875999999999985,-0.0013651999999999998,-0.0010206,-0.00024659999999999992,0.0039893999999999997,-0.00076279999999999968,-0.0011249999999999999,-0.0048591999999999993,-0.00027480000000000017,-0.0045879999999999992,0.0041587999999999998,0.00088679999999999965,0.0017321999999999999,-0.00066,-0.0030466,-0.00093920000000000028,-0.0070784000000000003,-0.0019512000000000002,-0.0027197999999999996,-0.0048522000000000001,-0.0015005999999999997,0.0092242000000000018,0.0040866000000000001,0.0015364000000000003,-0.0035990000000000006,-0.0018118000000000001,-0.0049753999999999996,-0.0029948000000000002,-0.0047552000000000002,0.0038890000000000005,-0.00086339999999999941,0.013051,0.0057920000000000003,-0.0064386000000000001,0.006276799999999999,0.014932600000000001,-0.0029208000000000003,0.0033402000000000002,0.0054584000000000004,-0.0080029999999999997,9.0599999999999925e-05,-0.0140126,0.0023,0.0063358000000000008,-0.010123999999999999,0.0053100000000000005,-0.0054121999999999998,-0.0023712,0.0016769999999999997,-0.001872,-0.0018892,0.0013140000000000003,0.0042541999999999996,-0.00012340000000000002,-0.0051246,-0.00072179999999999987,0.0017718,-0.00040020000000000008,0.0027208000000000006,0.0028610000000000003,-7.4800000000000029e-05,-0.0010137999999999996,-0.00084699999999999999,4.4400000000000009e-05,-0.0060610000000000004,-0.0018328000000000001,0.00073540000000000009,0.001016,-0.0039045999999999998,-0.0057521999999999998,0.00045720000000000005,-0.00017499999999999981,0.00078639999999999982,0.0024736000000000003,0.0040471999999999991,-0.0016308,0.0028134000000000002,-0.00056280000000000002,0.00084659999999999987,-0.0058869999999999999,0.0033901999999999999,0.0077678000000000001,-0.0017044,0.00051580000000000029,0.0059604000000000002,-0.00010320000000000034,-0.002415,0.0029211999999999997,0.0046236000000000003,0.0055037999999999997,0.0017246,0.0034194000000000004,0.0033002000000000001,-0.0134108,0.0062000000000000006,-0.011344999999999997,-0.0031191999999999999,-0.0050392000000000006,0.0035460000000000001,-0.00079039999999999991,0.0034893999999999997,-0.0021272000000000001,-0.0012431999999999999,-0.0023961999999999998,0.00049799999999999996,-0.0016777999999999999,-0.0017697999999999998,-0.0030188000000000003,-0.00055980000000000016,6.7999999999999484e-06,0.0011578000000000001,-0.00073740000000000014,-0.0045485999999999999,-0.0013854000000000002,0.0027520000000000001,0.0036240000000000001,-0.0019181999999999999,0.00088700000000000009,0.0014556,0.0029487999999999997,0.0034644000000000003,-0.0070143999999999996,0.00081339999999999993,-0.00013280000000000019,-0.0010415999999999999,0.0012117999999999999,0.0019611999999999997,0.0045377999999999998,0.0028618000000000003,-0.00052079999999999987,0.0034873999999999999,-0.0061228000000000012,-0.0019586000000000004,0.0063645999999999998,-0.00024340000000000001,0.0022256000000000003,0.0031411999999999994,0.00038759999999999988,-0.0042763999999999996,-0.00048839999999999995,-0.0053354000000000006,0.0064374000000000002,-0.0063361999999999993,-0.002235,-0.00059100000000000016,0.00063499999999999982,-0.0026179999999999997,0.0039318000000000001,-0.0060645999999999999,0.0029044000000000001,0.0094451999999999991,0.0025397999999999992,0.010692399999999999,-0.010296999999999999,-9.319999999999988e-05,-0.0014348,5.7599999999999991e-05,0.00032659999999999997,0.0018571999999999996,0.00030080000000000005,-0.0010788,0.00011700000000000002,0.0043411999999999999,-0.002049,0.0024072,0.00085439999999999995,-0.00078219999999999993,0.0025890000000000002,0.0015743999999999999,-0.00084599999999999996,0.00093640000000000021,-0.00060940000000000007,7.8200000000000058e-05,0.00055140000000000007,-0.0029100000000000003,0.00018479999999999994,0.00079459999999999991,-0.0003344,-0.00018440000000000015,-0.0025120000000000003,0.00079819999999999999,0.0023160000000000004,-0.0015045999999999998,0.0011497999999999999,-0.0012820000000000002,-0.0013064000000000001,-0.0035583999999999998,-0.0028706000000000001,-0.0021204000000000001,-7.5999999999999747e-05,-0.00037620000000000052,0.00021039999999999991,0.0021757999999999999,-0.0025098,-0.0016521999999999997,0.00079299999999999998,0.00078880000000000009,0.00197,0.00057620000000000002,0.0044235999999999998,0.0016752,-0.0014424000000000001,-0.0034223999999999995,-0.00059380000000000001,-0.00089839999999999994,0.0010233999999999998,0.00035920000000000006,-0.0019705999999999999,0.0029112000000000001,-0.0065240000000000003,0.0026289999999999998,-0.00087660000000000006,0.0040892000000000003,0.0090264000000000004,0.0013807999999999995,0.0072914000000000008,-0.00012199999999999971,-0.0029713999999999999,-0.0010763999999999999,0.00095140000000000025,0.001934,-0.00040539999999999988,-0.0012936000000000002,-0.0031381999999999998,0.00040180000000000006,-0.00056040000000000007,0.00035659999999999999,-0.00012220000000000004,0.0008878,0.00034739999999999999,-0.0012814,0.00038800000000000005,0.00066120000000000003,-0.0017899999999999999,-0.0012650000000000001,-0.0021665999999999999,0.0012694,0.0015334000000000001,-0.0006737999999999999,0.0013203999999999998,1.5600000000000027e-05,-0.0023629999999999996,0.00038940000000000003,-0.00046720000000000003,0.0014407999999999999,0.003065,-0.0013978,0.0036817999999999998,3.199999999999991e-05,-0.0020166000000000003,0.0029699999999999996,-0.0019312000000000001,-0.00074899999999999999,0.0028085999999999996,0.0018396,-0.0010792,0.0042801999999999996,-0.00048040000000000002,-0.0010990000000000002,-0.0026952,-0.0028477999999999997,0.0014641999999999999,-0.0031375999999999999,-0.0031735999999999999,0.0017697999999999998,-0.00054319999999999998,-0.0014004,-0.00017440000000000006,-0.0029820000000000003,0.0012662000000000001,0.0031564000000000002,-0.0023899999999999998,0.00063500000000000004,0.0009410000000000001,8.5600000000000021e-05,0.00091839999999999999,4.8599999999999989e-05,0.0013112000000000002,0.0030629999999999998,-0.00043039999999999984,0.0019076,-0.0026528000000000003,-0.0062442000000000001,-0.0015509999999999999,-0.0032886000000000005,0.0047682000000000002,-0.0015044000000000004,-0.00022020000000000004,0.00097779999999999981,-0.00028680000000000009,0.00028739999999999999,0.00072860000000000004,0.0007986,0.00063160000000000007,-0.00066640000000000004,-0.00057539999999999978,0.00046179999999999995,-0.0017289999999999996,-0.00019119999999999999,-0.0014120000000000001,-0.0012731999999999999,-0.00020599999999999994,-0.0003391999999999999,0.00063639999999999996,-0.00029500000000000001,6.6399999999999988e-05,0.00049919999999999999,-0.0017610000000000002,-0.0002087999999999999,-0.0015272000000000003,0.0014090000000000001,5.5000000000000036e-05,0.00055140000000000007,0.0014046,0.00090260000000000004,8.2000000000000042e-05,-0.00043019999999999994,-0.00021939999999999999,0.00080140000000000007,-0.0010612,0.0018632,0.0020699999999999998,0.00072640000000000009,0.0015827999999999994,-0.0012434,-0.00049419999999999998,-0.00061180000000000002,0.0002076,0.0018190000000000005,0.0013586,-0.00088319999999999978,0.0030696,0.00074240000000000016,-0.0025858000000000001,-0.00065400000000000007,0.00094919999999999998,-0.00089060000000000007,-0.00092380000000000012,0.0003302,8.640000000000004e-05,-0.00032660000000000002,-0.0029016000000000003,0.00034780000000000011,-0.0013661999999999997,-0.00068099999999999996,-0.00023619999999999989,-0.0012190000000000002,-0.0016018,0.0011768,-3.2999999999999826e-05,-0.0030191999999999997,0.0035769999999999995,-0.00028019999999999987,0.0026175999999999999,0.001307,0.0010814000000000002,0.0028362000000000001,-0.0029588000000000001,-0.00046020000000000002,-0.00094299999999999983,0.0023251999999999999,0.00020140000000000002
aug_between_class_right_pair0030_child05,TLE,1,1,Augmented,0,0,0,0,0,0.29779359999999999,2.1833144,-5.9999999999999997e-07,-9.9999999999999995e-07,0,0.91461780000000004,0,0.047458199999999999,-0.139849,0.039416800000000002,0.1116004,-0.10604179999999999,0.10312200000000001,-0.0064627999999999994,-0.0048162000000000014,-0.020375400000000002,-0.099683400000000005,0.34364279999999997,-0.088500599999999999,-0.036784999999999998,0.060170800000000003,0.018409399999999999,-0.0218374,-0.0048906000000000002,-0.054377999999999996,0.033762199999999999,0.033041800000000003,-0.064705399999999996,0.00096200000000000062,-0.086247400000000002,0.0098137999999999993,0.0507658,-0.013636800000000001,0.0019803999999999985,0.013102000000000001,-0.049071400000000001,0.035122,-0.077657599999999993,-0.048993200000000001,0.1380094,-0.034663800000000002,0.20112959999999999,-0.041579600000000001,0.0099591999999999997,-0.0055323999999999998,-0.0086865999999999992,-0.014594599999999999,0.0027213999999999997,0.039131600000000002,-0.0076588000000000003,-0.00083179999999999973,-0.019186999999999999,-0.0250856,0.016646399999999999,0.040418399999999993,0.033158399999999998,0.013725000000000001,-0.0076081999999999999,-0.0027002000000000003,0.020827399999999996,-0.039246799999999998,0.0124698,0.0031352000000000003,0.011719800000000001,0.044790399999999994,-0.077465600000000009,-0.0180284,-0.040504600000000002,-0.022171400000000001,0.0233796,0.00086720000000000005,0.0020896000000000001,0.019442600000000001,0.0066559999999999996,0.0030582000000000001,-0.0055384000000000006,0.0066118000000000001,0.0048954000000000003,-0.0018029999999999999,0.0037856000000000001,0.0038535999999999996,-0.0263486,0.0049806,0.0085654000000000008,0.0075702,-0.0026685999999999993,-0.0059836000000000004,0.022525,-0.011169200000000001,-0.0146246,0.0021668,-0.0050493999999999999,0.0025484000000000001,-0.0042659999999999998,-0.0028547999999999998,0.0058923999999999999,-0.0029059999999999989,0.0050437999999999993,0.010753800000000001,-0.00085279999999999991,0.022338199999999999,-0.008717599999999999,0.0022199999999999998,0.0017583999999999998,-0.0023975999999999997,-0.010914,0.0093162000000000002,-0.0061700000000000001,-0.011842599999999998,-0.00081220000000000001,0.0047299999999999998,-0.0108418,-0.0062234000000000005,0.0069332000000000005,0.014239599999999998,0.0042220000000000001,0.0020614000000000006,0.0153338,-0.006378,0.0035796000000000001,-0.0117646,0.013673599999999999,-0.0049198000000000002,0.00028260000000000004,0.010992200000000001,-0.0088920000000000006,0.0089799999999999984,-0.0064332,-0.0041220000000000007,0.0108042,0.0106566,-0.0060571999999999996,0.0041488000000000002,-0.017301999999999998,-0.0044159999999999998,-0.0109046,-0.0035658000000000009,0.0050217999999999999,0.0071486000000000006,0.0047091999999999993,-0.0099793999999999994,-0.0024207999999999999,-0.00024640000000000013,-9.8400000000000007e-05,0.0043295999999999994,2.6800000000000109e-05,-0.0014660000000000001,-0.0039518000000000001,-0.0012891999999999997,-0.0043119999999999999,0.0048041999999999998,-2.6800000000000218e-05,0.0017718,-0.00091200000000000005,-0.0034274000000000002,-0.0016237999999999999,-0.0071905999999999992,-0.0028928000000000001,-0.0016562,-0.0053527999999999996,0.00037159999999999927,0.0097478000000000009,0.0050343999999999996,0.0020065999999999999,-0.0049049999999999996,-0.0032431999999999999,-0.0062296000000000001,-0.0016352000000000003,-0.0042997999999999995,0.0049460000000000007,-0.0022005999999999992,0.012137999999999999,0.0047600000000000003,-0.0064393999999999996,0.0045691999999999998,0.0154304,-0.0045211999999999987,0.0024088,0.0060336000000000001,-0.0086879999999999995,-0.0014426000000000003,-0.0141884,0.0027190000000000001,0.0052652000000000003,-0.0098799999999999999,0.0059930000000000001,-0.0058877999999999995,-0.0025698000000000001,0.001119,-0.001753,-0.0022177999999999998,0.0027070000000000002,0.0037017999999999999,0.00028739999999999994,-0.0053474000000000004,-0.00067420000000000002,0.0020541999999999999,0.00031519999999999964,0.0016242000000000003,0.0025580000000000004,-0.00046420000000000006,-0.00026019999999999971,-0.00040600000000000011,0.00015059999999999997,-0.0062050000000000004,-0.0019092,0.0011396000000000002,0.00055700000000000009,-0.0041843999999999996,-0.0058618000000000003,0.0026767999999999996,-0.00025600000000000015,0.00076459999999999983,0.0026794000000000002,0.0023527999999999999,-0.0017751999999999998,0.0030286000000000002,-0.00067020000000000014,0.0022773999999999993,-0.0063660000000000001,0.0030068,0.0082622000000000008,-0.0025215999999999997,-0.0011537999999999995,0.0068756000000000008,0.00048219999999999969,-0.0021229999999999999,0.0031538,0.0025934000000000009,0.0045891999999999999,0.0020763999999999999,0.0028896,0.0033638000000000001,-0.013431200000000001,0.0059039999999999995,-0.009639,-0.0037977999999999996,-0.0062488000000000005,0.0032430000000000002,-0.00086059999999999999,0.0034215999999999999,-0.0021938000000000001,-0.00095180000000000004,-0.0021197999999999998,0.00040600000000000006,-0.0017261999999999998,-0.0016031999999999999,-0.0023842000000000004,-0.0012682000000000001,-0.00068379999999999917,0.00074819999999999997,-0.00092860000000000002,-0.0045003999999999999,-0.0014896,0.0029779999999999997,0.003699,-0.0013928,0.001016,0.0015674,0.0027911999999999998,0.0033205999999999999,-0.0078306000000000001,0.00075059999999999992,-0.0012402000000000001,-0.0012014,0.0015252,0.0022407999999999998,0.0040952000000000002,0.0025961999999999999,-0.00042620000000000001,0.0020826000000000004,-0.0067001999999999999,-0.00076840000000000035,0.0060714000000000002,0.00045939999999999995,0.0029293999999999995,0.0017887999999999997,-0.0015595999999999993,-0.0032966000000000002,-0.0010635999999999998,-0.0055805999999999998,0.0067375999999999998,-0.0050247999999999994,-0.0031649999999999994,0.00018899999999999993,-0.00052300000000000003,-0.0019059999999999999,0.0040851999999999998,-0.0056914000000000001,0.0026015999999999999,0.0075827999999999998,0.0026731999999999997,0.0092185999999999987,-0.010629,5.6200000000000173e-05,-0.0014042,-0.00010659999999999998,0.00055039999999999993,0.0009678,0.00038219999999999997,-0.00075319999999999998,0.00039699999999999995,0.0044948000000000002,-0.0013470000000000001,0.0026688000000000003,0.0013065999999999998,-0.0014907999999999998,0.0029009999999999999,0.0013996000000000002,-0.00055100000000000006,0.0012836000000000002,-0.00073860000000000006,0.00030680000000000008,0.00039560000000000002,-0.003359,-0.00035079999999999996,0.00050740000000000008,-0.0012785999999999997,0.00060539999999999986,-0.0029030000000000002,0.00085380000000000005,0.002513,-0.0011644000000000001,0.00027920000000000028,-0.0013570000000000001,-0.0013106000000000001,-0.0034646,-0.0023484000000000001,-0.0017146000000000002,0.00097799999999999992,-0.0018737999999999999,0.0013025999999999997,0.0012202000000000003,-0.0030401999999999998,-0.0010167999999999998,0.0012949999999999997,0.00012220000000000021,0.0027409999999999999,1.7800000000000162e-05,0.0042614000000000003,0.00059580000000000006,-0.0023426000000000002,-0.0026525999999999997,-0.00094720000000000004,-0.00086459999999999987,0.0022095999999999999,-0.00070819999999999954,-0.0013733999999999999,0.0029437999999999999,-0.0065249999999999996,0.0030360000000000001,-0.0011803999999999999,0.0044538000000000008,0.0097056,0.0010052000000000001,0.0077305999999999998,-0.00071699999999999976,-0.0023636,-0.00090959999999999999,0.0014266000000000003,0.001864,-0.00029660000000000005,-0.0013864000000000003,-0.0028138,0.00018520000000000011,-0.00031960000000000007,-8.5999999999999109e-06,-0.00049080000000000011,0.00090719999999999993,0.00055159999999999996,-0.0013376,0.000745,0.00077380000000000005,-0.001848,-0.001194,-0.0020574,0.0011666000000000001,0.0013186000000000003,-0.00015920000000000013,0.0010325999999999998,0.00024139999999999996,-0.002346,5.7600000000000099e-05,-7.4800000000000029e-05,0.00092920000000000036,0.003117,-0.0011522000000000001,0.0040001999999999998,-0.00056700000000000001,-0.0019544000000000002,0.0024229999999999998,-0.0016808000000000003,-0.0012200000000000002,0.0024573999999999998,0.0025414000000000001,-0.0010097999999999999,0.0033808000000000002,-0.00058060000000000002,-0.0011510000000000001,-0.0031037999999999999,-0.0018932,0.0010398,-0.0026614,-0.0028213999999999999,0.0015431999999999998,-0.00053679999999999982,-0.00072260000000000011,-0.0010425999999999999,-0.0030249999999999999,0.0019207999999999999,0.0032285999999999999,-0.0023670000000000002,0.00070799999999999997,0.00052500000000000008,0.00077439999999999963,0.0018885999999999996,-0.00040660000000000002,0.0013847999999999998,0.0032160000000000001,-8.2599999999999731e-05,0.0018274000000000001,-0.0026912000000000004,-0.0056547999999999998,-0.0020559999999999997,-0.0041063999999999996,0.0056577999999999993,-0.0016656000000000002,9.2000000000000068e-06,0.00067619999999999996,0.00020879999999999976,0.00042960000000000009,0.0010004,0.00049840000000000019,0.00093539999999999997,-0.00037860000000000004,-4.5600000000000133e-05,0.00018020000000000004,-0.0015369999999999997,-0.00080579999999999964,-0.0010859999999999999,-0.0011028000000000001,4.9999999999999996e-05,-0.00037580000000000003,0.00077860000000000006,0.00021099999999999992,0.00014759999999999996,0.00051979999999999995,-0.0019689999999999998,4.9799999999999964e-05,-0.0018397999999999999,0.0017269999999999998,-0.00035699999999999979,0.00038759999999999988,0.0011924000000000001,0.00072740000000000001,0.00023500000000000002,-0.00016580000000000002,-0.0001896,0.00059159999999999996,-0.0010068,0.0012548000000000001,0.0019809999999999997,0.00047660000000000009,0.0012002,-0.0012656,-0.00047980000000000001,-0.00032020000000000009,0.00086939999999999999,0.0018220000000000001,0.00081240000000000012,-0.00096179999999999985,0.0027683999999999999,0.0011116000000000001,-0.0025182,-0.00070600000000000003,0.00052680000000000001,-0.00071740000000000009,-0.00026120000000000017,0.00063080000000000005,-0.00025339999999999998,-0.00061740000000000015,-0.0029714000000000003,2.1200000000000082e-05,-0.0013587999999999999,-0.00095600000000000004,0.0002722,-0.00035600000000000009,-0.0017271999999999999,0.0012492,0.00012499999999999989,-0.0025697999999999997,0.0030959999999999998,-0.00024279999999999994,0.0035523999999999998,0.00053900000000000009,0.0011726,0.0029418000000000001,-0.0020422000000000001,-0.00034980000000000005,-0.00020500000000000021,0.0026717999999999998,-3.8400000000000066e-05
aug_between_class_right_pair0030_child06,TLE,1,1,Augmented,0,0,0,0,0,0.29569519999999999,2.1910943000000001,-7.0000000000000007e-07,-9.9999999999999995e-07,0,0.90300159999999996,0,0.047599900000000001,-0.139901,0.0406416,0.1144018,-0.1102001,0.102605,-0.0085845999999999995,-0.003907400000000001,-0.0199358,-0.099892300000000003,0.34607909999999997,-0.089403700000000003,-0.034735500000000002,0.059409100000000006,0.016572300000000002,-0.022323799999999998,-0.0052547000000000002,-0.052974500000000001,0.035687900000000002,0.0343136,-0.063883300000000004,0.00054650000000000098,-0.084383299999999994,0.010547599999999999,0.051676600000000003,-0.015222600000000001,0.0018042999999999983,0.011880000000000002,-0.049756300000000003,0.0363215,-0.078014200000000006,-0.0487789,0.13841580000000001,-0.034066600000000002,0.20043820000000001,-0.043792200000000003,0.0099223999999999996,-0.0056097999999999999,-0.0088881999999999989,-0.014943699999999999,0.0035052999999999998,0.038632700000000006,-0.0076285999999999993,-0.00034610000000000109,-0.018832999999999999,-0.024706199999999998,0.0168448,0.040352799999999994,0.032822299999999999,0.0129325,-0.0087288999999999995,-0.0041418999999999996,0.019580299999999998,-0.036570600000000002,0.0123906,0.0033139000000000003,0.012644100000000002,0.0449588,-0.074270200000000008,-0.018546799999999999,-0.040723200000000001,-0.021529299999999998,0.023108200000000002,0.00076340000000000002,0.0019132000000000001,0.019027200000000001,0.0068450000000000004,0.0032464,-0.0049502999999999995,0.0063831000000000001,0.0048403000000000005,-0.0013159999999999999,0.0045421999999999997,0.0042112,-0.027498700000000001,0.0051897000000000002,0.0087977999999999997,0.0080029000000000003,-0.0022642000000000001,-0.0055147,0.022988999999999999,-0.011002399999999999,-0.0156957,0.0017961000000000001,-0.0056722999999999999,0.0028468,-0.0034030000000000006,-0.0031390999999999997,0.0063807999999999998,-0.0027314999999999996,0.0056870999999999996,0.010006600000000001,-0.0015126000000000002,0.0218164,-0.006850199999999999,0.0022764999999999999,0.0019352999999999998,-0.0026926999999999997,-0.010853999999999999,0.0090839000000000007,-0.006574,-0.012054700000000002,-0.00090689999999999998,0.0048725000000000001,-0.0109631,-0.0063183000000000007,0.0070239000000000005,0.014341199999999998,0.0039410000000000001,0.0025628000000000001,0.015218100000000002,-0.0059315000000000001,0.0031862000000000001,-0.011197700000000001,0.0138622,-0.0049861000000000003,0.00069520000000000085,0.0105624,-0.0093190000000000009,0.0093869999999999995,-0.0065478999999999997,-0.0035020000000000003,0.0099609,0.011575700000000001,-0.0062138999999999996,0.0036431000000000015,-0.017726499999999999,-0.0046744999999999998,-0.011360700000000001,-0.0037011000000000006,0.0039601000000000003,0.0075456999999999998,0.0050539000000000001,-0.011275299999999997,-0.0029485999999999996,0.00014069999999999968,-2.4300000000000021e-05,0.0044996999999999997,0.00042159999999999989,-0.0016365000000000002,-0.0034981000000000001,-0.0017963999999999999,-0.0041739999999999998,0.0051269000000000002,-0.00048360000000000026,0.0017916,-0.0010380000000000003,-0.0036178,-0.0019661000000000001,-0.0072467,-0.0033636000000000004,-0.0011244000000000002,-0.0056030999999999997,0.0013076999999999993,0.0100096,0.0055082999999999998,0.0022417000000000001,-0.0055580000000000004,-0.0039588999999999996,-0.0068566999999999994,-0.00095540000000000013,-0.0040721000000000004,0.0054745000000000002,-0.0028691999999999984,0.011681500000000001,0.0042440000000000004,-0.0064397999999999999,0.0037153999999999998,0.0156793,-0.0053213999999999996,0.0019431000000000006,0.0063211999999999999,-0.0090304999999999986,-0.0022091999999999997,-0.0142763,0.0029284999999999997,0.0047299000000000004,-0.0097579999999999993,0.0063344999999999999,-0.0061255999999999993,-0.0026690999999999998,0.00083999999999999993,-0.0016935000000000001,-0.0023820999999999998,0.0034035000000000003,0.0034256,0.00049279999999999984,-0.0054587999999999998,-0.00065039999999999998,0.0021953999999999997,0.00067289999999999993,0.0010759000000000005,0.0024065000000000002,-0.00065889999999999981,0.00011660000000000012,-0.00018550000000000009,0.00020369999999999996,-0.0062769999999999996,-0.0019474000000000002,0.0013416999999999999,0.00032749999999999999,-0.0043242999999999997,-0.0059165999999999993,0.0037865999999999993,-0.00029649999999999989,0.00075369999999999994,0.0027823000000000001,0.0015056000000000002,-0.0018473999999999999,0.0031362,-0.00072390000000000041,0.0029927999999999999,-0.0066054999999999994,0.0028151000000000001,0.0085094000000000003,-0.0029302,-0.0019885999999999992,0.0073332000000000007,0.00077489999999999959,-0.001977,0.0032700999999999997,0.0015783000000000006,0.0041319000000000008,0.0022523,0.0026246999999999998,0.0033956000000000004,-0.013441399999999999,0.0057559999999999998,-0.0087859999999999987,-0.0041370999999999995,-0.0068535999999999996,0.0030915000000000005,-0.00089569999999999993,0.0033877,-0.0022271000000000001,-0.00080610000000000013,-0.0019816,0.00036000000000000008,-0.0017504,-0.0015199,-0.0020669,-0.0016224,-0.0010290999999999994,0.00054339999999999998,-0.0010242000000000003,-0.004476299999999999,-0.0015417,0.003091,0.0037365000000000002,-0.0011301000000000002,0.0010804999999999999,0.0016233,0.0027124000000000002,0.0032487000000000002,-0.0082386999999999998,0.00071919999999999992,-0.0017938999999999995,-0.0012812999999999998,0.0016818999999999996,0.0023806000000000001,0.0038739000000000004,0.0024634000000000001,-0.00037889999999999999,0.0013802000000000003,-0.0069888999999999993,-0.00017330000000000047,0.0059248,0.00081079999999999976,0.0032812999999999996,0.0011126,-0.0025331999999999985,-0.0028067000000000005,-0.0013511999999999997,-0.0057032000000000003,0.0068877000000000001,-0.0043690999999999999,-0.0036299999999999995,0.00057899999999999965,-0.0011019999999999997,-0.0015500000000000002,0.0041618999999999996,-0.0055048000000000007,0.0024502,0.0066516000000000006,0.0027398999999999991,0.0084817,-0.010794999999999999,0.0001309000000000002,-0.0013889,-0.00018869999999999998,0.00066229999999999989,0.00052310000000000019,0.00042290000000000003,-0.00059040000000000004,0.00053699999999999993,0.0045716000000000003,-0.00099600000000000036,0.0027996000000000002,0.0015326999999999997,-0.0018450999999999995,0.0030569999999999998,0.0013121999999999999,-0.0004035000000000001,0.0014572000000000003,-0.00080320000000000001,0.00042109999999999999,0.00031770000000000008,-0.0035835000000000007,-0.00061859999999999986,0.00036380000000000006,-0.0017506999999999996,0.0010003,-0.0030984999999999997,0.00088160000000000007,0.0026115000000000001,-0.00099430000000000004,-0.00015609999999999959,-0.0013945000000000001,-0.0013127,-0.0034177000000000005,-0.0020873000000000003,-0.0015117000000000002,0.001505,-0.0026225999999999997,0.0018486999999999998,0.0007424000000000007,-0.0033054,-0.00069909999999999992,0.0015459999999999996,-0.00021109999999999987,0.0031265000000000004,-0.00026139999999999974,0.0041803000000000005,5.6100000000000334e-05,-0.0027927,-0.0022677000000000001,-0.0011238999999999999,-0.00084769999999999984,0.0028027,-0.0012418999999999998,-0.0010747999999999999,0.0029600999999999998,-0.0065254999999999983,0.0032395000000000006,-0.0013322999999999998,0.0046360999999999998,0.010045199999999999,0.00081740000000000003,0.007950200000000001,-0.0010144999999999998,-0.0020597000000000002,-0.00082620000000000002,0.0016642000000000002,0.0018290000000000001,-0.00024220000000000014,-0.0014328000000000001,-0.0026516000000000001,7.6900000000000026e-05,-0.00019920000000000002,-0.00019119999999999988,-0.00067510000000000009,0.00091690000000000001,0.0006536999999999999,-0.0013656999999999999,0.00092349999999999984,0.00083010000000000007,-0.001877,-0.0011585,-0.0020027999999999999,0.0011152,0.0012112000000000002,9.8099999999999891e-05,0.00088869999999999997,0.00035429999999999999,-0.0023374999999999997,-0.00010829999999999998,0.00012139999999999989,0.00067340000000000032,0.003143,-0.0010294000000000002,0.0041593999999999997,-0.00086649999999999987,-0.0019233,0.0021494999999999999,-0.0015556000000000001,-0.0014554999999999998,0.0022818000000000001,0.0028922999999999996,-0.00097510000000000001,0.0029311000000000003,-0.00063069999999999999,-0.0011770000000000001,-0.0033081000000000004,-0.0014159000000000001,0.00082760000000000017,-0.0024232999999999998,-0.0026452999999999997,0.0014299,-0.00053359999999999996,-0.00038370000000000006,-0.0014767000000000001,-0.0030465000000000002,0.0022480999999999994,0.0032647000000000002,-0.0023555,0.00074449999999999994,0.00031700000000000017,0.0011187999999999997,0.0023736999999999999,-0.00063419999999999969,0.0014216000000000001,0.0032924999999999999,9.1300000000000322e-05,0.0017873000000000001,-0.0027104,-0.0053600999999999996,-0.0023084999999999994,-0.0045152999999999999,0.0061025999999999997,-0.0017462000000000003,0.00012389999999999995,0.00052539999999999998,0.0004565999999999995,0.00050069999999999997,0.0011363,0.00034830000000000012,0.0010873,-0.00023470000000000007,0.00021929999999999991,3.940000000000009e-05,-0.0014409999999999998,-0.0011130999999999997,-0.0009230000000000001,-0.0010176,0.00017799999999999999,-0.00039409999999999998,0.00084970000000000011,0.00046399999999999979,0.00018819999999999997,0.00053009999999999993,-0.0020730000000000002,0.00017909999999999996,-0.0019961000000000002,0.0018860000000000001,-0.00056299999999999981,0.0003056999999999999,0.0010863000000000001,0.00063979999999999994,0.00031150000000000004,-3.3600000000000166e-05,-0.00017469999999999999,0.00048670000000000001,-0.00097959999999999996,0.00095060000000000012,0.0019364999999999999,0.00035170000000000004,0.0010089000000000001,-0.0012767,-0.00047259999999999999,-0.00017440000000000009,0.0012002999999999998,0.0018235000000000003,0.00053930000000000015,-0.0010011,0.0026178,0.0012962,-0.0024844000000000003,-0.00073200000000000001,0.00031560000000000008,-0.00063080000000000015,7.0099999999999698e-05,0.00078109999999999996,-0.00042329999999999993,-0.00076280000000000011,-0.0030062999999999999,-0.00014209999999999982,-0.0013550999999999997,-0.0010934999999999999,0.0005264,7.5499999999999748e-05,-0.0017899000000000001,0.0012853999999999999,0.00020399999999999997,-0.0023451000000000001,0.0028555,-0.00022409999999999997,0.0040197999999999996,0.00015500000000000019,0.0012182,0.0029946,-0.0015839000000000003,-0.00029460000000000001,0.00016399999999999965,0.0028450999999999993,-0.0001583
aug_between_class_right_pair0030_child07,TLE,1,1,Augmented,0,0,0,0,0,0.29359679999999999,2.1988741999999997,-7.9999999999999996e-07,-9.9999999999999995e-07,0,0.89138539999999999,0,0.047741599999999995,-0.13995299999999999,0.041866399999999998,0.11720320000000001,-0.1143584,0.102088,-0.0107064,-0.0029985999999999997,-0.019496200000000002,-0.1001012,0.34851539999999998,-0.090306800000000007,-0.032686,0.058647400000000002,0.0147352,-0.022810199999999999,-0.0056188000000000002,-0.051570999999999999,0.037613599999999997,0.035585400000000003,-0.063061199999999998,0.00013100000000000047,-0.082519200000000001,0.0112814,0.052587399999999999,-0.016808400000000001,0.0016281999999999981,0.010658000000000001,-0.050441200000000005,0.037520999999999999,-0.078370800000000004,-0.048564599999999999,0.13882220000000001,-0.033469399999999996,0.1997468,-0.046004800000000005,0.0098855999999999996,-0.0056871999999999999,-0.0090898000000000003,-0.015292799999999999,0.0042892,0.038133800000000002,-0.0075983999999999999,0.00013960000000000014,-0.018478999999999999,-0.024326799999999999,0.017043200000000001,0.040287199999999995,0.0324862,0.01214,-0.0098496,-0.0055836000000000011,0.018333199999999997,-0.033894399999999998,0.012311399999999998,0.0034926000000000002,0.013568400000000003,0.045127199999999999,-0.071074799999999994,-0.019065199999999997,-0.0409418,-0.020887199999999998,0.022836799999999997,0.0006596000000000001,0.0017367999999999999,0.018611800000000001,0.0070340000000000003,0.0034346000000000003,-0.0043621999999999992,0.0061544,0.0047852000000000007,-0.00082899999999999988,0.0052988000000000011,0.0045687999999999996,-0.028648800000000002,0.0053988000000000005,0.0090302000000000004,0.0084356000000000014,-0.0018597999999999991,-0.0050458000000000005,0.023453000000000002,-0.010835599999999999,-0.016766800000000002,0.0014254000000000003,-0.0062951999999999999,0.0031452000000000003,-0.0025399999999999989,-0.0034234000000000001,0.0068692000000000007,-0.0025570000000000002,0.0063303999999999999,0.009259400000000001,-0.0021724000000000005,0.0212946,-0.0049827999999999982,0.002333,0.0021121999999999998,-0.0029878000000000001,-0.010794,0.0088516000000000011,-0.0069779999999999998,-0.012266800000000001,-0.0010016000000000001,0.0050150000000000004,-0.011084399999999999,-0.0064132,0.0071146000000000004,0.014442799999999999,0.0036600000000000001,0.0030642000000000004,0.0151024,-0.0054849999999999994,0.0027927999999999998,-0.010630799999999999,0.014050799999999999,-0.0050524000000000003,0.0011078000000000008,0.010132599999999999,-0.0097460000000000012,0.0097940000000000006,-0.0066625999999999994,-0.0028819999999999996,0.0091176,0.012494800000000002,-0.0063705999999999997,0.0031374000000000003,-0.018151,-0.0049329999999999999,-0.011816800000000001,-0.0038364000000000007,0.0028983999999999993,0.0079427999999999999,0.0053986000000000008,-0.012571200000000001,-0.0034764000000000001,0.00052780000000000025,4.9800000000000025e-05,0.0046698,0.00081640000000000033,-0.0018070000000000002,-0.0030443999999999996,-0.0023036000000000003,-0.0040359999999999997,0.0054496000000000006,-0.00094040000000000052,0.0018113999999999999,-0.0011640000000000001,-0.0038082000000000003,-0.0023084000000000004,-0.007302799999999999,-0.0038344,-0.00059259999999999988,-0.0058533999999999999,0.0022438000000000007,0.0102714,0.0059822,0.0024768000000000004,-0.0062110000000000012,-0.0046746000000000001,-0.0074837999999999997,-0.00027559999999999998,-0.0038444000000000004,0.0060030000000000005,-0.0035377999999999994,0.011224999999999999,0.0037279999999999995,-0.0064402000000000001,0.0028615999999999997,0.0159282,-0.0061216000000000005,0.0014773999999999998,0.0066088000000000006,-0.0093729999999999994,-0.0029758000000000007,-0.014364200000000001,0.0031380000000000002,0.0041945999999999997,-0.0096359999999999987,0.0066760000000000005,-0.0063633999999999991,-0.0027684000000000003,0.00056099999999999976,-0.001634,-0.0025463999999999999,0.0041000000000000012,0.0031493999999999997,0.00069819999999999995,-0.0055702000000000008,-0.00062659999999999994,0.0023365999999999999,0.0010306000000000002,0.00052759999999999992,0.0022550000000000005,-0.00085359999999999993,0.00049340000000000039,3.5000000000000132e-05,0.00025680000000000001,-0.0063489999999999987,-0.0019856000000000001,0.0015438000000000001,9.7999999999999997e-05,-0.0044641999999999998,-0.0059714,0.0048964000000000004,-0.00033700000000000006,0.00074279999999999984,0.0028852000000000001,0.00065839999999999909,-0.0019196,0.0032438000000000002,-0.00077759999999999939,0.0037081999999999996,-0.0068450000000000004,0.0026233999999999997,0.0087565999999999998,-0.0033388000000000003,-0.0028233999999999998,0.0077907999999999996,0.0010675999999999999,-0.0018309999999999999,0.0033863999999999999,0.00056319999999999981,0.0036746000000000001,0.0024282000000000001,0.0023598,0.0034274000000000002,-0.013451600000000001,0.0056080000000000001,-0.0079329999999999991,-0.0044764000000000002,-0.0074584000000000013,0.0029399999999999999,-0.00093079999999999997,0.0033538000000000001,-0.0022604000000000001,-0.00066039999999999979,-0.0018433999999999998,0.00031400000000000004,-0.0017746000000000001,-0.0014365999999999999,-0.0017496,-0.0019766000000000002,-0.0013744,0.00033859999999999988,-0.0011198000000000002,-0.0044521999999999999,-0.0015938,0.0032039999999999998,0.003774,-0.00086739999999999994,0.001145,0.0016792000000000001,0.0026335999999999998,0.0031768000000000005,-0.0086467999999999996,0.00068779999999999991,-0.0023476,-0.0013611999999999999,0.0018385999999999997,0.0025203999999999999,0.0036525999999999998,0.0023305999999999999,-0.00033159999999999998,0.00067779999999999967,-0.0072776000000000004,0.00042179999999999995,0.0057781999999999998,0.0011622000000000002,0.0036332000000000005,0.00043639999999999933,-0.0035068,-0.0023167999999999999,-0.0016387999999999999,-0.0058258000000000008,0.0070377999999999994,-0.0037133999999999995,-0.0040949999999999997,0.00096900000000000024,-0.0016810000000000002,-0.0011939999999999997,0.0042385999999999995,-0.0053182000000000004,0.0022988000000000001,0.0057203999999999987,0.0028065999999999994,0.0077447999999999996,-0.010960999999999999,0.00020560000000000023,-0.0013736,-0.00027080000000000002,0.00077420000000000006,7.839999999999952e-05,0.00046360000000000005,-0.00042759999999999993,0.00067700000000000008,0.0046484000000000004,-0.00064499999999999985,0.0029304000000000001,0.0017588,-0.0021993999999999998,0.0032129999999999997,0.0012247999999999998,-0.00025599999999999988,0.0016308000000000002,-0.00086780000000000006,0.00053540000000000011,0.00023979999999999997,-0.0038080000000000006,-0.00088640000000000019,0.00022019999999999993,-0.0022228000000000005,0.0013952000000000001,-0.0032940000000000001,0.0009094000000000001,0.0027100000000000002,-0.00082419999999999987,-0.00059140000000000006,-0.0014320000000000001,-0.0013148000000000001,-0.0033708000000000002,-0.0018262,-0.0013087999999999999,0.0020320000000000008,-0.0033714000000000005,0.0023947999999999999,0.00026459999999999938,-0.0035705999999999997,-0.00038139999999999978,0.001797,-0.00054440000000000011,0.0035120000000000008,-0.00054060000000000002,0.0040991999999999999,-0.00048360000000000026,-0.0032428000000000005,-0.0018827999999999996,-0.0013006000000000003,-0.00083080000000000003,0.0033957999999999996,-0.0017756,-0.00077619999999999968,0.0029764000000000001,-0.0065259999999999988,0.0034430000000000003,-0.0014842000000000002,0.0048184000000000005,0.0103848,0.00062960000000000034,0.0081697999999999996,-0.0013119999999999998,-0.0017557999999999999,-0.00074279999999999995,0.0019018000000000004,0.001794,-0.0001877999999999999,-0.0014792000000000004,-0.0024893999999999997,-3.1400000000000059e-05,-7.879999999999991e-05,-0.00037380000000000003,-0.00085940000000000007,0.00092660000000000008,0.00075580000000000005,-0.0013937999999999999,0.0011020000000000001,0.00088640000000000008,-0.0019060000000000001,-0.0011229999999999999,-0.0019482,0.0010637999999999999,0.0011038000000000001,0.00035540000000000007,0.00074479999999999989,0.00046720000000000019,-0.0023289999999999999,-0.00027420000000000005,0.00031760000000000008,0.00041759999999999996,0.0031689999999999999,-0.00090660000000000003,0.0043185999999999997,-0.0011660000000000002,-0.0018922000000000001,0.0018759999999999998,-0.0014304000000000001,-0.0016909999999999998,0.0021061999999999999,0.0032431999999999999,-0.00094039999999999998,0.0024813999999999999,-0.00068080000000000007,-0.0012030000000000001,-0.0035124000000000006,-0.00093859999999999961,0.00061539999999999989,-0.0021852,-0.0024692,0.0013166,-0.0005304000000000001,-4.4799999999999788e-05,-0.0019108,-0.003068,0.0025754000000000003,0.0033008,-0.0023440000000000002,0.00078100000000000001,0.00010899999999999994,0.0014632000000000004,0.0028588000000000003,-0.00086179999999999981,0.0014583999999999999,0.003369,0.00026520000000000037,0.0017472,-0.0027296000000000004,-0.0050653999999999994,-0.0025609999999999995,-0.0049242000000000001,0.0065474000000000001,-0.0018268000000000004,0.00023860000000000005,0.00037459999999999989,0.00070439999999999999,0.00057180000000000013,0.0012722000000000002,0.00019819999999999988,0.0012392000000000002,-9.0799999999999984e-05,0.00048420000000000011,-0.00010140000000000003,-0.0013449999999999998,-0.0014204000000000005,-0.00075999999999999993,-0.0009324,0.00030600000000000001,-0.00041239999999999983,0.00092079999999999994,0.00071699999999999997,0.00022879999999999998,0.00054039999999999991,-0.0021770000000000001,0.00030840000000000007,-0.0021524000000000005,0.0020449999999999999,-0.00076900000000000004,0.00022379999999999991,0.00098020000000000008,0.00055219999999999987,0.00038800000000000011,9.860000000000012e-05,-0.00015979999999999995,0.00038180000000000001,-0.00095239999999999995,0.00064639999999999988,0.0018919999999999998,0.00022679999999999998,0.00081759999999999992,-0.0012878,-0.00046540000000000004,-2.8599999999999936e-05,0.0015312000000000004,0.0018250000000000004,0.00026620000000000002,-0.0010404000000000001,0.0024671999999999997,0.0014808000000000002,-0.0024505999999999998,-0.00075799999999999999,0.00010439999999999992,-0.0005442,0.00040140000000000032,0.00093140000000000009,-0.00059320000000000011,-0.00090820000000000028,-0.0030412,-0.00030540000000000005,-0.0013514,-0.0012310000000000001,0.00078060000000000011,0.00050699999999999996,-0.0018526000000000003,0.0013216,0.00028300000000000005,-0.0021203999999999997,0.0026149999999999997,-0.0002053999999999999,0.0044871999999999993,-0.00022900000000000015,0.0012638000000000003,0.0030474,-0.0011256,-0.00023939999999999996,0.00053300000000000005,0.0030183999999999988,-0.00027819999999999993
aug_between_class_right_pair0030_child08,TLE,1,1,Augmented,0,0,0,0,0,0.29149839999999999,2.2066540999999997,-9.0000000000000007e-07,-9.9999999999999995e-07,0,0.87976919999999992,0,0.047883299999999997,-0.14000499999999999,0.043091199999999996,0.1200046,-0.1185167,0.10157100000000001,-0.012828200000000001,-0.0020898000000000002,-0.0190566,-0.1003101,0.35095169999999998,-0.091209899999999997,-0.030636500000000001,0.057885699999999998,0.012898099999999999,-0.023296600000000001,-0.0059829000000000011,-0.050167500000000004,0.039539299999999999,0.036857200000000007,-0.062239099999999999,-0.0002844999999999996,-0.080655100000000007,0.0120152,0.053498200000000003,-0.018394200000000003,0.0014520999999999996,0.0094359999999999999,-0.051126100000000001,0.038720499999999998,-0.078727400000000003,-0.048350299999999999,0.13922860000000001,-0.032872199999999997,0.19905540000000002,-0.048217400000000001,0.0098487999999999996,-0.0057645999999999999,-0.0092914,-0.0156419,0.0050731000000000005,0.037634899999999999,-0.0075682000000000006,0.00062529999999999964,-0.018124999999999999,-0.023947399999999997,0.017241600000000003,0.040221599999999996,0.032150100000000001,0.0113475,-0.010970299999999999,-0.0070253000000000008,0.0170861,-0.031218200000000002,0.0122322,0.0036713000000000002,0.014492700000000002,0.045295599999999998,-0.067879400000000006,-0.0195836,-0.0411604,-0.020245099999999999,0.022565399999999999,0.00055579999999999996,0.0015604000000000002,0.018196400000000001,0.0072230000000000003,0.0036228000000000002,-0.003774099999999999,0.0059256999999999999,0.004730100000000001,-0.00034199999999999942,0.0060553999999999998,0.0049264,-0.029798899999999996,0.0056078999999999999,0.0092625999999999993,0.0088683000000000008,-0.0014553999999999991,-0.0045769000000000018,0.023917000000000001,-0.010668799999999999,-0.0178379,0.0010546999999999996,-0.0069180999999999999,0.0034436000000000002,-0.0016769999999999997,-0.0037077,0.0073576000000000006,-0.0023824999999999992,0.0069736999999999993,0.008512200000000001,-0.0028322000000000009,0.020772800000000001,-0.0031153999999999973,0.0023895000000000001,0.0022890999999999996,-0.0032829000000000001,-0.010734,0.0086192999999999999,-0.0073820000000000014,-0.012478900000000001,-0.0010963000000000001,0.0051574999999999998,-0.011205699999999999,-0.0065081000000000002,0.0072053000000000004,0.014544399999999999,0.0033790000000000001,0.0035656000000000008,0.014986699999999999,-0.0050384999999999996,0.0023994000000000003,-0.010063900000000001,0.014239399999999999,-0.0051187000000000003,0.0015203999999999999,0.0097027999999999993,-0.010173,0.010201,-0.0067773,-0.0022619999999999997,0.0082743000000000001,0.013413899999999999,-0.0065272999999999998,0.0026316999999999998,-0.018575499999999998,-0.0051914999999999999,-0.0122729,-0.0039717000000000008,0.0018366999999999997,0.0083399000000000008,0.0057432999999999998,-0.013867099999999999,-0.0040041999999999994,0.00091490000000000028,0.00012389999999999998,0.0048398999999999994,0.0012112000000000002,-0.0019775000000000001,-0.0025907,-0.0028108000000000005,-0.0038979999999999996,0.005772300000000001,-0.0013972000000000004,0.0018312000000000001,-0.0012900000000000003,-0.0039985999999999997,-0.0026507000000000002,-0.0073588999999999989,-0.0043052000000000003,-6.079999999999996e-05,-0.0061037000000000001,0.0031799000000000003,0.010533200000000001,0.0064561000000000011,0.0027119000000000002,-0.0068640000000000003,-0.0053903000000000006,-0.0081109000000000007,0.00040419999999999996,-0.0036166999999999996,0.0065315000000000008,-0.004206399999999999,0.0107685,0.0032119999999999996,-0.0064405999999999995,0.0020077999999999997,0.0161771,-0.0069217999999999997,0.0010116999999999999,0.0068964000000000004,-0.0097154999999999984,-0.0037424000000000008,-0.014452100000000001,0.0033474999999999993,0.0036592999999999999,-0.0095139999999999982,0.0070175000000000003,-0.0066011999999999998,-0.0028676999999999999,0.00028199999999999981,-0.0015744999999999999,-0.0027106999999999999,0.0047965000000000004,0.0028732000000000002,0.00090360000000000006,-0.0056816000000000002,-0.00060279999999999991,0.0024778000000000001,0.0013882999999999996,-2.0700000000000029e-05,0.0021035000000000003,-0.0010483000000000001,0.00087020000000000066,0.00025550000000000014,0.0003099,-0.0064209999999999996,-0.0020238000000000001,0.0017459000000000001,-0.00013150000000000011,-0.0046040999999999999,-0.0060261999999999998,0.0060061999999999997,-0.00037750000000000066,0.00073189999999999996,0.0029880999999999996,-0.00018880000000000112,-0.0019917999999999997,0.0033514,-0.00083129999999999966,0.0044235999999999998,-0.0070845000000000005,0.0024316999999999997,0.009003800000000001,-0.0037474000000000006,-0.0036581999999999995,0.0082484000000000012,0.0013602999999999998,-0.0016849999999999999,0.0035027000000000001,-0.00045190000000000009,0.0032173000000000002,0.0026040999999999998,0.0020948999999999998,0.0034591999999999999,-0.013461799999999999,0.0054599999999999996,-0.0070799999999999995,-0.0048157,-0.0080632000000000013,0.0027885000000000002,-0.00096590000000000001,0.0033198999999999998,-0.0022937000000000001,-0.00051469999999999999,-0.0017052,0.00026800000000000001,-0.0017987999999999999,-0.0013533,-0.0014323000000000001,-0.0023308000000000001,-0.0017196999999999998,0.00013379999999999995,-0.0012154000000000002,-0.0044280999999999991,-0.0016459000000000001,0.0033169999999999996,0.0038115000000000002,-0.0006046999999999999,0.0012095000000000001,0.0017351000000000001,0.0025547999999999999,0.0031048999999999998,-0.0090548999999999977,0.00065640000000000002,-0.0029012999999999999,-0.0014411000000000001,0.0019952999999999998,0.0026602000000000002,0.0034313,0.0021977999999999998,-0.00028429999999999997,-2.4600000000000273e-05,-0.0075662999999999998,0.0010168999999999998,0.0056316000000000005,0.0015135999999999999,0.0039851000000000001,-0.00023980000000000008,-0.0044803999999999998,-0.0018269,-0.0019264,-0.0059483999999999995,0.0071878999999999988,-0.0030577,-0.0045599999999999998,0.0013590000000000004,-0.0022600000000000003,-0.00083799999999999977,0.0043152999999999993,-0.0051316000000000001,0.0021473999999999998,0.0047891999999999995,0.0028732999999999996,0.0070078999999999992,-0.011127,0.00028030000000000004,-0.0013583,-0.00035290000000000007,0.00088610000000000002,-0.00036630000000000018,0.00050430000000000006,-0.00026479999999999993,0.00081700000000000002,0.0047251999999999988,-0.00029399999999999999,0.0030612,0.0019848999999999999,-0.0025537000000000003,0.003369,0.0011373999999999998,-0.00010849999999999994,0.0018044000000000003,-0.00093240000000000011,0.00064970000000000002,0.00016189999999999998,-0.0040325000000000005,-0.0011542000000000002,7.6600000000000019e-05,-0.0026949000000000001,0.0017900999999999998,-0.0034894999999999995,0.00093720000000000001,0.0028085000000000002,-0.00065410000000000002,-0.0010267,-0.0014695000000000001,-0.0013169000000000002,-0.0033238999999999999,-0.0015651,-0.0011058999999999999,0.0025590000000000001,-0.0041202000000000009,0.0029409000000000002,-0.00021320000000000063,-0.0038357999999999999,-6.3699999999999868e-05,0.0020479999999999995,-0.00087770000000000003,0.0038975000000000004,-0.00081979999999999987,0.0040181000000000001,-0.0010233000000000004,-0.0036929000000000007,-0.0014978999999999995,-0.0014773,-0.0008139,0.0039889000000000001,-0.0023093000000000002,-0.00047759999999999979,0.0029927,-0.0065264999999999993,0.0036465000000000009,-0.0016361000000000001,0.0050007000000000003,0.010724399999999999,0.00044180000000000001,0.0083894,-0.0016094999999999998,-0.0014518999999999999,-0.00065939999999999998,0.0021394000000000005,0.0017589999999999999,-0.0001334000000000001,-0.0015256000000000002,-0.0023271999999999998,-0.00013970000000000003,4.1600000000000035e-05,-0.00055639999999999997,-0.0010436999999999998,0.00093629999999999994,0.00085789999999999998,-0.0014219,0.0012805000000000002,0.00094270000000000009,-0.0019350000000000001,-0.0010874999999999999,-0.0018936000000000001,0.0010124000000000001,0.00099639999999999993,0.0006127000000000002,0.00060089999999999992,0.00058010000000000006,-0.0023204999999999996,-0.00044010000000000013,0.00051380000000000002,0.00016179999999999992,0.0031950000000000004,-0.00078379999999999997,0.0044777999999999988,-0.0014655000000000002,-0.0018611000000000001,0.0016025,-0.0013052000000000003,-0.0019264999999999998,0.0019306000000000002,0.0035941000000000002,-0.00090569999999999995,0.0020317,-0.00073090000000000004,-0.0012290000000000001,-0.0037166999999999999,-0.00046129999999999983,0.00040319999999999993,-0.0019471,-0.0022930999999999997,0.0012033,-0.0005271999999999998,0.00029410000000000005,-0.0023449,-0.0030895000000000002,0.0029027000000000002,0.0033369000000000003,-0.0023325000000000004,0.00081750000000000008,-9.9000000000000021e-05,0.0018075999999999995,0.0033438999999999995,-0.0010894000000000004,0.0014951999999999999,0.0034454999999999998,0.00043910000000000043,0.0017071,-0.0027488,-0.0047707000000000001,-0.0028134999999999996,-0.0053331000000000003,0.0069922000000000005,-0.0019074000000000003,0.00035330000000000002,0.00022379999999999991,0.00095220000000000005,0.00064289999999999985,0.0014081000000000002,4.8100000000000085e-05,0.0013911000000000001,5.309999999999999e-05,0.00074909999999999994,-0.00024220000000000001,-0.0012489999999999999,-0.0017277,-0.00059699999999999998,-0.00084719999999999999,0.00043400000000000003,-0.0004306999999999999,0.00099189999999999999,0.00096999999999999994,0.0002694000000000001,0.0005507,-0.002281,0.00043770000000000012,-0.0023087000000000003,0.0022040000000000002,-0.00097499999999999985,0.00014189999999999993,0.00087410000000000005,0.00046460000000000002,0.00046450000000000018,0.00023079999999999997,-0.0001449,0.00027690000000000001,-0.00092519999999999994,0.00034219999999999997,0.0018475,0.00010189999999999998,0.00062629999999999999,-0.0012989,-0.00045819999999999997,0.00011720000000000003,0.0018621000000000002,0.0018265000000000002,-6.9000000000001135e-06,-0.0010797000000000001,0.0023165999999999994,0.0016654,-0.0024168000000000002,-0.00078399999999999997,-0.00010680000000000008,-0.00045760000000000001,0.00073270000000000008,0.0010817000000000001,-0.00076310000000000006,-0.0010536000000000002,-0.0030761,-0.00046870000000000001,-0.0013476999999999999,-0.0013684999999999999,0.0010348,0.00093849999999999999,-0.0019153000000000002,0.0013578000000000002,0.00036200000000000013,-0.0018956999999999999,0.0023744999999999999,-0.00018669999999999993,0.0049546,-0.00061300000000000016,0.0013094000000000001,0.0031002,-0.00066730000000000001,-0.00018419999999999998,0.00090200000000000002,0.0031917,-0.00039809999999999976
aug_between_class_right_pair0031_child01,Healthy,0,0,Augmented,0,0,0,0,0,0.31774550000000001,2.0415657999999999,9.9999999999999995e-07,7.9999999999999975e-07,0,1.0706205,0,0.0235701,-0.15431060000000002,0.012320600000000001,0.11183480000000001,-0.056935599999999996,0.060426299999999995,-0.016839099999999999,0.0014120999999999999,-0.052127700000000006,-0.043461199999999992,0.35272479999999995,-0.076979999999999993,0.022861699999999995,0.030730899999999998,-0.0093404999999999981,-0.016794699999999999,0.00052160000000000054,-0.055567600000000002,0.0312383,0.019765899999999996,-0.054406799999999998,-0.0024378999999999994,-0.10543,0.00041619999999999852,0.038935900000000002,-0.021372000000000002,0.020652000000000004,0.0057501999999999996,-0.019248800000000003,0.023571199999999997,-0.063328700000000002,-0.014109900000000002,0.053658299999999999,-0.0065134000000000025,0.21534919999999999,-0.054823200000000002,0.003016099999999999,0.0035090999999999998,-0.0013470999999999986,-0.017465000000000001,0.0028575000000000002,0.038325499999999998,0.0024709999999999997,-0.0082012999999999999,-0.015796900000000003,-0.012098599999999999,0.021837999999999996,0.019448399999999998,0.020724899999999997,0.017197400000000002,0.011854800000000004,0.0033586999999999996,0.0041135000000000008,-0.039061100000000001,-0.0022221000000000007,-0.0052686,4.6200000000000147e-05,0.0194463,-0.11426269999999999,0.0016236000000000011,-0.034944099999999999,-0.0027782999999999992,-0.0149938,-0.0051955000000000005,-0.0037318,0.022506100000000001,-0.0064710999999999979,0.007872500000000001,-0.021465499999999998,0.0093047000000000008,0.0043382000000000004,-0.0070851999999999998,0.0076517999999999994,0.0084335999999999994,-0.0077494,0.0048491999999999997,-0.00050270000000000002,0.0030261999999999997,-0.01332,-0.0071583999999999988,0.0109205,-0.017054200000000002,-0.0023733999999999995,-0.014321,0.0047695000000000012,0.0087953000000000007,-0.014951900000000001,4.5300000000000722e-05,-5.76000000000014e-05,-0.0068523000000000004,0.0115902,0.0085205999999999997,0.010679299999999999,0.0063779000000000006,-0.025768800000000001,0.011792900000000002,0.00089329999999999998,-0.0022122999999999999,-0.0039164000000000004,0.013476799999999999,-0.0057005000000000007,-0.00045419999999999966,-0.0015124000000000001,0.0019481999999999998,0.0018109999999999997,-0.0018415000000000003,0.0039344999999999996,0.0073059999999999991,0.0052963000000000003,-0.0016947999999999998,0.0085398000000000002,-0.0053683000000000003,0.0070011000000000006,-0.0034785000000000003,0.0119854,4.7999999999998998e-06,0.0022710000000000004,0.0016987999999999994,0.0017448000000000003,0.012299900000000002,-0.013979399999999999,-0.0090722000000000007,0.0089006000000000016,0.0032973,0.00043399999999999992,-0.0043755,-0.017524000000000001,-0.0084007000000000005,-0.0069797999999999995,-0.0032199999999999989,0.0099123000000000006,-0.0011073000000000003,0.0030757999999999996,0.013842699999999999,-0.0030511000000000002,-0.0035972999999999999,0.0026394999999999999,-0.0024321999999999998,0.00033429999999999999,-0.0010002000000000001,-0.0050930000000000003,-8.1000000000001427e-06,-0.0013444999999999998,0.0021413999999999999,0.0049192999999999997,0.00033859999999999988,0.0024727,0.00068790000000000008,0.00059569999999999979,0.0014621000000000002,0.0034552000000000003,-0.00019420000000000006,-0.0012589000000000003,-0.0010682999999999997,-0.00072400000000000068,0.0016469,0.0021587999999999998,-0.0042740000000000009,0.0015283999999999992,-0.0084469000000000002,-0.0025561,-0.0058717999999999999,0.0023046,0.0060233999999999999,0.015716399999999998,0.0061250000000000002,-0.0099929000000000007,0.0016418000000000001,0.0091167000000000002,-0.0033219999999999994,0.0016659999999999999,-0.0011360000000000007,-0.0051121000000000005,-0.0001468000000000001,-0.025498300000000002,0.005084,0.0068199999999999997,0.0009643000000000004,0.0070966000000000007,-0.0022625000000000002,-0.0017385,0.0027188000000000004,0.00024600000000000012,-0.0013874999999999998,-0.0016334000000000001,0.0012149999999999999,-0.0016827999999999999,-0.0027999000000000001,-0.0025351000000000002,0.0033371,-0.0011819000000000001,-0.0042574000000000006,-0.0053167000000000006,0.0048539000000000004,-0.0013387,-0.0026084000000000003,-0.0014011000000000002,-0.0014601000000000002,-0.00070129999999999986,-0.00060159999999999988,0.0050235000000000002,-0.0011035000000000001,-0.0045844000000000006,0.0028392000000000001,0.0059546,-0.00043880000000000004,0.0065950000000000002,0.0058817000000000001,-3.4500000000000025e-05,0.00017919999999999991,0.0016268999999999999,-0.0029090000000000001,0.0018735000000000002,0.0040648000000000004,0.0053883000000000004,0.00061590000000000017,-0.0023976000000000002,-0.0038286000000000006,0.0024929000000000002,-0.0033535000000000001,0.0015696,0.0055749000000000007,-0.00063319999999999978,0.0073913999999999994,0.00012030000000000005,-0.0019965999999999999,-0.0051874999999999994,-0.0010992999999999992,-0.015496099999999999,-0.0034567000000000001,-0.0050542,0.00063140000000000006,0.00012140000000000024,-0.0030505999999999997,-0.0019256999999999998,-0.00062159999999999993,0.0015212000000000001,0.0027807000000000001,-0.0018514000000000002,0.0019583999999999999,-0.0012798999999999998,-0.00046650000000000001,0.0052691000000000005,-0.0025147000000000004,-1.5999999999999305e-06,0.0013422000000000009,-0.00032839999999999996,-0.00068659999999999999,0.0030591999999999998,-0.0046533000000000008,0.0025111999999999999,-0.0026067,0.00070669999999999999,0.0037400000000000003,-0.0073385999999999998,0.0038336000000000004,0.0056776999999999999,7.4900000000000574e-05,-0.0017661999999999999,-0.00036719999999999982,0.0006129000000000001,0.0023292999999999999,-0.0010148000000000002,0.0027004000000000004,-0.0020816000000000003,-0.0010549999999999999,0.0061557000000000001,0.00013630000000000001,-0.00054889999999999995,0.0010562999999999998,0.0035355,-0.0017696999999999997,0.005064599999999999,-0.0014793000000000002,0.0014039999999999999,-0.0051084000000000008,0.0035659999999999997,0.00039010000000000043,0.0012052999999999999,-0.0022779000000000002,-0.00074320000000000007,-0.0017091999999999993,0.0018093999999999999,0.0053019999999999994,0.0036708000000000001,0.0072554999999999998,-0.0093280000000000012,0.0031990000000000005,-0.0016659000000000001,-0.0013985000000000002,0.0027323,-0.00055170000000000002,-0.00014310000000000001,-0.00088210000000000003,0.00081139999999999999,0.0013465,-0.00059349999999999995,0.0030188000000000003,0.0025808999999999997,-0.0018886999999999999,0.0015705999999999999,-0.0015929000000000002,-0.00016759999999999998,-6.1199999999999997e-05,0.0012642000000000003,-0.0026273999999999985,0.00038750000000000004,-0.00089019999999999995,-3.7499999999999882e-05,0.00028080000000000005,0.00015250000000000007,-0.00055679999999999998,-0.0012091000000000001,-0.00019749999999999987,-0.00090910000000000058,0.00042220000000000018,-0.0031019999999999997,0.00025550000000000008,-0.0017289,0.00071070000000000009,-0.0052484000000000003,-0.0047190000000000001,0.0010462999999999998,0.0017050999999999998,-0.0018317999999999997,0.0034152999999999996,-0.0004996,0.00037480000000000011,0.0026727000000000001,0.0026133000000000003,0.0010008000000000003,-0.0050177999999999993,0.0052367999999999998,0.0056068000000000003,-0.0030899,-0.0012370000000000003,0.0016434000000000004,-0.00085069999999999959,0.0043411999999999999,-0.0029003000000000006,0.0030653,0.0035257999999999999,-0.00065049999999999993,0.0014083000000000004,-0.0040549999999999996,0.0071668000000000001,0.0092648000000000001,-0.0051370000000000001,0.0046991999999999997,-0.0011069000000000001,-0.0036416,-0.0015166000000000003,0.00022250000000000001,-0.00065419999999999996,0.0028530999999999999,-0.0024884,-0.0019706999999999997,-0.0016521000000000001,0.001371,0.00072959999999999995,0.0011574000000000001,0.00025589999999999999,0.00079930000000000018,0.0012049999999999999,-0.00049110000000000017,-0.00036550000000000016,0.00023270000000000018,4.699999999999995e-05,-0.0012707,0.0036771000000000004,-0.0018903000000000001,-0.0026053999999999999,-0.00023410000000000022,-0.00045669999999999988,-0.0012171,-0.0027664999999999999,0.00020350000000000001,-0.0014098000000000001,-0.00048570000000000015,0.00094529999999999983,-0.0005660999999999995,-0.0016031999999999999,0.00030500000000000004,0.0031343000000000005,0.00097679999999999989,-0.00070960000000000001,0.00045419999999999998,0.00047889999999999999,-0.00062480000000000001,0.0020944000000000002,2.8000000000000138e-05,-0.0013741999999999999,0.00033379999999999998,-0.00040200000000000001,0.00057269999999999999,-0.002,-0.002591,-0.0029696000000000002,0.00093050000000000012,-0.0015035000000000001,0.0015295,-0.0039979999999999998,-0.0032793000000000002,0.0034824000000000001,4.4800000000000005e-05,0.00072980000000000007,0.0021460999999999997,-0.0015528999999999999,0.0025644999999999999,0.00032219999999999992,0.0041381000000000005,0.0042544999999999996,-0.0040616000000000003,0.0029878999999999999,-0.0022385,-0.0010568999999999999,0.0025091000000000002,0.0014474000000000002,0.0010057000000000002,-0.0015234999999999999,0.00074580000000000013,0.00065930000000000003,-0.00061600000000000001,0.0007381,-0.0019941,-0.0011620000000000001,-0.00050910000000000007,0.00070640000000000004,0.00027230000000000001,-0.0013481000000000001,-0.00078399999999999997,0.0025472000000000003,0.00032610000000000007,0.00092909999999999998,-0.00091010000000000006,-0.00062389999999999993,0.00068689999999999995,0.0015343000000000002,0.0017569999999999999,-0.0017013000000000004,0.00048059999999999992,7.8400000000000008e-05,0.00027369999999999998,-0.0018693,-0.0003003000000000002,-0.00094989999999999994,0.0016950999999999999,-0.00040280000000000009,0.0011635999999999999,0.00071089999999999977,-0.0016227000000000001,0.00099109999999999997,-0.00033820000000000003,-0.0012140999999999999,0.00010520000000000017,0.0025709000000000001,-0.0020121000000000002,0.00069010000000000002,-0.0011997000000000002,-0.0011648000000000001,0.00026009999999999998,-0.0041154,0.0012046000000000001,0.0019344,-0.0011083000000000002,-0.00014079999999999995,-0.0032488999999999999,0.00040159999999999995,0.00026800000000000001,-0.0003769,0.00015430000000000001,0.00056039999999999996,-0.0040321000000000011,0.0038253000000000002,-0.0018497000000000001,0.0014432,-0.00039990000000000002,0.00038160000000000017,0.00082160000000000013,-0.0029475,0.00094870000000000002,0.0020728999999999999,-0.0026985999999999998,-0.0035926999999999999,0.0057002000000000008,-0.00016379999999999997,0.0056726000000000007,-0.0023100999999999994,0.0015866000000000001,0.0050362000000000002,-0.0050915999999999999,-0.0016184999999999999,-0.0032285000000000005,-0.0036883000000000003,-5.1200000000000052e-05
aug_between_class_right_pair0031_child02,Healthy,0,0,Augmented,0,0,0,0,0,0.31658399999999998,2.0205535999999999,1.0000000000000002e-06,5.9999999999999997e-07,0,1.049633,0,0.027096200000000001,-0.15267120000000001,0.0133242,0.1150386,-0.063370200000000002,0.065120600000000001,-0.018470200000000003,0.0019702000000000001,-0.050369400000000009,-0.050219399999999997,0.34990359999999998,-0.078237000000000001,0.021239399999999999,0.032437800000000003,-0.011063,-0.016764399999999999,0.00012420000000000053,-0.055544200000000002,0.032228600000000003,0.021412799999999999,-0.053175600000000003,-0.0021308000000000008,-0.10165299999999999,0.0011243999999999994,0.040145800000000002,-0.022421,0.021432,0.0053004000000000003,-0.022634600000000001,0.025874399999999999,-0.064765400000000001,-0.016734799999999998,0.054019599999999994,-0.0096177999999999993,0.21240439999999999,-0.055531400000000002,0.0035831999999999991,0.002978199999999999,-0.0017941999999999993,-0.017073000000000001,0.0042129999999999997,0.039045000000000003,0.0024889999999999995,-0.0092046000000000003,-0.0156758,-0.013167199999999999,0.022057,0.019674799999999999,0.0197688,0.017759799999999999,0.0092826000000000037,0.0023044000000000003,0.0041869999999999997,-0.038142200000000001,-0.0033652000000000009,-0.003771200000000001,0.0017224000000000002,0.020511600000000001,-0.1114354,0.00081720000000000056,-0.033470199999999999,-0.0040455999999999982,-0.015637599999999995,-0.0048800000000000007,-0.0030096000000000007,0.0215342,-0.0067752000000000012,0.0073700000000000007,-0.020524999999999998,0.0090184000000000011,0.0036454,-0.0069064,0.007933599999999999,0.0077851999999999999,-0.0076327999999999986,0.0052113999999999997,-0.00017839999999999957,0.0029283999999999994,-0.012161999999999999,-0.0069607999999999996,0.011707,-0.0167934,-0.0022358000000000005,-0.014687000000000002,0.0038020000000000016,0.0085006000000000005,-0.014626799999999999,-0.00096639999999999964,-0.00075020000000000121,-0.0064625999999999989,0.0120754,0.0098021999999999988,0.010502600000000001,0.0082417999999999988,-0.024046600000000001,0.011644800000000002,0.00091260000000000006,-0.0021236000000000002,-0.0035867999999999998,0.0128106,-0.0055960000000000003,-0.0004603999999999997,-0.0014778,0.0022984000000000004,0.0018640000000000006,-0.0022739999999999995,0.0038040000000000001,0.0072829999999999995,0.0045485999999999999,-0.0013156000000000001,0.0088216000000000006,-0.0048986000000000003,0.0062012000000000005,-0.0038590000000000005,0.0116968,-0.00041739999999999995,0.0021290000000000007,0.0023156000000000001,0.0018366000000000007,0.011783800000000001,-0.0123388,-0.0087794000000000014,0.0071902000000000008,0.0029635999999999998,0.001647,-0.0038490000000000009,-0.016771000000000001,-0.0088664,-0.0073385999999999998,-0.0043439999999999998,0.0081366000000000008,-0.00026560000000000006,0.0019935999999999999,0.012463399999999999,-0.0025502000000000003,-0.0033825999999999999,0.002666,-0.0021544000000000003,0.0005445999999999999,-0.00092939999999999993,-0.0051920000000000004,-7.3200000000000045e-05,-0.0010950000000000001,0.0020798000000000001,0.0044235999999999998,0.00026920000000000004,0.0029233999999999996,0.00055880000000000003,0.00052840000000000005,0.0013181999999999996,0.0030004000000000003,-0.00020439999999999976,-0.0013997999999999997,-0.0009456,-0.00019100000000000106,0.0017487999999999996,0.0018026000000000001,-0.0040300000000000006,0.00060679999999999935,-0.0088118000000000016,-0.0021711999999999999,-0.0054716000000000001,0.0021581999999999999,0.0056858000000000004,0.015399799999999998,0.0059430000000000004,-0.0093278000000000007,0.0010376000000000001,0.008702399999999999,-0.0031919999999999995,0.001565,0.00023800000000000036,-0.0054852,-0.00021559999999999982,-0.025112600000000006,0.0054549999999999998,0.0066680000000000003,0.00077260000000000089,0.0074992000000000001,-0.0019530000000000003,-0.0016000000000000001,0.0024956000000000002,0.00040300000000000015,-0.00094699999999999993,-0.0012648000000000004,0.00097999999999999997,-0.0015445999999999999,-0.0026068000000000003,-0.0023671999999999999,0.0032622000000000003,-0.0014758,-0.0046148000000000005,-0.0050913999999999994,0.0044278,-0.00094639999999999991,-0.0027568000000000002,-0.0009722,-0.0011082000000000002,-0.00049759999999999995,-0.0007631999999999999,0.0043990000000000019,-0.001402,-0.0044608,0.0035214000000000001,0.0060622000000000002,-0.00034159999999999995,0.0059530000000000008,0.0056933999999999995,-5.9999999999999941e-05,0.00029639999999999994,0.0010198,-0.0020609999999999999,0.0020699999999999998,0.0047905999999999999,0.0056325999999999998,0.00025580000000000004,-0.0023372000000000002,-0.0035382,0.0027768000000000003,-0.0029780000000000002,0.0021532000000000001,0.0048338000000000001,-0.00016739999999999995,0.0066848000000000003,2.7600000000000237e-05,-0.0018861999999999998,-0.004919999999999999,-0.00041160000000000025,-0.014656199999999998,-0.0025424000000000002,-0.0047414000000000006,0.00077979999999999998,-3.4199999999999639e-05,-0.0031681999999999999,-0.0018074,-0.00080820000000000002,0.0013993999999999999,0.0026764000000000002,-0.0018788000000000001,0.0017937999999999999,-0.0010787999999999998,-0.00057399999999999997,0.0052532000000000004,-0.0025493999999999998,0.00020479999999999999,0.0011304000000000006,9.0200000000000051e-05,-0.00071719999999999998,0.0031983999999999997,-0.0047106000000000006,0.0024754,-0.0023433999999999998,0.00032539999999999999,0.0036129999999999999,-0.0073802,0.0037312000000000005,0.0050943999999999998,-0.00019919999999999964,-0.0018134000000000002,-0.00016140000000000035,0.00070180000000000004,0.0026405999999999999,-0.0011366,0.0024537999999999999,-0.0020252,-0.00075100000000000004,0.0060504,0.00032360000000000001,-0.00035379999999999993,0.0011206,0.0038130000000000004,-0.0023073999999999998,0.0046251999999999995,-0.0018175999999999999,0.0014789999999999998,-0.0045228000000000004,0.0038120000000000003,0.00032219999999999992,0.00060760000000000013,-0.0023048000000000001,-0.00065440000000000008,-0.0021683999999999996,0.0014307999999999999,0.0051339999999999997,0.0039216000000000008,0.0067569999999999991,-0.0093440000000000016,0.0033490000000000004,-0.0015538000000000001,-0.0010710000000000001,0.0025756000000000004,-0.0004863999999999999,-0.00012420000000000004,-0.00081020000000000007,0.00069880000000000007,0.0011149999999999999,-0.00055499999999999994,0.0028176000000000004,0.0025458,-0.0015003999999999998,0.0015371999999999999,-0.0014328000000000001,-0.00022219999999999998,7.2599999999999976e-05,0.0010654,-0.0022858000000000002,0.00052499999999999997,-0.00076439999999999993,-7.3999999999999956e-05,0.00043960000000000001,7.1999999999999799e-05,-0.00065059999999999998,-0.0010051999999999999,-0.00010699999999999989,-0.00050020000000000012,0.00049740000000000049,-0.0032669999999999999,6.6000000000000086e-05,-0.0017377999999999998,0.00056340000000000014,-0.0049338000000000003,-0.0047010000000000003,0.00080259999999999978,0.0013362000000000001,-0.0017585999999999999,0.0033555999999999998,-0.00078720000000000005,0.00017760000000000009,0.0026484000000000004,0.0022616000000000008,0.0010856000000000001,-0.0048466000000000004,0.0050686000000000004,0.0053696000000000004,-0.0027238000000000002,-0.00088900000000000003,0.0016998000000000002,-0.0014114000000000002,0.0047284000000000007,-0.0027326,0.0024216000000000003,0.0033026000000000002,-0.00052899999999999996,0.0016676000000000004,-0.0037680000000000001,0.0065526000000000004,0.0090296000000000005,-0.0051860000000000005,0.0044983999999999996,-0.00099080000000000001,-0.0037932,-0.0013792000000000001,0.00021599999999999999,-0.00046039999999999992,0.0029072000000000004,-0.0022158000000000004,-0.0018863999999999999,-0.0015542000000000002,0.001212,0.00068420000000000004,0.0010848000000000001,0.00025280000000000002,0.0009046000000000002,0.0010740000000000001,-0.00029320000000000024,-0.00031900000000000006,4.9400000000000225e-05,6.5000000000000008e-05,-0.0010624,0.0036212000000000006,-0.0018786000000000002,-0.0024448,-0.00033220000000000005,-0.00028139999999999996,-0.0013971999999999999,-0.0025349999999999999,0.00016499999999999997,-0.0010716,-0.00069640000000000001,0.0008925999999999999,-0.00025519999999999991,-0.0016714,0.00024800000000000007,0.0030446000000000006,0.0010836000000000001,-0.0010712,0.00055840000000000002,0.00060179999999999977,-0.00064859999999999994,0.0021258000000000002,0.00027400000000000015,-0.0012493999999999999,0.00037259999999999984,-0.00065300000000000004,0.00072340000000000002,-0.001699,-0.0026060000000000002,-0.0027872000000000001,0.00075100000000000004,-0.001291,0.0014530000000000001,-0.004333,-0.003403600000000001,0.0034037999999999998,-0.00014839999999999992,0.0011666000000000003,0.0021031999999999999,-0.0014038,0.0031019999999999997,0.00013139999999999983,0.0041451999999999999,0.0044190000000000002,-0.0039532000000000005,0.0027548,-0.0021270000000000004,-0.0010707999999999998,0.0022842000000000001,0.0019858000000000002,0.00063340000000000011,-0.0019610000000000001,0.00068659999999999999,0.00057459999999999998,-0.000522,0.00083620000000000005,-0.0018442000000000005,-0.0011620000000000001,-0.00058820000000000009,0.0008288000000000002,0.0003056,-0.0012742000000000001,-0.00077699999999999991,0.0022044,0.00039620000000000009,0.00082620000000000002,-0.00083619999999999994,-0.0004988000000000002,0.00058180000000000005,0.0012956000000000001,0.0017000000000000001,-0.0015426000000000003,0.00049120000000000001,0.00015980000000000004,0.0002314000000000001,-0.0015956000000000004,-0.00027459999999999995,-0.0010708,0.0014872000000000002,-0.0006196000000000001,0.0012812000000000001,0.00082879999999999976,-0.0014954000000000002,0.00087519999999999991,-0.00047040000000000005,-0.0012502000000000001,0.00029940000000000012,0.0023468000000000004,-0.0016861999999999999,0.00062319999999999986,-0.0013394000000000001,-0.0012886,0.00046719999999999997,-0.0038788000000000004,0.0013071999999999999,0.0019518000000000003,-0.00083960000000000003,-0.0002006,-0.0030168,0.00025619999999999999,-7.4999999999999953e-05,-0.0002988,0.00041760000000000007,0.0012757999999999999,-0.0037752000000000007,0.0036176000000000003,-0.0020944000000000002,0.0012304,-0.00038480000000000014,-4.5799999999999704e-05,0.00090320000000000016,-0.0030149999999999999,0.00069740000000000015,0.0022418000000000004,-0.0027091999999999997,-0.0034323999999999999,0.0054974000000000004,-0.0002006,0.0055402000000000003,-0.0021971999999999998,0.0015062000000000001,0.0052354000000000003,-0.0048832000000000007,-0.0018079999999999999,-0.0032710000000000005,-0.0037986000000000001,-0.00021740000000000019
aug_between_class_right_pair0031_child03,Healthy,0,0,Augmented,0,0,0,0,0,0.31542249999999999,1.9995413999999998,9.9999999999999995e-07,3.9999999999999977e-07,0,1.0286454999999999,4.1359030627651384e-25,0.030622299999999998,-0.15103179999999999,0.014327800000000002,0.1182424,-0.0698048,0.069814899999999999,-0.020101299999999996,0.0025283000000000003,-0.048611100000000004,-0.056977600000000003,0.34708240000000001,-0.079493999999999995,0.019617099999999995,0.034144700000000007,-0.012785499999999998,-0.016734099999999998,-0.00027320000000000035,-0.055520800000000002,0.033218899999999996,0.023059700000000002,-0.051944400000000002,-0.0018236999999999997,-0.097875999999999991,0.0018326000000000002,0.041355700000000002,-0.023470000000000001,0.022212000000000003,0.0048506000000000001,-0.026020400000000003,0.028177599999999997,-0.0662021,-0.019359700000000004,0.054380900000000003,-0.012722199999999999,0.2094596,-0.056239600000000001,0.0041503,0.002447299999999999,-0.0022412999999999999,-0.016681000000000001,0.0055684999999999997,0.039764500000000001,0.0025069999999999984,-0.010207899999999999,-0.015554700000000001,-0.0142358,0.022275999999999997,0.019901200000000001,0.018812699999999998,0.0183222,0.0067104,0.0012501000000000001,0.0042605000000000004,-0.037223300000000001,-0.0045083000000000015,-0.0022738000000000007,0.0033986000000000003,0.021576900000000003,-0.1086081,1.0800000000000046e-05,-0.031996299999999998,-0.0053129000000000023,-0.016281399999999994,-0.0045645,-0.0022873999999999998,0.020562299999999999,-0.0070792999999999993,0.0068675000000000003,-0.019584499999999998,0.0087320999999999996,0.0029526000000000005,-0.0067275999999999994,0.0082153999999999994,0.0071367999999999996,-0.0075162000000000007,0.0055735999999999997,0.00014590000000000176,0.0028306,-0.011004,-0.0067631999999999996,0.012493500000000001,-0.016532600000000001,-0.0020982000000000006,-0.015053,0.0028345000000000002,0.0082059000000000003,-0.014301700000000001,-0.0019781,-0.0014427999999999993,-0.0060728999999999991,0.0125606,0.0110838,0.010325899999999999,0.0101057,-0.022324400000000001,0.0114967,0.00093190000000000005,-0.0020349000000000001,-0.0032572,0.0121444,-0.0054914999999999999,-0.00046660000000000017,-0.0014432,0.0026486000000000005,0.001916999999999999,-0.0027065000000000006,0.0036735000000000005,0.00726,0.0038008999999999994,-0.00093639999999999999,0.0091033999999999993,-0.0044289000000000004,0.0054013000000000004,-0.0042395000000000002,0.0114082,-0.00083960000000000024,0.0019869999999999992,0.0029323999999999999,0.0019283999999999994,0.011267699999999999,-0.0106982,-0.0084866000000000004,0.0054798000000000008,0.0026299000000000001,0.0028600000000000006,-0.0033224999999999999,-0.016018000000000001,-0.0093320999999999994,-0.0076974000000000001,-0.0054680000000000006,0.0063609000000000009,0.00057609999999999996,0.00091139999999999993,0.011084099999999998,-0.0020493,-0.0031678999999999995,0.0026925,-0.0018765999999999998,0.00075489999999999997,-0.00085859999999999994,-0.0052910000000000006,-0.00013830000000000005,-0.0008454999999999999,0.0020181999999999999,0.0039278999999999998,0.00019980000000000019,0.0033740999999999997,0.00042969999999999998,0.00046109999999999944,0.0011742999999999999,0.0025456000000000003,-0.00021460000000000012,-0.0015407000000000007,-0.00082290000000000011,0.00034200000000000029,0.0018507,0.0014463999999999998,-0.0037860000000000003,-0.00031480000000000071,-0.0091766999999999994,-0.0017863,-0.0050713999999999993,0.0020118000000000002,0.0053482,0.015083199999999998,0.0057609999999999996,-0.0086627000000000006,0.00043340000000000023,0.0082880999999999996,-0.0030619999999999996,0.001464,0.0016120000000000006,-0.0058583000000000003,-0.00028439999999999976,-0.0247269,0.0058260000000000004,0.0065159999999999992,0.00058090000000000051,0.0079018000000000005,-0.0016435,-0.0014615000000000001,0.0022723999999999999,0.00055999999999999973,-0.00050650000000000001,-0.00089619999999999934,0.00074499999999999989,-0.0014063999999999999,-0.0024137,-0.0021993000000000004,0.0031873000000000001,-0.0017697000000000001,-0.0049722000000000004,-0.0048660999999999999,0.0040016999999999995,-0.00055409999999999997,-0.0029051999999999993,-0.00054329999999999992,-0.0007562999999999999,-0.00029390000000000015,-0.00092479999999999949,0.0037745000000000005,-0.0017005000000000002,-0.0043372000000000003,0.0042036,0.0061697999999999996,-0.00024440000000000009,0.0053110000000000006,0.0055050999999999998,-8.5500000000000072e-05,0.00041360000000000008,0.00041269999999999979,-0.0012129999999999999,0.0022664999999999994,0.0055163999999999994,0.0058769,-0.00010430000000000031,-0.0022767999999999998,-0.0032477999999999995,0.0030607,-0.0026025000000000002,0.0027368000000000002,0.0040927000000000003,0.00029840000000000031,0.0059781999999999986,-6.510000000000001e-05,-0.0017757999999999997,-0.0046525000000000004,0.00027610000000000048,-0.013816299999999997,-0.0016281000000000004,-0.0044286000000000004,0.00092820000000000012,-0.00018979999999999995,-0.0032857999999999993,-0.0016890999999999998,-0.00099480000000000011,0.0012775999999999998,0.0025720999999999999,-0.0019062,0.0016291999999999995,-0.00087769999999999992,-0.00068149999999999981,0.0052373000000000003,-0.0025840999999999998,0.00041119999999999997,0.00091859999999999989,0.00050880000000000012,-0.00074779999999999985,0.0033375999999999996,-0.0047679000000000003,0.0024395999999999997,-0.0020800999999999997,-5.5900000000000004e-05,0.0034859999999999999,-0.0074217999999999992,0.0036287999999999997,0.0045110999999999997,-0.00047329999999999985,-0.0018606,4.4399999999999995e-05,0.00079070000000000008,0.0029518999999999999,-0.0012584,0.0022071999999999999,-0.0019688000000000002,-0.00044699999999999991,0.0059451,0.0005109,-0.00015869999999999993,0.0011849,0.0040904999999999995,-0.0028451000000000001,0.0041857999999999999,-0.0021559000000000001,0.0015540000000000003,-0.0039372000000000001,0.004058,0.00025429999999999984,9.8999999999999696e-06,-0.0023316999999999999,-0.00056559999999999965,-0.0026275999999999999,0.0010522000000000001,0.0049659999999999999,0.0041723999999999997,0.0062584999999999984,-0.0093600000000000003,0.0034990000000000004,-0.0014417,-0.00074349999999999991,0.0024188999999999999,-0.00042109999999999977,-0.00010530000000000007,-0.00073829999999999989,0.00058619999999999994,0.00088350000000000006,-0.00051650000000000003,0.0026164000000000001,0.0025106999999999994,-0.0011121,0.0015038,-0.0012727000000000001,-0.00027680000000000001,0.00020639999999999992,0.00086660000000000014,-0.001944199999999999,0.0006625,-0.00063859999999999991,-0.00011050000000000003,0.00059840000000000002,-8.500000000000044e-06,-0.0007444000000000001,-0.00080130000000000012,-1.6499999999999913e-05,-9.1300000000000105e-05,0.00057260000000000015,-0.0034319999999999997,-0.00012350000000000013,-0.0017466999999999999,0.00041609999999999998,-0.0046192000000000004,-0.0046829999999999997,0.00055889999999999976,0.00096729999999999971,-0.0016853999999999997,0.0032959,-0.0010747999999999999,-1.9599999999999934e-05,0.0026240999999999999,0.0019099000000000004,0.0011704,-0.0046753999999999997,0.0049004000000000001,0.0051324000000000005,-0.0023576999999999999,-0.00054100000000000014,0.0017562000000000001,-0.0019721000000000001,0.0051155999999999997,-0.0025649000000000002,0.0017779,0.0030793999999999999,-0.00040749999999999998,0.0019269000000000001,-0.0034809999999999997,0.0059383999999999999,0.0087943999999999991,-0.0052350000000000001,0.0042975999999999995,-0.00087469999999999996,-0.0039448,-0.0012417999999999999,0.0002095,-0.00026659999999999987,0.0029612999999999996,-0.0019432000000000004,-0.0018020999999999996,-0.0014563,0.0010529999999999999,0.00063879999999999991,0.0010122,0.0002497,0.0010098999999999998,0.00094299999999999983,-9.530000000000004e-05,-0.00027249999999999996,-0.00013390000000000016,8.3000000000000012e-05,-0.00085410000000000021,0.0035653000000000004,-0.0018669000000000001,-0.0022841999999999997,-0.00043029999999999989,-0.00010609999999999992,-0.0015773,-0.0023035,0.00012650000000000001,-0.00073339999999999994,-0.00090710000000000009,0.00083989999999999976,5.5700000000000324e-05,-0.0017396,0.00019100000000000009,0.0029548999999999999,0.0011903999999999999,-0.0014327999999999997,0.00066259999999999995,0.0007247,-0.00067239999999999997,0.0021572000000000002,0.00052000000000000006,-0.0011245999999999999,0.00041139999999999992,-0.00090400000000000007,0.00087410000000000005,-0.0013980000000000002,-0.0026210000000000001,-0.0026048,0.00057149999999999996,-0.0010785,0.0013764999999999999,-0.0046680000000000003,-0.0035279,0.0033251999999999999,-0.00034160000000000006,0.0016034000000000003,0.0020602999999999997,-0.0012547000000000001,0.0036394999999999995,-5.9400000000000034e-05,0.0041522999999999994,0.0045834999999999999,-0.0038448000000000002,0.0025217,-0.0020154999999999999,-0.0010847000000000001,0.0020593,0.0025242000000000003,0.00026110000000000022,-0.0023984999999999996,0.00062739999999999996,0.00048989999999999993,-0.00042800000000000005,0.0009343000000000001,-0.0016942999999999999,-0.0011620000000000001,-0.00066730000000000001,0.00095120000000000014,0.0003389,-0.0012003000000000001,-0.00077000000000000007,0.0018616000000000001,0.00046629999999999968,0.00072329999999999985,-0.00076229999999999994,-0.00037370000000000003,0.00047669999999999993,0.0010568999999999999,0.0016429999999999999,-0.0013839,0.00050179999999999995,0.00024120000000000001,0.00018909999999999988,-0.0013219,-0.00024889999999999992,-0.0011917,0.0012792999999999997,-0.00083640000000000006,0.0013987999999999997,0.00094669999999999954,-0.0013680999999999999,0.00075929999999999986,-0.00060260000000000001,-0.0012863,0.00049360000000000018,0.0021226999999999999,-0.0013603000000000001,0.00055629999999999992,-0.0014791000000000001,-0.0014124000000000001,0.00067430000000000007,-0.0036422000000000004,0.0014097999999999999,0.0019691999999999995,-0.00057089999999999984,-0.00026039999999999961,-0.0027847000000000002,0.00011079999999999993,-0.00041799999999999997,-0.0002207,0.0006808999999999998,0.0019911999999999998,-0.0035182999999999998,0.0034098999999999996,-0.0023391000000000002,0.0010176,-0.00036970000000000004,-0.00047319999999999979,0.00098479999999999987,-0.0030824999999999997,0.00044609999999999995,0.0024107,-0.0027197999999999996,-0.0032721,0.0052946,-0.00023740000000000002,0.0054078000000000008,-0.0020842999999999994,0.0014258000000000001,0.0054345999999999995,-0.0046747999999999998,-0.0019974999999999997,-0.0033135000000000005,-0.0039088999999999999,-0.0003836
aug_between_class_right_pair0031_child04,Healthy,0,0,Augmented,0,0,0,0,0,0.31426100000000001,1.9785291999999999,9.9999999999999995e-07,1.9999999999999989e-07,0,1.0076579999999999,0,0.034148399999999995,-0.14939240000000001,0.015331400000000002,0.1214462,-0.076239399999999999,0.074509199999999998,-0.021732399999999999,0.0030864,-0.0468528,-0.063735800000000009,0.34426119999999999,-0.080751000000000003,0.017994799999999998,0.035851600000000004,-0.014508000000000004,-0.016703799999999998,-0.00067059999999999993,-0.055497400000000002,0.034209199999999995,0.024706600000000002,-0.0507132,-0.0015166000000000003,-0.094099000000000002,0.002540800000000001,0.042565600000000002,-0.024518999999999999,0.022991999999999999,0.0044008000000000007,-0.0294062,0.030480799999999999,-0.067638799999999999,-0.0219846,0.054742199999999998,-0.0158266,0.2065148,-0.0569478,0.0047174000000000001,0.0019163999999999991,-0.0026884000000000005,-0.016289000000000001,0.0069240000000000005,0.040483999999999999,0.002524999999999999,-0.011211200000000001,-0.0154336,-0.015304399999999999,0.022494999999999998,0.020127599999999999,0.0178566,0.018884600000000001,0.0041382000000000016,0.00019579999999999945,0.0043339999999999993,-0.036304400000000001,-0.0056514000000000009,-0.00077640000000000001,0.0050748000000000008,0.022642200000000001,-0.10578079999999999,-0.00079559999999999961,-0.030522399999999998,-0.0065801999999999996,-0.016925199999999994,-0.0042490000000000002,-0.0015651999999999999,0.019590400000000001,-0.0073833999999999992,0.006365,-0.018644000000000001,0.0084457999999999998,0.0022598000000000002,-0.0065488000000000005,0.0084971999999999999,0.0064884000000000001,-0.007399600000000001,0.0059357999999999998,0.00047020000000000048,0.0027327999999999996,-0.0098460000000000006,-0.0065655999999999996,0.01328,-0.016271799999999999,-0.0019605999999999998,-0.015419000000000002,0.0018670000000000006,0.0079112000000000002,-0.0139766,-0.0029897999999999999,-0.0021354000000000008,-0.0056832000000000002,0.0130458,0.0123654,0.010149199999999999,0.011969600000000002,-0.020602200000000001,0.0113486,0.00095120000000000003,-0.0019461999999999999,-0.0029276000000000003,0.011478199999999999,-0.0053870000000000003,-0.00047280000000000022,-0.0014085999999999999,0.0029988000000000003,0.00197,-0.0031390000000000003,0.0035429999999999997,0.0072370000000000004,0.0030531999999999994,-0.00055719999999999988,0.0093851999999999998,-0.0039592000000000004,0.0046014000000000003,-0.0046200000000000008,0.0111196,-0.0012618000000000002,0.0018450000000000012,0.0035491999999999998,0.0020201999999999998,0.0107516,-0.009057599999999999,-0.0081937999999999993,0.0037693999999999996,0.0022962,0.0040730000000000002,-0.0027959999999999999,-0.015265000000000001,-0.0097978000000000006,-0.0080561999999999995,-0.0065920000000000006,0.0045852000000000011,0.0014177999999999999,-0.00017080000000000038,0.0097047999999999978,-0.0015483999999999999,-0.0029532,0.0027190000000000001,-0.0015988000000000003,0.00096519999999999993,-0.00078780000000000018,-0.0053899999999999998,-0.00020340000000000007,-0.00059600000000000018,0.0019566000000000002,0.0034321999999999994,0.00013040000000000013,0.0038247999999999997,0.00030059999999999999,0.00039379999999999971,0.0010304000000000001,0.0020908000000000003,-0.00022480000000000004,-0.0016816000000000001,-0.00070019999999999978,0.00087499999999999991,0.0019526000000000001,0.0010901999999999997,-0.0035420000000000004,-0.0012364000000000008,-0.0095416000000000008,-0.0014014000000000001,-0.0046711999999999995,0.0018654000000000001,0.0050106000000000005,0.0147666,0.0055789999999999998,-0.0079976000000000005,-0.00017080000000000003,0.0078738000000000002,-0.0029319999999999988,0.0013629999999999998,0.0029860000000000008,-0.0062313999999999998,-0.00035319999999999991,-0.0243412,0.0061970000000000003,0.0063639999999999999,0.00038920000000000014,0.0083044,-0.0013340000000000001,-0.001323,0.0020492000000000002,0.00071700000000000019,-6.6000000000000086e-05,-0.00052759999999999981,0.00050999999999999982,-0.0012681999999999999,-0.0022206000000000001,-0.0020314,0.0031124,-0.0020636000000000001,-0.0053296000000000003,-0.0046407999999999996,0.0035756000000000004,-0.0001617999999999997,-0.0030536000000000001,-0.00011440000000000007,-0.00040439999999999986,-9.0199999999999916e-05,-0.0010864,0.0031500000000000005,-0.0019990000000000003,-0.0042136000000000005,0.0048857999999999992,0.0062773999999999998,-0.00014720000000000011,0.0046690000000000004,0.0053168,-0.00011099999999999999,0.0005308,-0.00019439999999999995,-0.00036499999999999976,0.0024629999999999999,0.006242199999999999,0.0061212000000000003,-0.00046440000000000023,-0.0022163999999999999,-0.0029573999999999998,0.0033446000000000001,-0.0022269999999999998,0.0033203999999999998,0.0033515999999999997,0.00076420000000000014,0.0052715999999999996,-0.00015780000000000004,-0.0016653999999999996,-0.0043849999999999991,0.00096380000000000033,-0.012976399999999999,-0.00071379999999999968,-0.0041158000000000002,0.0010766,-0.00034539999999999994,-0.0034033999999999996,-0.0015707999999999998,-0.0011814,0.0011558,0.0024677999999999996,-0.0019336000000000004,0.0014645999999999999,-0.00067659999999999964,-0.00078899999999999999,0.0052214000000000002,-0.0026187999999999997,0.00061760000000000005,0.00070680000000000027,0.00092740000000000032,-0.00077839999999999995,0.0034767999999999999,-0.0048252,0.0024037999999999998,-0.0018168000000000001,-0.00043719999999999978,0.003359,-0.0074634000000000002,0.0035263999999999998,0.0039277999999999995,-0.00074740000000000006,-0.0019077999999999999,0.0002501999999999999,0.00087960000000000013,0.0032632,-0.0013801999999999998,0.0019605999999999998,-0.0019124000000000001,-0.0001429999999999999,0.0058398,0.00069819999999999995,3.6400000000000045e-05,0.0012492,0.0043680000000000004,-0.0033828,0.0037464,-0.0024942000000000002,0.0016290000000000002,-0.0033516000000000002,0.0043040000000000005,0.00018640000000000019,-0.00058779999999999998,-0.0023585999999999998,-0.0004768000000000001,-0.0030867999999999998,0.00067360000000000011,0.0047980000000000002,0.0044231999999999995,0.0057599999999999995,-0.0093760000000000007,0.0036490000000000003,-0.0013296,-0.00041599999999999976,0.0022621999999999998,-0.00035579999999999987,-8.640000000000004e-05,-0.00066639999999999994,0.00047359999999999991,0.0006519999999999998,-0.00047799999999999991,0.0024152000000000002,0.0024756000000000001,-0.00072379999999999992,0.0014704,-0.0011126,-0.00033140000000000003,0.00034019999999999992,0.00066780000000000008,-0.0016025999999999994,0.00079999999999999993,-0.00051279999999999989,-0.000147,0.00075719999999999997,-8.9000000000000103e-05,-0.00083819999999999988,-0.0005974000000000001,7.4000000000000064e-05,0.00031760000000000002,0.00064780000000000024,-0.0035969999999999999,-0.00031300000000000002,-0.0017556,0.00026880000000000003,-0.0043046000000000004,-0.0046650000000000007,0.00031519999999999975,0.0005983999999999998,-0.0016121999999999998,0.0032361999999999998,-0.0013623999999999999,-0.00021680000000000001,0.0025998000000000002,0.0015582,0.0012551999999999999,-0.0045042000000000007,0.0047321999999999998,0.0048952000000000006,-0.0019916000000000001,-0.00019299999999999989,0.0018125999999999999,-0.0025328000000000004,0.0055028000000000004,-0.0023972000000000004,0.0011341999999999999,0.0028562000000000001,-0.0002859999999999999,0.0021862000000000001,-0.0031940000000000002,0.0053242000000000003,0.0085591999999999994,-0.0052840000000000005,0.0040967999999999994,-0.0007585999999999999,-0.0040964,-0.0011044000000000002,0.000203,-7.2799999999999926e-05,0.0030154000000000001,-0.0016705999999999999,-0.0017177999999999998,-0.0013584000000000001,0.00089399999999999983,0.0005933999999999999,0.00093959999999999996,0.00024660000000000003,0.0011152000000000002,0.00081199999999999979,0.00010259999999999992,-0.00022599999999999996,-0.0003171999999999999,0.00010099999999999991,-0.00064580000000000008,0.0035094000000000002,-0.0018552000000000002,-0.0021235999999999998,-0.00052839999999999994,6.9200000000000056e-05,-0.0017573999999999999,-0.0020720000000000001,8.7999999999999998e-05,-0.00039519999999999985,-0.0011178,0.00078720000000000005,0.00036660000000000035,-0.0018078,0.000134,0.0028652,0.0012971999999999999,-0.0017943999999999994,0.00076679999999999999,0.00084760000000000011,-0.00069620000000000001,0.0021886000000000002,0.0007660000000000004,-0.00099979999999999991,0.00045019999999999999,-0.0011550000000000002,0.0010248,-0.0010970000000000001,-0.0026359999999999999,-0.0024223999999999999,0.00039199999999999999,-0.00086600000000000002,0.0012999999999999999,-0.0050029999999999996,-0.0036522,0.0032466000000000001,-0.0005348000000000001,0.0020402000000000003,0.0020173999999999999,-0.0011056,0.0041770000000000002,-0.00025020000000000012,0.0041593999999999997,0.0047479999999999996,-0.0037364,0.0022886,-0.0019039999999999999,-0.0010985999999999999,0.0018343999999999999,0.0030626000000000008,-0.00011119999999999967,-0.002836,0.00056820000000000004,0.00040519999999999998,-0.00033399999999999999,0.0010323999999999999,-0.0015444,-0.0011620000000000001,-0.00074640000000000014,0.0010736000000000001,0.00037220000000000005,-0.0011264000000000001,-0.00076300000000000001,0.0015188000000000003,0.00053640000000000014,0.00062039999999999979,-0.00068839999999999993,-0.00024859999999999997,0.00037159999999999987,0.00081820000000000005,0.001586,-0.0012252000000000001,0.00051239999999999988,0.00032260000000000009,0.00014679999999999988,-0.0010482,-0.0002231999999999999,-0.0013125999999999999,0.0010713999999999999,-0.0010532,0.0015164,0.0010646000000000002,-0.0012408,0.00064339999999999981,-0.00073480000000000008,-0.0013224000000000003,0.00068780000000000024,0.0018986000000000003,-0.0010344,0.00048939999999999997,-0.0016188000000000001,-0.0015362000000000002,0.00088140000000000007,-0.0034056000000000004,0.0015124000000000001,0.0019865999999999998,-0.00030219999999999997,-0.00032020000000000009,-0.0025526000000000004,-3.4600000000000028e-05,-0.00076099999999999996,-0.00014259999999999994,0.00094420000000000018,0.0027066,-0.0032614000000000002,0.0032021999999999997,-0.0025838000000000002,0.00080479999999999994,-0.00035459999999999995,-0.00090059999999999977,0.0010664000000000001,-0.00315,0.00019479999999999986,0.0025796,-0.0027304,-0.0031117999999999996,0.0050917999999999996,-0.00027420000000000005,0.0052754000000000004,-0.0019713999999999999,0.0013454000000000001,0.0056338000000000004,-0.0044663999999999997,-0.0021869999999999997,-0.0033560000000000005,-0.0040192000000000005,-0.00054980000000000003
aug_between_class_right_pair0031_child05,TLE,1,1,Augmented,0,0,0,0,0,0.31193799999999999,1.9365048,9.9999999999999995e-07,-1.9999999999999999e-07,0,0.96568299999999996,0,0.041200599999999997,-0.14611360000000001,0.017338600000000003,0.12785379999999999,-0.089108599999999996,0.083897799999999995,-0.024994599999999999,0.0042025999999999999,-0.043336200000000005,-0.077252199999999993,0.3386188,-0.083264999999999992,0.014750200000000002,0.039265400000000006,-0.017952999999999997,-0.0166432,-0.0014653999999999997,-0.055450600000000003,0.036189800000000001,0.028000400000000002,-0.048250800000000003,-0.00090240000000000068,-0.086544999999999997,0.003957200000000001,0.044985400000000002,-0.026617000000000002,0.024551999999999997,0.0035012000000000003,-0.036177799999999996,0.035087199999999999,-0.070512199999999997,-0.027234399999999995,0.055464800000000002,-0.022035399999999997,0.2006252,-0.058364200000000005,0.0058516000000000002,0.00085460000000000006,-0.0035826,-0.015505000000000001,0.0096349999999999977,0.041923000000000002,0.0025609999999999986,-0.013217799999999998,-0.015191400000000001,-0.017441599999999998,0.022933000000000002,0.020580399999999999,0.015944399999999997,0.0200094,-0.001006199999999997,-0.0019127999999999997,0.0044809999999999989,-0.0344666,-0.0079375999999999995,0.0022183999999999997,0.008427200000000001,0.024772800000000001,-0.1001262,-0.0024083999999999989,-0.027574600000000001,-0.0091147999999999993,-0.018212799999999994,-0.0036180000000000001,-0.00012080000000000028,0.017646599999999998,-0.007991599999999998,0.0053600000000000002,-0.016763,0.0078732000000000003,0.00087420000000000032,-0.0061911999999999991,0.0090607999999999991,0.0051916000000000002,-0.0071663999999999999,0.0066601999999999998,0.0011188000000000005,0.0025371999999999994,-0.0075300000000000002,-0.0061703999999999995,0.014853000000000002,-0.015750199999999999,-0.0016854000000000001,-0.016150999999999999,-6.7999999999999051e-05,0.0073218000000000007,-0.0133264,-0.0050131999999999998,-0.0035206000000000005,-0.0049037999999999981,0.014016200000000001,0.0149286,0.0097958000000000003,0.0156974,-0.017157800000000001,0.011052400000000002,0.00098979999999999988,-0.0017688000000000001,-0.0022684000000000003,0.0101458,-0.0051780000000000003,-0.00048519999999999987,-0.0013394000000000001,0.0036992000000000001,0.0020760000000000002,-0.0040039999999999997,0.0032820000000000002,0.0071910000000000003,0.0015577999999999998,0.00020119999999999979,0.0099488000000000007,-0.0030198000000000004,0.003001600000000001,-0.0053810000000000004,0.0105424,-0.0021061999999999999,0.0015609999999999999,0.0047828000000000002,0.0022037999999999997,0.0097194000000000013,-0.005776400000000001,-0.0076081999999999999,0.00034860000000000099,0.0016287999999999997,0.0064989999999999996,-0.0017430000000000002,-0.013759,-0.010729200000000001,-0.0087738,-0.0088400000000000006,0.0010338000000000016,0.0031011999999999997,-0.0023351999999999999,0.0069461999999999996,-0.00054660000000000038,-0.0025238000000000001,0.0027719999999999997,-0.0010432000000000002,0.0013858,-0.0006462000000000002,-0.0055880000000000001,-0.0003336000000000003,-9.6999999999999864e-05,0.0018334000000000002,0.0024407999999999999,-8.3999999999999873e-06,0.0047261999999999998,4.2400000000000028e-05,0.00025920000000000023,0.00074260000000000016,0.0011812000000000001,-0.00024520000000000011,-0.0019633999999999997,-0.0004548,0.001941,0.0021563999999999997,0.00037780000000000008,-0.0030540000000000003,-0.0030796,-0.0102714,-0.00063159999999999996,-0.0038707999999999998,0.0015726000000000002,0.0043353999999999997,0.014133400000000001,0.005215,-0.0066674000000000004,-0.0013791999999999995,0.0070451999999999997,-0.0026719999999999999,0.0011609999999999999,0.0057340000000000004,-0.0069776000000000005,-0.0004908,-0.023569800000000002,0.0069389999999999999,0.0060600000000000003,5.8000000000011168e-06,0.0091096000000000007,-0.00071500000000000025,-0.0010460000000000001,0.0016028000000000001,0.0010309999999999994,0.00081499999999999975,0.00020959999999999967,3.9999999999999834e-05,-0.00099179999999999993,-0.0018344000000000001,-0.0016956000000000004,0.0029626000000000001,-0.0026513999999999999,-0.0060443999999999993,-0.0041901999999999998,0.0027234,0.00062279999999999996,-0.0033503999999999995,0.00074339999999999986,0.0002993999999999999,0.00031720000000000012,-0.0014095999999999996,0.0019010000000000008,-0.0025959999999999998,-0.0039664000000000001,0.0062501999999999992,0.0064926000000000003,4.7199999999999846e-05,0.003385,0.0049401999999999996,-0.00016200000000000009,0.00076520000000000006,-0.0014086000000000003,0.0013309999999999997,0.002856,0.0076937999999999989,0.0066097999999999999,-0.0011845999999999998,-0.0020956,-0.0023765999999999995,0.0039123999999999999,-0.0014760000000000003,0.0044875999999999996,0.0018694000000000004,0.0016958000000000001,0.0038583999999999997,-0.00034319999999999989,-0.0014446000000000003,-0.0038499999999999993,0.0023391999999999996,-0.0112966,0.0011147999999999991,-0.0034902000000000006,0.0013734000000000001,-0.00065659999999999981,-0.0036385999999999996,-0.0013342,-0.0015545999999999999,0.00091219999999999995,0.0022591999999999998,-0.0019884000000000004,0.0011354000000000004,-0.00027440000000000016,-0.0010039999999999999,0.0051896000000000008,-0.0026882,0.0010303999999999999,0.00028320000000000016,0.0017646000000000001,-0.00083960000000000003,0.0037551999999999998,-0.0049398000000000003,0.0023321999999999996,-0.0012902,-0.0011997999999999998,0.0031050000000000001,-0.0075466000000000005,0.0033216000000000001,0.0027612000000000001,-0.0012956000000000001,-0.0020022,0.00066179999999999971,0.0010574,0.0038858,-0.0016237999999999999,0.0014674,-0.0017996000000000002,0.00046499999999999992,0.0056292,0.0010728000000000001,0.00042659999999999996,0.0013778,0.0049230000000000003,-0.0044581999999999998,0.0028676000000000001,-0.0031707999999999997,0.0017790000000000002,-0.0021804000000000003,0.0047959999999999999,5.0600000000000037e-05,-0.0017831999999999995,-0.0024124000000000003,-0.00029920000000000012,-0.0040051999999999996,-8.3599999999999864e-05,0.0044619999999999998,0.0049248,0.0047629999999999999,-0.0094079999999999997,0.0039490000000000003,-0.0011054000000000001,0.00023900000000000012,0.0019488000000000001,-0.00022519999999999984,-4.8599999999999989e-05,-0.00052260000000000002,0.00024840000000000002,0.00018899999999999993,-0.00040099999999999999,0.0020127999999999999,0.0024053999999999998,5.2799999999999928e-05,0.0014036000000000001,-0.00079239999999999996,-0.00044060000000000003,0.00060779999999999992,0.00027020000000000006,-0.00091939999999999969,0.001075,-0.0002611999999999999,-0.00022000000000000003,0.0010747999999999999,-0.00025000000000000011,-0.0010257999999999999,-0.00018960000000000027,0.00025500000000000002,0.0011353999999999997,0.00079820000000000021,-0.0039269999999999999,-0.00069199999999999991,-0.0017734000000000001,-2.5799999999999977e-05,-0.0036754000000000001,-0.0046290000000000003,-0.00017220000000000017,-0.00013939999999999981,-0.0014658000000000002,0.0031167999999999999,-0.0019375999999999998,-0.00061119999999999989,0.0025512,0.00085480000000000039,0.0014247999999999999,-0.0041618000000000002,0.0043958000000000001,0.0044207999999999999,-0.0012594000000000001,0.00050299999999999976,0.0019254000000000001,-0.0036542000000000002,0.0062772000000000001,-0.0020618000000000004,-0.00015319999999999982,0.0024098000000000001,-4.3000000000000069e-05,0.0027047999999999994,-0.0026199999999999999,0.0040958000000000001,0.0080888000000000002,-0.0053819999999999996,0.0036952,-0.00052639999999999978,-0.0043996,-0.0008296,0.00018999999999999998,0.00031480000000000006,0.0031235999999999998,-0.0011254000000000001,-0.0015491999999999999,-0.0011626,0.00057599999999999991,0.00050259999999999997,0.00079440000000000001,0.00024039999999999999,0.0013258000000000002,0.00055000000000000003,0.00049839999999999986,-0.00013299999999999987,-0.00068379999999999982,0.00013699999999999997,-0.00022920000000000037,0.0033976000000000002,-0.0018318,-0.0018024000000000002,-0.00072459999999999983,0.00041980000000000001,-0.0021175999999999999,-0.0016090000000000002,1.1000000000000001e-05,0.0002811999999999999,-0.0015392000000000001,0.0006818000000000002,0.00098839999999999996,-0.0019442000000000001,2.0000000000000052e-05,0.0026858000000000003,0.0015107999999999999,-0.0025175999999999996,0.00097519999999999996,0.0010934,-0.00074379999999999997,0.0022514000000000002,0.001258,-0.00075020000000000002,0.00052779999999999993,-0.0016569999999999998,0.0013262,-0.00049500000000000021,-0.002666,-0.0020575999999999997,3.2999999999999935e-05,-0.00044099999999999999,0.001147,-0.0056730000000000001,-0.0039007999999999998,0.0030894,-0.00092119999999999995,0.0029138000000000002,0.0019315999999999999,-0.0008074,0.0052519999999999997,-0.00063180000000000007,0.0041735999999999995,0.0050769999999999999,-0.0035196000000000003,0.0018224000000000001,-0.0016810000000000002,-0.0011264000000000001,0.0013845999999999999,0.0041393999999999997,-0.00085579999999999944,-0.0037109999999999995,0.00044980000000000004,0.00023580000000000001,-0.00014600000000000008,0.0012286,-0.0012446000000000002,-0.0011620000000000001,-0.00090459999999999998,0.0013184000000000002,0.00043880000000000004,-0.00097860000000000004,-0.00074899999999999999,0.00083320000000000019,0.00067660000000000018,0.00041459999999999999,-0.00054060000000000002,1.5999999999999305e-06,0.00016140000000000002,0.00034079999999999999,0.001472,-0.00090780000000000006,0.00053359999999999996,0.00048540000000000003,6.2200000000000102e-05,-0.00050080000000000014,-0.00017179999999999984,-0.0015543999999999998,0.00065560000000000011,-0.0014867999999999999,0.0017515999999999999,0.0013003999999999997,-0.00098620000000000001,0.00041159999999999998,-0.0009992,-0.0013946,0.0010762,0.0014504000000000003,-0.00038259999999999998,0.00035559999999999997,-0.0018982000000000001,-0.0017837999999999999,0.0012956000000000001,-0.0029323999999999999,0.0017176000000000001,0.0020213999999999996,0.00023519999999999986,-0.00043980000000000017,-0.0020884000000000002,-0.00032539999999999999,-0.0014469999999999999,1.3600000000000005e-05,0.0014708,0.0041373999999999994,-0.0027476000000000002,0.0027867999999999999,-0.0030731999999999999,0.0003792,-0.00032440000000000019,-0.0017553999999999998,0.0012296,-0.0032850000000000002,-0.00030779999999999984,0.0029173999999999997,-0.0027515999999999999,-0.0027911999999999998,0.0046861999999999997,-0.0003478,0.0050106000000000005,-0.0017455999999999999,0.0011846000000000001,0.0060321999999999997,-0.0040496000000000004,-0.0025660000000000001,-0.0034410000000000005,-0.0042398000000000002,-0.00088219999999999987
aug_between_class_right_pair0031_child06,TLE,1,1,Augmented,0,0,0,0,0,0.31077650000000001,1.9154926000000001,9.9999999999999995e-07,-3.9999999999999988e-07,0,0.94469550000000002,0,0.044726699999999994,-0.1444742,0.018342199999999999,0.1310576,-0.095543199999999995,0.088592100000000007,-0.026625699999999999,0.0047606999999999997,-0.041577900000000001,-0.084010399999999999,0.33579760000000003,-0.084522,0.013127900000000001,0.040972300000000003,-0.019675499999999999,-0.0166129,-0.0018627999999999997,-0.055427200000000003,0.037180100000000001,0.029647300000000001,-0.047019600000000002,-0.00059529999999999956,-0.082768000000000008,0.0046654000000000001,0.046195300000000002,-0.027666,0.025332,0.0030514000000000001,-0.039563599999999997,0.037390399999999997,-0.071948899999999996,-0.029859299999999998,0.055826099999999997,-0.025139799999999997,0.19768040000000001,-0.059072399999999997,0.0064187000000000003,0.00032370000000000012,-0.0040296999999999989,-0.015113,0.0109905,0.0426425,0.0025789999999999993,-0.014221099999999999,-0.0150703,-0.018510199999999997,0.023151999999999999,0.0208068,0.014988300000000001,0.020571800000000001,-0.0035783999999999981,-0.0029670999999999994,0.0045545000000000013,-0.0335477,-0.0090807000000000006,0.0037157999999999996,0.0101034,0.025838099999999999,-0.097298899999999994,-0.0032147999999999994,-0.026100700000000001,-0.010382099999999998,-0.018856599999999994,-0.0033025000000000003,0.00060139999999999966,0.016674700000000001,-0.0082956999999999996,0.0048575000000000007,-0.0158225,0.0075869000000000006,0.00018140000000000083,-0.0060124000000000002,0.0093425999999999995,0.0045432000000000007,-0.0070498000000000002,0.0070223999999999998,0.0014431000000000001,0.0024394,-0.0063720000000000009,-0.0059728000000000003,0.015639500000000001,-0.0154894,-0.0015478000000000002,-0.016516999999999997,-0.0010354999999999991,0.0070271000000000005,-0.0130013,-0.0060248999999999997,-0.0042131999999999985,-0.0045140999999999983,0.014501399999999999,0.016210199999999998,0.0096191000000000002,0.017561299999999998,-0.015435600000000001,0.0109043,0.0010091,-0.0016800999999999999,-0.0019388000000000001,0.0094795999999999995,-0.0050734999999999999,-0.00049139999999999991,-0.0013048000000000001,0.0040493999999999999,0.0021290000000000002,-0.0044365000000000003,0.0031514999999999998,0.0071679999999999999,0.0008100999999999998,0.00058039999999999969,0.010230600000000001,-0.0025501000000000013,0.0022017000000000009,-0.0057615000000000001,0.0102538,-0.0025284000000000001,0.001419000000000001,0.0053996000000000001,0.0022956000000000001,0.0092033000000000011,-0.0041358000000000011,-0.0073153999999999997,-0.0013617999999999998,0.0012951000000000004,0.0077120000000000001,-0.0012165000000000004,-0.013006,-0.011194900000000001,-0.0091325999999999994,-0.0099640000000000006,-0.00074189999999999846,0.0039429000000000001,-0.0034173999999999997,0.0055669000000000005,-4.5700000000000515e-05,-0.0023090999999999997,0.0027985000000000002,-0.00076540000000000017,0.0015960999999999996,-0.00057540000000000022,-0.0056870000000000002,-0.0003987000000000001,0.00015249999999999986,0.0017718,0.0019451,-7.7799999999999831e-05,0.0051768999999999999,-8.6699999999999925e-05,0.00019190000000000006,0.00059869999999999997,0.00072640000000000009,-0.00025540000000000003,-0.0021043000000000008,-0.0003321000000000001,0.0024739999999999996,0.0022582999999999995,2.1600000000000159e-05,-0.00281,-0.0040011999999999999,-0.010636300000000001,-0.00024670000000000009,-0.0034705999999999999,0.0014262000000000001,0.0039978000000000001,0.013816800000000001,0.0050330000000000001,-0.0060023000000000003,-0.0019833999999999997,0.0066309000000000003,-0.002542,0.00106,0.0071079999999999997,-0.0073506999999999999,-0.00055959999999999994,-0.023184100000000003,0.0073099999999999988,0.0059080000000000001,-0.00018589999999999926,0.0095122000000000002,-0.00040550000000000026,-0.0009075,0.0013796000000000001,0.0011879999999999998,0.0012555000000000001,0.00057819999999999985,-0.00019500000000000008,-0.00085360000000000004,-0.0016413000000000003,-0.0015277000000000001,0.0028877,-0.0029452999999999997,-0.0064018000000000009,-0.0039649000000000004,0.0022973000000000004,0.0010151000000000001,-0.0034987999999999994,0.0011722999999999996,0.00065129999999999984,0.00052089999999999992,-0.0015711999999999996,0.0012765000000000007,-0.0028944999999999999,-0.0038427999999999999,0.0069323999999999992,0.0066001999999999996,0.00014440000000000004,0.0027430000000000006,0.0047518999999999999,-0.00018750000000000006,0.00088239999999999998,-0.0020157,0.0021789999999999995,0.0030524999999999997,0.0084195999999999993,0.0068541000000000001,-0.0015447,-0.0020352,-0.0020861999999999999,0.0041963,-0.0011005000000000003,0.0050711999999999997,0.0011283000000000005,0.0021615999999999996,0.0031517999999999997,-0.00043590000000000002,-0.0013342000000000002,-0.0035824999999999997,0.0030268999999999999,-0.010456699999999999,0.002029099999999999,-0.0031774000000000004,0.0015217999999999998,-0.0008121999999999999,-0.0037561999999999999,-0.0012159,-0.0017412,0.00079039999999999991,0.0021549000000000004,-0.0020157999999999999,0.00097080000000000007,-7.3300000000000101e-05,-0.0011114999999999999,0.0051736999999999998,-0.0027229000000000003,0.0012367999999999999,7.1400000000000326e-05,0.0021832000000000002,-0.00087020000000000001,0.0038943999999999997,-0.0049971,0.0022963999999999997,-0.0010269000000000001,-0.0015810999999999996,0.0029780000000000002,-0.0075881999999999998,0.0032192000000000002,0.0021779,-0.0015697,-0.0020493999999999998,0.00086759999999999984,0.0011463000000000001,0.0041971000000000005,-0.0017456000000000001,0.0012208000000000002,-0.0017432000000000001,0.00076900000000000015,0.0055239,0.0012600999999999999,0.00062169999999999999,0.0014421,0.0052004999999999994,-0.0049959000000000002,0.0024282000000000006,-0.0035091000000000002,0.0018540000000000002,-0.0015948000000000006,0.0050419999999999996,-1.7300000000000041e-05,-0.0023808999999999992,-0.0024393000000000001,-0.00021040000000000013,-0.0044643999999999994,-0.00046219999999999985,0.0042939999999999992,0.0051755999999999998,0.0042645000000000001,-0.0094240000000000001,0.0040990000000000002,-0.00099330000000000013,0.00056650000000000005,0.0017921,-0.00015989999999999993,-2.9700000000000017e-05,-0.0004507,0.00013579999999999999,-4.2500000000000003e-05,-0.00036250000000000003,0.0018116000000000002,0.0023702999999999997,0.00044109999999999966,0.0013702,-0.00063230000000000014,-0.0004952,0.00074160000000000003,7.1400000000000177e-05,-0.00057780000000000006,0.0012125,-0.00013539999999999993,-0.00025649999999999989,0.0012335999999999998,-0.00033050000000000006,-0.0011195999999999999,1.4299999999999643e-05,0.0003455,0.0015442999999999998,0.0008734000000000003,-0.0040919999999999993,-0.00088149999999999991,-0.0017822999999999999,-0.00017309999999999992,-0.0033608000000000002,-0.0046110000000000005,-0.00041590000000000003,-0.00050829999999999972,-0.0013925999999999999,0.0030571000000000001,-0.0022251999999999997,-0.00080839999999999992,0.0025269000000000003,0.00050310000000000036,0.0015096,-0.0039906000000000004,0.0042275999999999998,0.0041836,-0.00089330000000000019,0.00085099999999999965,0.0019817999999999997,-0.0042149000000000006,0.0066643999999999991,-0.0018941000000000001,-0.0007968999999999998,0.0021866000000000003,7.8500000000000011e-05,0.0029640999999999999,-0.002333,0.0034816000000000001,0.0078536000000000005,-0.0054309999999999992,0.0034943999999999999,-0.00041029999999999973,-0.0045512,-0.00069220000000000013,0.00018349999999999999,0.0005086,0.0031776999999999999,-0.00085280000000000013,-0.0014648999999999999,-0.0010647,0.000417,0.00045720000000000005,0.00072179999999999998,0.00023730000000000002,0.0014311000000000003,0.00041900000000000005,0.00069629999999999974,-8.6499999999999988e-05,-0.00086709999999999988,0.00015499999999999997,-2.0900000000000129e-05,0.0033417000000000004,-0.0018201000000000001,-0.0016418000000000001,-0.00082269999999999989,0.00059509999999999999,-0.0022976999999999997,-0.0013775,-2.7499999999999998e-05,0.00061939999999999988,-0.0017499,0.00062910000000000006,0.0012993,-0.0020124000000000001,-3.6999999999999924e-05,0.0025961000000000001,0.0016175999999999999,-0.0028791999999999993,0.0010793999999999999,0.0012163,-0.00076760000000000001,0.0022828000000000002,0.0015040000000000001,-0.00062540000000000002,0.0005666,-0.0019079999999999998,0.0014768999999999997,-0.00019400000000000038,-0.0026810000000000002,-0.0018751999999999998,-0.00014650000000000004,-0.00022850000000000019,0.0010705000000000001,-0.0060079999999999995,-0.0040251000000000002,0.0030108000000000001,-0.0011144,0.0033506000000000005,0.0018887000000000001,-0.00065830000000000012,0.0057894999999999995,-0.00082260000000000015,0.0041806999999999999,0.0052414999999999996,-0.0034112000000000005,0.0015893000000000001,-0.0015695000000000001,-0.0011402999999999999,0.0011597000000000001,0.0046777999999999993,-0.0012280999999999989,-0.0041484999999999994,0.00039060000000000006,0.00015110000000000004,-5.2000000000000071e-05,0.0013267000000000001,-0.0010947000000000001,-0.0011620000000000001,-0.0009836999999999999,0.0014408000000000001,0.00047210000000000004,-0.00090470000000000004,-0.00074200000000000004,0.00049040000000000021,0.00074669999999999977,0.00031170000000000004,-0.00046670000000000007,0.00012669999999999988,5.630000000000004e-05,0.00010209999999999999,0.0014150000000000002,-0.00074910000000000016,0.00054419999999999989,0.0005667999999999999,1.9900000000000104e-05,-0.00022710000000000015,-0.00014610000000000003,-0.0016752999999999998,0.00044770000000000009,-0.0017035999999999998,0.0018691999999999999,0.0014182999999999999,-0.00085890000000000022,0.00029570000000000003,-0.0011313999999999999,-0.0014307,0.0012704000000000001,0.0012263,-5.6700000000000131e-05,0.00028870000000000002,-0.0020379,-0.0019075999999999997,0.0015027,-0.0026958000000000004,0.0018201999999999999,0.0020387999999999995,0.00050389999999999983,-0.00049960000000000022,-0.0018563000000000002,-0.0004707999999999999,-0.0017899999999999999,9.1699999999999952e-05,0.0017341000000000001,0.0048527999999999991,-0.0024907000000000002,0.0025791,-0.0033178999999999999,0.00016640000000000003,-0.00030930000000000009,-0.0021827999999999995,0.0013112,-0.0033525,-0.00055909999999999987,0.0030863000000000002,-0.0027622000000000002,-0.0026308999999999998,0.0044834000000000002,-0.00038460000000000002,0.0048782000000000001,-0.0016326999999999999,0.0011042000000000001,0.0062313999999999998,-0.0038412000000000003,-0.0027554999999999997,-0.0034835000000000005,-0.0043501,-0.0010484000000000001
aug_between_class_right_pair0031_child07,TLE,1,1,Augmented,0,0,0,0,0,0.30961500000000003,1.8944804,9.9999999999999995e-07,-6.0000000000000008e-07,0,0.92370799999999997,0,0.048252799999999998,-0.14283480000000001,0.019345800000000003,0.13426139999999998,-0.10197780000000001,0.093286400000000005,-0.028256799999999999,0.0053188000000000003,-0.039819600000000004,-0.090768600000000005,0.33297640000000001,-0.085778999999999994,0.011505600000000001,0.042679200000000007,-0.021398000000000004,-0.016582599999999999,-0.0022602000000000004,-0.055403800000000003,0.0381704,0.031294200000000001,-0.0457884,-0.00028820000000000017,-0.078991000000000006,0.0053736000000000009,0.047405200000000002,-0.028715000000000001,0.026111999999999996,0.0026016000000000008,-0.042949400000000006,0.039693600000000002,-0.073385599999999995,-0.032484199999999998,0.056187399999999998,-0.028244199999999997,0.19473560000000001,-0.059780600000000003,0.0069858000000000003,-0.0002072000000000007,-0.0044768000000000004,-0.014721,0.012346000000000003,0.043361999999999998,0.0025969999999999999,-0.015224399999999999,-0.014949199999999999,-0.0195788,0.023370999999999999,0.021033200000000002,0.0140322,0.021134200000000002,-0.0061506000000000009,-0.0040214000000000014,0.0046280000000000002,-0.032628799999999999,-0.010223800000000002,0.0052132000000000012,0.011779600000000001,0.026903400000000001,-0.094471599999999989,-0.0040211999999999999,-0.024626800000000001,-0.011649400000000001,-0.019500399999999994,-0.0029870000000000001,0.0013236000000000003,0.015702799999999999,-0.0085997999999999977,0.0043549999999999995,-0.014881999999999999,0.0073006,-0.00051140000000000126,-0.0058335999999999995,0.0096244,0.0038947999999999995,-0.0069332000000000005,0.0073845999999999998,0.0017673999999999997,0.0023415999999999997,-0.005213999999999999,-0.0057751999999999994,0.016426000000000003,-0.0152286,-0.0014101999999999995,-0.016882999999999999,-0.002003,0.0067323999999999995,-0.0126762,-0.0070366000000000005,-0.0049058000000000018,-0.0041243999999999986,0.014986599999999999,0.017491800000000002,0.0094424000000000001,0.0194252,-0.013713400000000001,0.0107562,0.0010284000000000001,-0.0015914,-0.0016091999999999999,0.008813399999999999,-0.0049690000000000003,-0.00049759999999999995,-0.0012702,0.0043996,0.0021819999999999995,-0.0048690000000000001,0.0030209999999999998,0.0071450000000000003,6.2399999999999348e-05,0.00095960000000000001,0.010512400000000002,-0.0020804000000000005,0.0014018000000000004,-0.0061420000000000008,0.0099652000000000004,-0.0029506000000000003,0.0012770000000000004,0.0060164000000000007,0.0023874000000000005,0.0086872000000000008,-0.0024951999999999986,-0.0070225999999999995,-0.0030722000000000006,0.00096139999999999941,0.0089250000000000006,-0.00068999999999999986,-0.012253,-0.011660600000000002,-0.0094914000000000005,-0.011088000000000001,-0.0025176,0.0047846,-0.0044996000000000003,0.0041875999999999997,0.00045519999999999979,-0.0020943999999999997,0.0028250000000000003,-0.00048759999999999987,0.0018064000000000001,-0.00050460000000000001,-0.0057859999999999995,-0.00046380000000000011,0.00040200000000000001,0.0017102,0.0014493999999999998,-0.00014719999999999989,0.0056276,-0.00021579999999999999,0.00012459999999999988,0.0004548,0.00027159999999999988,-0.00026559999999999995,-0.002245200000000001,-0.00020939999999999978,0.0030070000000000006,0.0023601999999999998,-0.00033460000000000016,-0.0025660000000000001,-0.0049228000000000015,-0.011001200000000001,0.00013820000000000022,-0.0030703999999999992,0.0012798,0.0036601999999999997,0.0135002,0.0048509999999999994,-0.0053372000000000003,-0.0025876000000000007,0.0062166000000000001,-0.0024119999999999992,0.00095899999999999989,0.0084820000000000017,-0.0077238000000000003,-0.0006284000000000001,-0.022798400000000003,0.0076809999999999995,0.0057559999999999998,-0.0003776000000000005,0.0099148000000000014,-9.6000000000000165e-05,-0.00076899999999999994,0.0011563999999999999,0.0013449999999999994,0.0016960000000000005,0.00094680000000000014,-0.00043000000000000037,-0.00071539999999999993,-0.0014482,-0.0013597999999999998,0.0028127999999999998,-0.0032392000000000002,-0.0067592000000000008,-0.0037395999999999992,0.0018711999999999999,0.0014074000000000001,-0.0036472000000000002,0.0016011999999999997,0.0010032000000000001,0.00072460000000000016,-0.0017327999999999996,0.00065200000000000013,-0.0031930000000000001,-0.0037191999999999998,0.0076145999999999991,0.0067077999999999999,0.00024160000000000002,0.0021009999999999996,0.0045635999999999993,-0.00021300000000000008,0.00099960000000000023,-0.0026228000000000007,0.0030270000000000006,0.0032490000000000002,0.009145399999999998,0.0070984000000000004,-0.0019048000000000003,-0.0019748000000000001,-0.0017957999999999997,0.0044802000000000002,-0.00072499999999999995,0.0056547999999999998,0.00038719999999999965,0.0026274000000000002,0.0024451999999999994,-0.00052860000000000006,-0.0012238000000000001,-0.0033149999999999985,0.0037146000000000002,-0.0096167999999999983,0.0029434000000000005,-0.0028646000000000001,0.0016702000000000002,-0.0009678,-0.0038737999999999997,-0.0010976,-0.0019278000000000001,0.00066859999999999988,0.0020506000000000001,-0.0020432000000000002,0.00080620000000000008,0.00012780000000000083,-0.001219,0.0051578000000000006,-0.0027576000000000002,0.0014432,-0.00014040000000000016,0.0026018000000000005,-0.00090079999999999999,0.0040336,-0.0050544000000000006,0.0022605999999999998,-0.00076359999999999991,-0.0019623999999999996,0.0028510000000000002,-0.0076298,0.0031168000000000003,0.0015945999999999996,-0.0018438000000000003,-0.0020966000000000001,0.0010734,0.0012352000000000001,0.0045084000000000001,-0.0018674,0.00097419999999999994,-0.0016868,0.0010730000000000002,0.0054186,0.0014474000000000002,0.00081680000000000001,0.0015064,0.0054780000000000002,-0.0055335999999999996,0.0019887999999999998,-0.0038474000000000004,0.0019290000000000004,-0.0010091999999999998,0.0052880000000000002,-8.5199999999999686e-05,-0.0029786000000000001,-0.0024662,-0.0001215999999999997,-0.0049236000000000002,-0.00084079999999999962,0.0041259999999999995,0.0054263999999999996,0.0037659999999999998,-0.0094400000000000005,0.0042490000000000002,-0.00088119999999999995,0.00089400000000000015,0.0016354,-9.4599999999999806e-05,-1.0800000000000046e-05,-0.00037879999999999994,2.3199999999999913e-05,-0.00027400000000000037,-0.00032399999999999996,0.0016104000000000001,0.0023351999999999999,0.0008294000000000001,0.0013368,-0.00047219999999999993,-0.00054980000000000003,0.00087539999999999992,-0.00012740000000000003,-0.00023619999999999934,0.0013500000000000001,-9.5999999999999081e-06,-0.00029299999999999997,0.0013924,-0.00041100000000000012,-0.0012133999999999999,0.00021819999999999999,0.00043600000000000008,0.0019532000000000004,0.00094860000000000018,-0.0042570000000000004,-0.0010709999999999999,-0.0017912000000000002,-0.00032040000000000009,-0.0030461999999999998,-0.0045930000000000007,-0.00065960000000000031,-0.00087720000000000007,-0.0013193999999999997,0.0029973999999999999,-0.0025127999999999999,-0.0010056000000000002,0.0025026000000000002,0.00015139999999999994,0.0015944000000000002,-0.0038193999999999997,0.0040594000000000003,0.0039464000000000001,-0.0005271999999999998,0.0011990000000000004,0.0020381999999999996,-0.0047756000000000014,0.0070515999999999999,-0.0017264000000000003,-0.0014406000000000002,0.0019633999999999997,0.00020000000000000009,0.0032234000000000004,-0.0020460000000000001,0.0028674,0.0076184,-0.0054799999999999996,0.0032935999999999998,-0.00029420000000000054,-0.0047028,-0.00055479999999999993,0.00017700000000000002,0.00070240000000000016,0.0032318000000000004,-0.0005801999999999999,-0.0013805999999999998,-0.00096679999999999986,0.00025799999999999993,0.00041179999999999993,0.00064919999999999995,0.0002342,0.0015364,0.00028799999999999995,0.00089419999999999994,-3.9999999999999996e-05,-0.0010504000000000002,0.00017299999999999987,0.00018739999999999989,0.0032858000000000002,-0.0018083999999999999,-0.0014812,-0.00092079999999999994,0.00077039999999999997,-0.0024777999999999996,-0.0011459999999999999,-6.6000000000000032e-05,0.00095760000000000018,-0.0019605999999999998,0.00057639999999999992,0.0016102000000000002,-0.0020805999999999997,-9.4000000000000008e-05,0.0025064000000000002,0.0017243999999999998,-0.0032407999999999994,0.0011835999999999999,0.0013392,-0.00079140000000000005,0.0023142000000000002,0.0017500000000000003,-0.00050059999999999992,0.00060539999999999986,-0.0021590000000000003,0.0016276000000000001,0.00010699999999999989,-0.0026959999999999996,-0.0016927999999999999,-0.00032600000000000012,-1.5999999999999955e-05,0.00099399999999999987,-0.0063429999999999997,-0.0041493999999999993,0.0029322000000000003,-0.0013076000000000001,0.0037874000000000011,0.0018457999999999999,-0.00050920000000000002,0.0063269999999999993,-0.0010134000000000002,0.0041878000000000002,0.0054059999999999993,-0.0033028000000000003,0.0013561999999999997,-0.0014579999999999999,-0.0011541999999999998,0.00093479999999999985,0.0052162000000000007,-0.0016003999999999997,-0.0045859999999999998,0.00033139999999999998,6.6399999999999961e-05,4.1999999999999937e-05,0.0014248000000000002,-0.00094479999999999998,-0.0011620000000000001,-0.0010628,0.0015632,0.00050540000000000003,-0.00083080000000000003,-0.00073499999999999998,0.0001475999999999999,0.0008167999999999998,0.00020879999999999998,-0.00039280000000000001,0.00025180000000000005,-4.8800000000000088e-05,-0.00013660000000000018,0.0013579999999999998,-0.00059040000000000004,0.00055479999999999982,0.00064820000000000003,-2.2400000000000111e-05,4.6600000000000157e-05,-0.0001204,-0.0017962,0.00023979999999999992,-0.0019203999999999998,0.0019868000000000004,0.0015361999999999997,-0.00073159999999999989,0.00017979999999999993,-0.0012636000000000001,-0.0014667999999999999,0.0014646000000000001,0.0010022,0.00026920000000000015,0.00022179999999999997,-0.0021776,-0.0020314,0.0017098,-0.0024591999999999999,0.0019227999999999999,0.0020561999999999998,0.00077260000000000002,-0.00055940000000000004,-0.0016241999999999999,-0.00061620000000000002,-0.0021329999999999999,0.00016980000000000012,0.0019974000000000003,0.0055682000000000006,-0.0022337999999999998,0.0023714000000000001,-0.0035626000000000004,-4.6400000000000044e-05,-0.0002942,-0.0026102,0.0013928,-0.0034199999999999999,-0.00081040000000000018,0.0032551999999999998,-0.0027727999999999997,-0.0024705999999999999,0.0042805999999999999,-0.0004214,0.0047457999999999997,-0.0015197999999999995,0.0010238000000000001,0.0064305999999999999,-0.0036328000000000003,-0.0029450000000000001,-0.0035260000000000005,-0.0044603999999999998,-0.0012146000000000004
aug_between_class_right_pair0031_child08,TLE,1,1,Augmented,0,0,0,0,0,0.30845349999999999,1.8734682,9.9999999999999995e-07,-8.0000000000000007e-07,0,0.90272049999999993,0,0.051778900000000003,-0.1411954,0.0203494,0.13746520000000001,-0.10841240000000001,0.097980700000000004,-0.029887900000000002,0.0058768999999999991,-0.038061299999999999,-0.097526799999999997,0.33015519999999998,-0.087036000000000002,0.0098833000000000011,0.044386100000000005,-0.023120499999999999,-0.016552299999999999,-0.0026576,-0.055380400000000003,0.0391607,0.032941100000000001,-0.044557200000000005,1.8900000000000514e-05,-0.075214000000000003,0.0060818000000000009,0.048615100000000001,-0.029763999999999999,0.026891999999999999,0.0021518000000000006,-0.0463352,0.041996800000000001,-0.074822299999999994,-0.035109099999999997,0.0565487,-0.031348599999999997,0.19179080000000001,-0.060488799999999995,0.0075529000000000004,-0.0007381,-0.0049239000000000002,-0.014329,0.013701500000000002,0.044081500000000003,0.0026149999999999988,-0.016227700000000001,-0.0148281,-0.0206474,0.02359,0.0212596,0.0130761,0.021696600000000003,-0.0087227999999999993,-0.0050757000000000007,0.0047014999999999991,-0.031709899999999999,-0.011366900000000003,0.0067106000000000023,0.013455800000000004,0.027968700000000003,-0.091644299999999998,-0.0048275999999999996,-0.023152900000000001,-0.012916700000000001,-0.020144200000000001,-0.0026714999999999998,0.0020458000000000004,0.0147309,-0.0089038999999999993,0.0038525,-0.013941500000000001,0.0070142999999999994,-0.0012042000000000008,-0.0056547999999999998,0.0099062000000000004,0.0032464,-0.0068166000000000008,0.0077467999999999999,0.0020916999999999993,0.0022437999999999989,-0.0040559999999999997,-0.0055775999999999994,0.017212500000000002,-0.0149678,-0.0012726000000000005,-0.017248999999999997,-0.0029704999999999996,0.0064376999999999993,-0.0123511,-0.0080483000000000013,-0.0055983999999999999,-0.0037346999999999988,0.015471800000000001,0.018773399999999999,0.0092657,0.021289100000000002,-0.0119912,0.010608100000000001,0.0010476999999999999,-0.0015026999999999998,-0.0012796000000000005,0.0081472000000000003,-0.0048644999999999999,-0.00050379999999999999,-0.0012356000000000001,0.0047498000000000002,0.0022350000000000004,-0.0053015000000000007,0.0028904999999999998,0.0071220000000000007,-0.00068530000000000153,0.0013387999999999998,0.0107942,-0.0016107000000000014,0.00060189999999999983,-0.0065225000000000005,0.0096766000000000005,-0.0033728000000000005,0.0011349999999999997,0.0066332000000000006,0.0024792,0.0081711000000000006,-0.0008546000000000005,-0.0067298000000000002,-0.0047826000000000014,0.00062770000000000013,0.010138000000000001,-0.00016350000000000002,-0.0115,-0.0121263,-0.0098501999999999999,-0.012212000000000001,-0.0042932999999999999,0.0056262999999999999,-0.0055818000000000005,0.0028082999999999997,0.00095609999999999966,-0.0018796999999999998,0.0028514999999999999,-0.00020979999999999995,0.0020166999999999997,-0.00043380000000000003,-0.0058849999999999996,-0.00052890000000000012,0.0006515000000000006,0.0016486000000000001,0.00095369999999999993,-0.00021659999999999974,0.0060783,-0.00034489999999999998,5.7300000000000146e-05,0.00031090000000000002,-0.00018320000000000012,-0.00027579999999999987,-0.0023861000000000004,-8.6699999999999885e-05,0.0035400000000000006,0.0024621000000000001,-0.00069079999999999999,-0.0023219999999999998,-0.0058444000000000005,-0.011366100000000001,0.00052309999999999987,-0.0026701999999999993,0.0011334000000000001,0.0033225999999999998,0.0131836,0.0046689999999999995,-0.0046721000000000002,-0.0031918000000000007,0.0058022999999999998,-0.0022819999999999993,0.00085799999999999993,0.0098560000000000002,-0.0080969000000000006,-0.00069720000000000003,-0.022412700000000001,0.0080520000000000001,0.0056039999999999996,-0.00056930000000000001,0.010317400000000001,0.00021350000000000015,-0.00063049999999999998,0.00093320000000000002,0.0015019999999999994,0.0021364999999999999,0.0013154,-0.00066500000000000033,-0.00057719999999999994,-0.0012551000000000001,-0.0011919000000000001,0.0027379000000000001,-0.0035331,-0.0071166000000000007,-0.0035142999999999997,0.0014450999999999999,0.0017997000000000004,-0.0037955999999999997,0.0020301,0.0013551000000000001,0.00092829999999999996,-0.0018944000000000001,2.7499999999999964e-05,-0.0034915000000000002,-0.0035956,0.0082967999999999983,0.006815400000000001,0.0003388,0.0014589999999999998,0.0043752999999999995,-0.0002385,0.0011168,-0.0032299000000000008,0.0038750000000000004,0.0034455000000000006,0.0098712000000000001,0.0073426999999999997,-0.0022649000000000002,-0.0019143999999999999,-0.0015054000000000001,0.0047641000000000003,-0.00034949999999999998,0.0062383999999999998,-0.00035390000000000009,0.0030932000000000008,0.0017385999999999997,-0.00062130000000000009,-0.0011134000000000001,-0.003047499999999999,0.0044023000000000005,-0.0087768999999999989,0.0038576999999999986,-0.0025517999999999999,0.0018186000000000001,-0.0011234000000000001,-0.0039913999999999991,-0.00097930000000000001,-0.0021143999999999998,0.00054679999999999985,0.0019462999999999998,-0.0020706000000000001,0.00064160000000000009,0.00032890000000000046,-0.0013265,0.0051418999999999996,-0.0027923000000000002,0.0016496000000000002,-0.0003522,0.0030204000000000003,-0.00093139999999999998,0.0041727999999999999,-0.0051117000000000003,0.0022247999999999999,-0.00050029999999999996,-0.0023436999999999998,0.0027239999999999999,-0.0076714000000000001,0.0030144,0.0010112999999999997,-0.0021179000000000003,-0.0021438,0.0012792000000000001,0.0013240999999999999,0.0048197000000000005,-0.0019892,0.0007275999999999999,-0.0016304000000000002,0.0013770000000000002,0.0053133,0.0016347,0.0010119,0.0015707,0.0057554999999999993,-0.0060713,0.0015493999999999998,-0.0041857000000000005,0.0020040000000000001,-0.0004236000000000001,0.0055340000000000016,-0.0001531000000000002,-0.0035762999999999997,-0.0024930999999999998,-3.2799999999999713e-05,-0.0053828000000000001,-0.0012194000000000003,0.0039579999999999997,0.0056772000000000003,0.0032675,-0.0094559999999999991,0.0043990000000000001,-0.00076909999999999999,0.0012215000000000004,0.0014786999999999999,-2.9299999999999899e-05,8.09999999999998e-06,-0.00030689999999999992,-8.9400000000000113e-05,-0.00050550000000000031,-0.0002855,0.0014092,0.0023000999999999998,0.0012177000000000002,0.0013034000000000001,-0.00031209999999999989,-0.00060439999999999995,0.0010092,-0.00032620000000000001,0.00010540000000000029,0.0014874999999999999,0.00011620000000000011,-0.00032949999999999999,0.0015512,-0.00049150000000000007,-0.0013071999999999999,0.00042209999999999947,0.00052650000000000006,0.0023620999999999998,0.0010238000000000001,-0.0044219999999999997,-0.0012604999999999999,-0.0018001,-0.00046770000000000004,-0.0027315999999999998,-0.0045750000000000009,-0.00090330000000000022,-0.0012461,-0.0012461999999999998,0.0029376999999999997,-0.0028003999999999998,-0.0012028,0.0024783000000000001,-0.00020029999999999994,0.0016791999999999998,-0.0036481999999999999,0.0038912,0.0037092000000000002,-0.00016109999999999974,0.0015470000000000002,0.0020945999999999994,-0.0053363000000000004,0.0074387999999999989,-0.0015586999999999997,-0.0020843000000000003,0.0017401999999999999,0.00032150000000000017,0.0034826999999999996,-0.0017589999999999999,0.0022531999999999999,0.0073831999999999995,-0.0055289999999999992,0.0030928000000000001,-0.00017809999999999961,-0.0048544,-0.00041739999999999995,0.0001705,0.0008962000000000001,0.0032859000000000005,-0.00030759999999999994,-0.0012962999999999998,-0.00086889999999999992,9.8999999999999967e-05,0.00036639999999999991,0.00057660000000000003,0.00023110000000000001,0.0016417000000000001,0.00015699999999999997,0.0010920999999999999,6.4999999999999954e-06,-0.0012336999999999999,0.00019099999999999998,0.00039569999999999991,0.0032299,-0.0017967,-0.0013205999999999999,-0.0010189000000000001,0.00094570000000000016,-0.0026578999999999999,-0.00091449999999999995,-0.00010450000000000002,0.0012958000000000002,-0.0021712999999999997,0.00052370000000000021,0.0019211,-0.0021487999999999998,-0.00015099999999999996,0.0024166999999999999,0.0018311999999999998,-0.0036023999999999991,0.0012878,0.0014621,-0.00081519999999999997,0.0023456000000000002,0.0019960000000000004,-0.00037579999999999992,0.00064419999999999994,-0.0024100000000000002,0.0017783,0.00040799999999999994,-0.0027109999999999999,-0.0015104000000000001,-0.00050550000000000009,0.00019650000000000006,0.00091750000000000013,-0.0066780000000000008,-0.0042737000000000001,0.0028536,-0.0015008000000000001,0.0042242000000000009,0.0018029000000000001,-0.00036009999999999997,0.0068644999999999999,-0.0012041999999999999,0.0041948999999999997,0.0055704999999999999,-0.0031944,0.0011230999999999997,-0.0013465,-0.0011681,0.00070989999999999996,0.0057546000000000003,-0.0019726999999999995,-0.0050235000000000002,0.0002722,-1.8300000000000011e-05,0.00013599999999999994,0.0015229,-0.00079490000000000008,-0.0011620000000000001,-0.0011419000000000002,0.0016856,0.00053870000000000003,-0.00075690000000000002,-0.00072800000000000002,-0.00019520000000000008,0.00088689999999999982,0.00010590000000000003,-0.0003189,0.0003769,-0.00015390000000000005,-0.00037530000000000018,0.0013010000000000001,-0.00043169999999999998,0.00056539999999999997,0.00072960000000000017,-6.4700000000000001e-05,0.00032030000000000009,-9.4699999999999754e-05,-0.0019170999999999999,3.1899999999999962e-05,-0.0021372000000000006,0.0021043999999999993,0.0016540999999999999,-0.0006043,6.389999999999994e-05,-0.0013958000000000002,-0.0015028999999999999,0.0016588000000000002,0.00077809999999999989,0.00059510000000000021,0.00015490000000000002,-0.0023173,-0.0021551999999999999,0.0019169,-0.0022225999999999999,0.0020254000000000001,0.0020735999999999997,0.0010413,-0.00061920000000000052,-0.0013920999999999998,-0.00076159999999999986,-0.0024759999999999999,0.00024790000000000012,0.0022606999999999996,0.0062836000000000003,-0.0019768999999999998,0.0021637000000000002,-0.0038073,-0.00025920000000000001,-0.00027910000000000012,-0.0030375999999999997,0.0014744000000000001,-0.0034874999999999997,-0.0010617000000000001,0.0034241000000000002,-0.0027834000000000001,-0.0023102999999999999,0.0040778000000000003,-0.00045820000000000002,0.0046134000000000001,-0.0014069,0.00094340000000000005,0.0066297999999999999,-0.0034244000000000002,-0.0031345000000000001,-0.0035685000000000005,-0.0045707000000000005,-0.0013808
aug_between_class_right_pair0032_child01,Healthy,0,0,Augmented,0,0,0,0,0,0.30668960000000001,2.2325227000000001,1.1000000000000001e-06,0,1.0000000000000002e-07,0.99808240000000004,0,0.048840700000000001,-0.14175409999999999,0.0144137,0.070745500000000003,-0.076680300000000007,0.085639799999999988,-0.0105571,0.0063891999999999994,-0.019591600000000001,-0.1111939,0.35918990000000001,-0.064413499999999999,0.010267499999999999,0.055877200000000002,-0.0019132000000000003,-0.018995500000000002,-0.0059347999999999996,-0.048599500000000004,0.029679500000000001,0.0053045999999999961,-0.037101099999999998,0.0060782000000000006,-0.095013299999999995,0.0038523999999999989,0.048999599999999997,-0.0203851,0.018718599999999998,0.017683900000000002,-0.039406900000000002,0.029168400000000001,-0.052451100000000001,-0.029587800000000001,0.070785899999999999,-0.055488500000000003,0.21094589999999999,-0.040786499999999996,0.0060715999999999999,-0.0057429000000000004,-0.00041470000000000048,-0.022451399999999996,0.008086900000000001,0.0463509,-0.0032207,-0.0065240999999999997,-0.010159700000000001,-0.022513200000000001,0.022278100000000002,0.011944899999999998,0.0264899,0.0122051,-0.0097737999999999992,0.0099284000000000022,-0.00032349999999999914,-0.044410699999999997,-0.00048829999999999967,-0.0030972,-0.00019349999999999988,0.0050321999999999971,-0.079915,-0.0017338000000000006,-0.0204733,0.010343000000000008,-0.011559700000000001,-0.0019402999999999998,0.0033534999999999997,0.0195134,0.010111999999999999,0.0023144999999999997,-0.011748000000000001,0.0056235,0.0054873999999999999,-0.0024299,0.0056739000000000008,0.0018758000000000004,-0.0038583999999999979,0.0057693999999999992,0.0035420000000000004,-0.00078410000000000025,-0.019300000000000001,-0.0085352999999999991,0.023308299999999997,-0.0115686,-0.0047630000000000007,-0.0081433000000000009,-0.0074874,0.0099898999999999995,-0.0144981,0.0026462000000000005,0.0057824,-0.0033296999999999997,0.0187685,0.011449999999999998,0.0014709,0.016634800000000002,-0.018126200000000002,0.0084887999999999995,0.00094340000000000005,-0.0019124999999999999,-0.0068320000000000004,0.014596700000000001,-0.0015567999999999997,0.0056677000000000003,-0.0029124000000000003,0.0058858999999999995,-0.00030469999999999976,-0.0034545999999999995,0.0052683000000000001,0.0153563,0.0024241000000000002,-0.00016200000000000014,0.0075386999999999997,-0.013857100000000001,0.0083316999999999992,-0.0075326999999999998,0.0141265,-0.0045491000000000004,-0.0047997000000000005,0.0086338999999999999,9.890000000000029e-05,0.0046444999999999993,-0.015025500000000001,-0.00044749999999999955,0.0049334000000000001,0.012168100000000001,-0.0036863,-0.009748999999999999,-0.0150432,-0.0059802000000000006,-0.0065094999999999997,-0.0034475,0.0062522000000000003,0.0034355000000000002,0.016785900000000003,-0.014483900000000001,-0.0004532999999999998,-0.00037039999999999995,-0.00066010000000000005,-0.0035424999999999996,-0.0029993999999999997,0.00041399999999999993,0.0032547000000000014,0.0015211000000000001,-0.0021619999999999999,0.0062547999999999996,-3.4500000000000242e-05,0.0010146000000000001,0.005698299999999999,-0.0023720999999999998,-0.00063259999999999966,0.00088540000000000038,0.00085749999999999997,0.00028030000000000004,-0.0069519000000000004,-0.00062249999999999957,0.0061313000000000001,-0.0021468000000000004,0.0048370999999999996,-0.0013207999999999998,-0.00027839999999999983,-0.00011819999999999973,-0.005599100000000001,-0.0062772000000000001,0.0026077000000000001,-0.00047980000000000028,0.0153037,0.0023601000000000004,-0.012404999999999999,0.0095236999999999995,0.0022026999999999993,0.00059959999999999994,0.0060532000000000008,0.0032155999999999994,-0.0038446000000000001,0.00097830000000000009,-0.021190199999999999,0.0038904000000000005,-0.00047350000000000018,-0.0024911,0.016117399999999997,-0.0016354,-0.0011995,0.0022205000000000003,-0.0035246000000000001,-0.0015662000000000002,0.00022199999999999998,0.0028534999999999997,-0.0014409000000000002,-0.00015139999999999945,-0.00090200000000000002,0.0010165999999999999,-0.0011778000000000001,0.002337399999999999,-0.0016868,0.0028883999999999997,-0.0028152000000000003,-0.00055790000000000006,-0.00050480000000000002,0.00038759999999999999,7.0599999999999873e-05,0.0043084999999999998,0.0042556,-0.00061899999999999976,-0.0034283,3.8399999999999632e-05,0.0038468,-0.0012916999999999998,0.0059014000000000002,0.0104949,-0.0016663000000000003,0.00091529999999999997,0.0024851999999999999,-0.0031735000000000001,-0.0029302,-0.0011337000000000003,0.0034677000000000002,0.0059998000000000013,-0.0051898000000000005,-0.0014351000000000004,0.0038418000000000002,-0.0010999,-0.00058910000000000039,0.0033801999999999999,-0.0018517999999999996,-0.00058770000000000024,-0.0047833000000000007,0.0040245000000000003,-0.011410700000000001,0.0078925999999999996,-0.0125538,-0.00080489999999999989,-0.0055578000000000008,0.0025706000000000001,-0.00030490000000000009,-0.0024411000000000007,-0.0021432000000000001,-0.0018552,0.0061673000000000006,0.00049770000000000001,0.00010490000000000006,-0.0004081,-0.0034294,0.0002742,0.0053816000000000003,-0.00087940000000000002,0.0016787,0.0012360000000000001,0.00068459999999999994,0.00033560000000000003,-0.0014513000000000009,-0.0024222000000000002,0.0015137000000000002,0.0014886000000000001,0.00028059999999999999,0.0023354000000000001,-0.0058817999999999995,0.00050960000000000003,0.0032318999999999994,-0.00097899999999999984,-0.00088519999999999994,0.0027512999999999999,0.005365,0.0034505,0.00050589999999999999,0.0042650000000000006,-0.00266,-0.0035065000000000001,0.0066532000000000006,4.9599999999999905e-05,0.00067869999999999996,0.00038749999999999982,0.0041572000000000007,-0.0021035999999999997,9.7000000000000081e-05,-0.00083390000000000005,0.0011435999999999998,-0.0035206,0.0033191000000000002,-0.00015949999999999949,0.0011522999999999998,-1.5899999999999682e-05,-0.00039709999999999984,-0.0017967000000000002,0.0020663999999999999,0.0036216999999999998,0.00011779999999999994,-0.0018891999999999993,-0.010082900000000001,0.0054065000000000007,-0.00011210000000000007,-0.00077460000000000018,0.00097380000000000003,0.0040195999999999999,0.00082150000000000018,0.0011180999999999999,9.0800000000000039e-05,0.0013565000000000001,-0.0026112000000000006,0.0015172000000000002,-0.00039919999999999984,-0.0016812000000000001,-0.0001648000000000001,0.00022510000000000005,0.0011310999999999999,-0.0020441999999999999,-0.00021769999999999998,-0.0011182999999999998,0.00085260000000000002,-0.0020536999999999999,-0.00069620000000000001,-0.00036600000000000011,0.0014132000000000001,-0.0013139,-0.0010737000000000001,0.0022645,0.00011549999999999993,-0.0002476999999999999,0.00082220000000000004,4.6100000000000091e-05,-0.0014290000000000001,0.0012534999999999998,-0.0016535,-0.0015709000000000001,0.0031014000000000003,0.0022656999999999998,0.0021875999999999996,0.0020927999999999997,0.0021586000000000001,-0.00062699999999999995,-0.00027240000000000012,-0.0014134999999999998,0.0018157000000000002,-0.00019030000000000002,0.0046566000000000003,0.0026844999999999998,0.00087729999999999991,-0.00051949999999999989,7.3799999999999951e-05,-0.0032854000000000004,-0.00044400000000000017,0.00095529999999999996,-0.0019664000000000001,0.0065399000000000004,-0.0041395000000000008,0.0015303999999999999,-0.0047079000000000001,0.0031113,0.0054745000000000002,-0.0016022,0.0029199,-0.0042553000000000009,-0.0066785999999999998,0.0001718,-6.6300000000000094e-05,-3.669999999999997e-05,0.0044732999999999995,-0.0016264999999999999,-0.00034150000000000001,-0.0011024000000000001,0.00052519999999999997,0.00059620000000000018,-0.0011176000000000001,-0.00075630000000000011,0.00047859999999999982,-0.0020331999999999998,-6.7100000000000059e-05,0.00067410000000000007,-0.0023565999999999999,-0.00056030000000000001,-0.0047983000000000001,0.0033116999999999999,0.00078279999999999995,-0.00042190000000000001,0.0012054000000000001,-0.0013887000000000001,-0.0021031000000000001,-0.00027269999999999996,0.00049200000000000003,0.00048860000000000006,0.00090929999999999993,-0.0001646000000000001,0.0019996999999999997,-0.0028464000000000002,-0.0016688999999999999,0.0018402,-0.0010479,0.0014779000000000003,0.00010600000000000003,0.0034560999999999997,-0.0015206,0.0014873,-0.0039664000000000001,-0.0021865000000000001,-0.0016607999999999998,-0.0013588999999999999,0.0033292999999999994,-0.0010826999999999998,-3.4700000000000139e-05,0.00062270000000000012,0.0027633000000000007,-0.0020100000000000005,0.0021729000000000002,-0.0017184000000000001,0.0014954,-0.00019510000000000013,-0.00037620000000000004,-0.00091209999999999989,-0.00064979999999999975,0.0015041999999999998,0.0027391000000000004,-0.0014825999999999997,0.0029627,0.0021795,-0.0025037000000000002,0.0015078000000000001,-0.00069190000000000007,0.00039789999999999964,0.0014383,0.0018294000000000001,0.00052540000000000009,-0.0015137,0.00083589999999999999,0.0012803999999999999,-0.00029830000000000004,-0.00046539999999999998,-0.00017469999999999996,0.00047159999999999981,-0.00022910000000000007,-0.00089349999999999998,0.0002275,-0.00058319999999999997,0.00060240000000000011,0.0025833000000000006,-0.0020231999999999997,0.00032289999999999999,-0.00046410000000000006,0.00015939999999999992,-0.0010828999999999999,-0.0014250000000000001,-0.0019491999999999995,0.0018254,0.00027340000000000009,-0.0010031,-0.0015112000000000003,-0.0014407999999999995,0.0026815999999999997,-0.0014367,3.5399999999999993e-05,0.00078750000000000001,-0.00016579999999999996,-0.0018123,0.00026190000000000002,0.0004656000000000001,-0.0015156,-0.00024039999999999999,-0.00050539999999999982,0.00021730000000000002,0.00023570000000000001,-0.0008987,3.7600000000000047e-05,0.00090890000000000003,0.00023139999999999999,0.00026969999999999994,0.00074330000000000002,-5.0000000000001215e-07,0.0020221000000000002,0.00063049999999999998,-0.0024879999999999998,-0.0010919,-0.0014896,0.0019697000000000004,0.0013038999999999998,-0.00092049999999999988,0.0015232000000000002,0.0023528999999999998,-0.0019911999999999998,-0.00031220000000000005,0.00087690000000000001,-0.0012863,0.0023930999999999996,-0.0014004000000000002,0.0005468999999999999,0.0037288000000000009,-0.0024621999999999999,-0.0015449999999999999,0.0026071000000000002,-0.00061050000000000004,-0.0005507,0.00083500000000000002,0.0014053,0.0059251,-0.0012454,-0.00080980000000000006,0.00049120000000000023,-0.0035144,-0.0040476000000000002
aug_between_class_right_pair0032_child02,Healthy,0,0,Augmented,0,0,0,0,0,0.30194120000000002,2.2226233999999998,1.1999999999999999e-06,0,1.9999999999999999e-07,0.98185480000000003,0,0.0480924,-0.14011219999999999,0.013976399999999998,0.069626999999999994,-0.07749360000000001,0.085029599999999997,-0.0111302,0.0067254000000000003,-0.0186932,-0.11088480000000001,0.35317680000000001,-0.060822999999999995,0.009726000000000002,0.055292399999999998,-0.0061284,-0.019278,-0.0050926000000000001,-0.049185,0.028168000000000002,0.0063881999999999967,-0.037283200000000002,0.0065693999999999995,-0.092948599999999992,0.0053558000000000008,0.047969199999999997,-0.0196782,0.019760199999999999,0.016580800000000003,-0.038919799999999997,0.027440799999999998,-0.050621200000000005,-0.033559600000000002,0.070060800000000006,-0.057681999999999997,0.20625979999999999,-0.039660000000000001,0.0056691999999999992,-0.0052618000000000005,-0.0012994,-0.0226558,0.0081528000000000017,0.045424800000000001,-0.0030454000000000002,-0.0065671999999999996,-0.0103214,-0.022230400000000001,0.021641199999999999,0.014042799999999998,0.0245878,0.0126672,-0.0089525999999999998,0.010344800000000001,0.0021609999999999997,-0.045560400000000001,0.00034139999999999952,-0.0034074000000000001,-0.00047099999999999996,0.0074833999999999977,-0.078975000000000004,-0.0022785999999999995,-0.020420599999999997,0.011026000000000005,-0.0098304000000000048,-0.0017906000000000003,0.0026380000000000002,0.0193048,0.010901000000000001,0.0022899999999999999,-0.011676000000000001,0.005999,0.0049487999999999997,-0.0028117999999999997,0.0059318000000000001,0.0015146000000000001,-0.0040617999999999974,0.0057647999999999996,0.0036029999999999999,-0.0010072000000000006,-0.019259000000000002,-0.0066386000000000006,0.022403599999999999,-0.0113562,-0.0045170000000000002,-0.0070006000000000009,-0.0080418000000000017,0.010092800000000001,-0.0138992,0.0028254000000000013,0.0053188000000000003,-0.0042993999999999984,0.016990999999999999,0.010704999999999999,0.0023498,0.015107600000000001,-0.0167864,0.0087565999999999998,0.00087980000000000003,-0.0018710000000000001,-0.0067940000000000006,0.0141584,-0.0022525999999999996,0.0052723999999999991,-0.0031028000000000002,0.0056777999999999993,-0.00012439999999999977,-0.0030942000000000001,0.0046635999999999995,0.0153896,0.0026742000000000003,-0.0015330000000000001,0.0080674000000000006,-0.0134962,0.0073454000000000002,-0.0073894,0.014127000000000001,-0.0038722000000000001,-0.0047413999999999998,0.0082757999999999998,0.00010380000000000025,0.0043699999999999998,-0.013521,-0.0011310000000000001,0.0051267999999999999,0.011470200000000002,-0.0037886,-0.0088589999999999988,-0.015335400000000001,-0.0058804000000000009,-0.0064279999999999997,-0.0045520000000000005,0.0066544000000000004,0.0034399999999999999,0.015516800000000001,-0.014104799999999999,-8.0599999999999682e-05,-0.00039879999999999999,-0.00044620000000000006,-0.0034319999999999997,-0.0022287999999999995,-0.00030600000000000007,0.0030324000000000006,0.0010402,-0.0019499999999999999,0.0059485999999999992,-0.00013200000000000017,0.0012101999999999998,0.0064986000000000002,-0.0023892000000000002,-0.0007601999999999995,6.5800000000000407e-05,-1.399999999999969e-05,-0.00031339999999999992,-0.0071568000000000005,-0.00088999999999999995,0.0067076000000000002,-0.0021596000000000007,0.0042442000000000009,-0.0014755999999999999,-0.0014668000000000001,-0.00073039999999999997,-0.0049821999999999991,-0.0061963999999999995,0.0031684,-0.00094559999999999957,0.014654399999999998,0.0030762000000000003,-0.012874,0.0089443999999999999,0.003023399999999999,0.00090720000000000004,0.0065354000000000002,0.0035232000000000002,-0.0039302,0.0011336,-0.0206404,0.0036228000000000007,-0.00052800000000000004,-0.0028362000000000001,0.015531799999999998,-0.0015508,-0.001402,0.0022669999999999999,-0.0033002000000000005,-0.0018703999999999999,0.00029300000000000007,0.003101,-0.0012228000000000002,-0.00039079999999999974,-0.0006379999999999999,0.00058319999999999986,-0.0010265999999999999,0.0019667999999999995,-0.0014345999999999999,0.0028668000000000001,-0.0029743999999999999,-0.00033080000000000002,-0.00033759999999999991,0.00068219999999999999,-6.7999999999999484e-06,0.0038429999999999996,0.0040542,-0.00045500000000000011,-0.0035345999999999997,0.00025079999999999981,0.0029976,-0.00044039999999999986,0.0059048,0.0098788000000000001,-0.0012566000000000003,0.00088860000000000002,0.0027194000000000003,-0.0029510000000000001,-0.0028944000000000001,-0.0005934,0.0034163999999999996,0.0048866000000000005,-0.0050946000000000003,-0.0016462000000000004,0.0038256000000000002,-0.00053379999999999964,-0.00063820000000000066,0.0033173999999999999,-0.0020146000000000001,-0.00045140000000000046,-0.0042216000000000007,0.003617,-0.0116484,0.008002200000000001,-0.011997600000000001,-0.00035479999999999973,-0.0060156000000000003,0.0026212000000000002,-0.00044779999999999993,-0.0026362000000000004,-0.0019654,-0.0016474000000000003,0.005942600000000001,0.00037440000000000005,5.1800000000000012e-05,-0.00035919999999999995,-0.0032188,0.00020939999999999999,0.0053712000000000005,-0.00099180000000000015,0.0015844000000000001,0.00087700000000000018,0.00055420000000000003,0.0009502,-0.0008986000000000007,-0.0022924,0.0013014000000000003,0.0012652000000000002,0.00016419999999999998,0.0025658,-0.0059546,0.00068720000000000001,0.0030867999999999998,-0.0011819999999999997,-0.00081339999999999982,0.0026515999999999996,0.004764,0.0035169999999999997,0.00063880000000000002,0.0040070000000000001,-0.0024510000000000001,-0.0035790000000000001,0.007070400000000001,0.00013319999999999999,1.4399999999999835e-05,0.00047799999999999991,0.0039404000000000002,-0.0023092,0.00041400000000000009,-0.0010227999999999999,0.0016841999999999998,-0.0035552000000000001,0.0028612000000000004,-0.00023799999999999993,0.00080760000000000001,-0.00018179999999999976,-9.2000000000000068e-06,-0.0016413999999999997,0.0022328000000000001,0.0042594,9.5999999999997997e-06,-0.0015984000000000003,-0.0104498,0.0050860000000000002,-0.00018619999999999997,-0.0006642000000000001,0.00098260000000000014,0.0039611999999999998,0.0007490000000000001,0.0011962000000000001,0.00015659999999999996,0.001354,-0.0024184000000000002,0.0016254000000000002,-0.00031439999999999994,-0.0017104000000000002,-0.00010859999999999993,-0.00012679999999999994,0.00099520000000000012,-0.0018143999999999999,-0.00029740000000000002,-0.00080859999999999981,0.00057120000000000011,-0.0017024,-0.0004414,-0.00010600000000000008,0.0010454000000000004,-0.0012098,-0.0012174,0.0020250000000000003,9.6999999999999864e-05,-0.00013139999999999994,0.00058639999999999994,-0.00015780000000000004,-0.0014130000000000002,0.0010730000000000002,-0.001702,-0.0015818,0.0030688000000000004,0.0017564,0.0024181999999999997,0.0017755999999999996,0.0019362000000000003,-0.00069399999999999996,-3.780000000000016e-05,-0.00115,0.0017874000000000002,-0.00021959999999999997,0.0046662000000000006,0.0026939999999999998,0.00089860000000000005,-0.00037599999999999992,0.00015759999999999993,-0.0025308000000000002,-0.00055600000000000007,0.00068859999999999993,-0.0022478000000000003,0.0060477999999999999,-0.0041159999999999999,0.0015238000000000001,-0.0048338000000000001,0.0025945999999999999,0.0055899999999999995,-0.0017694,0.0031387999999999997,-0.0042756000000000018,-0.0065932000000000004,0.00022660000000000003,5.3399999999999943e-05,-0.00011939999999999997,0.0044495999999999997,-0.0014030000000000002,-0.00028800000000000001,-0.0011568000000000001,0.00053939999999999999,0.0005394000000000001,-0.0011242000000000001,-0.0007806,0.00048919999999999996,-0.0020144000000000004,-0.00013220000000000001,0.00089520000000000008,-0.0023931999999999998,-0.00066560000000000002,-0.0046026000000000001,0.0030744000000000001,0.00083160000000000005,-0.00049980000000000001,0.0010528,-0.0011314000000000001,-0.0019691999999999999,8.4600000000000213e-05,0.00051600000000000007,0.00053320000000000006,0.0011275999999999999,-0.00046220000000000001,0.0020043999999999999,-0.0024608000000000004,-0.0015478,0.0019814000000000003,-0.00085279999999999991,0.0015647999999999999,9.0999999999999989e-05,0.0028561999999999997,-0.0011372000000000001,0.0014076,-0.0037767999999999999,-0.0022850000000000001,-0.0012285999999999998,-0.0013248000000000001,0.0029935999999999999,-0.0013343999999999999,-0.00030340000000000011,0.00046640000000000001,0.0026265999999999998,-0.001794,0.0022898000000000003,-0.0014908,0.0013988,-0.00011720000000000003,-0.0004504,-0.00052720000000000024,-0.00064459999999999984,0.0013804000000000004,0.0025032000000000006,-0.0010282000000000004,0.0027033999999999999,0.0024139999999999999,-0.0026443999999999999,0.0013806000000000001,-0.00050979999999999992,0.00010380000000000025,0.0015726,0.0016067999999999998,0.00055579999999999952,-0.0012664,0.00090379999999999996,0.0010508,-0.00035959999999999996,-0.00037080000000000001,-0.00027240000000000006,0.00044119999999999994,-0.0003522000000000001,-0.00078600000000000002,0.00038699999999999997,-0.00068940000000000006,0.0005478000000000002,0.0024666000000000002,-0.0018874,0.00058580000000000004,-0.00038420000000000001,0.00046179999999999995,-0.0010758,-0.0011589999999999999,-0.0015403999999999999,0.0016027999999999999,0.00013780000000000004,-0.0010262000000000001,-0.0012054000000000001,-0.0012526,0.0025101999999999998,-0.0013994000000000001,8.2799999999999953e-05,0.00052700000000000002,-8.0599999999999994e-05,-0.0019436000000000002,0.00024980000000000005,0.00034720000000000004,-0.0015852000000000002,-0.0004328,-0.00043480000000000016,0.00019260000000000002,0.00025140000000000004,-0.00078639999999999992,-0.00016479999999999999,0.00070180000000000004,0.00052280000000000002,0.00012740000000000001,0.00060960000000000007,0.00020799999999999999,0.0023252000000000004,0.00086899999999999998,-0.002313,-0.0012688,-0.0012062000000000002,0.0018324000000000003,0.0011278,-0.00084899999999999993,0.0013174000000000003,0.0020818,-0.0020444,5.5999999999999193e-06,0.0010118,-0.0014695999999999999,0.0021251999999999998,-0.0013538000000000001,0.00041779999999999996,0.0036006000000000002,-0.0023594000000000002,-0.0016229999999999999,0.0027472,-0.00064599999999999998,-0.00017640000000000006,0.00082799999999999996,0.0014626000000000001,0.0059702000000000002,-0.0014058,-0.00083960000000000003,0.00025540000000000014,-0.0034938,-0.0038152000000000004
aug_between_class_right_pair0032_child03,Healthy,0,0,Augmented,0,0,0,0,0,0.29719279999999998,2.2127241,1.3e-06,0,2.9999999999999999e-07,0.96562720000000002,4.1359030627651384e-25,0.0473441,-0.13847029999999999,0.013539100000000002,0.0685085,-0.078306899999999999,0.084419399999999992,-0.0117033,0.0070616000000000003,-0.0177948,-0.1105757,0.34716370000000002,-0.057232499999999999,0.0091844999999999982,0.054707599999999995,-0.010343599999999998,-0.019560500000000001,-0.0042503999999999997,-0.049770500000000002,0.0266565,0.0074717999999999972,-0.0374653,0.0070605999999999993,-0.090883900000000004,0.0068592000000000011,0.046938799999999996,-0.0189713,0.020801799999999999,0.0154777,-0.0384327,0.025713199999999999,-0.048791300000000003,-0.037531400000000006,0.0693357,-0.059875499999999998,0.20157369999999999,-0.038533499999999998,0.0052668000000000003,-0.0047806999999999997,-0.0021841000000000005,-0.022860199999999997,0.0082187000000000007,0.044498700000000002,-0.0028701,-0.0066102999999999995,-0.0104831,-0.021947600000000001,0.021004300000000004,0.016140700000000001,0.0226857,0.0131293,-0.0081314000000000004,0.0107612,0.0046454999999999986,-0.046710100000000004,0.0011711,-0.0037176000000000002,-0.00074849999999999992,0.0099346000000000018,-0.078034999999999993,-0.0028234000000000011,-0.020367900000000001,0.011709000000000001,-0.0081010999999999982,-0.0016409,0.0019224999999999997,0.019096200000000001,0.011689999999999999,0.0022655000000000002,-0.011604,0.0063745,0.0044101999999999995,-0.0031936999999999998,0.0061896999999999994,0.001153400000000001,-0.004265200000000002,0.0057601999999999992,0.0036640000000000002,-0.0012302999999999993,-0.019217999999999999,-0.0047419000000000003,0.021498899999999998,-0.011143799999999999,-0.0042710000000000005,-0.005857900000000001,-0.0085962,0.010195699999999999,-0.013300299999999999,0.0030046000000000005,0.0048552000000000005,-0.0052690999999999997,0.0152135,0.0099600000000000001,0.0032287000000000001,0.013580400000000001,-0.015446600000000001,0.0090244000000000001,0.0008162,-0.0018295,-0.0067559999999999999,0.013720099999999999,-0.0029483999999999999,0.0048770999999999979,-0.0032932,0.0054697000000000001,5.5899999999999353e-05,-0.0027337999999999998,0.0040589000000000007,0.0154229,0.0029243000000000003,-0.0029039999999999999,0.0085961000000000006,-0.013135299999999999,0.0063590999999999995,-0.0072461000000000001,0.014127499999999999,-0.0031952999999999999,-0.0046831000000000008,0.0079176999999999997,0.00010869999999999977,0.0040955000000000002,-0.012016499999999999,-0.0018144999999999999,0.0053202000000000006,0.0107723,-0.0038909000000000001,-0.0079689999999999987,-0.015627600000000002,-0.0057806000000000003,-0.0063464999999999997,-0.0056565000000000009,0.0070565999999999997,0.0034444999999999996,0.0142477,-0.013725699999999999,0.0002921,-0.00042719999999999998,-0.00023230000000000006,-0.0033215000000000002,-0.0014581999999999993,-0.0010260000000000002,0.0028100999999999998,0.0005593000000000002,-0.001738,0.0056423999999999988,-0.00022949999999999989,0.0014058,0.0072988999999999988,-0.0024062999999999997,-0.0008878,-0.00075380000000000011,-0.0008855,-0.00090709999999999999,-0.0073617000000000005,-0.0011574999999999999,0.0072839000000000003,-0.0021724000000000001,0.0036512999999999997,-0.0016303999999999997,-0.0026551999999999999,-0.0013426000000000002,-0.004365299999999999,-0.0061156000000000005,0.0037290999999999999,-0.0014113999999999997,0.014005099999999998,0.0037923000000000006,-0.013343000000000001,0.0083650999999999986,0.0038440999999999996,0.0012148,0.0070176000000000006,0.0038308000000000005,-0.0040157999999999999,0.0012888999999999999,-0.0200906,0.0033552000000000005,-0.0005824999999999999,-0.0031813000000000002,0.0149462,-0.0014662,-0.0016045,0.0023135,-0.0030758000000000001,-0.0021746000000000001,0.00036400000000000007,0.0033484999999999995,-0.0010046999999999999,-0.00063020000000000003,-0.00037399999999999977,0.00014979999999999985,-0.00087540000000000014,0.0015961999999999997,-0.0011823999999999999,0.0028451999999999996,-0.0031335999999999998,-0.00010369999999999997,-0.00017039999999999991,0.00097679999999999989,-8.420000000000042e-05,0.0033774999999999994,0.0038527999999999995,-0.00029100000000000003,-0.0036408999999999999,0.00046319999999999955,0.0021484,0.00041090000000000007,0.0059081999999999997,0.0092626999999999987,-0.00084690000000000026,0.00086189999999999997,0.0029535999999999998,-0.0027285,-0.0028585999999999998,-5.3100000000000044e-05,0.0033651000000000006,0.0037733999999999997,-0.0049994000000000002,-0.0018573000000000001,0.0038094000000000001,3.2299999999999864e-05,-0.00068729999999999963,0.0032545999999999999,-0.0021773999999999995,-0.00031510000000000002,-0.0036598999999999998,0.0032095000000000001,-0.0118861,0.0081118000000000006,-0.011441400000000001,9.5300000000000419e-05,-0.0064734000000000007,0.0026718000000000002,-0.0005907000000000001,-0.0028313000000000001,-0.0017875999999999999,-0.0014396000000000001,0.0057178999999999997,0.00025110000000000003,-1.2999999999999774e-06,-0.00031030000000000006,-0.0030081999999999999,0.00014459999999999999,0.0053607999999999998,-0.0011041999999999998,0.0014900999999999998,0.00051800000000000001,0.00042379999999999989,0.0015647999999999999,-0.00034590000000000055,-0.0021626000000000002,0.0010891,0.0010417999999999998,4.7800000000000186e-05,0.0027962,-0.0060274000000000005,0.0008648000000000001,0.0029416999999999994,-0.0013849999999999999,-0.0007415999999999997,0.0025518999999999997,0.0041629999999999992,0.0035834999999999999,0.00077169999999999995,0.0037490000000000002,-0.0022420000000000001,-0.0036514999999999994,0.0074876000000000005,0.00021680000000000001,-0.00064990000000000002,0.00056850000000000021,0.0037235999999999997,-0.0025148000000000002,0.00073099999999999988,-0.0012117,0.0022247999999999999,-0.0035897999999999998,0.0024032999999999997,-0.00031649999999999994,0.00046289999999999992,-0.00034769999999999983,0.00037870000000000026,-0.0014861000000000002,0.0023991999999999998,0.0048970999999999997,-9.8599999999999903e-05,-0.0013075999999999995,-0.0108167,0.0047655000000000006,-0.00026030000000000009,-0.00055380000000000002,0.00099139999999999992,0.0039028000000000001,0.00067650000000000002,0.0012742999999999995,0.00022239999999999998,0.0013515000000000001,-0.0022256000000000003,0.0017336000000000001,-0.00022959999999999983,-0.0017396,-5.2399999999999973e-05,-0.00047870000000000003,0.00085929999999999991,-0.0015845999999999998,-0.0003771,-0.00049889999999999982,0.00028980000000000011,-0.0013510999999999998,-0.00018659999999999998,0.00015399999999999984,0.00067760000000000021,-0.0011057,-0.0013611000000000001,0.0017855000000000002,7.8500000000000011e-05,-1.5099999999999988e-05,0.00035059999999999996,-0.00036170000000000017,-0.001397,0.00089249999999999985,-0.0017505000000000001,-0.0015926999999999998,0.0030361999999999997,0.0012470999999999997,0.0026487999999999998,0.0014583999999999999,0.0017137999999999997,-0.00076099999999999996,0.00019680000000000001,-0.00088649999999999959,0.0017591,-0.00024890000000000003,0.0046757999999999999,0.0027034999999999997,0.00091990000000000019,-0.00023249999999999996,0.0002413999999999998,-0.0017762000000000001,-0.00066799999999999997,0.00042190000000000001,-0.0025292000000000001,0.0055557000000000002,-0.0040924999999999998,0.0015171999999999998,-0.0049597,0.0020778999999999997,0.0057055000000000005,-0.0019366000000000001,0.0033576999999999999,-0.0042959000000000009,-0.0065077999999999993,0.00028139999999999996,0.00017309999999999995,-0.00020209999999999987,0.0044259,-0.0011795,-0.00023449999999999995,-0.0012112,0.00055360000000000001,0.00048260000000000002,-0.0011307999999999999,-0.00080489999999999989,0.0004997999999999999,-0.0019955999999999997,-0.00019730000000000003,0.0011163000000000002,-0.0024298000000000002,-0.00077089999999999993,-0.0044069000000000001,0.0028371,0.00088039999999999993,-0.0005777,0.00090020000000000009,-0.00087410000000000005,-0.0018352999999999998,0.00044190000000000006,0.00054000000000000001,0.00057779999999999995,0.0013458999999999999,-0.00075980000000000015,0.0020090999999999998,-0.0020752000000000001,-0.0014266999999999999,0.0021225999999999997,-0.00065769999999999999,0.0016516999999999999,7.6000000000000058e-05,0.0022562999999999993,-0.00075379999999999989,0.0013278999999999999,-0.0035871999999999996,-0.0023835000000000002,-0.00079639999999999984,-0.0012906999999999999,0.0026578999999999995,-0.0015861,-0.00057209999999999997,0.0003101,0.0024898999999999998,-0.0015780000000000002,0.0024067000000000003,-0.0012631999999999999,0.0013022000000000001,-3.9299999999999925e-05,-0.00052459999999999996,-0.00014229999999999988,-0.00063939999999999993,0.0012565999999999996,0.0022673000000000003,-0.00057379999999999974,0.0024441000000000003,0.0026485000000000002,-0.0027850999999999996,0.0012534,-0.0003277000000000001,-0.00019030000000000045,0.0017069000000000001,0.0013841999999999999,0.00058620000000000026,-0.0010191,0.00097169999999999993,0.00082120000000000001,-0.00042089999999999999,-0.00027619999999999999,-0.0003701,0.00041079999999999996,-0.00047530000000000011,-0.00067849999999999996,0.00054650000000000011,-0.00079560000000000004,0.00049319999999999985,0.0023499000000000003,-0.0017515999999999999,0.00084869999999999998,-0.00030430000000000002,0.00076420000000000004,-0.0010687000000000001,-0.00089299999999999981,-0.0011315999999999998,0.0013801999999999996,2.1999999999999993e-06,-0.0010493000000000002,-0.00089959999999999997,-0.0010643999999999996,0.0023387999999999998,-0.0013621,0.00013020000000000002,0.00026650000000000003,4.6000000000000305e-06,-0.0020749000000000002,0.00023769999999999998,0.00022879999999999998,-0.0016548000000000001,-0.00062519999999999991,-0.00036419999999999985,0.00016790000000000002,0.00026710000000000004,-0.00067409999999999996,-0.00036720000000000009,0.00049470000000000004,0.00081419999999999995,-1.4900000000000037e-05,0.00047590000000000002,0.00041649999999999999,0.0026283000000000001,0.0011075,-0.0021380000000000001,-0.0014457000000000001,-0.0009228000000000002,0.0016950999999999999,0.00095169999999999966,-0.00077749999999999976,0.0011115999999999999,0.0018106999999999997,-0.0020975999999999998,0.00032339999999999995,0.0011467000000000001,-0.0016528999999999999,0.0018572999999999999,-0.0013072000000000001,0.00028869999999999992,0.0034724000000000005,-0.0022566000000000001,-0.001701,0.0028872999999999998,-0.00068150000000000003,0.00019790000000000001,0.00082100000000000001,0.0015198999999999998,0.0060152999999999995,-0.0015662,-0.00086939999999999988,1.9600000000000043e-05,-0.0034732000000000001,-0.0035827999999999997
aug_between_class_right_pair0032_child04,Healthy,0,0,Augmented,0,0,0,0,0,0.29244439999999999,2.2028247999999997,1.3999999999999999e-06,0,3.9999999999999998e-07,0.94939960000000001,0,0.0465958,-0.13682839999999999,0.0131018,0.067389999999999992,-0.079120200000000002,0.0838092,-0.0122764,0.0073977999999999995,-0.016896399999999999,-0.11026660000000001,0.34115060000000003,-0.053641999999999995,0.0086430000000000014,0.054122799999999999,-0.0145588,-0.019843,-0.0034081999999999997,-0.050355999999999998,0.025145000000000001,0.0085553999999999977,-0.037647399999999998,0.0075517999999999991,-0.088819200000000001,0.0083626000000000013,0.045908399999999995,-0.0182644,0.021843399999999999,0.014374600000000001,-0.037945599999999996,0.023985599999999999,-0.0469614,-0.041503200000000004,0.068610599999999994,-0.062068999999999999,0.1968876,-0.037406999999999996,0.0048643999999999996,-0.0042995999999999998,-0.0030688000000000009,-0.023064599999999998,0.0082845999999999996,0.043572600000000003,-0.0026947999999999998,-0.0066533999999999994,-0.010644799999999999,-0.021664800000000001,0.020367400000000001,0.018238599999999997,0.020783599999999999,0.0135914,-0.0073101999999999993,0.011177600000000001,0.0071299999999999992,-0.047859800000000001,0.0020008000000000005,-0.0040277999999999998,-0.001026,0.012385799999999999,-0.077094999999999997,-0.0033682,-0.020315199999999999,0.012392000000000004,-0.0063717999999999986,-0.0014911999999999998,0.0012069999999999997,0.018887600000000001,0.012479000000000001,0.0022409999999999999,-0.011532000000000001,0.0067499999999999999,0.0038716000000000002,-0.0035756,0.0064476000000000004,0.00079220000000000072,-0.0044685999999999997,0.0057555999999999996,0.0037250000000000004,-0.0014534000000000005,-0.019177000000000003,-0.0028452000000000026,0.0205942,-0.010931400000000001,-0.0040250000000000008,-0.0047152000000000001,-0.0091506000000000018,0.010298600000000002,-0.0127014,0.0031838000000000014,0.0043916000000000007,-0.0062387999999999992,0.013436,0.0092149999999999992,0.0041076000000000003,0.0120532,-0.014106799999999999,0.0092922000000000005,0.00075260000000000008,-0.0017880000000000001,-0.006718,0.0132818,-0.0036441999999999998,0.0044818000000000002,-0.0034835999999999999,0.0052616,0.00023619999999999978,-0.0023733999999999999,0.0034541999999999997,0.0154562,0.0031744000000000004,-0.004275000000000001,0.0091248000000000006,-0.012774400000000002,0.0053727999999999996,-0.0071028000000000003,0.014128,-0.0025183999999999996,-0.0046248000000000001,0.0075595999999999997,0.00011359999999999973,0.0038209999999999997,-0.010512000000000001,-0.0024979999999999998,0.0055136000000000004,0.010074400000000001,-0.0039931999999999997,-0.0070789999999999985,-0.015919800000000001,-0.0056807999999999997,-0.0062649999999999997,-0.0067610000000000005,0.0074587999999999998,0.0034490000000000002,0.012978600000000002,-0.0133466,0.00066480000000000011,-0.00045560000000000002,-1.8399999999999973e-05,-0.0032109999999999999,-0.00068759999999999937,-0.0017460000000000004,0.0025877999999999999,7.8399999999999954e-05,-0.0015259999999999998,0.0053361999999999993,-0.00032700000000000025,0.0016014,0.0080991999999999991,-0.0024234,-0.0010154000000000001,-0.0015734,-0.0017570000000000001,-0.0015008000000000001,-0.0075666000000000006,-0.0014249999999999998,0.0078601999999999995,-0.0021852000000000004,0.0030583999999999993,-0.0017851999999999998,-0.0038436,-0.0019548000000000005,-0.0037483999999999998,-0.0060347999999999999,0.0042898000000000007,-0.0018771999999999994,0.013355799999999998,0.0045084000000000001,-0.013812,0.007785799999999999,0.0046648000000000002,0.0015224000000000001,0.0074998,0.0041384000000000004,-0.0041013999999999998,0.0014442000000000001,-0.019540799999999997,0.0030876000000000007,-0.0006370000000000002,-0.0035264000000000007,0.014360599999999999,-0.0013816,-0.001807,0.0023600000000000001,-0.0028514,-0.0024788000000000002,0.00043500000000000006,0.0035959999999999994,-0.00078659999999999993,-0.00086959999999999989,-0.00010999999999999996,-0.00028360000000000017,-0.00072419999999999993,0.0012255999999999996,-0.00093019999999999984,0.0028235999999999999,-0.0032927999999999998,0.00012340000000000002,-3.1999999999999152e-06,0.0012714000000000002,-0.00016160000000000024,0.0029119999999999997,0.0036514,-0.00012699999999999951,-0.0037472,0.00067559999999999973,0.0012992000000000004,0.0012622000000000004,0.0059115999999999995,0.0086465999999999991,-0.00043720000000000011,0.00083520000000000003,0.0031878000000000002,-0.002506,-0.0028227999999999999,0.00048719999999999997,0.0033138,0.0026601999999999997,-0.0049041999999999992,-0.0020684000000000006,0.0037932,0.00059840000000000067,-0.0007363999999999999,0.0031917999999999998,-0.0023401999999999997,-0.00017880000000000001,-0.0030981999999999997,0.0028020000000000002,-0.012123800000000001,0.0082214000000000002,-0.010885200000000001,0.00054540000000000057,-0.0069312000000000002,0.0027223999999999998,-0.00073360000000000005,-0.0030264000000000003,-0.0016098,-0.0012318000000000001,0.0054931999999999993,0.00012780000000000002,-5.4399999999999967e-05,-0.00026139999999999996,-0.0027975999999999999,7.9799999999999988e-05,0.0053503999999999999,-0.0012166,0.0013958,0.00015900000000000029,0.00029339999999999998,0.0021793999999999997,0.00020679999999999961,-0.0020328,0.00087679999999999995,0.00081839999999999984,-6.8600000000000041e-05,0.0030266,-0.0061002000000000001,0.0010424000000000002,0.0027965999999999998,-0.0015879999999999998,-0.0006697999999999998,0.0024521999999999999,0.0035620000000000001,0.0036499999999999996,0.00090459999999999998,0.0034910000000000002,-0.0020330000000000001,-0.0037240000000000003,0.0079048,0.00030039999999999998,-0.0013142000000000004,0.00065900000000000008,0.0035068,-0.0027204,0.0010480000000000003,-0.0014005999999999997,0.0027653999999999995,-0.0036243999999999998,0.0019453999999999999,-0.00039499999999999974,0.00011819999999999995,-0.00051359999999999947,0.00076660000000000031,-0.0013308,0.0025655999999999999,0.0055348000000000003,-0.00020680000000000004,-0.0010167999999999996,-0.0111836,0.0044450000000000002,-0.00033440000000000005,-0.0004434000000000001,0.0010001999999999999,0.0038444,0.00060399999999999994,0.0013523999999999999,0.00028820000000000001,0.0013489999999999999,-0.0020328000000000004,0.0018418000000000002,-0.00014479999999999994,-0.0017688000000000001,3.7999999999999839e-06,-0.00083059999999999991,0.00072339999999999991,-0.0013548,-0.00045680000000000004,-0.00018919999999999983,8.4000000000000958e-06,-0.00099979999999999991,6.8200000000000031e-05,0.00041400000000000003,0.00030980000000000005,-0.0010016000000000001,-0.0015048000000000001,0.0015460000000000001,5.9999999999999941e-05,0.00010120000000000007,0.0001148,-0.00056560000000000009,-0.0013810000000000001,0.00071199999999999996,-0.001799,-0.0016035999999999999,0.0030035999999999999,0.00073780000000000004,0.0028793999999999998,0.0011412,0.0014913999999999999,-0.00082799999999999996,0.00043139999999999997,-0.00062299999999999975,0.0017308000000000002,-0.00027819999999999999,0.0046854000000000002,0.0027129999999999997,0.00094119999999999989,-8.8999999999999914e-05,0.0003252000000000001,-0.0010215999999999997,-0.00078000000000000009,0.00015519999999999987,-0.0028105999999999999,0.0050635999999999997,-0.0040689999999999997,0.0015106,-0.0050856,0.0015612,0.0058209999999999998,-0.0021038000000000003,0.0035766000000000001,-0.0043162000000000001,-0.0064224,0.00033619999999999999,0.00029279999999999996,-0.00028479999999999998,0.0044021999999999993,-0.00095600000000000014,-0.00018100000000000006,-0.0012656,0.00056780000000000003,0.00042580000000000005,-0.0011374,-0.00082919999999999999,0.00051039999999999983,-0.0019767999999999999,-0.00026240000000000004,0.0013374000000000003,-0.0024663999999999997,-0.00087620000000000005,-0.0042112,0.0025998000000000002,0.00092920000000000003,-0.0006556,0.00074760000000000007,-0.00061679999999999981,-0.0017013999999999998,0.00079920000000000013,0.00056399999999999994,0.00062240000000000006,0.0015642,-0.0010574,0.0020137999999999996,-0.0016895999999999999,-0.0013055999999999999,0.0022637999999999998,-0.00046260000000000008,0.0017385999999999999,6.1000000000000019e-05,0.0016563999999999995,-0.00037039999999999995,0.0012482000000000001,-0.0033976000000000002,-0.0024820000000000003,-0.00036419999999999985,-0.0012566000000000001,0.0023221999999999991,-0.0018378000000000001,-0.00084080000000000005,0.0001538,0.0023531999999999997,-0.0013620000000000001,0.0025236000000000004,-0.0010356,0.0012056,3.8600000000000179e-05,-0.00059880000000000003,0.00024260000000000002,-0.0006341999999999998,0.0011327999999999998,0.0020314,-0.00011939999999999976,0.0021847999999999998,0.0028830000000000001,-0.0029258000000000001,0.0011261999999999999,-0.00014559999999999996,-0.00048440000000000028,0.0018412000000000001,0.0011615999999999996,0.0006165999999999997,-0.00077179999999999989,0.0010395999999999999,0.00059159999999999985,-0.00048220000000000001,-0.00018159999999999997,-0.00046780000000000004,0.00038039999999999987,-0.00059840000000000002,-0.000571,0.00070600000000000003,-0.00090180000000000002,0.00043859999999999998,0.0022332000000000003,-0.0016157999999999997,0.0011115999999999999,-0.00022439999999999998,0.0010666,-0.0010616,-0.00062699999999999984,-0.00072279999999999957,0.0011575999999999999,-0.0001334000000000001,-0.0010724,-0.00059380000000000001,-0.00087619999999999983,0.0021673999999999999,-0.0013248000000000001,0.00017759999999999998,5.9999999999999087e-06,8.9800000000000014e-05,-0.0022062000000000002,0.00022560000000000001,0.00011039999999999996,-0.0017243999999999998,-0.00081760000000000014,-0.00029359999999999976,0.00014320000000000001,0.00028280000000000004,-0.00056179999999999989,-0.00056960000000000008,0.00028759999999999994,0.0011056,-0.00015720000000000008,0.00034220000000000002,0.00062500000000000012,0.0029314000000000002,0.001346,-0.0019629999999999999,-0.0016226000000000003,-0.00063940000000000015,0.0015577999999999998,0.00077559999999999988,-0.0007059999999999996,0.0009057999999999999,0.0015395999999999999,-0.0021507999999999996,0.00064119999999999986,0.0012815999999999999,-0.0018362000000000001,0.0015893999999999997,-0.0012606,0.00015959999999999998,0.0033442000000000003,-0.0021538,-0.0017789999999999998,0.0030274,-0.00071699999999999997,0.00057220000000000014,0.00081399999999999994,0.0015772,0.0060604000000000005,-0.0017266,-0.00089920000000000006,-0.00021620000000000005,-0.0034526000000000001,-0.0033504000000000008
aug_between_class_right_pair0032_child05,TLE,1,1,Augmented,0,0,0,0,0,0.28294760000000002,2.1830262,1.6000000000000001e-06,0,5.9999999999999997e-07,0.91694439999999999,0,0.045099199999999999,-0.13354460000000001,0.012227200000000001,0.065152999999999989,-0.080746800000000007,0.08258879999999999,-0.0134226,0.0080701999999999996,-0.015099600000000001,-0.10964839999999999,0.32912439999999998,-0.046460999999999995,0.0075599999999999973,0.052953199999999999,-0.022989200000000001,-0.020408000000000003,-0.0017238000000000004,-0.051527000000000003,0.022121999999999999,0.010722599999999999,-0.0380116,0.0085341999999999987,-0.084689799999999996,0.011369399999999998,0.0438476,-0.0168506,0.023926599999999999,0.012168400000000001,-0.036971400000000001,0.020530399999999997,-0.043301600000000003,-0.049446799999999999,0.067160400000000009,-0.066456000000000001,0.1875154,-0.035153999999999998,0.0040596,-0.0033373999999999999,-0.0048382000000000008,-0.023473399999999998,0.008416400000000001,0.041720399999999998,-0.0023442000000000003,-0.0067396000000000001,-0.010968200000000001,-0.021099199999999999,0.019093600000000002,0.0224344,0.016979400000000002,0.0145156,-0.0056678000000000006,0.012010399999999999,0.012099,-0.050159200000000001,0.0036601999999999997,-0.0046481999999999999,-0.0015809999999999999,0.017288199999999997,-0.075215000000000004,-0.0044577999999999996,-0.0202098,0.013757999999999996,-0.0029132000000000029,-0.0011918,-0.00022399999999999975,0.018470399999999998,0.014057,0.0021919999999999999,-0.011388000000000001,0.0075010000000000007,0.0027943999999999998,-0.0043394000000000002,0.0069633999999999998,6.9800000000000938e-05,-0.0048754000000000002,0.0057463999999999996,0.0038469999999999997,-0.0018996000000000004,-0.019095000000000001,0.000948199999999998,0.018784800000000001,-0.010506600000000001,-0.0035330000000000001,-0.0024298000000000011,-0.010259400000000002,0.010504400000000001,-0.011503599999999999,0.0035422000000000006,0.0034644000000000003,-0.0081782000000000001,0.0098810000000000009,0.0077249999999999992,0.0058653999999999998,0.0089988000000000012,-0.0114272,0.0098278000000000011,0.00062540000000000013,-0.0017049999999999999,-0.0066420000000000003,0.0124052,-0.0050358,0.0036912000000000004,-0.0038644,0.0048453999999999997,0.00059680000000000019,-0.0016526000000000002,0.0022448000000000008,0.0155228,0.0036746000000000001,-0.0070170000000000007,0.010182200000000001,-0.0120526,0.0034001999999999999,-0.0068161999999999997,0.014128999999999999,-0.0011646,-0.0045082000000000004,0.0068434000000000004,0.00012340000000000007,0.0032720000000000002,-0.0075030000000000001,-0.0038649999999999999,0.0059004000000000001,0.0086786000000000016,-0.0041977999999999998,-0.0052989999999999999,-0.0165042,-0.0054812000000000003,-0.0061019999999999998,-0.0089700000000000005,0.0082632000000000001,0.0034579999999999997,0.010440400000000001,-0.0125884,0.0014102000000000003,-0.00051240000000000009,0.00040939999999999998,-0.0029899999999999996,0.00085360000000000015,-0.0031860000000000005,0.0021432000000000009,-0.00088339999999999946,-0.0011019999999999999,0.0047238000000000002,-0.00052199999999999989,0.0019926000000000002,0.009699799999999998,-0.0024575999999999999,-0.0012705999999999996,-0.0032126000000000004,-0.0034999999999999996,-0.0026881999999999995,-0.0079763999999999998,-0.0019599999999999999,0.0090127999999999996,-0.002210800000000001,0.0018726000000000005,-0.0020948,-0.0062203999999999992,-0.0031792000000000001,-0.0025146000000000001,-0.0058732000000000003,0.0054111999999999997,-0.0028087999999999998,0.012057199999999999,0.0059406000000000007,-0.014749999999999999,0.0066271999999999989,0.0063061999999999997,0.0021375999999999999,0.0084641999999999998,0.0047536000000000002,-0.0042726000000000005,0.0017547999999999999,-0.018441199999999998,0.0025524000000000002,-0.00074599999999999992,-0.0042166,0.0131894,-0.0012124,-0.002212,0.0024529999999999999,-0.0024026000000000004,-0.0030872,0.00057700000000000004,0.004091,-0.00035040000000000006,-0.0013483999999999998,0.00041800000000000002,-0.0011503999999999998,-0.00042179999999999995,0.00048439999999999985,-0.00042580000000000005,0.0027804000000000001,-0.0036111999999999997,0.00057759999999999995,0.00033120000000000003,0.0018605999999999998,-0.00031639999999999988,0.0019809999999999997,0.0032485999999999995,0.00020100000000000022,-0.0039598000000000003,0.0011003999999999996,-0.00039919999999999973,0.0029647999999999992,0.0059183999999999999,0.0074143999999999998,0.00038219999999999975,0.00078180000000000003,0.0036561999999999996,-0.0020609999999999999,-0.0027512000000000001,0.0015677999999999998,0.0032112,0.00043380000000000003,-0.0047138000000000006,-0.0024905999999999999,0.0037607999999999999,0.0017306000000000001,-0.00083460000000000045,0.0030661999999999998,-0.0026658000000000003,9.3799999999999786e-05,-0.0019748000000000001,0.0019870000000000005,-0.0125992,0.0084405999999999995,-0.0097727999999999999,0.0014456000000000009,-0.007846800000000001,0.0028235999999999999,-0.0010194,-0.0034166000000000001,-0.0012542,-0.0008162,0.0050438000000000002,-0.00011879999999999996,-0.0001606,-0.00016359999999999997,-0.0023764000000000003,-4.9800000000000004e-05,0.0053296000000000003,-0.0014414,0.0012072000000000001,-0.00055899999999999971,3.2600000000000074e-05,0.0034085999999999995,0.0013121999999999995,-0.0017731999999999999,0.00045220000000000015,0.00037160000000000003,-0.00030139999999999985,0.0034873999999999999,-0.0062458000000000001,0.0013976000000000001,0.0025063999999999998,-0.0019939999999999997,-0.00052619999999999978,0.0022528000000000001,0.0023600000000000001,0.0037829999999999999,0.0011704,0.0029750000000000002,-0.0016149999999999997,-0.003869,0.0087391999999999991,0.00046759999999999998,-0.0026427999999999994,0.00083999999999999982,0.0030731999999999999,-0.0031316,0.0016819999999999999,-0.0017783999999999999,0.0038465999999999995,-0.0036936,0.0010296000000000001,-0.00055199999999999997,-0.0005711999999999999,-0.00084540000000000006,0.0015423999999999998,-0.0010202000000000002,0.0028983999999999998,0.0068101999999999998,-0.00042319999999999988,-0.00043519999999999974,-0.0119174,0.0038040000000000001,-0.00048259999999999991,-0.00022260000000000015,0.0010177999999999999,0.0037276000000000002,0.0004590000000000001,0.0015085999999999999,0.00041980000000000001,0.0013439999999999999,-0.0016472000000000001,0.0020582,2.4800000000000169e-05,-0.0018272000000000002,0.00011620000000000011,-0.0015343999999999998,0.00045159999999999997,-0.00089519999999999997,-0.00061620000000000002,0.00043019999999999994,-0.0005543999999999996,-0.00029719999999999991,0.00057779999999999973,0.00093399999999999993,-0.00042579999999999983,-0.00079339999999999988,-0.0017922000000000001,0.0010670000000000002,2.3000000000000017e-05,0.00033379999999999998,-0.00035679999999999989,-0.00097340000000000002,-0.0013489999999999999,0.00035099999999999997,-0.0018959999999999999,-0.0016253999999999999,0.0029383999999999999,-0.00028079999999999994,0.0033406,0.00050679999999999996,0.0010466,-0.00096199999999999996,0.00090059999999999988,-9.5999999999999948e-05,0.0016742000000000003,-0.0003368,0.0047045999999999998,0.0027319999999999996,0.00098380000000000017,0.00019799999999999999,0.00049280000000000005,0.00048759999999999993,-0.0010039999999999997,-0.00037819999999999998,-0.0033734000000000004,0.0040794000000000004,-0.0040219999999999995,0.0014973999999999999,-0.0053374,0.00052780000000000036,0.0060520000000000001,-0.0024381999999999997,0.0040143999999999996,-0.0043568000000000001,-0.0062516000000000004,0.00044580000000000005,0.00053219999999999993,-0.00045019999999999999,0.0043547999999999998,-0.00050900000000000012,-7.3999999999999956e-05,-0.0013744000000000002,0.00059620000000000007,0.0003122,-0.0011505999999999999,-0.00087779999999999998,0.00053159999999999991,-0.0019392000000000001,-0.00039260000000000006,0.0017796000000000003,-0.0025395999999999999,-0.0010868,-0.0038198000000000004,0.0021251999999999998,0.0010268000000000002,-0.00081139999999999999,0.00044240000000000007,-0.00010220000000000002,-0.0014335999999999999,0.0015137999999999998,0.00061199999999999991,0.00071159999999999984,0.0020007999999999996,-0.0016525999999999999,0.0020231999999999997,-0.00091840000000000031,-0.0010633999999999999,0.0025461999999999998,-7.2400000000000079e-05,0.0019123999999999999,3.1000000000000049e-05,0.00045659999999999971,0.0003964000000000002,0.0010888,-0.0030184000000000001,-0.002679,0.00050020000000000012,-0.0011884,0.0016508,-0.0023411999999999999,-0.0013782,-0.00015879999999999996,0.0020797999999999997,-0.00093000000000000016,0.0027574000000000001,-0.00058040000000000001,0.0010124000000000001,0.00019440000000000039,-0.00074719999999999995,0.0010123999999999999,-0.00062379999999999998,0.00088519999999999994,0.0015596000000000002,0.00078939999999999978,0.0016662000000000001,0.0033519999999999999,-0.0032071999999999999,0.00087180000000000005,0.00021859999999999978,-0.0010725999999999999,0.0021098000000000002,0.00071640000000000028,0.00067739999999999988,-0.00027720000000000012,0.0011754000000000001,0.00013239999999999997,-0.00060479999999999996,7.5999999999999137e-06,-0.00066320000000000007,0.00031959999999999991,-0.00084460000000000004,-0.00035600000000000003,0.0010249999999999999,-0.0011142000000000001,0.00032940000000000004,0.0019998000000000004,-0.0013441999999999998,0.0016373999999999998,-6.4600000000000012e-05,0.0016714,-0.0010474,-9.4999999999999815e-05,9.4799999999999973e-05,0.00071240000000000008,-0.00040460000000000002,-0.0011186,1.7799999999999782e-05,-0.00049980000000000001,0.0018246,-0.0012502000000000001,0.00027240000000000001,-0.00051500000000000005,0.00026019999999999998,-0.0024688000000000002,0.00020140000000000002,-0.00012639999999999996,-0.0018636,-0.0012023999999999997,-0.00015240000000000002,9.3799999999999949e-05,0.00031420000000000005,-0.00033720000000000001,-0.00097439999999999994,-0.00012659999999999993,0.0016884000000000001,-0.00044180000000000001,7.4800000000000083e-05,0.001042,0.0035376000000000006,0.001823,-0.0016130000000000001,-0.0019764000000000001,-7.2600000000000138e-05,0.0012832,0.00042339999999999999,-0.00056299999999999992,0.00049419999999999987,0.00099740000000000007,-0.0022572,0.0012767999999999998,0.0015513999999999999,-0.0022028,0.0010536,-0.0011674000000000001,-9.8600000000000011e-05,0.0030877999999999999,-0.0019482,-0.0019349999999999999,0.0033075999999999999,-0.00078800000000000007,0.0013208,0.00080000000000000004,0.0016917999999999998,0.0061506,-0.0020474,-0.0009588,-0.00068779999999999991,-0.0034114000000000002,-0.0028855999999999995
aug_between_class_right_pair0032_child06,TLE,1,1,Augmented,0,0,0,0,0,0.27819920000000004,2.1731268999999998,1.6999999999999998e-06,0,6.9999999999999986e-07,0.90071679999999998,0,0.044350899999999999,-0.13190270000000001,0.011789899999999997,0.064034499999999994,-0.08156010000000001,0.081978599999999999,-0.0139957,0.0084064000000000014,-0.014201200000000001,-0.1093393,0.32311129999999999,-0.042870499999999999,0.0070185000000000004,0.052368399999999996,-0.027204399999999993,-0.020690500000000001,-0.00088160000000000105,-0.052112499999999999,0.0206105,0.011806199999999996,-0.038193699999999997,0.0090253999999999994,-0.082625100000000007,0.012872799999999998,0.0428172,-0.0161437,0.024968199999999999,0.011065300000000002,-0.036484299999999997,0.018802800000000001,-0.0414717,-0.053418600000000004,0.066435300000000003,-0.068649500000000002,0.1828293,-0.034027500000000002,0.0036572000000000002,-0.0028563000000000004,-0.0057229000000000004,-0.023677799999999999,0.0084823000000000016,0.040794299999999999,-0.0021689000000000001,-0.0067827,-0.0111299,-0.020816399999999999,0.018456699999999999,0.024532299999999996,0.015077300000000002,0.0149777,-0.0048465999999999995,0.0124268,0.014583499999999999,-0.051308900000000005,0.0044898999999999998,-0.0049584,-0.0018584999999999995,0.019739399999999997,-0.074275000000000008,-0.0050025999999999994,-0.020157099999999997,0.014441000000000002,-0.0011839000000000016,-0.0010421,-0.00093949999999999958,0.018261799999999998,0.014845999999999998,0.0021675000000000002,-0.011316,0.0078764999999999998,0.0022557999999999996,-0.0047212999999999995,0.0072213000000000008,-0.00029139999999999895,-0.0050788000000000014,0.0057418,0.003908,-0.0021227000000000008,-0.019054000000000001,0.0028448999999999974,0.017880099999999999,-0.0102942,-0.003287,-0.0012871000000000011,-0.0108138,0.0106073,-0.0109047,0.0037213999999999997,0.0030007999999999996,-0.0091479000000000005,0.0081034999999999996,0.0069799999999999984,0.0067442999999999999,0.0074716000000000001,-0.0100874,0.010095600000000001,0.0005618000000000001,-0.0016635,-0.0066040000000000005,0.011966900000000001,-0.005731599999999999,0.0032959,-0.004054799999999999,0.0046373000000000004,0.00077709999999999889,-0.0012922000000000003,0.0016401000000000011,0.0155561,0.0039247000000000006,-0.0083879999999999996,0.010710899999999999,-0.011691700000000001,0.0024139000000000001,-0.0066728999999999998,0.0141295,-0.00048770000000000031,-0.0044498999999999997,0.0064853000000000003,0.00012829999999999959,0.0029975000000000002,-0.0059985000000000004,-0.0045484999999999987,0.0060937999999999999,0.0079807000000000003,-0.0043000999999999994,-0.0044089999999999997,-0.0167964,-0.0053813999999999997,-0.0060204999999999998,-0.0100745,0.0086654000000000002,0.0034624999999999999,0.0091713000000000003,-0.012209300000000001,0.0017828999999999996,-0.00054080000000000003,0.00062329999999999981,-0.0028794999999999997,0.0016241999999999999,-0.0039059999999999997,0.0019209000000000001,-0.0013642999999999991,-0.00089000000000000017,0.0044175999999999998,-0.00061949999999999983,0.0021882,0.0105001,-0.0024747000000000003,-0.0013981999999999998,-0.0040321999999999997,-0.0043714999999999995,-0.0032818999999999991,-0.008181299999999999,-0.0022274999999999999,0.0095890999999999997,-0.0022236000000000014,0.0012797000000000004,-0.0022495999999999996,-0.0074088000000000001,-0.0037913999999999999,-0.0018977000000000004,-0.0057923999999999996,0.0059719000000000005,-0.0032745999999999995,0.011407899999999999,0.0066566999999999998,-0.015219,0.0060478999999999993,0.0071269000000000002,0.0024451999999999998,0.0089464000000000002,0.0050612000000000001,-0.0043582000000000004,0.0019101000000000001,-0.017891399999999998,0.0022848000000000005,-0.00080050000000000021,-0.0045617000000000001,0.012603800000000002,-0.0011278,-0.0024145,0.0024995,-0.0021782000000000004,-0.0033913999999999993,0.00064800000000000003,0.0043384999999999995,-0.00013230000000000007,-0.0015877999999999997,0.00068199999999999988,-0.0015837999999999998,-0.00027059999999999996,0.00011379999999999999,-0.00017360000000000013,0.0027588000000000001,-0.0037703999999999997,0.00080469999999999977,0.00049839999999999997,0.0021551999999999999,-0.00039379999999999992,0.0015155000000000001,0.0030471999999999999,0.00036500000000000031,-0.0040660999999999996,0.0013127999999999998,-0.0012483999999999989,0.0038161000000000002,0.0059217999999999996,0.0067983000000000002,0.00079189999999999979,0.00075510000000000009,0.0038903999999999996,-0.0018385000000000001,-0.0027153999999999998,0.0021080999999999999,0.0031599000000000002,-0.00067939999999999982,-0.0046186000000000005,-0.0027017000000000005,0.0037445999999999998,0.0022967000000000009,-0.00088369999999999985,0.0030033999999999998,-0.0028285999999999997,0.00023009999999999979,-0.0014131,0.0015795000000000006,-0.0128369,0.0085502000000000009,-0.0092166000000000001,0.0018957000000000002,-0.0083046000000000005,0.0028741999999999999,-0.0011623,-0.0036117000000000007,-0.0010764000000000001,-0.00060840000000000004,0.0048191000000000006,-0.00024209999999999987,-0.00021369999999999996,-0.00011469999999999991,-0.0021658000000000003,-0.00011459999999999998,0.0053191999999999996,-0.0015538000000000001,0.0011129,-0.00091799999999999955,-9.7799999999999911e-05,0.0040231999999999993,0.0018648999999999996,-0.0016434000000000002,0.00023990000000000008,0.00014820000000000002,-0.00041779999999999986,0.0037177999999999998,-0.0063185999999999997,0.0015752000000000001,0.0023613000000000002,-0.0021969999999999997,-0.00045439999999999988,0.0021530999999999998,0.0017590000000000001,0.0038494999999999996,0.0013032999999999996,0.0027170000000000007,-0.0014059999999999999,-0.0039415000000000006,0.0091563999999999986,0.00055119999999999995,-0.0033070999999999994,0.0009304999999999999,0.0028564000000000003,-0.0033371999999999998,0.0019989999999999999,-0.0019673,0.0043871999999999991,-0.0037282000000000001,0.00057170000000000018,-0.0006305000000000002,-0.00091589999999999987,-0.0010112999999999997,0.0019302999999999998,-0.00086490000000000004,0.0030647999999999999,0.0074478999999999995,-0.00053140000000000001,-0.00014439999999999982,-0.0122843,0.0034835000000000005,-0.00055669999999999992,-0.00011220000000000011,0.0010265999999999999,0.0036692000000000001,0.00038650000000000002,0.0015866999999999997,0.00048559999999999999,0.0013415,-0.0014544000000000002,0.0021664000000000002,0.00010959999999999995,-0.0018564,0.00017240000000000007,-0.0018862999999999998,0.00031569999999999998,-0.00066540000000000002,-0.00069589999999999995,0.00073989999999999993,-0.00083579999999999982,5.4099999999999851e-05,0.00083259999999999985,0.001194,-0.00079359999999999977,-0.0006892999999999999,-0.0019358999999999999,0.00082750000000000022,4.4999999999999468e-06,0.00045009999999999972,-0.00059259999999999988,-0.0011772999999999998,-0.001333,0.00017050000000000008,-0.0019444999999999998,-0.0016362999999999998,0.0029057999999999996,-0.00079009999999999974,0.0035712000000000005,0.00018959999999999984,0.00082419999999999998,-0.001029,0.0011351999999999998,0.00016749999999999995,0.0016459000000000001,-0.00036609999999999995,0.0047142,0.0027415,0.0010050999999999999,0.00034150000000000001,0.00057660000000000003,0.0012422000000000002,-0.0011159999999999998,-0.0006448999999999999,-0.0036547999999999997,0.0035873000000000003,-0.0039985000000000003,0.0014908,-0.0054632999999999999,1.1100000000000378e-05,0.0061674999999999994,-0.0026053999999999999,0.0042332999999999997,-0.004377100000000001,-0.0061662000000000002,0.00050060000000000013,0.00065189999999999975,-0.0005329,0.0043311000000000001,-0.00028550000000000011,-2.050000000000001e-05,-0.0014288,0.00061040000000000009,0.00025540000000000003,-0.0011571999999999999,-0.00090210000000000008,0.00054220000000000006,-0.0019203999999999998,-0.00045770000000000007,0.0020007000000000002,-0.0025761999999999998,-0.0011920999999999998,-0.0036241000000000008,0.0018879000000000001,0.0010756000000000001,-0.00088929999999999999,0.00028980000000000011,0.00015509999999999987,-0.0012997,0.0018710999999999999,0.00063599999999999996,0.00075619999999999995,0.0022190999999999999,-0.0019502,0.0020279,-0.00053280000000000016,-0.00094230000000000008,0.0026873999999999999,0.00012269999999999978,0.0019992999999999999,1.6000000000000064e-05,-0.00014330000000000028,0.00077979999999999987,0.0010090999999999998,-0.0028287999999999998,-0.0027775,0.00093239999999999968,-0.0011543,0.0013151,-0.0025928999999999995,-0.0016468999999999998,-0.00031509999999999991,0.0019431000000000001,-0.00071400000000000022,0.0028743000000000002,-0.0003527999999999999,0.00091580000000000014,0.00027229999999999963,-0.00082140000000000002,0.0013972999999999998,-0.00061859999999999986,0.00076139999999999986,0.0013237000000000004,0.0012437999999999998,0.0014069,0.0035865000000000003,-0.0033479,0.00074460000000000021,0.00040069999999999971,-0.0013667000000000002,0.0022441000000000002,0.00049379999999999997,0.00070779999999999975,-2.9900000000000022e-05,0.0012433000000000001,-9.7200000000000032e-05,-0.00066609999999999998,0.00010219999999999994,-0.0007608999999999999,0.00028919999999999993,-0.00096770000000000016,-0.00024850000000000008,0.0011844999999999998,-0.0012204,0.00027480000000000001,0.0018831,-0.0012084000000000001,0.0019002999999999997,1.5299999999999965e-05,0.0019737999999999999,-0.0010403000000000001,0.00017099999999999998,0.00050359999999999988,0.00048980000000000009,-0.00054020000000000001,-0.0011417,0.00032359999999999973,-0.00031159999999999988,0.0016532000000000001,-0.0012129,0.00031979999999999997,-0.00077550000000000004,0.00034539999999999994,-0.0026001000000000002,0.00018929999999999999,-0.00024479999999999993,-0.0019331999999999999,-0.0013947999999999996,-8.1799999999999928e-05,6.9099999999999999e-05,0.00032990000000000005,-0.00022490000000000002,-0.0011768,-0.00033369999999999987,0.0019798000000000003,-0.00058409999999999994,-5.8899999999999751e-05,0.0012504999999999999,0.0038407000000000003,0.0020615,-0.001438,-0.0021532999999999999,0.00021079999999999987,0.0011459000000000003,0.00024729999999999999,-0.00049149999999999997,0.00028840000000000018,0.00072630000000000014,-0.0023103999999999998,0.0015945999999999998,0.0016863,-0.0023860999999999995,0.00078570000000000018,-0.0011207999999999999,-0.00022769999999999995,0.0029596000000000002,-0.0018454000000000001,-0.002013,0.0034476999999999997,-0.00082350000000000001,0.0016951000000000002,0.00079299999999999998,0.0017491,0.0061957000000000002,-0.0022077999999999998,-0.00098860000000000007,-0.00092359999999999979,-0.0033907999999999998,-0.0026531999999999997
aug_between_class_right_pair0032_child07,TLE,1,1,Augmented,0,0,0,0,0,0.27345079999999999,2.1632275999999999,1.8000000000000001e-06,0,8.0000000000000007e-07,0.88448919999999998,0,0.043602599999999998,-0.13026080000000001,0.011352599999999999,0.062916,-0.082373399999999999,0.081368399999999994,-0.0145688,0.0087425999999999997,-0.0133028,-0.10903019999999999,0.3170982,-0.039279999999999995,0.0064770000000000001,0.051783599999999999,-0.031419599999999999,-0.020973000000000002,-3.9399999999999331e-05,-0.052698000000000002,0.019098999999999998,0.0128898,-0.038375799999999995,0.0095166000000000001,-0.08056039999999999,0.0143762,0.041786799999999999,-0.015436800000000001,0.0260098,0.0099621999999999992,-0.0359972,0.017075199999999999,-0.039641799999999998,-0.057390400000000008,0.065710199999999996,-0.070843000000000003,0.1781432,-0.032901,0.0032548000000000004,-0.0023751999999999996,-0.0066076000000000008,-0.023882199999999999,0.0085482000000000006,0.039868199999999999,-0.0019935999999999999,-0.0068257999999999999,-0.011291600000000001,-0.020533599999999999,0.017819800000000004,0.0266302,0.0131752,0.0154398,-0.0040253999999999993,0.012843200000000001,0.017068,-0.052458600000000001,0.0053196000000000007,-0.0052686,-0.0021359999999999999,0.022190599999999998,-0.073335000000000011,-0.0055474000000000001,-0.020104400000000001,0.015123999999999999,0.00054540000000000144,-0.0008923999999999999,-0.0016550000000000004,0.018053199999999998,0.015635000000000003,0.0021429999999999999,-0.011244000000000001,0.0082520000000000007,0.0017172000000000003,-0.0051032000000000004,0.007479200000000001,-0.00065259999999999971,-0.005282199999999999,0.0057371999999999996,0.0039690000000000003,-0.0023458000000000012,-0.019013000000000002,0.0047415999999999951,0.016975400000000002,-0.010081800000000002,-0.0030410000000000003,-0.00014439999999999939,-0.0113682,0.0107102,-0.0103058,0.0039006000000000006,0.0025372000000000007,-0.010117600000000001,0.006326,0.0062349999999999992,0.0076232000000000018,0.005944399999999999,-0.0087475999999999995,0.0103634,0.00049819999999999997,-0.001622,-0.0065659999999999998,0.0115286,-0.0064273999999999998,0.0029005999999999997,-0.0042452000000000002,0.0044291999999999995,0.00095740000000000018,-0.00093179999999999999,0.0010354000000000006,0.0155894,0.0041748000000000002,-0.0097589999999999986,0.011239600000000001,-0.0113308,0.0014275999999999998,-0.0065296,0.01413,0.00018920000000000005,-0.0043916000000000007,0.0061272000000000002,0.00013319999999999955,0.0027229999999999997,-0.0044939999999999989,-0.0052320000000000005,0.0062872000000000006,0.007282799999999999,-0.0044023999999999999,-0.0035189999999999996,-0.017088600000000002,-0.0052816,-0.0059389999999999998,-0.011179000000000001,0.0090676000000000003,0.003467,0.0079021999999999998,-0.011830199999999999,0.0021555999999999997,-0.00056919999999999996,0.00083720000000000018,-0.0027690000000000002,0.0023948000000000007,-0.0046259999999999999,0.0016985999999999993,-0.0018452000000000002,-0.00067799999999999978,0.0041113999999999994,-0.00071700000000000019,0.0023838000000000002,0.011300399999999999,-0.0024917999999999997,-0.0015257999999999999,-0.0048518000000000007,-0.0052430000000000003,-0.0038755999999999999,-0.0083861999999999999,-0.0024950000000000003,0.0101654,-0.0022364000000000008,0.00068679999999999967,-0.0024044000000000001,-0.008597200000000001,-0.0044036000000000006,-0.0012807999999999997,-0.0057115999999999998,0.0065326000000000004,-0.0037403999999999992,0.0107586,0.0073728000000000005,-0.015688000000000001,0.0054685999999999997,0.0079476000000000008,0.0027528000000000001,0.0094286000000000005,0.0053688,-0.0044438000000000004,0.0020654000000000002,-0.017341599999999999,0.0020172000000000002,-0.00085500000000000051,-0.0049068000000000002,0.0120182,-0.0010432,-0.002617,0.0025459999999999997,-0.0019537999999999999,-0.0036956000000000003,0.00071900000000000002,0.0045859999999999998,8.5800000000000242e-05,-0.0018272,0.00094600000000000023,-0.0020171999999999998,-0.00011939999999999997,-0.00025680000000000033,7.8600000000000122e-05,0.0027372,-0.0039296000000000001,0.0010318,0.00066560000000000013,0.0024498000000000002,-0.00047120000000000018,0.0010499999999999997,0.0028457999999999999,0.00052899999999999996,-0.0041723999999999997,0.0015252,-0.0020975999999999994,0.0046674000000000012,0.0059251999999999994,0.0061821999999999997,0.0012016000000000002,0.00072840000000000003,0.0041246,-0.0016159999999999998,-0.0026795999999999999,0.0026484000000000004,0.0031085999999999996,-0.0017926000000000005,-0.0045234000000000003,-0.0029128000000000001,0.0037283999999999998,0.0028628000000000008,-0.00093279999999999969,0.0029405999999999998,-0.0029914,0.00036640000000000002,-0.00085139999999999955,0.0011719999999999999,-0.013074599999999999,0.0086597999999999987,-0.0086604000000000004,0.0023458000000000012,-0.0087624,0.0029248,-0.0013052000000000001,-0.0038068000000000004,-0.00089859999999999983,-0.00040059999999999987,0.0045944000000000002,-0.00036539999999999999,-0.00026679999999999998,-6.5799999999999865e-05,-0.0019551999999999998,-0.00017939999999999997,0.0053088000000000007,-0.0016661999999999998,0.0010185999999999999,-0.0012769999999999999,-0.00022820000000000002,0.0046378000000000009,0.0024176000000000002,-0.0015135999999999999,2.7599999999999858e-05,-7.520000000000031e-05,-0.00053420000000000008,0.0039481999999999998,-0.0063914000000000002,0.0017528000000000001,0.0022161999999999998,-0.0024000000000000002,-0.00038259999999999987,0.0020533999999999999,0.0011579999999999997,0.0039159999999999993,0.0014361999999999999,0.0024589999999999998,-0.0011969999999999999,-0.0040140000000000002,0.0095736000000000016,0.00063480000000000003,-0.0039713999999999999,0.001021,0.0026395999999999998,-0.0035428,0.0023160000000000004,-0.0021562,0.0049277999999999995,-0.0037627999999999997,0.00011379999999999962,-0.00070899999999999999,-0.0012606000000000002,-0.0011771999999999998,0.0023182000000000003,-0.0007095999999999999,0.0032312,0.0080856000000000001,-0.00063960000000000015,0.00014640000000000009,-0.0126512,0.003163,-0.00063079999999999994,-1.7999999999999624e-06,0.0010353999999999999,0.0036107999999999999,0.00031399999999999999,0.0016647999999999999,0.00055140000000000007,0.0013389999999999999,-0.0012615999999999999,0.0022746000000000003,0.00019440000000000017,-0.0018856000000000001,0.00022860000000000003,-0.0022382000000000005,0.00017979999999999993,-0.00043559999999999985,-0.00077559999999999999,0.0010495999999999999,-0.0011172000000000001,0.00040540000000000042,0.0010874000000000001,0.0014540000000000002,-0.0011614000000000001,-0.00058519999999999991,-0.0020796,0.00058799999999999998,-1.3999999999999907e-05,0.00056640000000000011,-0.00082840000000000008,-0.0013812000000000002,-0.001317,-1.0000000000000026e-05,-0.001993,-0.0016471999999999999,0.0028732000000000002,-0.0012994,0.0038018000000000001,-0.00012760000000000072,0.00060179999999999999,-0.0010960000000000002,0.0013698,0.00043100000000000018,0.0016176000000000001,-0.00039540000000000002,0.0047238000000000002,0.002751,0.0010264,0.00048500000000000008,0.00066040000000000001,0.0019968000000000004,-0.0012279999999999997,-0.00091159999999999982,-0.0039362000000000008,0.0030951999999999998,-0.0039750000000000002,0.0014841999999999998,-0.0055891999999999999,-0.00050560000000000015,0.0062829999999999995,-0.0027726000000000001,0.0044521999999999999,-0.0043974000000000001,-0.0060808000000000008,0.00055540000000000016,0.00077159999999999989,-0.0006156,0.0043074000000000003,-6.1999999999999881e-05,3.3000000000000043e-05,-0.0014832000000000003,0.00062460000000000011,0.00019859999999999998,-0.0011638,-0.00092639999999999997,0.00055279999999999999,-0.0019016,-0.00052280000000000013,0.0022218000000000003,-0.0026128000000000002,-0.0012974000000000002,-0.0034284000000000003,0.0016505999999999999,0.0011244,-0.00096720000000000009,0.00013719999999999997,0.00041240000000000005,-0.0011657999999999998,0.0022284000000000002,0.00066,0.00080080000000000006,0.0024374000000000002,-0.0022478000000000003,0.0020325999999999999,-0.0001472,-0.0008211999999999999,0.0028286000000000001,0.00031780000000000003,0.0020861999999999999,1.0000000000000243e-06,-0.00074320000000000072,0.0011632000000000001,0.00092939999999999993,-0.0026391999999999995,-0.0028760000000000001,0.0013646000000000003,-0.0011202,0.00097939999999999963,-0.0028446000000000001,-0.0019155999999999999,-0.00047139999999999997,0.0018064000000000001,-0.00049800000000000007,0.0029911999999999998,-0.00012519999999999979,0.00081919999999999996,0.00035019999999999973,-0.00089560000000000009,0.0017822000000000003,-0.00061339999999999995,0.00063759999999999978,0.0010878000000000001,0.0016982,0.0011475999999999999,0.0038210000000000006,-0.0034886000000000001,0.00061740000000000037,0.00058279999999999985,-0.0016608,0.0023784000000000001,0.00027119999999999965,0.00073819999999999962,0.00021740000000000041,0.0013112,-0.00032680000000000019,-0.00072740000000000001,0.00019680000000000007,-0.00085860000000000016,0.00025880000000000006,-0.0010908000000000003,-0.0001409999999999999,0.0013440000000000001,-0.0013266,0.00022019999999999993,0.0017664,-0.0010725999999999999,0.0021632000000000001,9.5200000000000091e-05,0.0022762000000000004,-0.0010332,0.00043700000000000011,0.00091240000000000049,0.00026719999999999999,-0.00067580000000000006,-0.0011648000000000001,0.00062940000000000012,-0.00012339999999999996,0.0014818000000000001,-0.0011756,0.00036720000000000009,-0.001036,0.00043059999999999995,-0.0027314000000000001,0.00017720000000000002,-0.00036319999999999994,-0.0020028000000000003,-0.0015872000000000002,-1.1199999999999839e-05,4.4399999999999995e-05,0.00034560000000000005,-0.00011259999999999997,-0.0013792000000000001,-0.00054080000000000013,0.0022712000000000001,-0.00072640000000000009,-0.00019259999999999991,0.0014590000000000002,0.0041437999999999996,0.0023,-0.001263,-0.0023302000000000006,0.00049420000000000009,0.0010085999999999999,7.1199999999999888e-05,-0.00042000000000000002,8.2599999999999839e-05,0.0004551999999999999,-0.0023635999999999996,0.0019123999999999999,0.0018212000000000002,-0.0025693999999999999,0.0005177999999999999,-0.0010742,-0.00035680000000000011,0.0028314,-0.0017426,-0.002091,0.0035877999999999999,-0.00085900000000000006,0.0020693999999999999,0.00078600000000000002,0.0018063999999999999,0.0062407999999999995,-0.0023682,-0.0010184,-0.0011594000000000001,-0.0033701999999999998,-0.0024207999999999999
aug_between_class_right_pair0032_child08,TLE,1,1,Augmented,0,0,0,0,0,0.26870240000000001,2.1533282999999996,1.9e-06,0,9.0000000000000007e-07,0.86826159999999997,0,0.042854299999999998,-0.12861890000000001,0.010915299999999999,0.061797500000000005,-0.083186700000000002,0.080758200000000002,-0.015141899999999998,0.009078799999999998,-0.012404399999999999,-0.1087211,0.3110851,-0.035689500000000006,0.0059354999999999981,0.051198800000000003,-0.035634799999999994,-0.0212555,0.00080279999999999978,-0.053283499999999998,0.017587499999999999,0.0139734,-0.038557899999999999,0.010007800000000001,-0.078495700000000002,0.015879600000000001,0.040756399999999998,-0.014729900000000001,0.027051400000000003,0.0088591,-0.035510100000000003,0.015347599999999999,-0.037811899999999996,-0.061362200000000006,0.06498509999999999,-0.073036500000000004,0.1734571,-0.031774499999999997,0.0028523999999999989,-0.0018940999999999997,-0.0074923000000000012,-0.0240866,0.0086140999999999995,0.0389421,-0.0018182999999999999,-0.0068688999999999998,-0.0114533,-0.020250799999999999,0.017182900000000001,0.028728099999999999,0.011273099999999999,0.0159019,-0.0032041999999999991,0.013259600000000002,0.0195525,-0.053608299999999998,0.0061492999999999999,-0.0055788000000000001,-0.0024134999999999998,0.024641799999999998,-0.072395000000000001,-0.0060921999999999999,-0.020051699999999999,0.015807000000000002,0.0022747000000000002,-0.0007427,-0.0023705000000000002,0.017844599999999999,0.016424000000000001,0.0021184999999999997,-0.011172000000000001,0.0086274999999999998,0.0011785999999999993,-0.0054850999999999997,0.0077371000000000011,-0.0010137999999999987,-0.0054856000000000002,0.0057325999999999992,0.0040299999999999997,-0.0025689000000000016,-0.018972000000000003,0.0066382999999999998,0.0160707,-0.0098694000000000004,-0.0027950000000000006,0.00099829999999999971,-0.0119226,0.010813099999999999,-0.0097068999999999992,0.0040797999999999997,0.002073600000000001,-0.0110873,0.0045484999999999996,0.0054900000000000001,0.0085021000000000003,0.0044171999999999996,-0.0074077999999999991,0.0106312,0.00043459999999999999,-0.0015804999999999999,-0.0065279999999999999,0.011090299999999999,-0.0071231999999999997,0.0025053000000000002,-0.0044355999999999996,0.0042211000000000002,0.0011376999999999997,-0.00057140000000000012,0.00043070000000000001,0.0156227,0.0044249000000000007,-0.011129999999999999,0.011768300000000001,-0.010969900000000001,0.00044129999999999994,-0.0063863000000000001,0.014130499999999999,0.00086609999999999986,-0.0043333,0.0057690999999999992,0.00013809999999999994,0.0024485000000000002,-0.0029895,-0.0059155000000000006,0.0064806000000000004,0.0065848999999999994,-0.0045047000000000004,-0.0026289999999999994,-0.017380800000000002,-0.0051817999999999994,-0.0058574999999999999,-0.012283499999999999,0.0094698000000000004,0.0034714999999999993,0.0066331000000000003,-0.011451099999999999,0.0025282999999999998,-0.0005976,0.0010511000000000001,-0.0026585000000000003,0.0031654000000000005,-0.0053460000000000009,0.0014763000000000003,-0.0023261000000000002,-0.00046599999999999983,0.0038051999999999999,-0.00081450000000000012,0.0025793999999999999,0.012100699999999999,-0.0025088999999999997,-0.0016534,-0.0056714000000000009,-0.006114500000000001,-0.0044692999999999998,-0.0085911000000000008,-0.0027625000000000002,0.0107417,-0.0022492000000000011,9.3899999999999911e-05,-0.0025591999999999998,-0.0097856000000000002,-0.0050158000000000008,-0.00066390000000000004,-0.0056308,0.0070932999999999994,-0.0042061999999999985,0.0101093,0.0080889000000000013,-0.016156999999999998,0.0048892999999999992,0.0087682999999999997,0.0030604,0.0099107999999999991,0.0056763999999999998,-0.0045294000000000003,0.0022206999999999999,-0.016791799999999999,0.0017496,-0.00090949999999999994,-0.0052519000000000003,0.011432600000000001,-0.00095859999999999999,-0.0028195,0.0025925000000000002,-0.0017294000000000001,-0.0039997999999999995,0.00079000000000000001,0.0048335000000000001,0.00030390000000000029,-0.0020666,0.0012100000000000001,-0.0024506000000000003,3.1800000000000014e-05,-0.00062740000000000018,0.00033080000000000002,0.0027155999999999999,-0.0040888000000000001,0.0012589000000000001,0.00083279999999999997,0.0027444000000000001,-0.0005486,0.00058449999999999973,0.0026443999999999999,0.00069300000000000047,-0.0042786999999999999,0.0017376,-0.002946799999999999,0.0055187000000000005,0.0059286,0.0055661,0.0016113000000000004,0.00070169999999999998,0.0043587999999999995,-0.0013935,-0.0026438,0.0031887,0.0030572999999999998,-0.0029058000000000005,-0.0044282000000000002,-0.0031238999999999998,0.0037122000000000001,0.0034288999999999999,-0.00098189999999999996,0.0028777999999999998,-0.0031542000000000002,0.00050270000000000002,-0.00028969999999999983,0.00076450000000000042,-0.013312299999999999,0.0087694000000000001,-0.0081042000000000006,0.0027959000000000005,-0.0092201999999999996,0.0029754,-0.0014480999999999999,-0.0040019000000000001,-0.00072079999999999996,-0.00019279999999999981,0.0043696999999999998,-0.00048870000000000001,-0.00031990000000000002,-1.6900000000000031e-05,-0.0017445999999999998,-0.00024419999999999997,0.0052984,-0.0017786,0.00092429999999999997,-0.0016359999999999999,-0.00035859999999999993,0.0052524000000000008,0.0029702999999999999,-0.0013837999999999999,-0.0001847000000000001,-0.0002986000000000001,-0.00065060000000000031,0.0041786000000000002,-0.0064641999999999998,0.0019304000000000001,0.0020711000000000002,-0.0026029999999999998,-0.00031079999999999986,0.0019537000000000001,0.00055699999999999988,0.0039824999999999999,0.0015690999999999999,0.0022009999999999998,-0.00098799999999999973,-0.0040864999999999999,0.0099908000000000011,0.0007183999999999999,-0.0046356999999999995,0.0011114999999999999,0.0024228000000000001,-0.0037483999999999998,0.0026330000000000004,-0.0023450999999999997,0.0054684,-0.0037973999999999998,-0.00034410000000000018,-0.00078750000000000001,-0.0016053,-0.0013430999999999994,0.0027061000000000003,-0.00055430000000000019,0.0033975999999999998,0.0087232999999999998,-0.00074780000000000007,0.00043720000000000044,-0.013018099999999999,0.0028425,-0.00070489999999999995,0.00010860000000000002,0.0010441999999999999,0.0035524000000000003,0.00024149999999999999,0.0017428999999999997,0.00061720000000000004,0.0013365,-0.0010688,0.0023828000000000005,0.00027920000000000017,-0.0019147999999999999,0.00028480000000000009,-0.0025901000000000001,4.3899999999999983e-05,-0.00020579999999999993,-0.00085529999999999992,0.0013592999999999999,-0.0013986000000000001,0.00075670000000000012,0.0013422,0.0017140000000000002,-0.0015292000000000001,-0.00048109999999999993,-0.0022233000000000001,0.00034850000000000001,-3.2499999999999977e-05,0.00068270000000000006,-0.0010642,-0.0015851000000000001,-0.0013009999999999999,-0.00019050000000000002,-0.0020414999999999999,-0.0016581,0.0028405999999999995,-0.0018087000000000003,0.0040324000000000002,-0.0004448000000000004,0.00037939999999999979,-0.001163,0.0016044,0.00069450000000000013,0.0015893000000000001,-0.00042469999999999997,0.0047334000000000005,0.0027604999999999999,0.0010477000000000002,0.00062849999999999994,0.00074419999999999998,0.0027514000000000006,-0.0013399999999999996,-0.0011783000000000002,-0.0042176000000000002,0.0026031000000000001,-0.0039515000000000002,0.0014775999999999999,-0.0057150999999999999,-0.0010223000000000001,0.0063984999999999997,-0.0029398000000000002,0.0046711000000000001,-0.004417700000000001,-0.0059954000000000006,0.00061019999999999998,0.00089130000000000003,-0.00069830000000000001,0.0042836999999999997,0.00016150000000000019,8.6500000000000097e-05,-0.0015376000000000001,0.00063880000000000002,0.00014180000000000006,-0.0011704,-0.00095069999999999985,0.00056340000000000014,-0.0018827999999999998,-0.00058790000000000014,0.0024429000000000005,-0.0026494000000000001,-0.0014026999999999998,-0.0032327000000000002,0.0014132999999999999,0.0011732000000000001,-0.0010451000000000002,-1.5400000000000049e-05,0.00066970000000000007,-0.0010319000000000001,0.0025857000000000007,0.00068400000000000004,0.00084539999999999995,0.0026556999999999996,-0.0025453999999999997,0.0020372999999999997,0.00023839999999999983,-0.00070009999999999994,0.0029697999999999999,0.00051289999999999994,0.0021730999999999999,-1.4000000000000015e-05,-0.0013431000000000007,0.0015466,0.00084969999999999967,-0.0024495999999999997,-0.0029745000000000006,0.0017967999999999997,-0.0010861,0.00064369999999999987,-0.0030962999999999997,-0.0021843000000000001,-0.00062770000000000002,0.0016697000000000001,-0.00028200000000000002,0.0031080999999999999,0.0001024000000000001,0.00072260000000000011,0.00042809999999999983,-0.00096980000000000005,0.0021670999999999999,-0.00060819999999999982,0.0005137999999999997,0.00085190000000000005,0.0021526000000000002,0.00088830000000000007,0.0040555000000000001,-0.0036292999999999998,0.0004902000000000001,0.00076489999999999956,-0.0019549000000000003,0.0025127000000000005,4.8599999999999772e-05,0.00076859999999999993,0.00046469999999999997,0.0013791000000000001,-0.00055640000000000008,-0.00078870000000000003,0.00029140000000000009,-0.00095630000000000021,0.00022839999999999997,-0.0012139000000000002,-3.3500000000000001e-05,0.0015035000000000001,-0.0014328000000000001,0.00016559999999999996,0.0016497,-0.00093679999999999989,0.0024261000000000005,0.00017510000000000003,0.0025786000000000003,-0.0010260999999999998,0.00070300000000000007,0.0013212000000000002,4.4600000000000054e-05,-0.0008114000000000001,-0.0011879,0.00093519999999999986,6.4800000000000057e-05,0.0013104,-0.0011383000000000001,0.00041459999999999999,-0.0012964999999999999,0.00051579999999999996,-0.0028627000000000001,0.0001651,-0.0004816,-0.0020723999999999998,-0.0017795999999999999,5.9400000000000034e-05,1.9699999999999991e-05,0.0003613,-3.0000000000000729e-07,-0.0015816000000000001,-0.00074790000000000002,0.0025625999999999999,-0.00086870000000000003,-0.00032629999999999985,0.0016675000000000001,0.0044469000000000002,0.0025385,-0.001088,-0.0025071,0.00077760000000000014,0.00087129999999999998,-0.00010490000000000003,-0.00034849999999999985,-0.00012320000000000007,0.00018409999999999998,-0.0024167999999999998,0.0022301999999999999,0.0019560999999999997,-0.0027526999999999999,0.00024989999999999995,-0.0010276,-0.00048590000000000005,0.0027032000000000002,-0.0016397999999999999,-0.0021689999999999999,0.0037279000000000001,-0.0008945,0.0024437000000000005,0.00077899999999999996,0.0018637,0.0062858999999999996,-0.0025286000000000002,-0.0010482,-0.0013952000000000001,-0.0033495999999999999,-0.0021884000000000001
aug_between_class_right_pair0033_child01,Healthy,0,0,Augmented,0,0,0,0,0,0.32943039999999996,1.9195601,0,-8.9999999999999996e-07,0,0.9877381999999999,0,0.022134600000000001,-0.15883839999999999,0.025849199999999999,0.076487699999999992,-0.096035499999999996,0.0508295,-0.0010933000000000002,0.00097279999999999979,-0.043385199999999999,-0.077116899999999988,0.3951192,-0.096794500000000006,0.017930900000000003,0.0642258,-0.026225100000000005,-0.015571600000000001,-0.0067457000000000003,-0.0434241,0.022541200000000001,0.0314259,-0.047192999999999999,-0.0016311000000000003,-0.085593100000000005,-0.0026078000000000004,0.040978299999999995,-0.022523999999999999,0.0129528,0.0066514,-0.056591200000000001,0.034149899999999997,-0.048210000000000003,-0.048050100000000005,0.075592499999999993,-0.030422499999999998,0.21106729999999999,-0.0388055,0.0069189000000000004,-0.0018788999999999995,0.0071661999999999993,-0.018351900000000001,0.0017593999999999999,0.040477399999999997,-0.0041150000000000006,-0.013230200000000001,-0.015316300000000001,-0.015978199999999998,0.0138864,0.0111092,0.013116099999999999,0.0110937,-0.019819400000000001,0.0062582000000000002,0.0099134999999999987,-0.038592399999999999,-0.0101425,0.012922400000000001,-0.0033597000000000002,0.013466799999999998,-0.089008000000000004,-0.0082334999999999995,-0.028688399999999999,-0.012257499999999999,-0.0056922000000000014,-0.0012744,0.0016559000000000001,0.0224532,0.0048462999999999996,0.0050176999999999999,-0.0179121,0.0046867000000000002,-0.00026690000000000134,-0.0143182,0.0034190000000000002,0.0039534999999999995,-0.019555800000000002,0.010255799999999999,0.0067382000000000006,0.0059132999999999998,-0.013442000000000001,-0.0136229,0.0196794,-0.0153075,-0.0077943999999999999,-0.0048580999999999997,-0.013018100000000001,0.0015850999999999999,-0.0111377,-0.0039585000000000002,0.010796400000000001,-0.012299600000000001,-0.0020644000000000001,0.0062335999999999989,-0.0056897000000000007,0.018323899999999997,-0.0043531000000000004,-0.0071676999999999991,9.8599999999999903e-05,-0.0029579000000000003,0.0030906999999999992,0.0069391000000000001,-0.0055401999999999995,0.0079833000000000022,0.0005315999999999998,0.0075204,-0.0018124,-0.0028546000000000005,0.0076953999999999998,0.0012927000000000008,0.0053523000000000008,0.0026716999999999999,0.0074511999999999998,-0.0059305,0.0086984999999999996,-0.0076550999999999998,0.012976100000000001,-0.0023075999999999999,-0.0066268999999999998,0.0012636000000000001,0.0007844000000000002,0.0039826000000000002,-0.011183200000000001,-0.0018059,0.0036911999999999999,0.0015920000000000001,0.0031019999999999997,-0.0066869,-0.014159900000000001,-0.0080024999999999992,-0.0058812999999999999,-0.0078248999999999992,0.0030257999999999999,-0.0026254,0.0079614000000000004,0.0021572000000000002,-0.00089199999999999978,-0.0016391999999999999,0.0018031,0.0021064999999999999,0.0032375000000000004,0.0029865000000000004,-0.0046651999999999996,0.0024735,0.00012599999999999981,0.0045229999999999992,0.0037826000000000001,0.0028560999999999999,0.0014109999999999999,0.0015903,-0.0056432999999999995,0.0054570000000000009,-0.0003681,0.00056170000000000026,-0.0017465999999999992,-0.0040949999999999997,0.0072709000000000003,0.0016131000000000001,0.0017595,-0.0020236,-0.0015226999999999999,-0.0038027999999999994,-0.0023100999999999998,-0.011337999999999999,0.0013740999999999998,0.0033990000000000001,0.0069315999999999996,0.0038422999999999999,-0.0121841,-9.0900000000000095e-05,0.011679800000000001,0.0014617,-0.0011467999999999999,0.0032766999999999996,-0.0116845,-0.0025502000000000007,-0.0097736999999999997,0.0027428000000000005,0.0021678000000000001,-0.0077521000000000005,0.0085369,0.0018928999999999997,-0.0014859000000000001,0.0024175000000000004,-0.0017299000000000001,-0.0030891,-0.00041700000000000005,0.0022409000000000001,-0.0032919999999999998,-0.0015049,0.00023929999999999991,0.0019927,-0.0006242000000000001,-0.0033052999999999997,-0.0017366999999999999,0.0014863999999999999,-0.00093769999999999997,0.00047000000000000009,-0.0025921999999999998,0.0010490999999999999,-0.00099749999999999969,0.00019939999999999975,0.0033823999999999998,0.00041519999999999968,-0.0056812,0.0086490999999999998,0.0030661999999999998,-0.0057710000000000001,0.0052073000000000006,0.0071355000000000003,-0.0043189000000000005,0.001142,-0.00065070000000000015,-0.0022011999999999999,-0.0020217999999999998,0.0025371,0.0047790000000000003,-0.00022460000000000015,-0.0057271000000000006,-5.6999999999999759e-05,0.0021952,-0.0090007000000000004,0.0023076999999999998,0.00018869999999999998,0.0012753,0.0020380999999999997,-0.0049852000000000004,-0.0017513999999999997,-0.014707699999999999,0.0066698,-0.013231700000000001,-0.0044092000000000003,-0.0034048000000000004,0.0015219999999999999,-0.0013895999999999999,-0.0018218000000000002,-0.0039287000000000002,-0.0036056000000000005,0.00041609999999999998,-0.00092790000000000017,-0.0029431000000000006,0.00039389999999999987,-0.0011011999999999999,-0.0014394000000000002,0.00068089999999999991,0.0025888999999999999,0.0027133000000000001,-4.8999999999999998e-05,0.00076159999999999997,-0.00022490000000000002,0.0031772999999999997,-0.0023982000000000001,0.00080689999999999994,-0.00068080000000000007,-0.0004561000000000003,0.00019650000000000006,-0.0040461999999999998,0.00063049999999999988,0.0024681,-0.0012998,-0.00064099999999999997,0.0029136000000000001,0.0024718000000000001,0.0051694000000000002,0.00035780000000000002,0.00069539999999999999,-0.0031664000000000002,-0.0017417000000000001,0.0049109000000000002,0.00069229999999999997,0.0029255000000000006,8.010000000000005e-05,0.0030953999999999999,-0.0072517000000000007,0.00037700000000000016,-0.0007348999999999997,0.0012223999999999998,-0.0034551,0.0044276999999999997,-0.0024857999999999998,0.0013998999999999999,-0.0034007,0.0033074000000000003,-0.0029440999999999998,-0.00043400000000000036,0.0082285999999999991,0.00015940000000000008,0.0045154000000000001,-0.010151500000000001,0.0035815000000000005,0.00026579999999999985,0.00063770000000000005,0.00094840000000000007,0.0020908000000000003,-0.0014187000000000004,0.00030049999999999999,0.0013270999999999999,-0.00038009999999999997,-0.0021647999999999997,7.399999999999963e-06,0.0010666,-0.00070309999999999991,0.0021952999999999999,-0.00014689999999999999,-0.00095340000000000008,-0.001134,0.00020639999999999998,0.0002771999999999998,-0.00042079999999999998,7.9299999999999922e-05,0.0016560999999999998,0.00017849999999999995,4.0200000000000001e-05,-0.0010434999999999999,-0.0031105999999999998,0.0031440999999999999,0.0003011,0.0011865999999999995,-0.00049639999999999992,-0.0021535999999999999,0.00077890000000000034,0.0010627,-0.0015651,-0.0024813000000000001,0.0021723000000000003,0.00084190000000000024,0.0019949,0.0024467,-0.00047519999999999995,0.0012791000000000002,0.0013864000000000001,0.0032796000000000006,0.00028409999999999997,-0.00062340000000000008,0.0010991,0.0048984000000000007,0.0024879000000000004,-0.00076300000000000011,0.00024430000000000025,-0.0070404999999999999,-0.0005093999999999997,0.0062678000000000005,-0.0035574999999999999,0.0043767000000000007,-0.0039328999999999996,0.00050260000000000007,-0.0016944000000000002,-0.00029080000000000008,0.0081347000000000017,-0.003529,-0.00030629999999999937,0.0042973000000000004,-0.0043042000000000002,-9.3000000000000092e-06,-0.00045250000000000005,0.0028447999999999998,-0.00099489999999999995,-0.00011450000000000002,-0.0002385,0.00022120000000000001,0.00048660000000000001,-0.00063590000000000001,0.0001042,0.0021353000000000001,-0.0021161999999999999,0.0021120000000000002,-0.0011146000000000003,0.00073250000000000008,-0.0001562,0.00091659999999999973,-0.0022386999999999997,0.0013315,0.00067069999999999999,-0.0020387000000000001,-0.00074660000000000037,0.0011486999999999999,0.0009896000000000002,-0.0015015,-0.00010350000000000002,0.00047239999999999999,-0.0019118999999999998,-0.00041419999999999998,0.0022758000000000001,-0.0016257999999999997,-0.00014039999999999997,0.0011854999999999999,0.0014460000000000002,-0.00044450000000000002,0.00012920000000000005,2.7399999999999907e-05,-0.00077909999999999991,0.0003518000000000002,0.0020164000000000002,-0.00099240000000000005,-0.0029264,-0.0017202000000000001,0.0024002999999999997,-0.0022506000000000002,-0.00085839999999999994,6.9300000000000004e-05,0.00067479999999999992,-9.0800000000000039e-05,-0.0023398,-0.0038887999999999995,0.0019406,0.0026485000000000002,0.0011655000000000001,0.00026049999999999999,-0.00026180000000000008,-0.0017317999999999999,0.00052920000000000007,-0.0021996000000000008,0.0025387000000000001,6.3999999999999821e-05,-0.00051230000000000004,0.0019613,0.0010655,-0.0049569999999999996,0.0008560000000000001,-0.0022778,-0.0025729999999999993,-0.0032648999999999998,0.00046040000000000002,0.0010009000000000001,-0.00064859999999999994,-0.00011549999999999996,0.00085089999999999992,-0.0011033,-0.00079180000000000006,0.00089470000000000023,0.0015107999999999999,-0.00074129999999999997,-0.0013472000000000002,0.0017453,-0.0024605,-0.00052080000000000008,-0.0012596,0.0011405,-0.00027380000000000004,0.00099189999999999999,0.00048919999999999996,0.00071140000000000005,-0.00070699999999999995,0.00017280000000000003,-0.00027869999999999994,0.00044800000000000005,0.0018314,-0.0030758000000000001,0.00049150000000000007,-0.00066660000000000005,0.00047720000000000011,-0.00071979999999999993,-0.00048139999999999999,-0.0022095999999999999,0.00011999999999999994,0.00054830000000000005,0.00036680000000000003,-0.0004526,-0.0011829,0.00020319999999999995,0.00047630000000000025,-0.0013776999999999999,-0.00080429999999999987,0.00011349999999999994,-0.00039189999999999993,0.00067010000000000008,0.0012009,0.0017844,-0.0030631,-0.0019675999999999999,-0.0027412000000000005,0.0013657999999999999,-0.00044919999999999997,-0.0020398,-0.00025110000000000019,0.0027709000000000002,0.00025910000000000006,-0.00073180000000000001,0.00014779999999999991,-0.0019028999999999999,0.0022983000000000001,0.00032259999999999993,0.0010759000000000001,0.0030239000000000004,-0.00086879999999999998,-0.0042690999999999996,0.0026013,3.8600000000000071e-05,0.0021825999999999998,-0.00033940000000000001,0.0028284000000000004,0.0056561000000000007,-0.0042708999999999993,-0.0016517999999999999,-0.0010533000000000001,-0.0047883999999999999,-0.00041989999999999996
aug_between_class_right_pair0033_child02,Healthy,0,0,Augmented,0,0,0,0,0,0.3211328,1.9159902,-5.2939559203393771e-23,-7.9999999999999996e-07,0,0.97580239999999996,0,0.022497200000000002,-0.15646379999999999,0.027247400000000001,0.0767264,-0.095550999999999997,0.051178999999999995,-0.0020456000000000003,0.0010756000000000003,-0.037743400000000003,-0.077208799999999994,0.39433439999999997,-0.099626000000000006,0.018300800000000002,0.062087600000000007,-0.023535200000000003,-0.015830199999999999,-0.0063884000000000007,-0.042739200000000005,0.025894400000000001,0.030198800000000001,-0.047321000000000002,-0.0015412000000000008,-0.085512199999999997,-0.00082160000000000392,0.041979599999999999,-0.022349000000000001,0.013954599999999999,0.0078428000000000005,-0.0572854,0.035405800000000001,-0.047553999999999999,-0.045054200000000003,0.07714399999999999,-0.030067,0.20922659999999998,-0.038966000000000001,0.0070258000000000004,-0.0034747999999999997,0.0061834000000000004,-0.017438800000000001,0.0022518,0.040352800000000001,-0.0040250000000000008,-0.012597400000000002,-0.014631600000000002,-0.015954400000000001,0.013849799999999999,0.012497399999999999,0.014243199999999998,0.010349399999999998,-0.019434800000000002,0.0074184000000000003,0.0085299999999999994,-0.036832799999999999,-0.0092400000000000017,0.010685800000000001,-0.0023484000000000001,0.014971599999999998,-0.088869000000000004,-0.006644999999999999,-0.028777799999999999,-0.010807999999999998,-0.0064894000000000011,-0.0015848000000000001,0.0014998000000000001,0.022103400000000002,0.0052046000000000002,0.0038544,-0.017234199999999998,0.0043954000000000007,0.00069119999999999945,-0.0136644,0.0036849999999999999,0.0033419999999999995,-0.0193546,0.0098025999999999999,0.0065074,0.0050045999999999997,-0.013373000000000001,-0.013938799999999999,0.0198178,-0.014941999999999999,-0.0073967999999999994,-0.0051631999999999997,-0.0117882,0.00060319999999999992,-0.0097494000000000001,-0.0052930000000000008,0.0101198,-0.011492200000000001,-0.0014717999999999997,0.0063831999999999986,-0.0043414000000000013,0.018050799999999999,-0.0045301999999999999,-0.0071204000000000007,1.1199999999999947e-05,-0.0027098000000000001,0.0028084000000000017,0.0070171999999999995,-0.0053784000000000002,0.0075606000000000015,0.00059120000000000017,0.0074307999999999996,-0.0017837999999999999,-0.0033162000000000001,0.0082287999999999997,0.0015484000000000001,0.0051556000000000006,0.0029504000000000002,0.0077774000000000003,-0.0054619999999999998,0.0084969999999999993,-0.0078162000000000006,0.012297199999999999,-0.0019452000000000002,-0.0066988000000000004,0.0023511999999999995,-0.00073319999999999982,0.0045272000000000003,-0.0114404,-0.0016048,0.0029623999999999996,0.001011999999999999,0.0024890000000000008,-0.0064128000000000006,-0.0150478,-0.0067080000000000004,-0.0067855999999999993,-0.0074818000000000003,0.0036105999999999998,-0.0027067999999999997,0.0077818000000000019,0.0018494000000000004,-0.0011469999999999998,-0.0015793999999999999,0.0016562,0.0017170000000000002,0.0030140000000000006,0.0030340000000000002,-0.0040923999999999995,0.0025139999999999997,-0.00013799999999999967,0.0040479999999999995,0.0038272000000000002,0.0031152000000000003,0.0013760000000000001,0.0018086000000000001,-0.0057065999999999992,0.0051190000000000003,-0.00056419999999999994,0.0011654000000000002,-0.0014321999999999989,-0.0036810000000000002,0.0070448000000000004,0.0020441999999999999,0.0015380000000000003,-0.0018452,-0.0011393999999999998,-0.0040945999999999995,-0.0020522000000000001,-0.011203999999999999,0.0020412,0.0027669999999999999,0.0070071999999999999,0.0035006000000000004,-0.011896199999999999,-0.00048879999999999996,0.010875600000000001,0.0010264,-0.0015506000000000001,0.0028484000000000001,-0.010988,-0.0027214000000000006,-0.010440400000000001,0.0032876000000000003,0.0019666000000000002,-0.0074482000000000003,0.0092737999999999987,0.0013148000000000003,-0.0012528000000000001,0.0018400000000000003,-0.0014078000000000003,-0.0025402000000000003,-0.00052800000000000047,0.0023228000000000003,-0.0034860000000000004,-0.0017288,0.0007405999999999999,0.0021594000000000001,-0.00040640000000000012,-0.0037246000000000007,-0.0015964,0.0010747999999999997,-0.0011253999999999999,0.00035900000000000011,-0.0027424000000000003,0.00041619999999999987,-0.0006119999999999997,0.00032079999999999999,0.0030998000000000002,-0.00027160000000000031,-0.0048844000000000005,0.0088491999999999998,0.0036164000000000001,-0.0051870000000000006,0.0047236000000000005,0.0067530000000000003,-0.0039268000000000003,0.0010510000000000001,-0.00046740000000000019,-0.0023213999999999999,-0.0016546,0.0021251999999999998,0.0051520000000000003,-0.00067920000000000003,-0.0058912000000000009,-4.7000000000000167e-05,0.0022954,-0.0087524000000000005,0.0022604000000000001,-0.00032260000000000036,0.0012076000000000001,0.0019832000000000001,-0.0050814000000000007,-0.0018638000000000001,-0.015293399999999999,0.0066556000000000002,-0.012985400000000001,-0.0039794000000000001,-0.0040375999999999997,0.0012859999999999998,-0.0012861999999999999,-0.0017496000000000005,-0.0035574000000000005,-0.0036632000000000001,0.00020020000000000001,-0.00082779999999999996,-0.0027142000000000004,0.00066280000000000017,-0.00090739999999999983,-0.0015398000000000002,0.00084979999999999995,0.0022187999999999999,0.0027745999999999999,0.0003700000000000001,0.00066620000000000015,-0.00045579999999999991,0.0035225999999999999,-0.0022813999999999998,0.00084680000000000009,-0.00062960000000000012,-0.00035720000000000023,-1.4000000000000123e-05,-0.0039664000000000001,0.00072599999999999987,0.0023262000000000001,-0.0009415999999999999,-0.00065399999999999996,0.0031202000000000005,0.0023585999999999998,0.0050768000000000002,0.00010260000000000003,0.00079779999999999988,-0.0028718000000000003,-0.0014954,0.0046347999999999997,0.00075659999999999996,0.0029850000000000002,4.1200000000000351e-05,0.0024767999999999999,-0.0068824000000000003,0.00060599999999999998,-0.0012097999999999998,0.0014167999999999993,-0.0030772,0.0040213999999999996,-0.0023425999999999998,0.0010977999999999999,-0.0032254000000000002,0.0029058,-0.0028301999999999997,-0.00020600000000000045,0.0083851999999999989,9.7799999999999992e-05,0.0052888000000000006,-0.010811000000000001,0.003496,0.00028359999999999995,0.00056340000000000003,0.0010668000000000001,0.0016456000000000001,-0.0011024000000000001,0.00062600000000000025,0.0013372000000000002,-0.00027720000000000002,-0.0020026000000000002,2.3799999999999928e-05,0.0010022,-0.00087720000000000007,0.0020366000000000004,-4.0799999999999962e-05,-0.00093380000000000004,-0.001116,0.00060179999999999988,0.00027739999999999991,-9.5600000000000047e-05,-7.1400000000000001e-05,0.0015712,9.6000000000000057e-05,-0.00033760000000000007,-0.00096699999999999987,-0.0029781999999999994,0.0028172000000000002,0.00038919999999999992,0.0012331999999999998,-0.00070980000000000001,-0.0019231999999999999,0.00032580000000000022,0.00097039999999999974,-0.0010972,-0.0024055999999999999,0.0021565999999999998,0.00059180000000000018,0.0019528000000000004,0.0024713999999999999,-0.00057140000000000001,0.0012462,0.0013037999999999999,0.0029802000000000001,0.00034219999999999997,-0.00041580000000000002,0.00086220000000000003,0.0043898000000000001,0.0025538000000000002,-0.0003920000000000001,0.00017460000000000002,-0.0065669999999999999,-0.00020579999999999991,0.0055046000000000001,-0.0031520000000000003,0.0039734000000000002,-0.0037967999999999995,0.00060820000000000004,-0.0016188000000000001,0.00031340000000000003,0.0078854000000000007,-0.0036060000000000007,-1.2600000000000198e-05,0.0029586,-0.0044393999999999996,0.00017539999999999998,-0.00042800000000000005,0.0025376000000000001,-0.00096080000000000004,-2.3000000000000017e-05,-0.00038199999999999996,0.00020640000000000008,0.00040719999999999998,-0.00061680000000000003,8.3399999999999994e-05,0.0019795999999999998,-0.0019094000000000001,0.0022840000000000004,-0.0012612000000000003,0.00050100000000000014,-0.00022840000000000013,0.00067719999999999987,-0.0020233999999999999,0.0011580000000000002,0.00055940000000000004,-0.0017553999999999998,-0.0008472000000000001,0.0013524000000000001,0.00073220000000000013,-0.0015190000000000002,-0.00016100000000000001,0.00026080000000000005,-0.0016318000000000001,-0.00044739999999999998,0.0022016000000000002,-0.0013676000000000001,-0.00014579999999999999,0.0011839999999999999,0.0012539999999999999,-0.00049299999999999995,0.00044440000000000007,-3.6199999999999904e-05,-0.0010242000000000001,0.00068160000000000009,0.0019228000000000001,-0.00098780000000000005,-0.0028197999999999999,-0.0016624000000000003,0.0021056,-0.0021982,-0.0011068,3.0599999999999985e-05,0.00056159999999999999,-2.4599999999999839e-05,-0.0018566000000000001,-0.0037086000000000003,0.0015651999999999999,0.002983,0.00099000000000000021,3.0999999999999995e-05,-0.00012560000000000002,-0.0013725999999999999,0.0010314,-0.0020952000000000006,0.0026164000000000001,-8.1000000000000343e-05,-0.0003885999999999998,0.0022445999999999998,0.00025299999999999997,-0.0051589999999999995,0.00093099999999999997,-0.0025316000000000002,-0.0021209999999999992,-0.0032588000000000001,0.00056780000000000003,0.00090480000000000009,-0.00044919999999999997,2.3000000000000071e-05,0.00068780000000000002,-0.00097860000000000004,-0.00090059999999999988,0.00071239999999999997,0.0012236,-0.00083259999999999996,-0.0012053999999999999,0.0015445999999999999,-0.0023749999999999999,-0.00056860000000000005,-0.0010731999999999998,0.001005,-0.00037260000000000006,0.00067579999999999984,0.00040139999999999994,0.00066679999999999994,-0.00051199999999999998,0.0003006000000000001,-0.0003614,0.00056999999999999998,0.0016707999999999998,-0.0027366000000000001,0.000455,-0.00069920000000000008,0.00040040000000000008,-0.0005755999999999999,-0.00044679999999999996,-0.0020312000000000004,-0.00025400000000000016,0.00046660000000000007,0.00044460000000000007,-0.00061819999999999996,-0.0011668,0.00013140000000000005,0.00033760000000000018,-0.0013983999999999999,-0.00061759999999999994,0.00020699999999999999,-0.00018880000000000004,0.00048320000000000004,0.0010968000000000002,0.0018668000000000001,-0.0032992,-0.0017762000000000001,-0.0025254000000000001,0.0012355999999999999,-0.0004574,-0.0017346000000000002,-0.00045120000000000007,0.0025748000000000004,0.00021420000000000022,-0.00054560000000000003,0.00035559999999999992,-0.0019878000000000001,0.0024805999999999999,0.00011619999999999998,0.0012418000000000002,0.0028508000000000006,-0.0011446,-0.0037272,0.0025986,-1.0799999999999937e-05,0.0020832000000000003,-0.00060780000000000025,0.0026198000000000003,0.0052732000000000005,-0.0046378000000000001,-0.0015656000000000001,-0.0015276000000000001,-0.0035737999999999994,-0.00031380000000000015
aug_between_class_right_pair0033_child03,Healthy,0,0,Augmented,0,0,0,0,0,0.31283519999999998,1.9124203,5.2939559203393771e-23,-6.9999999999999997e-07,0,0.96386660000000002,4.1359030627651384e-25,0.022859800000000003,-0.15408919999999998,0.0286456,0.076965099999999995,-0.095066499999999998,0.051528500000000005,-0.0029979,0.0011784,-0.032101600000000001,-0.0773007,0.3935496,-0.10245750000000001,0.018670700000000002,0.059949400000000007,-0.020845300000000001,-0.0160888,-0.0060310999999999993,-0.042054300000000003,0.029247599999999999,0.0289717,-0.047449000000000005,-0.0014512999999999996,-0.085431300000000002,0.00096459999999999949,0.042980899999999995,-0.022173999999999999,0.0149564,0.0090342000000000009,-0.057979600000000006,0.036661699999999998,-0.046898000000000002,-0.0420583,0.078695500000000002,-0.029711500000000002,0.20738589999999998,-0.039126500000000002,0.0071327000000000005,-0.0050707000000000009,0.0052005999999999979,-0.016525700000000001,0.0027442,0.040228199999999999,-0.0039350000000000001,-0.011964599999999999,-0.013946900000000002,-0.0159306,0.013813199999999999,0.013885600000000001,0.0153703,0.0096051000000000001,-0.0190502,0.0085785999999999987,0.0071465000000000001,-0.035073199999999999,-0.0083374999999999977,0.0084491999999999987,-0.0013370999999999999,0.016476400000000002,-0.088730000000000003,-0.0050564999999999985,-0.028867199999999999,-0.0093585000000000005,-0.007286599999999999,-0.0018952000000000001,0.0013437,0.021753600000000001,0.0055629,0.0026910999999999997,-0.016556299999999996,0.0041040999999999994,0.0016493000000000002,-0.013010600000000001,0.0039509999999999997,0.0027304999999999999,-0.019153400000000001,0.009349399999999999,0.0062766000000000002,0.0040958999999999995,-0.013304,-0.0142547,0.0199562,-0.014576499999999999,-0.0069991999999999997,-0.0054682999999999997,-0.0105583,-0.00037870000000000004,-0.0083611000000000015,-0.0066275000000000006,0.0094432000000000006,-0.010684800000000001,-0.00087920000000000012,0.0065328000000000001,-0.0029931000000000003,0.0177777,-0.0047073000000000011,-0.0070731000000000006,-7.6200000000000009e-05,-0.0024616999999999998,0.002526099999999999,0.0070953000000000006,-0.0052165999999999992,0.0071379000000000017,0.00065079999999999988,0.0073411999999999991,-0.0017551999999999999,-0.0037778,0.0087621999999999995,0.0018041000000000012,0.0049589000000000005,0.0032290999999999999,0.0081036000000000007,-0.0049935000000000005,0.0082954999999999991,-0.0079772999999999997,0.0116183,-0.0015828000000000001,-0.0067707000000000002,0.0034387999999999997,-0.0022508000000000003,0.0050717999999999996,-0.011697599999999999,-0.0014037000000000001,0.0022336000000000005,0.00043200000000000009,0.0018759999999999992,-0.0061386999999999995,-0.015935700000000001,-0.0054134999999999999,-0.0076898999999999995,-0.0071386999999999996,0.0041954000000000002,-0.0027881999999999998,0.0076021999999999999,0.0015416000000000004,-0.001402,-0.0015195999999999999,0.0015093000000000001,0.0013275000000000001,0.0027904999999999996,0.0030815,-0.0035195999999999995,0.0025544999999999999,-0.00040199999999999958,0.0035729999999999998,0.0038717999999999999,0.0033743000000000002,0.0013410000000000002,0.0020268999999999999,-0.0057698999999999997,0.0047809999999999997,-0.00076029999999999999,0.0017690999999999998,-0.0011178000000000004,-0.0032669999999999999,0.0068187000000000005,0.0024752999999999997,0.0013165,-0.0016668,-0.0007561,-0.0043864000000000004,-0.0017943,-0.01107,0.0027082999999999999,0.0021349999999999997,0.0070828000000000002,0.0031589000000000001,-0.0116083,-0.0008866999999999996,0.010071399999999999,0.00059110000000000011,-0.0019543999999999994,0.0024201000000000005,-0.010291499999999999,-0.0028925999999999995,-0.011107100000000002,0.0038324000000000001,0.0017654000000000001,-0.0071443000000000001,0.010010699999999999,0.00073670000000000007,-0.0010197000000000001,0.0012625000000000002,-0.0010857000000000002,-0.0019913000000000001,-0.00063900000000000003,0.0024047000000000001,-0.0036800000000000001,-0.0019527000000000001,0.0012418999999999998,0.0023260999999999998,-0.00018860000000000014,-0.0041438999999999998,-0.0014561000000000001,0.00066319999999999975,-0.0013131,0.00024800000000000012,-0.0028925999999999999,-0.00021670000000000023,-0.00022649999999999971,0.00044220000000000001,0.0028171999999999997,-0.00095840000000000009,-0.0040875999999999994,0.0090492999999999997,0.0041666000000000003,-0.0046030000000000003,0.0042398999999999996,0.0063705000000000003,-0.0035347,0.00095999999999999992,-0.0002840999999999998,-0.0024415999999999999,-0.0012874000000000002,0.0017133000000000001,0.0055250000000000004,-0.0011338000000000001,-0.0060552999999999996,-3.6999999999999707e-05,0.0023955999999999999,-0.0085040999999999988,0.0022131,-0.00083389999999999962,0.0011399000000000001,0.0019282999999999998,-0.0051776000000000001,-0.0019762000000000004,-0.0158791,0.0066413999999999996,-0.0127391,-0.0035496,-0.0046703999999999999,0.0010499999999999999,-0.0011827999999999999,-0.0016773999999999999,-0.0031860999999999999,-0.0037207999999999998,-1.5699999999999975e-05,-0.00072769999999999996,-0.0024852999999999997,0.00093170000000000004,-0.0007136,-0.0016401999999999999,0.0010187,0.0018486999999999998,0.0028358999999999997,0.0007890000000000002,0.0005708,-0.00068669999999999983,0.0038678999999999996,-0.0021646,0.00088669999999999992,-0.00057840000000000018,-0.00025830000000000015,-0.00022450000000000009,-0.0038866,0.00082149999999999996,0.0021843000000000001,-0.00058339999999999998,-0.00066699999999999973,0.0033268000000000004,0.0022453999999999998,0.0049841999999999994,-0.00015260000000000002,0.00090019999999999998,-0.0025772,-0.0012490999999999999,0.0043587000000000001,0.00082089999999999995,0.0030444999999999995,2.3000000000002185e-06,0.0018582,-0.0065131000000000008,0.00083500000000000002,-0.0016847000000000001,0.0016112000000000001,-0.0026993,0.0036150999999999996,-0.0021993999999999998,0.00079569999999999977,-0.0030501,0.0025041999999999998,-0.0027163000000000001,2.1999999999999884e-05,0.0085417999999999987,3.6200000000000121e-05,0.0060622000000000002,-0.0114705,0.0034104999999999999,0.00030139999999999985,0.00048910000000000002,0.0011852,0.0012004000000000001,-0.00078610000000000008,0.00095150000000000009,0.0013473000000000001,-0.00017429999999999985,-0.0018403999999999998,4.0200000000000218e-05,0.00093780000000000003,-0.0010513,0.0018779000000000001,6.5300000000000042e-05,-0.0009142,-0.001098,0.00099719999999999995,0.00027760000000000003,0.0002296,-0.00022210000000000014,0.0014862999999999999,1.3500000000000057e-05,-0.00071540000000000015,-0.00089050000000000002,-0.0028457999999999999,0.0024903,0.00047730000000000005,0.0012797999999999998,-0.00092319999999999978,-0.0016927999999999999,-0.0001272999999999999,0.00087809999999999971,-0.00062930000000000017,-0.0023298999999999998,0.0021408999999999998,0.00034170000000000007,0.0019107000000000002,0.0024961000000000002,-0.00066759999999999996,0.0012132999999999998,0.0012212,0.0026808000000000001,0.00040029999999999997,-0.00020820000000000007,0.00062530000000000007,0.0038812,0.0026197,-2.1000000000000009e-05,0.0001049,-0.0060935,9.7800000000000209e-05,0.0047413999999999998,-0.0027465000000000002,0.0035701000000000001,-0.0036606999999999998,0.00071380000000000022,-0.0015431999999999998,0.00091759999999999975,0.0076361000000000007,-0.0036829999999999996,0.00028110000000000027,0.0016199000000000001,-0.0045745999999999998,0.00036009999999999997,-0.00040349999999999994,0.0022303999999999996,-0.00092670000000000024,6.8499999999999985e-05,-0.00052550000000000003,0.00019159999999999994,0.00032779999999999994,-0.00059769999999999995,6.259999999999999e-05,0.0018238999999999998,-0.0017025999999999996,0.0024560000000000003,-0.0014077999999999999,0.00026950000000000015,-0.00030059999999999983,0.00043779999999999969,-0.0018081,0.00098450000000000013,0.00044809999999999989,-0.0014720999999999998,-0.00094779999999999984,0.0015560999999999999,0.00047479999999999983,-0.0015365000000000001,-0.00021849999999999997,4.9199999999999895e-05,-0.0013517,-0.00048060000000000003,0.0021274000000000002,-0.0011094,-0.00015120000000000002,0.0011825,0.001062,-0.00054149999999999999,0.00075960000000000003,-9.9799999999999932e-05,-0.0012692999999999999,0.0010114000000000002,0.0018291999999999996,-0.00098320000000000005,-0.0027131999999999998,-0.0016046000000000001,0.0018108999999999996,-0.0021457999999999998,-0.0013552,-8.1000000000000072e-06,0.00044839999999999995,4.1599999999999927e-05,-0.0013733999999999997,-0.0035283999999999992,0.0011898,0.0033175000000000001,0.0008144999999999999,-0.00019849999999999984,1.0600000000000095e-05,-0.0010134,0.0015336,-0.0019908,0.0026941000000000001,-0.00022600000000000007,-0.00026489999999999999,0.0025279,-0.00055949999999999988,-0.0053609999999999994,0.0010059999999999999,-0.0027853999999999999,-0.001668999999999999,-0.0032526999999999999,0.00067520000000000015,0.00080869999999999987,-0.0002498,0.00016150000000000002,0.00052469999999999991,-0.00085389999999999988,-0.0010093999999999999,0.00053009999999999993,0.00093639999999999978,-0.00092389999999999985,-0.0010636,0.0013438999999999999,-0.0022894999999999999,-0.00061640000000000002,-0.00088679999999999987,0.00086950000000000005,-0.00047140000000000002,0.00035969999999999991,0.00031359999999999998,0.00062220000000000005,-0.0003169999999999999,0.00042839999999999995,-0.00044410000000000001,0.00069200000000000002,0.0015101999999999997,-0.0023974000000000001,0.00041850000000000004,-0.0007317999999999999,0.00032359999999999995,-0.00043139999999999997,-0.00041219999999999994,-0.0018527999999999999,-0.00062800000000000009,0.00038489999999999998,0.00052240000000000001,-0.00078379999999999997,-0.0011506999999999999,5.9599999999999985e-05,0.00019890000000000001,-0.0014191,-0.00043089999999999979,0.00030050000000000004,1.4300000000000185e-05,0.00029629999999999999,0.00099270000000000001,0.0019491999999999999,-0.0035352999999999999,-0.0015847999999999999,-0.0023095999999999998,0.0011053999999999999,-0.00046560000000000004,-0.0014293999999999995,-0.00065130000000000006,0.0023787000000000001,0.00016929999999999994,-0.00035940000000000001,0.00056339999999999993,-0.0020726999999999998,0.0026629000000000002,-9.0200000000000051e-05,0.0014077,0.0026776999999999999,-0.0014204,-0.0031852999999999999,0.0025958999999999999,-6.0200000000000054e-05,0.0019838,-0.00087619999999999983,0.0024112000000000001,0.0048903000000000002,-0.0050046999999999999,-0.0014793999999999996,-0.0020019,-0.0023591999999999997,-0.00020770000000000001
aug_between_class_right_pair0033_child04,Healthy,0,0,Augmented,0,0,0,0,0,0.30453759999999996,1.9088503999999999,0,-5.9999999999999997e-07,0,0.95193079999999997,0,0.023222400000000001,-0.15171460000000001,0.030043800000000002,0.077203800000000003,-0.094581999999999999,0.051878000000000001,-0.0039502000000000009,0.0012811999999999997,-0.026459800000000002,-0.077392600000000006,0.39276479999999997,-0.10528900000000001,0.019040600000000001,0.057811200000000007,-0.018155400000000002,-0.016347400000000002,-0.0056737999999999997,-0.041369400000000001,0.032600799999999999,0.027744600000000001,-0.047577000000000001,-0.0013614,-0.085350399999999993,0.0027507999999999977,0.043982199999999999,-0.021998999999999998,0.015958199999999999,0.010225600000000001,-0.058673800000000005,0.037917600000000003,-0.046242000000000005,-0.039062400000000004,0.080246999999999999,-0.029356,0.20554519999999998,-0.039287000000000002,0.0072396000000000005,-0.0066666,0.004217799999999999,-0.015612600000000001,0.0032366000000000001,0.040103600000000003,-0.0038450000000000003,-0.0113318,-0.0132622,-0.015906799999999999,0.0137766,0.015273799999999999,0.016497399999999999,0.0088607999999999985,-0.018665600000000001,0.0097388000000000006,0.0057630000000000008,-0.033313599999999999,-0.0074349999999999989,0.0062126000000000004,-0.00032579999999999979,0.017981199999999996,-0.088591000000000003,-0.0034679999999999989,-0.028956599999999999,-0.0079089999999999976,-0.0080838000000000004,-0.0022055999999999998,0.0011875999999999998,0.021403800000000001,0.0059211999999999997,0.0015277999999999995,-0.015878400000000001,0.0038127999999999999,0.0026074000000000002,-0.012356799999999999,0.0042170000000000003,0.0021189999999999998,-0.018952199999999999,0.0088961999999999999,0.0060458000000000005,0.0031871999999999998,-0.013235,-0.0145706,0.020094600000000001,-0.014211,-0.0066016,-0.0057733999999999997,-0.0093284000000000006,-0.0013606,-0.0069728000000000004,-0.0079620000000000003,0.0087665999999999994,-0.0098773999999999997,-0.0002865999999999997,0.0066823999999999998,-0.0016448000000000009,0.017504599999999999,-0.0048844000000000005,-0.0070258000000000004,-0.00016360000000000007,-0.0022136,0.0022437999999999998,0.0071733999999999999,-0.0050547999999999999,0.0067152000000000019,0.00071040000000000003,0.0072515999999999995,-0.0017265999999999998,-0.0042393999999999999,0.0092956000000000011,0.0020598000000000005,0.0047622000000000003,0.0035078000000000002,0.0084298000000000012,-0.0045249999999999995,0.0080939999999999988,-0.0081384000000000005,0.0109394,-0.0012204000000000002,-0.0068425999999999999,0.0045263999999999999,-0.0037684000000000007,0.0056163999999999997,-0.0119548,-0.0012026000000000001,0.0015047999999999997,-0.00014800000000000056,0.0012629999999999994,-0.0058646000000000002,-0.016823600000000001,-0.0041189999999999994,-0.0085941999999999998,-0.0067955999999999997,0.0047802000000000001,-0.0028695999999999995,0.0074226000000000006,0.0012338000000000002,-0.0016570000000000003,-0.0014598,0.0013624000000000002,0.00093799999999999981,0.0025670000000000003,0.0031289999999999998,-0.0029467999999999999,0.0025950000000000001,-0.00066599999999999993,0.0030980000000000001,0.0039164000000000004,0.0036334000000000002,0.0013059999999999999,0.0022451999999999997,-0.0058332000000000002,0.0044429999999999999,-0.00095640000000000005,0.0023728000000000004,-0.00080340000000000012,-0.0028530000000000001,0.0065926000000000005,0.0029064,0.0010950000000000001,-0.0014884,-0.00037279999999999952,-0.0046782000000000004,-0.0015363999999999998,-0.010936,0.0033754000000000002,0.001503,0.0071583999999999997,0.0028172000000000002,-0.011320400000000001,-0.0012845999999999997,0.0092671999999999997,0.00015579999999999999,-0.0023581999999999995,0.0019917999999999993,-0.0095949999999999994,-0.0030638000000000002,-0.011773800000000001,0.0043772000000000004,0.0015642,-0.0068404,0.0107476,0.00015859999999999984,-0.00078659999999999993,0.00068500000000000006,-0.00076360000000000013,-0.0014423999999999999,-0.00075000000000000023,0.0024866000000000003,-0.0038739999999999998,-0.0021765999999999999,0.0017432000000000001,0.0024927999999999999,2.9199999999999626e-05,-0.0045631999999999999,-0.0013157999999999998,0.00025159999999999983,-0.0015008000000000001,0.00013700000000000002,-0.0030428000000000005,-0.00084960000000000049,0.0001590000000000005,0.00056359999999999982,0.0025345999999999997,-0.0016452000000000001,-0.0032907999999999995,0.0092493999999999996,0.0047168000000000002,-0.004019,0.0037562000000000003,0.0059880000000000003,-0.0031425999999999997,0.00086899999999999998,-0.00010079999999999985,-0.0025617999999999999,-0.00092019999999999971,0.0013013999999999999,0.0058979999999999996,-0.0015884000000000004,-0.0062193999999999999,-2.6999999999999897e-05,0.0024957999999999998,-0.0082558000000000006,0.0021657999999999998,-0.0013452000000000002,0.0010721999999999999,0.0018733999999999999,-0.0052738000000000004,-0.0020885999999999999,-0.016464800000000002,0.0066271999999999998,-0.0124928,-0.0031197999999999998,-0.0053032000000000001,0.00081399999999999984,-0.0010794000000000001,-0.0016052000000000002,-0.0028148000000000001,-0.0037784000000000003,-0.00023159999999999999,-0.00062760000000000008,-0.0022564,0.0012006,-0.00051979999999999995,-0.0017406000000000001,0.0011875999999999998,0.0014786000000000001,0.0028971999999999995,0.0012080000000000003,0.00047539999999999995,-0.00091759999999999997,0.0042132000000000003,-0.0020477999999999998,0.00092659999999999997,-0.00052720000000000002,-0.00015940000000000008,-0.00043500000000000027,-0.0038067999999999999,0.00091700000000000006,0.0020423999999999998,-0.00022519999999999962,-0.00067999999999999994,0.0035334000000000003,0.0021321999999999999,0.0048915999999999994,-0.00040779999999999999,0.0010026000000000002,-0.0022826000000000001,-0.0010028000000000001,0.0040825999999999996,0.00088519999999999994,0.0031040000000000004,-3.6599999999999914e-05,0.0012396,-0.0061438000000000005,0.0010640000000000001,-0.0021596000000000002,0.0018055999999999999,-0.0023213999999999999,0.0032087999999999995,-0.0020561999999999998,0.00049359999999999975,-0.0028748000000000003,0.0021025999999999996,-0.0026023999999999999,0.00024999999999999979,0.0086983999999999985,-2.5399999999999967e-05,0.0068356000000000007,-0.01213,0.0033249999999999998,0.00031919999999999995,0.00041479999999999995,0.0013036000000000002,0.00075520000000000014,-0.00046979999999999998,0.0012770000000000001,0.0013573999999999999,-7.1400000000000109e-05,-0.0016781999999999999,5.6599999999999966e-05,0.00087340000000000009,-0.0012254,0.0017191999999999999,0.00017140000000000002,-0.00089459999999999995,-0.0010799999999999998,0.0013925999999999999,0.00027780000000000014,0.00055480000000000004,-0.00037280000000000001,0.0014014000000000006,-6.9000000000000051e-05,-0.0010932000000000003,-0.00081399999999999994,-0.0027133999999999999,0.0021633999999999998,0.00056540000000000008,0.0013263999999999993,-0.0011366000000000002,-0.0014624,-0.00058040000000000001,0.00078579999999999991,-0.00016140000000000013,-0.0022541999999999996,0.0021251999999999998,9.1600000000000112e-05,0.0018686000000000002,0.0025208000000000001,-0.00076380000000000003,0.0011804000000000001,0.0011386,0.0023814000000000001,0.00045840000000000003,-6.0000000000001458e-07,0.00038840000000000012,0.0033725999999999999,0.0026855999999999998,0.0003500000000000001,3.5199999999999988e-05,-0.00562,0.00040140000000000022,0.0039782000000000003,-0.0023410000000000002,0.0031668000000000004,-0.0035245999999999997,0.00081939999999999997,-0.0014675999999999999,0.0015217999999999996,0.0073868000000000007,-0.0037600000000000003,0.00057480000000000031,0.00028119999999999925,-0.0047098000000000001,0.00054480000000000002,-0.00037899999999999994,0.0019231999999999997,-0.00089260000000000001,0.00015999999999999999,-0.000669,0.00017680000000000001,0.00024839999999999997,-0.00057859999999999997,4.18e-05,0.0016681999999999999,-0.0014957999999999998,0.0026280000000000001,-0.0015544000000000003,3.8000000000000056e-05,-0.00037280000000000017,0.00019839999999999973,-0.0015927999999999999,0.00081100000000000009,0.00033679999999999995,-0.0011887999999999998,-0.0010484000000000001,0.0017597999999999997,0.00021739999999999975,-0.001554,-0.00027600000000000004,-0.00016240000000000004,-0.0010715999999999998,-0.00051380000000000002,0.0020531999999999998,-0.00085119999999999987,-0.00015659999999999998,0.001181,0.00087000000000000001,-0.00058999999999999992,0.0010747999999999999,-0.00016339999999999974,-0.0015143999999999999,0.0013412000000000003,0.0017355999999999999,-0.00097860000000000004,-0.0026065999999999997,-0.0015468000000000001,0.0015161999999999999,-0.0020934,-0.0016036000000000002,-4.6799999999999999e-05,0.00033519999999999991,0.00010780000000000013,-0.00089019999999999963,-0.0033481999999999991,0.00081439999999999985,0.0036519999999999999,0.00063900000000000003,-0.00042800000000000005,0.00014679999999999999,-0.00065419999999999996,0.0020357999999999999,-0.0018864000000000003,0.0027718,-0.0003709999999999998,-0.00014120000000000018,0.0028111999999999998,-0.0013720000000000002,-0.0055629999999999994,0.0010809999999999999,-0.0030392000000000006,-0.0012169999999999998,-0.0032466000000000001,0.00078260000000000016,0.00071259999999999997,-5.0399999999999924e-05,0.00030000000000000008,0.0003615999999999999,-0.00072919999999999994,-0.0011182,0.00034779999999999983,0.00064919999999999984,-0.0010152,-0.00092179999999999996,0.0011432,-0.0022040000000000002,-0.00066419999999999999,-0.00070039999999999979,0.00073399999999999995,-0.00057020000000000009,4.3599999999999705e-05,0.00022580000000000001,0.00057759999999999995,-0.00012199999999999988,0.00055619999999999997,-0.00052680000000000001,0.00081400000000000005,0.0013495999999999998,-0.0020581999999999996,0.00038200000000000002,-0.00076440000000000004,0.00024679999999999998,-0.00028719999999999983,-0.00037759999999999996,-0.0016743999999999999,-0.0010020000000000003,0.0003032,0.00060019999999999995,-0.00094940000000000009,-0.0011345999999999999,-1.220000000000008e-05,6.0200000000000054e-05,-0.0014398,-0.00024419999999999976,0.00039400000000000009,0.00021740000000000008,0.00010939999999999989,0.00088860000000000002,0.0020315999999999997,-0.0037714000000000003,-0.0013933999999999999,-0.0020937999999999998,0.00097519999999999985,-0.00047380000000000002,-0.0011242000000000001,-0.0008514000000000001,0.0021825999999999998,0.00012439999999999988,-0.00017319999999999998,0.00077119999999999988,-0.0021576,0.0028452,-0.00029660000000000005,0.0015736000000000001,0.0025046000000000001,-0.0016961999999999999,-0.0026433999999999997,0.0025931999999999999,-0.00010960000000000006,0.0018844000000000001,-0.0011446,0.0022026000000000003,0.0045073999999999999,-0.0053715999999999998,-0.0013931999999999998,-0.0024762,-0.0011445999999999995,-0.00010159999999999998
aug_between_class_right_pair0033_child05,TLE,1,1,Augmented,0,0,0,0,0,0.28794239999999999,1.9017106000000001,0,-3.9999999999999993e-07,0,0.92805919999999997,0,0.023947600000000003,-0.1469654,0.0328402,0.077681199999999992,-0.093613000000000002,0.052576999999999999,-0.0058548000000000003,0.0014867999999999999,-0.015176200000000001,-0.07757639999999999,0.39119519999999997,-0.110952,0.0197804,0.053534800000000007,-0.012775600000000002,-0.0168646,-0.0049592000000000004,-0.039999600000000003,0.0393072,0.025290400000000001,-0.047833000000000001,-0.0011816000000000001,-0.085188600000000003,0.0063231999999999984,0.045984799999999999,-0.021649000000000002,0.0179618,0.012608400000000001,-0.060062200000000003,0.040429400000000004,-0.044930000000000005,-0.033070600000000006,0.083349999999999994,-0.028645,0.20186380000000001,-0.039608000000000004,0.0074534000000000006,-0.0098583999999999998,0.0022521999999999993,-0.013786400000000001,0.0042214000000000002,0.039854399999999998,-0.0036650000000000003,-0.010066200000000001,-0.0118928,-0.0158592,0.013703399999999999,0.018050199999999999,0.0187516,0.0073721999999999998,-0.0178964,0.012059200000000001,0.0029959999999999987,-0.029794399999999999,-0.0056299999999999996,0.0017394000000000001,0.0016968,0.020990799999999997,-0.088313000000000003,-0.00029099999999999786,-0.029135399999999999,-0.0050099999999999988,-0.0096781999999999997,-0.0028264000000000002,0.00087540000000000014,0.020704199999999999,0.0066378000000000001,-0.00079880000000000012,-0.0145226,0.0032301999999999995,0.0045236,-0.0110492,0.0047489999999999997,0.00089600000000000009,-0.018549800000000002,0.0079898,0.0055842000000000001,0.0013698,-0.013097000000000001,-0.0152024,0.020371399999999998,-0.013479999999999999,-0.0058063999999999998,-0.0063835999999999997,-0.0068685999999999999,-0.0033243999999999999,-0.0041962000000000006,-0.010631000000000002,0.0074134000000000005,-0.0082626000000000019,0.00089859999999999983,0.006981600000000001,0.0010517999999999992,0.016958399999999998,-0.0052386000000000012,-0.0069312000000000002,-0.00033839999999999999,-0.0017174,0.0016791999999999996,0.0073296000000000004,-0.0047311999999999996,0.0058698000000000005,0.00082959999999999989,0.0070724000000000004,-0.0016694000000000001,-0.0051625999999999998,0.010362400000000001,0.0025712000000000009,0.0043687999999999999,0.0040651999999999997,0.0090822000000000003,-0.0035880000000000005,0.0076909999999999999,-0.0084606000000000004,0.0095815999999999991,-0.00049560000000000023,-0.0069864000000000002,0.0067015999999999994,-0.0068035999999999991,0.0067055999999999991,-0.0124692,-0.00080040000000000037,4.7199999999999846e-05,-0.0013080000000000001,3.700000000000014e-05,-0.0053163999999999998,-0.018599400000000002,-0.0015300000000000001,-0.010402799999999999,-0.0061094000000000001,0.0059497999999999999,-0.0030323999999999998,0.0070634000000000009,0.00061820000000000017,-0.0021670000000000001,-0.0013401999999999999,0.0010686000000000001,0.00015900000000000007,0.0021200000000000004,0.0032240000000000003,-0.0018011999999999998,0.0026759999999999996,-0.0011939999999999997,0.0021480000000000002,0.0040056000000000007,0.0041516000000000001,0.0012359999999999999,0.0026817999999999998,-0.0059597999999999995,0.0037669999999999995,-0.0013485999999999999,0.0035801999999999995,-0.00017460000000000045,-0.0020249999999999999,0.0061404000000000007,0.0037685999999999996,0.00065200000000000002,-0.0011316000000000002,0.00039379999999999971,-0.0052617999999999996,-0.0010206,-0.010668,0.0047095999999999996,0.00023900000000000006,0.0073095999999999994,0.0021337999999999999,-0.0107446,-0.0020803999999999996,0.0076588000000000003,-0.00071480000000000003,-0.003165799999999999,0.0011352000000000003,-0.0082019999999999992,-0.0034061999999999999,-0.013107199999999999,0.0054668,0.0011618000000000002,-0.0062325999999999996,0.0122214,-0.00099759999999999996,-0.00032039999999999998,-0.00046999999999999971,-0.00011939999999999997,-0.00034460000000000024,-0.00097200000000000021,0.0026504000000000002,-0.0042619999999999993,-0.0026243999999999998,0.0027457999999999996,0.0028262000000000001,0.00046479999999999981,-0.0054018,-0.0010352,-0.00057160000000000002,-0.0018762,-8.4999999999999925e-05,-0.0033431999999999997,-0.0021154000000000004,0.00093000000000000027,0.00080639999999999998,0.0019694000000000001,-0.0030188000000000003,-0.0016971999999999998,0.0096495999999999978,0.0058171999999999998,-0.0028510000000000002,0.0027888000000000001,0.0052230000000000002,-0.0023584000000000001,0.000687,0.00026579999999999985,-0.0028021999999999995,-0.00018580000000000007,0.0004775999999999999,0.0066439999999999997,-0.0024976,-0.0065476000000000006,-6.9999999999998449e-06,0.0026962000000000002,-0.0077591999999999991,0.0020712,-0.0023677999999999998,0.0009368,0.0017635999999999999,-0.0054662000000000001,-0.0023133999999999997,-0.017636199999999998,0.0065988000000000002,-0.012000199999999999,-0.0022602,-0.0065687999999999996,0.00034199999999999986,-0.00087260000000000007,-0.0014608000000000004,-0.0020722000000000002,-0.0038936000000000005,-0.00066339999999999997,-0.00042739999999999998,-0.0017986,0.0017383999999999998,-0.00013220000000000029,-0.0019414,0.0015253999999999999,0.00073840000000000006,0.0030198,0.0020460000000000001,0.00028460000000000009,-0.0013793999999999998,0.0049037999999999998,-0.0018142,0.0010063999999999997,-0.00042480000000000003,3.8399999999999849e-05,-0.00085599999999999977,-0.0036472000000000002,0.001108,0.0017585999999999999,0.0004911999999999998,-0.00070599999999999992,0.0039465999999999998,0.0019058,0.0047063999999999995,-0.00091819999999999998,0.0012074,-0.0016934000000000003,-0.00051020000000000015,0.0035303999999999999,0.0010138,0.0032229999999999997,-0.00011439999999999974,2.4000000000000583e-06,-0.0054052000000000006,0.0015219999999999999,-0.0031094,0.0021944,-0.0015655999999999999,0.0023962000000000002,-0.0017697999999999998,-0.00011059999999999998,-0.0025241999999999999,0.0012993999999999998,-0.0023746000000000001,0.00070599999999999981,0.0090115999999999998,-0.00014859999999999993,0.0083823999999999999,-0.013448999999999999,0.0031540000000000001,0.00035479999999999995,0.00026619999999999997,0.0015404000000000001,-0.00013519999999999982,0.00016279999999999989,0.0019280000000000002,0.0013776000000000001,0.00013440000000000023,-0.0013538000000000001,8.9400000000000005e-05,0.0007446000000000001,-0.0015735999999999999,0.0014018000000000001,0.00038360000000000005,-0.00085539999999999987,-0.001044,0.0021834000000000003,0.00027820000000000015,0.0012051999999999998,-0.00067419999999999991,0.0012315999999999998,-0.00023399999999999994,-0.0018488000000000003,-0.00066100000000000002,-0.0024486,0.0015096000000000003,0.00074159999999999992,0.0014196,-0.0015633999999999999,-0.0010016000000000001,-0.0014866,0.00060120000000000009,0.00077439999999999974,-0.0021028000000000002,0.0020937999999999998,-0.0004085999999999999,0.0017844,0.0025701999999999999,-0.00095619999999999993,0.0011145999999999999,0.00097340000000000002,0.0017826000000000001,0.00057459999999999998,0.00041459999999999994,-8.5399999999999799e-05,0.0023554000000000001,0.0028174000000000003,0.0010919999999999997,-0.00010419999999999998,-0.0046730000000000001,0.0010086000000000001,0.0024518000000000005,-0.0015300000000000001,0.0023602000000000002,-0.0032523999999999999,0.0010306,-0.0013164000000000001,0.002730199999999999,0.0068882000000000006,-0.0039140000000000008,0.0011622000000000002,-0.0023962000000000002,-0.0049801999999999997,0.0009142,-0.00033000000000000005,0.0013087999999999999,-0.00082439999999999998,0.00034299999999999988,-0.00095599999999999993,0.0001472,8.9599999999999982e-05,-0.00054040000000000002,2.0000000000000486e-07,0.0013568,-0.0010822,0.0029719999999999998,-0.0018476,-0.00042499999999999981,-0.00051719999999999999,-0.00028039999999999999,-0.0011622,0.00046400000000000022,0.00011419999999999998,-0.00062219999999999984,-0.0012496,0.0021671999999999998,-0.00029739999999999996,-0.0015890000000000001,-0.00039100000000000002,-0.00058560000000000003,-0.00051140000000000018,-0.00058020000000000001,0.0019048000000000001,-0.00033479999999999995,-0.00016739999999999998,0.001178,0.00048599999999999994,-0.000687,0.0017052,-0.00029060000000000002,-0.0020046,0.0020008000000000001,0.0015483999999999997,-0.00096939999999999993,-0.0023934,-0.0014312000000000001,0.00092679999999999998,-0.0019886000000000001,-0.0021003999999999997,-0.00012419999999999998,0.00010880000000000004,0.00024019999999999988,7.6199999999999955e-05,-0.0029877999999999997,6.3599999999999811e-05,0.0043210000000000002,0.00028799999999999984,-0.00088699999999999977,0.00041919999999999994,6.4199999999999934e-05,0.0030401999999999998,-0.0016776,0.0029272,-0.00066100000000000013,0.00010619999999999987,0.0033777999999999998,-0.0029969999999999997,-0.0059670000000000001,0.0012309999999999999,-0.0035467999999999997,-0.00031299999999999948,-0.0032344000000000001,0.00099740000000000007,0.00052040000000000007,0.00034840000000000001,0.00057700000000000004,3.5400000000000047e-05,-0.00047980000000000001,-0.0013358000000000001,-1.6800000000000029e-05,7.4799999999999867e-05,-0.0011977999999999999,-0.00063820000000000001,0.00074180000000000014,-0.0020330000000000001,-0.00075980000000000004,-0.00032759999999999999,0.00046300000000000003,-0.00076780000000000001,-0.0005886,5.0200000000000028e-05,0.00048839999999999995,0.00026800000000000006,0.00081180000000000011,-0.00069220000000000002,0.0010579999999999999,0.0010283999999999998,-0.0013798,0.00030899999999999998,-0.00082959999999999989,9.3200000000000043e-05,1.2000000000000292e-06,-0.00030840000000000002,-0.0013175999999999999,-0.00175,0.00013980000000000004,0.00075580000000000005,-0.0012805999999999998,-0.0011023999999999999,-0.00015579999999999999,-0.00021719999999999997,-0.0014812,0.00012919999999999994,0.00058099999999999992,0.00062359999999999998,-0.00026439999999999998,0.00068040000000000006,0.0021963999999999998,-0.0042436000000000001,-0.0010106,-0.0016622,0.00071480000000000003,-0.00049019999999999999,-0.00051380000000000024,-0.0012516000000000001,0.0017904000000000002,3.4600000000000082e-05,0.00019919999999999996,0.0011867999999999998,-0.0023274000000000003,0.0032097999999999996,-0.0007093999999999999,0.0019054,0.0021584000000000004,-0.0022477999999999999,-0.0015596,0.0025877999999999999,-0.00020840000000000008,0.0016856000000000002,-0.0016814,0.0017854000000000004,0.0037416000000000003,-0.0061053999999999995,-0.0012208,-0.0034247999999999995,0.0012846000000000003,0.00011059999999999998
aug_between_class_right_pair0033_child06,TLE,1,1,Augmented,0,0,0,0,0,0.27964479999999997,1.8981407000000001,0,-2.9999999999999993e-07,0,0.91612340000000003,0,0.024310200000000001,-0.14459079999999999,0.034238400000000002,0.0779199,-0.093128500000000003,0.052926500000000001,-0.0068071,0.0015895999999999998,-0.0095344000000000019,-0.077668299999999996,0.39041039999999999,-0.11378350000000001,0.020150299999999999,0.051396600000000001,-0.010085700000000003,-0.017123200000000002,-0.0046018999999999999,-0.039314700000000001,0.042660400000000001,0.024063300000000003,-0.047961000000000004,-0.0010917000000000006,-0.085107699999999994,0.0081093999999999992,0.046986099999999996,-0.021474,0.018963599999999997,0.013799800000000001,-0.060756400000000002,0.041685300000000002,-0.044274000000000001,-0.030074700000000003,0.084901499999999991,-0.028289500000000002,0.20002310000000001,-0.039768499999999998,0.0075603000000000007,-0.011454299999999999,0.0012694000000000004,-0.012873300000000001,0.0047138000000000006,0.039729800000000003,-0.0035750000000000005,-0.0094333999999999998,-0.0112081,-0.015835399999999999,0.0136668,0.019438399999999998,0.019878699999999999,0.0066279000000000008,-0.017511800000000001,0.013219399999999999,0.0016125000000000011,-0.028034799999999999,-0.0047275000000000008,-0.00049719999999999929,0.0027080999999999993,0.022495599999999998,-0.088174000000000002,0.0012975,-0.029224799999999999,-0.0035604999999999994,-0.010475400000000001,-0.0031367999999999995,0.00071929999999999997,0.020354400000000002,0.0069960999999999999,-0.0019620999999999996,-0.013844700000000001,0.0029389000000000004,0.0054816999999999999,-0.010395400000000001,0.0050149999999999995,0.00028450000000000003,-0.0183486,0.0075366000000000001,0.0053534000000000003,0.00046110000000000075,-0.013028000000000001,-0.0155183,0.020509799999999998,-0.013114499999999999,-0.0054088000000000001,-0.0066886999999999997,-0.0056387000000000008,-0.0043062999999999982,-0.0028079000000000021,-0.0119655,0.0067368000000000011,-0.0074552000000000012,0.0014911999999999998,0.007131199999999999,0.0024000999999999988,0.0166853,-0.0054156999999999999,-0.0068839000000000001,-0.00042579999999999983,-0.0014693,0.0013968999999999995,0.0074076999999999997,-0.0045693999999999995,0.0054471000000000007,0.00088919999999999982,0.0069827999999999999,-0.0016408000000000002,-0.0056241999999999993,0.010895800000000001,0.0028269000000000002,0.0041721000000000006,0.0043438999999999995,0.0094084000000000008,-0.0031195000000000003,0.0074894999999999996,-0.0086216999999999995,0.0089026999999999995,-0.00013319999999999999,-0.0070583,0.0077891999999999987,-0.0083211999999999991,0.0072502,-0.012726399999999999,-0.00059930000000000009,-0.00068159999999999922,-0.0018879999999999982,-0.00057600000000000012,-0.0050423000000000004,-0.019487299999999999,-0.00023550000000000047,-0.011307099999999999,-0.0057663000000000002,0.0065345999999999998,-0.0031138000000000003,0.0068838000000000007,0.00031040000000000012,-0.0024220000000000001,-0.0012804000000000001,0.00092170000000000012,-0.00023049999999999983,0.0018965000000000002,0.0032715000000000001,-0.0012283999999999999,0.0027165000000000002,-0.0014579999999999997,0.001673,0.0040502000000000003,0.0044107,0.0012009999999999998,0.0029001000000000001,-0.0060231,0.0034289999999999998,-0.0015447,0.0041838999999999999,0.00013979999999999982,-0.0016110000000000002,0.0059143000000000008,0.0041996999999999998,0.00043050000000000011,-0.00095320000000000018,0.00077710000000000019,-0.0055535999999999997,-0.00076270000000000005,-0.010534,0.0053766999999999999,-0.00039299999999999969,0.0073851999999999998,0.0017921000000000005,-0.010456700000000001,-0.0024783000000000001,0.0068545999999999998,-0.0011501,-0.0035695999999999992,0.00070690000000000076,-0.0075055,-0.0035773999999999997,-0.0137739,0.0060115999999999998,0.00096060000000000015,-0.0059287000000000003,0.012958299999999999,-0.0015756999999999998,-8.7300000000000008e-05,-0.0010474999999999996,0.00020269999999999967,0.00020429999999999971,-0.0010830000000000002,0.0027323,-0.0044559999999999999,-0.0028482999999999998,0.0032470999999999993,0.0029928999999999997,0.00068259999999999957,-0.0058211000000000001,-0.00089490000000000001,-0.00098319999999999983,-0.0020638999999999996,-0.00019599999999999989,-0.0034933999999999998,-0.0027483000000000004,0.0013155000000000007,0.00092779999999999989,0.0016868,-0.0037055999999999999,-0.00090039999999999999,0.0098496999999999994,0.0063673999999999996,-0.0022670000000000004,0.0023051000000000005,0.0048405000000000002,-0.0019663000000000003,0.00059599999999999996,0.00044910000000000002,-0.0029223999999999995,0.00018139999999999953,6.5700000000000133e-05,0.0070169999999999989,-0.0029522000000000003,-0.006711700000000001,3.0000000000001813e-06,0.0027964000000000001,-0.0075109000000000009,0.0020238999999999999,-0.0028790999999999999,0.00086910000000000004,0.0017087000000000001,-0.0055624000000000003,-0.0024258000000000001,-0.018221899999999999,0.0065846000000000003,-0.011753900000000001,-0.0018303999999999998,-0.0072015999999999998,0.00010599999999999976,-0.00076920000000000005,-0.0013886000000000003,-0.0017009000000000002,-0.0039512000000000002,-0.00087929999999999985,-0.00032730000000000004,-0.0015696999999999998,0.0020072999999999996,6.1599999999999763e-05,-0.0020417999999999999,0.0016942999999999997,0.00036830000000000012,0.0030810999999999998,0.0024650000000000002,0.00018920000000000007,-0.0016102999999999998,0.0052490999999999996,-0.0016974000000000002,0.0010463,-0.00037360000000000008,0.00013729999999999992,-0.0010665000000000004,-0.0035674000000000001,0.0012034999999999999,0.0016167,0.00084939999999999972,-0.00071899999999999991,0.004153200000000001,0.0017926000000000001,0.0046137999999999995,-0.0011734,0.0013097999999999999,-0.0013988000000000004,-0.00026390000000000023,0.0032542999999999999,0.0010780999999999998,0.0032825000000000003,-0.00015329999999999944,-0.00061619999999999969,-0.0050359000000000003,0.001751,-0.0035842999999999999,0.0023887999999999995,-0.0011876999999999999,0.0019898999999999997,-0.0016266,-0.00041269999999999984,-0.0023489000000000001,0.00089779999999999981,-0.0022607,0.00093399999999999993,0.0091681999999999996,-0.00021020000000000001,0.0091558000000000004,-0.0141085,0.0030685,0.00037259999999999984,0.0001919,0.0016588000000000002,-0.00058039999999999958,0.00047909999999999988,0.0022535000000000003,0.0013877,0.00023729999999999997,-0.0011916000000000001,0.00010579999999999997,0.00068020000000000005,-0.0017476999999999998,0.0012431,0.00048970000000000003,-0.00083580000000000004,-0.001026,0.0025788,0.00027839999999999983,0.0015303999999999997,-0.00082489999999999983,0.0011467000000000001,-0.00031650000000000005,-0.0022266,-0.00058450000000000006,-0.0023162,0.0011827000000000003,0.00082969999999999984,0.0014662,-0.0017768,-0.0007712000000000001,-0.0019396999999999999,0.00050889999999999985,0.0012423,-0.0020271,0.0020780999999999998,-0.00065869999999999991,0.0017423,0.0025948999999999998,-0.0010523999999999998,0.0010816999999999999,0.00089080000000000008,0.0014832000000000003,0.00063269999999999993,0.00062219999999999984,-0.00032229999999999976,0.0018468000000000002,0.0028833000000000001,0.0014630000000000003,-0.0001739,-0.0041995000000000001,0.0013122000000000001,0.0016886000000000006,-0.0011245000000000001,0.0019569000000000001,-0.0031162999999999998,0.0011362000000000004,-0.0012408,0.0033343999999999991,0.0066389000000000005,-0.0039910000000000006,0.0014559,-0.0037349000000000002,-0.0051154,0.0010988999999999997,-0.00030550000000000005,0.0010016000000000001,-0.00079030000000000018,0.00043449999999999988,-0.0010994999999999998,0.00013240000000000002,1.0199999999999977e-05,-0.00052129999999999993,-2.0599999999999986e-05,0.0012011000000000001,-0.00087540000000000003,0.0031440000000000001,-0.0019942000000000002,-0.00065649999999999953,-0.00058939999999999991,-0.00051979999999999995,-0.00094690000000000009,0.00029050000000000018,2.9000000000000434e-06,-0.00033890000000000005,-0.0013502000000000002,0.0023708999999999996,-0.00055479999999999993,-0.0016065000000000001,-0.00044850000000000006,-0.00079719999999999986,-0.00023130000000000026,-0.00061339999999999995,0.0018306000000000002,-7.6600000000000019e-05,-0.0001728,0.0011765,0.00029400000000000004,-0.00073549999999999993,0.0020203999999999999,-0.00035419999999999983,-0.0022496999999999999,0.0023305999999999999,0.0014548,-0.00096480000000000003,-0.0022868000000000003,-0.0013734000000000001,0.00063210000000000013,-0.0019361999999999999,-0.0023487999999999998,-0.00016289999999999995,-4.3999999999998901e-06,0.00030640000000000008,0.00055939999999999972,-0.0028075999999999995,-0.00031179999999999988,0.0046554999999999999,0.00011249999999999997,-0.0011164999999999997,0.00055539999999999995,0.00042339999999999967,0.0035423999999999998,-0.0015732000000000007,0.0030049,-0.00080599999999999986,0.00022990000000000011,0.0036611,-0.0038094999999999995,-0.0061689999999999991,0.0013059999999999999,-0.0038005999999999995,0.0001389999999999998,-0.0032283000000000004,0.0011048000000000002,0.00042430000000000007,0.00054779999999999998,0.00071549999999999999,-0.00012769999999999985,-0.00035510000000000001,-0.0014446000000000001,-0.00019909999999999993,-0.00021240000000000018,-0.0012890999999999998,-0.00049640000000000003,0.0005411000000000002,-0.0019475,-0.00080760000000000001,-0.00014120000000000002,0.00032750000000000005,-0.00086660000000000014,-0.00090470000000000014,-3.7599999999999938e-05,0.00044380000000000005,0.00046300000000000014,0.00093960000000000007,-0.00077489999999999992,0.0011800000000000001,0.00086780000000000006,-0.0010406,0.00027250000000000001,-0.00086220000000000003,1.6400000000000046e-05,0.00014539999999999996,-0.00027379999999999999,-0.0011392000000000002,-0.0021240000000000005,5.8100000000000003e-05,0.00083359999999999999,-0.0014461999999999999,-0.0010862999999999999,-0.00022759999999999998,-0.00035589999999999992,-0.0015019,0.00031589999999999998,0.00067449999999999997,0.00082669999999999998,-0.00045129999999999991,0.00057630000000000008,0.0022788000000000001,-0.0044796999999999997,-0.00081920000000000007,-0.0014464,0.00058460000000000001,-0.00049839999999999997,-0.00020859999999999997,-0.0014517000000000002,0.0015943000000000001,-1.0300000000000088e-05,0.00038539999999999983,0.0013945999999999997,-0.0024123,0.0033920999999999995,-0.00091579999999999982,0.0020712999999999999,0.0019853000000000002,-0.0025236,-0.0010177000000000001,0.0025850999999999999,-0.00025779999999999998,0.0015862000000000003,-0.0019498000000000002,0.0015768000000000002,0.0033587000000000005,-0.0064722999999999994,-0.0011346000000000001,-0.0038991,0.0024991999999999996,0.00021670000000000001
aug_between_class_right_pair0033_child07,TLE,1,1,Augmented,0,0,0,0,0,0.27134719999999996,1.8945708000000001,-5.2939559203393771e-23,-1.9999999999999999e-07,0,0.90418759999999998,0,0.024672800000000002,-0.14221620000000001,0.035636600000000004,0.078158599999999995,-0.092644000000000004,0.053276000000000004,-0.0077594000000000014,0.0016923999999999999,-0.0038925999999999961,-0.077760200000000002,0.38962560000000002,-0.116615,0.020520200000000002,0.049258400000000001,-0.0073957999999999984,-0.017381800000000003,-0.0042445999999999994,-0.038629800000000006,0.046013600000000002,0.022836200000000001,-0.048089,-0.0010018000000000002,-0.0850268,0.0098956000000000009,0.0479874,-0.021298999999999998,0.019965400000000001,0.014991200000000001,-0.061450600000000008,0.042941199999999999,-0.043618000000000004,-0.0270788,0.086453000000000002,-0.027934,0.19818240000000001,-0.039928999999999999,0.0076672000000000008,-0.0130502,0.0002865999999999997,-0.011960200000000001,0.0052062000000000011,0.0396052,-0.0034850000000000003,-0.0088006000000000004,-0.0105234,-0.015811600000000002,0.0136302,0.020826600000000001,0.021005799999999998,0.0058835999999999992,-0.017127200000000002,0.014379600000000001,0.00022900000000000004,-0.026275199999999999,-0.003824999999999999,-0.0027338000000000002,0.0037193999999999999,0.024000399999999998,-0.088035000000000002,0.0028860000000000014,-0.029314199999999999,-0.0021109999999999983,-0.011272599999999999,-0.0034471999999999997,0.00056319999999999992,0.020004600000000001,0.0073544000000000005,-0.0031254000000000004,-0.013166799999999999,0.0026476,0.0064398000000000007,-0.0097415999999999996,0.0052809999999999992,-0.00032700000000000003,-0.018147400000000001,0.0070834000000000001,0.0051225999999999997,-0.00044760000000000025,-0.012959000000000002,-0.0158342,0.020648199999999998,-0.012749,-0.0050112000000000004,-0.0069937999999999997,-0.0044087999999999992,-0.0052881999999999981,-0.0014196,-0.013300000000000001,0.0060602,-0.0066478000000000006,0.0020838000000000002,0.0072807999999999987,0.0037484000000000007,0.016412200000000002,-0.0055928000000000002,-0.0068366,-0.0005131999999999999,-0.0012212,0.0011146000000000003,0.0074858000000000008,-0.0044075999999999994,0.0050244000000000009,0.00094879999999999997,0.0068932000000000004,-0.0016122,-0.0060858000000000006,0.0114292,0.0030825999999999996,0.0039754000000000005,0.0046226000000000001,0.0097345999999999995,-0.0026510000000000001,0.0072879999999999993,-0.0087828000000000003,0.0082237999999999999,0.00022919999999999993,-0.0071301999999999997,0.0088768000000000007,-0.0098388000000000017,0.0077947999999999993,-0.0129836,-0.00039820000000000003,-0.0014104000000000009,-0.0024679999999999997,-0.0011890000000000004,-0.0047682000000000002,-0.020375200000000003,0.001059,-0.012211400000000001,-0.0054231999999999995,0.0071193999999999997,-0.0031952,0.0067041999999999996,2.5999999999998464e-06,-0.0026770000000000001,-0.0012206000000000001,0.00077479999999999997,-0.00062000000000000022,0.001673,0.0033189999999999999,-0.00065559999999999967,0.0027569999999999999,-0.001722,0.0011979999999999996,0.0040948000000000009,0.0046698,0.0011659999999999999,0.0031183999999999999,-0.0060864000000000005,0.003091,-0.0017408,0.0047876000000000004,0.00045420000000000009,-0.0011969999999999999,0.0056882,0.0046308,0.00020899999999999993,-0.00077479999999999975,0.0011604000000000007,-0.0058453999999999997,-0.00050479999999999991,-0.0104,0.0060438000000000002,-0.0010250000000000003,0.0074608000000000001,0.0014504000000000001,-0.0101688,-0.0028761999999999998,0.0060503999999999992,-0.0015854,-0.0039733999999999993,0.00027859999999999864,-0.0068089999999999991,-0.0037486000000000012,-0.0144406,0.0065564000000000004,0.00075939999999999981,-0.0056248000000000001,0.013695200000000001,-0.0021538000000000004,0.0001458000000000004,-0.0016249999999999999,0.00052479999999999975,0.00075320000000000031,-0.0011940000000000002,0.0028142000000000006,-0.0046500000000000005,-0.0030722000000000002,0.0037483999999999998,0.0031596000000000003,0.00090039999999999933,-0.006240400000000001,-0.00075460000000000002,-0.0013948000000000001,-0.0022516000000000003,-0.00030699999999999998,-0.0036435999999999999,-0.0033812000000000009,0.0017010000000000007,0.0010492000000000001,0.0014041999999999998,-0.0043924000000000003,-0.00010359999999999927,0.010049799999999999,0.0069176000000000003,-0.0016829999999999998,0.0018213999999999999,0.0044580000000000002,-0.0015742,0.00050499999999999992,0.00063239999999999998,-0.0030425999999999995,0.00054860000000000065,-0.00034620000000000028,0.0073899999999999999,-0.0034068000000000006,-0.0068757999999999996,1.2999999999999774e-05,0.0028966,-0.0072625999999999993,0.0019765999999999998,-0.0033904,0.00080140000000000007,0.0016538,-0.0056585999999999997,-0.0025382000000000004,-0.018807600000000001,0.0065704000000000005,-0.0115076,-0.0014005999999999997,-0.0078344,-0.00013000000000000034,-0.00066580000000000003,-0.0013164000000000001,-0.0013295999999999998,-0.0040087999999999999,-0.0010951999999999999,-0.00022719999999999994,-0.0013408000000000001,0.0022762000000000004,0.00025540000000000024,-0.0021421999999999999,0.0018632,-1.8000000000001386e-06,0.0031424000000000001,0.0028840000000000007,9.3799999999999949e-05,-0.0018411999999999999,0.0055943999999999994,-0.0015805999999999999,0.0010861999999999998,-0.00032239999999999992,0.00023619999999999989,-0.0012770000000000006,-0.0034875999999999996,0.001299,0.0014747999999999999,0.0012075999999999996,-0.0007319999999999999,0.0043598000000000005,0.0016793999999999999,0.0045211999999999995,-0.0014285999999999999,0.0014122,-0.0011042000000000003,-1.7600000000000103e-05,0.0029782000000000003,0.0011424,0.0033420000000000004,-0.00019219999999999958,-0.0012347999999999997,-0.0046665999999999999,0.0019800000000000004,-0.0040592000000000007,0.0025831999999999999,-0.00080979999999999984,0.0015835999999999997,-0.0014833999999999997,-0.00071480000000000024,-0.0021735999999999999,0.00049619999999999959,-0.0021467999999999999,0.0011620000000000001,0.0093248000000000011,-0.00027179999999999999,0.0099292000000000009,-0.014768000000000002,0.0029829999999999995,0.00039039999999999995,0.00011759999999999996,0.0017772000000000005,-0.0010255999999999998,0.00079540000000000014,0.0025790000000000006,0.0013977999999999998,0.00034020000000000014,-0.0010294,0.00012219999999999993,0.00061580000000000011,-0.0019217999999999998,0.0010843999999999999,0.00059580000000000006,-0.0008162,-0.001008,0.0029741999999999998,0.00027859999999999994,0.0018556,-0.00097560000000000008,0.0010617999999999999,-0.00039899999999999994,-0.0026044000000000006,-0.00050799999999999988,-0.0021837999999999996,0.00085579999999999988,0.00091779999999999997,0.0015127999999999995,-0.0019901999999999997,-0.00054079999999999992,-0.0023928000000000005,0.00041660000000000004,0.0017101999999999998,-0.0019513999999999998,0.0020623999999999998,-0.00090879999999999997,0.0017002,0.0026196000000000001,-0.0011486000000000001,0.0010487999999999999,0.00080820000000000002,0.0011838,0.00069079999999999999,0.00082980000000000011,-0.00055919999999999971,0.0013381999999999999,0.0029492000000000008,0.0018340000000000001,-0.00024360000000000001,-0.0037259999999999993,0.0016158000000000004,0.00092539999999999962,-0.0007189999999999997,0.0015536,-0.0029801999999999997,0.0012417999999999999,-0.0011651999999999999,0.0039385999999999996,0.0063896000000000005,-0.0040679999999999996,0.0017496000000000005,-0.0050736000000000002,-0.0052505999999999994,0.0012836,-0.00028100000000000005,0.00069439999999999986,-0.00075619999999999995,0.00052599999999999988,-0.001243,0.00011760000000000004,-6.9200000000000056e-05,-0.00050219999999999996,-4.1400000000000017e-05,0.0010453999999999999,-0.00066859999999999988,0.0033160000000000004,-0.0021408,-0.00088799999999999968,-0.00066160000000000004,-0.00075920000000000013,-0.00073159999999999989,0.00011699999999999992,-0.00010840000000000009,-5.5599999999999874e-05,-0.0014508000000000004,0.0025746000000000002,-0.00081220000000000023,-0.001624,-0.00050600000000000005,-0.0010088000000000002,4.8800000000000102e-05,-0.0006466,0.0017564,0.00018160000000000019,-0.00017820000000000002,0.001175,0.0001019999999999999,-0.00078399999999999987,0.0023356000000000002,-0.00041779999999999986,-0.0024948000000000001,0.0026604000000000003,0.0013611999999999999,-0.00096020000000000003,-0.0021802000000000002,-0.0013156000000000001,0.00033739999999999974,-0.0018837999999999999,-0.0025972,-0.00020159999999999997,-0.00011760000000000015,0.00037260000000000027,0.0010426000000000003,-0.0026273999999999998,-0.00068720000000000022,0.0049899999999999996,-6.3000000000000122e-05,-0.001346,0.00069160000000000011,0.00078260000000000016,0.0040445999999999998,-0.0014688000000000006,0.0030826000000000004,-0.00095099999999999959,0.00035359999999999992,0.0039443999999999998,-0.0046220000000000002,-0.0063709999999999999,0.0013810000000000001,-0.0040544000000000005,0.00059100000000000038,-0.0032222000000000002,0.0012122000000000001,0.00032819999999999995,0.00074720000000000016,0.00085400000000000016,-0.00029080000000000018,-0.00023039999999999991,-0.0015534000000000001,-0.00038140000000000011,-0.00049960000000000022,-0.0013803999999999999,-0.00035459999999999995,0.00034039999999999993,-0.0018619999999999999,-0.00085540000000000008,4.5200000000000177e-05,0.00019199999999999995,-0.00096540000000000016,-0.0012208000000000006,-0.00012540000000000004,0.0003992,0.00065800000000000016,0.0010674,-0.00085760000000000003,0.0013020000000000002,0.00070719999999999995,-0.00070139999999999992,0.00023599999999999999,-0.00089480000000000007,-6.0400000000000004e-05,0.0002896000000000001,-0.00023919999999999999,-0.00096080000000000004,-0.0024980000000000007,-2.3600000000000032e-05,0.00091140000000000014,-0.0016118,-0.0010701999999999999,-0.00029940000000000001,-0.00049459999999999999,-0.0015226,0.00050260000000000018,0.00076800000000000024,0.0010298000000000002,-0.00063820000000000023,0.00047219999999999999,0.0023611999999999999,-0.0047158,-0.00062779999999999986,-0.0012305999999999999,0.00045439999999999988,-0.00050660000000000006,9.6600000000000071e-05,-0.0016518000000000001,0.0013981999999999998,-5.5199999999999932e-05,0.00057160000000000012,0.0016023999999999999,-0.0024972000000000002,0.0035744000000000001,-0.0011222000000000001,0.0022372,0.0018121999999999999,-0.0027993999999999996,-0.00047579999999999931,0.0025823999999999999,-0.00030720000000000009,0.0014867999999999999,-0.0022182000000000005,0.0013682,0.0029758000000000002,-0.0068391999999999993,-0.0010484000000000001,-0.0043734000000000004,0.003713800000000001,0.00032280000000000004
aug_between_class_right_pair0033_child08,TLE,1,1,Augmented,0,0,0,0,0,0.26304959999999999,1.8910009000000001,0,-9.9999999999999995e-08,0,0.89225179999999993,0,0.025035400000000003,-0.13984160000000001,0.0370348,0.078397300000000003,-0.092159500000000005,0.0536255,-0.008711700000000001,0.0017951999999999998,0.0017492000000000028,-0.077852100000000007,0.38884079999999999,-0.1194465,0.020890100000000002,0.047120200000000001,-0.0047058999999999981,-0.017640400000000001,-0.0038872999999999998,-0.037944900000000004,0.049366800000000002,0.021609099999999999,-0.048216999999999996,-0.00091190000000000064,-0.084945899999999991,0.011681800000000001,0.048988699999999996,-0.021124,0.020967199999999998,0.016182600000000002,-0.0621448,0.044197100000000003,-0.042962,-0.024082900000000001,0.088004499999999999,-0.027578499999999999,0.19634170000000001,-0.0400895,0.0077741000000000008,-0.014646099999999999,-0.00069620000000000098,-0.011047100000000001,0.0056986000000000007,0.039480600000000005,-0.003395,-0.0081677999999999994,-0.0098387000000000023,-0.015787800000000001,0.013593599999999999,0.0222148,0.0221329,0.0051392999999999994,-0.016742600000000003,0.015539799999999999,-0.001154500000000001,-0.024515599999999999,-0.0029225000000000002,-0.0049703999999999998,0.0047306999999999991,0.025505199999999999,-0.087896000000000002,0.004474500000000001,-0.029403599999999998,-0.00066149999999999542,-0.0120698,-0.0037576000000000003,0.00040709999999999992,0.0196548,0.0077127000000000003,-0.0042887000000000003,-0.012488900000000001,0.0023562999999999995,0.0073979000000000007,-0.0090878,0.0055469999999999998,-0.0009385000000000001,-0.017946199999999999,0.0066302000000000002,0.0048918,-0.0013563000000000004,-0.01289,-0.016150100000000001,0.020786599999999999,-0.012383499999999999,-0.0046136000000000007,-0.0072989000000000005,-0.0031788999999999997,-0.0062700999999999989,-3.1299999999999731e-05,-0.014634500000000002,0.0053835999999999997,-0.0058404000000000008,0.0026764000000000002,0.0074304000000000002,0.0050967000000000009,0.016139100000000003,-0.0057698999999999997,-0.0067893000000000016,-0.00060059999999999996,-0.00097309999999999975,0.00083230000000000023,0.0075639000000000001,-0.0042458000000000001,0.0046017000000000011,0.0010084,0.0068035999999999999,-0.0015836000000000001,-0.0065474000000000001,0.0119626,0.0033383000000000006,0.0037787000000000003,0.0049013000000000008,0.0100608,-0.0021824999999999995,0.007086499999999999,-0.0089439000000000012,0.0075449000000000002,0.00059159999999999985,-0.0072021000000000003,0.0099644,-0.011356400000000001,0.0083394000000000003,-0.013240799999999999,-0.00019709999999999997,-0.0021392000000000008,-0.0030479999999999995,-0.0018020000000000002,-0.0044941,-0.0212631,0.0023535000000000006,-0.013115699999999999,-0.0050800999999999997,0.0077042000000000005,-0.0032766000000000002,0.0065246000000000002,-0.00030520000000000015,-0.0029320000000000001,-0.0011608,0.00062789999999999981,-0.0010095000000000002,0.0014495000000000001,0.0033665000000000006,-8.2799999999999627e-05,0.0027975000000000001,-0.0019859999999999999,0.00072299999999999968,0.0041393999999999997,0.0049289000000000008,0.0011310000000000001,0.0033367000000000002,-0.0061496999999999993,0.0027529999999999994,-0.0019369000000000001,0.0053912999999999999,0.00076860000000000036,-0.00078299999999999984,0.0054621000000000001,0.0050618999999999994,-1.2500000000000033e-05,-0.00059639999999999997,0.0015437000000000003,-0.0061371999999999998,-0.00024689999999999977,-0.010266000000000001,0.0067109000000000005,-0.0016570000000000001,0.0075363999999999995,0.0011086999999999998,-0.0098809000000000015,-0.0032741000000000011,0.0052461999999999995,-0.0020207000000000003,-0.0043772000000000004,-0.00014969999999999914,-0.0061124999999999999,-0.0039198000000000002,-0.015107300000000001,0.0071012000000000002,0.00055819999999999991,-0.0053208999999999999,0.0144321,-0.0027319000000000002,0.00037890000000000016,-0.0022024999999999996,0.00084689999999999982,0.0013021,-0.0013050000000000006,0.0028961,-0.0048440000000000002,-0.0032961000000000002,0.0042497000000000004,0.0033262999999999999,0.0011182,-0.0066597000000000002,-0.00061429999999999992,-0.0018064000000000001,-0.0024393000000000001,-0.00041800000000000002,-0.0037937999999999995,-0.0040140999999999996,0.0020865000000000007,0.0011705999999999999,0.0011215999999999999,-0.0050791999999999999,0.00069320000000000015,0.010249899999999998,0.0074678000000000001,-0.0010989999999999999,0.0013376999999999998,0.0040755000000000001,-0.0011820999999999999,0.00041399999999999998,0.00081570000000000015,-0.0031627999999999995,0.00091580000000000003,-0.00075810000000000005,0.0077629999999999991,-0.0038614000000000009,-0.0070399000000000017,2.3000000000000017e-05,0.0029968,-0.0070142999999999994,0.0019292999999999999,-0.0039017000000000001,0.0007337,0.0015988999999999999,-0.0057548,-0.0026505999999999999,-0.019393300000000002,0.0065561999999999999,-0.0112613,-0.00097079999999999996,-0.0084672000000000011,-0.00036600000000000044,-0.00056240000000000001,-0.0012442000000000004,-0.00095829999999999993,-0.0040664000000000004,-0.0013110999999999999,-0.00012709999999999997,-0.0011119000000000001,0.0025451000000000002,0.00044919999999999986,-0.0022426,0.0020320999999999998,-0.0003719000000000001,0.0032037000000000003,0.0033030000000000008,-1.6000000000000118e-06,-0.0020720999999999999,0.0059397,-0.0014638000000000001,0.0011260999999999999,-0.00027120000000000009,0.00033509999999999996,-0.0014875000000000003,-0.0034077999999999999,0.0013944999999999999,0.0013328999999999999,0.0015658000000000009,-0.00074499999999999989,0.0045664,0.0015662,0.0044285999999999996,-0.0016837999999999998,0.0015146000000000001,-0.00080959999999999995,0.00022869999999999998,0.0027020999999999998,0.0012067,0.0034015,-0.00023109999999999971,-0.0018533999999999996,-0.0042973000000000004,0.002209,-0.004534100000000001,0.0027775999999999999,-0.00043189999999999982,0.0011772999999999998,-0.0013401999999999999,-0.0010169000000000001,-0.0019982999999999997,9.4599999999999589e-05,-0.0020328999999999998,0.0013900000000000002,0.0094814000000000009,-0.00033339999999999997,0.010702600000000001,-0.0154275,0.0028974999999999999,0.00040819999999999984,4.3299999999999982e-05,0.0018956000000000003,-0.0014707999999999995,0.0011117,0.0029045,0.0014079000000000001,0.00044310000000000009,-0.00086719999999999994,0.00013860000000000001,0.00055140000000000007,-0.0020958999999999999,0.0009256999999999999,0.00070190000000000009,-0.00079659999999999996,-0.00098999999999999999,0.0033696000000000004,0.00027880000000000005,0.0021807999999999997,-0.0011263,0.00097690000000000016,-0.00048150000000000005,-0.0029822000000000004,-0.00043150000000000003,-0.0020514000000000001,0.0005288999999999999,0.0010058999999999999,0.0015593999999999994,-0.0022036,-0.00031039999999999996,-0.0028459000000000002,0.00032430000000000002,0.0021780999999999997,-0.0018756999999999999,0.0020466999999999994,-0.0011589,0.0016581,0.0026443,-0.0012447999999999999,0.0010158999999999997,0.00072560000000000007,0.00088440000000000003,0.00074890000000000004,0.0010374,-0.00079609999999999967,0.0008296,0.0030151000000000006,0.0022050000000000004,-0.00031330000000000003,-0.0032524999999999997,0.0019194000000000001,0.00016219999999999993,-0.00031349999999999976,0.0011502999999999999,-0.0028440999999999996,0.0013473999999999999,-0.0010896,0.0045428000000000005,0.0061403000000000004,-0.0041450000000000002,0.0020433000000000001,-0.0064123000000000019,-0.0053857999999999996,0.0014682999999999999,-0.00025650000000000005,0.00038719999999999987,-0.00072210000000000015,0.00061749999999999967,-0.0013864999999999999,0.00010280000000000006,-0.00014860000000000009,-0.00048309999999999998,-6.219999999999998e-05,0.0008897,-0.00046179999999999995,0.0034880000000000002,-0.0022873999999999998,-0.0011195000000000001,-0.00073380000000000016,-0.0009986000000000001,-0.00051629999999999992,-5.6500000000000127e-05,-0.00021970000000000005,0.00022770000000000006,-0.0015514000000000005,0.0027783,-0.0010696000000000002,-0.0016415000000000002,-0.00056349999999999998,-0.0012204,0.00032890000000000003,-0.00067979999999999994,0.0016822,0.00043980000000000028,-0.00018360000000000002,0.0011735000000000001,-9.0000000000000101e-05,-0.00083250000000000002,0.0026507999999999996,-0.00048139999999999988,-0.0027399000000000004,0.0029902000000000001,0.0012675999999999998,-0.00095560000000000003,-0.0020736000000000001,-0.0012578000000000001,4.2699999999999899e-05,-0.0018314,-0.0028456000000000002,-0.00024029999999999993,-0.00023080000000000008,0.00043879999999999982,0.0015257999999999999,-0.0024472000000000001,-0.0010626000000000003,0.0053245000000000002,-0.0002385,-0.0015755000000000001,0.00082780000000000006,0.0011417999999999997,0.0045467999999999993,-0.0013644000000000004,0.0031603,-0.0010959999999999998,0.00047730000000000038,0.0042277000000000009,-0.0054344999999999992,-0.0065729999999999998,0.001456,-0.0043081999999999999,0.0010429999999999999,-0.0032161000000000004,0.0013196000000000002,0.0002321,0.00094660000000000013,0.00099250000000000011,-0.00045390000000000008,-0.00010570000000000002,-0.0016622,-0.0005637000000000001,-0.00078680000000000026,-0.0014717,-0.00021279999999999997,0.00013970000000000009,-0.0017764999999999999,-0.00090320000000000005,0.00023160000000000005,5.649999999999991e-05,-0.0010642,-0.0015369000000000003,-0.00021320000000000003,0.0003546,0.00085300000000000003,0.0011952,-0.00094030000000000003,0.0014240000000000001,0.00054659999999999995,-0.00036220000000000002,0.00019950000000000002,-0.00092739999999999999,-0.0001372,0.00043380000000000024,-0.00020460000000000001,-0.00078239999999999994,-0.002872,-0.00010530000000000007,0.00098919999999999998,-0.0017773999999999999,-0.0010541000000000001,-0.00037120000000000002,-0.00063330000000000005,-0.0015433000000000001,0.00068930000000000011,0.00086150000000000007,0.0012328999999999999,-0.00082510000000000005,0.00036809999999999995,0.0024436000000000002,-0.0049519000000000004,-0.00043639999999999993,-0.0010147999999999999,0.00032419999999999997,-0.00051480000000000004,0.0004017999999999999,-0.0018519000000000001,0.0012021,-0.00010009999999999999,0.00075779999999999999,0.0018101999999999997,-0.0025820999999999999,0.0037567,-0.0013285999999999999,0.0024030999999999992,0.0016391000000000001,-0.0030751999999999997,6.6099999999999926e-05,0.0025796999999999999,-0.00035659999999999999,0.0013874,-0.0024866000000000007,0.0011596,0.0025929,-0.0072061,-0.00096220000000000008,-0.0048477000000000008,0.0049284000000000012,0.00042890000000000002
aug_between_class_right_pair0034_child01,Healthy,0,0,Augmented,0,0,0,0,0,0.30079859999999997,1.9636232,-9.0000000000000007e-07,-9.9999999999999995e-07,0,0.9569318,0,0.041810800000000002,-0.15635169999999998,0.035512100000000005,0.1159073,-0.094160199999999999,0.0983319,0.0017443000000000001,-0.0046230000000000004,-0.026988199999999997,-0.063860300000000009,0.40293089999999998,-0.094128799999999999,0.0051444000000000021,0.038864200000000002,0.0191361,-0.022048100000000001,-1.5999999999999955e-05,-0.050121300000000001,0.041685100000000003,0.0383357,-0.0567685,0.0013850999999999998,-0.084684700000000002,0.0117007,0.049272199999999995,-0.037863500000000008,0.0161467,0.0042800999999999994,-0.054364099999999999,0.031889899999999999,-0.055135200000000002,-0.019160500000000004,0.10962150000000001,-0.0012207000000000051,0.20522599999999999,-0.072939100000000007,0.0057207000000000004,-0.0061533999999999998,-0.0085661000000000001,-0.0027176000000000006,0.00091340000000000008,0.039981699999999995,-0.0083284000000000014,-0.0053886999999999997,-0.016865000000000002,-0.020234499999999999,0.0092079999999999992,0.037529699999999999,0.0288962,0.021854699999999998,-0.0207583,0.00014549999999999996,0.0072436999999999988,-0.036325900000000001,0.0135081,0.0014698000000000003,0.0062283999999999985,0.0285457,-0.095268100000000008,-0.00073909999999999948,-0.044863300000000002,-0.0028700999999999987,0.0092870000000000001,-0.00098719999999999993,-0.00046490000000000002,0.012054200000000001,0.004171300000000001,0.0054060999999999996,-0.011113600000000001,0.0131574,0.0060838000000000003,-0.0036935999999999996,-0.0019951999999999999,0.0118242,-0.014361200000000001,0.0063631999999999994,0.011541699999999998,0.0095816000000000009,-0.010492000000000001,-0.0142562,0.017350399999999998,-0.027174400000000001,-0.0030547999999999999,-0.011680899999999999,-0.0033594000000000002,-0.0068563000000000009,-0.0100503,-0.011227399999999998,0.015654600000000001,-0.0134973,-0.0070891999999999986,0.029787500000000001,-0.002465600000000001,0.037607700000000001,-0.0029278000000000012,-0.0065367000000000012,-0.0013936999999999999,-0.0042479000000000006,-0.0066556000000000002,0.0102887,-0.0043888999999999994,-0.0057756999999999999,0.0010728000000000005,0.00085249999999999996,-0.0058639,-0.0055014,0.0076876999999999996,0.015632,0.0051072000000000001,0.0033548000000000002,0.0034998,-0.0102322,0.0066958,-0.0064067999999999998,0.011176999999999999,-0.0026446000000000004,-0.0061768999999999999,0.012027300000000001,-0.0044463000000000003,0.0033230000000000004,-0.008286700000000001,-0.00076530000000000001,0.0074538,-0.0039167999999999989,0.0012980000000000014,-0.0065832000000000009,-0.017988899999999999,0.0017108000000000002,-0.0030306999999999999,-0.0087787999999999998,0.0039115,-0.0062476000000000007,0.0023491000000000002,0.0082331000000000001,-0.001387,0.00028449999999999992,0.0011305000000000002,-0.00060579999999999998,0.00072139999999999986,-0.0003876000000000001,-0.0032242,-4.1000000000000129e-05,-0.0049376999999999997,0.0036703999999999999,0.00013960000000000014,0.0011164,0.00073539999999999999,-0.00022140000000000001,-0.0061508000000000005,-0.0052237000000000004,-0.0043139000000000007,-0.0018113000000000001,-0.0055495000000000006,-0.0017815000000000001,0.0083961000000000001,0.0032247999999999999,0.0015506999999999999,-0.0053929000000000008,-0.0074867000000000006,-0.0080015000000000017,-0.0029277999999999999,-0.0091624000000000011,0.002787,0.0014404999999999999,0.010678399999999999,0.0068465000000000002,-0.0102212,-0.002829700000000001,0.0051177999999999996,0.0064642000000000007,0.00024599999999999991,0.0087273000000000003,-0.0038165999999999999,0.0035331000000000008,-0.011173300000000001,-0.00013200000000000006,-0.0034035999999999997,-0.0041015000000000001,0.0022462999999999997,0.0022235000000000006,-0.0048703999999999987,0.0025212999999999998,-0.0025003999999999998,-0.0016812999999999999,0.00079159999999999994,0.0019627000000000004,-0.0011932000000000002,-0.0016203999999999997,0.0018217000000000001,0.0051464000000000006,-0.0033668999999999999,0.0012400000000000002,-1.2199999999999971e-05,0.00043679999999999999,-0.00066310000000000002,-0.0009274000000000001,-0.0018979000000000001,0.0032486999999999998,-0.0011820999999999999,-0.00029900000000000022,1.1399999999999952e-05,-0.0025769999999999999,-0.0052319000000000003,0.0072642999999999996,0.00049759999999999995,0.00048109999999999993,-0.00014159999999999976,0.0053487999999999999,-0.0025787000000000002,-0.0059262000000000004,0.0020384000000000001,-0.0048656999999999997,-0.0026830000000000001,0.0018202999999999997,0.0087175000000000013,-0.0029652999999999997,-0.00063479999999999982,0.0012115000000000001,0.0054047999999999995,-0.0045192999999999995,0.0031624999999999999,0.0028002000000000001,0.0044233000000000007,-0.0010892000000000005,-0.00023499999999999975,0.00039180000000000031,-0.019627700000000001,0.0062234000000000005,-0.00079019999999999958,-0.00078339999999999963,-0.0033254999999999999,0.0014949,-0.0016462999999999998,0.00011329999999999999,-0.00075909999999999997,-0.00089430000000000011,0.00084520000000000016,-0.0014027000000000002,-0.00057120000000000001,-0.00066550000000000008,-0.0031137999999999999,0.0026352000000000003,0.0026502000000000001,-0.0026795,0.0017454000000000002,-0.0035649000000000002,-0.0037208000000000002,0.00020019999999999999,0.0040802,-0.00068869999999999977,0.00063920000000000014,0.00023480000000000007,0.0044082000000000001,0.0018136999999999999,-0.0065716000000000004,0.00064519999999999996,0.001232,-0.0023609999999999998,0.0045960000000000003,0.0019810000000000001,0.0067294,0.0041136000000000002,-0.0010185999999999999,0.0033476999999999999,-0.0037793999999999996,-0.0049286,0.0076576999999999999,-0.00061759999999999983,0.0008721,-0.00096329999999999983,-0.0016330000000000006,-0.0032345,-0.0036363000000000003,-0.0052922999999999998,0.007637699999999999,-0.0037991000000000006,-0.00050639999999999995,-4.8999999999999565e-06,-0.0050949000000000003,-0.00019859999999999973,0.00024700000000000026,-0.0057536000000000011,-0.00038009999999999997,0.0025479999999999999,0.0031774000000000004,0.0050534000000000004,-0.0141542,0.0025533000000000001,-0.00071240000000000008,-0.0009103999999999999,-0.00085329999999999987,0.0021925999999999998,0.00021809999999999999,0.00028760000000000005,0.00072889999999999999,0.00040189999999999996,-0.0002656999999999999,0.00042779999999999988,0.00061899999999999998,-0.00061479999999999998,-3.7200000000000037e-05,-4.2800000000000065e-05,0.0018152999999999999,0.00019680000000000012,0.0016513000000000003,0.0037330000000000002,0.0011522000000000001,-2.4499999999999999e-05,-0.0021442000000000002,0.0010635,-0.00016929999999999983,-0.0011988999999999999,-0.00022459999999999993,-0.00035759999999999991,0.00089590000000000004,-0.0027813999999999998,0.00038029999999999992,-0.0048164000000000002,-0.0011398000000000001,-0.0023661999999999997,-0.00035450000000000021,-0.0031314999999999997,0.0032614000000000002,-0.00058129999999999998,0.00092219999999999986,0.0040519000000000006,-0.0020408000000000002,0.0010303999999999999,-0.00012830000000000003,0.0023711000000000001,-0.0019421000000000006,0.00058290000000000013,0.00034779999999999967,0.0010560000000000001,-0.001748,0.00020489999999999999,-0.0013671,-0.0023208,0.0012274,0.0043455000000000004,-0.0061611000000000001,0.0014230999999999996,-0.00090669999999999998,0.0018808000000000006,-0.0028909000000000001,0.0020092,0.012685600000000002,-0.0014426,-0.00043309999999999963,0.0012874000000000002,-0.0061119999999999994,-0.00013370000000000002,0.00048220000000000001,0.00021060000000000002,0.0024848999999999995,-0.0011283,-0.0014989999999999999,-0.00085740000000000013,0.00072870000000000009,-0.0010865,-0.00058199999999999994,-4.4800000000000005e-05,-4.0499999999999954e-05,7.4799999999999975e-05,-0.00021209999999999995,0.0027480999999999998,-0.0031846000000000001,-0.00041649999999999993,-0.0024521000000000005,0.0024250000000000001,-0.00011949999999999999,0.0017978999999999998,0.00087510000000000007,-0.0013233999999999998,-0.0024329,1.6999999999998787e-06,-0.00050149999999999999,-0.0017456999999999998,0.0031162999999999998,-0.00027780000000000008,0.0048175000000000006,-0.00020320000000000006,-0.00014619999999999995,0.00012620000000000003,0.0013623999999999997,0.0017231,0.0019688000000000002,0.0023864999999999997,-0.0020251000000000002,0.0027323,-0.001588,-0.0011740000000000001,-0.0036497999999999999,-0.0023977000000000004,0.0013930000000000001,-0.0017627999999999997,-0.0036285000000000002,0.00081280000000000013,0.00028379999999999991,-0.00067920000000000003,0.0018592000000000001,-0.0037013999999999997,0.00075109999999999999,0.0017685999999999999,0.00039280000000000022,-0.0017577999999999999,-0.0011170000000000004,0.0001916,0.0001919,-0.0010655999999999994,0.0014170999999999999,0.0039998000000000004,-0.0024242000000000001,-0.0023375999999999996,-0.0035701999999999999,0.0025034999999999996,-0.0028026999999999995,0.00073780000000000026,0.0061915,-0.0032068000000000001,0.0014971000000000001,0.00070989999999999985,-0.00072829999999999998,0.0023481000000000005,-0.00072360000000000002,0.0003234,-1.3200000000000023e-05,0.00043200000000000015,0.0014090000000000001,-0.0014792,0.00073550000000000004,0.0013757999999999999,-0.00081369999999999988,-2.8099999999999978e-05,-0.00088750000000000005,0.00038370000000000006,-0.00041810000000000003,0.0011196000000000001,-0.00086080000000000011,-9.7300000000000034e-05,-0.0023,-6.7899999999999997e-05,-0.0029274000000000001,-0.00074580000000000013,-0.0011305000000000004,-0.0023204000000000002,0.0010976,0.00051130000000000001,0.0021048000000000004,-0.0027767,0.0003347,5.0800000000000002e-05,0.0021974000000000004,0.00011520000000000001,0.0010770999999999999,0.00016810000000000002,0.0018427999999999999,0.0004965000000000002,-0.00040400000000000006,-0.00062959999999999991,0.0028877999999999998,0.0028490999999999998,0.0012583,6.8099999999999975e-05,-0.0023444000000000004,0.0035161999999999997,-0.0055297999999999996,-0.0022101999999999998,-0.0022344000000000005,-0.0015698000000000001,0.00047170000000000003,0.00012500000000000011,-0.00101,0.0025033999999999998,-0.00083989999999999998,-0.0010701,0.00095649999999999989,-0.0046137999999999995,0.0026795,-0.00071739999999999987,0.0026934000000000003,0.0043230000000000005,-0.0022785000000000001,-0.0029683000000000001,0.0059979999999999999,-0.0034378,0.0040923999999999995,0.00060590000000000004,0.0026118000000000001,0.0027801999999999996,-0.0050013999999999996,0.0020857000000000002,-0.00045679999999999999,-0.0033039999999999996,0.0020337999999999997
aug_between_class_right_pair0034_child02,Healthy,0,0,Augmented,0,0,0,0,0,0.29700319999999997,1.9780743999999999,-7.9999999999999996e-07,-9.9999999999999995e-07,0,0.94863659999999994,0,0.043566599999999997,-0.1553494,0.034744200000000003,0.1171616,-0.098115399999999992,0.099356800000000009,-0.0013214000000000001,-0.0057079999999999995,-0.023664399999999999,-0.069822599999999999,0.40212380000000003,-0.093120599999999998,0.0042088000000000021,0.042875400000000001,0.0168232,-0.0211732,-0.00019600000000000043,-0.048469600000000002,0.041461200000000004,0.035192399999999999,-0.057543999999999998,0.0002021999999999996,-0.084337399999999993,0.011129399999999999,0.046869399999999999,-0.037668000000000007,0.016060400000000002,0.0043971999999999995,-0.0538982,0.031836799999999998,-0.056954400000000002,-0.018357999999999999,0.110696,-0.0031494000000000001,0.20431199999999999,-0.070250199999999999,0.0063423999999999998,-0.0069487999999999998,-0.0087292000000000012,-0.0035302000000000007,0.0017088000000000001,0.0399114,-0.0076068000000000004,-0.0051143999999999998,-0.016921000000000002,-0.020636999999999999,0.0093099999999999988,0.0376564,0.028658400000000001,0.0205294,-0.021166600000000001,-0.00068900000000000016,0.0071353999999999983,-0.034920800000000002,0.011707199999999999,0.0030066000000000003,0.0058137999999999992,0.028976399999999999,-0.093741200000000011,-0.0025101999999999989,-0.043844599999999997,-0.0027741999999999992,0.0091819999999999992,-0.00073240000000000013,-0.00023779999999999987,0.0126184,0.0041376,0.0058081999999999995,-0.0110922,0.0130808,0.0064045999999999999,-0.0034361999999999999,-0.0010233999999999998,0.0108574,-0.014497400000000001,0.0065133999999999991,0.010194399999999999,0.0095322000000000011,-0.0094640000000000002,-0.014829400000000001,0.017501799999999998,-0.026154799999999999,-0.0034286000000000004,-0.0124028,-0.0038558000000000004,-0.0061026000000000014,-0.0093285999999999994,-0.0111068,0.015323200000000002,-0.012953599999999999,-0.0076524000000000002,0.027628000000000003,-0.0032302000000000008,0.035624400000000001,-0.0012856000000000013,-0.0055774000000000015,-0.00080839999999999992,-0.0039858000000000003,-0.0067311999999999997,0.010383399999999999,-0.0045117999999999998,-0.0056064000000000001,0.00052860000000000049,0.0012290000000000001,-0.0057307999999999994,-0.0058518000000000008,0.0082024000000000003,0.015951,0.0050844000000000002,0.0033236000000000003,0.0041246,-0.010227399999999999,0.0059646000000000005,-0.0060746000000000003,0.011455999999999999,-0.0032071999999999999,-0.0064538,0.0116886,-0.0046766000000000004,0.0025140000000000002,-0.0082004000000000001,-0.0011615999999999998,0.0063956000000000004,-0.0034215999999999995,0.0005110000000000006,-0.0068804000000000009,-0.018770800000000001,0.0017536000000000001,-0.0029893999999999997,-0.0078036000000000008,0.0041030000000000007,-0.005883199999999999,0.0026622,0.0076361999999999992,-0.0017519999999999999,0.00070799999999999975,0.000812,-0.00047660000000000004,0.00030779999999999989,-0.00037620000000000015,-0.0022604000000000001,-0.00011099999999999999,-0.0049253999999999999,0.0040478000000000007,-0.00057480000000000009,0.0012867999999999998,0.00095480000000000001,-0.00024479999999999999,-0.0060706000000000006,-0.0048123999999999997,-0.0040657999999999996,-0.0011286,-0.0051310000000000001,-0.0014710000000000001,0.0084592000000000001,0.0030286000000000002,0.0014234000000000002,-0.0052308000000000007,-0.0072363999999999987,-0.0076660000000000009,-0.0028016,-0.0093407999999999998,0.0025139999999999997,0.0016249999999999999,0.010290799999999999,0.0063889999999999997,-0.0102904,-0.0024484000000000007,0.0050215999999999993,0.0058324000000000006,-0.00026600000000000007,0.0092616,-0.0038571999999999999,0.0021582000000000007,-0.012122600000000001,-0.0002540000000000001,-0.0036132000000000004,-0.0043809999999999995,0.0036055999999999996,0.0017900000000000001,-0.0044297999999999994,0.0022736000000000002,-0.0027308000000000002,-0.0018536,0.0012141999999999999,0.0015954000000000003,-0.0011754000000000001,-0.0015047999999999997,0.0016594000000000001,0.0049718000000000002,-0.0034298000000000002,0.0010470000000000002,0.00041260000000000005,0.00064260000000000001,-0.00081619999999999989,-0.00071380000000000033,-0.0016268000000000005,0.0030574,-0.0012601999999999999,-0.00018300000000000022,0.0003037999999999999,-0.0028219999999999999,-0.0047118000000000004,0.0076205999999999999,0.00038320000000000021,0.00044420000000000006,-0.00012220000000000004,0.0050445999999999998,-0.0025073999999999999,-0.0053303999999999999,0.0021608,-0.0041804000000000008,-0.0029290000000000002,0.0014425999999999996,0.0087060000000000002,-0.0029256000000000004,-0.00052559999999999998,0.001091,0.0052016000000000007,-0.0040425999999999995,0.0035120000000000004,0.0021264000000000001,0.0040926000000000009,-0.0013284000000000006,-0.0002059999999999998,0.00064859999999999961,-0.019300400000000002,0.0063508000000000002,-0.0010263999999999994,-0.0015807999999999994,-0.0029979999999999998,0.0015547999999999998,-0.0017216,4.5600000000000024e-05,-0.00078819999999999997,-0.0012716000000000001,0.00051040000000000015,-0.0010844000000000001,-0.00037539999999999996,-0.00079900000000000001,-0.0029106000000000002,0.0026324,0.0025324000000000002,-0.0024059999999999997,0.0019758000000000002,-0.0034368000000000003,-0.0030206,0.00019239999999999999,0.0036003999999999997,-0.0011044,0.00095640000000000015,0.00050060000000000002,0.0044074000000000006,0.0016504,-0.0065382000000000001,0.00061839999999999996,0.00092299999999999999,-0.0023340000000000001,0.0045470000000000007,0.0023040000000000001,0.006722800000000001,0.0045621999999999998,-0.0013472,0.0027944000000000003,-0.0037077999999999998,-0.0046692000000000001,0.0076824000000000007,-0.0013071999999999999,0.0010942000000000003,-0.0004335999999999997,-0.0014579999999999999,-0.0032530000000000002,-0.0033166000000000003,-0.0056075999999999999,0.0072554000000000004,-0.0037672000000000001,-0.0005258000000000001,-5.6799999999999646e-05,-0.0048358000000000003,-0.0001621999999999995,0.00023599999999999988,-0.0058022000000000004,-0.00082620000000000046,0.0028289999999999995,0.0026617999999999998,0.0044797999999999999,-0.013531400000000001,0.0023985999999999999,-0.00074080000000000001,-0.00063679999999999997,-0.00067560000000000027,0.0017201999999999999,0.00011820000000000003,0.00010420000000000004,0.00099479999999999989,0.00021579999999999993,-0.0007363999999999999,0.00051859999999999992,0.00057099999999999989,-0.00050759999999999998,-2.0400000000000279e-05,-0.00019260000000000007,0.0018636000000000002,0.00021860000000000011,0.0015616000000000002,0.0037660000000000003,0.00080240000000000021,3.2000000000000019e-05,-0.0017284000000000002,0.001248,-0.0001435999999999998,-0.0013477999999999999,4.2799999999999956e-05,-0.00021819999999999988,0.0011888000000000001,-0.0024038000000000002,0.00014159999999999992,-0.0041798000000000009,-0.0013096,-0.0022263999999999999,-0.00055199999999999997,-0.00297,0.0028108,-0.0004616,0.00054639999999999984,0.0039128000000000001,-0.0021296000000000002,0.0011477999999999998,-0.00036660000000000013,0.0019932000000000005,-0.0018712000000000004,0.00058980000000000013,0.00031659999999999978,0.00054500000000000013,-0.001271,0.00046880000000000001,-0.0014812,-0.0025046000000000001,0.0014858000000000002,0.0034640000000000001,-0.0060562000000000003,0.0016001999999999998,-0.0015793999999999999,0.0024986000000000006,-0.0022618,0.0018334,0.012578200000000001,-0.0015482,0.0003608000000000001,0.00070480000000000022,-0.006117,-3.6399999999999963e-05,0.0004594,0.00040120000000000005,0.0023277999999999997,-0.00094959999999999999,-0.0013979999999999999,-0.00098180000000000012,0.00053340000000000006,-0.00099500000000000001,-0.00059500000000000004,-3.5599999999999998e-05,-0.00029999999999999992,-2.840000000000004e-05,-0.00043520000000000012,0.0022461999999999998,-0.0031172000000000001,-0.00020999999999999995,-0.0024822000000000004,0.0027550000000000001,-0.000174,0.0018447999999999997,0.00063120000000000006,-0.0014137999999999998,-0.0022857999999999997,1.5400000000000049e-05,-0.00047200000000000014,-0.0015644000000000001,0.0028325999999999998,-0.00030259999999999998,0.0046849999999999999,-0.00044640000000000006,9.0600000000000088e-05,7.3399999999999833e-05,0.0013058,0.0017112,0.0021076000000000003,0.002663,-0.0019721999999999999,0.0024646,-0.0015590000000000001,-0.001199,-0.0035826,-0.0022004000000000004,0.0012619999999999999,-0.0014555999999999998,-0.003591,0.00059260000000000009,0.00010459999999999994,-0.00079640000000000006,0.0017114000000000003,-0.0034108000000000003,0.00075319999999999988,0.0018112,3.3599999999999949e-05,-0.0016835999999999999,-0.00084900000000000025,-0.00036779999999999983,0.00050180000000000005,-0.00098620000000000001,0.0012591999999999998,0.0041016000000000004,-0.0023194000000000001,-0.0021411999999999994,-0.0035243999999999996,0.0019460000000000007,-0.0026364000000000001,0.00018559999999999996,0.0057090000000000005,-0.0029905999999999999,0.0013352000000000001,0.00071179999999999995,-0.00067060000000000004,0.0020842000000000005,-0.00070219999999999983,0.00025880000000000006,4.6599999999999967e-05,0.00061100000000000021,0.001459,-0.0013614,0.00042400000000000006,0.0013946,-0.00059239999999999998,-8.9199999999999973e-05,-0.00084100000000000006,0.00074740000000000006,-0.00044720000000000003,0.0010572000000000003,-0.00073360000000000005,-0.00012459999999999999,-0.0022860000000000003,-0.00018980000000000003,-0.0027978,-0.00031260000000000023,-0.0011400000000000004,-0.0020238000000000001,0.0011532000000000001,0.00014760000000000006,0.0018856000000000005,-0.0027923999999999996,0.00018840000000000003,0.00013460000000000007,0.0020348000000000007,-2.4600000000000002e-05,0.0014862,-3.7799999999999997e-05,0.0019065999999999998,0.00043800000000000002,-0.000437,-0.00057819999999999996,0.0029526000000000001,0.0027491999999999998,0.0014926000000000002,-3.4800000000000033e-05,-0.0020558,0.0036294000000000005,-0.0052065999999999996,-0.0021113999999999998,-0.0023478000000000001,-0.0014616000000000002,0.00037240000000000005,0.00032300000000000015,-0.0010380000000000001,0.0027368000000000002,-0.00068479999999999995,-0.0011142000000000001,0.00084199999999999998,-0.0045096000000000008,0.0024350000000000005,-0.00078580000000000002,0.0025918000000000009,0.0042920000000000007,-0.0023370000000000001,-0.0028725999999999999,0.005566999999999999,-0.0036926000000000003,0.0039958000000000007,0.00048380000000000005,0.0023365999999999994,0.0035323999999999993,-0.0048538000000000001,0.0017254,-0.0005306,-0.0035509999999999995,0.0020026000000000002
aug_between_class_right_pair0034_child03,Healthy,0,0,Augmented,0,0,0,0,0,0.29320779999999996,1.9925256,-6.9999999999999986e-07,-9.9999999999999995e-07,0,0.94034139999999999,4.1359030627651384e-25,0.045322399999999999,-0.15434709999999999,0.033976300000000001,0.1184159,-0.1020706,0.1003817,-0.0043870999999999997,-0.0067929999999999987,-0.020340599999999997,-0.075784900000000002,0.40131669999999997,-0.092112399999999997,0.0032732000000000004,0.0468866,0.014510299999999997,-0.020298299999999998,-0.00037600000000000047,-0.046817900000000003,0.041237300000000005,0.032049100000000004,-0.058319499999999996,-0.00098070000000000058,-0.083990099999999998,0.010558100000000001,0.044466600000000002,-0.037472500000000006,0.015974100000000001,0.0045143000000000006,-0.053432299999999995,0.031783699999999998,-0.058773600000000002,-0.017555500000000002,0.11177049999999999,-0.0050781000000000021,0.203398,-0.067561299999999991,0.0069641,-0.0077441999999999997,-0.0088923000000000006,-0.0043428000000000008,0.0025041999999999998,0.039841099999999997,-0.006885200000000001,-0.0048401,-0.016976999999999999,-0.021039499999999999,0.0094120000000000002,0.0377831,0.028420600000000001,0.019204099999999998,-0.021574900000000001,-0.0015235000000000001,0.0070270999999999997,-0.033515699999999995,0.0099062999999999998,0.0045434000000000013,0.0053991999999999981,0.029407100000000002,-0.092214299999999999,-0.0042813,-0.0428259,-0.0026783000000000015,0.009077,-0.00047760000000000012,-1.0699999999999826e-05,0.013182600000000001,0.0041039000000000006,0.0062103000000000002,-0.0110708,0.013004199999999999,0.0067254000000000003,-0.0031787999999999999,-5.1599999999999303e-05,0.0098905999999999994,-0.0146336,0.0066635999999999996,0.0088471000000000001,0.0094827999999999996,-0.0084360000000000008,-0.015402600000000001,0.017653200000000001,-0.0251352,-0.0038024000000000005,-0.0131247,-0.0043522000000000005,-0.0053489000000000002,-0.0086069000000000007,-0.0109862,0.0149918,-0.0124099,-0.0082156,0.025468500000000002,-0.0039948000000000006,0.0336411,0.00035659999999999858,-0.0046181,-0.00022309999999999995,-0.0037236999999999999,-0.0068068,0.010478100000000001,-0.0046346999999999994,-0.0054370999999999994,-1.5599999999999946e-05,0.0016055000000000006,-0.0055976999999999997,-0.0062021999999999997,0.0087170999999999985,0.01627,0.0050616000000000003,0.0032924,0.0047494,-0.0102226,0.0052334,-0.0057423999999999999,0.011734999999999999,-0.0037697999999999998,-0.0067307000000000001,0.0113499,-0.0049068999999999996,0.0017050000000000006,-0.0081141000000000008,-0.0015578999999999999,0.0053374,-0.0029263999999999983,-0.00027599999999999977,-0.0071776000000000001,-0.019552699999999999,0.0017964000000000009,-0.0029481000000000004,-0.0068284000000000001,0.0042945000000000006,-0.0055187999999999991,0.0029752999999999993,0.0070393000000000001,-0.002117,0.0011314999999999997,0.00049350000000000012,-0.00034739999999999999,-0.00010580000000000019,-0.00036479999999999998,-0.0012966000000000002,-0.00018099999999999995,-0.0049131000000000001,0.0044252000000000007,-0.0012891999999999999,0.0014572000000000001,0.0011742000000000002,-0.00026820000000000001,-0.0059903999999999999,-0.0044010999999999998,-0.0038177000000000003,-0.00044589999999999994,-0.0047125000000000005,-0.0011605000000000001,0.0085223,0.0028324000000000001,0.0012960999999999999,-0.0050687000000000006,-0.0069861000000000003,-0.0073305000000000002,-0.0026753999999999997,-0.0095192000000000002,0.0022409999999999999,0.0018095000000000001,0.0099031999999999992,0.0059314999999999993,-0.0103596,-0.0020671000000000005,0.0049253999999999999,0.0052005999999999988,-0.00077800000000000015,0.0097958999999999997,-0.0038977999999999999,0.00078330000000000023,-0.013071899999999999,-0.00037599999999999992,-0.0038227999999999995,-0.0046604999999999997,0.0049648999999999995,0.0013564999999999998,-0.0039892,0.0020258999999999997,-0.0029611999999999998,-0.0020258999999999997,0.0016367999999999999,0.0012281000000000002,-0.0011575999999999999,-0.0013891999999999999,0.0014970999999999999,0.0047971999999999997,-0.0034926999999999996,0.00085400000000000005,0.00083740000000000019,0.00084840000000000002,-0.00096929999999999998,-0.00050020000000000012,-0.0013557,0.0028660999999999999,-0.0013382999999999999,-6.6999999999999785e-05,0.00059620000000000007,-0.0030669999999999998,-0.0041916999999999996,0.0079768999999999986,0.00026880000000000003,0.00040729999999999998,-0.00010279999999999946,0.0047404000000000005,-0.0024361000000000001,-0.0047346000000000003,0.0022832,-0.0034950999999999997,-0.0031749999999999999,0.0010648999999999997,0.0086945000000000008,-0.0028858999999999998,-0.00041640000000000015,0.00097050000000000012,0.0049984000000000001,-0.0035658999999999999,0.0038614999999999999,0.0014526000000000001,0.0037618999999999994,-0.0015676000000000004,-0.00017699999999999986,0.00090540000000000022,-0.0189731,0.0064781999999999999,-0.0012626000000000009,-0.0023782,-0.0026705000000000001,0.0016146999999999999,-0.0017968999999999999,-2.2100000000000049e-05,-0.00081729999999999997,-0.0016489,0.00017560000000000001,-0.00076610000000000014,-0.00017959999999999997,-0.00093249999999999995,-0.0027074,0.0026295999999999997,0.0024146000000000003,-0.0021324999999999994,0.0022061999999999997,-0.0033086999999999999,-0.0023203999999999998,0.00018459999999999999,0.0031205999999999994,-0.0015200999999999999,0.0012736000000000002,0.00076639999999999998,0.0044066000000000001,0.0014870999999999999,-0.0065047999999999998,0.00059159999999999996,0.00061399999999999985,-0.002307,0.0044980000000000003,0.002627,0.0067161999999999986,0.0050107999999999993,-0.0016758000000000001,0.0022411000000000002,-0.0036362,-0.0044098000000000002,0.0077070999999999997,-0.0019968,0.0013163000000000001,9.6100000000000005e-05,-0.0012830000000000005,-0.0032715000000000001,-0.0029969000000000003,-0.0059228999999999992,0.0068730999999999992,-0.0037353,-0.00054520000000000002,-0.0001087000000000002,-0.0045766999999999995,-0.00012580000000000013,0.00022500000000000037,-0.0058507999999999998,-0.0012722999999999996,0.0031100000000000004,0.0021462,0.0039061999999999999,-0.012908599999999999,0.0022439000000000001,-0.00076920000000000005,-0.00036319999999999988,-0.00049790000000000001,0.0012477999999999999,1.8299999999999957e-05,-7.9199999999999974e-05,0.0012607,2.9699999999999909e-05,-0.0012071,0.00060939999999999996,0.00052300000000000003,-0.00040040000000000003,-3.5999999999998707e-06,-0.00034240000000000003,0.0019119,0.00024039999999999999,0.0014718999999999999,0.0037989999999999994,0.00045260000000000016,8.8499999999999929e-05,-0.0013126000000000001,0.0014325,-0.00011789999999999999,-0.0014966999999999999,0.00031019999999999984,-7.8799999999999855e-05,0.0014816999999999999,-0.0020261999999999997,-9.7100000000000056e-05,-0.0035432000000000007,-0.0014793999999999999,-0.0020866000000000001,-0.00074950000000000017,-0.0028084999999999998,0.0023602000000000002,-0.00034190000000000002,0.00017059999999999992,0.0037737000000000005,-0.0022184000000000001,0.0012652,-0.0006048999999999998,0.0016153000000000001,-0.0018003000000000001,0.00059669999999999992,0.00028540000000000032,3.4000000000000176e-05,-0.00079399999999999989,0.00073269999999999987,-0.0015953,-0.0026884000000000001,0.0017442,0.0025824999999999997,-0.0059512999999999996,0.0017772999999999999,-0.0022520999999999999,0.0031163999999999996,-0.0016326999999999999,0.0016576,0.012470800000000001,-0.0016538,0.0011547,0.00012219999999999939,-0.0061219999999999998,6.0900000000000071e-05,0.00043660000000000004,0.00059179999999999996,0.0021706999999999994,-0.00077089999999999993,-0.001297,-0.0011061999999999999,0.00033810000000000003,-0.00090350000000000011,-0.00060799999999999993,-2.6399999999999937e-05,-0.00055949999999999999,-0.00013160000000000003,-0.00065830000000000012,0.0017442999999999998,-0.0030498000000000001,-3.4999999999999767e-06,-0.0025123000000000003,0.0030850000000000001,-0.00022849999999999997,0.0018916999999999996,0.00038729999999999998,-0.0015041999999999998,-0.0021386999999999999,2.9099999999999786e-05,-0.00044250000000000002,-0.0013831,0.0025488999999999998,-0.00032740000000000004,0.0045525000000000001,-0.00068960000000000017,0.00032740000000000004,2.0599999999999959e-05,0.0012491999999999998,0.0016992999999999999,0.0022464,0.0029395000000000003,-0.0019193000000000001,0.0021968999999999999,-0.0015299999999999999,-0.001224,-0.0035154000000000001,-0.0020031000000000003,0.0011309999999999998,-0.0011483999999999999,-0.0035535000000000002,0.00037240000000000005,-7.4600000000000079e-05,-0.00091360000000000009,0.0015635999999999998,-0.0031202000000000001,0.00075530000000000009,0.0018538000000000001,-0.00032560000000000022,-0.0016094,-0.00058100000000000024,-0.00092719999999999988,0.00081169999999999994,-0.00090679999999999971,0.0011012999999999999,0.0042033999999999995,-0.0022145999999999997,-0.0019447999999999994,-0.0034785999999999997,0.0013885,-0.0024700999999999998,-0.0003665999999999998,0.0052265000000000002,-0.0027743999999999998,0.0011733000000000002,0.00071369999999999984,-0.00061289999999999999,0.0018203000000000004,-0.00068079999999999985,0.0001942,0.00010640000000000001,0.0007899999999999999,0.0015089999999999999,-0.0012435999999999999,0.00011249999999999997,0.0014134,-0.00037109999999999991,-0.00015029999999999999,-0.00079450000000000007,0.0011110999999999998,-0.00047629999999999998,0.00099480000000000011,-0.00060639999999999999,-0.00015189999999999995,-0.0022720000000000001,-0.00031169999999999999,-0.0026681999999999999,0.0001205999999999999,-0.0011494999999999999,-0.0017271999999999999,0.0012087999999999999,-0.00021609999999999999,0.0016664000000000002,-0.0028081,4.2099999999999987e-05,0.0002184,0.0018721999999999996,-0.00016439999999999993,0.0018952999999999999,-0.00024370000000000001,0.0019704000000000002,0.00037950000000000006,-0.00047000000000000004,-0.00052680000000000001,0.0030173999999999999,0.0026492999999999994,0.0017269,-0.00013770000000000004,-0.0017672,0.0037426000000000004,-0.0048834000000000004,-0.0020125999999999998,-0.0024612000000000002,-0.0013534,0.00027309999999999986,0.00052100000000000009,-0.0010660000000000001,0.0029701999999999997,-0.00052969999999999992,-0.0011582999999999999,0.00072749999999999996,-0.0044053999999999994,0.0021904999999999997,-0.00085419999999999995,0.0024902000000000006,0.004261,-0.0023955000000000001,-0.0027768999999999997,0.0051359999999999991,-0.0039473999999999993,0.0038992000000000002,0.00036170000000000006,0.0020613999999999997,0.0042845999999999995,-0.0047061999999999998,0.0013650999999999997,-0.00060440000000000005,-0.0037979999999999997,0.0019713999999999999
aug_between_class_right_pair0034_child04,Healthy,0,0,Augmented,0,0,0,0,0,0.28941239999999996,2.0069767999999999,-5.9999999999999997e-07,-9.9999999999999995e-07,0,0.93204619999999994,0,0.047078200000000001,-0.1533448,0.033208399999999999,0.1196702,-0.1060258,0.1014066,-0.0074527999999999999,-0.0078779999999999996,-0.017016799999999999,-0.081747200000000006,0.40050960000000002,-0.091104199999999996,0.0023376000000000004,0.050897800000000007,0.012197399999999997,-0.0194234,-0.00055600000000000007,-0.045166200000000004,0.041013400000000005,0.028905800000000002,-0.059095000000000002,-0.0021636000000000003,-0.083642800000000003,0.0099868000000000005,0.042063799999999998,-0.037277000000000005,0.015887800000000001,0.0046313999999999999,-0.052966399999999997,0.031730599999999998,-0.060592800000000002,-0.016753000000000004,0.112845,-0.0070068000000000005,0.202484,-0.064872399999999997,0.0075858000000000002,-0.0085395999999999996,-0.0090553999999999999,-0.005155400000000001,0.0032995999999999998,0.039770800000000002,-0.0061636000000000008,-0.0045658000000000001,-0.017033,-0.021441999999999999,0.0095139999999999999,0.0379098,0.028182800000000001,0.0178788,-0.021983200000000001,-0.0023579999999999999,0.0069187999999999993,-0.032110599999999996,0.0081053999999999987,0.0060802000000000009,0.0049845999999999988,0.029837800000000001,-0.090687400000000001,-0.0060523999999999994,-0.041807199999999996,-0.0025824000000000003,0.0089719999999999991,-0.00022279999999999999,0.00021640000000000008,0.0137468,0.0040702000000000004,0.0066123999999999992,-0.011049400000000001,0.012927599999999999,0.0070461999999999999,-0.0029213999999999998,0.00092020000000000057,0.0089237999999999991,-0.0147698,0.0068138000000000001,0.0074997999999999992,0.0094333999999999998,-0.0074079999999999997,-0.015975800000000002,0.0178046,-0.024115600000000001,-0.0041761999999999997,-0.013846600000000001,-0.0048486000000000007,-0.0045952000000000007,-0.0078852000000000002,-0.0108656,0.014660400000000001,-0.0118662,-0.0087787999999999981,0.023309,-0.0047594000000000004,0.0316578,0.0019987999999999985,-0.0036587999999999998,0.00036220000000000018,-0.0034616000000000004,-0.0068823999999999995,0.0105728,-0.0047575999999999998,-0.0052677999999999996,-0.00055979999999999984,0.0019819999999999998,-0.0054646,-0.0065526000000000004,0.0092318000000000001,0.016589,0.0050388000000000004,0.0032612000000000001,0.0053742,-0.010217799999999999,0.0045021999999999996,-0.0054102000000000004,0.012014,-0.0043324000000000001,-0.0070075999999999992,0.011011200000000001,-0.0051371999999999998,0.00089600000000000009,-0.0080277999999999999,-0.0019541999999999997,0.0042792000000000004,-0.0024311999999999997,-0.0010630000000000001,-0.0074748000000000002,-0.020334600000000001,0.0018391999999999992,-0.0029068000000000002,-0.0058532000000000002,0.0044860000000000004,-0.0051544,0.0032883999999999999,0.0064424,-0.0024819999999999998,0.001555,0.00017499999999999997,-0.00021819999999999996,-0.00051940000000000037,-0.00035340000000000002,-0.00033280000000000028,-0.00025099999999999992,-0.0049008000000000003,0.0048026000000000006,-0.0020035999999999999,0.0016276000000000001,0.0013936,-0.00029159999999999999,-0.0059102,-0.0039897999999999999,-0.0035696,0.00023680000000000012,-0.0042940000000000001,-0.00085000000000000006,0.0085854,0.0026362,0.0011688,-0.0049066000000000005,-0.0067358000000000001,-0.0069950000000000003,-0.0025491999999999997,-0.0096976000000000007,0.0019679999999999997,0.0019940000000000001,0.0095155999999999991,0.0054739999999999997,-0.0104288,-0.0016858000000000005,0.0048291999999999996,0.0045687999999999996,-0.0012899999999999999,0.010330200000000001,-0.0039383999999999999,-0.00059159999999999942,-0.014021199999999999,-0.00049800000000000007,-0.0040323999999999994,-0.0049399999999999999,0.0063242000000000003,0.00092299999999999956,-0.0035485999999999994,0.0017782,-0.0031916000000000002,-0.0021982,0.0020594000000000003,0.00086080000000000022,-0.0011397999999999998,-0.0012735999999999999,0.0013348000000000001,0.0046226000000000001,-0.0035555999999999999,0.00066100000000000013,0.0012622000000000002,0.0010542000000000001,-0.0011224,-0.00028660000000000014,-0.0010846000000000002,0.0026747999999999997,-0.0014164,4.8999999999999998e-05,0.00088860000000000002,-0.0033119999999999998,-0.0036715999999999997,0.0083331999999999989,0.00015440000000000028,0.00037039999999999968,-8.339999999999975e-05,0.0044362000000000004,-0.0023648000000000002,-0.0041387999999999998,0.0024055999999999999,-0.0028097999999999995,-0.0034210000000000004,0.00068719999999999979,0.0086829999999999997,-0.0028462000000000001,-0.00030720000000000009,0.00085000000000000006,0.0047952000000000003,-0.0030891999999999994,0.0042110000000000003,0.00077880000000000017,0.0034311999999999997,-0.0018067999999999997,-0.00014799999999999969,0.0011622,-0.018645800000000001,0.0066055999999999997,-0.0014988000000000007,-0.0031755999999999998,-0.0023429999999999996,0.0016746,-0.0018722000000000001,-8.9800000000000028e-05,-0.00084639999999999997,-0.0020262000000000006,-0.00015920000000000002,-0.00044779999999999988,1.6200000000000014e-05,-0.0010660000000000001,-0.0025041999999999998,0.0026267999999999999,0.0022967999999999999,-0.0018589999999999998,0.0024366000000000001,-0.0031806,-0.0016201999999999996,0.00017679999999999996,0.0026407999999999996,-0.0019358000000000001,0.0015908000000000003,0.0010322000000000003,0.0044058000000000005,0.0013238,-0.0064713999999999995,0.00056480000000000007,0.00030499999999999972,-0.0022799999999999999,0.0044489999999999998,0.0029499999999999999,0.0067095999999999996,0.0054593999999999997,-0.0020043999999999999,0.0016878000000000002,-0.0035646000000000002,-0.0041504000000000003,0.0077318000000000005,-0.0026864000000000002,0.0015384000000000001,0.00062580000000000014,-0.0011079999999999998,-0.00329,-0.0026772000000000002,-0.0062381999999999993,0.0064907999999999997,-0.0037033999999999999,-0.00056459999999999995,-0.00016059999999999989,-0.0043176000000000004,-8.9399999999999896e-05,0.000214,-0.0058994000000000008,-0.0017184000000000001,0.0033909999999999999,0.0016305999999999998,0.0033325999999999998,-0.012285799999999999,0.0020891999999999998,-0.00079760000000000009,-8.9599999999999915e-05,-0.00032019999999999998,0.00077539999999999987,-8.1599999999999978e-05,-0.00026260000000000004,0.0015266000000000001,-0.00015640000000000033,-0.0016777999999999999,0.0007002,0.00047499999999999994,-0.00029319999999999997,1.3199999999999887e-05,-0.00049220000000000015,0.0019601999999999996,0.00026220000000000008,0.0013822000000000001,0.0038320000000000003,0.00010280000000000006,0.00014500000000000006,-0.00089680000000000011,0.0016169999999999999,-9.2199999999999964e-05,-0.0016456000000000001,0.00057760000000000016,6.0599999999999955e-05,0.0017745999999999999,-0.0016485999999999998,-0.00033580000000000014,-0.0029066000000000001,-0.0016492,-0.0019467999999999998,-0.00094700000000000014,-0.002647,0.0019096,-0.00022219999999999998,-0.00020520000000000033,0.0036346,-0.0023072000000000006,0.0013826000000000001,-0.0008431999999999999,0.0012374,-0.0017294000000000001,0.00060359999999999993,0.00025419999999999957,-0.00047700000000000043,-0.00031699999999999979,0.00099659999999999983,-0.0017094,-0.0028722000000000001,0.0020026000000000002,0.0017009999999999998,-0.0058463999999999999,0.0019544000000000002,-0.0029248,0.0037342000000000005,-0.0010036000000000001,0.0014817999999999999,0.0123634,-0.0017594000000000002,0.0019486000000000004,-0.0004603999999999997,-0.0061270000000000005,0.0001582000000000001,0.00041380000000000003,0.00078240000000000004,0.0020135999999999995,-0.00059219999999999997,-0.001196,-0.0012306000000000001,0.00014279999999999997,-0.000812,-0.00062099999999999992,-1.7199999999999984e-05,-0.00081900000000000007,-0.00023480000000000004,-0.00088140000000000007,0.0012423999999999998,-0.0029823999999999996,0.00020300000000000006,-0.0025424000000000002,0.0034150000000000001,-0.00028299999999999999,0.0019386,0.00014340000000000002,-0.0015945999999999998,-0.0019915999999999996,4.2799999999999956e-05,-0.00041300000000000006,-0.0012017999999999998,0.0022651999999999998,-0.0003522,0.0044200000000000003,-0.00093280000000000012,0.00056420000000000005,-3.2200000000000132e-05,0.0011926,0.0016873999999999999,0.0023852000000000001,0.0032160000000000001,-0.0018664000000000003,0.0019291999999999998,-0.0015010000000000002,-0.0012490000000000001,-0.0034482000000000002,-0.0018058,0.001,-0.00084119999999999985,-0.003516,0.00015220000000000004,-0.0002538000000000001,-0.0010308000000000001,0.0014158,-0.0028295999999999998,0.00075739999999999998,0.0018963999999999999,-0.00068480000000000017,-0.0015352,-0.00031300000000000013,-0.0014865999999999998,0.0011216000000000002,-0.00082739999999999984,0.00094340000000000005,0.0043052000000000003,-0.0021098000000000002,-0.0017483999999999991,-0.0034328000000000002,0.00083100000000000014,-0.0023037999999999999,-0.0009188,0.004744,-0.0025582000000000001,0.0010114,0.00071559999999999994,-0.00055520000000000005,0.0015564000000000001,-0.00065939999999999987,0.00012959999999999995,0.00016619999999999997,0.00096900000000000003,0.0015590000000000001,-0.0011257999999999999,-0.00019899999999999996,0.0014321999999999998,-0.00014980000000000006,-0.00021139999999999999,-0.00074800000000000008,0.0014748000000000001,-0.00050540000000000003,0.00093240000000000011,-0.00047919999999999994,-0.00017919999999999996,-0.0022580000000000005,-0.00043360000000000008,-0.0025385999999999998,0.0005537999999999998,-0.0011589999999999999,-0.0014306,0.0012644000000000002,-0.00057979999999999989,0.0014472,-0.0028237999999999996,-0.00010420000000000004,0.00030220000000000003,0.0017095999999999999,-0.00030419999999999991,0.0023043999999999999,-0.00044960000000000009,0.0020341999999999999,0.000321,-0.00050299999999999997,-0.00047539999999999995,0.0030821999999999998,0.0025493999999999998,0.0019612000000000002,-0.00024060000000000005,-0.0014786000000000001,0.0038558000000000004,-0.0045601999999999995,-0.0019137999999999998,-0.0025746000000000002,-0.0012452000000000001,0.0001738,0.00071900000000000024,-0.0010940000000000001,0.0032036,-0.00037460000000000011,-0.0012024000000000002,0.00061299999999999994,-0.0043011999999999998,0.0019459999999999998,-0.00092259999999999998,0.0023886000000000003,0.0042300000000000003,-0.002454,-0.0026811999999999999,0.0047049999999999991,-0.0042021999999999997,0.0038026000000000006,0.00023960000000000008,0.0017861999999999999,0.0050367999999999993,-0.0045586000000000003,0.0010047999999999999,-0.00067820000000000001,-0.004045,0.0019401999999999998
aug_between_class_right_pair0034_child05,TLE,1,1,Augmented,0,0,0,0,0,0.28182160000000001,2.0358792000000001,-3.9999999999999988e-07,-9.9999999999999995e-07,0,0.91545580000000004,0,0.050589799999999997,-0.15134019999999998,0.031672600000000002,0.1221788,-0.1139362,0.1034564,-0.013584199999999999,-0.010048,-0.010369199999999999,-0.0936718,0.39889540000000001,-0.089087800000000009,0.00046640000000000223,0.058920200000000006,0.0075715999999999995,-0.017673600000000001,-0.00091600000000000015,-0.041862800000000006,0.0405656,0.022619200000000002,-0.060645999999999999,-0.0045293999999999994,-0.0829482,0.0088442,0.037258200000000005,-0.036886000000000002,0.015715199999999999,0.0048656000000000003,-0.0520346,0.031624400000000004,-0.064231200000000002,-0.015148000000000005,0.114994,-0.010864199999999997,0.200656,-0.059494599999999995,0.0088292000000000006,-0.010130399999999999,-0.0093816000000000004,-0.0067805999999999995,0.0048903999999999996,0.039630199999999997,-0.0047204000000000005,-0.0040172000000000003,-0.017145000000000001,-0.022246999999999999,0.0097179999999999992,0.038163200000000001,0.027707199999999998,0.015228200000000001,-0.022799800000000002,-0.0040270000000000002,0.0067022000000000002,-0.029300399999999997,0.0045036,0.0091538000000000001,0.0041554000000000001,0.030699199999999999,-0.087633600000000006,-0.0095945999999999983,-0.039769800000000001,-0.0023905999999999997,0.0087620000000000007,0.00028679999999999992,0.00067060000000000015,0.014875200000000002,0.0040028000000000008,0.0074165999999999998,-0.0110066,0.0127744,0.0076877999999999998,-0.0024066000000000001,0.0028638000000000001,0.0069902000000000002,-0.0150422,0.0071141999999999993,0.0048051999999999999,0.0093346000000000002,-0.0053520000000000009,-0.017122200000000001,0.018107399999999999,-0.022076399999999999,-0.0049238000000000007,-0.015290399999999999,-0.0058414000000000001,-0.0030878000000000008,-0.0064418000000000001,-0.010624399999999999,0.013997599999999999,-0.0107788,-0.0099052000000000012,0.018990000000000003,-0.0062886000000000001,0.027691200000000003,0.0052831999999999983,-0.0017402000000000008,0.0015328,-0.0029374000000000002,-0.0070335999999999992,0.0107622,-0.0050033999999999999,-0.0049291999999999999,-0.0016481999999999996,0.002735,-0.0051983999999999997,-0.0072534000000000001,0.0102612,0.017226999999999999,0.0049931999999999997,0.0031987999999999999,0.0066237999999999991,-0.010208200000000001,0.0030398000000000001,-0.0047457999999999997,0.012572,-0.0054575999999999991,-0.0075613999999999994,0.010333800000000001,-0.0055978,-0.00072199999999999912,-0.0078551999999999997,-0.0027467999999999998,0.0021628000000000003,-0.0014407999999999999,-0.002637,-0.0080692000000000021,-0.021898399999999998,0.0019247999999999999,-0.0028241999999999998,-0.003902800000000001,0.0048690000000000001,-0.0044255999999999992,0.0039145999999999999,0.0052486,-0.003212,0.0024019999999999992,-0.0004619999999999999,4.0199999999999967e-05,-0.0013466000000000001,-0.00033060000000000012,0.0015947999999999991,-0.00039099999999999985,-0.0048761999999999998,0.0055574000000000005,-0.0034323999999999991,0.0019683999999999999,0.0018324000000000001,-0.00033839999999999999,-0.0057498000000000011,-0.0031672000000000002,-0.0030734,0.0016022,-0.003457,-0.00022900000000000004,0.0087115999999999999,0.0022437999999999998,0.00091419999999999989,-0.0045824000000000004,-0.0062351999999999998,-0.0063240000000000006,-0.0022967999999999999,-0.0100544,0.0014220000000000001,0.0023630000000000001,0.0087404000000000006,0.0045589999999999997,-0.010567199999999999,-0.00092320000000000011,0.0046367999999999999,0.0033052000000000003,-0.0023140000000000001,0.011398800000000001,-0.0040195999999999999,-0.0033413999999999996,-0.015919799999999998,-0.00074199999999999993,-0.0044516,-0.0054989999999999995,0.0090428000000000001,5.600000000000006e-05,-0.0026673999999999999,0.0012828000000000002,-0.0036524000000000001,-0.0025428,0.0029046000000000002,0.00012620000000000025,-0.0011042000000000001,-0.0010424000000000002,0.0010102000000000002,0.0042734000000000001,-0.0036813999999999996,0.00027500000000000007,0.0021118000000000005,0.0014658,-0.0014285999999999999,0.00014059999999999984,-0.00054240000000000017,0.0022922000000000003,-0.0015726,0.000281,0.0014733999999999997,-0.0038019999999999998,-0.0026314000000000003,0.0090457999999999997,-7.439999999999964e-05,0.00029659999999999995,-4.4599999999999675e-05,0.0038278000000000001,-0.0022222000000000001,-0.0029472000000000009,0.0026503999999999998,-0.0014392000000000003,-0.0039129999999999998,-6.820000000000014e-05,0.008660000000000001,-0.0027667999999999998,-8.8800000000000207e-05,0.00060899999999999995,0.0043888,-0.0021358000000000002,0.0049099999999999994,-0.00056879999999999973,0.0027698000000000002,-0.0022852000000000003,-8.9999999999999802e-05,0.0016757999999999999,-0.017991199999999999,0.0068603999999999991,-0.0019712000000000002,-0.0047703999999999993,-0.0016879999999999998,0.0017943999999999998,-0.0020227999999999999,-0.0002252,-0.00090459999999999998,-0.0027807999999999999,-0.00082879999999999976,0.00018879999999999987,0.00040779999999999999,-0.001333,-0.0020977999999999999,0.0026212000000000002,0.0020612,-0.0013119999999999998,0.0028974000000000001,-0.0029244000000000006,-0.00021980000000000017,0.00016119999999999999,0.0016811999999999997,-0.0027672,0.0022252000000000001,0.0015638,0.0044042000000000005,0.00099719999999999995,-0.0064045999999999999,0.00051120000000000007,-0.00031300000000000013,-0.0022260000000000001,0.0043510000000000007,0.0035959999999999998,0.0066963999999999999,0.0063565999999999996,-0.0026615999999999996,0.00058120000000000047,-0.0034214000000000002,-0.0036316,0.0077812000000000003,-0.0040655999999999999,0.0019826000000000002,0.0016852,-0.00075799999999999978,-0.0033270000000000001,-0.0020378000000000002,-0.0068687999999999996,0.0057262000000000007,-0.0036396000000000002,-0.00060340000000000003,-0.0002643999999999997,-0.0037994000000000001,-1.6599999999999861e-05,0.0001919999999999999,-0.0059965999999999995,-0.0026106000000000002,0.0039529999999999999,0.00059940000000000004,0.0021853999999999997,-0.0110402,0.0017798,-0.00085439999999999995,0.00045759999999999996,3.519999999999988e-05,-0.00016939999999999989,-0.00028140000000000006,-0.00062940000000000001,0.0020584000000000002,-0.00052860000000000016,-0.0026191999999999999,0.00088179999999999997,0.000379,-7.8800000000000072e-05,4.6799999999999837e-05,-0.00079180000000000006,0.0020567999999999997,0.00030579999999999995,0.0012028000000000002,0.0038979999999999996,-0.00059679999999999976,0.00025799999999999987,-6.5200000000000284e-05,0.0019859999999999999,-4.0800000000000124e-05,-0.0019434000000000001,0.0011123999999999999,0.00033940000000000001,0.0023603999999999995,-0.00089340000000000003,-0.00081319999999999993,-0.0016334000000000008,-0.0019887999999999998,-0.0016672,-0.0013420000000000001,-0.0023240000000000001,0.0010084000000000002,1.719999999999993e-05,-0.00095679999999999984,0.0033564000000000003,-0.0024848000000000001,0.0016174,-0.0013197999999999999,0.00048160000000000016,-0.0015876000000000004,0.00061739999999999994,0.00019180000000000022,-0.0014989999999999995,0.0006370000000000002,0.0015243999999999995,-0.0019376,-0.0032398000000000001,0.0025194000000000002,-6.1999999999999772e-05,-0.0056366000000000003,0.0023086000000000001,-0.0042702,0.004969799999999999,0.00025460000000000001,0.0011302,0.012148600000000001,-0.0019706000000000003,0.0035363999999999999,-0.0016256000000000005,-0.0061370000000000001,0.00035280000000000017,0.00036820000000000006,0.0011635999999999999,0.0016993999999999998,-0.00023479999999999993,-0.00099400000000000009,-0.0014794000000000001,-0.00024779999999999995,-0.000629,-0.00064700000000000001,1.2000000000000292e-06,-0.0013379999999999998,-0.00044119999999999999,-0.0013276000000000002,0.00023860000000000027,-0.0028476,0.0006159999999999999,-0.0026026000000000001,0.0040750000000000005,-0.00039199999999999999,0.0020323999999999997,-0.00034439999999999981,-0.0017753999999999999,-0.0016974,7.0199999999999863e-05,-0.00035400000000000004,-0.00083920000000000002,0.0016977999999999997,-0.00040180000000000001,0.0041550000000000007,-0.0014192000000000002,0.0010378,-0.00013780000000000021,0.0010793999999999999,0.0016635999999999999,0.0026627999999999999,0.0037690000000000002,-0.0017606000000000002,0.0013938000000000002,-0.0014429999999999998,-0.001299,-0.0033137999999999996,-0.0014112,0.00073800000000000005,-0.00022680000000000009,-0.003441,-0.00028819999999999996,-0.00061220000000000024,-0.0012652,0.0011202,-0.0022483999999999998,0.00076159999999999997,0.0019816,-0.0014032000000000001,-0.0013868000000000001,0.00022299999999999986,-0.0026053999999999999,0.0017414000000000002,-0.00066859999999999966,0.00062760000000000008,0.0045088000000000003,-0.0019001999999999999,-0.0013556,-0.0033411999999999999,-0.00028399999999999996,-0.0019712000000000002,-0.0020231999999999993,0.0037790000000000002,-0.0021257999999999997,0.00068760000000000002,0.00071939999999999981,-0.00043980000000000001,0.0010286000000000002,-0.00061659999999999992,4.0000000000000972e-07,0.00028580000000000001,0.0013270000000000003,0.0016590000000000001,-0.00089020000000000006,-0.00082199999999999981,0.0014697999999999998,0.00029280000000000007,-0.00033359999999999998,-0.00065499999999999998,0.0022021999999999996,-0.00056360000000000004,0.00080760000000000011,-0.00022479999999999996,-0.00023379999999999999,-0.0022300000000000006,-0.00067739999999999999,-0.0022794,0.0014201999999999999,-0.0011780000000000002,-0.00083740000000000008,0.0013755999999999998,-0.0013071999999999999,0.0010088000000000002,-0.0028552,-0.0003968,0.00046979999999999998,0.0013844000000000003,-0.00058379999999999999,0.0031226000000000001,-0.00086140000000000001,0.0021618000000000002,0.00020400000000000008,-0.00056899999999999995,-0.0003726,0.0032118000000000003,0.0023495999999999999,0.0024298000000000002,-0.00044640000000000006,-0.00090140000000000012,0.0040822000000000002,-0.0039138000000000003,-0.0017161999999999998,-0.0028014000000000003,-0.0010287999999999999,-2.4799999999999952e-05,0.0011150000000000001,-0.00115,0.0036703999999999999,-6.4400000000000047e-05,-0.0012906000000000003,0.00038400000000000006,-0.0040927999999999997,0.0014570000000000002,-0.0010594000000000001,0.0021854000000000005,0.0041680000000000007,-0.0025710000000000004,-0.0024897999999999999,0.0038429999999999996,-0.0047118000000000004,0.0036094000000000005,-4.599999999999895e-06,0.0012358,0.0065411999999999988,-0.0042633999999999997,0.00028419999999999986,-0.00082580000000000001,-0.0045389999999999996,0.0018778
aug_between_class_right_pair0034_child06,TLE,1,1,Augmented,0,0,0,0,0,0.2780262,2.0503304,-3.0000000000000009e-07,-9.9999999999999995e-07,0,0.90716059999999998,0,0.052345599999999992,-0.1503379,0.0309047,0.1234331,-0.11789140000000001,0.1044813,-0.016649899999999999,-0.011132999999999999,-0.0070454000000000037,-0.099634100000000003,0.39808830000000001,-0.088079600000000008,-0.00046919999999999948,0.062931399999999998,0.0052586999999999998,-0.0167987,-0.0010959999999999998,-0.0402111,0.040341700000000001,0.019475900000000004,-0.061421500000000004,-0.0057122999999999983,-0.082600900000000005,0.0082728999999999997,0.034855400000000002,-0.036690500000000001,0.015628900000000001,0.0049826999999999996,-0.051568700000000002,0.031571300000000004,-0.066050400000000009,-0.014345500000000004,0.11606849999999999,-0.012792899999999999,0.199742,-0.056805700000000001,0.0094508999999999999,-0.010925799999999999,-0.0095446999999999997,-0.0075932000000000005,0.0056858000000000004,0.039559900000000002,-0.0039988000000000003,-0.0037428999999999995,-0.017201000000000001,-0.022649499999999999,0.0098199999999999989,0.038289900000000002,0.027469399999999998,0.013902900000000001,-0.023208100000000002,-0.0048615000000000004,0.0065939000000000015,-0.027895299999999998,0.0027027000000000006,0.0106906,0.0037407999999999994,0.031129899999999999,-0.086106700000000008,-0.011365699999999998,-0.038751099999999997,-0.0022947000000000019,0.0086569999999999998,0.00054159999999999983,0.00089769999999999997,0.015439400000000001,0.0039690999999999997,0.0078186999999999996,-0.010985200000000001,0.012697799999999999,0.0080085999999999994,-0.0021492,0.0038355999999999998,0.0060233999999999999,-0.0151784,0.007264399999999999,0.0034579000000000003,0.0092852000000000004,-0.0043240000000000015,-0.0176954,0.018258799999999999,-0.021056800000000001,-0.0052975999999999995,-0.0160123,-0.0063377999999999993,-0.0023341000000000004,-0.0057200999999999997,-0.010503800000000001,0.0136662,-0.0102351,-0.010468399999999999,0.016830500000000002,-0.0070532000000000008,0.025707900000000002,0.0069253999999999982,-0.0007809000000000006,0.0021180999999999999,-0.0026753000000000002,-0.0071091999999999995,0.010856899999999999,-0.0051263000000000003,-0.0047599000000000001,-0.0021923999999999997,0.0031115000000000001,-0.0050653,-0.0076038,0.0107759,0.017545999999999999,0.0049703999999999998,0.0031676,0.0072485999999999991,-0.0102034,0.0023086000000000001,-0.0044136000000000002,0.012851,-0.006020199999999999,-0.0078382999999999994,0.0099950999999999998,-0.0058280999999999993,-0.0015309999999999985,-0.0077689000000000005,-0.0031430999999999994,0.0011045999999999999,-0.00094560000000000043,-0.003424,-0.0083664000000000013,-0.0226803,0.0019676000000000008,-0.0027828999999999996,-0.0029276000000000016,0.0050605000000000008,-0.0040612000000000001,0.0042277,0.0046516999999999999,-0.0035769999999999999,0.002825499999999999,-0.00078049999999999973,0.00016939999999999989,-0.0017602,-0.00031919999999999995,0.002558599999999999,-0.00046100000000000004,-0.0048639,0.0059348000000000005,-0.0041467999999999991,0.0021387999999999997,0.0020517999999999999,-0.00036179999999999996,-0.0056696000000000003,-0.0027559000000000004,-0.0028253000000000002,0.0022848999999999994,-0.0030385000000000004,8.1499999999999975e-05,0.0087746999999999999,0.0020476000000000001,0.0007869000000000001,-0.0044203000000000003,-0.0059848999999999996,-0.0059885000000000008,-0.0021706,-0.0102328,0.0011490000000000003,0.0025474999999999999,0.0083528000000000005,0.0041015000000000001,-0.010636399999999999,-0.00054190000000000032,0.0045405999999999988,0.0026734000000000003,-0.002826,0.0119331,-0.0040601999999999999,-0.0047162999999999997,-0.016869099999999998,-0.00086400000000000008,-0.0046611999999999999,-0.0057784999999999998,0.010402099999999999,-0.0003774999999999998,-0.0022268000000000001,0.0010351000000000002,-0.0038827999999999996,-0.0027150999999999998,0.0033272000000000002,-0.00024109999999999973,-0.0010864,-0.00092680000000000019,0.00084790000000000017,0.0040987999999999997,-0.0037442999999999999,8.2000000000000055e-05,0.0025366000000000004,0.0016716000000000001,-0.0015816999999999997,0.00035419999999999994,-0.0002713000000000002,0.0021008999999999997,-0.0016507,0.000397,0.0017657999999999999,-0.0040470000000000002,-0.0021113000000000004,0.0094021,-0.00018879999999999982,0.00025970000000000008,-2.5199999999999962e-05,0.0035236,-0.0021509000000000003,-0.0023514000000000005,0.0027728000000000002,-0.00075390000000000038,-0.0041589999999999995,-0.00044590000000000016,0.0086484999999999999,-0.0027270999999999997,2.0399999999999845e-05,0.00048850000000000022,0.0041856000000000003,-0.0016590999999999997,0.0052595000000000003,-0.0012425999999999997,0.0024391000000000005,-0.0025243999999999996,-6.1000000000000073e-05,0.0019325999999999998,-0.0176639,0.0069877999999999997,-0.0022074,-0.0055677999999999995,-0.0013604999999999997,0.0018542999999999997,-0.0020980999999999999,-0.00029289999999999996,-0.00093369999999999998,-0.0031581000000000005,-0.0011635999999999997,0.0005070999999999997,0.00060359999999999993,-0.0014664999999999999,-0.0018946,0.0026183999999999999,0.0019434000000000001,-0.0010384999999999999,0.0031278,-0.0027963000000000003,0.00048039999999999964,0.00015339999999999999,0.0012014,-0.0031828999999999998,0.0025423999999999998,0.0018295999999999998,0.0044034000000000009,0.00083390000000000005,-0.0063711999999999996,0.00048439999999999996,-0.00062199999999999994,-0.002199,0.0043020000000000003,0.0039189999999999997,0.0066898000000000001,0.0068052,-0.0029901999999999997,2.790000000000019e-05,-0.0033498,-0.0033722000000000001,0.0078058999999999993,-0.0047551999999999994,0.0022047,0.0022148999999999997,-0.0005830000000000004,-0.0033454999999999999,-0.0017181000000000002,-0.0071840999999999997,0.0053439000000000004,-0.0036077000000000001,-0.00062279999999999996,-0.00031630000000000026,-0.0035403000000000006,1.9799999999999939e-05,0.00018099999999999995,-0.0060452000000000006,-0.003056699999999999,0.0042339999999999999,8.3800000000000085e-05,0.0016118,-0.0104174,0.0016251,-0.00088279999999999999,0.00073119999999999978,0.00021289999999999992,-0.0006418000000000001,-0.00038129999999999994,-0.00081279999999999992,0.0023242999999999996,-0.00071469999999999997,-0.0030898999999999996,0.0009725999999999999,0.00033100000000000013,2.8399999999999877e-05,6.3600000000000028e-05,-0.0009415999999999999,0.0021050999999999995,0.00032759999999999994,0.0011131000000000001,0.0039309999999999996,-0.0009465999999999997,0.00031449999999999989,0.00035059999999999963,0.0021705000000000001,-1.5100000000000096e-05,-0.0020923000000000001,0.0013798,0.00047879999999999998,0.0026532999999999999,-0.00051580000000000007,-0.0010519000000000001,-0.00099680000000000059,-0.0021586000000000001,-0.0015274000000000002,-0.0015395000000000001,-0.0021624999999999999,0.00055780000000000022,0.00013689999999999986,-0.0013326000000000002,0.0032173000000000002,-0.0025735999999999997,0.0017348000000000001,-0.0015580999999999998,0.0001037000000000003,-0.0015167000000000002,0.00062429999999999994,0.00016059999999999989,-0.0020099999999999996,0.0011139999999999998,0.0017882999999999996,-0.0020517000000000001,-0.0034235999999999997,0.0027778,-0.00094349999999999989,-0.0055317000000000005,0.0024857,-0.0049429000000000001,0.005587599999999999,0.00088369999999999963,0.00095440000000000021,0.012041200000000002,-0.0020762000000000003,0.0043303000000000005,-0.0022081999999999996,-0.0061419999999999999,0.0004501000000000001,0.00034540000000000005,0.0013541999999999998,0.0015422999999999999,-5.6100000000000063e-05,-0.00089300000000000013,-0.0016037999999999998,-0.00044309999999999998,-0.0005375,-0.00065999999999999989,1.0399999999999982e-05,-0.0015975,-0.00054440000000000011,-0.0015507000000000003,-0.00026329999999999973,-0.0027802,0.00082249999999999999,-0.0026327,0.0044049999999999992,-0.00044649999999999996,0.0020793000000000005,-0.00058829999999999983,-0.0018657999999999999,-0.0015503000000000001,8.3899999999999817e-05,-0.00032450000000000003,-0.00065790000000000011,0.0014140999999999999,-0.00042660000000000002,0.0040225,-0.0016624000000000001,0.0012745999999999999,-0.00019060000000000019,0.0010228000000000001,0.0016516999999999999,0.0028016,0.0040455000000000005,-0.0017076999999999999,0.0011260999999999999,-0.0014140000000000001,-0.0013240000000000001,-0.0032466000000000005,-0.0012139,0.00060700000000000001,8.0399999999999786e-05,-0.0034035000000000003,-0.00050839999999999978,-0.00079140000000000026,-0.0013824,0.0009724,-0.0019578,0.00076369999999999997,0.0020241999999999999,-0.0017623999999999999,-0.0013126000000000001,0.00049099999999999968,-0.0031647999999999993,0.0020512999999999998,-0.00058920000000000023,0.00046969999999999998,0.0046106000000000003,-0.0017953999999999999,-0.0011591999999999998,-0.0032954,-0.0008414999999999998,-0.0018049000000000003,-0.0025753999999999994,0.0032965000000000004,-0.0019096,0.00052570000000000015,0.00072130000000000002,-0.00038210000000000002,0.0007647000000000001,-0.00059519999999999994,-6.4199999999999934e-05,0.00034559999999999994,0.0015060000000000002,0.001709,-0.00077240000000000002,-0.0011334999999999997,0.0014886000000000001,0.00051410000000000008,-0.0003947,-0.00060849999999999999,0.0025658999999999994,-0.00059270000000000004,0.00074520000000000012,-9.7599999999999987e-05,-0.00026109999999999995,-0.0022160000000000001,-0.00079929999999999997,-0.0021498000000000003,0.0018533999999999994,-0.0011875000000000002,-0.00054080000000000013,0.0014312000000000001,-0.0016708999999999997,0.00078960000000000022,-0.0028709,-0.00054309999999999992,0.0005535999999999999,0.0012218000000000001,-0.00072359999999999981,0.0035317000000000005,-0.0010673,0.0022255999999999995,0.00014550000000000001,-0.000602,-0.0003212,0.0032766000000000002,0.0022496999999999999,0.0026641,-0.00054929999999999996,-0.00061280000000000015,0.0041954000000000002,-0.0035906000000000002,-0.0016174,-0.0029147999999999999,-0.00092060000000000004,-0.00012409999999999998,0.0013129999999999999,-0.001178,0.0039037999999999998,9.070000000000009e-05,-0.0013347000000000003,0.00026950000000000015,-0.0039885999999999993,0.0012125,-0.0011278,0.0020838000000000002,0.0041370000000000001,-0.0026294999999999999,-0.0023941000000000001,0.0034119999999999997,-0.0049665999999999998,0.0035128000000000008,-0.00012669999999999977,0.00096060000000000004,0.0072933999999999985,-0.0041158000000000002,-7.6099999999999912e-05,-0.00089959999999999997,-0.0047859999999999995,0.0018465999999999999
aug_between_class_right_pair0034_child07,TLE,1,1,Augmented,0,0,0,0,0,0.2742308,2.0647815999999999,-1.9999999999999999e-07,-9.9999999999999995e-07,0,0.89886540000000004,0,0.054101400000000001,-0.14933559999999999,0.030136800000000002,0.1246874,-0.12184660000000001,0.10550619999999999,-0.0197156,-0.012218,-0.0037215999999999985,-0.10559640000000001,0.3972812,-0.087071400000000007,-0.0014047999999999995,0.066942600000000005,0.0029457999999999984,-0.015923799999999998,-0.0012760000000000002,-0.038559400000000001,0.040117799999999995,0.016332600000000003,-0.062197000000000002,-0.0068952000000000006,-0.08225360000000001,0.0077015999999999994,0.032452599999999998,-0.036495,0.0155426,0.0050997999999999998,-0.051102800000000004,0.031518200000000003,-0.067869600000000002,-0.013543000000000006,0.117143,-0.014721599999999998,0.198828,-0.054116799999999993,0.010072600000000001,-0.011721199999999999,-0.0097077999999999991,-0.0084058000000000015,0.0064812000000000003,0.0394896,-0.0032771999999999996,-0.0034685999999999996,-0.017256999999999998,-0.023052,0.0099220000000000003,0.038416600000000002,0.027231599999999998,0.0125776,-0.023616400000000003,-0.0056960000000000005,0.0064856000000000011,-0.026490199999999998,0.00090179999999999904,0.012227400000000001,0.0033261999999999992,0.031560600000000001,-0.084579799999999997,-0.013136800000000001,-0.037732399999999999,-0.0021988000000000025,0.0085520000000000006,0.00079640000000000006,0.0011248,0.0160036,0.0039354000000000004,0.0082208000000000003,-0.010963799999999999,0.012621199999999999,0.0083294000000000007,-0.0018917999999999997,0.0048074000000000007,0.0050565999999999996,-0.015314600000000001,0.0074145999999999995,0.0021105999999999998,0.0092357999999999989,-0.0032959999999999995,-0.018268600000000003,0.018410200000000002,-0.020037199999999998,-0.0056714000000000001,-0.016734200000000001,-0.0068342000000000003,-0.0015804,-0.0049983999999999992,-0.010383199999999999,0.013334799999999999,-0.0096913999999999993,-0.011031600000000001,0.014671,-0.0078178000000000015,0.023724600000000002,0.0085676000000000016,0.00017840000000000022,0.0027033999999999999,-0.0024131999999999999,-0.0071847999999999999,0.010951600000000001,-0.0052491999999999999,-0.0045905999999999994,-0.0027366000000000001,0.0034879999999999998,-0.0049321999999999994,-0.0079541999999999998,0.0112906,0.017864999999999999,0.0049475999999999999,0.0031363999999999997,0.0078733999999999991,-0.010198599999999999,0.0015773999999999996,-0.0040813999999999998,0.013130000000000001,-0.0065827999999999998,-0.0081151999999999995,0.009656399999999999,-0.0060584000000000002,-0.0023400000000000001,-0.0076826000000000004,-0.0035393999999999998,4.6399999999999393e-05,-0.00045039999999999924,-0.0042110000000000003,-0.0086636000000000005,-0.023462200000000002,0.0020103999999999999,-0.0027415999999999994,-0.0019524,0.0052519999999999997,-0.0036968000000000005,0.0045408000000000002,0.0040547999999999999,-0.0039420000000000002,0.0032489999999999997,-0.0010990000000000002,0.00029860000000000005,-0.0021738000000000005,-0.0003078,0.0035223999999999997,-0.000531,-0.0048515999999999993,0.0063122000000000004,-0.0048611999999999995,0.0023092,0.0022712000000000001,-0.00038519999999999993,-0.0055894000000000004,-0.0023445999999999996,-0.0025772,0.0029676000000000008,-0.0026200000000000008,0.00039199999999999999,0.0088377999999999998,0.0018514,0.00065959999999999988,-0.0042582000000000002,-0.0057345999999999994,-0.005653,-0.0020444,-0.010411200000000001,0.00087599999999999983,0.0027320000000000001,0.0079652000000000004,0.0036439999999999997,-0.010705599999999999,-0.00016059999999999989,0.0044443999999999994,0.0020415999999999998,-0.0033380000000000007,0.0124674,-0.0041007999999999999,-0.0060911999999999997,-0.017818399999999998,-0.0009859999999999999,-0.0048707999999999998,-0.006058,0.0117614,-0.00081100000000000009,-0.0017861999999999997,0.00078739999999999995,-0.0041132000000000009,-0.0028874,0.0037498000000000006,-0.00060840000000000015,-0.0010686000000000001,-0.00081120000000000064,0.00068559999999999997,0.0039242000000000001,-0.0038072000000000002,-0.00011100000000000012,0.0029614000000000008,0.0018774,-0.0017347999999999999,0.00056780000000000003,-1.999999999999371e-07,0.0019095999999999996,-0.0017288,0.00051300000000000022,0.0020582000000000005,-0.0042919999999999998,-0.0015911999999999994,0.0097583999999999987,-0.0003032,0.00022279999999999999,-5.8000000000002494e-06,0.0032193999999999999,-0.0020796,-0.0017556,0.0028951999999999997,-6.8599999999999824e-05,-0.0044050000000000001,-0.00082360000000000029,0.0086370000000000006,-0.0026873999999999999,0.00012959999999999968,0.00036800000000000005,0.0039824000000000005,-0.0011823999999999997,0.0056090000000000003,-0.0019163999999999997,0.0021083999999999999,-0.0027636000000000006,-3.199999999999991e-05,0.0021894000000000002,-0.017336600000000001,0.0071152000000000003,-0.0024436000000000006,-0.0063652000000000005,-0.0010329999999999996,0.0019141999999999998,-0.0021733999999999998,-0.00036060000000000004,-0.00096279999999999998,-0.003535400000000001,-0.0014984000000000002,0.00082540000000000001,0.00079940000000000002,-0.0016000000000000001,-0.0016914,0.0026156,0.0018256000000000001,-0.00076499999999999995,0.0033582,-0.0026681999999999999,0.0011806000000000002,0.00014559999999999996,0.00072159999999999933,-0.0035986000000000004,0.0028596000000000008,0.0020954000000000003,0.0044026000000000004,0.00067059999999999971,-0.0063377999999999993,0.00045760000000000006,-0.00093100000000000062,-0.0021720000000000003,0.0042529999999999998,0.0042420000000000001,0.0066832000000000003,0.0072537999999999995,-0.0033187999999999998,-0.00052540000000000009,-0.0032782000000000002,-0.0031127999999999998,0.0078306000000000001,-0.0054448000000000005,0.0024268000000000002,0.0027446000000000007,-0.00040799999999999973,-0.0033639999999999998,-0.0013983999999999999,-0.0074993999999999998,0.0049616,-0.0035758000000000001,-0.00064220000000000011,-0.00036819999999999995,-0.0032812000000000002,5.6200000000000607e-05,0.00017000000000000001,-0.0060937999999999999,-0.0035027999999999995,0.0045149999999999999,-0.00043180000000000041,0.0010381999999999995,-0.0097945999999999988,0.0014704,-0.00091120000000000003,0.0010048000000000001,0.00039060000000000017,-0.0011142000000000001,-0.00048119999999999993,-0.00099620000000000004,0.0025902,-0.00090080000000000021,-0.0035605999999999997,0.0010633999999999999,0.00028299999999999994,0.0001356000000000001,8.0400000000000003e-05,-0.0010914000000000002,0.0021533999999999998,0.00034940000000000004,0.0010234,0.0039639999999999996,-0.0012964000000000001,0.00037100000000000002,0.00076639999999999987,0.0023549999999999999,1.0600000000000149e-05,-0.0022412,0.0016472000000000006,0.00061820000000000006,0.0029461999999999999,-0.0001382,-0.0012906000000000003,-0.00036019999999999997,-0.0023283999999999996,-0.0013875999999999999,-0.0017370000000000003,-0.0020009999999999997,0.00010719999999999981,0.00025660000000000011,-0.0017084000000000005,0.0030782000000000001,-0.0026624000000000001,0.0018522000000000002,-0.0017964000000000001,-0.00027420000000000005,-0.0014458000000000003,0.00063119999999999995,0.0001294,-0.0025210000000000007,0.0015910000000000002,0.0020522000000000001,-0.0021657999999999998,-0.0036074000000000002,0.0030362000000000006,-0.0018250000000000002,-0.0054267999999999999,0.0026628000000000003,-0.0056156000000000001,0.0062054000000000007,0.0015127999999999999,0.00077859999999999995,0.011933800000000001,-0.0021818000000000002,0.0051242000000000006,-0.0027907999999999995,-0.0061469999999999997,0.00054740000000000019,0.00032260000000000004,0.0015447999999999998,0.0013851999999999996,0.00012260000000000005,-0.00079199999999999995,-0.0017282,-0.00063840000000000023,-0.000446,-0.00067299999999999999,1.9599999999999989e-05,-0.0018569999999999999,-0.00064760000000000024,-0.0017738000000000003,-0.00076520000000000017,-0.0027128,0.001029,-0.0026627999999999999,0.0047349999999999996,-0.00050099999999999993,0.0021262000000000004,-0.00083219999999999985,-0.0019562,-0.0014031999999999998,9.7599999999999987e-05,-0.00029499999999999996,-0.00047659999999999993,0.0011303999999999999,-0.00045140000000000002,0.0038900000000000002,-0.0019056000000000003,0.0015114000000000002,-0.00024340000000000017,0.00096619999999999985,0.0016397999999999999,0.0029404000000000001,0.0043220000000000003,-0.0016548000000000001,0.00085839999999999983,-0.0013849999999999999,-0.0013490000000000002,-0.0031793999999999998,-0.0010165999999999999,0.00047599999999999986,0.0003876000000000001,-0.0033660000000000001,-0.00072859999999999993,-0.00097060000000000028,-0.0014996,0.00082459999999999999,-0.0016671999999999998,0.00076579999999999997,0.0020667999999999997,-0.0021216000000000004,-0.0012384,0.00075900000000000002,-0.0037241999999999996,0.0023612000000000004,-0.00050979999999999992,0.00031179999999999988,0.0047124000000000003,-0.0016905999999999998,-0.00096279999999999998,-0.0032496000000000001,-0.0013990000000000005,-0.0016385999999999996,-0.0031275999999999999,0.0028139999999999997,-0.0016933999999999999,0.00036379999999999995,0.0007231999999999998,-0.00032439999999999997,0.00050080000000000003,-0.00057379999999999996,-0.00012879999999999999,0.00040539999999999999,0.0016850000000000001,0.0017589999999999999,-0.00065459999999999997,-0.0014450000000000001,0.0015073999999999999,0.00073539999999999988,-0.00045580000000000002,-0.000562,0.0029296000000000001,-0.00062180000000000004,0.00068280000000000001,2.9600000000000069e-05,-0.00028839999999999991,-0.0022020000000000004,-0.00092120000000000027,-0.0020202000000000002,0.0022865999999999997,-0.0011970000000000001,-0.00024420000000000008,0.0014867999999999999,-0.0020346000000000001,0.00057039999999999999,-0.0028866,-0.00068940000000000006,0.0006374000000000001,0.0010591999999999999,-0.00086340000000000006,0.0039408000000000004,-0.0012732000000000004,0.0022894,8.7000000000000001e-05,-0.00063500000000000004,-0.0002698,0.0033414,0.0021497999999999999,0.0028984000000000002,-0.00065219999999999992,-0.00032419999999999975,0.0043086000000000001,-0.0032674000000000002,-0.0015185999999999997,-0.0030282000000000004,-0.00081240000000000001,-0.00022340000000000006,0.0015110000000000002,-0.001206,0.0041371999999999997,0.0002457999999999999,-0.0013787999999999999,0.00015499999999999997,-0.0038844000000000005,0.000968,-0.0011962000000000001,0.0019821999999999999,0.0041060000000000003,-0.0026880000000000003,-0.0022983999999999999,0.0029809999999999993,-0.0052214000000000002,0.0034161999999999999,-0.00024879999999999987,0.00068539999999999985,0.0080455999999999982,-0.0039681999999999999,-0.0004364000000000002,-0.00097340000000000013,-0.0050329999999999993,0.0018154
aug_between_class_right_pair0034_child08,TLE,1,1,Augmented,0,0,0,0,0,0.27043539999999999,2.0792328000000002,-9.999999999999989e-08,-9.9999999999999995e-07,0,0.89057019999999998,0,0.055857199999999996,-0.1483333,0.0293689,0.12594169999999999,-0.12580180000000002,0.1065311,-0.022781300000000001,-0.013302999999999995,-0.00039779999999999677,-0.11155870000000001,0.3964741,-0.086063200000000006,-0.0023403999999999994,0.070953800000000011,0.00063290000000000004,-0.0150489,-0.0014560000000000003,-0.036907700000000002,0.039893900000000003,0.013189299999999998,-0.062972500000000001,-0.0080781000000000013,-0.081906300000000001,0.0071303,0.030049799999999998,-0.036299499999999998,0.015456300000000001,0.0052169,-0.050636899999999999,0.031465100000000003,-0.069688799999999995,-0.012740500000000002,0.1182175,-0.016650299999999996,0.19791400000000001,-0.051427899999999999,0.0106943,-0.012516599999999999,-0.0098709000000000002,-0.0092184000000000016,0.0072765999999999994,0.039419300000000004,-0.0025555999999999999,-0.0031942999999999997,-0.017312999999999999,-0.0234545,0.010024,0.038543300000000003,0.026993799999999998,0.0112523,-0.024024700000000003,-0.0065304999999999998,0.0063773000000000007,-0.025085099999999996,-0.0008990999999999999,0.013764200000000001,0.0029115999999999999,0.0319913,-0.083052899999999999,-0.0149079,-0.036713699999999995,-0.0021028999999999978,0.0084469999999999996,0.0010512000000000002,0.0013519000000000003,0.016567800000000001,0.0039017000000000001,0.0086228999999999993,-0.010942400000000001,0.0125446,0.0086502000000000002,-0.0016344000000000003,0.0057792,0.0040897999999999993,-0.015450800000000001,0.0075648,0.00076329999999999974,0.0091863999999999991,-0.0022679999999999992,-0.018841800000000002,0.018561600000000001,-0.019017599999999999,-0.0060452000000000006,-0.017456099999999999,-0.0073306000000000005,-0.00082670000000000009,-0.0042766999999999996,-0.0102626,0.013003399999999998,-0.0091476999999999999,-0.011594800000000001,0.0125115,-0.0085824000000000004,0.021741300000000002,0.010209799999999998,0.0011377000000000002,0.0032886999999999999,-0.0021511,-0.0072603999999999993,0.0110463,-0.0053720999999999994,-0.0044212999999999995,-0.0032807999999999999,0.0038644999999999999,-0.0047990999999999997,-0.0083046000000000005,0.011805299999999999,0.018183999999999999,0.0049248,0.0031051999999999998,0.0084981999999999992,-0.010193799999999999,0.00084619999999999921,-0.0037491999999999998,0.013409000000000001,-0.0071453999999999997,-0.0083920999999999996,0.0093176999999999982,-0.0062886999999999995,-0.0031489999999999999,-0.0075963000000000003,-0.0039357000000000003,-0.0010118000000000002,4.4799999999999354e-05,-0.0049980000000000007,-0.0089607999999999997,-0.024244100000000001,0.0020531999999999998,-0.0027003000000000001,-0.00097720000000000098,0.0054435000000000004,-0.0033324000000000006,0.0048539000000000004,0.0034578999999999999,-0.0043070000000000001,0.0036724999999999991,-0.0014174999999999999,0.00042779999999999999,-0.0025874000000000001,-0.00029639999999999983,0.004486200000000001,-0.00060099999999999997,-0.0048392999999999995,0.0066896000000000004,-0.0055756,0.0024796000000000002,0.0024905999999999999,-0.00040859999999999996,-0.0055092000000000006,-0.0019332999999999998,-0.0023290999999999997,0.0036503000000000004,-0.0022015000000000003,0.0007025,0.0089008999999999998,0.0016551999999999999,0.00053229999999999998,-0.0040961000000000001,-0.0054843000000000001,-0.0053175000000000002,-0.0019181999999999999,-0.010589599999999999,0.00060300000000000024,0.0029164999999999998,0.0075776000000000003,0.0031865000000000001,-0.010774799999999999,0.00022070000000000011,0.0043482,0.0014097999999999999,-0.0038499999999999993,0.0130017,-0.0041413999999999999,-0.0074660999999999998,-0.018767699999999998,-0.001108,-0.0050803999999999997,-0.0063374999999999994,0.013120699999999999,-0.0012445000000000002,-0.0013455999999999997,0.00053969999999999995,-0.0043435999999999995,-0.0030597000000000003,0.0041724000000000006,-0.00097570000000000003,-0.0010508000000000002,-0.00069560000000000064,0.00052329999999999998,0.0037495999999999996,-0.0038700999999999996,-0.00030400000000000013,0.0033862000000000007,0.0020831999999999995,-0.0018878999999999996,0.0007813999999999998,0.00027090000000000003,0.0017182999999999996,-0.0018069,0.000629,0.0023506,-0.0045370000000000002,-0.0010710999999999997,0.010114699999999999,-0.00041759999999999974,0.00018589999999999991,1.359999999999968e-05,0.0029151999999999997,-0.0020083000000000002,-0.0011597999999999999,0.0030176000000000001,0.00061669999999999997,-0.0046510000000000006,-0.0012013000000000006,0.0086254999999999995,-0.0026477000000000002,0.00023879999999999995,0.00024749999999999989,0.0037792000000000004,-0.00070570000000000008,0.0059585000000000003,-0.0025902,0.0017776999999999999,-0.0030027999999999999,-2.9999999999997477e-06,0.0024461999999999999,-0.017009299999999998,0.0072426000000000001,-0.0026798000000000004,-0.0071625999999999999,-0.00070549999999999953,0.0019740999999999999,-0.0022487000000000002,-0.00042830000000000006,-0.00099189999999999999,-0.0039127000000000007,-0.0018331999999999997,0.0011437000000000001,0.00099520000000000012,-0.0017335000000000002,-0.0014881999999999999,0.0026127999999999998,0.0017077999999999998,-0.00049149999999999997,0.0035885999999999999,-0.0025401,0.0018807999999999997,0.00013779999999999999,0.00024179999999999948,-0.0040143000000000002,0.0031768000000000005,0.0023611999999999999,0.0044018,0.00050729999999999981,-0.0063043999999999999,0.00043080000000000017,-0.0012400000000000004,-0.0021450000000000002,0.0042040000000000003,0.0045649999999999996,0.0066765999999999995,0.0077023999999999999,-0.0036474000000000003,-0.0010787000000000001,-0.0032066,-0.0028533999999999999,0.0078552999999999991,-0.0061343999999999999,0.0026488999999999996,0.0032743000000000004,-0.00023300000000000035,-0.0033825000000000001,-0.0010786999999999999,-0.0078147000000000008,0.0045792999999999997,-0.0035439,-0.00066160000000000004,-0.00042009999999999986,-0.0030220999999999998,9.2600000000000408e-05,0.00015900000000000007,-0.006142400000000001,-0.0039489,0.0047959999999999999,-0.00094740000000000015,0.00046459999999999948,-0.0091717999999999991,0.0013156999999999999,-0.00093960000000000007,0.0012783999999999998,0.0005683000000000001,-0.0015866000000000001,-0.00058109999999999998,-0.0011796,0.0028560999999999999,-0.0010869000000000005,-0.0040312999999999998,0.0011542,0.00023499999999999997,0.00024279999999999999,9.7199999999999761e-05,-0.0012412,0.0022016999999999996,0.00037120000000000013,0.00093369999999999998,0.0039969999999999997,-0.0016462,0.00042750000000000015,0.0011822,0.0025395000000000001,3.6299999999999744e-05,-0.0023901,0.0019145999999999998,0.00075760000000000009,0.0032391,0.00023939999999999986,-0.0015293000000000004,0.00027639999999999956,-0.0024981999999999999,-0.0012477999999999999,-0.0019345000000000002,-0.0018395,-0.00034340000000000011,0.00037630000000000004,-0.0020842,0.0029391,-0.0027512000000000001,0.0019696000000000002,-0.0020346999999999995,-0.00065209999999999997,-0.0013749000000000003,0.00063809999999999995,9.8199999999999243e-05,-0.003032,0.0020680000000000013,0.0023160999999999998,-0.0022798999999999996,-0.0037912000000000002,0.0032946,-0.0027064999999999997,-0.0053219000000000001,0.0028399000000000002,-0.0062883000000000001,0.0068231999999999989,0.0021419000000000004,0.00060280000000000002,0.011826400000000001,-0.0022874000000000002,0.0059180999999999999,-0.0033734000000000012,-0.0061519999999999995,0.00064470000000000022,0.00029980000000000002,0.0017353999999999998,0.0012280999999999998,0.00030130000000000011,-0.00069099999999999999,-0.0018526,-0.00083370000000000015,-0.0003545,-0.00068599999999999987,2.8799999999999995e-05,-0.0021164999999999999,-0.00075080000000000014,-0.0019969000000000002,-0.0012670999999999997,-0.0026454,0.0012355000000000001,-0.0026928999999999998,0.0050650000000000001,-0.0005555,0.0021731000000000003,-0.0010760999999999995,-0.0020466,-0.0012560999999999998,0.00011129999999999972,-0.0002655,-0.00029529999999999997,0.00084669999999999993,-0.00047620000000000003,0.0037575,-0.0021488000000000002,0.0017481999999999999,-0.00029620000000000015,0.0009096000000000001,0.0016279000000000003,0.0030792000000000003,0.0045985000000000002,-0.0016018999999999999,0.00059069999999999978,-0.001356,-0.001374,-0.0031121999999999999,-0.00081930000000000002,0.00034499999999999993,0.00069480000000000019,-0.0033284999999999999,-0.00094880000000000008,-0.0011498000000000001,-0.0016168000000000001,0.00067679999999999997,-0.0013766,0.00076790000000000007,0.0021094,-0.0024808000000000005,-0.0011641999999999998,0.0010270000000000001,-0.0042835999999999994,0.0026711,-0.00043039999999999984,0.00015389999999999978,0.0048142000000000002,-0.0015857999999999998,-0.00076639999999999976,-0.0032038000000000001,-0.0019565000000000003,-0.0014723000000000002,-0.0036797999999999996,0.0023314999999999998,-0.0014771999999999999,0.00020189999999999997,0.00072510000000000001,-0.00026669999999999998,0.00023690000000000001,-0.00055239999999999998,-0.00019339999999999998,0.00046520000000000003,0.001864,0.0018089999999999998,-0.00053679999999999993,-0.0017565,0.0015261999999999999,0.00095670000000000011,-0.00051690000000000004,-0.0005154999999999999,0.0032932999999999999,-0.00065090000000000005,0.00062040000000000001,0.00015680000000000013,-0.00031569999999999998,-0.0021880000000000003,-0.0010431000000000001,-0.0018906000000000001,0.0027198000000000001,-0.0012064999999999997,5.2399999999999973e-05,0.0015424000000000002,-0.0023982999999999999,0.00035119999999999986,-0.0029023,-0.00083570000000000009,0.00072120000000000007,0.00089660000000000022,-0.0010031999999999999,0.0043499000000000003,-0.0014791000000000001,0.0023531999999999997,2.8499999999999988e-05,-0.00066799999999999997,-0.00021839999999999994,0.0034062000000000003,0.0020498999999999999,0.0031327000000000004,-0.00075509999999999987,-3.559999999999989e-05,0.0044218,-0.0029442000000000001,-0.0014197999999999999,-0.0031416,-0.00070419999999999999,-0.00032270000000000004,0.001709,-0.0012340000000000001,0.0043705999999999997,0.00040089999999999993,-0.0014229000000000004,4.0499999999999954e-05,-0.0037802000000000001,0.00072350000000000008,-0.0012646000000000001,0.0018805999999999998,0.0040750000000000005,-0.0027464999999999998,-0.0022027000000000001,0.0025499999999999997,-0.0054762000000000005,0.0033196000000000002,-0.00037090000000000007,0.00041019999999999983,0.0087977999999999997,-0.0038206000000000004,-0.00079670000000000023,-0.0010472000000000001,-0.00528,0.0017842000000000001
aug_between_class_right_pair0035_child01,Healthy,0,0,Augmented,0,0,0,0,0,0.3605952,2.0414227999999999,8.9999999999999996e-07,-1.1000000000000001e-06,9.0000000000000007e-07,1.0572558000000001,0,0.068811399999999995,-0.14326830000000002,0.0249909,0.093380000000000005,-0.084006899999999995,0.097880700000000001,-0.0069381999999999994,0.012753700000000001,-0.0275392,-0.1355903,0.34954289999999999,-0.058386999999999994,-0.032394800000000001,0.1055014,-0.015656799999999998,-0.0063630000000000006,-0.0066186000000000005,-0.057579699999999998,0.028847700000000004,0.051899100000000004,-0.0052021999999999971,0.0019365000000000001,-0.074365299999999995,0.021729700000000001,0.034667299999999998,-0.006249300000000001,0.00014439999999999939,0.011485,-0.044796699999999995,0.038206199999999996,-0.045348800000000002,-0.091006799999999999,0.0790825,-0.044876899999999997,0.1993394,-0.054779899999999999,0.014896700000000002,-0.002029,-0.0062445000000000001,-0.012463999999999999,0.0069252000000000011,0.025430299999999999,0.0015612,-0.0057843,-0.0044644999999999997,-0.034783099999999997,0.0146952,0.019970399999999999,0.018340599999999999,0.0312191,-0.0075066999999999998,0.0040901999999999996,0.016997599999999998,-0.0530394,-0.0013665000000000001,-0.002680800000000001,-0.0046010000000000001,0.032794900000000002,-0.082160399999999995,0.0045326000000000012,-0.011212699999999999,-0.054562199999999998,0.0058595000000000001,0.0014145999999999998,-0.0014194999999999998,0.0156025,0.0062145999999999998,0.0097243,0.0056513000000000032,0.0077928000000000008,0.0010991999999999998,0.0010990000000000006,-0.0014402,0.0097090000000000006,-0.0236882,0.0057591999999999999,0.010931999999999999,0.0087000999999999988,-0.0065529000000000004,-0.023498000000000002,0.023391100000000001,-0.022415600000000001,-0.0064834999999999997,-0.00093849999999999966,-0.0026655999999999997,0.012614300000000002,-0.0144061,0.0031193999999999996,0.0015100999999999995,-0.0145322,0.0094281,0.037054900000000002,-0.0015065000000000009,0.015960499999999999,-0.0090157999999999992,0.0115482,0.0019886000000000001,-0.0020836000000000001,-0.0109309,0.0155461,0.002539099999999999,-0.0044248999999999998,-0.00034650000000000002,0.00095890000000000038,-0.00045919999999999989,-0.0046915000000000004,0.0015479999999999999,0.016864899999999999,0.0018529,0.0039798999999999998,0.0105548,-0.0081690000000000009,0.0039896000000000003,-0.0107616,0.0068653999999999998,0.0042190999999999999,-0.0060143999999999996,0.0076057999999999994,0.0055914999999999992,0.0055466000000000005,-0.0102515,-0.0057718999999999999,0.0063293000000000004,0.0095758000000000006,0.0022824999999999998,-0.0025747999999999999,-0.0102971,-0.015097899999999999,-0.0093880000000000005,-0.0058928000000000001,-0.0081849000000000019,0.0027078000000000002,-0.0106867,0.012005800000000002,-0.00086240000000000036,0.0032021000000000007,0.0015978000000000001,0.00087070000000000008,0.0034425999999999997,0.0012351,-0.0023412999999999997,0.0010544999999999999,-0.0021230999999999997,0.0014920000000000001,-0.0045480000000000017,8.0699999999999956e-05,-0.0028939000000000009,-0.00087239999999999985,-0.0014690999999999999,-0.0010099,2.2600000000000007e-05,-0.0096533000000000001,-0.0062996000000000007,-0.0017288999999999998,0.0042147,0.0030868000000000002,0.0038035999999999999,-0.0050293999999999998,0.001428,-0.0097345999999999995,-0.0034721000000000001,-0.0038115999999999992,-0.00044130000000000037,0.010849599999999999,0.0056193000000000007,0.012156400000000001,-0.0054580000000000002,0.0047524999999999998,0.0079290000000000003,0.011333500000000002,0.0011774000000000001,0.0134523,-0.0039337999999999994,0.0036979999999999999,-0.019148200000000001,-0.0126585,0.0047618000000000001,-0.0144758,0.0092020999999999995,0.0033429000000000002,0.0010307000000000003,0.0017166999999999998,-0.0043219,-0.0024256,0.0018504000000000001,0.00057609999999999996,-0.0011824000000000001,-0.0020800999999999997,8.640000000000004e-05,-0.00043310000000000006,-0.0042495999999999992,0.0049331999999999996,-0.0019713,0.0019703999999999998,-0.0024686,0.00060310000000000008,-0.0020038,-0.0014739000000000002,-0.0020636000000000001,0.0007266000000000001,0.00071210000000000002,-0.00091540000000000002,-0.0035331,0.0019229999999999998,0.0079462000000000005,-0.0027720000000000002,0.0014453999999999999,0.0054717000000000003,0.0039851000000000001,-0.00027970000000000002,0.0087142000000000001,-0.0035777000000000005,0.00093030000000000022,-0.00041810000000000003,0.0019942999999999992,0.0027617000000000006,-0.0021781999999999999,0.0046430999999999998,0.0052414999999999996,-0.0015045,-0.0028859000000000011,0.0041561999999999997,-0.0086956000000000012,0.0035465999999999996,-0.0058665999999999996,0.0090568999999999997,0.0063815000000000018,0.0046131999999999996,-0.0021424999999999994,-0.015706000000000005,-0.00088140000000000007,0.0016884999999999999,-0.0006804999999999999,-1.9999999999997776e-07,-0.0045107000000000003,-0.0018311,0.00075620000000000006,-6.4600000000000012e-05,8.6399999999999986e-05,-0.0016214999999999999,-0.0021051999999999998,0.0014910000000000001,0.00098919999999999998,0.0013638999999999999,-0.0013489000000000001,-0.0028714999999999999,0.00016650000000000001,0.00014810000000000002,0.0037509000000000002,-0.0021505000000000001,0.00094470000000000003,-0.00048140000000000032,0.0024267999999999998,0.0019534000000000001,-0.0037379000000000002,-0.00017080000000000003,-0.0027102000000000003,-0.0010953000000000002,-0.00028440000000000008,0.0013052999999999997,-0.00067160000000000006,0.0028101999999999997,0.0030326999999999997,-0.0015495000000000001,-0.0047601000000000006,-0.0012723999999999999,0.0086739,-0.0019056000000000003,0.0019339000000000001,0.0036455000000000003,0.0080397999999999997,-0.0062691999999999999,-0.0036833999999999999,-0.00074070000000000039,-0.0026738,0.0013008,0.0089723999999999984,-0.0028054999999999998,0.0022663000000000002,0.0028184000000000017,-0.00071089999999999977,-0.0022101999999999998,-0.0057590000000000002,0.015319000000000001,-0.00033000000000000022,0.0044088,-0.0025987000000000007,0.0030225,-0.0010549999999999999,-0.00084650000000000003,0.0016585999999999997,0.0014945,0.0028600999999999995,0.0014544,0.00051909999999999999,0.0017056999999999999,-0.0013554000000000001,0.0019263000000000001,0.0014932999999999999,-0.0016603,0.0027077,-6.4800000000000003e-05,-0.0001077,-0.0009345,0.0006177,-0.0026262999999999998,-0.0013914000000000003,-0.0004215,0.00056430000000000011,-0.00094219999999999992,0.0014789000000000002,-0.0022704999999999999,-0.00026880000000000003,0.0013692999999999999,-0.0028666000000000004,0.0016182000000000002,-0.0017669000000000001,0.00079010000000000018,0.00050559999999999971,-0.0020641000000000001,0.00032009999999999981,-0.0027496999999999999,-0.0009389,0.00070669999999999999,-0.0036036999999999992,0.0050228000000000009,-0.0031830000000000001,-0.0040023999999999997,0.0015589000000000002,0.0052892000000000008,-0.00045119999999999996,0.0011907,0.0049800000000000001,0.0048398,0.00054129999999999977,-0.0017823000000000001,0.0021545000000000002,-0.0049110999999999998,0.0015018000000000002,3.3499999999999676e-05,-0.00033389999999999982,0.0063938000000000007,-0.0030385,-0.00073169999999999995,0.0017217000000000001,0.0016806,-0.0038244000000000021,0.0032478000000000003,0.0023421000000000002,0.0102889,-0.0086951000000000007,0.0010985000000000001,-0.00017010000000000001,0.00020209999999999998,0.0011140999999999998,-0.00029359999999999998,-0.0013173,-0.00090759999999999994,-0.0014227999999999999,-0.0013146999999999998,-0.0013719000000000001,0.00036170000000000001,0.0001986999999999999,0.0015057,0.0018187000000000001,0.0041337000000000006,-0.0016025,-0.0020514000000000005,-0.00034179999999999974,0.0011864,0.0014248000000000002,0.00032400000000000007,0.00073030000000000002,0.0010595000000000001,-0.0016640000000000001,-0.0037747000000000006,-0.0017225999999999997,-0.0021622,0.0018319999999999999,-0.0010942,0.0020267000000000002,-0.0011394,0.0016396999999999994,-0.00034639999999999996,-0.00072139999999999997,0.00087450000000000006,0.00017360000000000005,0.00083330000000000025,0.0014024000000000003,0.0038005000000000001,-0.00071029999999999997,-0.0014081,-0.0045580999999999998,0.0002319,5.0299999999999976e-05,-0.0054936999999999998,-0.0011662999999999999,-0.0016691999999999998,0.0051308999999999999,-0.00022459999999999993,-0.0015226000000000003,-0.0012775999999999998,-0.0007899999999999999,0.00045469999999999929,0.00058280000000000029,-0.00017070000000000003,0.0028703999999999995,-0.00022840000000000002,-0.0042214000000000002,0.0049137,-0.0011243000000000004,0.0040458000000000004,0.0039743000000000018,0.0016039000000000001,0.0046840000000000007,-0.0086233999999999998,0.00098820000000000006,-0.0037140000000000003,-0.0040432000000000003,0.0045218000000000003,-0.00027389999999999999,0.00080690000000000015,-8.1299999999999862e-05,-0.0003615,-0.0009146,-0.00094109999999999994,0.00044789999999999999,-1.0999999999999942e-05,-0.00081690000000000018,0.00086330000000000022,-0.0017688000000000003,0.0019328000000000001,0.0013503999999999999,-0.0014822000000000001,0.00013800000000000002,0.0017041999999999999,0.0009634,-0.00044210000000000007,-0.00077420000000000006,-0.0010371,0.00027539999999999992,-0.00067770000000000005,-0.00065009999999999992,-0.00072680000000000021,0.00053939999999999999,-0.00077859999999999995,0.00074689999999999999,-0.0026683000000000002,0.00048170000000000005,0.00067190000000000023,0.00068460000000000005,-2.5600000000000012e-05,0.0027462999999999997,-0.00035319999999999991,-0.0010801000000000003,-0.0014593,-0.0038448999999999996,0.0010151000000000001,-0.0038669999999999998,-0.00046780000000000004,-1.5499999999999997e-05,0.0013980000000000002,-0.0001738,0.00094910000000000003,-0.00096860000000000023,0.0022371000000000001,-0.00019299999999999981,-0.0037819000000000004,0.00078860000000000009,-0.00041799999999999997,0.0030938999999999997,0.0011098,0.0011535,0.00062600000000000004,0.0021818000000000002,-0.00085089999999999992,0.00099869999999999994,-0.0017361,-0.0033918999999999998,0.0023392000000000005,-0.0018304999999999999,0.0029468999999999997,-0.0024592999999999998,-0.0042792999999999998,-0.0018147000000000003,-0.00086489999999999994,-0.0044663000000000003,0.0057077000000000004,-0.00074460000000000021,0.0034453999999999999,0.0056245000000000002,-0.0031604000000000003,0.0061926000000000004,-0.0033687999999999999,-0.0020397000000000002
aug_between_class_right_pair0035_child02,Healthy,0,0,Augmented,0,0,0,0,0,0.35679740000000004,2.0370165999999998,7.9999999999999996e-07,-1.1999999999999999e-06,7.9999999999999996e-07,1.0506586,0,0.068606799999999996,-0.14453860000000002,0.025823800000000001,0.095642000000000005,-0.085632799999999995,0.09799540000000001,-0.0069044000000000006,0.0125124,-0.028438399999999999,-0.13426660000000001,0.3508868,-0.057037999999999991,-0.036509600000000003,0.10511280000000001,-0.0161566,-0.007255000000000001,-0.0068822000000000006,-0.056872399999999997,0.0281234,0.053074200000000002,-0.0050803999999999988,0.002666,-0.074538599999999997,0.022495400000000002,0.0343486,-0.0062886000000000001,-0.0011232000000000013,0.012122000000000001,-0.0463084,0.038247400000000001,-0.044522600000000002,-0.093318600000000002,0.080589000000000008,-0.045812800000000001,0.19923480000000002,-0.056005799999999994,0.014525400000000001,-0.002029,-0.0066010000000000001,-0.011998,0.0071554000000000001,0.024119599999999998,0.001107400000000001,-0.0059995999999999999,-0.0045459999999999997,-0.034528199999999995,0.014955400000000001,0.021755799999999999,0.019336199999999998,0.0311122,-0.0082014000000000011,0.0032854,0.016810199999999997,-0.052768800000000005,-0.0014570000000000004,-0.0026536000000000003,-0.0048449999999999995,0.032862799999999998,-0.081452799999999992,0.0030982000000000023,-0.011018400000000001,-0.054550399999999999,0.0070830000000000008,0.0011942000000000003,-0.0012479999999999998,0.015622,0.0064441999999999998,0.0094796000000000012,0.0062266000000000023,0.0081986000000000003,0.0010683999999999997,0.0023210000000000006,-0.0013004000000000002,0.0094940000000000007,-0.023477400000000002,0.0056373999999999999,0.010963000000000001,0.0085561999999999999,-0.0057187999999999996,-0.023172000000000002,0.022278200000000001,-0.022378200000000001,-0.0064469999999999996,-0.0017859999999999994,-0.0024881999999999999,0.011493600000000001,-0.013100200000000001,0.00080179999999999921,0.0021171999999999996,-0.014223400000000001,0.0075432000000000008,0.037290799999999999,-0.0021940000000000006,0.016871999999999998,-0.0087226000000000005,0.0108454,0.0019201999999999999,-0.0021472000000000002,-0.010656799999999999,0.014777200000000001,0.0023461999999999997,-0.0054397999999999998,-0.00039600000000000003,0.0010727999999999996,-0.00065439999999999986,-0.0047819999999999998,0.0016059999999999998,0.016686800000000002,0.0019298,0.003969799999999999,0.010554600000000001,-0.0080270000000000011,0.0033052000000000003,-0.010288200000000001,0.0066007999999999995,0.0039532000000000005,-0.0063768000000000002,0.0083116000000000006,0.0050949999999999988,0.0048941999999999996,-0.0096679999999999995,-0.0061078,0.0060486000000000003,0.0095206000000000006,0.0022230000000000001,-0.0010396000000000003,-0.010261199999999998,-0.0143708,-0.0093190000000000009,-0.0069125999999999996,-0.0081998000000000019,0.0023546000000000001,-0.010906400000000002,0.0116956,-0.00097879999999999994,0.0032371999999999995,0.0015295999999999999,0.00098940000000000009,0.0028952000000000001,0.0010042,-0.0015145999999999996,0.001196,-0.0021722,0.0017879999999999999,-0.0042530000000000016,0.00020939999999999999,-0.0027938000000000012,-0.00093380000000000004,-0.0021242000000000001,-0.0014858,-0.00014880000000000015,-0.0092085999999999991,-0.0065652000000000002,-0.0023017999999999997,0.0048333999999999998,0.0026046000000000003,0.0035502000000000003,-0.0048698000000000005,0.0017890000000000002,-0.0097611999999999994,-0.0033582000000000004,-0.0042562000000000008,0.00056839999999999929,0.0098792000000000012,0.0043116000000000005,0.0115928,-0.0058709999999999995,0.0043960000000000006,0.0069199999999999999,0.011394000000000001,0.0018008,0.013690600000000001,-0.0036685999999999997,0.0029580000000000006,-0.017977400000000001,-0.012589000000000001,0.0041126000000000001,-0.0140816,0.0088932000000000004,0.0028818000000000003,0.00066940000000000012,0.0014403999999999999,-0.0043598000000000005,-0.0022572,0.0021748000000000002,0.0004752,-0.0011688,-0.0019391999999999996,-0.00012620000000000003,-0.0003962000000000002,-0.0039011999999999996,0.0047424000000000008,-0.0015125999999999998,0.0022237999999999997,-0.0022612000000000005,0.00079519999999999992,-0.0019206000000000004,-0.0012638000000000003,-0.0019372,0.00093219999999999989,0.00064919999999999995,-0.0010047999999999999,-0.0033432000000000002,0.0019969999999999996,0.0076544000000000004,-0.002601,0.00089379999999999993,0.0052653999999999999,0.0034032000000000003,0.00019560000000000009,0.0085963999999999988,-0.0037344000000000001,0.00065660000000000024,-0.00022820000000000023,0.0023486000000000002,0.0017054000000000004,-0.0028473999999999999,0.0052022000000000006,0.0051129999999999995,-0.0014839999999999999,-0.0019507999999999999,0.0033143999999999999,-0.0081902000000000016,0.0033612,-0.0062881999999999999,0.0094947999999999994,0.0049590000000000033,0.0048433999999999994,-0.0015669999999999989,-0.016029000000000002,-0.00091379999999999977,0.0017239999999999998,-0.00049299999999999984,0.00017660000000000006,-0.0039513999999999999,-0.0022832,0.0010354000000000001,-0.00018020000000000002,-3.9200000000000031e-05,-0.0015639999999999999,-0.0019243999999999999,0.0013320000000000001,0.0011604000000000005,0.0010847999999999999,-0.0012878,-0.0031250000000000002,7.4000000000000037e-05,0.00011620000000000002,0.0037858000000000002,-0.0020430000000000001,0.0011404,-0.00053580000000000012,0.0020956000000000004,0.0021248,-0.0040058000000000003,0.00018439999999999993,-0.0025554000000000002,-0.0013066,-0.0002588,0.0022885999999999996,-0.0011831999999999999,0.0028013999999999999,0.0031293999999999996,-0.0013129999999999999,-0.0053552000000000009,-0.00094880000000000008,0.0085918000000000001,-0.0015632000000000003,0.0018958,0.0036509999999999997,0.0075106000000000001,-0.0065874000000000002,-0.0037018000000000003,-0.0014144000000000001,-0.0025016000000000001,0.0011886000000000002,0.0090518000000000005,-0.0028990000000000001,0.0017456000000000004,0.0021608000000000005,-0.0010197999999999997,-0.0030634,-0.0056710000000000016,0.015509000000000002,-0.00052400000000000016,0.0047705999999999998,-0.0026644000000000008,0.0027210000000000003,-0.0011410000000000001,-0.00074300000000000006,0.0015352,0.0013779999999999999,0.0029862000000000001,0.0010768000000000002,0.00064119999999999997,0.0017944,-0.0013338,0.0019155999999999999,0.0012996000000000001,-0.0014306,0.0025674000000000001,7.9399999999999951e-05,6.8600000000000041e-05,-0.00076900000000000015,0.00075139999999999983,-0.0023845999999999997,-0.0012938000000000001,-0.00067499999999999993,0.00054660000000000006,-0.00045740000000000006,0.0012188000000000001,-0.0021220000000000002,-0.00026960000000000005,0.0012026000000000001,-0.0027392000000000007,0.0011354000000000004,-0.0015378000000000004,0.0011222000000000003,0.0003702,-0.0016512000000000002,0.00047820000000000024,-0.0029724,-0.00065779999999999994,-5.560000000000005e-05,-0.0035213999999999996,0.0048436,-0.003163,-0.0037828000000000002,0.0014038,0.0046484000000000004,-0.00042939999999999997,0.0011144,0.0046730000000000001,0.0043736000000000001,0.00067060000000000015,-0.0011366000000000002,0.0018210000000000004,-0.0051051999999999998,0.0018086000000000003,0.00030099999999999984,-0.00052279999999999991,0.0061726000000000003,-0.0027259999999999997,-0.0012643999999999997,0.0015864000000000004,0.0020772000000000004,-0.0032118000000000008,0.0029096000000000009,0.0022201999999999999,0.010012800000000001,-0.0084121999999999999,0.0010120000000000001,-0.0001582,0.00025719999999999996,0.0011111999999999999,-0.00053019999999999999,-0.00095759999999999986,-0.00084920000000000004,-0.0014176000000000002,-0.0012283999999999999,-0.0015158000000000001,0.0003144,0.00012640000000000004,0.0013614,0.0017204000000000002,0.0039194,-0.001516,-0.0020528000000000005,-0.00055659999999999987,0.0011397999999999998,0.0015796000000000004,0.00021899999999999996,0.00076360000000000002,0.0010669999999999998,-0.00149,-0.0033514000000000009,-0.0014601999999999998,-0.0021604000000000003,0.0016849999999999999,-0.00097140000000000008,0.0018384,-0.0012618,0.0013163999999999999,-0.00028880000000000008,-0.00079080000000000003,0.0011420000000000002,0.0001362,0.0011006000000000002,0.0012288000000000004,0.0039950000000000003,-0.0005176,-0.0019022000000000002,-0.0044662,0.00030480000000000009,-0.00037340000000000029,-0.0051584000000000005,-0.00062560000000000003,-0.0015073999999999999,0.0048567999999999997,-0.00057920000000000009,-0.0012032000000000002,-0.0016551999999999999,-0.00073499999999999954,0.00094339999999999962,0.00060460000000000006,0.00019060000000000008,0.0026577999999999997,-0.00021080000000000003,-0.0039418000000000005,0.0047744000000000007,-0.0014475999999999998,0.0037215999999999998,0.0037926000000000014,0.0019198000000000002,0.0043670000000000011,-0.0086847999999999995,0.0010154000000000001,-0.0038290000000000004,-0.0035213999999999987,0.0039046000000000003,-7.5800000000000054e-05,0.00072580000000000019,-0.00020459999999999999,-0.00042699999999999997,-0.00041920000000000016,-0.0010582,0.00043179999999999998,2.2000000000000047e-05,-0.00059180000000000018,0.00064159999999999998,-0.0017986000000000002,0.0018636,0.0010658,-0.0014724000000000002,0.00037800000000000008,0.0015074000000000001,0.00096179999999999996,-0.00040920000000000008,-0.00078240000000000004,-0.0010632,-1.0200000000000031e-05,-0.00046739999999999998,-0.0006332,-0.00048660000000000034,0.00056480000000000007,-0.00071919999999999992,0.0005888,-0.0023466000000000003,0.00027040000000000001,0.00078380000000000008,0.0005482000000000001,-3.9200000000000011e-05,0.0025526000000000004,-0.00031639999999999988,-0.0010902000000000006,-0.0016626000000000002,-0.0036608000000000001,0.00085720000000000013,-0.0036709999999999998,-0.00042060000000000003,0.00012800000000000002,0.0013920000000000002,-0.00028360000000000017,0.0010882000000000001,-0.00082420000000000019,0.0022382000000000001,-0.00046099999999999982,-0.0034548000000000001,0.00081320000000000003,-0.00060000000000000006,0.0029738000000000004,0.0012106,0.0010330000000000001,0.00055099999999999995,0.0018906000000000001,-0.0010918,0.0010814000000000002,-0.0019712000000000002,-0.0031107999999999999,0.0024134000000000004,-0.001884,0.0031308,-0.0025935999999999997,-0.0041025999999999996,-0.0017253999999999998,-0.0008028,-0.0046496000000000003,0.0053834,-0.00076219999999999999,0.0040098,0.005359,-0.0031148,0.0061852000000000009,-0.0038176,-0.0016854000000000003
aug_between_class_right_pair0035_child03,Healthy,0,0,Augmented,0,0,0,0,0,0.35299960000000002,2.0326103999999998,6.9999999999999997e-07,-1.2999999999999998e-06,6.9999999999999986e-07,1.0440613999999999,4.1359030627651384e-25,0.068402199999999996,-0.14580890000000002,0.026656699999999998,0.097904000000000005,-0.087258699999999995,0.098110100000000006,-0.0068705999999999993,0.0122711,-0.029337599999999998,-0.1329429,0.35223070000000001,-0.055689000000000002,-0.040624400000000005,0.10472419999999999,-0.016656399999999998,-0.0081469999999999997,-0.0071458000000000008,-0.056165100000000003,0.027399100000000003,0.0542493,-0.0049586000000000005,0.0033954999999999996,-0.074711899999999998,0.0232611,0.034029900000000002,-0.0063279000000000009,-0.002390800000000002,0.012759,-0.047820099999999997,0.038288599999999999,-0.043696400000000003,-0.095630400000000004,0.082095500000000016,-0.046748699999999997,0.19913020000000001,-0.057231699999999996,0.014154099999999999,-0.002029,-0.0069575000000000001,-0.011532000000000001,0.0073856,0.0228089,0.00065359999999999941,-0.0062149000000000006,-0.0046275000000000014,-0.034273299999999993,0.015215599999999999,0.023541200000000002,0.020331800000000001,0.0310053,-0.0088961000000000005,0.002480599999999999,0.0166228,-0.052498200000000002,-0.0015474999999999998,-0.0026263999999999997,-0.0050889999999999998,0.0329307,-0.080745200000000003,0.0016638,-0.010824100000000003,-0.054538599999999993,0.0083065000000000014,0.00097379999999999993,-0.0010764999999999995,0.015641499999999999,0.0066737999999999997,0.0092349000000000007,0.0068019000000000013,0.0086043999999999999,0.0010375999999999996,0.0035429999999999988,-0.0011605999999999999,0.0092789999999999991,-0.023266599999999998,0.0055155999999999998,0.010994,0.0084122999999999993,-0.0048847000000000005,-0.022845999999999998,0.021165300000000001,-0.022340800000000001,-0.0064104999999999995,-0.0026335000000000004,-0.0023108,0.010372900000000001,-0.011794300000000001,-0.0015158000000000007,0.0027242999999999998,-0.013914599999999999,0.0056582999999999998,0.037526699999999996,-0.0028815000000000004,0.017783500000000001,-0.0084294000000000001,0.010142599999999998,0.0018517999999999998,-0.0022108000000000002,-0.0103827,0.0140083,0.0021532999999999995,-0.0064546999999999998,-0.0004455000000000001,0.0011867000000000006,-0.00084960000000000027,-0.0048725000000000001,0.0016640000000000005,0.016508699999999998,0.0020067000000000002,0.0039596999999999992,0.0105544,-0.0078849999999999996,0.0026208,-0.0098148000000000003,0.0063362000000000002,0.0036873000000000001,-0.0067391999999999999,0.0090174000000000001,0.0045984999999999993,0.0042417999999999996,-0.0090844999999999988,-0.0064437000000000001,0.0057679000000000003,0.0094653999999999988,0.0021634999999999996,0.00049559999999999947,-0.0102253,-0.013643699999999998,-0.0092499999999999995,-0.0079323999999999992,-0.0082147000000000001,0.0020013999999999995,-0.011126099999999998,0.011385399999999999,-0.0010952000000000004,0.0032723000000000001,0.0014613999999999999,0.0011080999999999999,0.0023477999999999997,0.00077329999999999999,-0.00068789999999999997,0.0013375000000000001,-0.0022212999999999998,0.0020839999999999999,-0.0039580000000000014,0.00033810000000000003,-0.0026936999999999998,-0.0009951999999999999,-0.0027792999999999997,-0.0019616999999999998,-0.00032020000000000009,-0.0087638999999999981,-0.0068308000000000006,-0.0028747,0.0054520999999999997,0.0021224,0.0032967999999999999,-0.0047102000000000003,0.0021500000000000004,-0.0097877999999999993,-0.0032442999999999999,-0.0047008000000000006,0.0015780999999999996,0.0089087999999999997,0.0030039000000000003,0.011029199999999999,-0.0062840000000000005,0.0040394999999999997,0.0059109999999999996,0.011454499999999998,0.0024242000000000001,0.013928900000000001,-0.0034034,0.0022179999999999995,-0.016806600000000001,-0.012519499999999999,0.0034634000000000002,-0.013687399999999999,0.0085842999999999996,0.0024207000000000005,0.00030809999999999995,0.0011640999999999999,-0.0043976999999999992,-0.0020888,0.0024992,0.00037429999999999999,-0.0011551999999999999,-0.0017982999999999996,-0.0003388,-0.00035929999999999946,-0.0035527999999999996,0.0045515999999999994,-0.0010539,0.0024771999999999997,-0.0020538000000000002,0.00098729999999999998,-0.0018374000000000001,-0.0010536999999999999,-0.0018108,0.0011378,0.00058629999999999999,-0.0010942,-0.0031533000000000004,0.0020709999999999999,0.0073625999999999987,-0.0024299999999999999,0.00034220000000000019,0.0050591000000000004,0.0028212999999999992,0.0006709000000000001,0.0084785999999999993,-0.0038911000000000002,0.00038289999999999982,-3.8300000000000009e-05,0.0027029000000000003,0.00064909999999999989,-0.0035165999999999999,0.0057612999999999996,0.0049844999999999993,-0.0014635000000000004,-0.0010157,0.0024726000000000001,-0.0076847999999999994,0.0031757999999999995,-0.0067097999999999993,0.0099326999999999992,0.0035364999999999997,0.0050735999999999993,-0.00099150000000000019,-0.016351999999999998,-0.00094620000000000034,0.0017595,-0.0003055,0.00035340000000000002,-0.0033921000000000003,-0.0027353,0.0013146,-0.00029579999999999998,-0.00016480000000000005,-0.0015065,-0.0017436000000000001,0.001173,0.0013316000000000003,0.00080570000000000001,-0.0012266999999999998,-0.0033785,-1.8500000000000002e-05,8.4300000000000016e-05,0.0038206999999999998,-0.0019355000000000002,0.0013360999999999998,-0.00059019999999999993,0.0017644000000000002,0.0022962,-0.0042737000000000001,0.00053960000000000011,-0.0024005999999999993,-0.0015179000000000002,-0.00023320000000000003,0.0032718999999999999,-0.0016948,0.0027926000000000001,0.0032260999999999991,-0.0010764999999999998,-0.0059503000000000004,-0.00062519999999999991,0.0085096999999999985,-0.0012208000000000002,0.0018576999999999997,0.0036565,0.0069813999999999996,-0.0069055999999999996,-0.0037201999999999995,-0.0020881000000000003,-0.0023294000000000001,0.0010763999999999995,0.009131199999999999,-0.0029924999999999999,0.0012248999999999997,0.0015032000000000001,-0.0013286999999999993,-0.0039166000000000001,-0.0055830000000000003,0.015698999999999998,-0.00071799999999999989,0.0051324000000000005,-0.0027301000000000009,0.0024194999999999998,-0.001227,-0.00063949999999999988,0.0014117999999999999,0.0012615,0.0031122999999999997,0.00069920000000000008,0.00076330000000000007,0.0018831,-0.0013121999999999999,0.0019048999999999997,0.0011058999999999999,-0.0012009,0.0024270999999999997,0.00022359999999999996,0.00024490000000000004,-0.00060349999999999998,0.00088509999999999999,-0.0021429000000000005,-0.0011961999999999999,-0.00092849999999999996,0.00052889999999999979,2.7400000000000232e-05,0.00095869999999999961,-0.0019735,-0.00027040000000000007,0.0010359,-0.0026118000000000001,0.00065259999999999971,-0.0013087000000000001,0.0014543000000000004,0.00023479999999999985,-0.0012383000000000001,0.0006362999999999998,-0.0031951000000000002,-0.0003767000000000001,-0.00081789999999999988,-0.0034391000000000001,0.0046644,-0.003143,-0.0035631999999999999,0.0012486999999999999,0.0040076000000000001,-0.00040759999999999988,0.0010380999999999999,0.0043660000000000001,0.0039074000000000001,0.00079989999999999987,-0.00049090000000000006,0.0014874999999999999,-0.0052992999999999998,0.0021153999999999999,0.00056849999999999989,-0.00071170000000000001,0.0059513999999999999,-0.0024134999999999998,-0.0017970999999999998,0.0014510999999999999,0.0024738,-0.0025991999999999994,0.0025714000000000006,0.0020983,0.0097367000000000009,-0.0081293000000000008,0.00092549999999999989,-0.00014629999999999998,0.00031230000000000006,0.0011083,-0.00076679999999999999,-0.00059789999999999995,-0.00079080000000000003,-0.0014124000000000001,-0.0011420999999999998,-0.0016596999999999998,0.00026710000000000004,5.409999999999996e-05,0.0012170999999999998,0.0016221,0.0037051000000000007,-0.0014295,-0.0020542000000000004,-0.00077139999999999999,0.0010931999999999999,0.0017344000000000003,0.00011400000000000001,0.00079690000000000002,0.0010744999999999995,-0.0013160000000000001,-0.0029281000000000003,-0.0011977999999999997,-0.0021585999999999997,0.0015379999999999999,-0.00084859999999999992,0.0016500999999999998,-0.0013841999999999999,0.00099309999999999958,-0.00023119999999999977,-0.00086019999999999988,0.0014095000000000002,9.880000000000007e-05,0.0013679,0.0010552000000000001,0.0041895000000000005,-0.00032490000000000009,-0.0023963000000000001,-0.0043743000000000002,0.00037769999999999997,-0.00079710000000000002,-0.0048230999999999994,-8.4900000000000166e-05,-0.0013455999999999997,0.0045826999999999994,-0.00093380000000000015,-0.00088379999999999991,-0.0020327999999999995,-0.00068000000000000005,0.0014320999999999997,0.00062640000000000005,0.00055190000000000003,0.0024451999999999998,-0.00019320000000000003,-0.0036621999999999996,0.0046350999999999996,-0.0017709000000000006,0.0033973999999999996,0.0036109000000000007,0.0022357000000000002,0.0040500000000000006,-0.0087461999999999991,0.0010426000000000001,-0.0039439999999999996,-0.0029995999999999994,0.0032874000000000011,0.00012230000000000005,0.0006447,-0.0003279,-0.00049249999999999988,7.6199999999999982e-05,-0.0011752999999999998,0.00041569999999999997,5.4999999999999982e-05,-0.00036669999999999997,0.00041990000000000007,-0.0018284,0.0017943999999999998,0.0007811999999999998,-0.0014626000000000001,0.00061799999999999995,0.0013105999999999999,0.00096020000000000014,-0.00037629999999999999,-0.00079060000000000003,-0.0010892999999999996,-0.0002958000000000002,-0.00025709999999999996,-0.00061629999999999996,-0.00024639999999999992,0.00059020000000000003,-0.00065979999999999999,0.00043070000000000001,-0.0020248999999999996,5.9100000000000081e-05,0.00089570000000000014,0.00041180000000000003,-5.2800000000000016e-05,0.0023588999999999997,-0.00027959999999999986,-0.0011002999999999996,-0.0018658999999999998,-0.0034766999999999997,0.00069930000000000003,-0.0034749999999999994,-0.00037340000000000002,0.00027150000000000009,0.0013860000000000001,-0.00039340000000000013,0.0012273,-0.00067979999999999994,0.0022392999999999996,-0.00072900000000000016,-0.0031276999999999998,0.00083780000000000009,-0.00078199999999999993,0.0028536999999999994,0.0013113999999999999,0.00091249999999999979,0.00047599999999999997,0.0015993999999999995,-0.0013327,0.0011640999999999999,-0.0022063,-0.0028297000000000001,0.0024876,-0.0019374999999999998,0.0033146999999999999,-0.0027278999999999997,-0.0039258999999999995,-0.0016361000000000001,-0.00074069999999999995,-0.0048328999999999993,0.0050590999999999995,-0.00077979999999999998,0.0045741999999999996,0.0050934999999999999,-0.0030691999999999998,0.0061777999999999998,-0.0042664000000000001,-0.0013310999999999998
aug_between_class_right_pair0035_child04,Healthy,0,0,Augmented,0,0,0,0,0,0.34920180000000001,2.0282041999999998,5.9999999999999997e-07,-1.4000000000000001e-06,5.9999999999999997e-07,1.0374642000000001,0,0.068197599999999997,-0.14707920000000002,0.027489599999999999,0.10016600000000001,-0.088884599999999994,0.098224800000000001,-0.0068368000000000005,0.0120298,-0.030236799999999998,-0.13161920000000002,0.35357460000000002,-0.054339999999999999,-0.044739200000000007,0.1043356,-0.0171562,-0.0090390000000000019,-0.0074094,-0.055457800000000002,0.026674800000000002,0.055424400000000006,-0.0048368000000000022,0.0041249999999999993,-0.074885199999999999,0.024026800000000001,0.033711200000000004,-0.0063672000000000017,-0.0036584000000000026,0.013396000000000002,-0.049331800000000002,0.038329799999999997,-0.042870200000000004,-0.097942200000000007,0.08360200000000001,-0.047684600000000001,0.1990256,-0.058457599999999998,0.013782800000000001,-0.002029,-0.0073140000000000002,-0.011065999999999999,0.0076157999999999998,0.021498200000000002,0.00019979999999999954,-0.0064302000000000005,-0.0047089999999999996,-0.034018399999999997,0.0154758,0.025326600000000001,0.0213274,0.030898399999999999,-0.0095908,0.0016757999999999994,0.016435399999999999,-0.052227600000000006,-0.0016380000000000001,-0.0025992000000000007,-0.0053329999999999992,0.032998599999999996,-0.0800376,0.0002293999999999994,-0.010629800000000002,-0.0545268,0.0095300000000000003,0.00075339999999999999,-0.00090499999999999977,0.015661000000000001,0.0069033999999999996,0.0089902000000000003,0.0073772000000000039,0.0090101999999999995,0.0010067999999999995,0.0047649999999999984,-0.0010207999999999997,0.0090639999999999991,-0.023055800000000001,0.0053937999999999998,0.011025,0.0082683999999999987,-0.0040506000000000006,-0.022519999999999998,0.020052400000000001,-0.022303400000000001,-0.0063739999999999995,-0.0034810000000000006,-0.0021333999999999997,0.0092522000000000021,-0.0104884,-0.0038334000000000011,0.0033314,-0.013605799999999999,0.003773400000000001,0.037762599999999993,-0.0035690000000000001,0.018695,-0.0081361999999999997,0.0094397999999999999,0.0017834000000000001,-0.0022744000000000002,-0.010108599999999999,0.0132394,0.0019603999999999993,-0.0074696000000000007,-0.00049500000000000011,0.0013005999999999998,-0.0010448000000000002,-0.0049629999999999995,0.0017220000000000004,0.016330600000000001,0.0020835999999999997,0.0039495999999999993,0.0105542,-0.0077430000000000008,0.0019363999999999998,-0.0093413999999999997,0.0060715999999999999,0.0034213999999999998,-0.0071015999999999996,0.0097231999999999996,0.0041020000000000006,0.0035894,-0.0085009999999999999,-0.0067796000000000011,0.0054872000000000002,0.0094102000000000005,0.002104,0.0020307999999999993,-0.010189400000000001,-0.0129166,-0.0091809999999999999,-0.0089522000000000004,-0.0082296000000000018,0.0016481999999999998,-0.0113458,0.011075200000000002,-0.0012116000000000002,0.0033074000000000007,0.0013932,0.0012268000000000001,0.0018003999999999995,0.00054239999999999996,0.00013880000000000099,0.0014789999999999998,-0.0022704000000000001,0.0023799999999999997,-0.0036630000000000009,0.00046680000000000007,-0.0025936000000000002,-0.0010566,-0.0034344000000000002,-0.0024375999999999998,-0.00049160000000000024,-0.0083191999999999988,-0.0070964000000000001,-0.0034476000000000003,0.0060708000000000003,0.0016401999999999999,0.0030433999999999999,-0.0045506000000000001,0.0025110000000000006,-0.0098143999999999992,-0.0031304000000000002,-0.0051454000000000005,0.0025877999999999995,0.0079384,0.001696200000000001,0.0104656,-0.0066969999999999998,0.0036830000000000005,0.0049020000000000001,0.011514999999999999,0.0030476000000000001,0.014167199999999998,-0.0031381999999999998,0.0014779999999999999,-0.015635800000000002,-0.012450000000000001,0.0028142000000000002,-0.0132932,0.0082754000000000005,0.0019595999999999997,-5.3199999999999992e-05,0.00088779999999999979,-0.0044355999999999996,-0.0019203999999999998,0.0028236000000000003,0.00027339999999999998,-0.0011416,-0.0016573999999999998,-0.00055140000000000007,-0.00032240000000000003,-0.0032043999999999996,0.0043608000000000006,-0.00059519999999999994,0.0027305999999999997,-0.0018463999999999998,0.0011794000000000002,-0.0017542000000000002,-0.00084360000000000012,-0.0016844,0.0013434,0.00052340000000000004,-0.0011835999999999999,-0.0029634000000000001,0.0021450000000000002,0.0070707999999999995,-0.0022589999999999997,-0.00020939999999999999,0.0048528,0.0022393999999999995,0.0011462000000000002,0.0083607999999999998,-0.0040478000000000007,0.00010919999999999984,0.00015159999999999989,0.0030572000000000004,-0.00040720000000000036,-0.0041857999999999999,0.0063204000000000003,0.0048560000000000001,-0.0014430000000000001,-8.0600000000000116e-05,0.0016307999999999995,-0.0071793999999999998,0.0029903999999999998,-0.0071313999999999987,0.010370600000000001,0.0021140000000000013,0.0053038,-0.00041599999999999884,-0.016675000000000002,-0.00097860000000000004,0.0017949999999999999,-0.00011799999999999983,0.00053020000000000009,-0.0028327999999999999,-0.0031874,0.0015938000000000003,-0.00041140000000000003,-0.00029040000000000012,-0.0014489999999999998,-0.0015628,0.0010140000000000001,0.0015028000000000001,0.0005265999999999999,-0.0011655999999999997,-0.0036319999999999998,-0.000111,5.2400000000000013e-05,0.0038555999999999998,-0.001828,0.0015318,-0.00064459999999999995,0.0014331999999999999,0.0024675999999999999,-0.0045415999999999998,0.00089480000000000017,-0.0022458000000000001,-0.0017292000000000002,-0.00020760000000000006,0.0042551999999999998,-0.0022063999999999999,0.0027837999999999999,0.0033227999999999995,-0.00084000000000000003,-0.0065453999999999998,-0.0003015999999999999,0.0084275999999999986,-0.0008784000000000001,0.0018195999999999998,0.0036620000000000003,0.0064521999999999999,-0.007223799999999999,-0.0037385999999999999,-0.0027618000000000005,-0.0021572000000000002,0.00096420000000000056,0.0092105999999999993,-0.0030860000000000002,0.00070419999999999955,0.0008456000000000006,-0.0016375999999999997,-0.0047698000000000003,-0.0054949999999999999,0.015889,-0.00091200000000000005,0.0054942000000000012,-0.0027957999999999993,0.0021180000000000001,-0.0013129999999999999,-0.00053599999999999991,0.0012883999999999999,0.001145,0.0032383999999999998,0.0003215999999999999,0.00088539999999999995,0.0019718000000000001,-0.0012905999999999998,0.0018942,0.00091219999999999995,-0.00097119999999999975,0.0022867999999999994,0.0003678,0.0004212000000000001,-0.00043799999999999997,0.0010187999999999998,-0.0019012000000000007,-0.0010985999999999999,-0.0011819999999999999,0.00051120000000000017,0.00051219999999999998,0.00069860000000000018,-0.001825,-0.00027120000000000009,0.00086919999999999999,-0.0024844000000000003,0.00016980000000000012,-0.0010796000000000002,0.0017864000000000001,9.9399999999999922e-05,-0.00082540000000000022,0.00079440000000000023,-0.0034178000000000004,-9.5600000000000006e-05,-0.0015802000000000004,-0.0033567999999999996,0.0044852,-0.0031230000000000003,-0.0033435999999999995,0.0010935999999999999,0.0033668000000000001,-0.00038579999999999989,0.00096179999999999985,0.0040590000000000001,0.0034411999999999997,0.0009291999999999996,0.00015480000000000002,0.0011539999999999999,-0.0054934000000000007,0.0024222000000000002,0.00083599999999999994,-0.00090059999999999988,0.0057301999999999995,-0.0021009999999999996,-0.0023297999999999999,0.0013158000000000002,0.0028704000000000004,-0.0019865999999999998,0.0022332000000000003,0.0019763999999999997,0.0094605999999999996,-0.0078463999999999999,0.00083900000000000012,-0.00013439999999999996,0.00036739999999999999,0.0011053999999999999,-0.0010034000000000002,-0.00023819999999999977,-0.00073240000000000002,-0.0014072000000000002,-0.0010558,-0.0018036,0.0002198,-1.8200000000000117e-05,0.0010728000000000001,0.0015238000000000001,0.0034908000000000001,-0.001343,-0.0020556000000000003,-0.00098620000000000001,0.0010466,0.0018892000000000004,9.0000000000000019e-06,0.00083020000000000012,0.0010820000000000001,-0.001142,-0.0025048000000000006,-0.00093539999999999986,-0.0021567999999999999,0.0013909999999999999,-0.00072579999999999997,0.0014618000000000001,-0.0015066000000000001,0.00066979999999999969,-0.00017359999999999988,-0.00092959999999999994,0.0016770000000000001,6.1400000000000083e-05,0.0016352000000000003,0.00088159999999999985,0.0043840000000000007,-0.00013219999999999996,-0.0028904000000000004,-0.0042824000000000004,0.00045059999999999995,-0.0012208000000000004,-0.0044878000000000001,0.00045579999999999991,-0.0011837999999999998,0.0043086000000000001,-0.0012884000000000003,-0.00056440000000000006,-0.0024103999999999996,-0.00062500000000000012,0.0019207999999999999,0.00064820000000000003,0.00091320000000000008,0.0022325999999999995,-0.00017560000000000004,-0.0033825999999999995,0.0044958000000000012,-0.0020942000000000001,0.0030731999999999999,0.0034292000000000007,0.0025516000000000002,0.0037330000000000002,-0.0088076000000000005,0.0010698000000000001,-0.0040590000000000001,-0.0024778000000000001,0.0026702000000000002,0.00032040000000000004,0.00056360000000000004,-0.00045120000000000002,-0.0005579999999999999,0.00057160000000000002,-0.0012924,0.00039960000000000006,8.8000000000000025e-05,-0.00014159999999999986,0.00019820000000000005,-0.0018582000000000002,0.0017252000000000001,0.00049659999999999993,-0.0014528,0.00085800000000000015,0.0011137999999999999,0.00095859999999999988,-0.00034340000000000011,-0.00079880000000000001,-0.0011154000000000001,-0.00058140000000000015,-4.6799999999999918e-05,-0.00059939999999999993,-6.1999999999999339e-06,0.0006156,-0.00060039999999999985,0.00027260000000000001,-0.0017032,-0.00015220000000000001,0.0010076,0.00027539999999999992,-6.6400000000000015e-05,0.0021651999999999999,-0.00024279999999999994,-0.0011103999999999999,-0.0020691999999999998,-0.0032925999999999993,0.00054140000000000004,-0.0032789999999999994,-0.00032620000000000001,0.00041500000000000011,0.0013799999999999999,-0.00050320000000000009,0.0013664,-0.00053540000000000011,0.0022404,-0.00099700000000000006,-0.0028005999999999994,0.00086240000000000004,-0.00096400000000000012,0.0027335999999999997,0.0014122,0.00079199999999999984,0.00040099999999999999,0.0013081999999999998,-0.0015736000000000001,0.0012468000000000002,-0.0024413999999999998,-0.0025485999999999998,0.0025618000000000004,-0.0019909999999999997,0.0034986000000000001,-0.0028621999999999996,-0.0037491999999999998,-0.0015467999999999997,-0.00067859999999999991,-0.0050162000000000002,0.0047347999999999999,-0.00079740000000000019,0.0051386000000000001,0.0048279999999999998,-0.0030236,0.0061704000000000012,-0.0047151999999999993,-0.00097679999999999989
aug_between_class_right_pair0035_child05,TLE,1,1,Augmented,0,0,0,0,0,0.34160620000000003,2.0193918000000002,4.0000000000000003e-07,-1.5999999999999999e-06,3.9999999999999998e-07,1.0242697999999999,0,0.067788399999999999,-0.1496198,0.029155400000000001,0.10469000000000001,-0.092136400000000007,0.098454200000000006,-0.0067692000000000004,0.011547200000000001,-0.0320352,-0.1289718,0.35626239999999998,-0.051642,-0.052968799999999996,0.10355839999999999,-0.0181558,-0.010822999999999999,-0.0079366000000000003,-0.0540432,0.025226200000000001,0.057774599999999995,-0.0045931999999999987,0.0055839999999999987,-0.075231800000000001,0.025558200000000003,0.0330738,-0.0064458000000000015,-0.0061936000000000005,0.014670000000000001,-0.052355200000000005,0.038412200000000001,-0.041217799999999999,-0.1025658,0.086614999999999998,-0.0495564,0.1988164,-0.060909399999999995,0.0130402,-0.002029,-0.0080269999999999994,-0.010134000000000001,0.0080761999999999987,0.018876799999999999,-0.00070779999999999975,-0.0068608000000000002,-0.0048719999999999996,-0.033508599999999999,0.015996200000000002,0.0288974,0.023318599999999998,0.030684599999999999,-0.010980199999999999,6.6200000000000064e-05,0.016060600000000001,-0.051686400000000007,-0.0018189999999999999,-0.0025448000000000003,-0.0058209999999999998,0.033134400000000001,-0.078622399999999995,-0.0026394000000000001,-0.010241200000000002,-0.054503199999999995,0.011977,0.00031260000000000012,-0.000562,0.015699999999999999,0.0073626000000000004,0.0085007999999999993,0.008527800000000002,0.0098218000000000003,0.00094520000000000021,0.0072090000000000001,-0.00074119999999999958,0.008634000000000001,-0.0226342,0.0051501999999999997,0.011087,0.0079805999999999992,-0.0023824000000000007,-0.021867999999999999,0.017826600000000001,-0.022228600000000001,-0.0063009999999999993,-0.005176,-0.0017786000000000004,0.0070108000000000002,-0.007876600000000001,-0.0084685999999999997,0.0045455999999999995,-0.0129882,3.600000000000738e-06,0.038234400000000002,-0.0049440000000000005,0.020518000000000002,-0.0075497999999999997,0.0080342,0.0016466000000000002,-0.0024015999999999998,-0.0095604000000000001,0.0117016,0.0015745999999999998,-0.0094993999999999999,-0.00059400000000000002,0.0015284000000000001,-0.0014352,-0.0051440000000000001,0.0018379999999999994,0.0159744,0.0022374000000000001,0.0039293999999999996,0.0105538,-0.0074590000000000004,0.00056760000000000014,-0.0083946000000000003,0.0055424000000000003,0.0028896,-0.0078264000000000007,0.0111348,0.0031089999999999998,0.0022846000000000003,-0.0073339999999999994,-0.0074513999999999995,0.0049258000000000001,0.0092998000000000004,0.0019849999999999998,0.0051011999999999993,-0.010117600000000001,-0.011462400000000001,-0.0090430000000000007,-0.010991799999999999,-0.0082594000000000018,0.00094180000000000002,-0.011785199999999999,0.010454799999999998,-0.0014444,0.0033776000000000001,0.0012568000000000002,0.0014641999999999997,0.00070559999999999991,8.0599999999999899e-05,0.0017922000000000003,0.0017620000000000001,-0.0023685999999999998,0.0029719999999999998,-0.0030730000000000006,0.00072420000000000015,-0.0023934000000000008,-0.0011793999999999999,-0.0047445999999999999,-0.0033893999999999999,-0.00083440000000000001,-0.0074297999999999994,-0.0076276,-0.0045933999999999992,0.0073081999999999999,0.00067580000000000027,0.0025366,-0.0042313999999999997,0.0032329999999999993,-0.0098676000000000007,-0.0029026,-0.0060346000000000002,0.0046071999999999988,0.0059976000000000005,-0.00091920000000000023,0.0093384000000000002,-0.0075230000000000002,0.0029700000000000004,0.0028840000000000003,0.011635999999999999,0.0042943999999999994,0.0146438,-0.0026078,-2.0000000000000486e-06,-0.013294200000000001,-0.012311000000000001,0.0015158000000000003,-0.0125048,0.0076576000000000005,0.0010374000000000002,-0.00077579999999999978,0.00033520000000000002,-0.0045113999999999996,-0.0015836000000000001,0.0034723999999999996,7.160000000000006e-05,-0.0011144,-0.0013755999999999996,-0.00097659999999999978,-0.00024859999999999986,-0.0025076,0.0039792000000000004,0.00032220000000000003,0.0032374000000000001,-0.0014316000000000001,0.0015635999999999998,-0.0015878000000000003,-0.0004234000000000001,-0.0014316000000000001,0.0017545999999999998,0.00039760000000000012,-0.0013623999999999999,-0.0025836000000000001,0.0022929999999999999,0.0064872000000000003,-0.0019169999999999999,-0.0013125999999999995,0.0044402,0.0010755999999999999,0.0020968000000000002,0.0081251999999999991,-0.0043612,-0.00043819999999999992,0.00053139999999999991,0.0037658000000000001,-0.0025198000000000004,-0.0055241999999999999,0.0074386000000000001,0.0045990000000000007,-0.001402,0.0017895999999999997,-5.2799999999999549e-05,-0.0061685999999999998,0.0026195999999999997,-0.0079745999999999984,0.011246399999999998,-0.00073099999999999901,0.0057642000000000006,0.00073500000000000041,-0.017321,-0.0010434000000000003,0.0018659999999999998,0.00025700000000000007,0.00088380000000000002,-0.0017142000000000001,-0.0040915999999999999,0.0021522000000000004,-0.00064260000000000001,-0.00054159999999999994,-0.0013339999999999999,-0.0012012000000000001,0.00069600000000000011,0.0018452,-3.1599999999999914e-05,-0.0010433999999999999,-0.0041389999999999995,-0.00029599999999999998,-1.1399999999999979e-05,0.0039253999999999999,-0.0016130000000000001,0.0019231999999999999,-0.00075339999999999999,0.00077080000000000009,0.0028103999999999998,-0.0050774000000000001,0.0016052,-0.0019362000000000001,-0.0021518000000000002,-0.00015640000000000001,0.0062217999999999996,-0.0032296,0.0027661999999999999,0.0035161999999999993,-0.0003669999999999997,-0.0077356000000000005,0.00034559999999999994,0.0082634000000000006,-0.00019360000000000021,0.0017434,0.003673,0.0053937999999999998,-0.0078601999999999995,-0.0037753999999999999,-0.0041092000000000004,-0.0018128000000000003,0.00073980000000000009,0.0093693999999999982,-0.0032729999999999999,-0.00033719999999999996,-0.00046959999999999971,-0.0022553999999999994,-0.0064761999999999997,-0.0053189999999999999,0.016268999999999999,-0.0013000000000000002,0.0062177999999999999,-0.0029272000000000013,0.0015150000000000001,-0.0014849999999999998,-0.00032900000000000003,0.0010415999999999999,0.00091200000000000005,0.0034905999999999995,-0.00043360000000000002,0.0011296000000000001,0.0021492,-0.0012474000000000001,0.0018728,0.00052480000000000018,-0.00051180000000000008,0.0020062000000000001,0.00065620000000000001,0.00077380000000000005,-0.00010700000000000003,0.0012861999999999999,-0.0014178000000000001,-0.00090339999999999995,-0.001689,0.00047579999999999986,0.0014818000000000001,0.0001784,-0.0015280000000000001,-0.00027279999999999991,0.0005357999999999999,-0.0022296,-0.00079579999999999972,-0.00062140000000000003,0.0024505999999999998,-0.00017140000000000005,3.9999999999979288e-07,0.0011106000000000002,-0.0038632000000000007,0.00046659999999999985,-0.0031048,-0.0031921999999999996,0.0041267999999999999,-0.0030830000000000002,-0.0029044000000000006,0.00078339999999999996,0.0020852000000000002,-0.00034219999999999997,0.00080919999999999994,0.0034450000000000001,0.0025088000000000003,0.0011877999999999999,0.0014461999999999995,0.00048700000000000024,-0.005881599999999999,0.0030358000000000004,0.0013709999999999998,-0.0012783999999999998,0.0052878000000000005,-0.0014759999999999999,-0.0033951999999999993,0.0010452000000000005,0.0036635999999999999,-0.00076140000000000062,0.0015568000000000003,0.0017325999999999999,0.0089084000000000003,-0.0072805999999999999,0.00066600000000000014,-0.00011059999999999992,0.00047760000000000001,0.0010996000000000001,-0.0014765999999999998,0.0004812000000000001,-0.0006156,-0.0013968000000000003,-0.0008832,-0.0020914000000000002,0.00012520000000000003,-0.00016279999999999995,0.00078419999999999998,0.0013272,0.0030622000000000002,-0.00117,-0.0020584000000000002,-0.0014158,0.00095339999999999997,0.0021988000000000003,-0.00020100000000000001,0.00089680000000000011,0.0010969999999999999,-0.00079400000000000011,-0.0016582000000000003,-0.00041060000000000001,-0.0021532000000000001,0.0010969999999999999,-0.00048019999999999996,0.0010852000000000001,-0.0017513999999999997,2.3199999999999859e-05,-5.8399999999999902e-05,-0.0010683999999999999,0.002212,-1.34e-05,0.0021697999999999999,0.00053440000000000009,0.0047729999999999995,0.00025319999999999987,-0.0038785999999999994,-0.0040986,0.00059640000000000019,-0.0020682000000000001,-0.0038172000000000002,0.0015371999999999994,-0.00086019999999999998,0.0037603999999999997,-0.0019976000000000004,7.4399999999999911e-05,-0.0031655999999999993,-0.00051499999999999983,0.0028981999999999996,0.00069180000000000001,0.0016358,0.0018073999999999998,-0.00014039999999999994,-0.0028233999999999998,0.0042172000000000008,-0.0027408000000000007,0.0024248,0.0030658000000000009,0.0031834000000000003,0.0030990000000000011,-0.0089304000000000015,0.0011241999999999999,-0.0042889999999999994,-0.0014341999999999996,0.0014358000000000001,0.00071659999999999996,0.0004014,-0.00069779999999999994,-0.00068899999999999994,0.0015623999999999998,-0.0015265999999999999,0.00036740000000000004,0.000154,0.00030859999999999991,-0.00024519999999999989,-0.0019178000000000001,0.0015868,-7.2599999999999922e-05,-0.0014331999999999999,0.0013379999999999998,0.00072020000000000005,0.00095540000000000002,-0.00027759999999999992,-0.00081520000000000008,-0.0011675999999999998,-0.0011526000000000002,0.00037379999999999992,-0.00056559999999999998,0.00047419999999999987,0.00066640000000000004,-0.00048160000000000011,-4.3599999999999976e-05,-0.0010597999999999998,-0.00057479999999999988,0.0012314000000000001,2.6000000000000835e-06,-9.3599999999999998e-05,0.0017778,-0.00016919999999999994,-0.0011306000000000001,-0.0024757999999999994,-0.0029243999999999997,0.00022560000000000006,-0.0028869999999999998,-0.00023180000000000002,0.00070199999999999993,0.0013680000000000001,-0.0007228,0.0016446,-0.00024660000000000003,0.0022426,-0.0015330000000000001,-0.0021464000000000001,0.00091160000000000004,-0.001328,0.0024934000000000002,0.0016137999999999999,0.00055099999999999995,0.00025100000000000003,0.00072580000000000008,-0.0020554000000000002,0.0014122000000000002,-0.0029116000000000003,-0.0019864000000000001,0.0027101999999999998,-0.002098,0.0038663999999999999,-0.0031307999999999996,-0.0033958,-0.0013682000000000004,-0.00055439999999999992,-0.0053828000000000001,0.0040861999999999999,-0.00083260000000000018,0.0062673999999999994,0.0042969999999999996,-0.0029323999999999999,0.0061555999999999998,-0.0056127999999999994,-0.00026820000000000012
aug_between_class_right_pair0035_child06,TLE,1,1,Augmented,0,0,0,0,0,0.33780840000000001,2.0149856000000002,3.0000000000000004e-07,-1.7e-06,3.0000000000000004e-07,1.0176726,0,0.067583799999999999,-0.1508901,0.029988300000000002,0.10695200000000001,-0.093762299999999993,0.098568900000000001,-0.006735399999999999,0.011305900000000001,-0.032934399999999996,-0.12764809999999999,0.35760629999999999,-0.050292999999999997,-0.057083599999999998,0.10316980000000001,-0.018655599999999998,-0.011715,-0.0082001999999999995,-0.053335899999999999,0.024501900000000004,0.058949700000000001,-0.0044714000000000004,0.0063134999999999988,-0.075405100000000003,0.026323900000000001,0.032755100000000002,-0.0064850999999999989,-0.0074611999999999977,0.015307000000000001,-0.053866900000000002,0.038453399999999999,-0.0403916,-0.10487759999999999,0.088121500000000005,-0.050492300000000004,0.19871179999999999,-0.062135299999999997,0.0126689,-0.002029,-0.0083835000000000003,-0.0096679999999999995,0.0083064000000000002,0.017566099999999998,-0.0011615999999999996,-0.0070761000000000001,-0.0049534999999999996,-0.033253699999999997,0.016256400000000001,0.0306828,0.024314199999999998,0.030577699999999999,-0.0116749,-0.00073860000000000006,0.015873200000000001,-0.051415800000000005,-0.0019095000000000002,-0.0025176000000000005,-0.0060649999999999992,0.033202299999999997,-0.077914799999999992,-0.0040737999999999998,-0.010046899999999997,-0.054491400000000002,0.0132005,9.22000000000001e-05,-0.00039049999999999995,0.015719500000000001,0.0075922000000000003,0.0082561000000000006,0.0091031000000000029,0.0102276,0.00091440000000000011,0.0084309999999999975,-0.0006014000000000002,0.0084189999999999994,-0.022423400000000003,0.0050283999999999997,0.011117999999999999,0.0078367000000000003,-0.0015483000000000016,-0.021541999999999999,0.016713700000000001,-0.022191200000000001,-0.0062645000000000001,-0.0060235000000000002,-0.0016012000000000005,0.0058901000000000005,-0.0065707000000000005,-0.010786199999999999,0.0051526999999999996,-0.0126794,-0.0018812999999999989,0.038470299999999999,-0.0056314999999999994,0.021429500000000001,-0.0072565999999999993,0.0073314000000000001,0.0015782000000000001,-0.0024651999999999999,-0.0092862999999999991,0.0109327,0.0013816999999999996,-0.010514300000000001,-0.00064349999999999997,0.0016423000000000002,-0.0016303999999999999,-0.0052344999999999996,0.0018959999999999992,0.015796299999999999,0.0023143,0.0039192999999999997,0.0105536,-0.0073170000000000006,-0.0001167999999999998,-0.0079211999999999998,0.0052778,0.0026236999999999996,-0.0081887999999999996,0.0118406,0.0026124999999999994,0.0016322000000000003,-0.0067504999999999996,-0.0077873000000000005,0.0046451000000000001,0.0092446000000000004,0.0019254999999999993,0.0066363999999999998,-0.010081700000000001,-0.0107353,-0.0089740000000000011,-0.012011599999999999,-0.0082743000000000001,0.00058860000000000021,-0.012004900000000001,0.0101446,-0.0015608000000000002,0.0034126999999999998,0.0011885999999999999,0.0015828999999999999,0.00015819999999999989,-0.00015029999999999991,0.0026189,0.0019035,-0.0024177000000000001,0.0032680000000000001,-0.0027780000000000005,0.00085290000000000008,-0.0022933000000000012,-0.0012408,-0.0053996999999999995,-0.0038652999999999995,-0.0010058000000000001,-0.0069851000000000002,-0.0078931999999999995,-0.0051662999999999995,0.0079269000000000006,0.00019359999999999994,0.0022832,-0.0040718000000000004,0.0035939999999999995,-0.0098942000000000006,-0.0027886999999999999,-0.0064792000000000001,0.0056168999999999993,0.0050272000000000008,-0.0022269000000000004,0.0087747999999999993,-0.0079360000000000003,0.0026134999999999999,0.0018749999999999999,0.0116965,0.0049177999999999991,0.014882099999999999,-0.0023426000000000002,-0.0007419999999999996,-0.012123400000000001,-0.012241500000000001,0.00086660000000000036,-0.012110599999999999,0.0073486999999999997,0.00057630000000000029,-0.0011370999999999998,5.8899999999999968e-05,-0.0045493,-0.0014152000000000001,0.0037967999999999999,-2.9299999999999899e-05,-0.0011007999999999999,-0.0012346999999999996,-0.0011891999999999998,-0.00021169999999999956,-0.0021592,0.0037884000000000008,0.00078089999999999963,0.0034907999999999992,-0.0012242000000000002,0.0017557,-0.0015046,-0.00021330000000000014,-0.0013052000000000001,0.0019601999999999996,0.00033470000000000006,-0.0014517999999999998,-0.0023937000000000003,0.0023670000000000002,0.0061954000000000002,-0.0017459999999999999,-0.0018641999999999997,0.0042339000000000005,0.00049370000000000002,0.0025720999999999999,0.0080074000000000013,-0.0045179,-0.0007118999999999999,0.00072130000000000002,0.0041200999999999998,-0.0035761000000000005,-0.0061933999999999999,0.0079976999999999999,0.0044705000000000005,-0.0013815000000000003,0.0027246999999999996,-0.00089459999999999995,-0.005663200000000001,0.0024342000000000001,-0.0083961999999999995,0.0116843,-0.0021534999999999983,0.0059944000000000004,0.0013105,-0.017644,-0.0010758,0.0019014999999999998,0.00044450000000000002,0.0010606000000000001,-0.0011549000000000004,-0.0045437000000000003,0.0024314000000000002,-0.0007582,-0.00066719999999999995,-0.0012764999999999999,-0.0010204000000000001,0.00053700000000000015,0.0020163999999999998,-0.00031069999999999991,-0.00098229999999999975,-0.0043924999999999988,-0.00038849999999999996,-4.3299999999999968e-05,0.0039602999999999999,-0.0015055000000000001,0.0021189,-0.00080779999999999979,0.00043960000000000017,0.0029817999999999997,-0.0053452999999999999,0.0019603999999999997,-0.0017814,-0.0023630999999999999,-0.00013080000000000004,0.007205099999999999,-0.0037412000000000001,0.0027573999999999997,0.0036128999999999992,-0.00013049999999999997,-0.0083306999999999999,0.00066919999999999979,0.008181299999999999,0.00014879999999999971,0.0017052999999999999,0.0036785000000000003,0.0048646000000000002,-0.0081783999999999989,-0.0037938000000000004,-0.0047828999999999997,-0.0016406000000000003,0.00062760000000000029,0.0094487999999999985,-0.0033665000000000001,-0.00085789999999999977,-0.0011271999999999996,-0.0025643000000000003,-0.0073293999999999998,-0.0052309999999999995,0.016459000000000001,-0.0014939999999999999,0.0065795999999999997,-0.0029928999999999997,0.0012135000000000002,-0.0015709999999999999,-0.00022550000000000006,0.00091819999999999998,0.00079550000000000009,0.0036166999999999996,-0.00081119999999999999,0.0012516999999999999,0.0022379000000000001,-0.0012258,0.0018621000000000002,0.00033110000000000008,-0.00028210000000000008,0.0018659000000000002,0.00080039999999999994,0.00095009999999999995,5.8499999999999904e-05,0.0014198999999999998,-0.0011761000000000005,-0.00080579999999999996,-0.0019424999999999998,0.00045810000000000002,0.0019665999999999998,-8.1699999999999872e-05,-0.0013795000000000001,-0.00027360000000000015,0.00036909999999999997,-0.0021022000000000002,-0.0012785999999999995,-0.00039230000000000005,0.0027826999999999999,-0.00030679999999999998,0.00041329999999999969,0.0012686999999999998,-0.0040859000000000008,0.00074769999999999991,-0.0038670999999999996,-0.0031098999999999996,0.0039475999999999999,-0.0030630000000000002,-0.0026848000000000002,0.00062830000000000004,0.0014444000000000004,-0.00032039999999999998,0.00073289999999999987,0.0031380000000000002,0.0020426000000000003,0.0013170999999999997,0.0020918999999999994,0.0001535000000000001,-0.0060756999999999999,0.0033426000000000003,0.0016384999999999998,-0.0014672999999999997,0.0050666000000000001,-0.0011635,-0.0039278999999999989,0.00090990000000000016,0.0040601999999999999,-0.00014880000000000101,0.0012186000000000005,0.0016106999999999998,0.0086323000000000007,-0.0069977000000000008,0.00057950000000000015,-9.8700000000000014e-05,0.00053269999999999999,0.0010966999999999999,-0.0017131999999999998,0.00084089999999999979,-0.0005572000000000001,-0.0013916,-0.00079690000000000002,-0.0022353,7.790000000000005e-05,-0.00023509999999999997,0.0006399000000000001,0.0012289,0.0028479000000000004,-0.0010834999999999998,-0.0020598000000000001,-0.0016306000000000001,0.00090680000000000003,0.0023536,-0.00030599999999999996,0.00093010000000000011,0.0011045,-0.00062000000000000011,-0.0012349000000000004,-0.00014820000000000002,-0.0021513999999999999,0.00095,-0.00035740000000000001,0.00089689999999999995,-0.0018738000000000001,-0.00030010000000000003,-8.0000000000001945e-07,-0.0011378,0.0024794999999999999,-5.0800000000000042e-05,0.0024371000000000002,0.00036079999999999999,0.0049674999999999997,0.00044590000000000016,-0.0043726999999999993,-0.0040067000000000002,0.00066930000000000006,-0.0024919,-0.0034819,0.0020778999999999993,-0.00069839999999999995,0.0034862999999999995,-0.0023522,0.00039379999999999981,-0.003543199999999999,-0.00045999999999999991,0.0033868999999999995,0.00071359999999999978,0.0019970999999999999,0.0015948,-0.00012280000000000006,-0.0025438000000000001,0.0040779000000000006,-0.0030641000000000002,0.0021006000000000002,0.0028841000000000001,0.0034992999999999999,0.0027820000000000002,-0.0089918000000000012,0.0011513999999999999,-0.0044039999999999999,-0.00091240000000000028,0.00081860000000000049,0.00091469999999999974,0.00032030000000000003,-0.00082109999999999995,-0.00075449999999999996,0.0020577999999999998,-0.0016436999999999999,0.00035130000000000003,0.00018699999999999994,0.00053369999999999991,-0.00046689999999999991,-0.0019476000000000001,0.0015176,-0.0003571999999999999,-0.0014234,0.0015779999999999995,0.00052340000000000004,0.00095379999999999998,-0.00024470000000000004,-0.00082339999999999996,-0.0011936999999999998,-0.0014382000000000004,0.00058409999999999994,-0.00054869999999999995,0.00071439999999999991,0.00069180000000000001,-0.00042220000000000007,-0.00020169999999999997,-0.00073810000000000011,-0.00078609999999999986,0.0013433000000000004,-0.00013379999999999989,-0.00010719999999999999,0.0015841,-0.00013240000000000002,-0.0011406999999999999,-0.0026790999999999998,-0.0027403000000000002,6.7700000000000128e-05,-0.0026909999999999998,-0.00018460000000000004,0.00084550000000000001,0.0013619999999999999,-0.00083259999999999996,0.0017837,-0.0001022000000000001,0.0022437000000000004,-0.0018010000000000001,-0.0018193000000000003,0.0009362000000000001,-0.0015100000000000001,0.0023732999999999996,0.0017146000000000002,0.00043050000000000022,0.00017599999999999994,0.00043460000000000016,-0.0022963000000000003,0.0014949,-0.0031466999999999997,-0.0017053000000000001,0.0027844000000000002,-0.0021514999999999998,0.0040502999999999997,-0.0032650999999999999,-0.0032190999999999999,-0.0012788999999999999,-0.00049229999999999999,-0.0055661,0.0037619000000000003,-0.00085019999999999996,0.006831799999999999,0.0040314999999999995,-0.0028868000000000001,0.0061482000000000004,-0.0060616000000000003,8.609999999999987e-05
aug_between_class_right_pair0035_child07,TLE,1,1,Augmented,0,0,0,0,0,0.33401059999999999,2.0105794000000001,1.9999999999999994e-07,-1.8000000000000001e-06,1.9999999999999994e-07,1.0110754,0,0.0673792,-0.1521604,0.0308212,0.10921400000000001,-0.095388200000000006,0.098683599999999996,-0.0067016000000000003,0.011064599999999999,-0.033833599999999991,-0.1263244,0.3589502,-0.048943999999999994,-0.0611984,0.1027812,-0.019155399999999996,-0.012607,-0.0084638000000000005,-0.052628600000000005,0.023777600000000003,0.060124800000000006,-0.0043496000000000021,0.0070429999999999989,-0.075578400000000004,0.027089600000000002,0.032436400000000004,-0.0065244000000000014,-0.0087288000000000018,0.015944,-0.0553786,0.038494599999999997,-0.039565400000000001,-0.10718939999999999,0.089627999999999999,-0.051428200000000007,0.19860719999999998,-0.063361199999999993,0.012297599999999999,-0.002029,-0.0087399999999999995,-0.0092019999999999984,0.0085366000000000001,0.0162554,-0.0016154000000000003,-0.0072914,-0.0050350000000000013,-0.032998799999999995,0.016516599999999999,0.032468200000000003,0.0253098,0.030470799999999999,-0.012369600000000001,-0.0015434000000000008,0.0156858,-0.051145200000000002,-0.0019999999999999996,-0.0024904000000000007,-0.0063089999999999986,0.0332702,-0.077207200000000004,-0.0055082000000000013,-0.0098525999999999996,-0.054479599999999996,0.014423999999999999,-0.00012820000000000003,-0.00021899999999999985,0.015739,0.0078218000000000003,0.0080114000000000001,0.0096784000000000037,0.010633399999999999,0.00088360000000000001,0.0096530000000000001,-0.00046159999999999951,0.0082039999999999995,-0.022212599999999999,0.0049065999999999997,0.011149000000000001,0.0076927999999999996,-0.00071420000000000077,-0.021215999999999999,0.0156008,-0.022153800000000001,-0.006228,-0.0068710000000000012,-0.0014238,0.0047693999999999992,-0.0052647999999999992,-0.013103800000000002,0.0057598000000000007,-0.012370599999999999,-0.0037661999999999982,0.038706199999999996,-0.006319,0.022341,-0.0069633999999999998,0.0066286000000000001,0.0015097999999999999,-0.0025287999999999999,-0.009012199999999998,0.010163799999999999,0.0011887999999999994,-0.0115292,-0.00069300000000000004,0.0017562000000000003,-0.0018256000000000004,-0.0053249999999999999,0.001954,0.015618199999999999,0.0023912,0.0039091999999999998,0.010553400000000001,-0.0071750000000000008,-0.00080120000000000061,-0.0074477999999999992,0.0050132000000000006,0.0023577999999999997,-0.0085512000000000001,0.012546399999999999,0.0021159999999999998,0.00097979999999999986,-0.0061669999999999989,-0.0081232000000000006,0.0043643999999999992,0.0091894000000000003,0.0018660000000000005,0.0081715999999999994,-0.010045800000000001,-0.0100082,-0.0089049999999999997,-0.0130314,-0.0082892,0.00023539999999999979,-0.0122246,0.0098344000000000001,-0.0016772000000000002,0.0034477999999999996,0.0011204000000000001,0.0017016000000000002,-0.00038920000000000046,-0.00038120000000000016,0.0034456000000000014,0.0020449999999999999,-0.0024667999999999999,0.0035639999999999999,-0.0024830000000000008,0.00098160000000000001,-0.0021932000000000006,-0.0013022000000000001,-0.0060548000000000008,-0.0043411999999999999,-0.0011772000000000002,-0.0065403999999999992,-0.0081588000000000008,-0.0057391999999999999,0.0085456000000000004,-0.0002886000000000004,0.0020298,-0.0039121999999999994,0.0039550000000000002,-0.0099208000000000005,-0.0026747999999999997,-0.0069238000000000008,0.006626599999999999,0.0040567999999999993,-0.0035345999999999989,0.0082112000000000001,-0.0083490000000000005,0.0022569999999999999,0.00086599999999999872,0.011757,0.0055411999999999996,0.015120399999999999,-0.0020773999999999996,-0.0014820000000000005,-0.0109526,-0.012171999999999999,0.00021739999999999954,-0.0117164,0.0070397999999999997,0.00011519999999999998,-0.0014984,-0.00021740000000000019,-0.0045871999999999996,-0.0012467999999999997,0.0041212000000000002,-0.00013020000000000002,-0.0010872,-0.0010937999999999998,-0.0014018000000000001,-0.0001747999999999997,-0.0018107999999999998,0.0035976000000000003,0.0012396,0.0037441999999999996,-0.0010168,0.0019478000000000002,-0.0014214,-3.1999999999999152e-06,-0.0011787999999999998,0.0021657999999999998,0.00027180000000000021,-0.0015411999999999999,-0.0022038000000000001,0.0024410000000000005,0.0059036000000000002,-0.001575,-0.0024158000000000009,0.0040276000000000001,-8.8200000000000301e-05,0.0030474000000000005,0.0078896000000000001,-0.0046746000000000001,-0.0009856000000000001,0.00091120000000000014,0.0044743999999999999,-0.0046324000000000001,-0.0068626,0.0085567999999999998,0.0043420000000000004,-0.001361,0.0036598000000000004,-0.001736400000000001,-0.0051578000000000006,0.0022487999999999996,-0.0088177999999999989,0.0121222,-0.0035759999999999993,0.0062246000000000003,0.0018860000000000014,-0.017967,-0.0011081999999999997,0.0019369999999999999,0.00063200000000000018,0.0012374000000000005,-0.00059559999999999962,-0.0049958000000000008,0.0027106000000000005,-0.0008738000000000001,-0.00079280000000000019,-0.001219,-0.00083960000000000024,0.00037799999999999997,0.0021876,-0.00058980000000000013,-0.00092119999999999973,-0.0046459999999999991,-0.00048100000000000009,-7.5199999999999985e-05,0.0039952,-0.0013979999999999999,0.0023146,-0.00086219999999999982,0.00010839999999999982,0.0031532000000000001,-0.0056132000000000005,0.0023156000000000001,-0.0016265999999999995,-0.0025744000000000001,-0.00010520000000000001,0.0081884000000000002,-0.0042528000000000002,0.0027485999999999999,0.0037095999999999995,0.00010600000000000019,-0.0089258000000000011,0.00099280000000000006,0.0080991999999999991,0.00049120000000000001,0.0016672,0.0036839999999999998,0.0043353999999999997,-0.0084966,-0.0038122000000000004,-0.0054566000000000007,-0.0014684000000000003,0.00051540000000000006,0.0095281999999999988,-0.00346,-0.0013786000000000002,-0.0017848,-0.0028731999999999994,-0.0081825999999999999,-0.005143,0.016649000000000001,-0.0016880000000000005,0.0069414000000000003,-0.0030585999999999999,0.00091199999999999994,-0.0016570000000000001,-0.00012199999999999994,0.00079479999999999991,0.00067899999999999992,0.0037427999999999997,-0.0011888000000000003,0.0013738000000000001,0.0023265999999999998,-0.0012041999999999999,0.0018514,0.00013739999999999998,-5.2399999999999864e-05,0.0017255999999999999,0.00094460000000000008,0.0011264000000000003,0.00022400000000000013,0.0015535999999999998,-0.00093439999999999994,-0.00070819999999999998,-0.002196,0.00044039999999999997,0.0024514000000000003,-0.00034180000000000007,-0.0012309999999999999,-0.00027439999999999995,0.00020239999999999993,-0.0019747999999999996,-0.0017614,-0.00016319999999999987,0.0031148,-0.00044220000000000012,0.00082619999999999981,0.0014267999999999998,-0.004308600000000001,0.0010288000000000001,-0.0046294000000000005,-0.0030276000000000001,0.0037683999999999999,-0.0030430000000000001,-0.0024651999999999999,0.0004731999999999999,0.0008035999999999998,-0.00029860000000000005,0.00065660000000000002,0.0028309999999999997,0.0015763999999999999,0.0014463999999999998,0.0027376000000000002,-0.0001800000000000002,-0.0062697999999999999,0.0036494000000000006,0.0019060000000000001,-0.0016562,0.0048453999999999997,-0.00085099999999999976,-0.0044605999999999995,0.00077460000000000007,0.0044568000000000003,0.00046380000000000032,0.00088040000000000015,0.0014887999999999998,0.0083561999999999994,-0.0067147999999999999,0.00049299999999999995,-8.6799999999999996e-05,0.00058780000000000008,0.0010938,-0.0019498000000000002,0.0012006000000000005,-0.00049879999999999998,-0.0013864000000000001,-0.00071059999999999993,-0.0023792000000000006,3.0599999999999985e-05,-0.00030739999999999999,0.0004955999999999999,0.0011306000000000001,0.0026335999999999998,-0.00099700000000000006,-0.0020612,-0.0018454000000000001,0.00086019999999999998,0.0025084000000000005,-0.00041100000000000007,0.00096340000000000011,0.0011119999999999997,-0.00044599999999999989,-0.00081159999999999978,0.00011420000000000015,-0.0021495999999999998,0.00080299999999999989,-0.00023459999999999996,0.00070859999999999999,-0.0019962000000000001,-0.0006234000000000003,5.6799999999999971e-05,-0.0012072000000000001,0.0027470000000000007,-8.8199999999999975e-05,0.0027044,0.00018719999999999989,0.0051620000000000008,0.00063860000000000024,-0.0048668000000000001,-0.0039148000000000004,0.00074220000000000015,-0.0029156000000000008,-0.0031465999999999998,0.0026186,-0.00053659999999999982,0.0032122000000000001,-0.0027068000000000005,0.0007132000000000001,-0.0039207999999999995,-0.00040499999999999998,0.0038755999999999999,0.00073539999999999999,0.0023584000000000001,0.0013821999999999997,-0.00010520000000000006,-0.0022641999999999996,0.0039386000000000004,-0.0033874000000000005,0.0017763999999999998,0.0027023999999999993,0.0038152000000000004,0.0024649999999999997,-0.0090532000000000008,0.0011785999999999999,-0.0045189999999999996,-0.00039059999999999963,0.00020139999999999958,0.0011128000000000002,0.00023919999999999999,-0.00094440000000000008,-0.00081999999999999998,0.0025531999999999998,-0.0017608000000000001,0.00033520000000000002,0.00021999999999999998,0.00075880000000000001,-0.00068860000000000004,-0.0019774000000000003,0.0014483999999999999,-0.0006418000000000002,-0.0014136000000000001,0.0018180000000000002,0.00032659999999999992,0.00095219999999999994,-0.00021179999999999994,-0.00083160000000000005,-0.0012197999999999998,-0.0017238000000000004,0.00079440000000000023,-0.00053179999999999992,0.00095460000000000011,0.00071720000000000009,-0.00036279999999999993,-0.00035979999999999996,-0.00041639999999999988,-0.00099740000000000028,0.0014552000000000002,-0.00027020000000000012,-0.00012080000000000001,0.0013904,-9.5599999999999993e-05,-0.0011507999999999998,-0.0028823999999999998,-0.0025561999999999998,-9.0200000000000078e-05,-0.0024949999999999998,-0.00013739999999999998,0.00098900000000000008,0.0013559999999999998,-0.00094240000000000014,0.0019227999999999999,4.220000000000005e-05,0.0022447999999999999,-0.0020690000000000001,-0.0014922,0.00096080000000000015,-0.0016920000000000001,0.0022531999999999995,0.0018154,0.00030999999999999984,0.00010099999999999974,0.0001433999999999998,-0.0025372000000000003,0.0015776000000000002,-0.0033817999999999999,-0.0014242,0.0028585999999999998,-0.0022049999999999999,0.0042342000000000005,-0.0033993999999999995,-0.0030423999999999998,-0.0011895999999999999,-0.00043020000000000005,-0.0057494,0.0034375999999999999,-0.00086780000000000017,0.0073962000000000003,0.0037659999999999985,-0.0028412000000000003,0.0061408000000000001,-0.0065103999999999995,0.00044040000000000013
aug_between_class_right_pair0035_child08,TLE,1,1,Augmented,0,0,0,0,0,0.33021280000000003,2.0061732000000001,9.9999999999999995e-08,-1.9e-06,9.9999999999999969e-08,1.0044782000000001,0,0.067174600000000001,-0.1534307,0.031654100000000004,0.11147600000000001,-0.097014100000000006,0.098798300000000006,-0.0066677999999999998,0.010823299999999999,-0.034732799999999994,-0.12500069999999999,0.36029410000000001,-0.047595000000000005,-0.065313200000000002,0.1023926,-0.019655200000000001,-0.013499000000000001,-0.0087274000000000015,-0.051921300000000004,0.023053300000000002,0.061299900000000004,-0.0042277999999999968,0.0077724999999999982,-0.075751700000000005,0.0278553,0.032117699999999999,-0.0065637000000000022,-0.009996399999999999,0.016581000000000002,-0.056890300000000005,0.038535800000000002,-0.038739200000000001,-0.10950119999999999,0.091134500000000007,-0.052364099999999997,0.1985026,-0.064587099999999995,0.011926299999999999,-0.002029,-0.0090965000000000004,-0.0087360000000000007,0.0087667999999999999,0.014944699999999998,-0.0020692000000000002,-0.0075066999999999998,-0.0051164999999999995,-0.032743899999999999,0.016776800000000001,0.034253600000000002,0.0263054,0.030363899999999999,-0.013064300000000001,-0.0023482000000000004,0.015498399999999999,-0.050874600000000006,-0.0020904999999999999,-0.0024632,-0.0065529999999999981,0.033338099999999996,-0.076499600000000001,-0.006942600000000001,-0.0096582999999999981,-0.054467799999999997,0.015647500000000002,-0.00034860000000000002,-4.7499999999999962e-05,0.015758500000000002,0.0080514000000000002,0.0077667000000000005,0.010253700000000001,0.011039199999999999,0.00085279999999999991,0.010874999999999999,-0.00032180000000000012,0.0079889999999999996,-0.022001800000000002,0.0047847999999999996,0.011180000000000001,0.0075488999999999999,0.00011989999999999831,-0.020889999999999999,0.0144879,-0.022116400000000001,-0.0061915,-0.0077185000000000014,-0.0012463999999999999,0.0036486999999999995,-0.0039588999999999996,-0.015421400000000002,0.0063669,-0.012061799999999999,-0.0056510999999999992,0.0389421,-0.0070065000000000006,0.023252500000000002,-0.0066701999999999994,0.0059258000000000002,0.0014414000000000002,-0.0025923999999999999,-0.0087380999999999986,0.0093948999999999994,0.00099590000000000008,-0.012544099999999999,-0.0007425,0.0018701000000000004,-0.0020208000000000001,-0.0054154999999999993,0.0020119999999999999,0.015440099999999998,0.0024681,0.0038991,0.0105532,-0.0070330000000000002,-0.0014856000000000005,-0.0069743999999999995,0.0047486000000000004,0.0020918999999999998,-0.0089136000000000007,0.013252199999999999,0.0016195000000000003,0.00032739999999999983,-0.0055834999999999999,-0.0084591000000000006,0.0040837,0.0091342000000000003,0.0018064999999999999,0.0097067999999999998,-0.0100099,-0.0092811000000000005,-0.0088360000000000001,-0.0140512,-0.0083041,-0.00011780000000000004,-0.0124443,0.0095242,-0.0017936000000000002,0.0034829000000000001,0.0010522000000000001,0.0018202999999999997,-0.00093660000000000032,-0.00061210000000000019,0.0042723000000000014,0.0021865000000000001,-0.0025159000000000002,0.0038600000000000001,-0.0021880000000000003,0.0011103,-0.0020931000000000001,-0.0013636000000000002,-0.0067099000000000004,-0.0048171000000000004,-0.0013486000000000001,-0.006095699999999999,-0.0084244000000000003,-0.0063121000000000002,0.0091643000000000002,-0.0007708000000000003,0.0017764,-0.0037526,0.0043160000000000004,-0.0099474000000000003,-0.0025609000000000001,-0.0073684000000000006,0.0076362999999999986,0.0030863999999999996,-0.0048423000000000008,0.0076475999999999992,-0.0087620000000000007,0.0019004999999999998,-0.00014300000000000077,0.0118175,0.0061646000000000001,0.015358699999999999,-0.0018121999999999999,-0.0022220000000000009,-0.0097818000000000002,-0.0121025,-0.0004318000000000002,-0.011322200000000001,0.0067308999999999997,-0.0003458999999999999,-0.0018596999999999999,-0.00049370000000000035,-0.0046251,-0.0010784000000000002,0.0044456000000000001,-0.00023109999999999993,-0.0010736000000000001,-0.00095289999999999958,-0.0016144,-0.00013790000000000026,-0.0014623999999999998,0.0034068000000000006,0.0016983000000000002,0.0039975999999999996,-0.00080939999999999994,0.0021398999999999997,-0.0013382000000000003,0.00020690000000000004,-0.0010523999999999998,0.0023714000000000001,0.00020890000000000014,-0.0016305999999999998,-0.0020138999999999999,0.0025149999999999999,0.0056118000000000001,-0.0014039999999999999,-0.0029674000000000002,0.0038213000000000001,-0.00067010000000000019,0.0035227000000000001,0.0077718000000000006,-0.0048313000000000002,-0.0012593000000000001,0.0011011,0.0048287,-0.0056887000000000005,-0.0075318,0.0091158999999999997,0.0042135000000000002,-0.0013404999999999999,0.0045949000000000007,-0.0025782000000000001,-0.0046524000000000001,0.0020634,-0.0092393999999999983,0.012560099999999998,-0.0049984999999999995,0.0064548000000000001,0.002461500000000001,-0.018290000000000001,-0.0011405999999999999,0.0019724999999999999,0.00081950000000000035,0.0014142,-3.6299999999999961e-05,-0.0054479000000000003,0.0029897999999999999,-0.00098940000000000009,-0.0009184000000000001,-0.0011614999999999998,-0.00065880000000000018,0.00021899999999999998,0.0023588000000000003,-0.00086889999999999992,-0.00086009999999999982,-0.0048994999999999993,-0.00057350000000000001,-0.0001071,0.0040301,-0.0012905,0.0025102999999999996,-0.00091659999999999984,-0.00022280000000000043,0.0033246,-0.0058811000000000002,0.0026708000000000001,-0.0014717999999999999,-0.0027857000000000003,-7.9599999999999983e-05,0.0091717000000000014,-0.0047643999999999994,0.0027397999999999997,0.0038062999999999999,0.00034249999999999992,-0.0095209000000000005,0.0013164000000000001,0.0080170999999999992,0.0008336000000000001,0.0016290999999999999,0.0036895000000000001,0.0038062,-0.0088147999999999994,-0.0038306,-0.0061303,-0.0012962000000000004,0.00040319999999999983,0.0096075999999999991,-0.0035535000000000002,-0.0018993,-0.0024424,-0.0031821000000000002,-0.0090358000000000001,-0.0050549999999999987,0.016839,-0.0018820000000000002,0.007303200000000001,-0.0031243000000000009,0.00061049999999999993,-0.0017430000000000002,-1.8499999999999975e-05,0.00067139999999999995,0.00056249999999999985,0.0038689000000000002,-0.0015664000000000003,0.0014959000000000001,0.0024153000000000004,-0.0011825999999999998,0.0018406999999999998,-5.6299999999999905e-05,0.00017730000000000008,0.0015853,0.0010888,0.0013027,0.00038949999999999998,0.0016873000000000001,-0.0006927000000000003,-0.00061059999999999977,-0.0024494999999999999,0.00042269999999999992,0.0029362000000000004,-0.00060189999999999994,-0.0010825000000000001,-0.00027519999999999997,3.5699999999999946e-05,-0.0018474000000000001,-0.0022442,6.5900000000000043e-05,0.0034469000000000001,-0.00057760000000000005,0.0012390999999999999,0.0015849000000000002,-0.0045313000000000011,0.0013099000000000001,-0.0053917000000000001,-0.0029452999999999997,0.0035891999999999999,-0.0030230000000000001,-0.0022456000000000004,0.00031809999999999987,0.00016279999999999984,-0.00027680000000000001,0.00058029999999999996,0.0025239999999999998,0.0011102,0.0015756999999999995,0.0033833000000000001,-0.00051350000000000007,-0.0064638999999999999,0.0039562,0.0021735000000000001,-0.0018450999999999997,0.0046242000000000002,-0.00053849999999999992,-0.0049933,0.0006393000000000002,0.0048533999999999999,0.0010763999999999991,0.00054219999999999984,0.0013668999999999999,0.0080800999999999998,-0.0064319000000000008,0.00040650000000000012,-7.4900000000000032e-05,0.00064290000000000007,0.0010909000000000001,-0.0021863999999999998,0.0015602999999999997,-0.00044040000000000003,-0.0013812000000000002,-0.00062429999999999994,-0.0025231000000000003,-1.6699999999999972e-05,-0.00037969999999999996,0.00035129999999999997,0.0010322999999999999,0.0024193000000000001,-0.00091049999999999985,-0.0020625999999999999,-0.0020601999999999999,0.00081359999999999994,0.0026632000000000001,-0.00051599999999999997,0.0009967000000000001,0.0011194999999999998,-0.000272,-0.00038829999999999973,0.00037660000000000005,-0.0021478000000000001,0.00065600000000000001,-0.00011179999999999995,0.00052030000000000002,-0.0021186,-0.0009467000000000003,0.00011440000000000007,-0.0012765999999999999,0.0030145000000000003,-0.00012560000000000002,0.0029717000000000003,1.3600000000000005e-05,0.0053565000000000002,0.00083130000000000009,-0.0053609,-0.0038228999999999997,0.00081510000000000003,-0.0033392999999999999,-0.0028113000000000001,0.0031592999999999999,-0.00037479999999999989,0.0029380999999999999,-0.0030614000000000006,0.0010326000000000001,-0.0042983999999999991,-0.00035000000000000005,0.0043642999999999998,0.00075719999999999976,0.0027196999999999998,0.0011695999999999998,-8.7599999999999961e-05,-0.0019845999999999996,0.0037992999999999998,-0.0037106999999999999,0.0014522000000000001,0.0025206999999999994,0.0041311000000000004,0.0021479999999999997,-0.0091146000000000005,0.0012057999999999999,-0.0046339999999999992,0.00013119999999999972,-0.00041580000000000013,0.0013108999999999998,0.00015809999999999999,-0.0010677,-0.0008855,0.0030486000000000003,-0.0018778999999999998,0.0003191,0.00025299999999999992,0.00098390000000000001,-0.00091029999999999995,-0.0020071999999999998,0.0013791999999999999,-0.00092640000000000018,-0.0014038,0.0020580000000000004,0.00012979999999999996,0.00095060000000000012,-0.00017889999999999996,-0.00083980000000000014,-0.0012458999999999999,-0.0020094000000000006,0.0010047000000000001,-0.00051489999999999999,0.0011948000000000002,0.00074260000000000005,-0.0003034,-0.00051789999999999996,-9.469999999999993e-05,-0.0012087000000000001,0.0015671000000000001,-0.00040660000000000007,-0.00013440000000000001,0.0011967,-5.8799999999999966e-05,-0.0011608999999999996,-0.0030857000000000002,-0.0023720999999999998,-0.00024810000000000001,-0.0022989999999999998,-9.0200000000000024e-05,0.0011325,0.0013500000000000001,-0.0010522000000000003,0.0020618999999999998,0.00018660000000000004,0.0022458999999999999,-0.0023370000000000001,-0.0011651000000000001,0.00098539999999999999,-0.0018740000000000002,0.0021331000000000002,0.0019162000000000001,0.00018949999999999989,2.5999999999999981e-05,-0.00014780000000000001,-0.0027780999999999999,0.0016603000000000002,-0.0036169000000000001,-0.0011431,0.0029328000000000002,-0.0022585000000000001,0.0044181000000000003,-0.0035336999999999999,-0.0028657000000000001,-0.0011003000000000002,-0.0003681,-0.0059327,0.0031132999999999994,-0.00088540000000000038,0.0079606,0.0035005000000000001,-0.0027955999999999996,0.0061334000000000007,-0.0069592000000000005,0.00079470000000000007
aug_between_class_right_pair0036_child01,Healthy,0,0,Augmented,0,0,0,0,0,0.29307319999999998,1.9866816999999999,-9.0000000000000007e-07,-9.9999999999999995e-08,0,0.98593660000000005,0,0.038151200000000003,-0.12056439999999999,0.056728500000000015,0.084442700000000009,-0.067573499999999995,0.073478399999999999,-0.0058852000000000002,0.0076948000000000008,-0.0073439999999999998,-0.1027368,0.31789799999999996,-0.14428369999999999,0.032938800000000004,0.074252700000000005,-0.0097391999999999999,-0.010419900000000001,-0.0056226999999999996,-0.058615100000000003,0.030823300000000001,0.014675500000000001,-0.062737199999999993,0.00067400000000000012,-0.099156899999999992,0.008514299999999999,0.036526400000000001,-0.0181295,0.029821500000000001,0.015148600000000002,-0.037494199999999998,0.036777700000000003,-0.058325200000000001,-0.019638400000000004,0.114428,-0.025793699999999999,0.1778815,-0.038504000000000004,0.0126672,-0.0061980999999999998,0.0037540000000000004,-0.014142099999999999,0.0042892000000000008,0.045499000000000005,-0.0039889000000000001,-0.0081838999999999992,-0.0168589,-0.0278179,0.012400699999999999,0.025075,0.021357600000000001,0.0071777999999999998,-0.0053432000000000002,0.010573900000000001,0.0076648999999999988,-0.041810300000000002,0.0123286,0.00061840000000000007,-0.00044159999999999989,0.031751500000000002,-0.095693700000000007,0.00056680000000000098,-0.054298899999999997,-0.014193799999999999,-0.00056390000000000086,-0.0031973999999999995,0.0028251999999999999,0.0180273,0.0067162000000000003,0.0012532999999999999,-0.0077770000000000001,0.0077031000000000001,0.0089651000000000002,-0.0063225999999999994,0.0054765000000000005,0.0024943999999999995,-0.0059734999999999996,0.0036232999999999999,0.0046064999999999995,0.0012422000000000006,-0.0090404000000000005,-0.0171819,0.030683100000000005,-0.0177392,-0.0067713000000000001,-0.0026040999999999998,-0.00058679999999999974,-0.0035656000000000004,-0.0095711000000000008,-0.0078478999999999997,0.0044839000000000007,-0.019380700000000001,0.0057489000000000004,0.0179361,0.0030559999999999997,0.030794700000000001,-0.011096200000000001,-0.0032752999999999988,0.00016069999999999995,-0.00025969999999999986,-0.0048529000000000003,0.0093968000000000003,-0.0027558999999999999,-0.0004603999999999997,-0.00056230000000000006,0.0054023000000000005,-0.0013512000000000001,-0.0054973000000000001,0.0084019000000000003,0.0096889000000000003,0.0058019000000000005,-0.0019051000000000003,0.0124431,-0.0077101000000000001,0.0021167,-0.0035749999999999996,0.0066503000000000005,0.0032288999999999998,-0.0033384999999999999,0.0081543000000000015,-0.0054108000000000003,0.0084989999999999996,-0.016878600000000001,0.0049107000000000005,0.0048497000000000002,-0.0042262000000000003,0.0061699000000000007,-0.0084779,-0.0127525,-0.0040561,-0.023094500000000004,-0.0036538999999999999,0.0052228999999999991,0.0010709000000000001,0.0058049,-0.0015754999999999996,-0.00058079999999999981,-0.0043236999999999998,0.0011383000000000001,-0.0024079000000000001,-0.0034615999999999996,0.0051226000000000006,-0.0077360999999999992,0.0024586,-0.00035659999999999989,0.0076885000000000009,0.0085810999999999978,0.00022380000000000013,0.0034910000000000002,-0.0013486000000000001,0.00011090000000000015,0.00028450000000000003,0.0035526999999999998,9.4499999999999966e-05,0.0021362000000000004,-0.0025188999999999997,0.0030979999999999996,0.0030199000000000003,-0.0032415999999999999,-0.0022848999999999999,-0.00037839999999999966,-0.0013987000000000001,-0.0031872000000000003,-0.0124312,0.00078350000000000013,0.0074373000000000009,0.0106386,0.0061057999999999998,0.0014125000000000006,0.00315,0.0094743999999999991,0.0048235999999999999,-0.0051818000000000012,0.0050832999999999998,3.7200000000000254e-05,0.0045005000000000002,-0.017793700000000003,-0.0012177000000000004,-0.00015620000000000022,-0.0028422999999999999,0.0085780000000000006,-0.00016589999999999986,-0.0041063999999999996,0.0012518,-0.0040789000000000008,0.00058920000000000023,-0.00064829999999999987,-0.0012775000000000004,0.0011640000000000003,-0.0042383000000000004,-0.00021559999999999993,0.0053173999999999999,-0.0029900000000000005,-0.0022034999999999997,0.00045189999999999998,0.000455,0.0057635000000000013,-0.001392,0.00044349999999999983,-0.00086310000000000033,-0.0031416999999999999,-0.0010187,0.0051108999999999998,-0.0020248000000000002,7.2100000000000289e-05,0.0071671000000000009,0.0066069000000000006,-0.00040220000000000013,-0.00053809999999999991,0.0038821999999999997,-0.00083200000000000006,-0.0042265000000000002,0.00028499999999999966,-0.0022361000000000004,-0.0049621000000000005,-0.00033370000000000014,0.0086411000000000005,0.0013638999999999997,0.00043559999999999996,0.0013530999999999999,0.0078647000000000005,-0.0028514,0.0052598000000000002,0.0020312000000000004,0.0054181000000000003,0.00057240000000000004,0.002222,0.0031575000000000002,-0.0006990000000000017,0.0026925999999999999,-0.0117234,0.0012351999999999997,0.00080499999999999929,0.0014672999999999999,-0.0011071,-0.00028489999999999999,-0.0021275000000000001,-0.0013959,-0.0045692999999999992,0.00089860000000000005,-0.0011892000000000001,-0.0018388999999999996,-0.0021413000000000001,-0.00047659999999999998,0.0022972000000000001,-0.0012907000000000001,0.00070850000000000004,0.002271,0.00075339999999999999,-0.0011432,0.004751,-0.00092909999999999998,-0.0004502000000000001,0.0023175999999999995,0.0018172999999999998,0.0011086,-0.0025948999999999998,0.0012102999999999999,0.0012944,-0.0015753999999999998,0.00090149999999999985,0.00078929999999999972,0.0033042000000000002,0.00089170000000000004,-0.00057390000000000002,0.0062944999999999997,0.00038339999999999989,-0.0034499000000000001,0.0010109000000000003,-0.00052929999999999991,-0.0015967000000000002,0.00057019999999999944,-0.0010958999999999997,-0.00035959999999999985,-1.7099999999999982e-05,-0.00069830000000000001,-2.3000000000000451e-05,-0.0014473000000000001,0.0014062,-0.0016797000000000001,-0.00065089999999999994,-0.0036892000000000001,0.0017786,0.0016467999999999999,0.0086239000000000003,0.0024574999999999996,0.0021406999999999997,0.0013972000000000001,-0.015143,0.0012259,-0.00019450000000000001,0.0001161,0.0013168000000000001,0.0024754,-0.0013951,-0.0027126999999999993,-0.00098749999999999988,0.0024846,-0.0021891999999999997,0.0005195,0.00034540000000000005,-0.0017172999999999999,0.0010441999999999999,0.00011899999999999997,0.00079170000000000022,-0.0019521,0.00068360000000000003,0.0014066,0.0029088999999999999,0.00044569999999999983,-0.00078750000000000001,-0.00072110000000000002,-0.001054,-0.0011388000000000001,-0.0016069000000000001,0.00057370000000000001,-0.00020760000000000006,0.00017700000000000007,0.001145,-0.0032333000000000001,-0.0020141999999999998,-0.00057179999999999991,-0.0033374000000000003,1.5099999999999662e-05,-0.0025059000000000001,0.0030802999999999998,4.379999999999998e-05,0.0034596000000000002,0.0023096999999999996,-0.00015469999999999997,-0.0014219000000000002,0.0013002000000000001,0.0011100000000000001,0.0019280999999999996,0.0042715000000000001,0.0016707999999999998,-0.00056769999999999998,-0.0040597000000000003,0.0025529000000000003,-0.00082399999999999986,0.00091219999999999995,0.0036446999999999998,-0.0018004,0.0015272,0.0038601999999999998,0.00086489999999999994,0.0016864000000000002,-0.0044726999999999996,0.0033628000000000009,-0.0038124999999999999,0.0025179,0.0057625999999999997,-0.0016064000000000002,-0.0011439,0.00091080000000000002,0.0029028000000000005,-0.0014493000000000002,-0.0017926000000000001,-0.0028116999999999999,-0.00047190000000000003,-4.379999999999998e-05,0.00012640000000000001,0.0022632000000000004,0.00070660000000000004,-0.0011873999999999999,0.00046480000000000002,0.00068620000000000009,-0.0024786999999999999,-0.0014835,-0.00099160000000000003,-0.0030815,0.0006196000000000001,0.0011640999999999999,-0.00067250000000000003,0.00012949999999999995,-0.0013673000000000001,-0.0028803000000000001,-0.0018284,-3.0500000000000003e-05,-0.00098670000000000008,-0.00071500000000000014,-0.0012134000000000003,0.0048082000000000003,-0.0019277000000000001,0.0019220000000000003,0.00091780000000000008,-0.0019860000000000004,0.002477,0.0017110000000000003,0.0025668000000000002,-0.00026039999999999993,-0.0010499000000000003,-0.002751,0.00053330000000000022,-0.0026978999999999996,-0.00057070000000000005,0.0033641999999999995,-0.00060539999999999986,-0.0033333,0.0022334999999999994,-0.0012406000000000001,0.0015433000000000003,0.00025869999999999995,0.0024843,0.0021258000000000002,0.0022564999999999998,-0.00078009999999999993,0.0041859000000000002,0.00082330000000000012,-0.0014035999999999999,-0.0023613000000000002,0.0016133999999999999,0.0042296,0.0025076999999999999,0.00078209999999999998,0.0016641,0.0010225999999999998,0.00099830000000000058,0.00084370000000000007,0.005221700000000001,0.0032382999999999999,-0.0013472,-0.00057090000000000005,0.0008343999999999999,-0.00026739999999999994,-0.00014789999999999996,-0.0001272,-0.00012589999999999997,0.00046089999999999998,0.00036600000000000006,0.0015721999999999997,0.0010138,0.0002564,-0.00090510000000000015,0.00020069999999999995,-0.0001428,-0.00020790000000000004,0.0010530000000000001,0.00046020000000000002,0.0016462,-5.3499999999999999e-05,-0.0014300999999999999,0.00056240000000000001,-0.0013997000000000002,-0.00097799999999999992,0.0010683999999999999,0.0016703999999999998,-0.0015876,0.00011859999999999996,-0.0011418000000000001,0.00046039999999999992,-0.0019429000000000002,-0.00069450000000000002,0.00099379999999999998,-0.0039253999999999999,0.00074980000000000012,0.0016983,-0.00051899999999999993,-0.0012584,7.1900000000000013e-05,0.0012389,0.00044569999999999994,0.0016522999999999998,-0.00086120000000000012,0.00071339999999999999,-0.00084940000000000015,0.0011544000000000001,0.0015225999999999998,-0.00041189999999999977,-0.0027985000000000002,0.00029810000000000004,0.00061189999999999986,-0.0024782000000000003,-0.0018536,0.00060059999999999985,0.0020364000000000003,-0.0023311999999999999,-0.00074710000000000011,0.00053859999999999997,0.00089870000000000032,-0.0030222999999999999,-0.0011069999999999999,0.0010985000000000001,0.00023499999999999997,0.0011499999999999998,-0.0032380999999999998,0.0030236999999999998,0.00098289999999999966,0.0015871000000000001,5.0799999999999934e-05,0.0013662000000000001,0.0033510999999999997,0.0036546000000000009,-0.00034959999999999999,-0.0023265999999999998,-0.0021641,0.0005329
aug_between_class_right_pair0036_child02,Healthy,0,0,Augmented,0,0,0,0,0,0.29005140000000001,1.9805823999999999,-7.9999999999999996e-07,-1.9999999999999999e-07,0,0.98710320000000007,0,0.036321400000000004,-0.1230448,0.053523000000000008,0.084428400000000001,-0.068721000000000004,0.070036799999999996,-0.0063024000000000005,0.0080816000000000013,-0.0062499999999999986,-0.1009626,0.32417699999999999,-0.14151240000000001,0.033254600000000009,0.073777400000000007,-0.0088354000000000002,-0.0115818,-0.0056474000000000003,-0.057338199999999999,0.030857599999999999,0.014982999999999998,-0.0646814,0.00097100000000000007,-0.09921279999999999,0.0080636000000000006,0.038456799999999999,-0.018180999999999999,0.029807000000000004,0.015652199999999998,-0.037896399999999997,0.036176400000000004,-0.057145399999999999,-0.0222388,0.11176799999999999,-0.0258064,0.17926699999999998,-0.039878000000000004,0.012218400000000001,-0.0069782000000000004,0.003517000000000001,-0.0139892,0.0050714000000000002,0.045168,-0.0038118000000000002,-0.0090428000000000001,-0.016492800000000002,-0.0274778,0.0128734,0.025803,0.022874200000000001,0.0069555999999999993,-0.0050134000000000003,0.0103468,0.0071958000000000005,-0.041234600000000003,0.010820200000000002,0.0013287999999999998,-0.00016019999999999988,0.030883000000000004,-0.098824400000000007,-4.239999999999973e-05,-0.053633799999999995,-0.012672599999999999,-0.0015678000000000011,-0.0025698000000000006,0.0026783999999999996,0.0187966,0.0053264000000000002,0.0012145999999999999,-0.0087840000000000001,0.0077911999999999999,0.0089532000000000014,-0.0064711999999999999,0.0048629999999999993,0.0022477999999999999,-0.0065310000000000003,0.0041126000000000001,0.0039909999999999998,0.0015243999999999995,-0.0091877999999999994,-0.016338800000000001,0.029835200000000006,-0.017103399999999998,-0.0059825999999999994,-0.0036791999999999997,-0.0010416000000000002,-0.0033392000000000005,-0.0092011999999999997,-0.0087108000000000012,0.0046527999999999995,-0.0178864,0.0067127999999999997,0.017557200000000002,0.003388,0.029201400000000002,-0.011108400000000001,-0.0025805999999999993,0.00043039999999999994,-2.5400000000000075e-05,-0.0043447999999999994,0.0097316,-0.0032618,5.1999999999999096e-06,-0.00081460000000000007,0.0055886,-0.0011454,-0.0054485999999999996,0.0084898000000000005,0.0101908,0.0054377999999999996,-0.0018752000000000005,0.011747199999999999,-0.0074462,0.0021114000000000003,-0.0031709999999999993,0.0070346000000000002,0.0029428000000000006,-0.0032979999999999997,0.0075066000000000004,-0.0048446000000000001,0.0087890000000000017,-0.0164242,0.0045204000000000008,0.0043003999999999994,-0.0044053999999999994,0.0062538000000000021,-0.0083277999999999998,-0.012417000000000001,-0.0036501999999999997,-0.021876,-0.0049487999999999997,0.0051947999999999994,0.00093980000000000008,0.0055748000000000004,-0.00014799999999999931,-0.00044359999999999972,-0.0041234000000000002,0.0010506000000000001,-0.0027008000000000002,-0.0029071999999999995,0.0048942000000000005,-0.0072561999999999991,0.0021172000000000001,-0.00042120000000000005,0.0075470000000000016,0.0079381999999999994,0.00018259999999999999,0.0033350000000000003,-0.0015341999999999999,0.00023780000000000068,0.00030100000000000005,0.0030084000000000005,-0.00010900000000000016,0.0019354000000000012,-0.0026438,0.0031870000000000002,0.0019608,-0.0027012,-0.0027597999999999998,-0.00072879999999999993,-0.0018933999999999995,-0.0028424000000000001,-0.011613400000000001,0.00099400000000000009,0.0071286000000000006,0.010369199999999999,0.0065646000000000003,-5.999999999999929e-06,0.0022820000000000002,0.0088848,0.0052951999999999999,-0.0042056000000000003,0.0060635999999999997,-0.00058359999999999922,0.0048120000000000003,-0.0178134,0.00076159999999999965,-4.7400000000000176e-05,-0.0025425999999999995,0.0082760000000000004,0.00082920000000000021,-0.0038917999999999999,0.0011996000000000001,-0.0040638000000000011,0.00053340000000000028,-0.00020560000000000001,-0.0012560000000000002,0.00092100000000000016,-0.0040975999999999999,3.1800000000000014e-05,0.0052218000000000004,-0.003215,-0.0022900000000000004,-4.4200000000000099e-05,0.00072300000000000001,0.0047830000000000008,-0.001771,0.0001569999999999998,-0.0007672,-0.0028934,-0.00067439999999999991,0.0049748000000000006,-0.0020685999999999999,-0.00030779999999999957,0.0070392000000000007,0.0062908000000000009,-0.00033839999999999988,-0.00040120000000000021,0.0041744,-0.0014779999999999999,-0.0041179999999999993,8.3999999999999873e-05,-0.0019032000000000003,-0.0039952000000000008,-0.00025540000000000003,0.0087892000000000005,0.00067679999999999975,0.0010791999999999998,0.00098119999999999978,0.0073644000000000001,-0.0027627999999999997,0.0051876000000000005,0.0015394000000000002,0.0054762000000000005,0.00043380000000000003,0.0018469999999999997,0.0027520000000000001,-0.0013020000000000002,0.0030401999999999998,-0.0116238,0.00075340000000000042,0.00037799999999999986,0.0016026,-0.0010612,-0.00064979999999999997,-0.001905,-0.0011707999999999998,-0.0043186000000000006,0.00091920000000000023,-0.0012754000000000001,-0.0015387999999999997,-0.0022805999999999998,-0.00030120000000000006,0.0024834000000000002,-0.0013083999999999999,0.00063600000000000006,0.0025950000000000005,0.00081680000000000012,-0.00087640000000000016,0.0047790000000000003,-0.00093720000000000001,-0.00031940000000000017,0.0017292000000000002,0.0016266,0.0013371999999999998,-0.0027597999999999998,0.0016585999999999999,0.0014457999999999999,-0.0014997999999999997,0.0005489999999999999,0.0004745999999999995,0.0027594,0.00076740000000000011,-0.0002677999999999999,0.0060439999999999999,0.00032280000000000026,-0.0031548000000000006,0.00096780000000000043,-0.00082560000000000012,-0.0010694000000000001,0.0010013999999999997,-0.00029379999999999966,-0.00073719999999999949,3.2800000000000038e-05,-0.0003845999999999997,-3.4999999999999875e-05,-0.0012475999999999998,0.0015254000000000001,-0.0019954,-0.00018179999999999987,-0.0035974000000000002,0.0015142000000000001,0.0014156000000000008,0.0080588000000000014,0.0028769999999999993,0.0021484,0.0017304000000000002,-0.015127999999999999,0.0013527999999999999,-0.00033,1.3199999999999996e-05,0.0013946000000000002,0.0022398000000000001,-0.0011772000000000002,-0.0027704000000000001,-0.00093700000000000012,0.0023522,-0.0022133999999999999,0.00062399999999999999,0.00075880000000000001,-0.0014976,0.0010613999999999999,0.00011999999999999999,0.00065839999999999996,-0.0015681999999999998,0.00045819999999999997,0.0014622000000000001,0.0028347999999999997,0.00023740000000000013,-0.00051199999999999998,-0.00047620000000000008,-0.00083399999999999989,-0.0012656,-0.0016288000000000001,0.0003074000000000001,-0.0006062000000000001,2.1000000000000077e-05,0.0012829999999999999,-0.0029776,-0.0018233999999999998,-0.00065959999999999999,-0.0032668000000000003,-0.00057780000000000028,-0.0024288000000000005,0.0031325999999999997,0.00014859999999999993,0.0034851999999999999,0.0019023999999999998,-0.00048039999999999997,-0.0012697999999999997,0.0011784,0.0010630000000000001,0.0017881999999999996,0.0044190000000000002,0.0016806,-0.00087640000000000005,-0.0039734000000000002,0.0019038,-0.00080899999999999982,0.0010923999999999999,0.0036394000000000005,-0.0018477999999999999,0.0011144000000000002,0.0035774000000000001,0.00099080000000000001,0.0011048000000000002,-0.0038014000000000012,0.0038856000000000003,-0.0035609999999999999,0.0025507999999999998,0.0050251999999999996,-0.0021678000000000001,-0.0010658,0.00088160000000000018,0.0026746000000000001,-0.0011666000000000003,-0.0018572000000000003,-0.0025914000000000002,-0.00050080000000000003,0.00014540000000000001,0.00017980000000000006,0.0021053999999999999,0.00072720000000000011,-0.00098480000000000009,0.00059960000000000005,0.00055540000000000006,-0.0022623999999999999,-0.0015400000000000001,-0.0011202,-0.0028530000000000001,0.00061519999999999999,0.0010031999999999999,-0.00079200000000000006,-0.000134,-0.0012986,-0.0028406,-0.0019808,-4.1000000000000014e-05,-0.00065839999999999996,-0.00064800000000000036,-0.00083980000000000014,0.0043023999999999996,-0.0015734000000000004,0.0013410000000000004,0.0010806000000000001,-0.0017880000000000003,0.0021720000000000003,0.001523,0.0025875999999999998,-0.00048480000000000002,-0.00091480000000000077,-0.0027290000000000001,0.00043359999999999991,-0.0024957999999999998,-0.00040539999999999999,0.0032783999999999999,-0.00063279999999999999,-0.0034976,0.0021729999999999996,-0.00087319999999999997,0.0015256000000000004,0.00063239999999999998,0.0020276000000000001,0.0020156000000000002,0.0019840000000000001,-0.0010652000000000001,0.0032878000000000004,0.0010336,-0.0010942,-0.0020376000000000001,0.0014157999999999998,0.0041641999999999998,0.0023463999999999998,0.00040820000000000049,0.0016512,0.0011451999999999999,0.00092960000000000091,0.0011324,0.004874400000000001,0.0027775999999999999,-0.0012874000000000002,-0.00054679999999999996,0.00069380000000000006,-0.00032579999999999995,5.6200000000000011e-05,8.3600000000000053e-05,-0.00039179999999999998,0.00036879999999999997,0.00056700000000000001,0.0012874,0.00085060000000000018,8.0800000000000012e-05,-0.00060920000000000017,6.1399999999999975e-05,6.3999999999999929e-06,-0.00013880000000000004,0.0009720000000000001,0.00028239999999999998,0.0017214000000000001,-5.3999999999999957e-05,-0.0012992000000000004,0.00067279999999999987,-0.0011944,-0.0009369999999999999,0.0011178,0.0015238000000000001,-0.0013752,0.00022119999999999996,-0.0010796,0.00060880000000000005,-0.0019208000000000003,-0.00063500000000000004,0.00097959999999999996,-0.0037107999999999998,0.00070859999999999999,0.0017615999999999999,-0.00045899999999999999,-0.0010998,9.5799999999999998e-05,0.0010928000000000001,0.00061939999999999999,0.0013195999999999998,-0.0007404,0.00060080000000000008,-0.0007758000000000001,0.0011158000000000001,0.0014972,-0.00028079999999999989,-0.0025210000000000007,0.00040519999999999998,0.00038679999999999986,-0.0022564000000000004,-0.0017381999999999996,0.00031819999999999993,0.0023288000000000002,-0.0023544,-0.00071319999999999999,0.00033120000000000003,0.00050140000000000015,-0.0027756,-0.0010150000000000001,0.0010380000000000001,0.00045899999999999977,0.0006749999999999996,-0.0033492000000000001,0.0030003999999999999,0.00089780000000000014,0.0016362000000000002,0.00022659999999999987,0.0011793999999999999,0.0027821999999999999,0.0030402000000000007,-0.00064319999999999991,-0.0020471999999999999,-0.0017661999999999999,0.00038280000000000003
aug_between_class_right_pair0036_child03,Healthy,0,0,Augmented,0,0,0,0,0,0.2870296,1.9744831,-6.9999999999999986e-07,-2.9999999999999993e-07,0,0.98826979999999998,4.1359030627651384e-25,0.034491600000000004,-0.1255252,0.050317500000000001,0.084414100000000006,-0.0698685,0.066595200000000007,-0.0067196000000000001,0.0084684000000000009,-0.0051560000000000009,-0.09918840000000001,0.33045599999999997,-0.13874110000000001,0.0335704,0.073302099999999995,-0.007931599999999997,-0.0127437,-0.0056720999999999994,-0.056061300000000001,0.0308919,0.0152905,-0.066625599999999993,0.001268,-0.099268699999999988,0.0076128999999999997,0.040387200000000005,-0.018232499999999999,0.0297925,0.016155799999999998,-0.038298600000000002,0.035575099999999998,-0.055965600000000004,-0.024839200000000002,0.109108,-0.025819099999999998,0.18065249999999999,-0.041252000000000004,0.0117696,-0.007758300000000001,0.0032799999999999982,-0.013836300000000001,0.0058536000000000005,0.044837000000000002,-0.0036347000000000003,-0.0099016999999999994,-0.016126700000000001,-0.027137700000000001,0.0133461,0.026531000000000002,0.024390800000000001,0.0067334000000000022,-0.0046836000000000004,0.010119699999999999,0.0067267000000000004,-0.040658899999999998,0.0093118000000000003,0.0020391999999999997,0.00012120000000000034,0.030014500000000003,-0.10195509999999999,-0.00065160000000000131,-0.052968699999999994,-0.011151400000000001,-0.0025716999999999997,-0.0019421999999999998,0.0025315999999999997,0.019565900000000001,0.0039366000000000002,0.0011758999999999999,-0.0097910000000000011,0.0078793000000000005,0.0089412999999999992,-0.0066197999999999995,0.0042494999999999998,0.0020011999999999999,-0.0070885000000000011,0.0046018999999999999,0.0033755000000000005,0.0018065999999999994,-0.0093352000000000001,-0.015495699999999999,0.028987300000000001,-0.016467599999999999,-0.0051938999999999996,-0.0047543000000000004,-0.0014964000000000006,-0.0031127999999999998,-0.0088313000000000003,-0.0095736999999999992,0.0048216999999999999,-0.0163921,0.0076766999999999998,0.017178300000000001,0.0037199999999999998,0.0276081,-0.0111206,-0.0018858999999999985,0.00070009999999999994,0.00020889999999999971,-0.0038367000000000002,0.0100664,-0.0037677000000000001,0.00047079999999999995,-0.0010669,0.0057749000000000003,-0.00093960000000000007,-0.0053999,0.0085777000000000006,0.010692700000000001,0.0050736999999999996,-0.0018452999999999998,0.0110513,-0.0071823,0.0021061000000000001,-0.0027670000000000004,0.0074189,0.0026566999999999997,-0.0032575,0.0068589000000000002,-0.0042783999999999999,0.0090790000000000003,-0.015969799999999999,0.0041301000000000003,0.0037511000000000003,-0.0045845999999999986,0.0063376999999999999,-0.0081776999999999996,-0.012081500000000002,-0.0032442999999999994,-0.020657500000000002,-0.0062437000000000005,0.0051666999999999998,0.00080869999999999998,0.0053447,0.0012795000000000007,-0.00030640000000000008,-0.0039230999999999997,0.00096290000000000004,-0.0029937000000000002,-0.0023527999999999995,0.0046657999999999995,-0.006776299999999999,0.0017758000000000001,-0.00048580000000000021,0.0074055000000000006,0.0072952999999999994,0.00014140000000000008,0.003179,-0.0017197999999999998,0.00036469999999999992,0.00031750000000000007,0.0024640999999999995,-0.00031250000000000028,0.0017346000000000002,-0.0027686999999999998,0.0032760000000000003,0.00090169999999999964,-0.0021608,-0.0032346999999999996,-0.0010792,-0.0023881000000000002,-0.0024976,-0.010795600000000001,0.0012045000000000001,0.0068199000000000003,0.010099799999999999,0.0070233999999999991,-0.0014245000000000004,0.0014139999999999999,0.0082951999999999991,0.0057667999999999999,-0.0032293999999999995,0.0070438999999999996,-0.0012044000000000004,0.0051234999999999996,-0.017833100000000001,0.0027409000000000001,6.1399999999999866e-05,-0.0022428999999999999,0.0079740000000000002,0.0018243000000000003,-0.0036771999999999998,0.0011474,-0.0040487000000000006,0.00047760000000000033,0.00023710000000000029,-0.0012344999999999999,0.000678,-0.0039569000000000002,0.00027920000000000006,0.0051262000000000009,-0.0034400000000000003,-0.0023765000000000001,-0.00054030000000000007,0.00099100000000000013,0.0038024999999999999,-0.00215,-0.00012950000000000017,-0.00067130000000000011,-0.0026451000000000001,-0.00033010000000000005,0.0048386999999999996,-0.0021124000000000004,-0.00068769999999999986,0.0069113000000000004,0.0059747000000000003,-0.00027460000000000006,-0.00026429999999999965,0.0044666000000000003,-0.002124,-0.0040094999999999992,-0.00011700000000000013,-0.0015703000000000002,-0.0030283000000000003,-0.00017710000000000013,0.0089373000000000005,-1.030000000000063e-05,0.0017228,0.00060930000000000012,0.0068640999999999997,-0.0026741999999999998,0.0051154,0.0010476000000000001,0.0055342999999999989,0.00029520000000000024,0.0014720000000000002,0.0023465000000000005,-0.0019050000000000013,0.0033877999999999998,-0.0115242,0.00027160000000000031,-4.9000000000001299e-05,0.0017379000000000001,-0.0010153,-0.0010146999999999999,-0.0016825000000000002,-0.00094569999999999995,-0.0040678999999999993,0.00093979999999999997,-0.0013615999999999999,-0.0012386999999999997,-0.0024199,-0.00012580000000000002,0.0026695999999999998,-0.0013261,0.00056349999999999998,0.0029190000000000002,0.00088020000000000004,-0.00060959999999999996,0.0048069999999999996,-0.00094530000000000005,-0.00018860000000000003,0.0011407999999999995,0.0014358999999999999,0.0015658,-0.0029247000000000001,0.0021068999999999997,0.0015972,-0.0014241999999999998,0.00019650000000000003,0.00015989999999999971,0.0022145999999999997,0.00064310000000000018,3.8300000000000172e-05,0.0057935,0.00026219999999999976,-0.0028597000000000002,0.00092470000000000052,-0.0011218999999999999,-0.00054210000000000011,0.0014325999999999996,0.00050830000000000016,-0.0011148000000000004,8.2699999999999896e-05,-7.0900000000000477e-05,-4.6999999999999733e-05,-0.0010479,0.0016446,-0.0023111,0.0002873000000000001,-0.0035056000000000002,0.0012498000000000001,0.0011843999999999991,0.007493699999999999,0.0032965,0.0021560999999999998,0.0020636000000000005,-0.015113,0.0014797,-0.00046550000000000009,-8.9699999999999998e-05,0.0014724,0.0020041999999999998,-0.00095929999999999974,-0.0028280999999999992,-0.00088649999999999992,0.0022198000000000001,-0.0022375999999999997,0.00072849999999999998,0.0011722,-0.0012779,0.0010785999999999999,0.00012100000000000001,0.00052509999999999992,-0.0011842999999999997,0.00023279999999999986,0.0015178000000000001,0.0027607,2.9099999999999894e-05,-0.00023649999999999995,-0.00023129999999999993,-0.00061399999999999996,-0.0013924,-0.0016507,4.1100000000000186e-05,-0.0010047999999999999,-0.00013500000000000003,0.0014209999999999997,-0.0027218999999999998,-0.0016325999999999997,-0.00074739999999999995,-0.0031961999999999997,-0.0011707000000000004,-0.0023517,0.0031848999999999996,0.00025340000000000003,0.0035108000000000001,0.0014950999999999996,-0.00080610000000000013,-0.0011177000000000001,0.0010566,0.001016,0.0016482999999999995,0.0045664999999999994,0.0016903999999999999,-0.0011851000000000001,-0.0038870999999999997,0.0012547000000000001,-0.00079400000000000022,0.0012725999999999998,0.0036340999999999999,-0.0018952000000000001,0.00070160000000000014,0.0032945999999999987,0.0011167,0.00052319999999999992,-0.0031300999999999998,0.0044084000000000007,-0.0033094999999999999,0.0025837,0.0042877999999999996,-0.0027291999999999998,-0.00098769999999999999,0.00085240000000000001,0.0024464000000000005,-0.00088389999999999986,-0.0019218,-0.0023711000000000001,-0.00052969999999999992,0.0003346,0.0002332,0.0019476000000000003,0.00074780000000000007,-0.00078220000000000004,0.00073439999999999996,0.00042460000000000002,-0.0020460999999999995,-0.0015965,-0.0012488,-0.0026245000000000001,0.00061079999999999999,0.00084230000000000004,-0.00091149999999999998,-0.00039749999999999996,-0.0012298999999999999,-0.0028008999999999994,-0.0021332,-5.1499999999999998e-05,-0.00033009999999999995,-0.00058099999999999992,-0.00046620000000000016,0.0037966000000000002,-0.0012191000000000003,0.00076000000000000026,0.0012434,-0.0015900000000000001,0.0018669999999999997,0.0013350000000000002,0.0026083999999999999,-0.0007092,-0.00077970000000000036,-0.0027070000000000002,0.00033389999999999982,-0.0022937000000000001,-0.00024009999999999998,0.0031925999999999994,-0.00066020000000000011,-0.0036619000000000001,0.0021124999999999998,-0.00050579999999999983,0.0015078999999999997,0.0010061,0.0015708999999999999,0.0019054,0.0017114999999999999,-0.0013503,0.0023896999999999998,0.0012439,-0.00078479999999999989,-0.0017138999999999998,0.0012181999999999998,0.0040987999999999997,0.0021851000000000001,3.4299999999999912e-05,0.0016383000000000001,0.0012677999999999999,0.00086090000000000038,0.0014211000000000002,0.0045270999999999992,0.0023169000000000002,-0.0012276000000000001,-0.00052269999999999986,0.00055319999999999989,-0.00038419999999999996,0.00026029999999999993,0.00029440000000000011,-0.00065769999999999999,0.00027669999999999995,0.00076800000000000024,0.0010026,0.00068740000000000012,-9.48e-05,-0.00031329999999999997,-7.7900000000000105e-05,0.00015559999999999993,-6.9700000000000027e-05,0.00089100000000000008,0.00010459999999999997,0.0017965999999999998,-5.4500000000000024e-05,-0.0011682999999999999,0.00078319999999999996,-0.00098910000000000014,-0.00089599999999999999,0.0011672,0.0013771999999999999,-0.0011627999999999999,0.0003237999999999999,-0.0010174000000000001,0.00075719999999999997,-0.0018987000000000001,-0.00057549999999999995,0.00096540000000000005,-0.0034961999999999997,0.00066739999999999996,0.0018249,-0.00039899999999999994,-0.00094119999999999989,0.00011969999999999993,0.00094669999999999976,0.00079309999999999992,0.00098689999999999976,-0.0006196000000000001,0.00048820000000000005,-0.00070220000000000005,0.0010771999999999999,0.0014717999999999999,-0.00014970000000000001,-0.0022435000000000003,0.00051230000000000004,0.00016169999999999986,-0.0020346000000000001,-0.0016227999999999998,3.5799999999999786e-05,0.0026212000000000002,-0.0023776000000000001,-0.00067929999999999998,0.00012380000000000008,0.00010409999999999998,-0.0025289000000000002,-0.00092299999999999999,0.00097750000000000007,0.00068300000000000023,0.00019999999999999966,-0.0034602999999999999,0.0029770999999999999,0.00081269999999999964,0.0016853,0.00040239999999999991,0.00099259999999999995,0.0022133000000000001,0.0024257999999999997,-0.00093679999999999989,-0.0017677999999999997,-0.0013683,0.00023270000000000007
aug_between_class_right_pair0036_child04,Healthy,0,0,Augmented,0,0,0,0,0,0.28400779999999998,1.9683838,-5.9999999999999997e-07,-3.9999999999999993e-07,0,0.98943639999999999,0,0.032661800000000005,-0.1280056,0.047112000000000001,0.084399799999999997,-0.071015999999999996,0.063153600000000004,-0.0071368000000000004,0.0088552000000000006,-0.0040619999999999962,-0.097414200000000006,0.33673500000000001,-0.1359698,0.033886199999999991,0.072826799999999997,-0.0070277999999999981,-0.013905600000000001,-0.0056968000000000001,-0.054784399999999997,0.030926200000000001,0.015597999999999999,-0.0685698,0.001565,-0.099324599999999999,0.0071622000000000005,0.042317600000000004,-0.018283999999999998,0.029777999999999999,0.016659399999999998,-0.0387008,0.034973799999999999,-0.054785800000000003,-0.027439600000000001,0.106448,-0.025831799999999999,0.18203799999999998,-0.042626000000000004,0.011320799999999999,-0.0085383999999999998,0.0030430000000000006,-0.0136834,0.0066358000000000007,0.044506000000000004,-0.0034576000000000003,-0.0107606,-0.0157606,-0.026797600000000001,0.013818799999999999,0.027259000000000002,0.025907400000000001,0.0065112,-0.0043538000000000006,0.0098926000000000014,0.0062575999999999986,-0.040083199999999999,0.0078034000000000003,0.0027495999999999996,0.00040260000000000014,0.029146000000000002,-0.10508580000000001,-0.0012608000000000012,-0.052303599999999992,-0.0096302000000000002,-0.0035756000000000034,-0.0013145999999999998,0.0023847999999999999,0.020335200000000001,0.0025467999999999992,0.0011371999999999999,-0.010798,0.0079673999999999995,0.0089294000000000005,-0.0067683999999999999,0.0036359999999999995,0.0017546000000000003,-0.0076460000000000018,0.0050911999999999997,0.0027600000000000003,0.0020888,-0.0094826000000000008,-0.0146526,0.028139400000000002,-0.0158318,-0.0044051999999999997,-0.0058294000000000002,-0.0019512000000000002,-0.0028863999999999999,-0.0084614000000000009,-0.010436599999999999,0.0049906000000000004,-0.014897800000000001,0.0086406,0.016799400000000003,0.004052,0.026014800000000001,-0.0111328,-0.001191199999999999,0.00096980000000000005,0.00044320000000000036,-0.0033286000000000001,0.010401199999999999,-0.0042736000000000007,0.00093640000000000043,-0.0013192,0.0059611999999999998,-0.00073380000000000016,-0.0053512000000000004,0.0086656000000000007,0.011194600000000001,0.0047095999999999996,-0.0018154,0.010355399999999999,-0.0069183999999999999,0.0021007999999999999,-0.0023629999999999996,0.0078031999999999997,0.0023706000000000001,-0.0032169999999999998,0.0062112000000000001,-0.0037121999999999997,0.0093689999999999989,-0.0155154,0.0037397999999999997,0.0032017999999999994,-0.0047638000000000012,0.0064216000000000013,-0.0080275999999999993,-0.011746000000000001,-0.0028383999999999996,-0.019439000000000001,-0.0075386000000000003,0.0051386000000000001,0.00067759999999999999,0.0051146000000000004,0.0027070000000000011,-0.00016919999999999956,-0.0037227999999999996,0.00087520000000000002,-0.0032866000000000002,-0.0017983999999999999,0.0044374000000000002,-0.0062963999999999989,0.0014344,-0.00055040000000000037,0.0072639999999999996,0.0066523999999999993,0.00010019999999999994,0.0030230000000000001,-0.0019054,0.00049160000000000002,0.0003340000000000001,0.0019197999999999995,-0.00051599999999999997,0.0015337999999999992,-0.0028936000000000001,0.0033650000000000004,-0.00015740000000000068,-0.0016203999999999997,-0.0037096,-0.0014296000000000003,-0.0028828000000000005,-0.0021527999999999999,-0.0099778000000000002,0.001415,0.0065112,0.0098303999999999996,0.0074821999999999996,-0.0028430000000000009,0.00054600000000000004,0.0077055999999999999,0.0062383999999999998,-0.0022531999999999999,0.0080242000000000004,-0.0018251999999999999,0.0054349999999999997,-0.017852800000000002,0.0047201999999999999,0.00017019999999999991,-0.0019431999999999995,0.007672,0.0028194000000000006,-0.0034625999999999997,0.0010951999999999999,-0.0040336,0.00042179999999999995,0.00067980000000000026,-0.0012130000000000001,0.00043500000000000006,-0.0038162000000000001,0.00052660000000000011,0.0050306000000000005,-0.0036650000000000003,-0.0024629999999999999,-0.0010364000000000003,0.0012589999999999999,0.0028220000000000003,-0.0025290000000000004,-0.00041600000000000035,-0.0005754,-0.0023968000000000001,1.420000000000002e-05,0.0047026000000000004,-0.0021562,-0.0010676000000000001,0.0067834000000000002,0.0056585999999999997,-0.00021079999999999992,-0.00012739999999999995,0.0047587999999999997,-0.0027699999999999999,-0.0039010000000000004,-0.00031800000000000014,-0.0012374000000000003,-0.0020614000000000001,-9.8800000000000016e-05,0.0090854000000000004,-0.00069740000000000036,0.0023663999999999998,0.00023739999999999981,0.0063637999999999993,-0.0025856,0.0050431999999999994,0.00055579999999999996,0.0055924,0.00015660000000000001,0.0010969999999999999,0.0019410000000000002,-0.0025080000000000015,0.0037353999999999998,-0.0114246,-0.00021020000000000066,-0.00047600000000000073,0.0018732,-0.00096939999999999993,-0.0013795999999999999,-0.0014599999999999999,-0.00072059999999999984,-0.0038171999999999998,0.00096039999999999993,-0.0014478000000000002,-0.00093859999999999972,-0.0025591999999999998,4.9600000000000013e-05,0.0028557999999999999,-0.0013438,0.0004909999999999999,0.0032429999999999998,0.00094359999999999995,-0.00034279999999999998,0.0048349999999999999,-0.00095340000000000008,-5.7799999999999995e-05,0.00055239999999999966,0.0012451999999999999,0.0017944,-0.0030896000000000001,0.0025551999999999997,0.0017486000000000001,-0.0013485999999999997,-0.000156,-0.00015480000000000008,0.0016697999999999997,0.00051880000000000025,0.00034440000000000013,0.0055429999999999993,0.00020160000000000056,-0.0025646000000000002,0.00088160000000000061,-0.0014182000000000001,-1.4799999999999992e-05,0.0018637999999999999,0.0013104000000000002,-0.0014924000000000003,0.00013259999999999997,0.00024280000000000005,-5.8999999999999591e-05,-0.00084819999999999991,0.0017638,-0.0026268000000000003,0.00075640000000000006,-0.0034137999999999998,0.00098539999999999999,0.00095319999999999997,0.0069286,0.0037160000000000001,0.0021638,0.0023968000000000001,-0.015098,0.0016065999999999999,-0.00060100000000000008,-0.00019260000000000002,0.0015502000000000003,0.0017685999999999999,-0.00074140000000000013,-0.0028857999999999991,-0.00083599999999999994,0.0020873999999999997,-0.0022617999999999996,0.00083299999999999997,0.0015855999999999999,-0.0010581999999999998,0.0010957999999999999,0.00012199999999999998,0.00039179999999999993,-0.00080039999999999983,7.3999999999998953e-06,0.0015734,0.0026866000000000004,-0.00017920000000000013,3.9000000000000081e-05,1.3600000000000005e-05,-0.00039399999999999993,-0.0015192000000000001,-0.0016726,-0.00022519999999999994,-0.0014033999999999997,-0.00029100000000000003,0.0015589999999999998,-0.0024662,-0.0014418,-0.00083520000000000003,-0.0031256000000000001,-0.0017636000000000006,-0.0022745999999999999,0.0032372,0.00035820000000000003,0.0035363999999999999,0.0010877999999999999,-0.0011318000000000001,-0.00096560000000000005,0.00093480000000000006,0.00096900000000000013,0.0015083999999999998,0.0047139999999999994,0.0017001999999999998,-0.0014938,-0.0038008,0.00060559999999999998,-0.00077899999999999974,0.0014528,0.0036287999999999997,-0.0019426000000000001,0.00028880000000000008,0.0030117999999999989,0.0012426,-5.8399999999999793e-05,-0.0024588000000000001,0.0049312000000000002,-0.003058,0.0026165999999999997,0.0035503999999999996,-0.0032906000000000003,-0.00090959999999999999,0.00082320000000000006,0.0022182,-0.00060119999999999998,-0.0019864000000000001,-0.0021508,-0.00055860000000000003,0.00052380000000000005,0.00028660000000000003,0.0017898,0.00076840000000000003,-0.00057959999999999989,0.00086920000000000009,0.00029379999999999999,-0.0018297999999999999,-0.001653,-0.0013774,-0.0023959999999999997,0.0006064000000000001,0.00068139999999999997,-0.001031,-0.00066100000000000002,-0.0011611999999999998,-0.0027611999999999997,-0.0022856,-6.2000000000000016e-05,-1.7999999999998811e-06,-0.00051400000000000013,-9.2600000000000137e-05,0.0032908,-0.0008648000000000002,0.00017900000000000023,0.0014062,-0.001392,0.001562,0.001147,0.0026291999999999999,-0.00093360000000000014,-0.00064460000000000038,-0.0026849999999999999,0.00023419999999999995,-0.0020915999999999999,-7.4799999999999975e-05,0.0031067999999999998,-0.00068760000000000002,-0.0038261999999999997,0.0020519999999999996,-0.00013839999999999989,0.0014902000000000003,0.0013798,0.0011142000000000003,0.0017952000000000001,0.001439,-0.0016354000000000002,0.0014916,0.0014542000000000001,-0.00047539999999999974,-0.0013901999999999996,0.0010205999999999998,0.0040334000000000004,0.0020238000000000001,-0.00033960000000000001,0.0016253999999999999,0.0013903999999999995,0.00079219999999999985,0.0017098000000000003,0.0041797999999999991,0.0018562000000000001,-0.0011678000000000001,-0.00049859999999999998,0.00041259999999999989,-0.00044259999999999997,0.00046439999999999996,0.00050520000000000014,-0.00092360000000000001,0.00018459999999999996,0.00096900000000000024,0.00071779999999999988,0.00052420000000000006,-0.00027040000000000007,-1.7399999999999989e-05,-0.00021720000000000008,0.00030480000000000004,-6.0000000000004169e-07,0.00080999999999999996,-7.3200000000000045e-05,0.0018717999999999999,-5.4999999999999982e-05,-0.0010374,0.00089360000000000004,-0.00078380000000000008,-0.00085499999999999997,0.0012166,0.0012306000000000001,-0.0009503999999999999,0.00042639999999999996,-0.00095520000000000012,0.00090559999999999989,-0.0018766000000000002,-0.00051599999999999997,0.00095119999999999981,-0.0032816,0.00062619999999999993,0.0018882,-0.000339,-0.00078259999999999983,0.00014360000000000002,0.00080060000000000005,0.00096680000000000008,0.00065419999999999964,-0.00049879999999999998,0.00037560000000000008,-0.00062859999999999999,0.0010386,0.0014464,-1.859999999999991e-05,-0.0019660000000000003,0.00061939999999999999,-6.3400000000000077e-05,-0.0018128000000000003,-0.0015073999999999999,-0.00024660000000000014,0.0029136000000000001,-0.0024008000000000002,-0.00064539999999999997,-8.3599999999999972e-05,-0.00029319999999999997,-0.0022822000000000003,-0.00083100000000000003,0.00091699999999999985,0.00090700000000000004,-0.00027500000000000029,-0.0035713999999999997,0.0029537999999999999,0.00072760000000000001,0.0017344000000000001,0.00057820000000000007,0.00080579999999999996,0.0016443999999999996,0.0018114000000000001,-0.0012303999999999998,-0.0014884,-0.00097039999999999995,8.2599999999999948e-05
aug_between_class_right_pair0036_child05,TLE,1,1,Augmented,0,0,0,0,0,0.27796419999999999,1.9561852,-3.9999999999999988e-07,-5.9999999999999997e-07,0,0.99176960000000003,0,0.029002199999999999,-0.13296639999999998,0.040701000000000001,0.084371200000000007,-0.073311000000000001,0.056270399999999998,-0.0079711999999999995,0.0096287999999999999,-0.0018740000000000007,-0.093865799999999999,0.34929299999999996,-0.13042719999999999,0.034517800000000001,0.071876200000000001,-0.0052202000000000004,-0.016229399999999998,-0.0057461999999999999,-0.052230600000000002,0.030994799999999999,0.016213000000000002,-0.0724582,0.0021590000000000003,-0.099436399999999994,0.0062608000000000004,0.046178400000000001,-0.018387000000000001,0.029749000000000001,0.017666600000000001,-0.039505199999999997,0.033771200000000001,-0.052426199999999999,-0.0326404,0.101128,-0.0258572,0.184809,-0.045373999999999998,0.010423200000000001,-0.010098600000000001,0.0025689999999999984,-0.0133776,0.0082002000000000012,0.043844000000000001,-0.0031034000000000001,-0.012478400000000001,-0.015028400000000001,-0.026117399999999999,0.0147642,0.028715000000000001,0.028940600000000004,0.0060668000000000007,-0.0036941999999999999,0.0094383999999999996,0.0053194000000000002,-0.038931800000000003,0.0047866000000000002,0.0041703999999999995,0.00096540000000000037,0.027409000000000003,-0.11134719999999999,-0.0024792000000000008,-0.050973400000000002,-0.0065877999999999996,-0.0055834000000000005,-5.940000000000017e-05,0.0020911999999999997,0.021873799999999999,-0.00023280000000000002,0.0010598000000000001,-0.012812,0.0081436000000000008,0.0089055999999999996,-0.0070656,0.0024089999999999997,0.0012613999999999998,-0.0087610000000000014,0.0060697999999999993,0.0015290000000000008,0.0026532000000000001,-0.0097774000000000003,-0.012966399999999999,0.026443600000000001,-0.014560199999999999,-0.0028278000000000001,-0.0079795999999999999,-0.0028608000000000001,-0.0024336000000000002,-0.0077216000000000003,-0.0121624,0.0053284000000000005,-0.0119092,0.010568399999999999,0.0160416,0.0047159999999999997,0.0228282,-0.011157200000000001,0.00019820000000000059,0.0015092,0.0009117999999999995,-0.0023124000000000009,0.0110708,-0.0052854,0.0018675999999999996,-0.0018238,0.0063338000000000005,-0.00032220000000000035,-0.0052537999999999994,0.0088413999999999993,0.0121984,0.0039813999999999995,-0.0017556,0.0089636000000000004,-0.0063906000000000006,0.0020902000000000004,-0.0015549999999999991,0.0085718000000000009,0.0017983999999999999,-0.0031359999999999995,0.0049157999999999997,-0.0025798000000000001,0.0099489999999999995,-0.014606600000000001,0.0029592000000000004,0.0021031999999999995,-0.0051221999999999978,0.0065894000000000005,-0.0077273999999999989,-0.011075000000000002,-0.0020265999999999995,-0.017002,-0.010128399999999999,0.0050823999999999999,0.00041540000000000001,0.0046544000000000004,0.005562000000000001,0.00010520000000000017,-0.0033222,0.0006998000000000002,-0.0038724000000000002,-0.00068959999999999985,0.0039805999999999999,-0.0053366000000000004,0.00075160000000000005,-0.00067959999999999982,0.0069809999999999994,0.0053665999999999991,1.7800000000000107e-05,0.0027109999999999999,-0.0022766000000000002,0.00074540000000000023,0.00036699999999999992,0.00083120000000000004,-0.00092299999999999999,0.001132199999999999,-0.0031433999999999998,0.0035430000000000006,-0.0022756000000000005,-0.00053959999999999989,-0.0046593999999999993,-0.0021304000000000002,-0.0038722000000000001,-0.0014632,-0.008342200000000001,0.001836,0.0058938000000000011,0.0092916000000000006,0.0083997999999999989,-0.0056799999999999993,-0.0011900000000000003,0.0065263999999999999,0.0071815999999999998,-0.00030080000000000005,0.0099847999999999985,-0.0030667999999999997,0.0060579999999999991,-0.0178922,0.0086787999999999987,0.00038779999999999999,-0.0013438,0.0070679999999999996,0.0048096000000000007,-0.0030334000000000003,0.00099080000000000001,-0.0040034000000000007,0.00031020000000000006,0.0015651999999999999,-0.0011699999999999996,-5.099999999999983e-05,-0.0035347999999999998,0.0010214,0.0048394000000000006,-0.0041149999999999997,-0.0026360000000000003,-0.0020286000000000002,0.0017950000000000002,0.00086100000000000022,-0.003287,-0.0009890000000000003,-0.0003836,-0.0019002000000000001,0.00070279999999999984,0.004430400000000001,-0.0022438000000000002,-0.0018273999999999999,0.0065276000000000006,0.0050264000000000003,-8.3199999999999854e-05,0.00014639999999999987,0.0053432000000000002,-0.0040619999999999996,-0.0036839999999999993,-0.00072000000000000015,-0.00057160000000000023,-0.00012760000000000115,5.7799999999999995e-05,0.0093816000000000004,-0.0020715999999999998,0.0036536000000000003,-0.00050639999999999973,0.0053632000000000003,-0.0024083999999999998,0.0048988,-0.00042779999999999966,0.0057086000000000003,-0.0001206,0.00034699999999999987,0.0011300000000000004,-0.0037140000000000003,0.0044305999999999998,-0.0112254,-0.0011738,-0.00133,0.0021438,-0.00087759999999999997,-0.0021093999999999996,-0.0010150000000000001,-0.00027039999999999985,-0.0033158000000000003,0.0010016000000000001,-0.0016202000000000002,-0.00033839999999999993,-0.0028378000000000001,0.00040039999999999992,0.0032281999999999996,-0.0013792000000000001,0.00034599999999999995,0.0038909999999999999,0.0010704000000000002,0.00019079999999999992,0.0048909999999999995,-0.00096959999999999993,0.00020379999999999994,-0.00062440000000000043,0.00086379999999999996,0.0022515999999999999,-0.0034194,0.0034517999999999997,0.0020514000000000001,-0.0011973999999999999,-0.00086099999999999968,-0.00078420000000000009,0.00058020000000000012,0.00027019999999999995,0.00095660000000000016,0.0050419999999999996,8.0400000000000003e-05,-0.0019744000000000003,0.00079539999999999993,-0.0020107999999999997,0.0010397999999999998,0.0027261999999999998,0.0029145999999999998,-0.0022475999999999998,0.0002323999999999999,0.00087019999999999979,-8.2999999999999741e-05,-0.00044880000000000007,0.0020022,-0.0032582000000000002,0.0016946000000000001,-0.0032301999999999999,0.00045659999999999993,0.0004908,0.0057983999999999996,0.004555,0.0021792000000000001,0.0030631999999999999,-0.015068,0.0018603999999999999,-0.00087199999999999995,-0.00039839999999999998,0.0017057999999999999,0.0012974,-0.0003056,-0.0030011999999999999,-0.00073500000000000019,0.0018226000000000002,-0.0023101999999999997,0.001042,0.0024123999999999999,-0.00061880000000000008,0.0011302,0.00012400000000000001,0.00012520000000000001,-3.2599999999999871e-05,-0.00044340000000000004,0.0016846000000000001,0.0025384000000000001,-0.00059579999999999995,0.00058999999999999992,0.00050339999999999998,4.6000000000000034e-05,-0.0017727999999999999,-0.0017164000000000001,-0.00075779999999999977,-0.0022005999999999996,-0.00060299999999999991,0.0018349999999999996,-0.0019548,-0.0010601999999999999,-0.0010107999999999998,-0.0029843999999999999,-0.0029494000000000005,-0.0021204000000000001,0.0033417999999999994,0.00056780000000000003,0.0035876000000000003,0.00027320000000000014,-0.0017832000000000002,-0.00066139999999999992,0.0006912000000000001,0.00087500000000000013,0.0012285999999999998,0.0050089999999999996,0.0017197999999999998,-0.0021112000000000001,-0.0036281999999999998,-0.00069259999999999981,-0.0007490000000000001,0.0018131999999999996,0.0036182000000000002,-0.0020374,-0.0005367999999999996,0.0024461999999999999,0.0014943999999999999,-0.0012215999999999998,-0.0011162000000000004,0.0059768000000000009,-0.002555,0.0026824000000000001,0.0020756000000000004,-0.0044133999999999996,-0.00075339999999999999,0.00076480000000000005,0.0017618000000000002,-3.5800000000000111e-05,-0.0021156,-0.0017101999999999998,-0.00061640000000000002,0.00090220000000000014,0.00039340000000000002,0.0014742000000000002,0.00080960000000000005,-0.00017440000000000001,0.0011388000000000001,3.219999999999997e-05,-0.0013972000000000004,-0.001766,-0.0016345999999999999,-0.0019390000000000002,0.0005976,0.00035959999999999996,-0.0012700000000000001,-0.0011879999999999998,-0.0010238000000000001,-0.0026817999999999998,-0.0025903999999999996,-8.2999999999999985e-05,0.00065479999999999998,-0.00037999999999999991,0.00065459999999999976,0.0022791999999999999,-0.00015620000000000044,-0.0009829999999999995,0.0017317999999999999,-0.00099599999999999992,0.00095200000000000016,0.00077100000000000009,0.0026708000000000001,-0.0013824,-0.00037440000000000043,-0.0026410000000000001,3.4800000000000195e-05,-0.0016873999999999999,0.00025579999999999998,0.0029351999999999998,-0.00074240000000000005,-0.0041548000000000002,0.0019309999999999998,0.00059640000000000008,0.0014547999999999998,0.0021272000000000001,0.00020080000000000033,0.0015748000000000001,0.00089400000000000005,-0.0022056000000000003,-0.00030459999999999965,0.0018747999999999998,0.00014340000000000002,-0.00074279999999999995,0.00062539999999999991,0.0039026,0.0017011999999999999,-0.0010873999999999997,0.0015996000000000001,0.0016356000000000001,0.00065480000000000052,0.0022872000000000001,0.0034852000000000004,0.00093480000000000039,-0.0010482,-0.0004504,0.0001314,-0.00055939999999999994,0.00087260000000000007,0.00092679999999999998,-0.0014554000000000001,3.9999999999998262e-07,0.001371,0.00014820000000000008,0.00019780000000000004,-0.00062159999999999993,0.00057439999999999998,-0.00049579999999999991,0.00060319999999999992,0.00013759999999999993,0.00064800000000000003,-0.00042880000000000007,0.0020221999999999996,-5.6000000000000006e-05,-0.0007756000000000002,0.0011144,-0.00037320000000000013,-0.00077299999999999992,0.0013154,0.00093740000000000013,-0.00052559999999999998,0.00063159999999999996,-0.00083080000000000014,0.0012024,-0.0018324000000000001,-0.000397,0.00092279999999999999,-0.0028524000000000002,0.00054379999999999999,0.0020147999999999998,-0.00021899999999999998,-0.00046539999999999998,0.00019139999999999999,0.0005084,0.0013141999999999997,-1.1200000000000055e-05,-0.00025720000000000007,0.00015040000000000019,-0.00048140000000000015,0.00096140000000000006,0.0013955999999999999,0.00024360000000000007,-0.0014110000000000001,0.00083359999999999999,-0.00051359999999999991,-0.0013692000000000001,-0.0012765999999999997,-0.00081140000000000021,0.0034984000000000005,-0.0024472000000000001,-0.00057760000000000005,-0.00049839999999999986,-0.0010877999999999999,-0.0017888000000000001,-0.00064700000000000001,0.00079600000000000005,0.0013549999999999999,-0.001225,-0.0037935999999999994,0.0029072,0.00055739999999999989,0.0018326000000000002,0.00092979999999999983,0.0004322000000000001,0.00050660000000000028,0.00058260000000000061,-0.0018175999999999997,-0.00092959999999999994,-0.00017460000000000002,-0.00021759999999999998
aug_between_class_right_pair0036_child06,TLE,1,1,Augmented,0,0,0,0,0,0.27494239999999998,1.9500858999999999,-3.0000000000000009e-07,-6.9999999999999986e-07,0,0.99293620000000005,0,0.027172400000000003,-0.13544679999999998,0.037495500000000001,0.084356899999999999,-0.074458499999999997,0.052828800000000002,-0.0083884000000000007,0.0100156,-0.00077999999999999597,-0.092091599999999996,0.355572,-0.12765589999999999,0.034833599999999992,0.071400900000000003,-0.0043163999999999989,-0.017391299999999998,-0.0057709000000000007,-0.050953699999999998,0.0310291,0.0165205,-0.074402400000000007,0.0024559999999999998,-0.099492300000000006,0.0058101000000000003,0.0481088,-0.0184385,0.029734500000000001,0.018170200000000001,-0.039907399999999996,0.033169900000000002,-0.051246399999999998,-0.035240799999999996,0.098468,-0.025869900000000001,0.18619449999999999,-0.046747999999999998,0.0099743999999999996,-0.0108787,0.0023319999999999973,-0.013224700000000001,0.0089824000000000015,0.043513000000000003,-0.0029263000000000002,-0.0133373,-0.0146623,-0.025777300000000003,0.015236899999999999,0.029443,0.030457200000000004,0.0058446000000000001,-0.0033644,0.0092113000000000004,0.0048503000000000001,-0.038356100000000004,0.0032782000000000002,0.0048807999999999994,0.0012468000000000002,0.026540500000000002,-0.11447789999999999,-0.0030883999999999998,-0.0503083,-0.005066600000000001,-0.0065873000000000025,0.00056819999999999982,0.0019444,0.022643099999999999,-0.0016225999999999992,0.0010211,-0.013819000000000001,0.0082316999999999998,0.0088936999999999992,-0.0072142000000000005,0.0017955000000000002,0.0010148000000000002,-0.0093185000000000004,0.0065590999999999991,0.00091350000000000025,0.0029354000000000003,-0.0099247999999999992,-0.0121233,0.025595699999999999,-0.0139244,-0.0020391000000000003,-0.0090546999999999989,-0.0033155999999999997,-0.0022072000000000003,-0.0073517000000000009,-0.0130253,0.0054973000000000001,-0.010414900000000001,0.011532299999999999,0.015662700000000002,0.0050479999999999995,0.021234900000000001,-0.011169400000000001,0.00089290000000000018,0.0017788999999999999,0.0011461000000000002,-0.0018043,0.0114056,-0.0057913000000000001,0.0023332000000000006,-0.0020761,0.0065201,-0.00011639999999999958,-0.0052050999999999998,0.0089293000000000011,0.012700299999999999,0.0036172999999999999,-0.0017257000000000002,0.0082676999999999994,-0.0061267000000000005,0.0020849000000000002,-0.0011510000000000001,0.0089560999999999998,0.0015123000000000003,-0.0030955000000000002,0.0042681000000000004,-0.0020136000000000004,0.010239,-0.0141522,0.0025689000000000007,0.0015538999999999996,-0.0053013999999999986,0.0066733000000000001,-0.0075772999999999995,-0.010739499999999999,-0.0016206999999999997,-0.015783499999999999,-0.011423300000000001,0.0050542999999999994,0.00028430000000000003,0.0044242999999999999,0.0069895000000000001,0.00024239999999999982,-0.0031219000000000004,0.00061210000000000019,-0.0041653000000000003,-0.00013520000000000014,0.0037521999999999998,-0.0048567000000000003,0.00041020000000000021,-0.00074419999999999998,0.0068395000000000001,0.0047237000000000008,-2.3400000000000027e-05,0.002555,-0.0024621999999999999,0.00087230000000000033,0.00038349999999999994,0.00028690000000000009,-0.0011264999999999999,0.00093139999999999976,-0.0032683,0.0036320000000000002,-0.0033346999999999999,7.9999999999966708e-07,-0.0051342999999999996,-0.0024808,-0.0043668999999999999,-0.0011184000000000001,-0.0075244000000000005,0.0020464999999999997,0.0055851000000000008,0.0090222000000000011,0.0088585999999999995,-0.0070984999999999989,-0.0020579999999999991,0.0059368000000000008,0.0076531999999999998,0.00067539999999999961,0.010965099999999998,-0.0036876000000000001,0.0063695000000000002,-0.017911900000000001,0.0106581,0.00049659999999999982,-0.0010441000000000001,0.0067660000000000003,0.0058047000000000003,-0.0028187999999999998,0.00093860000000000005,-0.0039883000000000002,0.00025440000000000011,0.0020079,-0.0011484999999999998,-0.00029399999999999994,-0.0033940999999999997,0.0012688,0.0047438000000000011,-0.0043400000000000001,-0.0027225000000000001,-0.0025247000000000004,0.0020630000000000002,-0.00011949999999999938,-0.0036660000000000004,-0.0012755000000000004,-0.00028770000000000011,-0.0016519,0.0010470999999999996,0.0042943000000000009,-0.0022875999999999999,-0.0022072999999999997,0.0063996999999999995,0.0047103000000000006,-1.9399999999999929e-05,0.0002833,0.0056354000000000005,-0.0047079999999999995,-0.0035755000000000001,-0.00092099999999999994,-0.00023870000000000054,0.00083929999999999855,0.00013609999999999989,0.0095297000000000003,-0.0027586999999999998,0.0042971999999999993,-0.00087829999999999983,0.0048628999999999999,-0.0023197999999999999,0.0048266000000000003,-0.0009195999999999998,0.0057667000000000005,-0.0002591999999999998,-2.7999999999999813e-05,0.00072450000000000075,-0.0043170000000000005,0.0047781999999999998,-0.0111258,-0.0016555999999999997,-0.0017569999999999999,0.0022791,-0.0008317,-0.0024743,-0.00079250000000000024,-4.5299999999999854e-05,-0.0030651000000000003,0.0010222,-0.0017063999999999998,-3.8300000000000226e-05,-0.0029770999999999999,0.00057579999999999979,0.0034143999999999997,-0.0013969,0.00027349999999999998,0.004215,0.0011338000000000001,0.00045759999999999996,0.0049189999999999998,-0.00097769999999999997,0.00033459999999999995,-0.0012128000000000002,0.00067310000000000004,0.0024801999999999997,-0.0035843000000000003,0.0039000999999999992,0.0022028,-0.0011217999999999998,-0.0012134999999999997,-0.0010988999999999999,3.540000000000021e-05,0.00014590000000000002,0.0012627000000000003,0.0047914999999999998,1.9800000000000373e-05,-0.0016793000000000001,0.00075230000000000002,-0.0023070999999999994,0.0015670999999999997,0.0031573999999999999,0.0037166999999999994,-0.0026251999999999998,0.00028229999999999998,0.0011839000000000003,-9.4999999999999599e-05,-0.00024909999999999993,0.0021213999999999998,-0.0035738999999999996,0.0021636999999999997,-0.0031384,0.00019219999999999979,0.00025960000000000002,0.0052332999999999998,0.0049744999999999998,0.0021869000000000003,0.0033963999999999999,-0.015053,0.0019872999999999996,-0.0010074999999999999,-0.00050129999999999988,0.0017836000000000002,0.0010618000000000001,-8.7700000000000072e-05,-0.0030588999999999998,-0.0006845,0.0016902000000000002,-0.0023343999999999995,0.0011464999999999999,0.0028257999999999998,-0.00039910000000000016,0.0011474,0.00012499999999999998,-8.0999999999999529e-06,0.00035130000000000003,-0.00066879999999999989,0.0017401999999999999,0.0024643,-0.00080409999999999987,0.00086549999999999984,0.00074829999999999981,0.00026599999999999996,-0.0018996,-0.0017383000000000001,-0.0010241,-0.0025992000000000003,-0.00075899999999999991,0.0019729999999999999,-0.0016991,-0.00086939999999999999,-0.0010985999999999999,-0.0029138000000000002,-0.0035423,-0.0020433000000000001,0.0033940999999999993,0.00067259999999999998,0.0036132,-0.00013409999999999984,-0.0021089000000000004,-0.00050930000000000007,0.00056940000000000007,0.00082800000000000007,0.0010887,0.0051564999999999996,0.0017296,-0.0024199,-0.0035418999999999997,-0.0013416999999999995,-0.00073400000000000006,0.0019933999999999998,0.0036129000000000001,-0.0020847999999999995,-0.00094959999999999923,0.0021634000000000002,0.0016202999999999999,-0.0018031999999999996,-0.00044490000000000041,0.0064996000000000003,-0.0023035,0.0027152999999999999,0.0013382000000000008,-0.0049747999999999997,-0.00067529999999999999,0.0007356000000000001,0.0015336000000000004,0.00024689999999999988,-0.0021801999999999998,-0.0014899000000000002,-0.00064529999999999991,0.0010914000000000002,0.00044680000000000002,0.0013164000000000003,0.00083020000000000012,2.8200000000000035e-05,0.0012735999999999999,-9.8600000000000011e-05,-0.0011809000000000001,-0.0018224999999999999,-0.0017631999999999999,-0.0017105000000000002,0.0005932,0.00019870000000000003,-0.0013894999999999999,-0.0014514999999999997,-0.00095509999999999985,-0.0026420999999999997,-0.0027428000000000001,-9.3499999999999996e-05,0.00098309999999999977,-0.00031299999999999991,0.0010281999999999999,0.0017734000000000003,0.00019809999999999967,-0.0015639999999999994,0.0018946000000000002,-0.0007980000000000001,0.00064700000000000022,0.00058300000000000018,0.0026915999999999997,-0.0016068000000000002,-0.00023930000000000045,-0.0026190000000000002,-6.4899999999999897e-05,-0.0014852999999999999,0.00042109999999999994,0.0028494000000000002,-0.00076980000000000017,-0.0043190999999999993,0.0018705,0.0009637999999999999,0.0014371,0.0025008999999999999,-0.00025589999999999966,0.0014646000000000001,0.00062150000000000031,-0.0024907000000000002,-0.0012026999999999995,0.0020850999999999999,0.00045280000000000006,-0.0004191,0.0004278000000000001,0.0038372000000000007,0.0015399000000000001,-0.0014612999999999996,0.0015866999999999999,0.0017581999999999997,0.00058609999999999999,0.0025758999999999999,0.0031379000000000003,0.0004741000000000003,-0.00098840000000000017,-0.0004262999999999999,-9.1999999999999526e-06,-0.00061779999999999995,0.0010766999999999999,0.0011376000000000001,-0.0017212999999999998,-9.1700000000000033e-05,0.001572,-0.00013659999999999985,3.4600000000000082e-05,-0.00079719999999999986,0.00087029999999999985,-0.00063509999999999988,0.00075239999999999986,0.00020669999999999993,0.00056700000000000001,-0.00060659999999999989,0.0020974000000000001,-5.6500000000000018e-05,-0.0006447,0.0012247999999999998,-0.00016790000000000021,-0.00073200000000000001,0.0013648,0.00079080000000000003,-0.00031320000000000002,0.00073419999999999996,-0.00076860000000000014,0.0013507999999999999,-0.0018102999999999999,-0.00033749999999999996,0.00090859999999999975,-0.0026378000000000005,0.00050259999999999997,0.0020780999999999998,-0.00015900000000000002,-0.00030679999999999998,0.00021529999999999997,0.00036230000000000008,0.0014878999999999999,-0.00034390000000000017,-0.00013640000000000012,3.780000000000016e-05,-0.0004078000000000001,0.0009228000000000001,0.0013702,0.00037469999999999973,-0.0011335000000000004,0.00094069999999999993,-0.0007386999999999998,-0.0011474000000000002,-0.0011611999999999998,-0.0010938,0.0037908000000000004,-0.0024703999999999998,-0.00054370000000000004,-0.00070579999999999959,-0.0014850999999999998,-0.0015421000000000002,-0.00055500000000000015,0.00073550000000000004,0.0015789999999999999,-0.0016999999999999999,-0.0039046999999999997,0.0028839,0.00047230000000000004,0.0018817,0.0011055999999999998,0.00024540000000000022,-6.2299999999999509e-05,-3.1799999999999797e-05,-0.0021111999999999997,-0.00065020000000000008,0.00022329999999999963,-0.00036769999999999967
aug_between_class_right_pair0036_child07,TLE,1,1,Augmented,0,0,0,0,0,0.27192059999999996,1.9439866000000001,-1.9999999999999999e-07,-7.9999999999999996e-07,0,0.99410279999999995,0,0.0253426,-0.1379272,0.034290000000000001,0.084342600000000004,-0.075605999999999993,0.049387199999999992,-0.0088056000000000002,0.010402399999999999,0.00031400000000000178,-0.090317400000000006,0.36185099999999998,-0.12488460000000001,0.035149399999999997,0.070925599999999991,-0.0034125999999999991,-0.018553199999999999,-0.0057956000000000006,-0.0496768,0.031063400000000001,0.016827999999999999,-0.076346600000000001,0.0027530000000000002,-0.099548200000000003,0.0053594000000000003,0.050039200000000006,-0.018489999999999999,0.02972,0.018673799999999997,-0.040309600000000001,0.032568599999999996,-0.050066600000000003,-0.037841199999999998,0.095808000000000004,-0.025882599999999999,0.18758,-0.048121999999999998,0.0095256000000000004,-0.0116588,0.0020949999999999996,-0.0130718,0.0097646000000000018,0.043182000000000005,-0.0027491999999999998,-0.014196199999999999,-0.0142962,-0.0254372,0.015709600000000001,0.030171000000000003,0.031973800000000004,0.0056223999999999996,-0.0030346000000000001,0.0089841999999999995,0.0043811999999999983,-0.037780399999999999,0.0017697999999999991,0.0055911999999999993,0.0015282,0.025672,-0.11760860000000001,-0.0036975999999999997,-0.049643199999999998,-0.0035453999999999989,-0.0075912000000000011,0.0011958000000000006,0.0017975999999999999,0.0234124,-0.003012400000000001,0.00098240000000000003,-0.014826000000000002,0.0083198000000000005,0.0088818000000000005,-0.0073627999999999992,0.0011819999999999995,0.00076820000000000013,-0.0098760000000000011,0.0070483999999999998,0.00029800000000000052,0.0032176000000000006,-0.0100722,-0.011280199999999999,0.0247478,-0.013288599999999999,-0.0012503999999999987,-0.0101298,-0.0037704000000000001,-0.0019807999999999996,-0.0069817999999999998,-0.0138882,0.0056661999999999997,-0.0089206000000000008,0.012496200000000001,0.0152838,0.0053800000000000002,0.019641600000000002,-0.0111816,0.0015876000000000004,0.0020486000000000002,0.0013803999999999999,-0.0012962,0.0117404,-0.0062972000000000011,0.0027987999999999997,-0.0023284,0.0067063999999999995,8.940000000000033e-05,-0.0051564000000000002,0.0090171999999999995,0.013202200000000001,0.0032531999999999999,-0.0016957999999999995,0.0075718000000000001,-0.0058628000000000005,0.0020796,-0.00074699999999999853,0.0093404000000000004,0.0012262000000000002,-0.003055,0.0036204000000000002,-0.0014474000000000002,0.010529,-0.0136978,0.0021785999999999993,0.0010045999999999996,-0.0054806000000000013,0.0067571999999999997,-0.0074272000000000001,-0.010404,-0.0012147999999999998,-0.014565,-0.012718200000000001,0.0050261999999999998,0.00015319999999999998,0.0041942000000000004,0.0084170000000000026,0.00037960000000000034,-0.0029215999999999999,0.00052439999999999995,-0.0044581999999999998,0.00041920000000000032,0.0035237999999999997,-0.0043767999999999993,6.8799999999999829e-05,-0.00080880000000000014,0.0066979999999999991,0.0040807999999999999,-6.4599999999999944e-05,0.0023989999999999997,-0.0026477999999999996,0.0009992,0.00040000000000000018,-0.00025740000000000029,-0.0013300000000000002,0.00073060000000000052,-0.0033931999999999999,0.0037210000000000003,-0.0043938000000000015,0.00054120000000000025,-0.0056091999999999999,-0.0028312000000000003,-0.0048616000000000006,-0.00077359999999999994,-0.0067066000000000001,0.0022569999999999999,0.0052764000000000005,0.0087527999999999998,0.0093174,-0.0085170000000000003,-0.0029259999999999998,0.0053471999999999999,0.0081247999999999997,0.0016516,0.011945399999999998,-0.0043084000000000004,0.0066810000000000003,-0.017931600000000002,0.0126374,0.00060539999999999997,-0.00074439999999999923,0.0064639999999999993,0.0067998000000000008,-0.0026041999999999997,0.00088639999999999997,-0.0039732000000000005,0.00019859999999999973,0.0024506000000000007,-0.001127,-0.00053700000000000015,-0.0032533999999999996,0.0015162000000000001,0.0046481999999999999,-0.0045650000000000005,-0.0028089999999999999,-0.0030208000000000006,0.0023310000000000002,-0.0011000000000000003,-0.0040450000000000009,-0.0015620000000000007,-0.0001918,-0.0014035999999999999,0.0013914000000000001,0.0041582000000000008,-0.0023314,-0.0025872000000000004,0.0062718000000000001,0.0043942,4.4399999999999995e-05,0.00042020000000000013,0.0059275999999999999,-0.0053540000000000003,-0.003467,-0.0011220000000000006,9.4200000000000013e-05,0.0018062,0.00021440000000000001,0.0096778000000000003,-0.0034457999999999997,0.0049408000000000004,-0.0012502000000000004,0.0043625999999999995,-0.0022312,0.0047544000000000006,-0.0014114000000000004,0.0058248000000000006,-0.00039780000000000024,-0.00040300000000000025,0.00031900000000000027,-0.0049200000000000008,0.0051257999999999998,-0.0110262,-0.0021374000000000002,-0.0021840000000000002,0.0024144000000000001,-0.00078579999999999991,-0.0028392000000000001,-0.00056999999999999998,0.00017980000000000036,-0.0028143999999999999,0.0010428,-0.0017926000000000001,0.00026180000000000029,-0.0031164000000000001,0.00075120000000000015,0.0036005999999999998,-0.0014146,0.0002009999999999999,0.0045389999999999996,0.0011972000000000003,0.00072440000000000015,0.004947,-0.0009858,0.00046540000000000004,-0.0018012000000000004,0.0004823999999999998,0.0027087999999999999,-0.0037492000000000003,0.0043483999999999997,0.0023541999999999999,-0.0010462,-0.0015660000000000001,-0.0014136000000000005,-0.00050940000000000056,2.1600000000000091e-05,0.0015688000000000004,0.0045409999999999999,-4.0799999999999691e-05,-0.0013841999999999999,0.00070920000000000011,-0.0026034000000000001,0.0020944000000000002,0.0035885999999999999,0.0045187999999999999,-0.0030028000000000003,0.00033219999999999994,0.0014976000000000004,-0.00010700000000000032,-4.9399999999999791e-05,0.0022406000000000001,-0.0038896,0.0026328000000000002,-0.0030466,-7.2200000000000345e-05,2.840000000000004e-05,0.0046682,0.0053939999999999995,0.0021945999999999997,0.0037296,-0.015037999999999999,0.0021142000000000001,-0.0011429999999999999,-0.00060419999999999994,0.0018614,0.00082619999999999992,0.0001302000000000001,-0.0031165999999999998,-0.00063400000000000001,0.0015578,-0.0023585999999999998,0.0012509999999999999,0.0032391999999999998,-0.00017939999999999992,0.0011646,0.00012599999999999997,-0.00014140000000000008,0.00073520000000000009,-0.00089420000000000016,0.0017958000000000002,0.0023902000000000003,-0.0010124000000000001,0.0011410000000000001,0.00099320000000000007,0.0004860000000000001,-0.0020264000000000002,-0.0017602,-0.0012904000000000001,-0.0029978000000000001,-0.00091500000000000012,0.002111,-0.0014433999999999998,-0.00067859999999999991,-0.0011864,-0.0028431999999999997,-0.0041352000000000012,-0.0019662,0.0034464000000000001,0.00077740000000000014,0.0036388000000000002,-0.00054140000000000026,-0.0024346000000000003,-0.00035720000000000001,0.00044759999999999993,0.00078100000000000012,0.00094879999999999964,0.0053039999999999997,0.0017393999999999999,-0.0027286000000000003,-0.0034555999999999996,-0.0019908,-0.0007189999999999998,0.0021735999999999995,0.0036075999999999994,-0.0021321999999999999,-0.0013623999999999997,0.0018805999999999992,0.0017462000000000003,-0.0023848000000000003,0.00022640000000000043,0.0070224000000000007,-0.002052,0.0027482000000000001,0.00060079999999999942,-0.0055362000000000007,-0.00059719999999999999,0.00070640000000000004,0.0013054,0.00052960000000000019,-0.0022447999999999999,-0.0012696000000000001,-0.00067420000000000002,0.0012806000000000002,0.00050020000000000002,0.0011586000000000001,0.00085080000000000008,0.00023080000000000019,0.0014084000000000002,-0.0002294000000000001,-0.00096459999999999992,-0.0018789999999999998,-0.0018917999999999999,-0.001482,0.00058880000000000011,3.7799999999999862e-05,-0.0015089999999999999,-0.0017150000000000004,-0.00088639999999999986,-0.0026024000000000004,-0.0028951999999999997,-0.00010400000000000001,0.0013114000000000003,-0.00024600000000000012,0.0014018000000000001,0.0012675999999999998,0.00055240000000000009,-0.0021450000000000002,0.0020574,-0.00059999999999999984,0.00034199999999999996,0.00039499999999999995,0.0027124000000000002,-0.0018312000000000003,-0.00010420000000000004,-0.0025970000000000003,-0.00016460000000000021,-0.0012832,0.00058640000000000016,0.0027635999999999997,-0.00079719999999999997,-0.0044834000000000002,0.0018099999999999998,0.0013312000000000003,0.0014194000000000001,0.0028746000000000002,-0.00071260000000000019,0.0013544,0.00034900000000000035,-0.0027758000000000001,-0.0021007999999999999,0.0022954000000000004,0.00076220000000000031,-9.5399999999999812e-05,0.00023019999999999985,0.0037718000000000005,0.0013785999999999998,-0.0018351999999999999,0.0015738,0.0018808000000000002,0.00051739999999999946,0.0028646000000000001,0.0027906000000000003,1.3400000000000217e-05,-0.00092860000000000002,-0.00040219999999999991,-0.00014980000000000006,-0.00067619999999999996,0.0012807999999999999,0.0013484000000000002,-0.0019872000000000002,-0.00018380000000000005,0.0017730000000000005,-0.00042140000000000016,-0.00012860000000000004,-0.00097280000000000023,0.0011662,-0.00077439999999999996,0.00090160000000000001,0.00027579999999999993,0.000486,-0.00078440000000000009,0.0021726000000000002,-5.6999999999999976e-05,-0.00051380000000000002,0.0013352000000000001,3.7400000000000042e-05,-0.00069099999999999999,0.0014142,0.00064419999999999994,-0.00010079999999999985,0.00083679999999999996,-0.00070640000000000015,0.0014991999999999998,-0.0017882000000000002,-0.00027799999999999993,0.00089439999999999995,-0.0024231999999999999,0.00046139999999999999,0.0021414000000000003,-9.8999999999999967e-05,-0.00014819999999999992,0.00023919999999999996,0.00021620000000000005,0.0016616000000000001,-0.0006766000000000004,-1.56e-05,-7.4799999999999975e-05,-0.00033419999999999994,0.00088419999999999992,0.0013447999999999999,0.00050580000000000004,-0.00085599999999999999,0.0010478000000000002,-0.00096380000000000001,-0.00092560000000000006,-0.0010457999999999999,-0.0013762000000000002,0.0040832000000000004,-0.0024935999999999999,-0.00050980000000000003,-0.00091319999999999997,-0.0018824000000000002,-0.0012953999999999999,-0.00046299999999999998,0.00067499999999999982,0.0018030000000000001,-0.0021750000000000003,-0.0040157999999999999,0.0028606,0.00038719999999999998,0.0019307999999999999,0.0012814,5.8600000000000015e-05,-0.00063119999999999973,-0.00064619999999999999,-0.0024047999999999999,-0.0003707999999999998,0.00062120000000000014,-0.0005177999999999999
aug_between_class_right_pair0036_child08,TLE,1,1,Augmented,0,0,0,0,0,0.26889879999999999,1.9378873000000001,-9.999999999999989e-08,-8.9999999999999996e-07,0,0.99526939999999997,0,0.023512800000000004,-0.14040759999999999,0.031084500000000001,0.084328299999999995,-0.076753500000000002,0.045945600000000003,-0.0092227999999999997,0.010789200000000001,0.001408000000000003,-0.088543200000000002,0.36813000000000001,-0.12211330000000001,0.035465199999999988,0.070450299999999993,-0.0025087999999999994,-0.019715099999999999,-0.0058203000000000005,-0.048399899999999996,0.031097699999999999,0.017135499999999998,-0.078290799999999994,0.0030500000000000002,-0.099604100000000001,0.0049087000000000002,0.051969600000000005,-0.018541499999999999,0.029705499999999999,0.019177400000000001,-0.040711799999999999,0.031967299999999997,-0.048886800000000001,-0.040441599999999994,0.093147999999999995,-0.0258953,0.18896549999999998,-0.049495999999999998,0.0090767999999999995,-0.012438900000000001,0.0018579999999999985,-0.012918900000000001,0.010546800000000002,0.042851,-0.0025720999999999999,-0.0150551,-0.013930099999999999,-0.025097100000000001,0.0161823,0.030899000000000003,0.033490400000000003,0.0054002000000000008,-0.0027048000000000011,0.0087571000000000003,0.0039120999999999982,-0.0372047,0.00026139999999999931,0.0063015999999999992,0.0018096000000000002,0.024803500000000003,-0.12073929999999999,-0.0043068000000000004,-0.048978099999999997,-0.0020242000000000003,-0.0085950999999999996,0.0018234000000000002,0.0016507999999999998,0.0241817,-0.0044022000000000011,0.00094370000000000001,-0.015833,0.0084078999999999994,0.0088699,-0.0075113999999999997,0.00056849999999999999,0.00052159999999999967,-0.010433500000000002,0.0075376999999999996,-0.00031749999999999921,0.0034998000000000004,-0.010219599999999999,-0.0104371,0.023899900000000002,-0.012652799999999999,-0.00046169999999999978,-0.0112049,-0.0042252000000000001,-0.0017543999999999997,-0.0066119000000000004,-0.014751100000000001,0.0058351000000000002,-0.0074263000000000003,0.013460099999999999,0.0149049,0.0057120000000000001,0.0180483,-0.0111938,0.0022823000000000001,0.0023183000000000001,0.0016146999999999997,-0.00078809999999999904,0.012075199999999999,-0.0068031000000000012,0.0032644000000000006,-0.0025807,0.0068926999999999999,0.0002951999999999998,-0.0051076999999999997,0.0091050999999999997,0.0137041,0.0028890999999999999,-0.0016658999999999997,0.0068758999999999999,-0.0055989000000000004,0.0020743000000000003,-0.00034300000000000042,0.0097246999999999993,0.00094010000000000057,-0.0030144999999999998,0.0029726999999999991,-0.00088119999999999995,0.010818999999999999,-0.013243399999999999,0.0017883000000000005,0.00045529999999999963,-0.0056597999999999987,0.006841100000000001,-0.007277099999999999,-0.010068500000000001,-0.00080889999999999912,-0.013346500000000001,-0.014013100000000001,0.0049981000000000001,2.2099999999999968e-05,0.0039641000000000008,0.0098445000000000008,0.00051679999999999955,-0.0027212999999999998,0.00043670000000000004,-0.0047511000000000003,0.00097360000000000025,0.0032953999999999995,-0.0038968999999999996,-0.00027260000000000001,-0.0008734000000000003,0.0065564999999999998,0.0034379000000000002,-0.00010579999999999986,0.0022429999999999998,-0.0028334000000000002,0.0011261000000000001,0.00041649999999999999,-0.00080170000000000013,-0.0015335000000000001,0.00052979999999999954,-0.0035180999999999997,0.00381,-0.0054529000000000018,0.0010816000000000001,-0.0060840999999999994,-0.0031816000000000001,-0.0053563000000000005,-0.00042880000000000001,-0.0058887999999999996,0.0024675000000000001,0.0049677000000000002,0.0084834000000000003,0.0097761999999999988,-0.0099354999999999999,-0.0037940000000000005,0.004757599999999999,0.0085964000000000006,0.0026278,0.0129257,-0.0049292000000000008,0.0069925000000000005,-0.0179513,0.014616700000000002,0.00071420000000000001,-0.00044470000000000013,0.0061619999999999999,0.0077949000000000013,-0.0023896,0.0008342,-0.0039581,0.00014279999999999978,0.0028933000000000006,-0.0011054999999999997,-0.00078000000000000009,-0.0031126999999999999,0.0017636000000000002,0.0045526000000000004,-0.00479,-0.0028955000000000005,-0.0035169000000000003,0.0025990000000000002,-0.0020804999999999999,-0.0044240000000000008,-0.0018485000000000008,-9.5899999999999946e-05,-0.0011552999999999999,0.0017357,0.0040220999999999998,-0.0023752000000000001,-0.0029671000000000003,0.0061438999999999999,0.0040781000000000003,0.00010820000000000014,0.00055710000000000004,0.0062198000000000002,-0.0059999999999999993,-0.0033584999999999991,-0.001323,0.0004270999999999997,0.0027730999999999997,0.00029270000000000001,0.0098259000000000003,-0.0041329000000000001,0.0055843999999999998,-0.0016221,0.0038622999999999999,-0.0021425999999999997,0.0046822000000000009,-0.0019031999999999996,0.0058828999999999999,-0.00053640000000000003,-0.00077800000000000005,-8.6499999999999338e-05,-0.0055230000000000001,0.0054733999999999998,-0.010926600000000002,-0.0026192000000000003,-0.0026110000000000005,0.0025497000000000002,-0.00073989999999999993,-0.0032041000000000001,-0.00034749999999999994,0.00040490000000000036,-0.0025636999999999999,0.0010633999999999999,-0.0018788000000000001,0.00056190000000000027,-0.0032557000000000003,0.00092660000000000008,0.0037867999999999999,-0.0014322999999999998,0.00012849999999999998,0.0048629999999999993,0.0012606000000000002,0.00099120000000000002,0.0049750000000000003,-0.00099390000000000004,0.00059620000000000007,-0.0023896000000000004,0.00029169999999999999,0.0029373999999999997,-0.0039141000000000002,0.0047966999999999992,0.0025056000000000002,-0.00097059999999999985,-0.0019185000000000001,-0.0017283000000000008,-0.0010542000000000001,-0.00010270000000000027,0.0018749000000000001,0.0042905,-0.00010139999999999975,-0.0010891,0.0006661000000000002,-0.0028997000000000003,0.0026216999999999998,0.0040198000000000005,0.0053208999999999991,-0.0033804,0.00038210000000000002,0.0018113000000000001,-0.00011899999999999931,0.00015030000000000035,0.0023598,-0.0042053000000000004,0.0031019000000000003,-0.0029548,-0.00033660000000000005,-0.00020280000000000038,0.0041031000000000001,0.0058135000000000001,0.0022022999999999999,0.0040628000000000001,-0.015023000000000002,0.0022410999999999998,-0.0012785000000000001,-0.0007071,0.0019392000000000003,0.00059059999999999994,0.00034810000000000006,-0.0031742999999999997,-0.00058350000000000003,0.0014254000000000001,-0.0023828,0.0013554999999999999,0.0036526000000000002,4.0300000000000058e-05,0.0011818,0.000127,-0.00027470000000000006,0.0011191,-0.0011196000000000001,0.0018514,0.0023161000000000002,-0.0012206999999999999,0.0014165000000000002,0.0012381,0.00070599999999999981,-0.0021532000000000001,-0.0017821,-0.0015566999999999994,-0.0033963999999999999,-0.0010710000000000001,0.0022489999999999997,-0.0011876999999999999,-0.00048779999999999993,-0.0012742000000000001,-0.0027726000000000001,-0.0047281000000000007,-0.0018890999999999999,0.0034987,0.00088220000000000008,0.0036643999999999999,-0.00094870000000000013,-0.0027603000000000003,-0.00020510000000000016,0.00032579999999999995,0.00073400000000000006,0.00080889999999999977,0.0054514999999999997,0.0017492,-0.0030373000000000006,-0.0033693,-0.0026398999999999997,-0.0007040000000000002,0.0023538000000000001,0.0036023000000000001,-0.0021795999999999999,-0.0017752000000000002,0.0015977999999999999,0.0018721000000000002,-0.0029663999999999997,0.00089770000000000041,0.007545200000000001,-0.0018005,0.0027810999999999999,-0.00013660000000000061,-0.0060975999999999999,-0.00051909999999999999,0.00067719999999999998,0.0010771999999999999,0.00081230000000000017,-0.0023094000000000001,-0.0010493,-0.00070309999999999991,0.0014698000000000003,0.00055360000000000001,0.0010008,0.00087140000000000004,0.00043340000000000002,0.0015432,-0.00036020000000000024,-0.00074829999999999992,-0.0019354999999999999,-0.0020203999999999999,-0.0012535000000000001,0.00058440000000000011,-0.00012310000000000006,-0.0016285,-0.0019785000000000002,-0.00081769999999999998,-0.0025627000000000002,-0.0030475999999999997,-0.00011450000000000002,0.0016397,-0.00017899999999999991,0.0017753999999999997,0.00076179999999999976,0.00090669999999999976,-0.0027259999999999993,0.0022202000000000003,-0.00040200000000000001,3.6999999999999978e-05,0.00020699999999999999,0.0027331999999999999,-0.0020556000000000003,3.0900000000000155e-05,-0.002575,-0.00026429999999999986,-0.0010811,0.00075169999999999989,0.0026778000000000001,-0.00082459999999999999,-0.0046477000000000003,0.0017494999999999998,0.0016986000000000002,0.0014016999999999999,0.0032482999999999995,-0.0011693000000000001,0.0012442,7.6499999999999745e-05,-0.0030609000000000001,-0.0029988999999999997,0.0025057,0.0010716000000000002,0.0002283000000000001,3.2600000000000033e-05,0.0037064000000000003,0.0012172999999999999,-0.0022090999999999999,0.0015609,0.0020033999999999998,0.00044869999999999979,0.0031533000000000004,0.0024433000000000002,-0.00044729999999999987,-0.00086880000000000008,-0.00037809999999999992,-0.00029040000000000007,-0.00073459999999999997,0.0014848999999999999,0.0015592000000000002,-0.0022531000000000001,-0.00027590000000000004,0.0019740000000000001,-0.00070620000000000014,-0.00029180000000000005,-0.0011484000000000002,0.0014621,-0.00091369999999999993,0.0010508,0.00034489999999999998,0.00040499999999999998,-0.00096220000000000019,0.0022477999999999999,-5.7499999999999988e-05,-0.00038289999999999998,0.0014456,0.00024270000000000004,-0.00064999999999999997,0.0014636,0.00049759999999999995,0.00011160000000000033,0.00093939999999999996,-0.00064420000000000015,0.0016475999999999999,-0.0017661,-0.00021849999999999997,0.00088019999999999993,-0.0022086000000000002,0.00042020000000000002,0.0022047000000000004,-3.8999999999999918e-05,1.0400000000000039e-05,0.00026309999999999994,7.0100000000000023e-05,0.0018353000000000002,-0.0010093000000000003,0.00010520000000000001,-0.00018739999999999989,-0.00026059999999999999,0.00084559999999999995,0.0013194000000000001,0.00063689999999999992,-0.00057850000000000002,0.0011548999999999999,-0.0011888999999999999,-0.00070380000000000009,-0.00093040000000000006,-0.0016586000000000001,0.0043756000000000003,-0.0025168,-0.00047590000000000002,-0.0011205999999999998,-0.0022797,-0.0010486999999999998,-0.00037100000000000002,0.00061449999999999992,0.0020270000000000002,-0.0026500000000000004,-0.0041268999999999993,0.0028373000000000001,0.00030210000000000013,0.0019799000000000001,0.0014572000000000001,-0.00012819999999999986,-0.0012001000000000004,-0.0012606000000000002,-0.0026984000000000001,-9.1399999999999945e-05,0.0010191000000000006,-0.00066789999999999992
aug_between_class_right_pair0037_child01,Healthy,0,0,Augmented,0,0,0,0,0,0.3331134,2.0979988000000001,1.0000000000000005e-07,-9.9999999999999995e-08,0,1.0718862,0,0.047574699999999998,-0.16388759999999999,0.039101999999999998,0.098806900000000003,-0.088532399999999997,0.1041999,-0.0007023000000000001,0.012831199999999999,-0.027610599999999999,-0.1226024,0.40988080000000005,-0.071336999999999998,-0.015935600000000001,0.099063000000000012,-0.047099200000000001,-0.015077799999999999,-0.0041107999999999995,-0.06637330000000001,0.032561599999999996,0.042226600000000003,-0.033556900000000001,-0.00096300000000000075,-0.094223399999999999,0.0159755,0.037845900000000002,-0.037529699999999999,0.014325399999999999,0.010394800000000001,-0.037154,0.054300000000000001,-0.066133999999999998,-0.043289999999999995,0.095930699999999994,-0.023551200000000001,0.22945979999999999,-0.085881700000000005,0.011971300000000001,0.0030447999999999999,-0.0025196999999999997,-0.0208174,-0.0049616,0.034417700000000002,-0.0025828000000000001,-0.014691099999999999,-0.0068374999999999998,-0.025720800000000002,0.0022381999999999975,0.036301300000000002,0.013746100000000001,0.01804,-0.021442299999999997,-0.0053115999999999997,0.0100704,-0.047975999999999998,-0.0018171999999999993,0.0021845000000000002,0.0010961000000000005,0.025008300000000001,-0.067750000000000005,-0.0053137000000000011,-0.031389199999999999,-0.022469100000000002,0.0113154,-0.0038022000000000004,0.0014201000000000001,0.018487899999999998,0.0074181000000000004,0.0019239999999999999,-0.0053162999999999995,0.0076170999999999999,0.0045501999999999999,-0.0042708999999999993,0.0073458000000000004,0.0065624999999999998,-0.015753299999999998,0.0053511000000000001,0.0014800000000000004,0.0079618000000000015,-0.0105158,-0.016434400000000002,0.019968999999999997,-0.020636099999999998,-0.0082360000000000003,-0.017396500000000002,-0.015854400000000005,0.0008020999999999996,-0.024060700000000001,-0.010127000000000001,0.010297799999999999,-0.0137296,-0.012002199999999998,0.014753,-0.0082088000000000005,0.022375599999999999,0.0060430999999999992,-0.0057021000000000016,0.00029329999999999992,-0.0061291000000000002,-0.0067664999999999999,0.009715399999999999,-0.0047607999999999999,-0.008675200000000001,-0.0029980000000000002,0.0089362,-0.0027310000000000004,-0.0080186000000000007,0.0027273999999999992,0.0165089,0.0067188000000000005,0.0049733999999999993,0.0077299000000000005,-0.0084384000000000004,0.0037461999999999999,-0.016320500000000002,0.015212199999999999,-0.0031533999999999998,-0.0059287000000000003,0.0068701000000000005,-0.0040502000000000003,0.0043838999999999996,-0.0061846000000000002,-0.0012122000000000003,0.00031099999999999964,0.012026000000000002,-0.012285300000000001,-0.0034097999999999997,-0.0179109,-0.0099483999999999996,-0.0076914000000000001,-0.016833300000000002,0.0082535999999999998,0.0043406000000000009,0.011455399999999999,-0.0017846000000000001,-0.0025280000000000003,-0.0011417999999999999,0.0014188000000000002,0.0022305999999999997,0.0055620000000000001,0.0013360999999999998,-0.0040211999999999999,0.0019918999999999996,-0.0015112000000000001,0.0072960999999999998,0.0011275999999999999,0.003676,0.00035140000000000019,-0.0008786,-0.0025772,-0.0026538999999999998,-0.00021790000000000004,0.00094709999999999955,-0.0046036000000000002,-0.0013936999999999999,0.012917400000000001,-0.0027938999999999998,0.0028062,-0.0033998000000000001,-0.0016169999999999999,-0.0086450999999999993,-0.0026709000000000004,-0.011435900000000001,-0.0013318000000000006,0.0023536999999999998,0.011146700000000001,0.0062315999999999995,-0.0065728000000000002,-0.00023210000000000006,0.0010868000000000006,0.00085610000000000005,-0.00084780000000000001,0.010726900000000001,-0.0105144,0.0038729999999999997,-0.011375999999999999,0.0034608,-0.0086884999999999983,-0.0024674000000000002,0.0067267999999999998,-0.0069366999999999996,-0.0012573999999999999,0.0027112999999999998,-0.0038480000000000003,-0.0052004,0.0029780000000000002,0.00036709999999999998,-0.0006334,-0.0038774000000000005,-0.002947,0.0010865,0.0010441000000000003,0.0015515000000000001,0.00099880000000000021,-0.0025388999999999998,0.00059409999999999997,0.00064030000000000001,0.00094870000000000024,0.0028987000000000001,-0.00077229999999999996,-0.0034501000000000002,0.0052092000000000006,0.0022466000000000005,-0.0046977,0.0065748000000000004,0.0017959,-0.0029023,-0.0001590000000000005,0.0037548,0.0013132,5.5900000000000004e-05,-0.0015207999999999997,-0.0047653000000000001,-0.0027177999999999998,-0.00098189999999999996,0.011963,-0.0035570000000000003,-0.0063859999999999993,0.0016542,0.0001085999999999995,-0.0048696,0.00034119999999999984,-0.00019839999999999984,-0.0030587000000000001,0.0039049999999999996,0.00070509999999999974,0.0059154999999999998,-0.0142054,0.0067546000000000004,0.0025869999999999999,-0.011775900000000001,-0.0032935999999999998,0.0019194000000000001,-0.0033306000000000004,0.00034699999999999998,-0.00012960000000000001,-0.0015383999999999999,0.0010058000000000001,-0.0024326,-0.0024010000000000004,0.00096330000000000016,-0.00084909999999999998,-0.0015747000000000003,0.0020885999999999999,-0.00073150000000000016,0.0003145,-0.0039377000000000006,-0.0038557999999999995,-0.0024965,0.0041612999999999997,-0.00065329999999999989,0.0024550000000000002,-0.0032916999999999998,-0.0027724999999999998,0.0013506,-0.0087501000000000002,0.0029277000000000001,0.0025793000000000001,-0.0036178,0.0029875000000000001,0.0029789,0.00028930000000000004,0.0028740999999999997,-0.0013416000000000003,-0.00018730000000000005,-0.0032269999999999998,-0.0036743000000000001,0.014281000000000002,0.0010229999999999998,0.00088809999999999996,-0.0001466000000000002,0.00089329999999999998,-0.0036581000000000001,-0.0033011999999999998,-0.001805,0.0052639000000000002,-0.0048367000000000002,0.002183,0.0008294000000000001,-0.0021701999999999997,-0.0045862999999999998,0.0022358,-0.0066990000000000001,0.0039506999999999997,0.0038511999999999995,-0.0014187000000000004,-0.0017404999999999994,-0.018201799999999997,0.0053150999999999997,-0.001634,0.00023379999999999999,0.00093689999999999995,0.0017193,-0.00086630000000000019,0.0028745999999999997,0.00062949999999999996,0.0030714000000000002,0.0010142,0.00060360000000000003,-0.00092100000000000005,-0.00027090000000000003,0.0010715,0.0017092000000000001,-0.00086840000000000007,-0.0017780000000000003,-0.00067259999999999998,-0.00047690000000000037,-0.00022100000000000001,0.0023763000000000005,-0.00079149999999999999,-0.00038489999999999998,-0.0022445999999999998,-0.0016995000000000001,-0.0035357000000000001,0.0045924,0.0023185999999999997,0.00013219999999999964,-0.0020883000000000004,-0.00023259999999999991,-0.00074439999999999999,-0.0027909000000000007,-0.0012519,0.00057089999999999984,0.0011861,-0.0079381,0.0035349999999999999,0.0062480000000000001,-0.0013197999999999999,-0.0018617999999999998,0.0040420999999999999,0.0018314,0.0016051999999999998,-0.0012080000000000001,0.0030451999999999996,0.0011616999999999999,-0.0034793000000000003,0.0022475999999999998,-0.0041924000000000006,-0.0060216000000000002,0.0016132999999999998,0.0033314000000000004,-0.0042300999999999997,0.0072077,0.0019041000000000006,-0.0035415000000000004,-0.0056410000000000002,0.0019960000000000004,0.011198399999999999,-0.0036986000000000007,0.0038140000000000001,0.0049070000000000008,-0.0030666000000000001,8.7000000000000001e-05,0.0008405000000000001,0.0018348000000000001,0.0010430000000000001,0.00086930000000000004,-0.0025100000000000001,0.00014849999999999992,0.001188,-0.0012132,-0.00042680000000000007,0.0026841999999999999,-0.00094949999999999993,-0.00033980000000000013,0.001093,-0.0018322000000000004,-0.0025679000000000006,-0.00025359999999999998,0.0014618000000000005,0.0028387,0.00052310000000000008,-0.00078600000000000002,0.0011502000000000001,0.0017380999999999998,-0.00024370000000000001,-0.0012769000000000001,0.00046169999999999995,0.0030225999999999999,0.0013588999999999999,-2.4600000000000056e-05,-0.0015914000000000002,-0.0006378,0.00048039999999999997,-0.0015502000000000001,0.0012819999999999999,0.0017339,0.001856,0.0019827,-0.0024613000000000005,0.00059669999999999992,0.0012019000000000001,-0.0024424,-0.0032858999999999996,-0.0015542000000000002,0.0027426000000000004,4.2500000000000003e-05,-0.0017212,-0.00084369999999999996,0.0014802999999999999,-0.0025306,0.0026963999999999998,-0.0035808000000000003,0.0023041999999999997,0.0043289999999999995,-0.0048507000000000003,0.0018787000000000001,-4.8599999999999989e-05,-0.00053989999999999995,-0.00062960000000000002,0.0033555,0.0040975999999999999,0.0047474000000000006,-0.0026176999999999997,0.0027299000000000004,-0.0049487999999999997,-0.0073593000000000009,0.0031416,-0.0087840000000000001,0.0098256999999999997,-3.6400000000000017e-05,-0.00061020000000000009,0.00065539999999999999,-0.0018543000000000001,-0.0010622000000000001,0.00078750000000000001,-0.0027103000000000001,0.0012902,-0.0022493000000000001,0.0014546000000000001,0.00093920000000000028,-0.00042640000000000001,0.0019456,-0.0010518000000000001,-0.0020569000000000004,0.00075680000000000007,0.0022310999999999998,0.0014748000000000001,0.00059770000000000005,-0.00095640000000000005,-0.0025197000000000006,0.0013159000000000001,0.0014090000000000001,-0.00022900000000000009,0.0013709,0.0027049000000000001,-0.0046254,-0.0011133,-0.00014199999999999998,-0.0003455,0.00025040000000000001,-0.0015111,-0.0025003000000000004,0.00033349999999999997,-0.0023609,0.0027481999999999997,-0.0025994999999999998,0.00078950000000000005,-0.0018189,-0.0027954999999999998,-0.0017565,-0.00015569999999999994,0.0018440000000000004,0.0028893,-9.5700000000000049e-05,-5.8300000000000062e-05,0.0033682,-0.0014462000000000001,-0.0034273000000000003,-0.0015499000000000001,0.00028339999999999995,0.0015731,0.0012384,-0.000968,0.0012431999999999999,-0.00093359999999999992,-5.1800000000000012e-05,-0.0011246999999999997,-0.0016264000000000001,0.00030160000000000001,0.0018254,-0.0027331999999999999,0.0011011,0.00037949999999999985,-0.0016313,0.0027499999999999998,-0.0012670000000000001,-0.0006803,-0.00017580000000000015,-0.00054309999999999992,0.0069407000000000002,0.00017470000000000007,0.0016796000000000003,0.0037000999999999996,-0.0063019000000000009,0.0030952999999999996
aug_between_class_right_pair0037_child02,Healthy,0,0,Augmented,0,0,0,0,0,0.33088580000000001,2.0922066000000004,1.9999999999999999e-07,-1.9999999999999999e-07,0,1.0625554000000001,0,0.047177400000000001,-0.16406120000000002,0.036778999999999999,0.099660799999999994,-0.088990800000000009,0.10132480000000001,-0.0014216000000000003,0.012409399999999999,-0.029322199999999996,-0.11782280000000001,0.40813260000000001,-0.071740999999999999,-0.013294199999999999,0.094961000000000004,-0.043397400000000003,-0.0152076,-0.0047025999999999995,-0.064621600000000001,0.0330072,0.039550200000000001,-0.033474799999999999,-0.0015180000000000007,-0.093425799999999989,0.014478,0.037718799999999997,-0.036285400000000002,0.011996799999999998,0.0087545999999999995,-0.037239999999999995,0.053321000000000007,-0.065223000000000003,-0.040367,0.094161399999999992,-0.0241164,0.22978460000000001,-0.082749400000000001,0.011931600000000001,0.0027716000000000004,-0.0023353999999999996,-0.020229799999999999,-0.0048662000000000002,0.035385399999999997,-0.0030176000000000001,-0.014205200000000001,-0.0087749999999999981,-0.025754600000000002,0.0049244000000000007,0.033885600000000002,0.014829200000000001,0.017745999999999998,-0.020915599999999999,-0.0058102000000000006,0.0104368,-0.047641999999999997,-0.0012333999999999995,0.003215,0.0027302000000000008,0.0220746,-0.067935999999999996,-0.0069734000000000011,-0.032255400000000004,-0.018382200000000001,0.0107358,-0.0032564000000000004,0.0011622,0.018600800000000001,0.0078602000000000012,0.0021280000000000001,-0.0044075999999999994,0.0077541999999999993,0.0037553999999999995,-0.0043168,0.0069516000000000005,0.0071789999999999996,-0.016612599999999998,0.0058602000000000003,0.0012180000000000003,0.0077236000000000006,-0.011439600000000001,-0.0159668,0.019436999999999999,-0.020662199999999999,-0.0080409999999999995,-0.016277,-0.016399799999999999,0.00071719999999999944,-0.023763400000000004,-0.0099240000000000023,0.0119766,-0.0126102,-0.0090843999999999994,0.014864,-0.0083846000000000007,0.022893199999999999,0.0037661999999999973,-0.0058252000000000009,0.00030759999999999989,-0.0059541999999999998,-0.0065520000000000005,0.0101288,-0.0040606000000000001,-0.0078934000000000018,-0.002882,0.0088033999999999994,-0.0028400000000000001,-0.0081152000000000012,0.0031587999999999994,0.015326799999999998,0.0062176000000000002,0.0050498000000000001,0.0078258000000000008,-0.0081138000000000009,0.0031534000000000002,-0.016439000000000002,0.014936399999999999,-0.0029978000000000001,-0.0060774000000000002,0.0072902000000000002,-0.0048323999999999997,0.0047498000000000002,-0.0068701999999999999,-0.0017274,0.00010299999999999979,0.012123000000000002,-0.0108396,-0.0030726,-0.017362800000000001,-0.0107968,-0.0076068000000000004,-0.015959600000000004,0.009238200000000002,0.0044402,0.012399800000000001,-0.0021072,-0.0010420000000000002,-0.0012925999999999999,0.0014326,0.0020931999999999999,0.0053510000000000007,0.0013021999999999999,-0.0040254000000000002,0.0021938000000000001,-0.0013364,0.0069161999999999991,0.0012362,0.0033280000000000002,0.0005847999999999999,-0.0013162000000000002,-0.0024793999999999997,-0.0025677999999999999,-0.0001738,0.00077320000000000015,-0.0045852000000000002,-0.0020753999999999998,0.012493799999999999,-0.0022827999999999993,0.0032814000000000003,-0.0032536000000000002,-0.0020170000000000001,-0.0086941999999999992,-0.0031198000000000003,-0.011192800000000001,-0.00019660000000000033,0.0023033999999999997,0.010933400000000001,0.0067672000000000001,-0.0074615999999999997,-0.00030420000000000035,0.0012515999999999994,0.00080119999999999996,-0.00040160000000000011,0.0102878,-0.0105968,0.0037489999999999997,-0.01183,0.0018936000000000005,-0.0082469999999999991,-0.0038008,0.0078085999999999997,-0.0069753999999999997,-0.0014798000000000001,0.0026595999999999998,-0.0036820000000000004,-0.0049467999999999995,0.0031150000000000001,0.00012019999999999994,-0.0008068000000000001,-0.0041787999999999999,-0.0027619999999999997,0.0010430000000000001,0.00086420000000000051,0.001333,0.00087460000000000023,-0.0022508000000000003,0.00085020000000000017,0.00079559999999999993,0.00075340000000000021,0.0027394000000000003,-0.00096659999999999997,-0.0029972000000000002,0.0046704000000000008,0.0021892000000000014,-0.0044694000000000001,0.0070186000000000007,0.0020328000000000004,-0.0028316000000000001,-0.00045800000000000029,0.0037526,0.00067339999999999989,0.00034780000000000011,-0.0010956,-0.0041246000000000008,-0.0031656000000000002,-0.0013988000000000004,0.011302,-0.0030170000000000006,-0.0065990000000000007,0.0021894000000000002,0.00054519999999999959,-0.0045751999999999998,-0.00066960000000000066,-0.0006598000000000001,-0.0032144000000000001,0.0040759999999999998,0.00024220000000000014,0.0058939999999999999,-0.0141388,0.0065932000000000004,0.0014649999999999984,-0.011662800000000001,-0.0041872000000000003,0.0020558,-0.0033242000000000002,0.00043500000000000006,-0.00013019999999999991,-0.0014927999999999999,0.00075060000000000014,-0.0022642000000000001,-0.0025920000000000006,0.0007176000000000002,-0.0010351999999999998,-0.0015974000000000001,0.0023982000000000001,-0.00050400000000000022,0.000368,-0.0040334000000000004,-0.0037205999999999997,-0.0019679999999999997,0.0040526,-0.00045359999999999997,0.0025400000000000006,-0.0028324000000000005,-0.0027140000000000003,0.0014101999999999999,-0.0089782000000000004,0.0028194000000000001,0.0023915999999999998,-0.0031716000000000001,0.003173,0.0032998000000000003,0.00026559999999999995,0.0029651999999999999,-0.0010892,-0.00016860000000000009,-0.0029220000000000001,-0.0035915999999999999,0.014112000000000003,0.0010579999999999999,0.0013332000000000003,9.3799999999999786e-05,0.00058259999999999996,-0.0042361999999999999,-0.0031003999999999997,-0.0026080000000000001,0.0054457999999999998,-0.0050584000000000002,0.0019940000000000001,0.00056079999999999975,-0.0024473999999999997,-0.0048386000000000002,0.0021866000000000003,-0.0068800000000000007,0.0037704000000000001,0.0043114,-0.0016094000000000002,-0.0014040000000000003,-0.018049599999999999,0.0048902000000000008,-0.0015319999999999999,0.00035960000000000001,0.00084179999999999997,0.0019995999999999998,-0.00091759999999999997,0.0027051999999999996,0.00064400000000000004,0.0030788,0.0011784000000000002,0.00067520000000000004,-0.00082399999999999997,-0.00053679999999999993,0.001304,0.0017104000000000002,-0.00077979999999999998,-0.0018680000000000001,-0.00061720000000000015,-0.00017580000000000048,-9.5000000000000032e-05,0.0022846000000000003,-0.00092700000000000009,-0.0003968,-0.0022681999999999997,-0.001108,-0.0033103999999999998,0.0045728000000000001,0.0018051999999999999,-9.7599999999999987e-05,-0.0017486000000000005,-0.0003481999999999999,-0.00055480000000000004,-0.0025738000000000002,-0.00099580000000000003,0.0006117999999999998,0.0011202,-0.0072821999999999982,0.0034630000000000004,0.0056369999999999996,-0.0010156000000000002,-0.0016795999999999998,0.0040461999999999998,0.0019558000000000002,0.0011783999999999998,-0.0012019999999999999,0.0027163999999999999,0.0010223999999999999,-0.0031216000000000004,0.0023102000000000001,-0.0042018000000000012,-0.0056622000000000009,0.0013776000000000001,0.0031948000000000002,-0.0031311999999999998,0.0063874000000000014,0.0013612000000000003,-0.0026900000000000001,-0.0055850000000000006,0.0016380000000000001,0.0103908,-0.0040832000000000004,0.0041229999999999999,0.0047920000000000003,-0.0027312,5.600000000000006e-05,0.00092200000000000008,0.0018186000000000001,0.000901,0.00069459999999999997,-0.0022100000000000002,0.00010300000000000001,0.0014250000000000001,-0.0012434,-0.00038260000000000008,0.0025003999999999998,-0.00087999999999999992,-0.0002396,0.0011970000000000001,-0.0017824,-0.0023118000000000001,-0.00055820000000000002,0.0013496000000000003,0.0026244000000000003,-2.4799999999999857e-05,-0.00063800000000000011,0.0011364000000000001,0.0014822000000000004,-0.00024939999999999999,-0.0012518,0.00019040000000000002,0.0028041999999999997,0.0012228,4.9800000000000018e-05,-0.0015038,-0.00066159999999999993,0.00037580000000000003,-0.0011974000000000002,0.0011180000000000001,0.0017718,0.0017269999999999998,0.0018974,-0.0025135999999999999,0.00064440000000000005,0.0012608000000000003,-0.0022348000000000003,-0.0032928000000000002,-0.0015804000000000003,0.0025631999999999999,-4.3999999999999985e-05,-0.0016803999999999999,-0.00047440000000000015,0.0016126000000000001,-0.0022702,0.0025508000000000002,-0.0034646,0.0022664,0.004326,-0.0047874000000000007,0.0019123999999999999,-0.00017320000000000009,-0.0004107999999999999,-0.00069520000000000009,0.0030610000000000004,0.0040282,0.0045158000000000004,-0.0029874000000000003,0.0024788000000000002,-0.0040035999999999995,-0.0076076000000000008,0.0027462000000000003,-0.0090320000000000001,0.0089823999999999998,-0.00013280000000000019,-0.0006594000000000002,0.00061380000000000007,-0.0018676000000000001,-0.00068639999999999999,0.00074200000000000004,-0.0026015999999999999,0.0012714,-0.0022455999999999999,0.0014252000000000002,0.00081240000000000001,-0.00056079999999999997,0.0018882,-0.0011666000000000001,-0.0019558000000000002,0.00075660000000000007,0.0019352000000000002,0.0014006000000000001,0.0007314,-0.00093979999999999997,-0.0022464000000000004,0.0010348,0.0012720000000000001,-0.00028700000000000004,0.0010308000000000001,0.0024818000000000002,-0.0043937999999999998,-0.00091060000000000012,-0.000101,-0.00049299999999999995,-7.9199999999999974e-05,-0.0016092000000000001,-0.0024996000000000003,0.00030600000000000001,-0.0021078000000000008,0.0024783999999999995,-0.0024269999999999999,0.00060400000000000004,-0.0015407999999999997,-0.0026479999999999997,-0.0015299999999999999,-8.5400000000000016e-05,0.0021409999999999997,0.0029175999999999998,-0.00016840000000000003,0.00016639999999999987,0.0031703999999999994,-0.0013804000000000002,-0.0030446000000000002,-0.0014168000000000002,0.00069979999999999977,0.0015062000000000001,0.0010608,-0.0011440000000000001,0.0008923999999999999,-0.00099019999999999989,-0.00025260000000000001,-0.00077139999999999989,-0.0017187999999999999,5.619999999999997e-05,0.0016598000000000001,-0.0025563999999999995,0.0010271999999999998,4.1999999999999937e-05,-0.0015365999999999999,0.0026410000000000001,-0.0011380000000000001,-0.00054660000000000006,-0.00063260000000000041,-0.00051620000000000008,0.0067964000000000002,0.00028140000000000001,0.0015892,0.0032462000000000003,-0.0054298000000000003,0.0030185999999999998
aug_between_class_right_pair0037_child03,Healthy,0,0,Augmented,0,0,0,0,0,0.32865820000000001,2.0864144000000002,2.9999999999999999e-07,-2.9999999999999993e-07,0,1.0532246000000001,4.1359030627651384e-25,0.046780099999999998,-0.16423480000000001,0.034456000000000001,0.1005147,-0.089449200000000006,0.098449700000000001,-0.0021408999999999998,0.011987599999999999,-0.0310338,-0.1130432,0.40638440000000003,-0.072145000000000001,-0.0106528,0.090859000000000009,-0.039695599999999991,-0.015337399999999999,-0.0052943999999999995,-0.062869900000000006,0.033452799999999998,0.036873799999999998,-0.033392700000000004,-0.0020729999999999998,-0.092628199999999994,0.012980499999999999,0.037591699999999999,-0.035041099999999999,0.0096682000000000001,0.0071143999999999999,-0.037325999999999998,0.052342,-0.064311999999999994,-0.037443999999999998,0.092392099999999991,-0.024681599999999998,0.23010940000000002,-0.079617099999999996,0.0118919,0.0024984,-0.0021511000000000004,-0.019642199999999999,-0.0047707999999999995,0.036353099999999999,-0.0034524,-0.013719299999999999,-0.0107125,-0.0257884,0.0076106000000000004,0.031469900000000002,0.015912300000000001,0.017451999999999999,-0.020388900000000001,-0.006308799999999999,0.010803200000000001,-0.047308000000000003,-0.00064959999999999974,0.0042455000000000001,0.0043642999999999998,0.019140900000000002,-0.068122000000000002,-0.0086331000000000012,-0.033121600000000001,-0.0142953,0.010156199999999999,-0.0027106000000000005,0.00090430000000000003,0.0187137,0.0083023000000000003,0.0023319999999999999,-0.0034989000000000001,0.0078913000000000004,0.0029606000000000007,-0.0043626999999999997,0.0065573999999999997,0.0077955000000000003,-0.017471899999999999,0.0063692999999999996,0.00095600000000000112,0.0074854000000000006,-0.0123634,-0.015499200000000001,0.018904999999999998,-0.0206883,-0.0078459999999999988,-0.015157500000000001,-0.016945200000000001,0.00063230000000000014,-0.023466100000000004,-0.0097210000000000005,0.0136554,-0.011490799999999999,-0.0061665999999999978,0.014975,-0.0085603999999999975,0.023410799999999999,0.001489299999999999,-0.0059482999999999984,0.00032189999999999996,-0.0057792999999999994,-0.0063375000000000003,0.0105422,-0.0033603999999999999,-0.0071116000000000009,-0.0027659999999999998,0.0086706000000000005,-0.0029490000000000002,-0.0082118,0.0035902,0.014144699999999998,0.0057164,0.0051261999999999992,0.0079217000000000003,-0.0077891999999999996,0.0025606000000000001,-0.016557500000000003,0.014660599999999999,-0.0028422,-0.0062261,0.0077103000000000007,-0.0056145999999999991,0.0051156999999999999,-0.0075558000000000005,-0.0022426000000000004,-0.00010499999999999919,0.01222,-0.0093939000000000002,-0.0027353999999999998,-0.016814699999999998,-0.0116452,-0.0075221999999999997,-0.015085900000000003,0.010222800000000001,0.0045397999999999992,0.013344199999999999,-0.0024298000000000002,0.00044399999999999952,-0.0014433999999999996,0.0014463999999999998,0.0019557999999999997,0.0051400000000000005,0.0012683,-0.0040295999999999995,0.0023956999999999997,-0.0011616,0.0065362999999999984,0.0013447999999999999,0.00298,0.00081820000000000026,-0.0017538,-0.0023815999999999998,-0.0024816999999999999,-0.00012970000000000039,0.00059930000000000031,-0.0045668000000000002,-0.0027571000000000002,0.0120702,-0.0017716999999999998,0.0037566000000000001,-0.0031074000000000002,-0.0024170000000000003,-0.008743299999999999,-0.0035687000000000002,-0.0109497,0.00093859999999999994,0.0022531000000000001,0.0107201,0.0073027999999999999,-0.0083504000000000009,-0.00037629999999999999,0.0014164,0.00074629999999999998,4.46e-05,0.0098487000000000002,-0.0106792,0.0036249999999999998,-0.012284,0.00032640000000000029,-0.0078054999999999982,-0.0051342000000000002,0.0088903999999999997,-0.0070140999999999997,-0.0017022000000000001,0.0026078999999999998,-0.003516,-0.0046931999999999998,0.0032520000000000001,-0.0001267000000000001,-0.00098020000000000008,-0.0044802000000000002,-0.0025769999999999994,0.00099950000000000017,0.00068430000000000032,0.0011144999999999998,0.00075039999999999992,-0.0019626999999999995,0.0011062999999999997,0.00095089999999999986,0.00055810000000000007,0.0025801000000000001,-0.0011609000000000001,-0.0025443000000000002,0.0041316,0.0021317999999999997,-0.0042410999999999994,0.0074623999999999992,0.0022697000000000004,-0.0027609000000000002,-0.00075699999999999964,0.0037504000000000001,3.3599999999999841e-05,0.00063970000000000021,-0.00067039999999999982,-0.0034839000000000003,-0.0036134000000000001,-0.0018157,0.010641000000000001,-0.002477,-0.0068119999999999986,0.0027246000000000002,0.0009817999999999999,-0.0042807999999999995,-0.0016803999999999994,-0.0011211999999999995,-0.0033701,0.0042469999999999999,-0.00022070000000000011,0.0058724999999999992,-0.0140722,0.0064317999999999997,0.00034299999999999869,-0.0115497,-0.0050807999999999999,0.0021922000000000001,-0.0033178000000000001,0.00052299999999999981,-0.00013080000000000014,-0.0014472,0.0004953999999999999,-0.0020958000000000001,-0.0027830000000000003,0.00047190000000000003,-0.0012213000000000002,-0.0016201,0.0027078000000000002,-0.00027650000000000016,0.0004215,-0.0041291000000000001,-0.003585399999999999,-0.0014394999999999996,0.0039439000000000002,-0.00025390000000000005,0.0026249999999999997,-0.0023731000000000004,-0.0026554999999999999,0.0014698000000000001,-0.0092063000000000006,0.0027110999999999997,0.0022039,-0.0027253999999999998,0.0033584999999999995,0.0036207000000000001,0.00024190000000000008,0.0030562999999999996,-0.00083679999999999996,-0.0001498999999999999,-0.002617,-0.0035089000000000001,0.013943000000000001,0.001093,0.0017782999999999998,0.00033419999999999999,0.00027190000000000005,-0.0048143000000000005,-0.0028996,-0.003411,0.0056276999999999994,-0.0052800999999999994,0.001805,0.00029219999999999984,-0.0027246000000000002,-0.0050908999999999998,0.0021374000000000002,-0.0070609999999999996,0.0035901000000000001,0.0047716,-0.0018001,-0.0010674999999999994,-0.017897399999999997,0.0044653000000000002,-0.0014299999999999998,0.00048539999999999993,0.00074669999999999988,0.0022799000000000001,-0.00096889999999999997,0.0025357999999999995,0.00065850000000000001,0.0030861999999999999,0.0013425999999999998,0.00074680000000000005,-0.00072699999999999989,-0.00080269999999999994,0.0015365000000000001,0.0017116,-0.0006912000000000001,-0.0019580000000000001,-0.00056179999999999999,0.00012530000000000028,3.0999999999999995e-05,0.0021929000000000002,-0.0010625000000000001,-0.0004086999999999998,-0.0022918000000000001,-0.00051650000000000014,-0.0030850999999999999,0.0045532000000000003,0.0012917999999999998,-0.00032740000000000015,-0.0014089000000000003,-0.00046380000000000011,-0.00036520000000000009,-0.0023566999999999998,-0.00073970000000000004,0.00065269999999999976,0.0010543,-0.0066262999999999982,0.0033909999999999999,0.0050259999999999992,-0.00071140000000000005,-0.0014973999999999999,0.0040502999999999997,0.0020801999999999999,0.00075159999999999984,-0.0011959999999999998,0.0023876000000000001,0.00088309999999999994,-0.0027639000000000006,0.0023728,-0.0042112,-0.0053027999999999999,0.0011418999999999999,0.0030581999999999996,-0.0020322999999999999,0.0055671000000000002,0.0008183000000000001,-0.0018384999999999999,-0.0055290000000000001,0.0012799999999999999,0.0095832000000000001,-0.0044678000000000001,0.0044320000000000002,0.0046770000000000006,-0.0023958,2.4999999999999957e-05,0.0010035000000000001,0.0018023999999999998,0.00075900000000000002,0.00051990000000000011,-0.0019100000000000002,5.7499999999999934e-05,0.0016620000000000003,-0.0012735999999999999,-0.00033840000000000009,0.0023165999999999998,-0.00081050000000000002,-0.00013939999999999995,0.0013009999999999999,-0.0017325999999999995,-0.0020557000000000001,-0.00086280000000000005,0.0012374,0.0024101000000000001,-0.00057269999999999988,-0.00048999999999999998,0.0011226000000000001,0.0012263,-0.00025510000000000007,-0.0012267000000000001,-8.0900000000000096e-05,0.0025857999999999996,0.0010867000000000001,0.00012419999999999998,-0.0014161999999999994,-0.00068539999999999996,0.00027119999999999998,-0.00084459999999999982,0.00095399999999999999,0.0018097,0.001598,0.0018121000000000001,-0.0025659000000000003,0.00069210000000000018,0.0013197,-0.0020271999999999998,-0.0032996999999999992,-0.0016065999999999999,0.0023838000000000002,-0.00013050000000000019,-0.0016396,-0.00010510000000000006,0.0017449,-0.0020098,0.0024051999999999997,-0.0033484000000000005,0.0022285999999999999,0.0043229999999999996,-0.0047241000000000002,0.0019460999999999999,-0.00029779999999999997,-0.00028169999999999996,-0.00076080000000000006,0.0027664999999999999,0.0039588000000000002,0.0042842000000000002,-0.0033571,0.0022277,-0.0030583999999999997,-0.007855899999999999,0.0023508000000000001,-0.0092800000000000001,0.0081390999999999998,-0.00022920000000000015,-0.00070859999999999999,0.00057219999999999992,-0.0018809,-0.00031060000000000001,0.00069650000000000007,-0.0024929000000000002,0.0012526,-0.0022418999999999998,0.0013958,0.00068560000000000018,-0.00069520000000000009,0.0018308,-0.0012814,-0.0018546999999999999,0.00075639999999999995,0.0016392999999999998,0.0013264000000000001,0.00086509999999999994,-0.00092320000000000011,-0.0019730999999999998,0.00075369999999999994,0.0011350000000000002,-0.00034500000000000009,0.00069069999999999993,0.0022586999999999998,-0.0041621999999999996,-0.00070789999999999981,-5.9999999999999954e-05,-0.0006404999999999999,-0.00040879999999999996,-0.0017072999999999999,-0.0024989000000000001,0.00027849999999999994,-0.0018547000000000001,0.0022085999999999998,-0.0022544999999999996,0.00041850000000000004,-0.0012626999999999996,-0.0025004999999999997,-0.0013035,-1.5099999999999879e-05,0.0024379999999999996,0.0029459,-0.00024110000000000001,0.00039109999999999997,0.0029725999999999997,-0.0013146,-0.0026619,-0.0012836999999999998,0.0011161999999999999,0.0014392999999999997,0.00088319999999999989,-0.00132,0.00054159999999999994,-0.0010468000000000001,-0.00045340000000000007,-0.0004180999999999997,-0.0018112,-0.00018919999999999999,0.0014941999999999998,-0.0023795999999999999,0.00095330000000000002,-0.00029550000000000019,-0.0014419000000000003,0.002532,-0.0010090000000000001,-0.0004128999999999999,-0.0010894000000000004,-0.0004892999999999998,0.0066520999999999993,0.00038809999999999995,0.0014988,0.0027923000000000002,-0.0045576999999999996,0.0029418999999999999
aug_between_class_right_pair0037_child04,Healthy,0,0,Augmented,0,0,0,0,0,0.32643060000000002,2.0806222000000001,4.0000000000000003e-07,-3.9999999999999993e-07,0,1.0438938,0,0.046382800000000002,-0.16440840000000001,0.032132999999999995,0.1013686,-0.089907600000000004,0.09557460000000001,-0.0028602000000000002,0.011565799999999999,-0.032745399999999994,-0.1082636,0.4046362,-0.072549000000000002,-0.0080113999999999984,0.086757000000000001,-0.035993799999999992,-0.0154672,-0.0058861999999999994,-0.061118200000000004,0.033898400000000002,0.034197399999999996,-0.033310600000000003,-0.0026280000000000006,-0.091830599999999998,0.011483,0.037464600000000001,-0.033796800000000002,0.0073395999999999991,0.0054741999999999994,-0.037412000000000001,0.051362999999999999,-0.063400999999999999,-0.034520999999999996,0.090622799999999989,-0.0252468,0.23043420000000001,-0.076484799999999992,0.0118522,0.0022252000000000005,-0.0019668000000000003,-0.019054600000000001,-0.0046753999999999997,0.037320800000000001,-0.0038872000000000004,-0.013233399999999999,-0.01265,-0.0258222,0.010296800000000002,0.029054199999999999,0.016995400000000001,0.017158,-0.019862200000000003,-0.0068074000000000008,0.011169600000000002,-0.046974000000000002,-6.5799999999999539e-05,0.0052759999999999994,0.0059984000000000027,0.016207200000000001,-0.068308000000000008,-0.010292800000000001,-0.033987799999999999,-0.010208400000000001,0.0095765999999999993,-0.0021648000000000006,0.00064639999999999999,0.018826599999999999,0.0087443999999999994,0.0025360000000000001,-0.0025901999999999991,0.0080283999999999998,0.0021657999999999998,-0.0044085999999999995,0.0061632000000000006,0.0084119999999999993,-0.018331199999999999,0.0068783999999999998,0.00069400000000000017,0.0072472000000000005,-0.013287200000000001,-0.015031600000000001,0.018373,-0.020714400000000001,-0.0076509999999999998,-0.014038000000000002,-0.017490600000000002,0.00054739999999999954,-0.023168800000000003,-0.0095180000000000022,0.015334200000000001,-0.010371399999999999,-0.003248799999999997,0.015086,-0.0087361999999999995,0.023928399999999999,-0.00078760000000000115,-0.0060713999999999994,0.00033619999999999993,-0.0056043999999999998,-0.006123,0.010955599999999999,-0.0026601999999999997,-0.0063298,-0.00265,0.0085377999999999999,-0.003058,-0.0083084000000000005,0.0040216000000000002,0.012962599999999999,0.0052151999999999997,0.0052025999999999999,0.0080175999999999997,-0.0074646000000000001,0.0019678,-0.016676000000000003,0.0143848,-0.0026865999999999999,-0.0063747999999999999,0.0081304000000000012,-0.0063967999999999994,0.0054815999999999997,-0.0082414000000000012,-0.0027578000000000004,-0.00031299999999999991,0.012317000000000002,-0.007948199999999999,-0.0023981999999999996,-0.016266599999999999,-0.012493599999999999,-0.0074375999999999999,-0.014212200000000001,0.011207400000000001,0.0046394000000000001,0.0142886,-0.0027524000000000008,0.0019300000000000003,-0.0015942,0.0014602,0.0018183999999999997,0.0049290000000000002,0.0012343999999999999,-0.0040337999999999997,0.0025975999999999994,-0.00098679999999999992,0.0061563999999999994,0.0014534000000000001,0.0026319999999999998,0.0010516000000000002,-0.0021914,-0.0022837999999999999,-0.0023955999999999999,-8.5600000000000129e-05,0.00042539999999999982,-0.0045484000000000002,-0.0034387999999999997,0.0116466,-0.0012606000000000002,0.0042318,-0.0029611999999999998,-0.0028170000000000001,-0.0087923999999999988,-0.0040176000000000005,-0.0107066,0.0020738000000000002,0.0022028,0.0105068,0.0078384000000000006,-0.0092391999999999995,-0.00044840000000000006,0.0015812000000000005,0.0006914,0.0004908,0.0094096000000000006,-0.0107616,0.0035009999999999998,-0.012737999999999999,-0.0012408000000000007,-0.007363999999999999,-0.0064676000000000004,0.0099721999999999988,-0.0070528000000000006,-0.0019246000000000001,0.0025561999999999998,-0.0033500000000000005,-0.0044396000000000001,0.0033890000000000001,-0.00037360000000000008,-0.0011536000000000003,-0.0047816000000000004,-0.0023919999999999992,0.00095600000000000004,0.00050440000000000012,0.00089599999999999999,0.00062620000000000015,-0.0016745999999999996,0.0013624000000000002,0.0011062000000000001,0.00036280000000000004,0.0024207999999999999,-0.0013552,-0.0020914000000000002,0.0035927999999999997,0.0020743999999999997,-0.0040127999999999995,0.0079062000000000004,0.0025066000000000003,-0.0026902000000000002,-0.0010559999999999999,0.0037482000000000001,-0.00060620000000000031,0.0009316000000000002,-0.00024519999999999989,-0.0028432000000000006,-0.0040612000000000001,-0.0022326000000000004,0.0099799999999999993,-0.0019370000000000001,-0.007025,0.0032598000000000002,0.0014183999999999998,-0.0039864000000000002,-0.0026912000000000012,-0.0015825999999999998,-0.0035257999999999999,0.0044180000000000001,-0.00068359999999999992,0.0058509999999999994,-0.0140056,0.0062704000000000006,-0.00077900000000000018,-0.0114366,-0.0059744000000000004,0.0023286000000000001,-0.0033113999999999999,0.000611,-0.00013140000000000005,-0.0014015999999999998,0.00024020000000000012,-0.0019273999999999997,-0.0029740000000000009,0.00022620000000000008,-0.0014074000000000001,-0.0016428,0.0030174000000000004,-4.9000000000000134e-05,0.000475,-0.0042248000000000008,-0.0034501999999999996,-0.00091099999999999992,0.0038352000000000004,-5.4199999999999908e-05,0.0027100000000000002,-0.0019137999999999996,-0.0025970000000000003,0.0015294,-0.009434399999999999,0.0026027999999999997,0.0020162000000000001,-0.0022791999999999999,0.0035439999999999998,0.0039416,0.00021819999999999999,0.0031473999999999999,-0.0005844,-0.00013119999999999994,-0.0023119999999999998,-0.0034261999999999999,0.013774000000000002,0.0011279999999999999,0.0022233999999999999,0.00057459999999999998,-3.8799999999999859e-05,-0.0053924000000000003,-0.0026987999999999999,-0.0042140000000000007,0.0058095999999999998,-0.0055017999999999994,0.001616,2.3599999999999923e-05,-0.0030017999999999998,-0.0053432000000000002,0.0020882000000000001,-0.0072420000000000002,0.0034098000000000002,0.0052318,-0.0019908,-0.00073100000000000031,-0.017745199999999999,0.0040403999999999995,-0.001328,0.00061120000000000011,0.00065160000000000001,0.0025602000000000003,-0.0010202,0.0023663999999999994,0.00067299999999999999,0.0030936000000000002,0.0015068000000000004,0.00081840000000000005,-0.00062999999999999981,-0.0010685999999999998,0.0017690000000000002,0.0017128,-0.00060260000000000001,-0.0020480000000000003,-0.00050639999999999995,0.00042640000000000017,0.00015699999999999997,0.0021012000000000001,-0.0011980000000000003,-0.00042060000000000003,-0.0023154,7.5000000000000197e-05,-0.0028598,0.0045336000000000005,0.00077839999999999962,-0.0005572000000000001,-0.0010692000000000002,-0.0005794000000000001,-0.00017560000000000004,-0.0021396000000000002,-0.00048359999999999983,0.00069359999999999973,0.00098839999999999996,-0.0059703999999999998,0.0033189999999999999,0.0044149999999999997,-0.00040719999999999992,-0.0013151999999999999,0.0040543999999999997,0.0022046000000000001,0.00032479999999999971,-0.0011899999999999999,0.0020587999999999995,0.00074379999999999997,-0.0024062000000000003,0.0024353999999999999,-0.0042205999999999997,-0.0049434000000000006,0.0009061999999999998,0.0029215999999999999,-0.00093339999999999916,0.0047467999999999998,0.00027540000000000008,-0.00098700000000000003,-0.0054730000000000004,0.00092200000000000008,0.0087755999999999997,-0.0048523999999999998,0.0047410000000000004,0.0045620000000000001,-0.0020604,-6.0000000000000374e-06,0.001085,0.0017861999999999999,0.00061700000000000004,0.00034520000000000004,-0.0016099999999999999,1.1999999999999966e-05,0.0018990000000000001,-0.0013037999999999999,-0.00029420000000000005,0.0021327999999999998,-0.00074100000000000001,-3.9199999999999977e-05,0.001405,-0.0016827999999999999,-0.0017996000000000002,-0.0011674000000000001,0.0011252000000000002,0.0021958000000000004,-0.0011205999999999998,-0.00034199999999999996,0.0011088000000000001,0.00097040000000000006,-0.00026080000000000005,-0.0012015999999999999,-0.00035220000000000005,0.0023673999999999995,0.00095060000000000001,0.00019859999999999995,-0.0013285999999999997,-0.0007092,0.00016660000000000004,-0.0004917999999999997,0.0007899999999999999,0.0018476,0.001469,0.0017267999999999999,-0.0026182000000000002,0.00073980000000000009,0.0013786000000000002,-0.0018196,-0.0033065999999999998,-0.0016328,0.0022044,-0.00021699999999999996,-0.0015988,0.00026420000000000013,0.0018771999999999999,-0.0017493999999999999,0.0022595999999999996,-0.0032322000000000002,0.0021907999999999997,0.0043200000000000001,-0.0046608000000000005,0.0019797999999999999,-0.00042239999999999997,-0.00015259999999999991,-0.00082640000000000003,0.0024720000000000002,0.0038893999999999995,0.0040526,-0.0037268000000000002,0.0019765999999999998,-0.0021131999999999995,-0.0081042000000000006,0.0019553999999999999,-0.009528,0.0072957999999999999,-0.00032560000000000011,-0.00075779999999999988,0.0005306,-0.0018942,6.5200000000000013e-05,0.00065099999999999999,-0.0023841999999999999,0.0012338,-0.0022382000000000001,0.0013664000000000003,0.00055880000000000014,-0.0008296,0.0017734000000000001,-0.0013962,-0.0017536000000000001,0.00075619999999999995,0.0013433999999999998,0.0012521999999999998,0.00099880000000000021,-0.00090660000000000003,-0.0016998000000000002,0.00047259999999999983,0.00099800000000000019,-0.00040300000000000009,0.00035059999999999985,0.0020355999999999998,-0.0039305999999999994,-0.00050519999999999992,-1.8999999999999974e-05,-0.00078799999999999996,-0.00073840000000000017,-0.0018054,-0.0024981999999999999,0.00025099999999999998,-0.0016016000000000001,0.0019387999999999999,-0.0020819999999999996,0.00023299999999999994,-0.00098459999999999975,-0.0023530000000000001,-0.001077,5.5200000000000149e-05,0.002735,0.0029742000000000002,-0.00031380000000000009,0.00061580000000000001,0.0027748,-0.0012488,-0.0022791999999999999,-0.0011505999999999999,0.0015326000000000001,0.0013723999999999997,0.00070560000000000002,-0.0014959999999999999,0.00019079999999999976,-0.0011034,-0.00065420000000000018,-6.479999999999984e-05,-0.0019036000000000001,-0.00043460000000000005,0.0013285999999999999,-0.0022027999999999996,0.00087939999999999991,-0.00063300000000000032,-0.0013472,0.0024229999999999998,-0.00088000000000000003,-0.00027919999999999996,-0.0015462000000000002,-0.00046239999999999996,0.0065078000000000002,0.00049480000000000032,0.0014084,0.0023384,-0.0036855999999999998,0.0028652
aug_between_class_right_pair0037_child05,TLE,1,1,Augmented,0,0,0,0,0,0.32197539999999997,2.0690378000000003,5.9999999999999997e-07,-5.9999999999999997e-07,0,1.0252322,0,0.045588200000000002,-0.1647556,0.027486999999999998,0.1030764,-0.0908244,0.089824399999999999,-0.0042988000000000002,0.010722200000000001,-0.036168599999999995,-0.098704399999999998,0.40113980000000005,-0.073356999999999992,-0.0027286000000000003,0.078552999999999998,-0.0285902,-0.015726799999999999,-0.0070697999999999993,-0.057614800000000001,0.034789600000000004,0.028844599999999998,-0.033146399999999999,-0.0037380000000000004,-0.090235399999999993,0.008487999999999999,0.037210399999999998,-0.031308200000000001,0.0026824000000000014,0.0021937999999999992,-0.037583999999999999,0.049405000000000004,-0.061578999999999995,-0.028675000000000003,0.0870842,-0.0263772,0.23108380000000001,-0.070220199999999997,0.0117728,0.0016788000000000007,-0.0015982000000000001,-0.0178794,-0.0044846,0.039256199999999998,-0.0047568000000000003,-0.012261600000000001,-0.016524999999999998,-0.025889799999999998,0.015669200000000001,0.024222800000000003,0.019161600000000001,0.016570000000000001,-0.018808800000000001,-0.0078046000000000001,0.0119024,-0.046306,0.0011018000000000002,0.0073369999999999998,0.0092666000000000016,0.010339800000000003,-0.068679999999999991,-0.013612200000000001,-0.035720200000000001,-0.0020346000000000027,0.0084174000000000002,-0.0010732000000000003,0.00013060000000000011,0.019052400000000001,0.0096285999999999993,0.002944,-0.00077280000000000057,0.0083026000000000003,0.00057620000000000067,-0.0045003999999999999,0.0053748000000000008,0.0096450000000000008,-0.0200498,0.0078966000000000001,0.00017000000000000001,0.0067708000000000004,-0.0151348,-0.0140964,0.017308999999999998,-0.0207666,-0.0072609999999999992,-0.011799,-0.018581399999999998,0.00037760000000000007,-0.022574200000000003,-0.0091120000000000003,0.018691800000000001,-0.0081326000000000002,0.0025867999999999989,0.015307999999999999,-0.0090877999999999983,0.024963599999999999,-0.0053414000000000005,-0.0063175999999999996,0.00036479999999999998,-0.0052545999999999999,-0.0056940000000000003,0.0117824,-0.0012598000000000002,-0.0047662,-0.0024179999999999996,0.0082722000000000004,-0.0032760000000000003,-0.0085016000000000015,0.0048844000000000005,0.010598399999999999,0.0042128000000000001,0.0053553999999999997,0.0082094000000000004,-0.0068154000000000001,0.00078220000000000026,-0.016913000000000001,0.0138332,-0.0023754000000000002,-0.0066722000000000005,0.0089706000000000004,-0.0079611999999999981,0.0062133999999999991,-0.0096126000000000007,-0.0037882000000000002,-0.00072899999999999875,0.012511000000000001,-0.0050568000000000002,-0.0017238000000000002,-0.015170400000000001,-0.014190399999999999,-0.0072683999999999995,-0.012464800000000002,0.0131766,0.0048386000000000002,0.016177399999999998,-0.0033976000000000006,0.0049020000000000001,-0.0018958,0.0014878000000000001,0.0015436,0.0045069999999999997,0.0011666000000000001,-0.0040422000000000001,0.0030014000000000004,-0.00063720000000000009,0.0053965999999999997,0.0016705999999999999,0.001936,0.0015184,-0.0030666000000000001,-0.0020882000000000001,-0.0022233999999999999,2.5999999999999548e-06,7.7600000000000151e-05,-0.0045116000000000002,-0.0048021999999999995,0.010799400000000001,-0.00023839999999999972,0.0051822000000000005,-0.0026688000000000003,-0.0036170000000000004,-0.0088905999999999985,-0.0049154000000000003,-0.010220399999999999,0.0043441999999999995,0.0021021999999999998,0.010080200000000001,0.0089096000000000002,-0.0110168,-0.0005926000000000002,0.001910799999999999,0.00058159999999999993,0.0013831999999999998,0.0085313999999999997,-0.010926399999999999,0.0032529999999999998,-0.013646,-0.0043752000000000001,-0.0064809999999999989,-0.0091344000000000009,0.012135799999999999,-0.0071301999999999997,-0.0023694000000000002,0.0024527999999999998,-0.0030180000000000003,-0.0039324,0.0036630000000000005,-0.00086740000000000027,-0.0015004,-0.0053844000000000001,-0.0020219999999999995,0.0008690000000000002,0.00014460000000000015,0.00045900000000000004,0.00037780000000000008,-0.0010984,0.0018746000000000001,0.0014168,-2.7799999999999842e-05,0.0021022000000000002,-0.0017437999999999998,-0.0011856000000000002,0.0025152000000000004,0.0019596000000000006,-0.0035561999999999998,0.0087937999999999992,0.0029804000000000002,-0.0025487999999999999,-0.0016539999999999994,0.0037438000000000003,-0.0018858,0.0015154000000000003,0.00060519999999999997,-0.0015618000000000008,-0.0049567999999999999,-0.0030663999999999999,0.0086580000000000008,-0.00085700000000000023,-0.007451000000000001,0.0043302000000000002,0.0022916,-0.0033976000000000002,-0.0047127999999999996,-0.0025053999999999996,-0.0038371999999999998,0.0047600000000000003,-0.0016094,0.0058079999999999989,-0.0138724,0.0059476000000000008,-0.0030230000000000005,-0.011210399999999999,-0.0077616000000000004,0.0026014000000000002,-0.0032985999999999996,0.00078699999999999994,-0.00013260000000000008,-0.0013104,-0.00027019999999999985,-0.0015906000000000002,-0.0033560000000000005,-0.00026519999999999994,-0.0017796000000000001,-0.0016881999999999999,0.0036365999999999998,0.00040599999999999979,0.00058200000000000005,-0.0044162000000000003,-0.0031798,0.00014599999999999997,0.0036178,0.00034519999999999993,0.0028800000000000002,-0.00099520000000000034,-0.0024800000000000004,0.0016486000000000001,-0.0098905999999999994,0.0023862000000000002,0.0016408,-0.0013867999999999999,0.0039150000000000001,0.0045833999999999996,0.00017080000000000003,0.0033295999999999998,-7.9600000000000065e-05,-9.3799999999999786e-05,-0.0017020000000000004,-0.0032607999999999999,0.013436,0.0011979999999999998,0.0031135999999999998,0.0010554,-0.00066019999999999989,-0.0065485999999999999,-0.0022972000000000001,-0.0058200000000000005,0.0061733999999999999,-0.0059452000000000003,0.001238,-0.00051360000000000012,-0.0035562000000000002,-0.0058478000000000002,0.0019898000000000003,-0.0076039999999999996,0.0030492000000000002,0.0061522,-0.0023721999999999997,-5.7999999999999892e-05,-0.017440799999999999,0.0031906,-0.001124,0.00086280000000000005,0.00046139999999999999,0.0031208,-0.0011228,0.0020275999999999992,0.00070200000000000004,0.0031083999999999999,0.0018351999999999999,0.00096159999999999995,-0.00043599999999999986,-0.0016003999999999999,0.0022339999999999999,0.0017152000000000001,-0.00042540000000000004,-0.0022279999999999999,-0.00039560000000000007,0.0010286,0.00040899999999999997,0.0019178000000000001,-0.0014690000000000003,-0.00044439999999999985,-0.0023625999999999994,0.0012579999999999996,-0.0024092000000000002,0.0044944,-0.00024839999999999997,-0.0010168,-0.00038980000000000015,-0.00081059999999999986,0.00020359999999999996,-0.0017054000000000001,2.8599999999999719e-05,0.00077540000000000009,0.0008566,-0.0046585999999999989,0.0031750000000000003,0.0031930000000000001,0.0002011999999999999,-0.00095079999999999991,0.0040626000000000004,0.0024533999999999997,-0.00052880000000000017,-0.0011779999999999998,0.0014012,0.00046519999999999982,-0.0016908000000000001,0.0025605999999999997,-0.0042394000000000008,-0.0042246000000000002,0.00043480000000000005,0.0026484000000000004,0.0012643999999999999,0.0031062000000000008,-0.00081039999999999975,0.00071599999999999973,-0.0053610000000000003,0.00020600000000000005,0.0071603999999999999,-0.0056216,0.005359,0.0043319999999999999,-0.0013896000000000002,-6.7999999999999972e-05,0.001248,0.0017537999999999998,0.00033300000000000002,-4.1999999999999395e-06,-0.00101,-7.8999999999999996e-05,0.0023730000000000001,-0.0013642000000000001,-0.00020580000000000007,0.0017651999999999998,-0.000602,0.00016120000000000002,0.0016130000000000001,-0.0015831999999999995,-0.0012874000000000002,-0.0017766000000000001,0.00090079999999999978,0.0017672,-0.0022163999999999994,-4.6000000000000075e-05,0.0010812,0.00045860000000000009,-0.00027220000000000011,-0.0011514000000000001,-0.00089479999999999996,0.0019305999999999998,0.00067840000000000012,0.00034739999999999988,-0.0011533999999999997,-0.00075679999999999996,-4.2599999999999951e-05,0.00021379999999999999,0.00046200000000000001,0.0019233999999999996,0.0012109999999999998,0.0015562,-0.0027228000000000005,0.00083519999999999992,0.0014964000000000002,-0.0014044000000000001,-0.0033203999999999994,-0.0016852,0.0018456000000000002,-0.00039000000000000016,-0.0015172,0.0010027999999999999,0.0021418000000000001,-0.0012286,0.0019684000000000004,-0.0029998000000000004,0.0021151999999999998,0.0043140000000000001,-0.0045342000000000004,0.0020471999999999999,-0.00067160000000000017,0.00010560000000000007,-0.00095760000000000018,0.0018830000000000001,0.0037505999999999998,0.0035894,-0.0044662,0.0014744000000000001,-0.00022279999999999999,-0.0086007999999999987,0.0011646,-0.010024,0.0056091999999999999,-0.00051840000000000002,-0.00085619999999999989,0.00044740000000000003,-0.0019208000000000001,0.00081679999999999969,0.00055999999999999995,-0.0021668,0.0011962000000000001,-0.0022308000000000002,0.0013075999999999999,0.00030520000000000015,-0.0010984,0.0016586000000000001,-0.0016258000000000002,-0.0015514000000000001,0.00075580000000000005,0.00075160000000000005,0.0011037999999999998,0.0012661999999999999,-0.00087340000000000009,-0.0011532000000000003,-8.9599999999999982e-05,0.00072400000000000003,-0.00051900000000000004,-0.00032960000000000031,0.0015893999999999999,-0.0034673999999999998,-9.9799999999999932e-05,6.3e-05,-0.0010829999999999998,-0.0013975999999999999,-0.0020016000000000001,-0.0024968000000000004,0.00019600000000000005,-0.0010954000000000001,0.0013992,-0.001737,-0.00013799999999999991,-0.0004283999999999999,-0.0020579999999999999,-0.00062399999999999999,0.00019579999999999999,0.0033289999999999995,0.0030308000000000002,-0.00045920000000000005,0.0010652000000000001,0.0023791999999999997,-0.0011172000000000001,-0.0015138,-0.00088439999999999992,0.0023654000000000001,0.0012385999999999999,0.00035039999999999995,-0.0018480000000000003,-0.00051079999999999984,-0.0012166,-0.0010558,0.00064179999999999988,-0.0020883999999999998,-0.00092539999999999983,0.00099740000000000007,-0.0018491999999999998,0.00073159999999999979,-0.0013080000000000001,-0.0011578000000000001,0.0022049999999999999,-0.00062200000000000016,-1.1799999999999962e-05,-0.0024597999999999998,-0.00040860000000000007,0.0062191999999999994,0.00070819999999999976,0.0012275999999999999,0.0014306,-0.0019414,0.0027117999999999995
aug_between_class_right_pair0037_child06,TLE,1,1,Augmented,0,0,0,0,0,0.31974779999999997,2.0632456000000001,6.9999999999999997e-07,-6.9999999999999986e-07,0,1.0159014,0,0.045190900000000006,-0.1649292,0.025163999999999999,0.1039303,-0.091282799999999997,0.086949300000000007,-0.0050180999999999993,0.010300399999999999,-0.037880199999999996,-0.093924800000000003,0.39939160000000001,-0.073760999999999993,-8.7200000000002553e-05,0.074451000000000003,-0.024888399999999998,-0.015856599999999998,-0.0076615999999999993,-0.055863099999999999,0.035235200000000001,0.026168199999999999,-0.033064300000000005,-0.0042929999999999999,-0.089437799999999998,0.0069905000000000011,0.0370833,-0.030063900000000001,0.00035380000000000307,0.00055360000000000131,-0.037670000000000002,0.048426000000000004,-0.060668,-0.025752000000000004,0.085314899999999999,-0.026942399999999998,0.23140860000000002,-0.067087900000000006,0.0117331,0.0014055999999999995,-0.0014139000000000001,-0.0172918,-0.0043891999999999994,0.0402239,-0.0051915999999999993,-0.0117757,-0.0184625,-0.025923600000000002,0.018355400000000001,0.021807100000000003,0.020244700000000001,0.016275999999999999,-0.018282100000000003,-0.0083032000000000002,0.0122688,-0.045971999999999999,0.0016856,0.0083674999999999999,0.010900700000000001,0.0074061000000000023,-0.068865999999999997,-0.0152719,-0.036586399999999998,0.0020522999999999965,0.0078378000000000007,-0.00052740000000000035,-0.00012729999999999984,0.0191653,0.0100707,0.0031479999999999998,0.00013589999999999956,0.0084396999999999996,-0.00021859999999999935,-0.0045462999999999996,0.0049806,0.0102615,-0.0209091,0.0084057000000000003,-9.2000000000000935e-05,0.0065326000000000004,-0.016058599999999999,-0.013628800000000002,0.016777,-0.020792700000000001,-0.0070659999999999994,-0.0106795,-0.019126799999999999,0.00029269999999999947,-0.022276900000000002,-0.0089090000000000003,0.020370599999999999,-0.0070132000000000016,0.0055045999999999984,0.015418999999999999,-0.0092635999999999986,0.025481199999999999,-0.0076182999999999997,-0.0064407000000000006,0.00037909999999999994,-0.0050796999999999995,-0.0054795,0.0121958,-0.00055959999999999994,-0.0039844000000000008,-0.0023019999999999998,0.0081393999999999998,-0.003385,-0.0085982000000000003,0.0053157999999999999,0.0094163000000000007,0.0037116000000000002,0.0054318000000000005,0.0083052999999999998,-0.0064908000000000006,0.00018940000000000059,-0.017031500000000001,0.013557400000000001,-0.0022198000000000001,-0.0068208999999999995,0.0093907000000000001,-0.0087433999999999984,0.0065792999999999997,-0.0102982,-0.0043034000000000006,-0.00093700000000000033,0.012608000000000001,-0.0036111000000000008,-0.0013866000000000002,-0.0146223,-0.015038799999999998,-0.0071838000000000006,-0.011591100000000002,0.014161199999999999,0.0049382000000000002,0.0171218,-0.0037202000000000003,0.0063879999999999987,-0.0020465999999999995,0.0015016000000000001,0.0014062,0.0042960000000000003,0.0011326999999999999,-0.0040464000000000003,0.0032032999999999992,-0.00046239999999999996,0.0050166999999999998,0.0017791999999999999,0.0015880000000000002,0.0017518,-0.0035041999999999998,-0.0019903999999999998,-0.0021373,4.669999999999978e-05,-9.6299999999999901e-05,-0.0044932000000000001,-0.0054838999999999999,0.010375800000000001,0.00027269999999999985,0.0056573999999999999,-0.0025226000000000003,-0.0040169999999999997,-0.0089397000000000001,-0.0053643000000000007,-0.0099772999999999997,0.0054794000000000006,0.0020518999999999997,0.0098669000000000014,0.0094452000000000008,-0.011905599999999999,-0.00066470000000000006,0.0020755999999999995,0.00052670000000000006,0.0018293999999999997,0.0080923000000000002,-0.011008800000000001,0.0031289999999999998,-0.0141,-0.0059424000000000005,-0.0060394999999999997,-0.010467799999999999,0.013217599999999998,-0.0071689000000000006,-0.0025918,0.0024010999999999998,-0.0028520000000000004,-0.0036787999999999999,0.0038000000000000004,-0.0011142999999999999,-0.0016738,-0.0056857999999999995,-0.0018369999999999999,0.00082549999999999985,-3.5299999999999828e-05,0.0002405000000000001,0.00025360000000000009,-0.00081030000000000013,0.0021306999999999997,0.0015721000000000001,-0.00022309999999999984,0.0019429,-0.0019380999999999997,-0.00073270000000000019,0.0019764000000000001,0.0019021999999999997,-0.0033279,0.0092376000000000003,0.0032173000000000002,-0.0024780999999999996,-0.0019529999999999992,0.0037416000000000003,-0.0025256000000000002,0.0018073000000000004,0.0010303999999999999,-0.00092110000000000087,-0.0054045999999999999,-0.0034832999999999999,0.0079970000000000006,-0.00031700000000000022,-0.0076640000000000007,0.0048654000000000006,0.0027281999999999996,-0.0031032000000000004,-0.0057235999999999997,-0.0029667999999999995,-0.0039929000000000006,0.0049309999999999996,-0.0020723,0.0057865,-0.0138058,0.0057862,-0.0041449999999999994,-0.011097300000000001,-0.0086552,0.0027377999999999999,-0.0032921999999999995,0.00087500000000000002,-0.00013320000000000009,-0.0012648,-0.00052539999999999976,-0.0014222,-0.0035470000000000002,-0.0005108999999999999,-0.0019656999999999999,-0.0017109000000000002,0.0039461999999999995,0.00063349999999999973,0.0006355,-0.004511900000000001,-0.0030445999999999997,0.00067449999999999997,0.0035091000000000002,0.00054489999999999964,0.0029650000000000002,-0.00053590000000000018,-0.0024215,0.0017082,-0.010118700000000001,0.0022779000000000002,0.0014531000000000001,-0.00094060000000000042,0.0041004999999999991,0.0049042999999999995,0.00014710000000000005,0.0034206999999999996,0.00017279999999999997,-7.5100000000000037e-05,-0.0013970000000000005,-0.0031781000000000001,0.013267000000000001,0.0012329999999999997,0.0035586999999999997,0.0012957999999999999,-0.00097089999999999958,-0.0071267000000000006,-0.0020964,-0.0066229999999999995,0.0063553000000000004,-0.0061669000000000003,0.001049,-0.00078220000000000004,-0.0038333999999999998,-0.0061000999999999998,0.0019406000000000002,-0.0077850000000000003,0.0028689000000000002,0.0066124,-0.0025628999999999999,0.00027849999999999967,-0.017288599999999998,0.0027657000000000003,-0.0010219999999999999,0.00098859999999999985,0.00036630000000000001,0.0034011000000000002,-0.0011741,0.0018582000000000002,0.00071650000000000001,0.0031158000000000002,0.0019993999999999997,0.0010332,-0.00033900000000000022,-0.0018662999999999998,0.0024664999999999999,0.0017164000000000001,-0.00033680000000000006,-0.0023180000000000002,-0.00034020000000000008,0.0013297000000000001,0.00053499999999999989,0.0018261,-0.0016045,-0.00045630000000000009,-0.0023861999999999998,0.0018494999999999996,-0.0021838999999999999,0.0044748000000000001,-0.00076180000000000019,-0.0012466000000000001,-5.0100000000000242e-05,-0.00092619999999999996,0.00039320000000000002,-0.0014883000000000001,0.00028470000000000014,0.00081630000000000006,0.00079070000000000008,-0.0040026999999999997,0.0031030000000000003,0.0025820000000000001,0.00050539999999999982,-0.00076859999999999993,0.0040666999999999995,0.0025777999999999999,-0.00095560000000000003,-0.0011719999999999999,0.0010724000000000003,0.00032590000000000006,-0.0013331000000000003,0.0026232,-0.0042488000000000005,-0.0038652000000000001,0.00019910000000000007,0.0025117999999999998,0.0023632999999999996,0.0022859000000000009,-0.0013532999999999996,0.001567499999999999,-0.0053050000000000007,-0.00015199999999999974,0.0063528000000000005,-0.0060061999999999997,0.0056679999999999994,0.0042170000000000003,-0.0010542000000000004,-9.9000000000000021e-05,0.0013295000000000002,0.0017375999999999997,0.00019099999999999998,-0.00017889999999999988,-0.00071000000000000024,-0.00012449999999999996,0.0026099999999999999,-0.0013944000000000001,-0.00016160000000000002,0.0015814000000000002,-0.00053249999999999999,0.00026139999999999996,0.001717,-0.0015333999999999999,-0.0010313000000000002,-0.0020812000000000001,0.00078859999999999998,0.0015529000000000003,-0.002764299999999999,0.00010199999999999988,0.0010674,0.00020270000000000016,-0.00027790000000000009,-0.0011263,-0.0011660999999999998,0.0017122000000000001,0.00054230000000000001,0.00042179999999999984,-0.0010658,-0.0007806,-0.00014719999999999995,0.00056659999999999979,0.00029800000000000003,0.0019613,0.0010820000000000001,0.0014709,-0.0027751,0.00088290000000000005,0.0015552999999999999,-0.0011968,-0.0033272999999999992,-0.0017114000000000001,0.0016662000000000001,-0.00047649999999999971,-0.0014763999999999999,0.0013721,0.0022740999999999998,-0.00096820000000000012,0.0018228000000000003,-0.0028836000000000001,0.0020774000000000001,0.0043110000000000006,-0.0044708999999999999,0.0020809000000000001,-0.00079620000000000005,0.00023470000000000012,-0.0010231999999999999,0.0015885000000000001,0.0036811999999999999,0.0033578000000000002,-0.0048358999999999997,0.0012233000000000001,0.00072240000000000021,-0.0088491000000000004,0.00076920000000000005,-0.010272,0.0047659,-0.00061479999999999998,-0.00090539999999999978,0.0004058,-0.0019341,0.0011925999999999998,0.00051449999999999998,-0.0020580999999999998,0.0011774000000000001,-0.0022271000000000001,0.0012782000000000002,0.00017840000000000011,-0.0012328,0.0016012000000000001,-0.0017406000000000001,-0.0014503000000000001,0.00075560000000000004,0.00045570000000000013,0.0010295999999999999,0.0013998999999999997,-0.00085680000000000001,-0.0008799000000000003,-0.0003706999999999999,0.00058700000000000007,-0.00057700000000000004,-0.00066969999999999996,0.0013663,-0.0032358,0.00010289999999999995,0.00010399999999999998,-0.0012304999999999998,-0.0017271999999999999,-0.0020996999999999999,-0.0024961000000000002,0.00016849999999999992,-0.00084230000000000004,0.0011294,-0.0015645000000000001,-0.00032349999999999995,-0.00015030000000000005,-0.0019104999999999999,-0.00039750000000000007,0.00026610000000000002,0.0036259999999999999,0.0030590999999999999,-0.00053190000000000008,0.0012898999999999999,0.0021814,-0.0010514000000000001,-0.0011311000000000003,-0.0007513000000000001,0.0027817999999999992,0.0011716999999999999,0.00017279999999999997,-0.0020240000000000002,-0.00086159999999999991,-0.0012731999999999999,-0.0012566000000000001,0.00099509999999999963,-0.0021808000000000001,-0.0011707999999999998,0.00083180000000000005,-0.0016723999999999999,0.00065769999999999999,-0.0016455,-0.0010631,0.0020960000000000002,-0.00049300000000000006,0.00012189999999999998,-0.0029166000000000001,-0.00038170000000000001,0.0060749000000000003,0.00081490000000000013,0.0011372000000000001,0.00097670000000000027,-0.0010693000000000002,0.0026351
aug_between_class_right_pair0037_child07,TLE,1,1,Augmented,0,0,0,0,0,0.31752019999999997,2.0574534,7.9999999999999996e-07,-7.9999999999999996e-07,0,1.0065706000000001,0,0.044793600000000003,-0.16510279999999999,0.022840999999999997,0.10478420000000001,-0.091741200000000009,0.084074200000000002,-0.005737400000000001,0.0098785999999999995,-0.039591799999999996,-0.089145199999999994,0.39764340000000004,-0.074164999999999995,0.002554200000000003,0.070348999999999995,-0.021186599999999996,-0.015986399999999998,-0.0082533999999999993,-0.054111400000000004,0.035680799999999999,0.0234918,-0.032982199999999996,-0.0048479999999999999,-0.088640200000000002,0.0054929999999999996,0.036956199999999995,-0.028819600000000001,-0.0019748000000000005,-0.0010866000000000018,-0.037756000000000005,0.047447000000000003,-0.059756999999999998,-0.022828999999999999,0.083545599999999998,-0.0275076,0.23173340000000001,-0.063955600000000001,0.0116934,0.0011323999999999996,-0.0012296000000000008,-0.016704199999999999,-0.0042937999999999995,0.041191600000000002,-0.0056264000000000002,-0.011289800000000001,-0.020400000000000001,-0.025957399999999999,0.021041600000000001,0.0193914,0.021327800000000001,0.015982,-0.017755400000000001,-0.008801800000000002,0.012635199999999999,-0.045638000000000005,0.0022694000000000004,0.0093980000000000001,0.012534800000000004,0.0044724000000000014,-0.069052000000000002,-0.016931600000000005,-0.037452600000000003,0.0061392000000000009,0.0072582000000000002,1.8400000000000312e-05,-0.00038520000000000009,0.019278199999999999,0.010512799999999999,0.0033519999999999999,0.0010446000000000014,0.008576799999999999,-0.0010133999999999994,-0.0045921999999999994,0.0045864,0.010877999999999999,-0.0217684,0.0089148000000000005,-0.00035400000000000015,0.0062944000000000003,-0.016982400000000002,-0.013161200000000001,0.016244999999999999,-0.020818800000000002,-0.0068709999999999995,-0.0095599999999999991,-0.019672200000000001,0.00020779999999999974,-0.021979600000000002,-0.0087060000000000002,0.022049400000000004,-0.0058938000000000003,0.0084224000000000018,0.015529999999999999,-0.0094394000000000006,0.025998799999999999,-0.0098952000000000016,-0.0065637999999999981,0.00039340000000000002,-0.0049048,-0.0052650000000000006,0.012609200000000001,0.00014060000000000027,-0.0032025999999999999,-0.0021859999999999996,0.0080065999999999991,-0.0034940000000000001,-0.0086947999999999991,0.0057472000000000009,0.0082341999999999988,0.0032103999999999995,0.0055082000000000013,0.0084011999999999993,-0.0061662000000000002,-0.00040339999999999951,-0.017150000000000002,0.013281599999999999,-0.0020642,-0.0069696000000000003,0.0098108000000000015,-0.0095256000000000004,0.0069452000000000003,-0.0109838,-0.004818600000000001,-0.0011450000000000002,0.012705000000000001,-0.0021653999999999996,-0.0010493999999999998,-0.014074199999999999,-0.015887199999999997,-0.0070992,-0.0107174,0.015145800000000001,0.0050378000000000003,0.018066200000000001,-0.0040428,0.0078739999999999991,-0.0021974,0.0015154000000000001,0.0012687999999999998,0.0040850000000000001,0.0010988,-0.0040505999999999997,0.0034051999999999997,-0.00028759999999999983,0.0046367999999999999,0.0018878,0.0012399999999999998,0.0019852000000000003,-0.0039418000000000005,-0.0018925999999999999,-0.0020512,9.0799999999999822e-05,-0.00027020000000000017,-0.0044748000000000001,-0.0061656000000000002,0.0099521999999999996,0.00078380000000000073,0.0061325999999999993,-0.0023763999999999999,-0.0044170000000000008,-0.0089887999999999999,-0.005813200000000001,-0.0097342000000000001,0.0066146000000000009,0.0020016000000000001,0.0096536,0.0099808000000000015,-0.012794400000000001,-0.00073680000000000035,0.0022403999999999992,0.00047179999999999998,0.0022756,0.0076531999999999998,-0.011091200000000001,0.0030049999999999999,-0.014554000000000001,-0.0075096000000000017,-0.0055979999999999988,-0.011801200000000001,0.0142994,-0.0072075999999999998,-0.0028142000000000002,0.0023494000000000002,-0.002686,-0.0034251999999999998,0.0039370000000000004,-0.0013612000000000003,-0.0018472000000000002,-0.0059872000000000007,-0.0016519999999999996,0.00078199999999999993,-0.00021520000000000024,2.1999999999999911e-05,0.00012939999999999995,-0.00052219999999999979,0.0023868000000000001,0.0017274,-0.00041840000000000009,0.0017835999999999998,-0.0021323999999999996,-0.00027979999999999954,0.0014375999999999998,0.0018447999999999997,-0.0030995999999999997,0.0096813999999999997,0.0034542000000000002,-0.0024073999999999996,-0.0022520000000000005,0.0037393999999999999,-0.0031654000000000009,0.0020992000000000003,0.0014556000000000003,-0.00028040000000000009,-0.0058524000000000007,-0.0039002000000000012,0.0073359999999999996,0.00022300000000000011,-0.0078770000000000003,0.0054006000000000002,0.0031647999999999997,-0.0028088000000000002,-0.0067344000000000006,-0.0034282000000000002,-0.0041485999999999997,0.0051019999999999998,-0.0025352,0.0057649999999999993,-0.0137392,0.0056248000000000001,-0.0052670000000000008,-0.0109842,-0.0095487999999999996,0.0028742000000000004,-0.0032858000000000002,0.00096299999999999999,-0.00013380000000000011,-0.0012192000000000001,-0.00078060000000000011,-0.0012537999999999998,-0.0037380000000000004,-0.00075660000000000007,-0.0021518000000000002,-0.0017336000000000001,0.0042558000000000006,0.00086099999999999989,0.00068900000000000005,-0.0046075999999999999,-0.0029093999999999999,0.0012030000000000003,0.0034004,0.00074459999999999978,0.0030500000000000002,-7.659999999999991e-05,-0.0023630000000000005,0.0017677999999999999,-0.0103468,0.0021695999999999998,0.0012653999999999999,-0.00049439999999999987,0.0042859999999999999,0.0052251999999999993,0.00012339999999999996,0.0035117999999999998,0.00042520000000000004,-5.6399999999999853e-05,-0.0010919999999999999,-0.0030953999999999999,0.013098000000000002,0.001268,0.0040038000000000001,0.0015362000000000002,-0.0012815999999999997,-0.0077047999999999995,-0.0018955999999999999,-0.0074260000000000003,0.0065372,-0.0063886000000000004,0.00085999999999999987,-0.0010508,-0.0041106000000000007,-0.0063524000000000002,0.0018914000000000001,-0.0079659999999999991,0.0026886000000000002,0.0070726000000000001,-0.0027536000000000001,0.0006150000000000001,-0.0171364,0.0023407999999999997,-0.00091999999999999992,0.0011144,0.00027119999999999992,0.0036814000000000005,-0.0012254,0.0016888000000000001,0.0007310000000000001,0.0031232,0.0021635999999999999,0.0011048,-0.00024200000000000014,-0.0021322000000000003,0.002699,0.0017176000000000001,-0.00024819999999999996,-0.002408,-0.00028479999999999998,0.0016308000000000002,0.00066100000000000013,0.0017343999999999999,-0.0017400000000000002,-0.0004682000000000001,-0.0024098000000000001,0.0024410000000000009,-0.0019586,0.0044552000000000003,-0.0012752000000000004,-0.0014764000000000001,0.00028960000000000005,-0.0010418000000000001,0.00058279999999999985,-0.0012711999999999999,0.00054080000000000013,0.00085719999999999959,0.00072479999999999995,-0.0033467999999999996,0.0030309999999999994,0.0019709999999999997,0.00080959999999999995,-0.00058639999999999983,0.0040708000000000003,0.0027022000000000001,-0.0013824000000000004,-0.0011659999999999999,0.00074359999999999964,0.00018659999999999987,-0.00097539999999999996,0.0026857999999999999,-0.0042582000000000002,-0.0035057999999999999,-3.6600000000000022e-05,0.0023752000000000001,0.0034622000000000012,0.0014656000000000001,-0.0018962,0.0024190000000000001,-0.0052490000000000002,-0.00051000000000000025,0.0055452000000000001,-0.0063908000000000003,0.0059770000000000005,0.0041019999999999997,-0.00071879999999999991,-0.00013000000000000002,0.0014110000000000004,0.0017214000000000001,4.8999999999999998e-05,-0.00035360000000000003,-0.00040999999999999988,-0.00017000000000000004,0.0028470000000000006,-0.0014245999999999998,-0.00011739999999999999,0.0013975999999999999,-0.00046299999999999998,0.00036160000000000006,0.0018209999999999999,-0.0014835999999999998,-0.00077519999999999998,-0.0023858,0.00067639999999999974,0.0013386000000000001,-0.0033122,0.00025000000000000011,0.0010536,-5.3200000000000128e-05,-0.00028359999999999995,-0.0011012000000000001,-0.0014373999999999999,0.0014938,0.0004061999999999999,0.00049620000000000003,-0.00097819999999999982,-0.00080440000000000004,-0.00025180000000000005,0.00091940000000000012,0.00013399999999999987,0.0019992,0.00095299999999999985,0.0013855999999999999,-0.0028273999999999999,0.00093059999999999996,0.0016142000000000001,-0.00098919999999999998,-0.0033341999999999998,-0.0017376000000000002,0.0014867999999999999,-0.00056300000000000013,-0.0014356,0.0017414000000000004,0.0024063999999999999,-0.00070779999999999975,0.0016771999999999998,-0.0027673999999999997,0.0020395999999999999,0.0043080000000000002,-0.0044076000000000002,0.0021145999999999995,-0.00092079999999999994,0.00036380000000000039,-0.0010888,0.001294,0.0036118000000000001,0.0031262,-0.0052055999999999995,0.00097219999999999989,0.0016676000000000009,-0.0090974000000000003,0.00037379999999999987,-0.010519999999999998,0.0039226,-0.00071119999999999994,-0.00095460000000000011,0.00036419999999999996,-0.0019474,0.0015684000000000002,0.00046900000000000002,-0.0019494,0.0011586000000000001,-0.0022234000000000004,0.0012488,5.1599999999999953e-05,-0.0013672000000000003,0.0015438000000000001,-0.0018554000000000001,-0.0013492000000000001,0.00075539999999999993,0.00015979999999999987,0.0009553999999999998,0.0015336,-0.00084019999999999993,-0.00060660000000000011,-0.00065180000000000012,0.00044999999999999993,-0.00063500000000000015,-0.0010098000000000004,0.0011432,-0.0030041999999999994,0.00030560000000000016,0.000145,-0.0013780000000000001,-0.0020568000000000001,-0.0021977999999999998,-0.0024954,0.00014100000000000001,-0.0005891999999999999,0.00085959999999999986,-0.0013919999999999998,-0.00050900000000000001,0.00012780000000000029,-0.001763,-0.00017099999999999987,0.00033640000000000005,0.0039230000000000003,0.0030874000000000001,-0.00060460000000000006,0.0015146000000000001,0.0019835999999999999,-0.0009856000000000001,-0.00074839999999999976,-0.00061819999999999996,0.0031981999999999991,0.0011048,-4.8000000000001167e-06,-0.0022000000000000001,-0.0012124000000000004,-0.0013298000000000001,-0.0014574000000000002,0.0013484,-0.0022732,-0.0014162000000000003,0.00066619999999999993,-0.0014955999999999997,0.00058379999999999977,-0.0019830000000000004,-0.0009683999999999999,0.0019870000000000001,-0.00036400000000000007,0.00025560000000000009,-0.0033734000000000008,-0.00035480000000000017,0.0059306000000000003,0.00092160000000000007,0.0010468000000000001,0.00052279999999999991,-0.00019719999999999937,0.0025583999999999997
aug_between_class_right_pair0037_child08,TLE,1,1,Augmented,0,0,0,0,0,0.31529259999999998,2.0516612000000003,8.9999999999999996e-07,-8.9999999999999996e-07,0,0.99723980000000001,0,0.0443963,-0.16527640000000002,0.020517999999999998,0.10563810000000001,-0.092199600000000007,0.08119910000000001,-0.0064567000000000001,0.0094567999999999996,-0.041303399999999997,-0.084365599999999999,0.3958952,-0.074568999999999996,0.0051956000000000016,0.066247,-0.017484799999999998,-0.016116200000000001,-0.0088451999999999992,-0.052359700000000002,0.036126400000000003,0.020815399999999998,-0.032900100000000002,-0.0054030000000000016,-0.087842599999999993,0.0039955000000000008,0.036829100000000004,-0.027575300000000001,-0.0043033999999999989,-0.0027268000000000014,-0.037842000000000001,0.046468000000000002,-0.058846000000000002,-0.019906000000000004,0.081776299999999996,-0.028072800000000002,0.23205819999999999,-0.060823299999999997,0.011653699999999999,0.00085920000000000007,-0.0010453000000000007,-0.016116599999999998,-0.0041983999999999997,0.042159299999999997,-0.0060612000000000001,-0.0108039,-0.0223375,-0.025991199999999999,0.0237278,0.0169757,0.022410900000000001,0.015688000000000001,-0.0172287,-0.0093004000000000021,0.0130016,-0.045304000000000004,0.0028532000000000002,0.0104285,0.014168900000000003,0.0015387000000000005,-0.069238000000000008,-0.018591300000000005,-0.0383188,0.010226099999999998,0.0066785999999999998,0.00056420000000000027,-0.00064309999999999997,0.019391100000000001,0.0109549,0.0035560000000000001,0.0019532999999999998,0.0087139000000000001,-0.0018082000000000011,-0.0046381,0.0041922000000000001,0.011494500000000001,-0.022627700000000001,0.0094239000000000007,-0.0006160000000000011,0.0060562000000000003,-0.017906200000000001,-0.012693600000000001,0.015712999999999998,-0.0208449,-0.0066759999999999996,-0.0084405000000000001,-0.020217600000000002,0.00012290000000000001,-0.021682300000000002,-0.0085030000000000001,0.023728199999999998,-0.0047743999999999998,0.011340200000000002,0.015640999999999999,-0.0096151999999999991,0.026516399999999999,-0.0121721,-0.0066868999999999991,0.00040769999999999994,-0.0047298999999999996,-0.0050504999999999994,0.0130226,0.00084080000000000005,-0.0024207999999999999,-0.0020699999999999998,0.0078738000000000002,-0.0036029999999999999,-0.0087914000000000013,0.0061786000000000002,0.0070521000000000004,0.0027091999999999997,0.0055846000000000003,0.0084971000000000005,-0.0058416000000000006,-0.00099620000000000047,-0.017268499999999999,0.0130058,-0.0019085999999999999,-0.0071183000000000001,0.010230900000000001,-0.010307799999999999,0.0073110999999999992,-0.0116694,-0.0053337999999999997,-0.001353,0.012802000000000001,-0.00071969999999999933,-0.00071219999999999996,-0.013526099999999999,-0.0167356,-0.0070146000000000002,-0.0098437000000000004,0.0161304,0.0051374000000000003,0.019010599999999999,-0.0043654000000000002,0.0093600000000000003,-0.0023481999999999995,0.0015292000000000001,0.0011314000000000001,0.0038740000000000003,0.0010648999999999999,-0.0040547999999999999,0.0036070999999999994,-0.00011279999999999971,0.0042569000000000001,0.0019964000000000002,0.00089199999999999989,0.0022186000000000003,-0.0043794000000000003,-0.0017947999999999998,-0.0019651,0.00013489999999999986,-0.00044410000000000001,-0.004456400000000001,-0.0068473000000000006,0.0095285999999999999,0.0012949000000000003,0.0066077999999999996,-0.0022301999999999999,-0.0048170000000000001,-0.0090378999999999998,-0.0062621000000000013,-0.0094910999999999988,0.0077498000000000011,0.0019513,0.0094403000000000004,0.010516399999999999,-0.0136832,-0.00080890000000000063,0.0024051999999999997,0.0004169,0.0027217999999999999,0.0072140999999999993,-0.011173600000000001,0.0028809999999999999,-0.015008000000000001,-0.0090768000000000012,-0.0051564999999999996,-0.013134600000000001,0.015381199999999998,-0.0072463000000000007,-0.0030366000000000004,0.0022977000000000002,-0.0025200000000000001,-0.0031716000000000001,0.0040740000000000004,-0.0016081000000000003,-0.0020206,-0.0062886000000000001,-0.0014669999999999998,0.00073849999999999979,-0.00039510000000000023,-0.00019650000000000001,5.1999999999999638e-06,-0.00023409999999999994,0.0026429000000000005,0.0018827000000000004,-0.00061370000000000001,0.0016242999999999997,-0.0023266999999999997,0.00017310000000000025,0.00089879999999999995,0.0017873999999999998,-0.0028712999999999998,0.010125199999999999,0.0036911000000000001,-0.0023366999999999997,-0.0025509999999999994,0.0037372,-0.0038052000000000008,0.0023911000000000002,0.0018808,0.0003602999999999996,-0.0063002000000000006,-0.0043171000000000008,0.0066750000000000004,0.00076300000000000044,-0.00809,0.0059358000000000006,0.0036013999999999998,-0.0025144,-0.0077451999999999998,-0.0038896,-0.0043043000000000005,0.0052730000000000008,-0.0029981000000000001,0.0057434999999999995,-0.0136726,0.0054634000000000002,-0.0063890000000000006,-0.010871100000000002,-0.010442400000000001,0.0030106,-0.0032794,0.0010509999999999999,-0.00013440000000000012,-0.0011736000000000001,-0.0010357999999999999,-0.0010854,-0.0039290000000000011,-0.0010023,-0.0023379000000000004,-0.0017563000000000001,0.0045654000000000007,0.0010885000000000001,0.0007425000000000001,-0.0047032999999999997,-0.0027742000000000001,0.0017315000000000002,0.0032916999999999998,0.00094430000000000035,0.0031350000000000002,0.00038270000000000009,-0.0023045000000000001,0.0018274000000000001,-0.010574900000000002,0.0020612999999999999,0.0010777,-4.8199999999999979e-05,0.0044714999999999998,0.0055461,9.9700000000000092e-05,0.0036029,0.0006776000000000001,-3.7699999999999886e-05,-0.00078700000000000016,-0.0030127000000000001,0.012929,0.0013029999999999997,0.0044489000000000004,0.0017766000000000001,-0.0015923000000000003,-0.008282900000000001,-0.0016948,-0.0082290000000000002,0.0067191000000000004,-0.0066103000000000004,0.00067099999999999994,-0.0013194000000000001,-0.0043877999999999999,-0.0066046999999999998,0.0018422,-0.0081469999999999997,0.0025083000000000002,0.0075328000000000001,-0.0029443000000000004,0.00095150000000000009,-0.016984199999999998,0.0019158999999999999,-0.00081799999999999993,0.0012402000000000001,0.0001761,0.0039617000000000003,-0.0012767,0.0015194,0.00074550000000000007,0.0031305999999999999,0.0023278000000000001,0.0011764,-0.00014500000000000006,-0.0023980999999999998,0.0029315000000000001,0.0017188000000000001,-0.00015959999999999998,-0.0024980000000000002,-0.00022939999999999999,0.0019319000000000003,0.00078700000000000016,0.0016427000000000002,-0.0018755000000000004,-0.00048010000000000012,-0.0024333999999999996,0.0030325,-0.0017332999999999999,0.0044355999999999996,-0.0017886000000000006,-0.0017062000000000002,0.00062930000000000006,-0.0011574000000000001,0.00077240000000000013,-0.0010540999999999999,0.00079689999999999969,0.00089809999999999998,0.00065890000000000002,-0.0026909,0.0029589999999999994,0.0013599999999999999,0.0011138000000000001,-0.0004041999999999999,0.0040748999999999994,0.0028265999999999999,-0.0018092000000000002,-0.00116,0.00041479999999999946,4.7299999999999686e-05,-0.00061769999999999989,0.0027484000000000002,-0.0042676000000000007,-0.0031463999999999997,-0.00027230000000000006,0.0022386000000000003,0.0045611000000000002,0.00064530000000000056,-0.0024390999999999996,0.0032705000000000004,-0.0051929999999999997,-0.00086800000000000006,0.0047375999999999998,-0.0067754,0.0062859999999999999,0.0039870000000000001,-0.00038339999999999989,-0.00016100000000000001,0.0014925000000000003,0.0017052,-9.3000000000000201e-05,-0.00052829999999999999,-0.00010999999999999996,-0.00021550000000000003,0.0030839999999999999,-0.0014548,-7.3199999999999977e-05,0.0012137999999999999,-0.00039349999999999997,0.00046180000000000006,0.0019250000000000001,-0.0014337999999999994,-0.00051909999999999999,-0.0026903999999999999,0.00056419999999999973,0.0011243,-0.0038600999999999991,0.00039800000000000002,0.0010398,-0.00030910000000000009,-0.00028930000000000004,-0.0010761,-0.0017087000000000003,0.0012753999999999999,0.00027010000000000011,0.00057059999999999988,-0.00089059999999999964,-0.00082819999999999996,-0.00035640000000000004,0.0012722000000000002,-3.0000000000000038e-05,0.0020371,0.00082400000000000008,0.0013002999999999999,-0.0028797000000000002,0.00097830000000000009,0.0016731000000000003,-0.00078159999999999992,-0.0033410999999999996,-0.0017638,0.0013074,-0.00064950000000000012,-0.0013947999999999999,0.0021107000000000001,0.0025387000000000005,-0.00044739999999999992,0.0015315999999999999,-0.0026512000000000003,0.0020018000000000002,0.0043049999999999998,-0.0043443000000000006,0.0021482999999999997,-0.0010454000000000001,0.00049290000000000022,-0.0011544000000000001,0.00099949999999999995,0.0035424000000000002,0.0028945999999999998,-0.0055753,0.00072109999999999969,0.0026128000000000006,-0.0093457000000000002,-2.1600000000000091e-05,-0.010768,0.0030792999999999997,-0.00080760000000000001,-0.0010037999999999998,0.00032259999999999998,-0.0019607000000000001,0.0019441999999999997,0.00042350000000000005,-0.0018407,0.0011398000000000001,-0.0022197000000000002,0.0012194,-7.5200000000000093e-05,-0.0015016000000000001,0.0014864000000000001,-0.0019702000000000001,-0.0012481,0.00075519999999999993,-0.00013610000000000011,0.00088119999999999984,0.0016673,-0.00082360000000000007,-0.00033329999999999997,-0.00093290000000000018,0.00031299999999999996,-0.00069300000000000004,-0.0013499000000000002,0.00092009999999999998,-0.0027726000000000001,0.00050830000000000016,0.00018600000000000002,-0.0015255000000000002,-0.0023864000000000003,-0.0022959,-0.0024947000000000003,0.00011349999999999999,-0.00033609999999999998,0.00058979999999999992,-0.0012195000000000001,-0.00069450000000000002,0.00040590000000000016,-0.0016154999999999997,5.5500000000000102e-05,0.00040670000000000002,0.0042200000000000007,0.0031157000000000003,-0.00067730000000000004,0.0017393,0.0017857999999999999,-0.00091980000000000002,-0.00036569999999999994,-0.00048509999999999992,0.0036145999999999999,0.0010379,-0.0001824000000000001,-0.0023760000000000001,-0.0015632,-0.0013864000000000001,-0.0016582000000000003,0.0017017,-0.0023655999999999998,-0.0016615999999999998,0.00050059999999999992,-0.0013187999999999997,0.00050989999999999976,-0.0023205000000000005,-0.00087369999999999961,0.0018779999999999999,-0.00023499999999999997,0.00038930000000000003,-0.0038302000000000002,-0.00032790000000000011,0.0057863000000000003,0.0010282999999999996,0.00095639999999999983,6.8899999999999994e-05,0.00067490000000000041,0.0024816999999999999
aug_between_class_right_pair0038_child01,Healthy,0,0,Augmented,0,0,0,0,0,0.31295220000000001,1.9224421999999999,1.0000000000000005e-07,-8.9999999999999996e-07,0,0.88580899999999996,0,0.022170700000000002,-0.13558120000000001,0.061860899999999996,0.1160902,-0.094438500000000009,0.093420000000000003,-0.0073410000000000003,-0.00958,-0.041884999999999999,-0.054364299999999997,0.3169807,-0.13152250000000001,0.028209799999999997,0.012456099999999998,0.019069300000000001,-0.017514800000000001,-0.0016495999999999998,-0.035075300000000004,0.0288583,0.018645799999999997,-0.065842100000000001,-0.0068640000000000003,-0.077507199999999998,0.009358700000000001,0.042747800000000002,-0.046680900000000011,0.014020900000000001,0.0004997999999999999,-0.041886599999999996,0.028696800000000001,-0.058704300000000001,-0.014928899999999995,0.097377699999999998,0.0017308999999999936,0.1949776,-0.077579000000000009,0.0060350000000000004,-0.0054005000000000008,0.0018010000000000023,-0.019569300000000001,0.0033998000000000006,0.043532899999999999,-0.0083332000000000007,-0.002104,-0.0218801,-0.018005,0.022458699999999998,0.020272499999999999,0.022090800000000001,0.023054100000000001,-0.014258699999999999,-0.0012918000000000001,0.0126281,-0.037826499999999999,0.0100321,0.0015424,0.0146362,0.0227774,-0.086774799999999999,0.0062896999999999988,-0.050316100000000002,0.0054264000000000014,0.0084846999999999995,0.00079480000000000002,0.0024272999999999999,0.0188907,-0.0011706999999999993,0.0023022999999999997,-0.0101476,0.0076571,0.0026132999999999994,-0.0095211000000000011,0.00015329999999999988,0.0079287000000000003,-0.017522799999999998,0.0017729999999999998,0.0028189999999999995,0.0079874000000000004,-0.0075405000000000003,-0.0078138999999999986,0.013180500000000001,-0.013380599999999999,-0.00042690000000000002,-0.013303699999999998,-0.0098604000000000001,0.0083002000000000006,-0.010481900000000001,-0.0032296,0.0142594,-0.0064214999999999993,0.0036467000000000001,0.0043070000000000018,-0.0013138999999999998,0.020882900000000003,-0.015087499999999998,0.00156,0.0027526999999999999,-0.0024083999999999998,-0.0008282999999999997,0.009360799999999999,-0.0054079000000000002,-0.0047239999999999999,-0.0030136000000000004,0.0061418999999999996,-0.0026773999999999999,-0.0067551,0.0063466,0.0074355999999999997,0.0038812999999999999,-0.0044924000000000006,0.0065710000000000005,-0.0027751999999999998,0.0044816999999999999,-0.0076036000000000003,0.015621100000000002,-0.0059627999999999999,0.0032099000000000016,0.0077372999999999999,-0.0012615,0.0064748999999999996,-0.0033003000000000008,-0.0031137000000000005,0.0048912000000000001,0.0047022000000000001,0.0040258000000000004,-0.0075544000000000019,-0.0063417999999999999,-0.0022349000000000002,-0.0030788999999999999,-0.0033227999999999999,0.0036960000000000005,0.0010751000000000001,0.0059810000000000002,-0.0020892000000000003,0.003764,-0.00015309999999999987,0.0015139999999999999,0.0017348999999999997,-0.0064644999999999989,-0.00050709999999999991,-0.00073799999999999951,-0.0030648000000000003,-0.0020293999999999998,0.0070601999999999991,0.0002002000000000001,0.0028663999999999999,0.0016050999999999999,-0.0028259000000000005,-0.0019111000000000002,-0.0080850000000000002,0.0016747999999999999,-0.0021321000000000001,-0.0042739000000000006,0.0030625000000000001,0.0079874999999999998,-0.00081869999999999946,0.0014379999999999998,9.900000000000013e-05,-0.0054946000000000005,-0.0016050999999999991,-0.0063932999999999993,-0.0033157999999999998,0.0059308,0.0046604000000000003,0.012114,0.0064329999999999995,-0.010745299999999999,0.0035881999999999997,0.012533900000000001,-0.0041928,0.0037833999999999997,0.0041598,-0.0076937999999999998,0.0028927000000000002,-0.0103012,0.00015109999999999993,0.0049272999999999999,0.0031138999999999993,0.0034808999999999994,-0.0066610000000000003,-0.0019894999999999999,0.0036370999999999999,-0.00020779999999999996,-0.0031851000000000002,0.00016259999999999994,0.0043043999999999999,-0.0029827999999999999,-0.00079699999999999953,0.0014838,0.0027587000000000002,-0.0038811999999999996,-0.0031313000000000001,-0.0037390000000000001,0.0019813000000000001,-0.0028765000000000002,-0.00083930000000000007,-0.00032700000000000003,0.0020242999999999997,1.4999999999999823e-05,-0.00092150000000000001,-0.0012888000000000001,-0.0045288999999999998,-0.0045227000000000002,0.0037587999999999996,0.0045865000000000003,0.0011145000000000003,0.0025317000000000004,0.0047558000000000001,-0.0024391,-0.0032043000000000006,-0.0035813999999999993,-0.0018727000000000001,0.00045150000000000008,0.0028603999999999999,0.0114167,0.003579800000000001,0.0017783999999999999,0.0006979,0.0052743000000000009,0.0042468000000000002,-0.0010207000000000003,0.0017681999999999999,0.0027211000000000006,-0.0021659000000000001,0.0017717000000000002,-0.00082100000000000098,-0.0050776999999999992,0.0030400000000000002,-0.0078157000000000001,0.0002401000000000009,-0.0043346999999999995,0.0019518999999999999,-0.0030855000000000006,-0.00024439999999999998,-0.0021542000000000002,0.0011390000000000005,-0.0014797000000000002,0.00039610000000000003,0.00030219999999999992,0.00083950000000000008,-0.0029434999999999999,-0.00037949999999999995,-0.00073270000000000019,-0.0004684,0.0030033999999999998,-0.0027141000000000001,0.0015522000000000001,0.0025947000000000001,0.0001996999999999997,0.00091710000000000012,-0.0004967000000000002,-0.0033134000000000002,0.0024069999999999999,0.00028649999999999986,-0.0049902999999999996,0.00064550000000000002,0.0050774000000000001,0.00055509999999999978,-0.0017187000000000001,0.00096770000000000016,0.0061538999999999995,-0.0002375999999999997,-0.0003545,0.0024035000000000003,-0.0042929999999999999,-0.0024505999999999998,0.0056670999999999996,-0.00020559999999999996,0.0010093000000000001,0.0039131000000000001,0.0010989999999999999,-0.00058779999999999987,0.0012402999999999995,-0.0010307999999999997,0.0051811000000000001,-0.0020333999999999999,0.0011313,-0.0021587999999999998,0.0008386,-0.0052742000000000006,0.0050956000000000005,-0.0023181,0.0015536,0.0028500999999999995,0.0054594000000000005,0.0033352999999999998,-0.012338400000000001,0.00079450000000000007,0.00084650000000000003,0.00046250000000000002,0.0011050999999999999,-0.0017086000000000002,0.0014632999999999998,0.00056150000000000015,0.0024709000000000003,0.0003392,-0.00077979999999999998,2.8900000000000106e-05,0.0014955000000000001,-0.0005042,0.0025796999999999999,-0.0014188,-0.000486,0.0009825000000000003,-0.0003256,-0.00037800000000000008,0.0011972000000000003,-0.00059519999999999994,-0.00070660000000000004,0.00010479999999999995,0.0034728000000000007,-0.00068139999999999997,-0.0035636000000000005,0.0014375,0.003882,-0.0017474999999999999,-0.00087609999999999999,-0.0037112999999999998,-0.0019719999999999998,-0.00052030000000000002,-0.0010298999999999998,-0.00027879999999999984,-0.00019250000000000002,-0.00076780000000000012,0.0023485000000000003,0.0014068000000000002,-0.0042579999999999996,0.0020128000000000004,9.7199999999999869e-05,-0.00018800000000000012,0.0016554,0.0046039000000000002,0.0038974000000000001,0.0031284999999999998,-0.0036473999999999994,-0.0015068,-0.0019819,-0.00084000000000000003,0.0042173999999999996,-0.0014266999999999999,0.0001690000000000001,0.0045217,-0.00061170000000000018,0.0025090999999999998,-0.0010005999999999999,0.0029346999999999997,0.0082140000000000008,-0.0035673000000000007,0.0014325999999999998,-0.00088829999999999985,-0.00049629999999999987,-3.3900000000000011e-05,0.00093629999999999994,0.00041779999999999996,0.00061839999999999996,-0.0010700000000000002,0.0009921000000000001,-0.0006242000000000001,0.00041569999999999997,-0.00042619999999999995,-0.0017037,0.0024187000000000002,-0.0015643,0.0024567,-0.0024543,0.0008849000000000001,0.00063910000000000008,0.00058580000000000004,-0.0033407000000000003,0.0023,-0.0018591000000000005,-0.00023349999999999998,-0.0012300000000000002,0.0012043999999999996,0.0013768999999999999,-0.00096110000000000011,-0.0008724999999999999,0.0002825000000000002,0.00010819999999999992,-0.0020418000000000003,0.0022101,-0.0011571999999999999,-0.00010399999999999993,-0.0012189999999999998,0.0027612000000000005,0.00058340000000000009,-0.00098219999999999991,0.0011188999999999999,-0.0021124,0.0022187000000000001,-0.0015999999999999999,-0.0015761,0.00030079999999999972,-0.00043689999999999999,-0.00019940000000000018,0.0019591000000000001,-0.0010627,0.00060930000000000012,0.0011519,0.0012498999999999998,0.0001471,-0.00045139999999999991,0.00067060000000000004,0.0026037,-0.0023564000000000002,0.0004462,0.0019052999999999995,3.2200000000000132e-05,0.00031929999999999995,0.0015427000000000001,0.0015535,0.0022069999999999998,-0.0018347999999999999,0.0023277000000000003,0.00016489999999999994,-0.0030163999999999998,-0.0019929000000000001,-0.0011689000000000001,0.0073941000000000007,-0.0021283999999999999,6.5000000000000496e-06,0.00053019999999999999,7.7000000000000028e-05,0.00057740000000000005,-0.00083930000000000007,-0.0023917999999999999,-0.0011752000000000002,0.0010093999999999999,0.00031599999999999998,0.00011440000000000007,-0.0024857999999999998,0.00080090000000000001,-0.00047590000000000002,7.7899999999999996e-05,-0.0013794000000000002,0.0003615,-0.0014484000000000003,0.0010032000000000001,-0.00014139999999999999,-0.00034789999999999989,0.0011239000000000002,-0.0019229000000000002,-0.00041680000000000005,0.0013759000000000002,0.0003704,3.350000000000011e-05,-0.00057189999999999997,-0.00017270000000000002,0.0029153,-0.00088639999999999997,0.0013907000000000001,-0.0019223999999999999,0.0008893000000000002,0.001464,0.0022125000000000001,0.00074879999999999977,0.0001426,-0.00028029999999999998,0.00050219999999999996,0.0008028,0.0014572000000000001,-0.00053560000000000001,0.0023391999999999996,-0.0031512000000000003,0.00094069999999999983,0.00075660000000000007,-0.0025729999999999998,-0.0017485000000000001,-0.0008985000000000001,0.0022294999999999997,0.00028390000000000012,-0.00072150000000000014,-0.0032328999999999999,0.0026603,-0.0011241000000000001,-0.00076920000000000005,-0.0024819999999999998,0.0007756000000000002,0.00084880000000000003,-0.0030302000000000007,-0.00010509999999999993,0.0029614000000000003,-0.0014077999999999999,-0.0013722999999999999,0.002003,0.00071410000000000017,0.0012236999999999999,-0.0025826,0.0020894000000000004,0.0032678999999999998,-0.0026040999999999998,0.00087429999999999995,-0.00099940000000000011,-0.00051959999999999984,0.0021273999999999998
aug_between_class_right_pair0038_child02,Healthy,0,0,Augmented,0,0,0,0,0,0.30828139999999998,1.9348984,1.9999999999999999e-07,-7.9999999999999996e-07,0,0.88003299999999995,0,0.022911400000000002,-0.1370884,0.058105799999999999,0.11498439999999999,-0.095718999999999999,0.091063000000000005,-0.0080270000000000011,-0.0094170000000000018,-0.039293000000000002,-0.054922599999999995,0.32217039999999997,-0.12514,0.029465599999999998,0.011300199999999996,0.017119600000000002,-0.018170599999999999,-0.00092519999999999972,-0.035145599999999999,0.029534600000000001,0.016821599999999999,-0.064066200000000004,-0.0061799999999999997,-0.0776004,0.0099454000000000001,0.043478599999999999,-0.046818800000000001,0.015586800000000001,-0.0019104000000000031,-0.041584199999999995,0.028522600000000002,-0.0599096,-0.014087799999999998,0.095481399999999994,-0.00090720000000000384,0.1948812,-0.076406000000000002,0.0053629999999999997,-0.0058919999999999997,0.001126000000000002,-0.019856600000000002,0.0046906000000000005,0.042950799999999997,-0.0078064000000000015,-0.0023939999999999994,-0.021786200000000002,-0.016461999999999997,0.0233604,0.020517000000000001,0.0220676,0.022130199999999999,-0.014190399999999999,-0.0018776000000000005,0.012532199999999999,-0.037269999999999998,0.008062200000000002,0.0019578,0.016180399999999998,0.0225718,-0.086730599999999991,0.0035894000000000013,-0.048764199999999994,0.0075718000000000035,0.0091984000000000007,0.00072460000000000016,0.0018096000000000002,0.0183614,-0.0005494000000000011,0.0020766000000000001,-0.011254200000000001,0.0075912000000000002,0.0027175999999999997,-0.0087782000000000016,0.00060960000000000007,0.0079183999999999991,-0.016799599999999998,0.0023540000000000002,0.0028659999999999996,0.0073348000000000007,-0.007894,-0.0068617999999999986,0.013702000000000001,-0.0129252,-0.00033880000000000021,-0.013951399999999999,-0.010325800000000001,0.0089864000000000003,-0.0097408000000000008,-0.0028062,0.0133828,-0.0056479999999999994,0.0042734000000000001,0.0032430000000000011,-0.0011538,0.019107800000000001,-0.014082999999999998,0.002908,0.0025263999999999998,-0.0022597999999999997,-0.0012106,0.0094456000000000002,-0.0055738000000000003,-0.0051180000000000002,-0.0032752000000000002,0.0062877999999999996,-0.0023568,-0.0058302000000000007,0.0062732000000000005,0.0076051999999999995,0.0039605999999999999,-0.0044568000000000003,0.0064880000000000007,-0.0024203999999999996,0.0041993999999999998,-0.0075012000000000004,0.016468199999999999,-0.0062876,0.0024387999999999996,0.0072286,-0.0015810000000000002,0.0057697999999999994,-0.0029106000000000002,-0.0039294000000000004,0.0052264,0.0039373999999999998,0.0031115999999999991,-0.0070648000000000013,-0.0077345999999999995,-0.0018317999999999997,-0.0031768000000000005,-0.0029496000000000001,0.0026520000000000003,0.0018052000000000003,0.0055449999999999996,-0.0017434000000000002,0.0031840000000000002,-3.0199999999999975e-05,0.0015170000000000001,0.0016138000000000001,-0.0060759999999999998,-0.0010061999999999998,-0.00057199999999999959,-0.0032735999999999998,-0.0021258000000000002,0.0067314000000000002,-8.0600000000000116e-05,0.0028418000000000002,0.0019281999999999999,-0.0028358000000000003,-0.0018512000000000001,-0.0076960000000000015,0.0012536000000000003,-0.0017581999999999999,-0.0045347999999999994,0.002785000000000001,0.0080040000000000007,-0.00035940000000000017,0.0018129999999999999,-0.00031499999999999974,-0.0054171999999999996,-0.0019172,-0.0062345999999999999,-0.0032366000000000001,0.0060406000000000001,0.0034137999999999998,0.012095,0.005868,-0.010929599999999999,0.0035853999999999999,0.0125018,-0.0045215999999999989,0.0035348000000000003,0.0042205999999999997,-0.0073965999999999997,0.0019304000000000005,-0.012222400000000001,0.0017321999999999997,0.0046406000000000008,0.0030887999999999992,0.0050708000000000003,-0.0062300000000000012,-0.0019850000000000002,0.0033401999999999998,-0.00027359999999999993,-0.0032972000000000001,0.0004461999999999999,0.0040968000000000011,-0.0027886000000000005,-0.0011159999999999998,0.0012696000000000001,0.0026484,-0.0038284,-0.0031665999999999994,-0.0033800000000000002,0.0019465999999999999,-0.0031909999999999998,-0.0010006000000000001,-0.00011400000000000006,0.0022995999999999997,0.00011899999999999975,-0.00069800000000000027,-0.0011526000000000002,-0.0045497999999999997,-0.0041684000000000001,0.0038725999999999999,0.0045180000000000003,0.0015070000000000003,0.0030524000000000003,0.0048935999999999997,-0.0027752000000000002,-0.003233600000000001,-0.0043937999999999998,-0.0015494,0.00040099999999999988,0.0026757999999999999,0.0109824,0.0035466000000000004,0.0018198000000000003,4.0799999999999908e-05,0.0041426000000000006,0.0038245999999999996,-0.00037440000000000043,0.0016283999999999999,0.0029222000000000007,-0.0016617999999999995,0.0014273999999999997,-0.001101,-0.0051254000000000004,0.0031450000000000002,-0.0072824000000000005,-0.00013079999999999949,-0.0045544000000000001,0.0020568000000000001,-0.0030890000000000006,-0.00033279999999999996,-0.0019734000000000002,0.0011830000000000002,-0.0011934000000000001,0.00025820000000000004,0.00040739999999999998,0.00058600000000000026,-0.0028319999999999999,-0.00017000000000000001,-0.00048739999999999981,-0.00061580000000000011,0.0026048000000000004,-0.0025712000000000005,0.0014064000000000001,0.0025833999999999996,-3.7600000000000047e-05,0.00088020000000000025,-0.00028340000000000017,-0.0028018000000000001,0.0022799999999999999,0.00041400000000000009,-0.0048386000000000002,0.000727,0.0046027999999999998,0.00074219999999999972,-0.0014813999999999999,0.0009674000000000002,0.0062398000000000002,0.00032479999999999965,-0.00056700000000000001,0.002163,-0.0045149999999999999,-0.0023341999999999998,0.0059191999999999995,-0.00066120000000000003,0.0013036000000000002,0.0034962000000000001,0.00098299999999999993,-0.0008516000000000001,0.00086560000000000001,-0.0013945999999999997,0.0050082000000000008,-0.0017417999999999997,0.00091659999999999995,-0.0013085999999999998,0.00011519999999999998,-0.0045484000000000002,0.0045361999999999998,-0.0028432000000000002,0.0012811999999999999,0.0021462,0.0052368000000000007,0.0032336000000000001,-0.0123208,0.00032099999999999989,0.00064999999999999997,0.00052000000000000006,0.0011612,-0.0015652000000000001,0.0013565999999999999,0.00023200000000000011,0.0024407999999999999,0.00046840000000000011,-0.00078260000000000005,0.0004238,0.0014160000000000002,-0.00045639999999999998,0.0022583999999999998,-0.0013616000000000001,-0.00052500000000000008,0.00071800000000000032,-0.00050720000000000008,-9.2999999999999984e-05,0.0011784000000000002,-0.00058040000000000001,-0.00077420000000000006,0.00018159999999999997,0.0031716000000000001,-0.00079980000000000003,-0.0031841999999999999,0.001312,0.0036020000000000002,-0.0015690000000000001,-0.00078819999999999997,-0.0035236,-0.0018930000000000002,-0.0006646,-0.0011817999999999998,-0.00026460000000000003,-0.00027300000000000002,-0.0005886000000000001,0.0022780000000000001,0.0014706000000000001,-0.0039990000000000008,0.0018336000000000001,0.00018539999999999995,-9.2000000000000176e-05,0.0020768000000000002,0.0042507999999999999,0.0039357999999999997,0.0024909999999999997,-0.0034228000000000001,-0.0012846000000000003,-0.0021848000000000002,-0.00032499999999999977,0.0039807999999999996,-0.0014454000000000003,-0.00013599999999999984,0.0039304000000000006,-0.0011644000000000001,0.0022902000000000005,-0.0008832,0.0036484,0.0081710000000000012,-0.0034886000000000006,0.0017141999999999999,-0.0018966,-0.00073459999999999975,0.00016019999999999994,0.00083759999999999998,0.00024059999999999999,0.00079179999999999995,-0.0011689999999999999,0.0010011999999999998,-0.00084840000000000002,0.00041640000000000004,-0.00031740000000000002,-0.0019043999999999999,0.0022914000000000003,-0.0013645999999999999,0.0020094000000000002,-0.0023606000000000005,0.0010768000000000002,0.00022719999999999988,0.00038960000000000004,-0.0033504000000000003,0.002176,-0.0017042000000000003,-0.00026899999999999998,-0.0011480000000000001,0.0010058000000000003,0.0011337999999999995,-0.00041520000000000012,-0.00092299999999999999,0.00011600000000000011,0.00040339999999999983,-0.0019366000000000001,0.0023232000000000001,-0.0011144,-7.2999999999999931e-05,-0.00094600000000000044,0.0031684000000000009,0.00032280000000000004,-0.00084640000000000008,0.0011707999999999998,-0.0021808000000000001,0.0023924000000000003,-0.0016510000000000001,-0.0012472,0.00035059999999999996,-0.00038880000000000002,8.6199999999999927e-05,0.0018332000000000005,-0.0012204,0.0005216000000000001,0.00097880000000000016,0.0014008,0.00011219999999999996,-0.00089979999999999986,0.00096220000000000008,0.0027283999999999997,-0.0023458000000000003,0.00031740000000000002,0.0016906,9.0399999999999921e-05,0.00038759999999999999,0.00088340000000000011,0.0016919999999999999,0.001918,-0.0017746000000000001,0.0023544,0.00026179999999999997,-0.0026287999999999997,-0.0021718000000000002,-0.0013588000000000001,0.0065922000000000012,-0.0019318,8.2999999999999985e-05,0.00046940000000000003,0.00013200000000000006,0.00029280000000000002,-0.0007356000000000001,-0.0022766000000000002,-0.0010704,0.00088079999999999994,0.00053199999999999992,-0.00017719999999999997,-0.0023915999999999998,0.00077379999999999994,-0.00071579999999999994,0.00017180000000000006,-0.0012918000000000001,0.00054999999999999992,-0.0014518000000000001,0.0010194,-0.00012979999999999996,-0.00027579999999999993,0.00075280000000000008,-0.0017568000000000002,-0.00030660000000000003,0.0013738000000000001,0.00029379999999999999,6.0999999999999856e-05,-0.00051380000000000002,-0.00025040000000000001,0.0026746000000000001,-0.00087180000000000005,0.0011213999999999998,-0.0017877999999999998,0.0011616000000000003,0.0013369999999999999,0.002111,0.00077260000000000002,8.2199999999999992e-05,-0.00029159999999999999,0.00042139999999999994,0.00044760000000000004,0.0013834000000000003,-0.00046320000000000004,0.0026443999999999999,-0.0027024000000000002,0.00048039999999999986,0.00089719999999999991,-0.0024349999999999997,-0.0017819999999999999,-0.0011040000000000002,0.0021970000000000002,0.00016080000000000001,-0.00049200000000000025,-0.0032368000000000002,0.0022746000000000003,-0.0013422,-0.00079440000000000001,-0.0022710000000000004,0.00051820000000000013,0.0011395999999999999,-0.0024124000000000003,0.00026280000000000021,0.0023398,-0.0013996,-0.0012885999999999998,0.002032,0.0010792000000000002,0.0014884000000000002,-0.0021812000000000008,0.0020078000000000006,0.0030628000000000001,-0.0032672000000000001,0.00047960000000000006,-0.0018808000000000002,-3.3199999999999289e-05,0.0019108000000000003
aug_between_class_right_pair0038_child03,Healthy,0,0,Augmented,0,0,0,0,0,0.30361060000000001,1.9473545999999999,2.9999999999999999e-07,-6.9999999999999997e-07,0,0.87425699999999995,4.1359030627651384e-25,0.023652100000000002,-0.13859559999999999,0.054350699999999995,0.1138786,-0.096999500000000002,0.088705999999999993,-0.0087130000000000003,-0.0092540000000000001,-0.036700999999999998,-0.0554809,0.32736009999999999,-0.11875749999999999,0.030721399999999992,0.010144300000000009,0.0151699,-0.0188264,-0.00020080000000000054,-0.035215900000000001,0.030210899999999999,0.014997400000000001,-0.062290299999999993,-0.0054959999999999974,-0.077693600000000002,0.010532100000000001,0.044209399999999996,-0.046956699999999997,0.0171527,-0.0043205999999999991,-0.0412818,0.028348400000000003,-0.0611149,-0.0132467,0.093585100000000004,-0.0035453000000000047,0.19478480000000001,-0.075233000000000008,0.0046910000000000007,-0.0063835000000000003,0.00045100000000000001,-0.020143899999999999,0.0059813999999999996,0.042368700000000002,-0.0072795999999999998,-0.0026840000000000006,-0.021692300000000001,-0.014919,0.024262099999999995,0.020761500000000002,0.022044400000000002,0.021206299999999997,-0.014122099999999999,-0.0024634000000000001,0.012436299999999999,-0.036713500000000003,0.0060923000000000001,0.0023731999999999998,0.017724599999999997,0.022366199999999999,-0.086686399999999997,0.00088909999999999857,-0.047212299999999999,0.0097171999999999988,0.0099121000000000001,0.00065439999999999997,0.0011919000000000001,0.0178321,7.1900000000000609e-05,0.0018508999999999999,-0.012360800000000002,0.0075252999999999995,0.0028219,-0.0080353000000000004,0.0010659000000000003,0.0079080999999999995,-0.016076399999999998,0.0029350000000000001,0.0029130000000000002,0.0066822000000000001,-0.0082474999999999996,-0.0059096999999999995,0.0142235,-0.0124698,-0.0002507000000000004,-0.0145991,-0.010791200000000001,0.0096725999999999999,-0.0089996999999999994,-0.0023828,0.0125062,-0.0048745000000000004,0.0049001000000000001,0.0021790000000000039,-0.00099369999999999927,0.017332700000000003,-0.0130785,0.0042559999999999994,0.0023000999999999998,-0.0021111999999999997,-0.0015929000000000004,0.0095303999999999996,-0.0057396999999999995,-0.0055119999999999995,-0.0035368000000000005,0.0064336999999999997,-0.0020362000000000002,-0.0049052999999999996,0.0061998000000000001,0.0077748000000000001,0.0040398999999999999,-0.0044212000000000001,0.0064050000000000001,-0.0020655999999999999,0.0039170999999999997,-0.0073987999999999996,0.017315299999999999,-0.0066123999999999992,0.0016676999999999994,0.0067199,-0.0019005000000000003,0.0050647000000000001,-0.0025209000000000013,-0.0047451000000000004,0.0055615999999999999,0.0031725999999999998,0.0021973999999999995,-0.0065752000000000015,-0.0091274000000000008,-0.0014287000000000006,-0.003274700000000001,-0.0025764000000000013,0.0016080000000000005,0.0025352999999999999,0.0051089999999999998,-0.0013976000000000001,0.0026039999999999995,9.2700000000000031e-05,0.0015200000000000001,0.0014926999999999998,-0.005687499999999999,-0.0015052999999999996,-0.00040600000000000011,-0.0034823999999999992,-0.0022222000000000001,0.0064025999999999996,-0.00036139999999999979,0.0028171999999999997,0.0022512999999999999,-0.0028457000000000005,-0.0017913000000000002,-0.0073070000000000001,0.00083239999999999985,-0.0013843,-0.0047957,0.0025074999999999993,0.0080204999999999999,9.9900000000000856e-05,0.0021879999999999994,-0.00072900000000000005,-0.0053398000000000004,-0.0022292999999999996,-0.0060758999999999987,-0.0031574000000000012,0.0061504000000000003,0.0021671999999999998,0.012076,0.0053029999999999996,-0.011113899999999999,0.0035826,0.0124697,-0.0048503999999999995,0.0032861999999999995,0.0042814000000000003,-0.0070993999999999996,0.00096810000000000028,-0.014143600000000001,0.0033132999999999999,0.0043538999999999991,0.0030636999999999991,0.0066607000000000003,-0.0057990000000000003,-0.0019805000000000001,0.0030432999999999997,-0.00033940000000000034,-0.0034092999999999997,0.00072980000000000007,0.0038891999999999998,-0.0025943999999999993,-0.0014350000000000001,0.0010554,0.0025381000000000002,-0.0037755999999999996,-0.0032018999999999997,-0.0030209999999999998,0.0019118999999999998,-0.0035054999999999999,-0.0011618999999999998,9.9000000000000048e-05,0.0025749000000000002,0.00022299999999999989,-0.00047449999999999966,-0.0010163999999999998,-0.0045706999999999996,-0.0038141,0.0039863999999999993,0.0044495000000000003,0.0018994999999999999,0.0035731000000000001,0.0050314000000000001,-0.0031112999999999996,-0.0032628999999999996,-0.0052061999999999985,-0.0012260999999999999,0.00035049999999999925,0.0024911999999999998,0.010548099999999999,0.0035134000000000007,0.0018612000000000004,-0.00061630000000000018,0.0030109000000000004,0.0034023999999999994,0.00027189999999999983,0.0014885999999999999,0.0031232999999999999,-0.0011577,0.0010831,-0.0013809999999999998,-0.0051730999999999999,0.0032499999999999999,-0.0067491000000000001,-0.00050169999999999989,-0.0047740999999999999,0.0021616999999999999,-0.0030924999999999998,-0.00042119999999999994,-0.0017926000000000001,0.001227,-0.00090709999999999988,0.00012030000000000004,0.00051259999999999977,0.0003325,-0.0027204999999999998,3.9499999999999944e-05,-0.00024209999999999987,-0.00076320000000000001,0.0022061999999999997,-0.0024283000000000004,0.0012606,0.0025720999999999995,-0.00027490000000000023,0.00084329999999999995,-7.0100000000000078e-05,-0.0022901999999999992,0.0021529999999999995,0.0005415000000000001,-0.0046868999999999999,0.00080850000000000019,0.0041281999999999994,0.00092929999999999966,-0.0012440999999999997,0.00096710000000000025,0.0063256999999999992,0.00088720000000000031,-0.00077949999999999992,0.0019225000000000002,-0.0047369999999999999,-0.0022177999999999998,0.0061712999999999994,-0.0011167999999999998,0.0015979000000000002,0.0030793000000000001,0.00086699999999999993,-0.0011153999999999999,0.00049089999999999963,-0.0017584,0.0048352999999999998,-0.0014501999999999998,0.00070190000000000009,-0.00045840000000000008,-0.00060819999999999993,-0.0038225999999999998,0.0039768,-0.0033683000000000003,0.0010087999999999998,0.0014422999999999997,0.0050141999999999999,0.0031319,-0.0123032,-0.00015249999999999986,0.00045349999999999991,0.0005775,0.0012172999999999999,-0.0014218,0.0012499,-9.749999999999993e-05,0.0024107,0.00059760000000000021,-0.00078540000000000001,0.0008187,0.0013365,-0.00040860000000000001,0.0019371000000000002,-0.0013043999999999998,-0.00056400000000000005,0.00045350000000000002,-0.00068880000000000005,0.00019200000000000011,0.0011596,-0.00056559999999999998,-0.00084179999999999997,0.00025839999999999999,0.0028704000000000004,-0.00091820000000000009,-0.0028048000000000001,0.0011864999999999998,0.0033220000000000003,-0.0013905,-0.00070029999999999995,-0.0033358999999999997,-0.0018139999999999999,-0.00080889999999999998,-0.0013336999999999999,-0.00025040000000000023,-0.00035349999999999997,-0.00040939999999999998,0.0022074999999999998,0.0015344,-0.0037399999999999998,0.0016544000000000001,0.00027359999999999993,3.9999999999999888e-06,0.0024981999999999999,0.0038976999999999996,0.0039741999999999998,0.0018534999999999997,-0.0031981999999999991,-0.0010624000000000002,-0.0023876999999999995,0.00018999999999999963,0.0037442,-0.0014640999999999999,-0.00044099999999999999,0.0033391000000000002,-0.0017171,0.0020712999999999999,-0.00076579999999999997,0.0043620999999999998,0.0081279999999999998,-0.0034099,0.0019957999999999998,-0.0029048999999999993,-0.00097290000000000007,0.00035430000000000005,0.00073889999999999991,6.3400000000000023e-05,0.00096519999999999993,-0.001268,0.0010103,-0.0010725999999999999,0.0004171,-0.00020859999999999997,-0.0021050999999999999,0.0021641,-0.0011649,0.0015620999999999994,-0.0022668999999999996,0.0012687000000000002,-0.00018470000000000032,0.00019339999999999993,-0.0033601,0.002052,-0.0015493,-0.00030449999999999997,-0.0010660000000000001,0.00080719999999999978,0.00089069999999999991,0.00013069999999999965,-0.00097349999999999997,-5.0499999999999981e-05,0.00069860000000000007,-0.0018314,0.0024362999999999998,-0.0010715999999999998,-4.1999999999999991e-05,-0.00067299999999999999,0.0035756000000000004,6.2200000000000157e-05,-0.00071059999999999993,0.0012227,-0.0022491999999999998,0.0025661,-0.001702,-0.00091830000000000004,0.00040039999999999976,-0.00034069999999999999,0.00037180000000000004,0.0017072999999999997,-0.0013780999999999999,0.00043390000000000008,0.00080570000000000001,0.0015516999999999998,7.7300000000000036e-05,-0.0013481999999999999,0.0012538000000000002,0.0028530999999999999,-0.0023351999999999999,0.00018860000000000003,0.0014758999999999996,0.00014860000000000003,0.00045589999999999997,0.0002241000000000003,0.0018305000000000001,0.001629,-0.0017144,0.0023811000000000001,0.00035869999999999977,-0.0022412,-0.0023506999999999994,-0.0015487000000000001,0.0057903,-0.0017351999999999999,0.00015950000000000003,0.00040860000000000007,0.00018699999999999999,8.1999999999997656e-06,-0.00063190000000000013,-0.0021614,-0.00096559999999999984,0.00075219999999999974,0.00074799999999999997,-0.00046880000000000001,-0.0022973999999999998,0.00074669999999999999,-0.00095570000000000008,0.00026570000000000001,-0.0012041999999999999,0.0007384999999999999,-0.0014551999999999998,0.0010356,-0.00011820000000000003,-0.00020369999999999996,0.00038170000000000006,-0.0015907,-0.0001964,0.0013717,0.00021720000000000008,8.849999999999982e-05,-0.00045570000000000007,-0.00032810000000000001,0.0024339000000000001,-0.00085720000000000002,0.00085209999999999973,-0.0016531999999999999,0.0014339000000000003,0.0012099999999999999,0.0020095,0.00079639999999999984,2.1799999999999998e-05,-0.00030289999999999999,0.00034059999999999993,9.2400000000000078e-05,0.0013096000000000002,-0.00039080000000000007,0.0029496000000000001,-0.0022535999999999997,2.0099999999999892e-05,0.0010378,-0.002297,-0.0018154999999999998,-0.0013094999999999999,0.0021644999999999998,3.7699999999999941e-05,-0.00026249999999999993,-0.0032406999999999996,0.0018889,-0.0015603000000000001,-0.00081959999999999997,-0.0020599999999999998,0.00026080000000000005,0.0014303999999999999,-0.0017946000000000001,0.0006307000000000001,0.0017182,-0.0013913999999999999,-0.0012049000000000001,0.0020609999999999999,0.0014442999999999999,0.0017530999999999998,-0.0017797999999999998,0.0019262000000000003,0.0028576999999999999,-0.0039303000000000003,8.4900000000000031e-05,-0.0027622000000000002,0.00045319999999999952,0.0016942000000000001
aug_between_class_right_pair0038_child04,Healthy,0,0,Augmented,0,0,0,0,0,0.29893979999999998,1.9598108000000001,4.0000000000000003e-07,-5.9999999999999997e-07,0,0.86848100000000006,0,0.024392800000000003,-0.1401028,0.050595600000000004,0.11277279999999999,-0.098280000000000006,0.086348999999999995,-0.0093989999999999994,-0.0090910000000000001,-0.034109,-0.056039199999999997,0.33254980000000001,-0.112375,0.031977199999999997,0.0089884000000000075,0.013220200000000001,-0.019482199999999998,0.00052359999999999993,-0.035286200000000004,0.030887199999999997,0.013173199999999999,-0.060514399999999996,-0.0048119999999999986,-0.077786800000000003,0.0111188,0.0449402,-0.0470946,0.018718600000000002,-0.0067308000000000003,-0.040979399999999999,0.0281742,-0.062320200000000006,-0.012405599999999996,0.091688800000000001,-0.0061834000000000056,0.19468840000000001,-0.074060000000000001,0.004019,-0.0068749999999999992,-0.00022400000000000111,-0.0204312,0.0072722000000000004,0.0417866,-0.0067527999999999998,-0.0029740000000000001,-0.0215984,-0.013375999999999999,0.0251638,0.021006,0.022021200000000001,0.020282399999999999,-0.0140538,-0.0030492000000000006,0.012340399999999998,-0.036157000000000002,0.0041224000000000009,0.0027886,0.019268799999999999,0.022160600000000003,-0.086642199999999989,-0.0018112000000000024,-0.045660399999999997,0.011862600000000004,0.010625799999999999,0.0005842,0.00057419999999999997,0.0173028,0.00069320000000000059,0.0016251999999999998,-0.013467400000000001,0.0074593999999999997,0.0029261999999999995,-0.0072924000000000001,0.0015222,0.0078978,-0.015353199999999999,0.003516,0.00296,0.0060296000000000004,-0.008601000000000001,-0.0049575999999999995,0.014745000000000001,-0.0120144,-0.00016260000000000059,-0.015246800000000001,-0.0112566,0.010358800000000001,-0.0082585999999999996,-0.0019594,0.0116296,-0.004100999999999997,0.0055268000000000001,0.0011150000000000014,-0.00083359999999999901,0.015557600000000001,-0.012074,0.0056039999999999996,0.0020737999999999998,-0.0019625999999999997,-0.0019751999999999999,0.0096151999999999991,-0.0059056000000000004,-0.0059059999999999998,-0.0037984000000000008,0.0065795999999999997,-0.0017156000000000001,-0.0039803999999999994,0.0061264000000000006,0.0079444000000000008,0.0041191999999999999,-0.0043855999999999999,0.0063219999999999995,-0.0017108000000000002,0.0036348000000000001,-0.0072963999999999998,0.018162399999999999,-0.0069371999999999993,0.0008966,0.0062112000000000001,-0.0022200000000000002,0.0043595999999999999,-0.0021312000000000006,-0.0055608000000000012,0.0058968000000000007,0.0024077999999999999,0.0012831999999999991,-0.0060856000000000009,-0.0105202,-0.0010255999999999998,-0.0033725999999999999,-0.0022031999999999998,0.00056399999999999983,0.0032653999999999999,0.0046730000000000001,-0.0010517999999999999,0.0020239999999999998,0.00021559999999999993,0.001523,0.0013715999999999999,-0.0052989999999999999,-0.0020043999999999999,-0.00023999999999999976,-0.0036912000000000004,-0.0023186000000000001,0.006073799999999999,-0.00064219999999999989,0.0027926000000000001,0.0025744000000000001,-0.0028556000000000002,-0.0017314000000000001,-0.0069180000000000014,0.00041120000000000045,-0.0010103999999999998,-0.0050565999999999996,0.0022300000000000002,0.0080370000000000007,0.00055920000000000015,0.0025629999999999997,-0.0011429999999999999,-0.0052624000000000004,-0.0025414000000000001,-0.0059172000000000001,-0.0030782000000000006,0.0062602000000000005,0.00092059999999999993,0.012057,0.004738,-0.0112982,0.0035798000000000002,0.0124376,-0.0051791999999999993,0.0030376000000000001,0.0043422000000000001,-0.0068021999999999996,5.8000000000000326e-06,-0.016064800000000001,0.0048943999999999993,0.0040672,0.0030385999999999989,0.0082506000000000003,-0.0053680000000000004,-0.0019760000000000003,0.0027464,-0.00040520000000000009,-0.0035214000000000001,0.0010134,0.0036815999999999997,-0.0024001999999999999,-0.0017540000000000001,0.00084120000000000006,0.0024277999999999999,-0.0037228000000000001,-0.0032372,-0.0026619999999999999,0.0018771999999999999,-0.00382,-0.0013231999999999999,0.00031199999999999999,0.0028502000000000002,0.00032700000000000003,-0.00025099999999999992,-0.00088019999999999982,-0.0045915999999999995,-0.0034597999999999999,0.0041002,0.0043809999999999995,0.0022919999999999998,0.0040937999999999999,0.0051691999999999997,-0.0034474000000000002,-0.0032921999999999999,-0.0060186000000000016,-0.00090279999999999983,0.00029999999999999992,0.0023065999999999998,0.010113799999999999,0.0034802000000000001,0.0019026,-0.0012734000000000005,0.0018791999999999997,0.0029802000000000001,0.00091819999999999988,0.0013488,0.0033243999999999999,-0.00065359999999999962,0.00073879999999999996,-0.0016609999999999997,-0.0052207999999999994,0.0033549999999999999,-0.0062158000000000005,-0.00087259999999999942,-0.0049937999999999996,0.0022666000000000001,-0.0030959999999999998,-0.00050960000000000003,-0.0016118,0.0012709999999999998,-0.0006207999999999998,-1.7600000000000042e-05,0.00061779999999999995,7.899999999999986e-05,-0.0026090000000000002,0.00024900000000000009,3.1999999999996441e-06,-0.00091060000000000002,0.0018075999999999999,-0.0022853999999999999,0.0011147999999999998,0.0025607999999999998,-0.00051220000000000042,0.00080640000000000009,0.00014319999999999996,-0.0017786000000000002,0.002026,0.00066899999999999989,-0.0045351999999999996,0.00089000000000000017,0.0036535999999999999,0.0011164,-0.0010068,0.00096680000000000008,0.0064115999999999999,0.0014496000000000005,-0.00099200000000000004,0.0016820000000000001,-0.0049589999999999999,-0.0021013999999999998,0.0064234000000000001,-0.0015723999999999998,0.0018922000000000001,0.0026623999999999997,0.00075099999999999993,-0.0013792000000000001,0.00011619999999999957,-0.0021221999999999999,0.0046624000000000006,-0.0011585999999999996,0.00048719999999999992,0.00039180000000000031,-0.0013316000000000005,-0.0030967999999999998,0.0034174000000000001,-0.0038934,0.0007363999999999999,0.0007383999999999993,0.0047916000000000009,0.0030301999999999998,-0.012285600000000001,-0.00062599999999999982,0.00025699999999999996,0.00063500000000000004,0.0012734000000000001,-0.0012783999999999998,0.0011432,-0.00042700000000000008,0.0023806000000000001,0.00072680000000000021,-0.00078819999999999997,0.0012136,0.0012569999999999999,-0.00036079999999999999,0.0016157999999999999,-0.0012472,-0.00060300000000000002,0.00018899999999999999,-0.00087040000000000001,0.00047699999999999999,0.0011408000000000002,-0.00055079999999999994,-0.00090939999999999999,0.00033520000000000002,0.0025691999999999998,-0.0010366000000000002,-0.0024254000000000003,0.0010609999999999999,0.0030420000000000004,-0.001212,-0.00061239999999999982,-0.0031481999999999999,-0.001735,-0.00095320000000000008,-0.0014855999999999999,-0.0002362,-0.00043399999999999998,-0.00023020000000000001,0.002137,0.0015982000000000001,-0.0034810000000000002,0.0014752000000000001,0.00036180000000000001,9.9999999999999937e-05,0.0029196000000000001,0.0035446000000000002,0.0040125999999999998,0.0012159999999999996,-0.0029735999999999999,-0.00084020000000000004,-0.0025906000000000002,0.00070500000000000033,0.0035075999999999996,-0.0014827999999999998,-0.00074600000000000014,0.0027477999999999999,-0.0022698000000000006,0.0018524000000000001,-0.00064840000000000004,0.0050758000000000001,0.0080850000000000002,-0.0033312000000000003,0.0022773999999999997,-0.0039131999999999995,-0.0012112,0.0005484000000000001,0.00064019999999999995,-0.00011380000000000016,0.0011386,-0.0013670000000000002,0.0010194000000000002,-0.0012968000000000001,0.00041780000000000002,-9.9799999999999959e-05,-0.0023058000000000002,0.0020368000000000001,-0.00096519999999999983,0.0011147999999999998,-0.0021732000000000001,0.0014606000000000003,-0.0005966000000000003,-2.8000000000000138e-06,-0.0033698000000000005,0.001928,-0.0013944000000000003,-0.00034000000000000002,-0.00098400000000000007,0.00060859999999999983,0.00064760000000000013,0.00067659999999999986,-0.0010240000000000002,-0.00021700000000000004,0.00099379999999999998,-0.0017262000000000002,0.0025493999999999998,-0.0010287999999999999,-1.0999999999999888e-05,-0.00039999999999999996,0.0039827999999999999,-0.00019839999999999994,-0.00057479999999999999,0.0012745999999999999,-0.0023176,0.0027398000000000001,-0.001753,-0.00058940000000000002,0.00045019999999999999,-0.00029259999999999996,0.00065739999999999993,0.0015814000000000002,-0.0015357999999999999,0.00034620000000000001,0.00063259999999999998,0.0017026000000000001,4.2400000000000001e-05,-0.0017965999999999998,0.0015454000000000002,0.0029778000000000001,-0.0023246000000000005,5.979999999999999e-05,0.0012611999999999996,0.00020680000000000015,0.00052420000000000006,-0.00043519999999999974,0.0019689999999999998,0.0013399999999999998,-0.0016542,0.0024077999999999999,0.0004555999999999998,-0.0018536,-0.0025296000000000003,-0.0017385999999999999,0.0049884000000000005,-0.0015385999999999998,0.00023600000000000002,0.00034780000000000005,0.00024200000000000003,-0.00027640000000000021,-0.00052819999999999994,-0.0020461999999999998,-0.00086080000000000011,0.00062359999999999998,0.00096400000000000001,-0.00076040000000000016,-0.0022031999999999998,0.00071959999999999993,-0.0011956,0.00035960000000000007,-0.0011166000000000001,0.00092699999999999998,-0.0014586,0.0010517999999999999,-0.00010659999999999999,-0.00013159999999999995,1.0599999999999932e-05,-0.0014246,-8.6200000000000089e-05,0.0013695999999999999,0.00014060000000000016,0.000116,-0.00039759999999999991,-0.00040580000000000005,0.0021931999999999993,-0.00084259999999999999,0.00058279999999999985,-0.0015185999999999999,0.0017062000000000002,0.0010829999999999998,0.001908,0.0008202000000000001,-3.860000000000001e-05,-0.00031419999999999999,0.00025979999999999992,-0.00026279999999999988,0.0012358,-0.00031840000000000004,0.0032548,-0.0018047999999999999,-0.00044020000000000018,0.0011784,-0.0021589999999999999,-0.0018490000000000002,-0.0015150000000000001,0.0021320000000000002,-8.5399999999999962e-05,-3.300000000000026e-05,-0.0032445999999999998,0.0015032000000000001,-0.0017784000000000001,-0.00084479999999999993,-0.0018489999999999999,3.3999999999999742e-06,0.0017212,-0.0011768000000000002,0.00099860000000000031,0.0010965999999999999,-0.0013832,-0.0011212000000000001,0.0020899999999999998,0.0018093999999999996,0.0020178000000000001,-0.0013784000000000001,0.0018446000000000003,0.0026526000000000002,-0.0045934000000000001,-0.00030980000000000005,-0.0036436000000000003,0.0009396000000000005,0.0014775999999999999
aug_between_class_right_pair0038_child05,TLE,1,1,Augmented,0,0,0,0,0,0.28959820000000003,1.9847231999999999,5.9999999999999997e-07,-3.9999999999999993e-07,0,0.85692900000000005,0,0.025874200000000003,-0.1431172,0.043085399999999996,0.1105612,-0.100841,0.081634999999999999,-0.010771000000000001,-0.0087650000000000002,-0.028925000000000003,-0.0571558,0.34292919999999999,-0.099610000000000004,0.0344888,0.0066766000000000048,0.0093208000000000006,-0.020793800000000001,0.0019723999999999996,-0.035426799999999994,0.032239799999999999,0.0095247999999999999,-0.056962600000000002,-0.0034440000000000004,-0.077973199999999993,0.0122922,0.0464018,-0.047370400000000007,0.021850399999999999,-0.011551199999999996,-0.040374599999999997,0.027825800000000001,-0.064730800000000005,-0.010723399999999994,0.087896199999999994,-0.0114596,0.19449559999999999,-0.071714,0.0026750000000000003,-0.0078580000000000004,-0.001573999999999999,-0.021005800000000002,0.0098537999999999994,0.040622400000000003,-0.0056991999999999998,-0.0035540000000000007,-0.021410600000000002,-0.010290000000000001,0.026967199999999997,0.021495,0.021974799999999999,0.018434599999999999,-0.013917200000000001,-0.0042208000000000002,0.012148599999999999,-0.035043999999999999,0.00018260000000000064,0.0036194,0.022357200000000001,0.021749400000000002,-0.0865538,-0.0072118000000000008,-0.0425566,0.016153399999999998,0.0120532,0.00044380000000000016,-0.00066119999999999938,0.0162442,0.0019357999999999997,0.0011737999999999998,-0.015680599999999999,0.0073276000000000001,0.0031348000000000001,-0.0058066000000000003,0.0024348,0.0078771999999999991,-0.013906799999999999,0.0046779999999999999,0.0030540000000000003,0.0047244000000000001,-0.0093080000000000003,-0.0030533999999999995,0.015788,-0.0111036,1.3599999999999897e-05,-0.0165422,-0.012187399999999999,0.011731199999999999,-0.0067764000000000001,-0.0011126000000000005,0.0098764000000000005,-0.002553999999999999,0.0067802000000000001,-0.001013,-0.00051340000000000023,0.012007400000000003,-0.010064999999999999,0.0083000000000000001,0.0016211999999999997,-0.0016653999999999998,-0.0027398000000000001,0.0097847999999999997,-0.0062374000000000006,-0.0066940000000000003,-0.004321600000000001,0.0068713999999999997,-0.0010744000000000001,-0.0021305999999999999,0.0059795999999999998,0.0082836000000000003,0.0042778,-0.0043144000000000012,0.006156,-0.0010011999999999998,0.0030701999999999999,-0.0070916,0.019856600000000002,-0.0075867999999999994,-0.00064559999999999965,0.0051938000000000002,-0.002859,0.0029493999999999996,-0.0013518000000000002,-0.0071922000000000002,0.0065672000000000005,0.00087819999999999999,-0.00054520000000000002,-0.0051064000000000014,-0.013305800000000001,-0.0002193999999999998,-0.0035684000000000002,-0.0014568000000000003,-0.0015239999999999993,0.0047256000000000008,0.0038009999999999993,-0.00036020000000000014,0.00086400000000000018,0.00046139999999999994,0.0015289999999999998,0.0011294,-0.0045219999999999991,-0.0030025999999999994,9.2000000000000068e-05,-0.0041088000000000001,-0.0025114,0.0054162000000000004,-0.0012038000000000001,0.0027434,0.0032205999999999997,-0.0028754000000000002,-0.0016116000000000001,-0.0061400000000000005,-0.00043119999999999975,-0.0002626000000000002,-0.0055783999999999999,0.0016750000000000003,0.008069999999999999,0.0014777999999999998,0.0033129999999999995,-0.0019709999999999997,-0.0051076000000000003,-0.0031656000000000002,-0.0055997999999999994,-0.0029198000000000002,0.0064798,-0.0015726,0.012019,0.0036080000000000001,-0.0116668,0.0035742000000000005,0.0123734,-0.0058367999999999996,0.0025403999999999999,0.0044638000000000004,-0.0062077999999999994,-0.0019187999999999994,-0.0199072,0.0080565999999999988,0.0034938000000000009,0.0029884000000000004,0.0114304,-0.0045060000000000005,-0.001967,0.0021526000000000002,-0.00053679999999999982,-0.0037456,0.0015805999999999999,0.0032664,-0.0020118000000000002,-0.002392,0.00041280000000000006,0.0022071999999999999,-0.0036172000000000001,-0.0033077999999999996,-0.0019440000000000004,0.0018077999999999998,-0.0044489999999999998,-0.0016457999999999998,0.00073800000000000005,0.0034008000000000003,0.00053499999999999989,0.00019599999999999999,-0.00060780000000000014,-0.0046333999999999993,-0.0027512000000000001,0.0043277999999999997,0.0042439999999999995,0.0030769999999999999,0.0051351999999999995,0.0054447999999999996,-0.004119600000000001,-0.0033508000000000006,-0.0076434000000000007,-0.00025619999999999983,0.00019899999999999996,0.0019373999999999999,0.0092452000000000003,0.003413799999999999,0.0019853999999999996,-0.0025876000000000007,-0.00038419999999999947,0.0021357999999999998,0.0022107999999999993,0.0010692,0.0037266000000000001,0.00035460000000000005,5.0199999999999811e-05,-0.0022209999999999986,-0.0053162000000000001,0.003565,-0.0051492000000000005,-0.0016143999999999998,-0.0054332,0.0024764000000000001,-0.0031029999999999999,-0.00068639999999999999,-0.0012501999999999999,0.0013590000000000002,-4.8200000000000087e-05,-0.00029339999999999998,0.00082820000000000007,-0.00042799999999999994,-0.0023860000000000001,0.00066799999999999987,0.00049379999999999997,-0.0012053999999999999,0.0010104000000000001,-0.0019996000000000002,0.00082320000000000006,0.0025381999999999996,-0.00098679999999999992,0.00073259999999999992,0.00056979999999999997,-0.00075540000000000004,0.0017719999999999997,0.00092400000000000002,-0.0042318,0.0010530000000000001,0.0027044,0.001490599999999999,-0.00053220000000000003,0.00096620000000000018,0.0065833999999999997,0.0025744000000000001,-0.0014169999999999996,0.0012010000000000002,-0.0054029999999999998,-0.0018686,0.0069275999999999999,-0.0024835999999999999,0.0024808,0.0018286000000000001,0.00051899999999999993,-0.0019067999999999997,-0.0006332000000000001,-0.0028497999999999996,0.0043166000000000003,-0.00057539999999999978,5.7799999999999995e-05,0.0020922000000000002,-0.0027783999999999994,-0.0016451999999999997,0.0022986000000000005,-0.0049435999999999994,0.00019159999999999989,-0.00066940000000000055,0.0043464000000000003,0.0028268,-0.0122504,-0.0015730000000000002,-0.00013599999999999994,0.00075000000000000002,0.0013855999999999999,-0.00099160000000000003,0.00092979999999999994,-0.0010859999999999997,0.0023204000000000002,0.00098520000000000009,-0.0007938000000000001,0.0020033999999999998,0.001098,-0.00026520000000000005,0.00097320000000000002,-0.0011328,-0.00068099999999999996,-0.00033999999999999986,-0.0012336000000000001,0.001047,0.0011032000000000001,-0.00052119999999999998,-0.0010445999999999999,0.00048879999999999996,0.0019667999999999995,-0.0012734000000000001,-0.0016666000000000001,0.00080999999999999996,0.0024819999999999998,-0.00085500000000000007,-0.00043659999999999999,-0.0027728000000000002,-0.0015770000000000001,-0.0012417999999999999,-0.0017893999999999998,-0.00020780000000000017,-0.00059499999999999983,0.00012820000000000003,0.0019959999999999999,0.0017258,-0.0029629999999999999,0.0011168000000000003,0.00053819999999999996,0.00029199999999999994,0.0037623999999999995,0.0028384,0.0040894,-5.9000000000000458e-05,-0.0025244,-0.00039580000000000008,-0.0029963999999999998,0.001735,0.0030344,-0.0015202000000000002,-0.0013559999999999998,0.0015652000000000001,-0.0033752000000000001,0.0014146000000000002,-0.00041360000000000002,0.0065032000000000006,0.0079990000000000009,-0.0031738000000000001,0.0028406,-0.0059297999999999998,-0.0016877999999999999,0.00093660000000000011,0.00044279999999999998,-0.0004682,0.0014854,-0.001565,0.0010376000000000001,-0.0017451999999999999,0.0004192,0.00011780000000000002,-0.0027071999999999999,0.0017821999999999998,-0.00056579999999999998,0.00022020000000000001,-0.0019858000000000002,0.0018444000000000002,-0.0014204,-0.00039519999999999996,-0.0033892000000000002,0.0016800000000000001,-0.0010846000000000002,-0.00041100000000000002,-0.00082000000000000031,0.00021139999999999999,0.00016139999999999991,0.0017683999999999996,-0.0011249999999999999,-0.00055000000000000003,0.0015842,-0.0015158000000000001,0.0027755999999999996,-0.00094319999999999994,5.0999999999999993e-05,0.00014599999999999975,0.0047972000000000006,-0.00071959999999999982,-0.0003032,0.0013783999999999999,-0.0024544000000000002,0.0030872,-0.0018550000000000001,6.8399999999999928e-05,0.00054979999999999981,-0.00019639999999999995,0.0012285999999999998,0.0013296000000000002,-0.0018511999999999999,0.00017080000000000003,0.00028640000000000019,0.0020043999999999999,-2.7399999999999961e-05,-0.0026933999999999994,0.0021286,0.0032271999999999999,-0.0023034000000000002,-0.00019779999999999998,0.00083179999999999994,0.00032319999999999972,0.00066079999999999991,-0.0017537999999999994,0.0022460000000000002,0.00076200000000000009,-0.0015338000000000001,0.0024612000000000002,0.00064939999999999985,-0.0010784000000000002,-0.0028873999999999996,-0.0021183999999999999,0.0033846000000000006,-0.0011454,0.00038899999999999997,0.00022620000000000002,0.0003520000000000001,-0.00084559999999999995,-0.00032080000000000005,-0.0018158,-0.0006512,0.00036640000000000007,0.0013959999999999999,-0.0013435999999999999,-0.0020147999999999998,0.00066540000000000002,-0.0016754000000000001,0.00054740000000000008,-0.00094140000000000011,0.0013039999999999996,-0.0014653999999999999,0.0010842,-8.3399999999999994e-05,1.2600000000000035e-05,-0.0007316,-0.0010924000000000001,0.0001341999999999999,0.0013653999999999999,-1.2599999999999981e-05,0.00017099999999999971,-0.00028140000000000001,-0.00056119999999999998,0.0017118000000000001,-0.00081339999999999993,4.4199999999999889e-05,-0.0012493999999999999,0.0022508000000000003,0.00082899999999999998,0.0017050000000000001,0.00086779999999999995,-0.0001594,-0.0003368,9.8200000000000002e-05,-0.0009731999999999998,0.0010882000000000001,-0.00017360000000000007,0.0038652000000000001,-0.00090719999999999993,-0.0013608000000000001,0.0014595999999999999,-0.0018829999999999999,-0.001916,-0.0019260000000000002,0.0020670000000000003,-0.00033159999999999998,0.00042599999999999973,-0.0032524000000000003,0.00073180000000000033,-0.0022146000000000002,-0.00089519999999999997,-0.0014269999999999999,-0.00051139999999999996,0.0023027999999999994,5.8799999999999857e-05,0.0017344000000000003,-0.00014659999999999999,-0.0013667999999999998,-0.00095380000000000009,0.0021480000000000002,0.0025395999999999999,0.0025472000000000003,-0.0005756,0.0016814000000000002,0.0022424000000000003,-0.0059195999999999997,-0.0010991999999999998,-0.0054064000000000004,0.0019123999999999994,0.0010444
aug_between_class_right_pair0038_child06,TLE,1,1,Augmented,0,0,0,0,0,0.2849274,1.9971794,6.9999999999999997e-07,-2.9999999999999993e-07,0,0.85115300000000005,0,0.0266149,-0.14462439999999999,0.039330299999999999,0.10945539999999999,-0.1021215,0.079278000000000001,-0.011457,-0.0086020000000000003,-0.026333000000000002,-0.05771409999999999,0.34811890000000001,-0.093227499999999991,0.035744600000000001,0.0055207000000000034,0.0073711000000000011,-0.021449599999999999,0.0026967999999999988,-0.035497099999999997,0.032916099999999997,0.0077006000000000019,-0.055186700000000005,-0.0027599999999999999,-0.078066399999999994,0.012878899999999999,0.047132599999999997,-0.047508300000000003,0.023416300000000001,-0.013961400000000001,-0.040072200000000002,0.027651599999999998,-0.065936099999999997,-0.0098822999999999966,0.08599989999999999,-0.014097699999999998,0.19439919999999999,-0.070540999999999993,0.0020030000000000013,-0.008349500000000001,-0.0022489999999999993,-0.021293100000000002,0.011144600000000001,0.040040300000000001,-0.0051724000000000006,-0.0038440000000000002,-0.021316700000000001,-0.0087469999999999996,0.027868899999999999,0.021739500000000002,0.021951599999999998,0.017510700000000001,-0.013848900000000001,-0.0048066000000000003,0.0120527,-0.034487500000000004,-0.001787299999999999,0.0040347999999999998,0.0239014,0.021543800000000002,-0.086509599999999992,-0.0099121000000000001,-0.041004699999999998,0.018298799999999997,0.012766899999999999,0.00037360000000000008,-0.0012788999999999993,0.0157149,0.0025570999999999997,0.0009480999999999999,-0.016787199999999999,0.0072617000000000003,0.0032391,-0.0050637000000000008,0.0028910999999999997,0.0078668999999999996,-0.013183599999999998,0.0052589999999999998,0.003101,0.0040718000000000004,-0.0096614999999999999,-0.0021013000000000004,0.016309500000000001,-0.0106482,0.00010170000000000057,-0.017189900000000001,-0.012652799999999999,0.012417399999999999,-0.0060353000000000004,-0.00068920000000000049,0.0089998000000000005,-0.0017804999999999991,0.0074069000000000001,-0.002076999999999999,-0.00035329999999999953,0.010232300000000001,-0.0090604999999999991,0.0096479999999999986,0.0013949000000000001,-0.0015167999999999998,-0.0031221,0.0098695999999999992,-0.0064032999999999998,-0.0070879999999999988,-0.0045832000000000008,0.0070172999999999998,-0.00075380000000000022,-0.0012056999999999997,0.0059062000000000003,0.0084531999999999993,0.0043571,-0.004278800000000001,0.0060730000000000003,-0.0006464000000000001,0.0027879000000000003,-0.0069892000000000001,0.020703699999999998,-0.0079115999999999995,-0.0014166999999999999,0.0046850999999999993,-0.0031784999999999999,0.0022442999999999999,-0.00096209999999999959,-0.0080079000000000001,0.0069024000000000004,0.00011339999999999961,-0.0014593999999999998,-0.0046168000000000008,-0.014698600000000001,0.00018370000000000018,-0.0036662999999999999,-0.0010835999999999997,-0.0025679999999999991,0.0054557,0.0033649999999999999,-1.4400000000000187e-05,0.0002840000000000004,0.00058429999999999995,0.0015319999999999999,0.0010083,-0.0041335,-0.0035016999999999991,0.00025799999999999998,-0.0043175999999999996,-0.0026078,0.0050873999999999997,-0.0014846,0.0027187999999999999,0.0035436999999999999,-0.0028853000000000004,-0.0015517000000000003,-0.0057510000000000009,-0.00085239999999999958,0.00011129999999999972,-0.0058393000000000004,0.0013975000000000003,0.0080864999999999999,0.0019370999999999998,0.0036879999999999994,-0.0023849999999999995,-0.0050302000000000003,-0.0034777000000000002,-0.0054411000000000008,-0.0028406000000000004,0.0065896000000000001,-0.0028191999999999987,0.012,0.0030430000000000006,-0.0118511,0.0035714000000000006,0.012341300000000001,-0.0061655999999999994,0.0022918000000000001,0.0045246000000000001,-0.0059106000000000002,-0.0028811000000000002,-0.021828399999999998,0.009637699999999999,0.0032071000000000005,0.0029633000000000003,0.013020299999999999,-0.0040750000000000005,-0.0019624999999999998,0.0018557000000000001,-0.00060260000000000001,-0.0038576999999999995,0.0018641999999999999,0.0030588,-0.0018176000000000002,-0.0027109999999999999,0.00019860000000000006,0.0020969000000000001,-0.0035644000000000001,-0.003343099999999999,-0.001585,0.0017730999999999997,-0.0047635000000000004,-0.0018070999999999999,0.00095099999999999991,0.0036761000000000003,0.00063899999999999981,0.00041949999999999995,-0.00047160000000000019,-0.0046543000000000001,-0.0023968999999999996,0.0044415999999999995,0.0041754999999999995,0.0034695000000000004,0.0056558999999999993,0.0055825999999999992,-0.0044557000000000008,-0.0033801,-0.0084557999999999994,6.7100000000000059e-05,0.00014849999999999976,0.0017528000000000001,0.0088109,0.0033806000000000001,0.0020267999999999996,-0.0032446999999999997,-0.0015158999999999993,0.0017136000000000005,0.0028570999999999996,0.00092940000000000004,0.0039277000000000001,0.00085869999999999978,-0.00029409999999999994,-0.0025009999999999993,-0.0053638999999999996,0.0036699999999999997,-0.0046159000000000009,-0.0019852999999999993,-0.0056528999999999998,0.0025812999999999999,-0.0031064999999999999,-0.00077479999999999997,-0.0010694000000000001,0.001403,0.00023809999999999985,-0.00043129999999999997,0.00093339999999999981,-0.00068149999999999981,-0.0022745,0.00087749999999999981,0.0007390999999999997,-0.0013527999999999999,0.00061180000000000013,-0.0018567000000000002,0.00067739999999999999,0.0025268999999999999,-0.0012241000000000005,0.00069570000000000005,0.0007830999999999999,-0.00024380000000000029,0.0016449999999999998,0.0010514999999999999,-0.0040801000000000006,0.0011345000000000001,0.0022298000000000001,0.0016776999999999999,-0.00029490000000000007,0.00096590000000000001,0.0066692999999999995,0.0031367999999999999,-0.0016294999999999999,0.0009605000000000002,-0.0056249999999999998,-0.0017522,0.0071797000000000007,-0.0029391999999999999,0.0027751,0.0014117000000000003,0.00040299999999999993,-0.0021706,-0.0010078999999999999,-0.0032135999999999996,0.0041437000000000002,-0.00028379999999999985,-0.00015689999999999996,0.0029424,-0.0035017999999999998,-0.0009193999999999999,0.0017392000000000006,-0.0054686999999999999,-8.0800000000000012e-05,-0.0013732999999999992,0.0041238000000000004,0.0027250999999999998,-0.0122328,-0.0020465000000000006,-0.00033249999999999995,0.00080749999999999984,0.0014417000000000002,-0.00084820000000000034,0.0008231,-0.0014154999999999997,0.0022903000000000003,0.0011144000000000002,-0.00079660000000000006,0.0023982999999999999,0.0010185000000000001,-0.00021740000000000003,0.00065190000000000018,-0.0010755999999999999,-0.00071999999999999994,-0.00060449999999999989,-0.0014151999999999999,0.0013319999999999999,0.0010844000000000001,-0.00050639999999999995,-0.0011122,0.00056559999999999998,0.0016655999999999999,-0.0013918000000000001,-0.0012872000000000003,0.0006845000000000001,0.002202,-0.00067650000000000023,-0.00034870000000000007,-0.0025850999999999999,-0.001498,-0.0013860999999999999,-0.0019412999999999998,-0.00019359999999999994,-0.00067549999999999989,0.00030740000000000005,0.0019255000000000001,0.0017895999999999999,-0.0027040000000000002,0.00093760000000000002,0.00062639999999999983,0.00038799999999999989,0.0041837999999999997,0.0024853000000000006,0.0041278,-0.0006965000000000005,-0.0022998000000000003,-0.00017360000000000021,-0.0031992999999999995,0.0022499999999999998,0.0027977999999999996,-0.0015389000000000002,-0.0016609999999999999,0.00097390000000000063,-0.0039278999999999998,0.0011957000000000001,-0.00029620000000000004,0.0072169000000000001,0.0079560000000000013,-0.0030950999999999999,0.0031221999999999999,-0.0069381,-0.0019261,0.0011306999999999999,0.00034410000000000007,-0.00064539999999999975,0.0016587999999999998,-0.0016640000000000001,0.0010466999999999998,-0.0019693999999999996,0.00041989999999999996,0.0002265999999999999,-0.0029078999999999997,0.0016549000000000002,-0.00036610000000000006,-0.00022710000000000002,-0.0018920999999999999,0.0020363000000000004,-0.0018322999999999998,-0.00059139999999999996,-0.0033988999999999998,0.0015560000000000001,-0.0009297000000000001,-0.00044649999999999996,-0.00073800000000000027,1.2800000000000121e-05,-8.1699999999999872e-05,0.0023142999999999992,-0.0011754999999999999,-0.00071649999999999991,0.0018793999999999998,-0.0014106000000000001,0.0028887000000000001,-0.00090039999999999999,8.2000000000000042e-05,0.00041899999999999978,0.0052043999999999997,-0.00098019999999999965,-0.00016740000000000006,0.0014303,-0.0025228,0.0032609000000000002,-0.0019060000000000001,0.00039729999999999974,0.00059960000000000005,-0.00014830000000000003,0.0015141999999999998,0.0012037000000000003,-0.0020088999999999997,8.3100000000000014e-05,0.0001133000000000001,0.0021553000000000006,-6.2299999999999942e-05,-0.0031417999999999993,0.0024202,0.0033519000000000001,-0.0022928000000000002,-0.00032659999999999997,0.00061709999999999998,0.00038139999999999995,0.0007291,-0.0024130999999999992,0.0023844999999999999,0.00047300000000000011,-0.0014736,0.0024878999999999999,0.00074629999999999965,-0.00069080000000000009,-0.0030662999999999997,-0.0023083000000000001,0.0025827000000000007,-0.00094879999999999997,0.00046549999999999998,0.00016540000000000006,0.00040700000000000003,-0.0011301999999999998,-0.00021710000000000002,-0.0017006000000000002,-0.00054640000000000016,0.00023780000000000009,0.0016119999999999997,-0.0016352000000000001,-0.0019206000000000002,0.00063830000000000007,-0.0019153,0.00064129999999999992,-0.00085379999999999994,0.0014924999999999999,-0.0014688000000000001,0.0011004000000000001,-7.1799999999999956e-05,8.4699999999999999e-05,-0.0011026999999999996,-0.00092630000000000013,0.00024439999999999987,0.0013633,-8.9199999999999783e-05,0.00019850000000000033,-0.00022330000000000006,-0.00063890000000000008,0.0014710999999999999,-0.00079880000000000012,-0.0002251000000000001,-0.0011148,0.0025230999999999999,0.00070199999999999993,0.0016035000000000001,0.00089159999999999977,-0.00021979999999999998,-0.0003481,1.7399999999999989e-05,-0.0013283999999999995,0.0010143999999999999,-0.00010120000000000002,0.0041704000000000003,-0.00045840000000000014,-0.0018211,0.0016002,-0.001745,-0.0019495000000000001,-0.0021315000000000001,0.0020344999999999999,-0.00045469999999999994,0.00065549999999999983,-0.0032563000000000002,0.00034610000000000034,-0.0024326999999999999,-0.00092039999999999993,-0.0012160000000000001,-0.00076879999999999993,0.0025935999999999997,0.00067659999999999964,0.0021022999999999997,-0.00076819999999999992,-0.0013586,-0.00087009999999999995,0.0021770000000000001,0.0029046999999999996,0.0028118999999999996,-0.00017420000000000001,0.0015998000000000002,0.0020373000000000001,-0.0065826999999999995,-0.0014939,-0.0062877999999999996,0.0023987999999999991,0.00082780000000000006
aug_between_class_right_pair0038_child07,TLE,1,1,Augmented,0,0,0,0,0,0.28025660000000002,2.0096356000000002,7.9999999999999996e-07,-1.9999999999999999e-07,0,0.84537700000000005,0,0.027355600000000001,-0.1461316,0.035575200000000001,0.10834959999999999,-0.10340200000000001,0.076920999999999989,-0.012142999999999999,-0.0084390000000000021,-0.023740999999999998,-0.058272399999999995,0.35330860000000003,-0.086844999999999992,0.037000400000000003,0.004364800000000002,0.0054213999999999998,-0.022105400000000001,0.0034211999999999997,-0.035567399999999999,0.033592399999999994,0.0058763999999999969,-0.053410800000000001,-0.0020759999999999993,-0.078159599999999996,0.013465599999999999,0.0478634,-0.0476462,0.024982200000000003,-0.0163716,-0.039769799999999994,0.027477399999999999,-0.067141400000000004,-0.0090411999999999923,0.084103600000000001,-0.016735800000000002,0.1943028,-0.069367999999999999,0.0013309999999999989,-0.0088409999999999999,-0.0029240000000000004,-0.0215804,0.012435400000000003,0.039458199999999999,-0.0046455999999999997,-0.0041340000000000005,-0.0212228,-0.0072040000000000003,0.0287706,0.021984,0.021928400000000001,0.016586799999999999,-0.0137806,-0.0053924000000000012,0.011956799999999998,-0.033931000000000003,-0.0037572,0.0044501999999999996,0.025445600000000002,0.021338200000000002,-0.086465399999999998,-0.012612400000000003,-0.039452799999999996,0.02044420000000001,0.013480599999999999,0.0003034,-0.0018965999999999998,0.0151856,0.0031784000000000001,0.00072239999999999978,-0.017893800000000001,0.0071957999999999996,0.0033433999999999998,-0.0043207999999999996,0.0033473999999999999,0.0078565999999999983,-0.012460399999999998,0.0058400000000000006,0.0031480000000000002,0.0034191999999999998,-0.010015000000000001,-0.0011491999999999995,0.016831000000000002,-0.010192799999999998,0.00018980000000000039,-0.017837599999999999,-0.013118199999999998,0.0131036,-0.0052941999999999998,-0.00026579999999999963,0.0081231999999999988,-0.0010069999999999975,0.0080336000000000001,-0.003140999999999998,-0.00019320000000000014,0.0084571999999999998,-0.0080559999999999989,0.010995999999999999,0.0011685999999999997,-0.0013682,-0.0035044000000000004,0.0099543999999999987,-0.0065692000000000007,-0.0074819999999999999,-0.0048448000000000007,0.0071631999999999998,-0.0004331999999999999,-0.00028079999999999945,0.0058328,0.0086227999999999999,0.0044364000000000001,-0.0042432000000000008,0.0059900000000000005,-0.0002915999999999995,0.0025055999999999998,-0.0068867999999999993,0.021550799999999998,-0.0082363999999999996,-0.0021877999999999997,0.0041764000000000003,-0.0034980000000000002,0.0015391999999999995,-0.00057240000000000069,-0.0088236000000000009,0.0072376000000000003,-0.0006513999999999999,-0.0023736000000000004,-0.0041272000000000001,-0.016091400000000002,0.00058680000000000104,-0.0037642000000000005,-0.00071039999999999992,-0.0036120000000000006,0.0061858000000000008,0.0029289999999999993,0.00033140000000000014,-0.00029600000000000026,0.00070720000000000017,0.0015350000000000001,0.00088719999999999988,-0.0037450000000000001,-0.0040007999999999997,0.00042400000000000033,-0.0045263999999999999,-0.0027041999999999999,0.0047585999999999991,-0.0017653999999999994,0.0026941999999999999,0.0038668000000000001,-0.0028952000000000001,-0.0014918000000000002,-0.0053620000000000004,-0.0012735999999999999,0.00048520000000000052,-0.0061002000000000001,0.0011199999999999995,0.0081029999999999991,0.0023963999999999999,0.0040629999999999998,-0.0027990000000000003,-0.0049528000000000003,-0.0037898000000000003,-0.0052823999999999996,-0.0027613999999999998,0.0066994000000000003,-0.0040657999999999996,0.011981,0.0024779999999999997,-0.0120354,0.0035686000000000008,0.012309200000000001,-0.0064943999999999983,0.0020431999999999998,0.0045853999999999999,-0.0056133999999999993,-0.0038434000000000003,-0.023749600000000003,0.011218800000000001,0.0029204000000000001,0.0029382000000000002,0.0146102,-0.0036439999999999997,-0.0019580000000000001,0.0015587999999999999,-0.00066839999999999998,-0.0039697999999999999,0.0021478000000000001,0.0028511999999999999,-0.0016233999999999999,-0.0030300000000000001,-1.5600000000000162e-05,0.0019865999999999998,-0.0035116000000000001,-0.0033783999999999993,-0.0012260000000000001,0.0017384,-0.0050779999999999992,-0.0019683999999999999,0.0011640000000000001,0.0039514000000000007,0.00074300000000000017,0.00064300000000000013,-0.00033540000000000002,-0.0046751999999999991,-0.0020425999999999995,0.0045554000000000002,0.0041069999999999995,0.003862,0.0061766,0.0057203999999999996,-0.0047918000000000006,-0.0034094000000000004,-0.0092682000000000007,0.00039040000000000038,9.7999999999999997e-05,0.0015681999999999998,0.0083765999999999997,0.0033473999999999995,0.0020682000000000001,-0.0039018000000000004,-0.0026476000000000013,0.0012913999999999994,0.0035034000000000003,0.0007896,0.0041288000000000002,0.0013628000000000002,-0.00063840000000000012,-0.0027810000000000001,-0.005411599999999999,0.0037749999999999997,-0.0040825999999999996,-0.0023562000000000001,-0.0058726000000000004,0.0026862000000000001,-0.0031099999999999999,-0.00086319999999999995,-0.00088860000000000002,0.0014469999999999997,0.00052440000000000028,-0.00056920000000000017,0.0010386000000000002,-0.00093500000000000007,-0.002163,0.0010870000000000003,0.00098440000000000029,-0.0015002000000000001,0.00021319999999999971,-0.0017137999999999999,0.00053159999999999991,0.0025155999999999998,-0.0014614000000000007,0.00065880000000000018,0.00099640000000000015,0.00026780000000000022,0.0015179999999999998,0.0011789999999999999,-0.0039284000000000003,0.0012160000000000001,0.0017551999999999997,0.0018647999999999998,-5.7599999999999882e-05,0.00096560000000000027,0.0067552000000000003,0.0036992000000000006,-0.0018420000000000001,0.00071999999999999994,-0.0058469999999999998,-0.0016357999999999998,0.0074318000000000006,-0.0033948000000000003,0.0030693999999999999,0.00099479999999999989,0.00028699999999999993,-0.0024343999999999998,-0.0013826000000000003,-0.0035774000000000001,0.0039708,7.8000000000005149e-06,-0.00037160000000000014,0.0037925999999999997,-0.004225200000000001,-0.0001935999999999995,0.0011797999999999999,-0.0059938000000000005,-0.00035320000000000013,-0.0020772000000000013,0.0039011999999999996,0.0026233999999999997,-0.012215200000000001,-0.0025199999999999997,-0.00052900000000000006,0.00086499999999999999,0.0014978000000000001,-0.00070479999999999978,0.00071640000000000007,-0.0017450000000000002,0.0022602000000000004,0.0012436000000000001,-0.00079940000000000002,0.0027932000000000005,0.00093899999999999995,-0.00016959999999999995,0.0003305999999999998,-0.0010183999999999998,-0.00075899999999999991,-0.00086900000000000009,-0.0015968000000000002,0.0016170000000000002,0.0010656000000000001,-0.00049160000000000002,-0.0011797999999999999,0.0006424,0.0013643999999999998,-0.0015102000000000002,-0.00090779999999999995,0.00055899999999999993,0.0019220000000000001,-0.00049799999999999996,-0.00026079999999999994,-0.0023974000000000001,-0.0014189999999999999,-0.0015304000000000001,-0.0020931999999999999,-0.00017940000000000013,-0.00075599999999999994,0.00048660000000000006,0.0018550000000000001,0.0018534000000000001,-0.0024449999999999997,0.0007584,0.00071460000000000002,0.00048399999999999995,0.0046052000000000003,0.0021322000000000003,0.0041662000000000001,-0.0013340000000000005,-0.0020752000000000001,4.8600000000000016e-05,-0.0034022000000000002,0.0027650000000000005,0.0025612,-0.0015576000000000006,-0.0019660000000000003,0.00038259999999999987,-0.0044806000000000012,0.00097679999999999946,-0.0001787999999999999,0.0079306000000000012,0.0079129999999999999,-0.0030164000000000002,0.0034038000000000002,-0.0079463999999999993,-0.0021644000000000004,0.0013248000000000001,0.0002454,-0.00082260000000000015,0.0018322,-0.0017630000000000002,0.0010558,-0.0021936,0.00042060000000000003,0.00033540000000000002,-0.0031086,0.0015275999999999998,-0.00016639999999999987,-0.00067440000000000013,-0.0017983999999999999,0.0022282000000000005,-0.0022442,-0.00078760000000000006,-0.0034085999999999999,0.0014319999999999999,-0.00077480000000000008,-0.00048200000000000001,-0.00065600000000000001,-0.00018580000000000007,-0.00032480000000000009,0.0028601999999999994,-0.0012260000000000001,-0.0008830000000000001,0.0021746000000000001,-0.0013054,0.0030017999999999998,-0.00085759999999999992,0.00011300000000000009,0.00069200000000000012,0.0056116000000000004,-0.0012407999999999998,-3.1600000000000009e-05,0.0014821999999999999,-0.0025911999999999997,0.0034346000000000003,-0.0019570000000000004,0.00072619999999999998,0.00064940000000000006,-0.00010019999999999994,0.0017997999999999998,0.0010777999999999999,-0.0021665999999999999,-4.6000000000000847e-06,-5.9800000000000044e-05,0.0023062000000000004,-9.7200000000000032e-05,-0.0035902,0.0027118000000000003,0.0034765999999999998,-0.0022821999999999999,-0.00045539999999999996,0.00040239999999999986,0.00043959999999999995,0.00079740000000000008,-0.0030723999999999999,0.0025230000000000001,0.0001839999999999997,-0.0014134,0.0025146000000000001,0.00084319999999999968,-0.00030319999999999956,-0.0032451999999999997,-0.0024981999999999999,0.0017807999999999999,-0.00075219999999999974,0.00054199999999999995,0.00010459999999999999,0.00046199999999999995,-0.0014148000000000003,-0.00011339999999999994,-0.0015854,-0.0004416,0.00010919999999999994,0.001828,-0.0019268000000000002,-0.0018263999999999999,0.00061119999999999989,-0.0021552000000000003,0.00073520000000000009,-0.00076619999999999998,0.001681,-0.0014721999999999999,0.0011165999999999999,-6.02e-05,0.00015680000000000007,-0.0014738000000000002,-0.00076019999999999994,0.00035459999999999984,0.0013611999999999999,-0.00016579999999999991,0.00022600000000000007,-0.00016520000000000011,-0.00071660000000000007,0.0012303999999999998,-0.00078420000000000009,-0.00049440000000000031,-0.00098019999999999986,0.0027954000000000008,0.00057499999999999999,0.0015020000000000001,0.00091540000000000002,-0.00028019999999999998,-0.00035940000000000001,-6.3399999999999915e-05,-0.0016835999999999997,0.00094059999999999999,-2.8799999999999995e-05,0.0044755999999999997,-9.5999999999997997e-06,-0.0022814000000000003,0.0017408,-0.0016069999999999999,-0.001983,-0.0023370000000000001,0.0020020000000000003,-0.00057780000000000006,0.00088499999999999994,-0.0032601999999999996,-3.9599999999999878e-05,-0.0026508,-0.0009456,-0.0010049999999999998,-0.0010262000000000001,0.0028844000000000001,0.0012944,0.0024702000000000005,-0.0013898000000000003,-0.0013503999999999999,-0.00078640000000000003,0.0022060000000000001,0.0032697999999999998,0.0030766000000000001,0.00022720000000000021,0.0015182000000000001,0.0018322000000000002,-0.0072458000000000002,-0.0018886,-0.0071692000000000014,0.0028852000000000014,0.00061119999999999989
aug_between_class_right_pair0038_child08,TLE,1,1,Augmented,0,0,0,0,0,0.27558579999999999,2.0220918000000001,8.9999999999999996e-07,-9.9999999999999995e-08,0,0.83960100000000004,0,0.028096300000000001,-0.14763880000000001,0.031820099999999997,0.1072438,-0.1046825,0.074563999999999991,-0.012829,-0.0082760000000000004,-0.021149000000000001,-0.0588307,0.35849829999999999,-0.080462499999999992,0.038256200000000004,0.0032089000000000145,0.0034716999999999994,-0.022761200000000002,0.004145600000000001,-0.035637699999999994,0.034268699999999999,0.0040521999999999989,-0.051634899999999997,-0.0013920000000000004,-0.078252799999999997,0.0140523,0.048594200000000004,-0.047784099999999996,0.026548099999999998,-0.018781800000000001,-0.0394674,0.0273032,-0.068346699999999996,-0.0082001000000000018,0.082207299999999997,-0.019373899999999999,0.1942064,-0.068195000000000006,0.00065899999999999986,-0.0093324999999999988,-0.0035990000000000002,-0.0218677,0.013726200000000001,0.038876100000000004,-0.0041187999999999997,-0.0044240000000000008,-0.021128900000000003,-0.0056610000000000011,0.029672299999999999,0.022228499999999998,0.0219052,0.0156629,-0.0137123,-0.0059782000000000012,0.011860899999999999,-0.033374500000000001,-0.0057270999999999989,0.0048655999999999994,0.026989799999999998,0.021132600000000001,-0.08642119999999999,-0.015312700000000002,-0.037900900000000001,0.022589600000000001,0.0141943,0.00023319999999999995,-0.0025143000000000001,0.014656300000000001,0.0037997,0.00049669999999999966,-0.019000400000000001,0.0071298999999999998,0.0034477000000000002,-0.0035778999999999997,0.0038037000000000001,0.0078463000000000005,-0.0117372,0.0064209999999999996,0.0031949999999999995,0.0027666000000000001,-0.010368500000000001,-0.00019709999999999867,0.0173525,-0.0097374000000000002,0.0002779000000000002,-0.0184853,-0.013583600000000001,0.0137898,-0.0045531,0.0001576000000000008,0.0072465999999999989,-0.00023349999999999933,0.0086602999999999992,-0.0042050000000000004,-3.3099999999999883e-05,0.0066821000000000033,-0.0070514999999999996,0.012343999999999999,0.00094229999999999987,-0.0012195999999999999,-0.0038867000000000003,0.0100392,-0.0067350999999999999,-0.0078759999999999993,-0.0051064000000000005,0.0073090999999999998,-0.00011260000000000003,0.00064409999999999988,0.0057594000000000005,0.0087923999999999988,0.0045157000000000001,-0.0042076000000000006,0.0059069999999999999,6.3200000000000235e-05,0.0022233000000000001,-0.0067843999999999995,0.022397899999999998,-0.008561199999999998,-0.0029589,0.0036677000000000003,-0.0038175000000000001,0.00083409999999999951,-0.00018269999999999918,-0.0096393,0.0075728000000000002,-0.0014161999999999994,-0.0032878,-0.0036376000000000004,-0.017484200000000002,0.00098990000000000015,-0.0038621000000000011,-0.00033720000000000017,-0.0046559999999999995,0.0069158999999999991,0.0024929999999999996,0.00067719999999999998,-0.00087600000000000004,0.00083009999999999974,0.0015380000000000001,0.00076609999999999992,-0.0033564999999999992,-0.0044999000000000003,0.00059000000000000025,-0.0047352000000000002,-0.0028005999999999999,0.0044297999999999994,-0.0020462000000000002,0.0026696000000000003,0.0041898999999999999,-0.0029050999999999999,-0.0014319000000000001,-0.004973,-0.0016947999999999998,0.00085910000000000001,-0.0063611000000000006,0.00084249999999999993,0.0081195,0.0028557000000000001,0.0044379999999999992,-0.0032130000000000001,-0.0048754000000000002,-0.0041019000000000003,-0.0051237000000000001,-0.0026822,0.0068091999999999996,-0.0053123999999999984,0.011962,0.0019129999999999998,-0.0122197,0.0035658,0.012277100000000001,-0.0068231999999999989,0.0017945999999999999,0.0046462000000000005,-0.0053162000000000001,-0.0048057000000000004,-0.025670800000000001,0.012799899999999999,0.0026337000000000001,0.0029131000000000001,0.016200100000000002,-0.0032130000000000001,-0.0019534999999999999,0.0012618999999999998,-0.00073419999999999996,-0.0040818999999999994,0.0024314000000000002,0.0026435999999999999,-0.0014291999999999998,-0.003349,-0.00022979999999999995,0.0018763,-0.0034588000000000002,-0.0034136999999999995,-0.00086699999999999993,0.0017037,-0.0053924999999999997,-0.0021297,0.001377,0.0042267000000000016,0.0008470000000000001,0.00086650000000000019,-0.00019919999999999964,-0.0046960999999999999,-0.0016882999999999998,0.0046692000000000001,0.0040384999999999996,0.0042545000000000005,0.0066972999999999998,0.0058581999999999992,-0.0051279000000000003,-0.0034386999999999998,-0.010080600000000002,0.00071370000000000027,4.7499999999999799e-05,0.0013836,0.0079422999999999994,0.0033142000000000007,0.0021095999999999992,-0.0045589000000000003,-0.0037793000000000006,0.00086919999999999923,0.0041497000000000001,0.00064979999999999986,0.0043299000000000002,0.0018668999999999999,-0.00098269999999999998,-0.0030609999999999999,-0.0054593000000000003,0.0038799999999999998,-0.0035493,-0.0027271000000000001,-0.0060923000000000001,0.0027911000000000004,-0.0031134999999999999,-0.00095159999999999993,-0.00070779999999999997,0.0014909999999999999,0.00081070000000000014,-0.0007071,0.0011437999999999999,-0.0011884999999999999,-0.0020514999999999999,0.0012964999999999999,0.0012297,-0.0016475999999999999,-0.00018540000000000028,-0.0015709000000000001,0.00038579999999999995,0.0025042999999999997,-0.0016987,0.00062189999999999988,0.0012097000000000002,0.00077940000000000019,0.0013909999999999999,0.0013064999999999999,-0.0037767,0.0012975,0.0012805999999999998,0.0020518999999999997,0.00017970000000000006,0.0009653000000000001,0.0068411000000000001,0.0042615999999999999,-0.0020544999999999999,0.00047950000000000011,-0.0060689999999999997,-0.0015194,0.0076839000000000005,-0.0038503999999999999,0.0033637000000000003,0.00057790000000000011,0.00017099999999999993,-0.0026982,-0.0017573000000000003,-0.0039412000000000006,0.0037979000000000003,0.00029940000000000045,-0.0005863000000000001,0.0046428000000000007,-0.0049486,0.00053220000000000047,0.00062040000000000012,-0.0065188999999999993,-0.00062560000000000003,-0.0027811000000000016,0.0036785999999999998,0.0025217,-0.012197599999999999,-0.0029934999999999996,-0.00072550000000000002,0.00092249999999999993,0.0015539,-0.00056139999999999966,0.00060969999999999991,-0.0020745,0.0022301000000000001,0.0013728000000000002,-0.00080220000000000009,0.0031881000000000001,0.00085950000000000002,-0.00012180000000000003,9.2999999999998466e-06,-0.00096119999999999995,-0.00079799999999999988,-0.0011335,-0.0017784000000000001,0.001902,0.0010468000000000001,-0.00047679999999999999,-0.0012474000000000001,0.00071920000000000003,0.0010632,-0.0016286,-0.00052840000000000005,0.00043349999999999997,0.0016419999999999998,-0.00031950000000000012,-0.00017290000000000006,-0.0022096999999999998,-0.00134,-0.0016747000000000001,-0.0022450999999999999,-0.00016520000000000011,-0.0008364999999999999,0.00066580000000000003,0.0017845000000000001,0.0019172000000000002,-0.002186,0.00057919999999999998,0.0008028,0.00058,0.0050265999999999991,0.0017790999999999998,0.0042046000000000002,-0.0019715000000000002,-0.0018506,0.00027080000000000002,-0.0036051,0.0032800000000000012,0.0023245999999999996,-0.0015763000000000001,-0.002271,-0.00020870000000000003,-0.005033300000000001,0.00075789999999999961,-6.1399999999999975e-05,0.0086443000000000006,0.0078700000000000003,-0.0029376999999999997,0.0036854000000000001,-0.0089547000000000029,-0.0024027000000000002,0.0015188999999999999,0.00014670000000000004,-0.00099979999999999991,0.0020055999999999997,-0.0018620000000000004,0.0010649000000000001,-0.0024177999999999999,0.00042129999999999999,0.00044419999999999996,-0.0033093000000000003,0.0014003000000000002,3.3299999999999996e-05,-0.0011217000000000002,-0.0017047,0.0024201000000000005,-0.0026560999999999998,-0.00098380000000000017,-0.0034182999999999996,0.0013079999999999999,-0.00061990000000000005,-0.00051749999999999995,-0.00057399999999999997,-0.00038440000000000002,-0.00056789999999999998,0.0034060999999999996,-0.0012765000000000001,-0.0010495000000000001,0.0024698000000000003,-0.0012002,0.0031148999999999999,-0.00081479999999999996,0.00014400000000000003,0.00096500000000000004,0.0060188000000000004,-0.0015014,0.00010419999999999998,0.0015341,-0.0026595999999999998,0.0036083,-0.0020080000000000002,0.0010551,0.00069919999999999987,-5.2099999999999965e-05,0.0020854000000000003,0.00095189999999999988,-0.0023242999999999996,-9.2300000000000075e-05,-0.00023289999999999997,0.0024571000000000003,-0.00013210000000000001,-0.0040385999999999998,0.0030034000000000003,0.0036013,-0.0022715999999999999,-0.00058419999999999978,0.0001876999999999999,0.00049779999999999996,0.00086569999999999995,-0.0037316999999999988,0.0026614999999999998,-0.00010500000000000006,-0.0013532000000000001,0.0025412999999999998,0.0009400999999999997,8.4400000000000967e-05,-0.0034241000000000007,-0.0026880999999999997,0.0009789,-0.00055559999999999995,0.00061850000000000002,4.3800000000000035e-05,0.0005170000000000001,-0.0016994000000000002,-9.6999999999999647e-06,-0.0014702000000000001,-0.00033679999999999995,-1.9399999999999984e-05,0.0020439999999999998,-0.0022184000000000001,-0.0017322000000000001,0.00058409999999999994,-0.0023951000000000003,0.00082910000000000015,-0.00067860000000000012,0.0018694999999999999,-0.0014756000000000001,0.0011328,-4.8599999999999989e-05,0.00022890000000000003,-0.0018449,-0.00059409999999999997,0.00046479999999999991,0.0013590999999999998,-0.00024239999999999993,0.00025350000000000025,-0.00010709999999999995,-0.00079430000000000006,0.00098969999999999982,-0.00076960000000000006,-0.00076370000000000008,-0.00084560000000000006,0.0030677000000000005,0.00044799999999999994,0.0014005000000000001,0.00093920000000000006,-0.00034059999999999993,-0.00037070000000000001,-0.00014419999999999993,-0.0020387999999999995,0.00086680000000000004,4.3599999999999976e-05,0.0047808000000000008,0.00043920000000000016,-0.0027417000000000001,0.0018814000000000001,-0.0014689999999999998,-0.0020165000000000001,-0.0025425000000000001,0.0019695000000000008,-0.00070089999999999996,0.0011145,-0.0032641000000000002,-0.00042529999999999977,-0.0028688999999999997,-0.00097079999999999996,-0.00079399999999999968,-0.0012836000000000002,0.0031751999999999996,0.0019122000000000004,0.0028381000000000005,-0.0020114000000000009,-0.0013422,-0.0007026999999999999,0.002235,0.0036348999999999999,0.0033412999999999997,0.00062860000000000021,0.0014366000000000001,0.0016271000000000002,-0.0079089,-0.0022833000000000003,-0.0080505999999999998,0.0033716000000000002,0.00039459999999999989
aug_between_class_right_pair0039_child01,Healthy,0,0,Augmented,0,0,0,0,0,0.28433010000000003,1.9418792999999999,-1.7999999999999999e-06,-9.9999999999999995e-08,-8.9999999999999975e-07,0.93751549999999995,0,0.033821200000000003,-0.1382476,0.039557299999999997,0.064596600000000004,-0.044697200000000006,0.066345999999999988,0.016351899999999999,0.0092509000000000011,-0.028616700000000002,-0.081606399999999996,0.32463350000000002,-0.090523699999999999,-0.013828,0.074027999999999997,0.00062729999999999947,-0.014022,-0.0012778999999999998,-0.053227700000000003,0.010874,0.039498399999999996,-0.045738399999999999,0.0056971000000000001,-0.093772099999999997,0.023532400000000002,0.036496399999999998,-0.0153758,0.019935000000000001,0.021648300000000002,-0.036066000000000001,0.031832600000000003,-0.060122800000000004,-0.047664900000000003,0.10534689999999999,-0.024392799999999999,0.18971210000000002,-0.045154899999999998,0.0074343999999999999,-0.00017460000000000002,-0.0012158999999999989,-0.027130700000000001,-0.00056420000000000081,0.0266161,-0.0036703999999999999,-0.0047624999999999994,-0.019684299999999998,-0.020691000000000001,0.0081677999999999994,0.016153000000000001,0.028273599999999999,0.015903800000000003,0.0001804000000000007,-0.0049339999999999992,0.0137503,-0.040293700000000002,0.0015321,-0.0034420000000000002,0.0001215000000000003,0.040131300000000002,-0.081547800000000004,0.002768399999999999,-0.027229699999999999,-0.027514900000000002,0.0084896999999999993,-0.00063500000000000026,4.9100000000000001e-05,0.017236499999999998,0.0111676,0.0023603999999999995,-0.0172531,0.0062997999999999995,0.0096579000000000005,-0.0057207999999999998,0.0050096000000000012,0.0034900999999999999,-0.016086199999999998,-0.0051745999999999997,0.0078880000000000009,0.0088626999999999994,-0.0025582000000000001,-0.0180173,0.025773000000000001,-0.013466500000000001,-0.0057608999999999994,-0.0001077000000000005,-0.014340399999999998,0.0067095000000000002,-0.0117623,0.0017366000000000005,0.0113969,-0.015543099999999999,-0.0056656999999999992,0.022741500000000001,-0.005240400000000001,0.031614299999999998,-0.0019206999999999991,0.0075350000000000018,-0.00076859999999999993,-0.00077490000000000002,-0.0044419000000000004,0.0127586,-0.0019671000000000003,-0.0037228999999999999,0.0017472,0.0036882,-0.0057596999999999995,-0.0015501999999999998,0.0015320000000000004,0.0141467,0.0052469999999999999,-0.0012307999999999998,0.0118385,-0.0018879999999999999,0.001745,-0.0037653999999999999,0.0082077999999999995,0.00077320000000000036,-0.0035239000000000004,0.0080520000000000001,0.0019379999999999996,-0.0015430000000000001,-0.0052101000000000005,0.00065460000000000041,0.0058032999999999991,0.0045564999999999998,-0.0024983999999999996,-0.0031619999999999999,-0.015629400000000002,-0.0017941999999999997,-0.0075589999999999997,-0.0125071,0.0037691000000000001,0.00055739999999999989,0.0051205000000000001,0.0041906000000000001,-0.0035040000000000002,0.00029569999999999998,0.0012294000000000001,0.0018119000000000002,0.00034590000000000001,0.0019845000000000002,-0.0057035000000000002,0.00071140000000000005,-0.0048516000000000002,0.0013132999999999999,-0.00051159999999999964,0.0029969000000000003,-0.0013363000000000003,-0.0013209000000000005,-0.0014852999999999999,-0.0053829000000000004,-0.0016269000000000001,-0.0017222000000000001,-0.0033414999999999999,-0.0030807,0.0057841999999999998,0.0015886000000000001,-0.0026586000000000001,-0.0016855000000000001,-0.0039798000000000004,-0.0027419000000000002,-0.0049302000000000009,-0.012290199999999999,0.0031931999999999998,0.00045349999999999991,0.0040783999999999994,0.0066718999999999997,-0.0057981999999999999,0.0065918000000000001,0.0064786999999999996,0.00042419999999999979,0.0012282999999999999,0.0099462000000000005,-0.0017421999999999997,0.0023023000000000002,-0.0180238,0.0014783000000000001,-0.00032479999999999987,-0.0122685,0.0074419999999999998,-0.0002113000000000002,-0.0023684999999999999,0.0024245000000000004,-0.00045699999999999994,-0.0028666,-0.0015725000000000001,0.0011412000000000002,0.00096249999999999981,-0.0027542000000000001,0.0023673000000000001,0.0027527999999999997,-0.0046166999999999996,0.002232200000000001,0.0029854000000000005,0.00032509999999999993,-0.0016632999999999999,0.0019123000000000002,0.0006713,0.0050681000000000007,-0.0033289000000000001,0.0011733000000000002,-0.0011050000000000001,-0.0038107000000000002,-0.0059617000000000003,0.0016555999999999999,0.0022545,4.6299999999999987e-05,0.0020728000000000001,7.9000000000000077e-05,0.0018445999999999996,-0.0041224000000000009,-0.0015008999999999999,-0.0011313,-0.0017981000000000002,0.00035479999999999995,0.0079530999999999994,-0.0035389999999999996,0.0010249,-0.00097590000000000003,0.0016886000000000002,-0.0049992999999999999,0.0030853999999999999,0.0022742999999999999,0.0097138999999999993,-0.00062859999999999978,0.0033188999999999996,0.0063820999999999999,-0.012959,0.0049697000000000005,-0.0075104999999999998,-0.0014339999999999995,-0.0036728999999999998,0.00057519999999999967,-0.0020493,0.0014345,-0.0015773000000000002,-0.0012784000000000001,-0.0021235,-0.0013492000000000003,0.00073010000000000024,-0.0017761999999999999,-0.0012869999999999999,0.00067960000000000004,0.00092679999999999976,-0.00063599999999999996,0.0022652999999999996,-0.0014401000000000001,-0.00027060000000000002,0.0025165000000000001,0.0042464,-0.0019801000000000003,-0.00018379999999999991,0.0017030999999999999,0.0028173000000000004,0.0032721,-0.0059950000000000003,0.0017771,0.00078370000000000002,-0.00096649999999999948,-0.0024842999999999996,0.0011668,0.0066290999999999997,0.0028242000000000002,0.0019671000000000003,0.00044919999999999986,-0.0041786000000000002,-0.0027174999999999999,0.0028517,0.00056320000000000003,0.0040816000000000003,1.9399999999999713e-05,0.0065386999999999997,-0.0030005000000000001,-0.0071958999999999999,-0.0015100999999999999,0.0014739000000000002,-0.0023240000000000001,0.0043526999999999993,0.0012621000000000004,-0.0025958000000000001,-0.0018508999999999997,-0.004291800000000001,-0.0020322999999999999,0.0013625999999999998,0.0079792999999999999,0.0028993999999999999,0.011020799999999999,-0.0061912,0.0044758999999999997,-0.0022545999999999998,0.00054379999999999999,-0.00011520000000000009,0.0057829000000000005,-0.00029090000000000002,-0.0013641,0.0021456000000000001,0.00082830000000000013,0.00032249999999999998,0.002029,-0.00064610000000000025,0.0028357999999999999,5.7799999999999779e-05,0.0015684000000000004,0.00099390000000000025,-0.0002419,0.0010401,0.001516,-0.00063110000000000011,-0.00061590000000000006,-0.0030698000000000001,0.0018858,-0.00030949999999999999,-0.00076609999999999992,-0.0018699999999999999,0.00095189999999999999,0.0044542999999999996,-0.0020005000000000001,-0.00016190000000000001,-0.0014187000000000002,-0.0028298000000000004,-0.00097170000000000004,-0.0028989999999999997,-0.0017909999999999998,0.0021065000000000003,0.0024582999999999996,0.00089090000000000003,0.0018554999999999999,-0.0034241000000000002,0.00093199999999999989,0.00070779999999999997,0.0010936000000000001,0.0010652000000000001,-0.0019321,0.0084802000000000002,0.00034279999999999988,-0.00015069999999999992,0.00013720000000000003,-0.0025396999999999998,-0.00019339999999999982,0.0036562000000000005,0.0025970000000000003,-0.0033480000000000003,-0.00099700000000000049,-0.0044118999999999998,0.0022308000000000002,-0.00030060000000000004,0.00036170000000000001,0.011465000000000001,-0.00037809999999999992,0.0033879000000000001,-0.0012963000000000002,-0.0044716000000000001,-0.00093589999999999993,0.00055680000000000009,0.00069489999999999992,0.0026679000000000004,-0.0010409000000000004,-0.0014643000000000002,6.5200000000000121e-05,0.00016689999999999999,-8.09999999999998e-06,-0.0010014999999999998,0.0014316999999999999,-0.0016121,-0.00055349999999999996,0.0012023000000000001,0.0014567,-0.00094620000000000001,0.00033089999999999997,-0.0031395000000000004,0.0020782000000000001,-0.0010288000000000001,-0.0013832000000000002,0.0017320999999999999,-0.0012323,0.00061110000000000005,0.00088130000000000001,0.00089849999999999988,1.3599999999999951e-05,0.0028787999999999999,-0.00078140000000000002,0.0032056000000000003,0.00091110000000000008,-0.00095579999999999992,0.001397,0.00041300000000000001,-0.00065580000000000011,0.00010099999999999996,0.00012809999999999992,-0.0023679999999999999,0.00033790000000000014,-0.0032155999999999999,0.0002354999999999996,-0.0022640000000000004,-0.00098030000000000014,-0.00055459999999999993,-0.0037002000000000003,-0.0029675999999999999,0.0037594999999999998,-0.0024293000000000006,0.00010449999999999999,0.0011670000000000001,0.00089819999999999982,0.0036784999999999999,-0.00079640000000000006,0.0019378000000000002,-0.00050379999999999999,-0.00010519999999999996,0.0030541000000000001,0.0012069000000000001,-0.0028334999999999996,0.0053027000000000005,0.0031999999999999997,-0.0010192000000000001,0.0031811000000000001,-0.010653600000000001,0.00012269999999999989,0.00091399999999999999,6.2199999999999886e-05,0.0071161000000000019,-0.0040581999999999997,0.00017309999999999998,0.00079610000000000011,-0.0014728000000000002,-0.0016346000000000002,-0.00039920000000000011,-0.00080009999999999999,-0.00019699999999999994,-0.00037159999999999998,0.0020942000000000001,1.8799999999999969e-05,-0.00046690000000000002,0.0037291000000000004,-0.0024751,-0.00060910000000000001,-0.00044190000000000001,-0.0007444000000000001,-0.0019128000000000001,0.0014212000000000001,-0.00079390000000000005,0.00072140000000000008,-0.0031110000000000005,-0.0021357000000000004,-0.00079040000000000002,0.00021159999999999994,0.0013063999999999999,-0.0020520999999999998,0.0031793999999999998,-0.00020120000000000001,0.00059240000000000009,-0.0021102,0.0004731999999999999,0.00083349999999999993,0.0023222,0.0032393000000000005,-0.00084109999999999979,0.00033179999999999983,0.00094170000000000007,-0.0013171999999999997,-0.0023122000000000004,0.00058730000000000002,-0.00011240000000000013,0.0015527000000000004,0.00046700000000000008,0.0016556000000000001,0.0023515000000000003,0.00088610000000000002,-0.0030627000000000002,-0.00093979999999999997,-7.8800000000000018e-05,-0.00049909999999999993,-0.00093580000000000009,0.00026599999999999996,0.00034969999999999999,0.00026140000000000007,0.00026809999999999996,0.00053770000000000001,0.00015569999999999994,-0.0024491999999999999,0.00092980000000000005,0.00080520000000000006,0.0009193999999999999,-0.00013080000000000014,0.00096980000000000005,-0.0032215999999999998,0.0025268000000000001,-0.00046250000000000002,0.00023839999999999999,-0.00022790000000000017,0.0044542999999999996,0.0054390999999999997,-0.00064539999999999997,0.0025918,0.0029386999999999998,-0.0014406,-0.00089750000000000008
aug_between_class_right_pair0039_child02,Healthy,0,0,Augmented,0,0,0,0,0,0.27815719999999999,1.9394745999999998,-1.6000000000000001e-06,-1.9999999999999999e-07,-7.9999999999999965e-07,0.93951200000000001,0,0.032414400000000003,-0.13613520000000001,0.039769600000000002,0.065980200000000003,-0.043717400000000003,0.064453999999999997,0.015583799999999998,0.0068628000000000014,-0.0261424,-0.082198800000000002,0.32164599999999999,-0.0900064,-0.0075259999999999997,0.074024999999999994,0.0020436000000000005,-0.014214999999999998,-0.0011587999999999998,-0.0518104,0.011513999999999998,0.037688800000000001,-0.049303800000000002,0.0059822,-0.095526200000000006,0.023777800000000002,0.036968800000000003,-0.016744599999999998,0.021746000000000001,0.018200599999999997,-0.036254999999999996,0.032193199999999998,-0.058513599999999999,-0.046538799999999998,0.1052068,-0.023925599999999998,0.18824920000000001,-0.046837799999999999,0.0073818,-0.0005752000000000001,-0.0016487999999999989,-0.0257404,-0.00063640000000000051,0.027219200000000002,-0.0035507999999999998,-0.0044609999999999997,-0.019123599999999998,-0.021080000000000002,0.007770599999999999,0.019122,0.027099199999999997,0.015424600000000002,-3.7199999999999386e-05,-0.0044300000000000008,0.013335600000000001,-0.039327399999999998,0.0016571999999999999,-0.0019470000000000004,-0.0013370000000000001,0.041769600000000004,-0.081502599999999994,-0.00086719999999999939,-0.026343399999999999,-0.027986799999999999,0.0081943999999999993,-0.00032700000000000014,5.4199999999999962e-05,0.017485000000000001,0.0103082,0.0010757999999999994,-0.017449199999999998,0.0056286000000000001,0.010880799999999999,-0.0053125999999999998,0.0047432000000000012,0.0035922000000000003,-0.015663400000000001,-0.0043411999999999999,0.0080370000000000007,0.0071704000000000004,-0.0030493999999999999,-0.0165106,0.024538999999999998,-0.012518000000000001,-0.0054327999999999998,-0.00076740000000000055,-0.013550799999999998,0.0068269999999999997,-0.011166599999999999,0.00088419999999999992,0.0104628,-0.015431199999999999,-0.0052504000000000006,0.019597,-0.0048058000000000016,0.030083600000000002,-0.0020943999999999997,0.0063430000000000014,-0.00086620000000000013,-0.00079279999999999997,-0.0044508000000000004,0.0123812,-0.0023991999999999998,-0.0033828,0.0015474,0.0037904000000000002,-0.0048424000000000002,-0.0016573999999999998,0.0021779999999999994,0.0132934,0.0048660000000000005,-0.0013466000000000003,0.011405,-0.0021049999999999992,0.0018329999999999998,-0.0040128000000000004,0.0087105999999999989,0.0002534000000000002,-0.0038707999999999998,0.0084209999999999997,0.0021610000000000006,-0.0017899999999999999,-0.0054192000000000008,0.00094720000000000047,0.0053866000000000001,0.0039459999999999999,-0.0016847999999999998,-0.0032830000000000003,-0.015466800000000001,-0.0018113999999999999,-0.0079109999999999996,-0.0106222,0.0033022000000000004,-5.9200000000000246e-05,0.0032599999999999994,0.0035782000000000001,-0.0027070000000000002,0.00020340000000000017,0.0010238000000000001,0.00066280000000000039,0.00032279999999999999,0.0020309999999999998,-0.0058320000000000004,0.00063380000000000001,-0.0050552000000000001,0.0014475999999999998,-0.00024620000000000002,0.0027418,-0.00058459999999999979,-0.0012888000000000001,-0.0017895999999999999,-0.0055818000000000005,-0.0017288000000000002,-0.0012084000000000001,-0.0029030000000000002,-0.0031124000000000004,0.0058434000000000003,0.0016312,-0.0030522000000000006,-0.001758,-0.0041136000000000002,-0.0024537999999999999,-0.0048973999999999997,-0.011762399999999999,0.0031784000000000001,0.00031099999999999964,0.0037847999999999996,0.0060577999999999995,-0.0062544000000000002,0.0061555999999999998,0.0070583999999999994,0.00041439999999999988,0.0011496,0.0096614000000000005,-0.0022723999999999995,0.0020936000000000001,-0.016632600000000001,0.0020386000000000002,0.00016140000000000013,-0.012999,0.00726,0.00018139999999999996,-0.002385,0.0024270000000000003,-0.00051999999999999985,-0.0025961999999999999,-0.0014490000000000002,0.0014613999999999999,0.00078200000000000014,-0.0025874000000000001,0.0023226000000000002,0.0028735999999999996,-0.0047574000000000002,0.0020914000000000002,0.0026498000000000003,0.00037919999999999995,-0.0019145999999999998,0.0015605999999999999,0.00061059999999999999,0.0044451999999999998,-0.0031178000000000004,0.0012726,-0.00092300000000000021,-0.0040724000000000003,-0.0060404000000000005,0.0015842,0.0022139999999999998,0.0001026,0.0020455999999999998,0.00056200000000000087,0.0013401999999999997,-0.0040217999999999999,-0.0015678000000000003,-0.00087660000000000006,-0.0022332000000000003,0.00033459999999999995,0.0085541999999999997,-0.0040759999999999998,0.0016118000000000005,-0.0010837999999999998,0.0017301999999999999,-0.0042646000000000003,0.0037428000000000001,0.0023825999999999999,0.0096767999999999993,-0.0011912000000000001,0.0033057999999999994,0.0052402000000000004,-0.013437000000000001,0.0055554000000000003,-0.0085909999999999997,-0.00085299999999999916,-0.0037098000000000001,0.00071339999999999967,-0.0018945999999999998,0.0014819999999999998,-0.0018126000000000001,-0.0012807999999999999,-0.0023270000000000001,-0.0011544000000000001,0.00070120000000000035,-0.0015554,-0.0014399999999999999,0.00071520000000000004,0.00093959999999999985,-0.00085300000000000003,0.0025055999999999998,-0.0010452,-0.00050520000000000003,0.0022040000000000002,0.0043908000000000003,-0.0018552,-0.00014560000000000002,0.0011722,0.0025616000000000007,0.0033802000000000003,-0.0056839999999999998,0.0019402,0.0010463999999999998,-0.0011689999999999999,-0.0019505999999999998,0.0012336000000000001,0.0057331999999999999,0.0027914000000000003,0.0019562000000000004,0.00085939999999999996,-0.0038262000000000001,-0.0027629999999999998,0.0031754000000000001,0.00022040000000000013,0.0037032000000000002,0.00064179999999999966,0.0059313999999999999,-0.0031359999999999999,-0.0065068000000000001,-0.0014911999999999998,0.0013808000000000002,-0.002575,0.0043693999999999998,0.00077820000000000016,-0.0027336000000000001,-0.0016347999999999998,-0.0039936000000000008,-0.0025846000000000003,0.00077519999999999987,0.0084505999999999991,0.0032688000000000005,0.010718600000000002,-0.0063453999999999993,0.0039487999999999997,-0.0021302000000000005,0.00045459999999999994,-0.00022740000000000011,0.0055008000000000001,-0.00037179999999999998,-0.0013942,0.0018741999999999999,0.0008566,0.00051400000000000013,0.0017589999999999999,-0.0003122,0.0027836000000000002,-3.3999999999999742e-06,0.0011258000000000002,0.0010008,-0.0003548,0.0011612,0.0014060000000000001,-0.00031120000000000003,-0.00071680000000000008,-0.0029935999999999999,0.0019536000000000002,-1.8000000000000004e-05,-0.00094919999999999987,-0.0019759999999999999,0.0010888,0.0042455999999999995,-0.0021020000000000001,9.0200000000000038e-05,-0.0019174000000000001,-0.0028226000000000006,-0.00094340000000000005,-0.0032830000000000003,-0.0015569999999999998,0.0016280000000000001,0.0021375999999999999,0.0010708,0.001518,-0.0035522000000000001,0.00057200000000000003,0.00048059999999999986,0.0014231999999999999,0.0010414000000000001,-0.0017242000000000002,0.0081393999999999998,0.00089159999999999999,-0.00050739999999999987,0.00013540000000000004,-0.0025613999999999993,-0.0003127999999999998,0.0035634000000000004,0.0027290000000000005,-0.00316,-0.0010100000000000005,-0.0044298000000000011,0.0022196000000000004,-0.00026820000000000001,-6.0000000000001458e-07,0.01225,-0.0003971999999999999,0.0039768,-0.0011356000000000005,-0.0046242000000000002,-0.00096680000000000008,0.00035060000000000001,0.0006868,0.0021787999999999998,-0.00067280000000000031,-0.0013006000000000003,-6.0599999999999955e-05,0.0001828,0.00014979999999999998,-0.00087000000000000011,0.0014864000000000001,-0.0015742,-0.00043000000000000004,0.00082260000000000015,0.0012354000000000002,-0.00063940000000000004,0.00041279999999999995,-0.0033180000000000002,0.0020363999999999998,-0.0010855999999999999,-0.0012534,0.0016421999999999999,-0.0012726,0.00068120000000000008,0.00063960000000000015,0.00076300000000000001,-0.00017380000000000005,0.0025405999999999996,-0.00099780000000000008,0.0031332,0.00088420000000000024,-0.0009636,0.001286,0.00039199999999999999,-0.00074859999999999998,0.00019899999999999996,-0.00015180000000000011,-0.0021690000000000004,0.00043679999999999999,-0.0031002,0.00029499999999999991,-0.0026870000000000002,-0.0010736000000000001,-0.00025020000000000012,-0.0034324000000000004,-0.0029951999999999999,0.003693000000000001,-0.0024646,0.00034800000000000022,0.0011380000000000001,0.00085439999999999973,0.0034739999999999997,-0.0010938000000000002,0.0020896000000000005,-0.00063360000000000001,-0.00020740000000000005,0.0028662000000000002,0.0013478000000000003,-0.0028680000000000003,0.0048573999999999996,0.0024819999999999998,-0.00099139999999999992,0.0031642000000000003,-0.0097591999999999991,6.8399999999999711e-05,0.00076399999999999992,0.00046140000000000005,0.0061402000000000002,-0.0040084000000000005,0.00017719999999999997,0.00083920000000000002,-0.0014816,-0.0011972,-0.00033340000000000014,-0.00098419999999999996,-0.00029999999999999992,-0.00040919999999999997,0.0019214,0.00011859999999999996,-0.0008068000000000001,0.0034262000000000003,-0.0024572000000000001,-0.00067619999999999996,-0.00049780000000000007,-0.0007228,-0.0018356000000000002,0.0015893999999999999,-0.00059979999999999994,0.00090980000000000011,-0.0025680000000000004,-0.0020954000000000003,-0.00066580000000000003,0.00037619999999999993,0.0012948,-0.0020392000000000001,0.0029508,-9.840000000000002e-05,0.00063679999999999997,-0.0021774000000000003,0.00030539999999999994,0.00072399999999999993,0.0019574000000000006,0.0030525999999999999,-0.00032219999999999992,0.00018359999999999991,0.0011873999999999999,-0.0012723999999999999,-0.0020924000000000003,0.00060859999999999994,-8.0800000000000121e-05,0.0019264000000000006,0.00065200000000000002,0.0015772000000000002,0.0022050000000000004,0.00068219999999999999,-0.0029323999999999999,-0.00084660000000000009,-0.00034460000000000003,-0.00027619999999999999,-0.0011035999999999999,0.00011999999999999988,0.00015039999999999986,0.0001828,0.00014919999999999983,0.00051440000000000004,1.8399999999999905e-05,-0.0024873999999999999,0.00069160000000000001,0.00075139999999999994,0.00087980000000000003,-0.0001246000000000001,0.00061160000000000012,-0.0028262000000000001,0.0029576000000000003,-0.00059500000000000004,0.00027279999999999996,-0.00013580000000000005,0.0044336000000000002,0.0055601999999999995,-0.0011348,0.0024425999999999996,0.0026703999999999999,-0.0016701999999999999,-0.00059099999999999995
aug_between_class_right_pair0039_child03,Healthy,0,0,Augmented,0,0,0,0,0,0.27198430000000001,1.9370699,-1.3999999999999999e-06,-2.9999999999999993e-07,-6.9999999999999976e-07,0.94150849999999997,4.1359030627651384e-25,0.031007600000000003,-0.1340228,0.039981900000000001,0.067363800000000001,-0.042737600000000001,0.062561999999999993,0.014815699999999999,0.0044746999999999999,-0.023668100000000001,-0.082791200000000009,0.31865850000000001,-0.089489100000000002,-0.0012239999999999994,0.074022000000000004,0.0034599000000000006,-0.014407999999999999,-0.0010396999999999997,-0.050393099999999996,0.012154,0.0358792,-0.052869199999999998,0.0062673,-0.0972803,0.024023199999999998,0.037441200000000001,-0.018113400000000002,0.023557000000000002,0.014752899999999999,-0.036444000000000004,0.032553800000000001,-0.056904400000000001,-0.0454127,0.1050667,-0.023458400000000004,0.18678630000000002,-0.0485207,0.0073292000000000001,-0.00097580000000000019,-0.0020816999999999997,-0.0243501,-0.00070859999999999977,0.027822300000000001,-0.0034312000000000001,-0.0041595,-0.0185629,-0.021469000000000002,0.0073733999999999996,0.022091000000000003,0.025924799999999998,0.014945400000000001,-0.00025480000000000034,-0.0039259999999999998,0.012920900000000001,-0.038361100000000002,0.0017823000000000001,-0.00045199999999999971,-0.0027954999999999998,0.043407899999999999,-0.081457399999999999,-0.0045027999999999995,-0.0254571,-0.0284587,0.0078990999999999992,-1.9000000000000191e-05,5.9300000000000032e-05,0.017733499999999999,0.0094488000000000003,-0.00020880000000000074,-0.017645299999999999,0.0049573999999999998,0.012103699999999998,-0.0049043999999999997,0.0044768000000000004,0.0036943000000000002,-0.0152406,-0.0035077999999999989,0.0081860000000000006,0.0054781000000000005,-0.0035406000000000005,-0.015003900000000001,0.023304999999999999,-0.0115695,-0.0051047000000000002,-0.0014271000000000006,-0.012761199999999999,0.0069445000000000002,-0.010570899999999999,3.1800000000000231e-05,0.0095286999999999993,-0.015319299999999999,-0.0048350999999999984,0.016452500000000002,-0.0043712000000000004,0.028552899999999999,-0.0022681000000000003,0.0051510000000000002,-0.0009637999999999999,-0.00081069999999999992,-0.0044597000000000005,0.0120038,-0.0028313000000000001,-0.0030426999999999997,0.0013475999999999996,0.0038926000000000004,-0.0039250999999999999,-0.0017646000000000003,0.0028240000000000001,0.012440099999999999,0.0044849999999999994,-0.0014624,0.010971499999999999,-0.0023220000000000003,0.0019210000000000002,-0.0042602000000000004,0.0092134000000000001,-0.00026639999999999975,-0.0042176999999999996,0.0087899999999999992,0.0023839999999999998,-0.0020369999999999989,-0.005628300000000001,0.0012397999999999997,0.0049698999999999993,0.0033354999999999999,-0.00087119999999999993,-0.0034039999999999999,-0.0153042,-0.0018286000000000001,-0.0082629999999999995,-0.0087372999999999999,0.0028352999999999998,-0.00067580000000000027,0.0013994999999999988,0.0029657999999999993,-0.00191,0.00011109999999999994,0.00081819999999999983,-0.00048629999999999979,0.00029970000000000002,0.0020774999999999999,-0.0059604999999999997,0.00055619999999999997,-0.0052588000000000001,0.0015818999999999998,1.920000000000025e-05,0.0024867000000000001,0.00016710000000000032,-0.0012566999999999999,-0.0020939000000000001,-0.0057806999999999997,-0.0018307,-0.00069459999999999997,-0.0024645000000000005,-0.0031440999999999999,0.0059026,0.0016738000000000002,-0.0034457999999999997,-0.0018305000000000001,-0.0042474000000000001,-0.0021657000000000004,-0.0048646000000000002,-0.011234599999999999,0.0031635999999999999,0.00016850000000000025,0.0034911999999999999,0.0054437000000000001,-0.0067106000000000006,0.0057193999999999995,0.0076381000000000001,0.00040459999999999986,0.0010709000000000001,0.0093766000000000006,-0.0028026000000000001,0.0018849000000000001,-0.0152414,0.0025988999999999999,0.00064760000000000045,-0.013729499999999999,0.0070780000000000001,0.00057409999999999991,-0.0024015,0.0024295000000000002,-0.00058300000000000018,-0.0023257999999999998,-0.0013254999999999999,0.0017815999999999995,0.00060150000000000004,-0.0024206000000000002,0.0022779000000000002,0.0029943999999999999,-0.0048980999999999998,0.0019506000000000003,0.0023142000000000002,0.00043329999999999996,-0.0021659000000000001,0.0012088999999999999,0.00054989999999999998,0.0038223000000000003,-0.0029066999999999999,0.0013719000000000001,-0.00074099999999999969,-0.0043340999999999996,-0.0061191000000000006,0.0015127999999999999,0.0021735000000000001,0.0001588999999999998,0.0020184000000000001,0.0010449999999999999,0.0008357999999999995,-0.0039211999999999997,-0.0016346999999999998,-0.00062190000000000021,-0.0026683000000000002,0.00031440000000000005,0.0091552999999999999,-0.0046129999999999999,0.0021986999999999992,-0.0011916999999999995,0.0017718,-0.0035298999999999999,0.0044001999999999999,0.0024908999999999999,0.0096396999999999993,-0.0017538,0.0032927,0.0040983,-0.013915,0.0061411,-0.0096714999999999995,-0.00027199999999999967,-0.0037466999999999999,0.00085159999999999988,-0.0017399,0.0015295,-0.0020479000000000001,-0.0012832,-0.0025305000000000002,-0.00095960000000000001,0.00067230000000000002,-0.0013346,-0.0015930000000000002,0.00075079999999999993,0.00095239999999999973,-0.00107,0.0027458999999999995,-0.00065030000000000003,-0.00073980000000000009,0.0018915,0.0045351999999999996,-0.0017303000000000002,-0.00010739999999999995,0.00064130000000000003,0.0023059000000000005,0.0034882999999999997,-0.0053729999999999993,0.0021032999999999998,0.0013091000000000001,-0.0013714999999999999,-0.0014169,0.0013004,0.0048372999999999992,0.0027585999999999999,0.0019453000000000001,0.0012695999999999996,-0.0034738,-0.0028084999999999998,0.0034990999999999998,-0.00012239999999999999,0.0033247999999999997,0.0012642,0.0053240999999999991,-0.0032715000000000001,-0.0058177000000000003,-0.0014723,0.0012877000000000001,-0.0028260000000000004,0.0043860999999999995,0.00029429999999999994,-0.0028714000000000001,-0.0014187000000000002,-0.0036953999999999997,-0.0031368999999999998,0.0001877999999999999,0.0089219,0.0036382000000000003,0.010416400000000001,-0.0064996000000000003,0.0034216999999999997,-0.0020057999999999999,0.00036539999999999994,-0.00033960000000000012,0.0052187000000000006,-0.00045269999999999984,-0.0014242999999999999,0.0016027999999999997,0.0008849000000000001,0.00070549999999999996,0.0014889999999999999,2.1699999999999931e-05,0.0027313999999999997,-6.4599999999999727e-05,0.00068320000000000013,0.0010077,-0.00046769999999999998,0.0012822999999999999,0.0012960000000000001,8.6999999999999946e-06,-0.00081769999999999998,-0.0029173999999999997,0.0020214,0.00027349999999999987,-0.0011322999999999999,-0.0020820000000000001,0.0012257000000000001,0.0040368999999999995,-0.0022034999999999997,0.00034230000000000003,-0.0024161,-0.0028154,-0.00091510000000000007,-0.0036670000000000001,-0.001323,0.0011494999999999999,0.0018168999999999998,0.0012507,0.0011804999999999999,-0.0036802999999999996,0.00021199999999999995,0.00025339999999999998,0.0017528000000000001,0.0010176,-0.0015162999999999999,0.0077985999999999993,0.0014404000000000001,-0.00086409999999999981,0.00013359999999999999,-0.0025830999999999996,-0.00043220000000000021,0.0034705999999999999,0.0028609999999999998,-0.0029719999999999998,-0.0010230000000000005,-0.0044477000000000006,0.0022084000000000001,-0.00023580000000000004,-0.00036290000000000004,0.013035000000000001,-0.00041630000000000009,0.0045656999999999998,-0.00097489999999999903,-0.0047768000000000003,-0.00099770000000000002,0.00014439999999999999,0.00067869999999999996,0.0016897000000000001,-0.00030470000000000003,-0.0011368999999999999,-0.00018639999999999995,0.00019870000000000001,0.00030769999999999994,-0.0007384999999999999,0.0015410999999999999,-0.0015363,-0.00030650000000000002,0.00044290000000000019,0.0010141,-0.00033260000000000017,0.00049469999999999983,-0.0034965,0.0019946,-0.0011423999999999998,-0.0011236,0.0015522999999999999,-0.0013129000000000001,0.00075129999999999988,0.00039790000000000008,0.00062749999999999991,-0.0003612,0.0022023999999999998,-0.0012141999999999999,0.0030607999999999998,0.00085729999999999997,-0.00097139999999999998,0.001175,0.00037099999999999996,-0.00084140000000000007,0.00029699999999999996,-0.00043169999999999971,-0.00197,0.00053569999999999985,-0.0029847999999999997,0.00035449999999999978,-0.0031099999999999999,-0.0011668999999999998,5.4200000000000125e-05,-0.0031646000000000001,-0.0030228,0.0036264999999999995,-0.0024999000000000002,0.0005914999999999998,0.001109,0.00081059999999999965,0.0032694999999999998,-0.0013911999999999996,0.0022414000000000002,-0.0007633999999999998,-0.00030959999999999994,0.0026782999999999998,0.0014887000000000001,-0.0029025000000000001,0.0044120999999999995,0.0017639999999999999,-0.0009636,0.0031472999999999996,-0.0088647999999999991,1.409999999999953e-05,0.00061400000000000007,0.00086059999999999956,0.0051643000000000001,-0.0039585999999999996,0.00018130000000000002,0.00088229999999999992,-0.0014904,-0.00075979999999999993,-0.00026760000000000005,-0.0011682999999999999,-0.00040299999999999993,-0.00044680000000000002,0.0017485999999999999,0.00021839999999999989,-0.0011467000000000001,0.0031232999999999999,-0.0024393000000000001,-0.00074329999999999991,-0.00055370000000000007,-0.00070119999999999991,-0.0017583999999999998,0.0017575999999999998,-0.00040569999999999994,0.0010981999999999999,-0.0020250000000000003,-0.0020550999999999998,-0.00054120000000000004,0.00054080000000000003,0.0012832,-0.0020263,0.0027221999999999997,4.4000000000000256e-06,0.00068119999999999986,-0.0022446000000000002,0.0001375999999999999,0.00061449999999999992,0.0015926,0.0028659000000000002,0.00019670000000000039,3.5399999999999939e-05,0.0014330999999999999,-0.0012275999999999997,-0.0018725999999999999,0.00062990000000000008,-4.9200000000000003e-05,0.0023000999999999998,0.00083700000000000007,0.0014988,0.0020585,0.00047829999999999997,-0.0028021000000000001,-0.00075339999999999999,-0.00061040000000000009,-5.3299999999999886e-05,-0.0012713999999999998,-2.5999999999999765e-05,-4.890000000000005e-05,0.00010420000000000004,3.0299999999999923e-05,0.00049109999999999985,-0.00011890000000000002,-0.0025255999999999998,0.00045340000000000007,0.00069759999999999993,0.00084019999999999993,-0.00011839999999999984,0.00025339999999999955,-0.0024307999999999999,0.0033884000000000002,-0.00072750000000000007,0.00030719999999999999,-4.3700000000000032e-05,0.0044128999999999991,0.0056813000000000002,-0.0016242000000000001,0.0022933999999999997,0.0024020999999999999,-0.0018998000000000001,-0.00028449999999999981
aug_between_class_right_pair0039_child04,Healthy,0,0,Augmented,0,0,0,0,0,0.26581140000000003,1.9346652,-1.2000000000000002e-06,-3.9999999999999993e-07,-5.9999999999999987e-07,0.94350500000000004,0,0.029600800000000003,-0.13191040000000001,0.040194199999999999,0.068747400000000014,-0.041757800000000005,0.060669999999999995,0.0140476,0.0020866000000000001,-0.021193799999999999,-0.083383600000000002,0.31567099999999998,-0.088971800000000004,0.0050780000000000009,0.074019000000000001,0.0048762000000000007,-0.014600999999999999,-0.00092060000000000015,-0.0489758,0.012794,0.034069599999999998,-0.056434600000000001,0.0065523999999999999,-0.099034400000000009,0.024268600000000001,0.037913599999999999,-0.019482200000000002,0.025368000000000002,0.011305199999999998,-0.036632999999999999,0.032914399999999996,-0.055295200000000003,-0.044286600000000002,0.10492659999999999,-0.0229912,0.1853234,-0.050203600000000001,0.0072766000000000003,-0.0013764000000000001,-0.0025146000000000005,-0.022959800000000002,-0.00078080000000000033,0.028425400000000003,-0.0033116,-0.0038579999999999999,-0.018002199999999999,-0.021858000000000002,0.0069762000000000001,0.025060000000000002,0.024750399999999999,0.0144662,-0.00047239999999999956,-0.0034220000000000001,0.012506200000000002,-0.037394799999999999,0.0019074000000000001,0.0010430000000000007,-0.0042540000000000008,0.045046200000000002,-0.081412200000000004,-0.0081384000000000005,-0.024570799999999997,-0.028930600000000001,0.0076038,0.00028899999999999998,6.4399999999999993e-05,0.017982000000000001,0.0085894000000000005,-0.0014934000000000015,-0.0178414,0.0042861999999999996,0.013326599999999999,-0.0044961999999999997,0.0042104000000000004,0.0037964000000000001,-0.014817799999999999,-0.0026743999999999991,0.0083350000000000004,0.0037857999999999998,-0.0040318000000000003,-0.013497199999999999,0.022071,-0.010621,-0.0047765999999999998,-0.0020868000000000002,-0.011971599999999999,0.0070619999999999997,-0.0099752,-0.00082059999999999989,0.0085945999999999991,-0.015207399999999999,-0.0044197999999999998,0.013308,-0.0039366000000000002,0.0270222,-0.0024418000000000009,0.0039590000000000007,-0.0010614000000000001,-0.00082859999999999987,-0.0044686000000000005,0.0116264,-0.0032634000000000001,-0.0027025999999999999,0.0011478,0.0039948000000000006,-0.0030077999999999997,-0.0018717999999999999,0.00347,0.0115868,0.004104,-0.0015782000000000001,0.010537999999999999,-0.0025389999999999996,0.0020090000000000004,-0.0045075999999999996,0.0097161999999999995,-0.00078619999999999992,-0.0045646000000000003,0.0091590000000000005,0.0026069999999999991,-0.0022840000000000004,-0.0058374000000000004,0.0015323999999999997,0.0045532000000000003,0.0027249999999999996,-5.7599999999999665e-05,-0.0035249999999999999,-0.0151416,-0.0018458000000000003,-0.0086149999999999994,-0.0068523999999999998,0.0023683999999999997,-0.0012924000000000004,-0.00046100000000000112,0.0023533999999999994,-0.0011130000000000001,1.8800000000000023e-05,0.00061259999999999982,-0.0016353999999999995,0.0002766,0.002124,-0.0060890000000000007,0.00047859999999999998,-0.0054624000000000009,0.0017162,0.00028460000000000009,0.0022316000000000003,0.00091880000000000022,-0.0012246000000000002,-0.0023982000000000001,-0.0059796000000000007,-0.0019326,-0.00018079999999999984,-0.0020260000000000009,-0.0031758000000000003,0.0059617999999999997,0.0017164000000000001,-0.0038394000000000002,-0.0019030000000000002,-0.0043812,-0.0018776000000000005,-0.0048317999999999998,-0.010706799999999999,0.0031487999999999998,2.5999999999999981e-05,0.0031975999999999992,0.0048295999999999999,-0.0071668000000000001,0.0052832,0.0082177999999999991,0.00039479999999999984,0.00099219999999999994,0.0090918000000000006,-0.0033328000000000003,0.0016762000000000001,-0.0138502,0.0031592000000000005,0.0011338000000000003,-0.014459999999999999,0.0068959999999999994,0.00096680000000000008,-0.002418,0.0024320000000000001,-0.00064600000000000031,-0.0020554000000000002,-0.0012019999999999999,0.0021018,0.00042099999999999982,-0.0022538000000000002,0.0022332000000000003,0.0031152000000000003,-0.0050387999999999995,0.0018098000000000003,0.0019786000000000001,0.00048739999999999998,-0.0024172,0.00085719999999999991,0.00048919999999999986,0.0031993999999999998,-0.0026956000000000003,0.0014712,-0.00055899999999999982,-0.0045958000000000006,-0.0061977999999999998,0.0014414000000000002,0.0021330000000000003,0.00021520000000000003,0.0019911999999999998,0.0015280000000000003,0.00033139999999999971,-0.0038206,-0.0017015999999999997,-0.00036719999999999993,-0.0031034000000000001,0.0002942,0.0097564000000000001,-0.0051499999999999992,0.0027855999999999996,-0.0012995999999999997,0.0018134000000000002,-0.0027951999999999999,0.0050575999999999998,0.0025991999999999999,0.0096025999999999993,-0.0023163999999999997,0.0032795999999999997,0.0029564000000000001,-0.014393,0.0067267999999999998,-0.010752000000000001,0.00030900000000000025,-0.0037835999999999998,0.0009898000000000001,-0.0015851999999999999,0.0015769999999999998,-0.0022832,-0.0012856,-0.0027339999999999999,-0.00076480000000000005,0.00064340000000000013,-0.0011137999999999999,-0.0017460000000000002,0.00078640000000000003,0.00096519999999999983,-0.0012869999999999997,0.0029861999999999996,-0.00025540000000000014,-0.00097440000000000005,0.0015790000000000001,0.0046795999999999999,-0.0016053999999999999,-6.9199999999999947e-05,0.00011039999999999976,0.0020502000000000003,0.0035964,-0.0050619999999999997,0.0022664,0.0015718000000000002,-0.0015739999999999999,-0.00088320000000000011,0.0013672000000000001,0.0039413999999999994,0.0027258,0.0019344000000000002,0.0016798,-0.0031214000000000003,-0.0028539999999999998,0.0038228000000000003,-0.00046519999999999987,0.0029463999999999996,0.0018866,0.0047167999999999993,-0.0034069999999999999,-0.0051286000000000005,-0.0014534000000000001,0.0011946000000000001,-0.0030770000000000003,0.0044027999999999992,-0.00018960000000000071,-0.0030092000000000001,-0.0012025999999999998,-0.0033971999999999995,-0.0036892000000000001,-0.00039960000000000039,0.0093932000000000009,0.0040076000000000001,0.0101142,-0.0066537999999999996,0.0028945999999999998,-0.0018814000000000001,0.00027619999999999994,-0.00045179999999999992,0.0049366000000000011,-0.00053359999999999996,-0.0014543999999999998,0.0013313999999999999,0.00091319999999999997,0.00089700000000000001,0.001219,0.00035559999999999986,0.0026792000000000001,-0.00012579999999999991,0.00024059999999999997,0.0010145999999999998,-0.00058060000000000002,0.0014033999999999997,0.001186,0.00032859999999999996,-0.0009186000000000001,-0.0028411999999999999,0.0020891999999999998,0.00056499999999999975,-0.0013154,-0.0021879999999999998,0.0013626000000000003,0.0038281999999999995,-0.0023049999999999998,0.00059440000000000014,-0.0029148000000000004,-0.0028082000000000003,-0.00088679999999999998,-0.0040509999999999999,-0.0010889999999999999,0.00067099999999999972,0.0014961999999999998,0.0014306000000000002,0.00084299999999999957,-0.0038084000000000004,-0.00014800000000000007,2.6199999999999878e-05,0.0020824000000000003,0.00099379999999999998,-0.0013083999999999999,0.0074578000000000005,0.0019892,-0.0012207999999999997,0.00013180000000000001,-0.0026048,-0.00055160000000000018,0.0033778000000000002,0.002993,-0.002784,-0.0010360000000000005,-0.0044656000000000001,0.0021971999999999998,-0.00020340000000000001,-0.00072520000000000028,0.013820000000000001,-0.00043539999999999985,0.0051545999999999996,-0.00081420000000000017,-0.0049294000000000004,-0.0010286,-6.1800000000000038e-05,0.00067060000000000004,0.0012006,6.3399999999999915e-05,-0.00097320000000000002,-0.0003122,0.00021460000000000001,0.00046560000000000004,-0.0006069999999999999,0.0015957999999999999,-0.0014984,-0.00018299999999999998,6.3200000000000127e-05,0.00079280000000000008,-2.5800000000000302e-05,0.00057659999999999992,-0.0036750000000000003,0.0019527999999999998,-0.0011991999999999999,-0.00099379999999999998,0.0014624,-0.0013532000000000001,0.00082139999999999991,0.0001562,0.00049199999999999992,-0.0005486,0.0018641999999999997,-0.0014306000000000002,0.0029883999999999996,0.00083039999999999991,-0.00097919999999999995,0.0010640000000000001,0.00035,-0.00093419999999999994,0.00039500000000000001,-0.00071160000000000017,-0.001771,0.00063459999999999992,-0.0028693999999999998,0.00041399999999999965,-0.0035330000000000005,-0.0012602000000000002,0.00035859999999999999,-0.0028967999999999997,-0.0030504,0.0035600000000000007,-0.0025352000000000005,0.00083500000000000002,0.00108,0.00076679999999999956,0.003065,-0.0016886000000000002,0.0023931999999999998,-0.00089319999999999981,-0.00041180000000000003,0.0024904000000000003,0.0016296000000000001,-0.0029369999999999999,0.0039667999999999995,0.0010459999999999998,-0.00093579999999999998,0.0031304000000000002,-0.007970399999999999,-4.0200000000000652e-05,0.00046399999999999979,0.0012597999999999997,0.0041884000000000001,-0.0039088000000000005,0.00018540000000000001,0.00092539999999999983,-0.0014992,-0.00032240000000000003,-0.00020180000000000003,-0.0013523999999999999,-0.00050599999999999994,-0.00048440000000000001,0.0015758,0.00031820000000000004,-0.0014866,0.0028204000000000003,-0.0024214000000000002,-0.00081040000000000007,-0.00060959999999999996,-0.00067960000000000004,-0.0016811999999999999,0.0019258000000000001,-0.00021159999999999991,0.0012865999999999999,-0.0014820000000000002,-0.0020148000000000002,-0.00041659999999999993,0.00070540000000000002,0.0012715999999999999,-0.0020134000000000003,0.0024935999999999999,0.0001072,0.00072560000000000007,-0.0023118000000000001,-3.0200000000000097e-05,0.00050499999999999981,0.0012278,0.0026791999999999996,0.00071560000000000016,-0.00011280000000000009,0.0016788,-0.0011827999999999999,-0.0016528000000000001,0.0006512,-1.7599999999999994e-05,0.0026738000000000005,0.0010220000000000001,0.0014204,0.0019119999999999999,0.00027439999999999995,-0.0026718000000000002,-0.0006602,-0.00087620000000000005,0.00016960000000000022,-0.0014391999999999999,-0.00017200000000000006,-0.00024820000000000007,2.5599999999999972e-05,-8.8599999999999985e-05,0.0004678000000000001,-0.00025619999999999994,-0.0025637999999999998,0.0002152,0.00064379999999999993,0.00080060000000000005,-0.00011220000000000002,-0.00010480000000000038,-0.0020353999999999997,0.0038192,-0.00086000000000000009,0.00034160000000000001,4.8399999999999875e-05,0.0043921999999999998,0.0058023999999999992,-0.0021136000000000002,0.0021441999999999998,0.0021337999999999999,-0.0021294,2.2000000000000101e-05
aug_between_class_right_pair0039_child05,TLE,1,1,Augmented,0,0,0,0,0,0.25346560000000001,1.9298557999999999,-7.9999999999999996e-07,-5.9999999999999997e-07,-3.9999999999999988e-07,0.94749799999999995,0,0.026787200000000004,-0.12768560000000001,0.040618799999999997,0.071514600000000011,-0.039798200000000006,0.056885999999999999,0.012511399999999999,-0.0026895999999999995,-0.016245200000000001,-0.084568400000000002,0.30969600000000003,-0.087937199999999993,0.017682,0.074012999999999995,0.0077088,-0.014986999999999999,-0.00068240000000000011,-0.0461412,0.014074,0.030450399999999999,-0.063565399999999994,0.0071225999999999998,-0.10254260000000001,0.024759400000000001,0.038858400000000001,-0.022219800000000001,0.028990000000000002,0.0044098000000000002,-0.037011000000000002,0.033635600000000002,-0.052076799999999999,-0.0420344,0.1046464,-0.022056800000000001,0.18239760000000002,-0.053569399999999996,0.0071713999999999996,-0.0021776,-0.0033803999999999996,-0.020179200000000001,-0.00092519999999999972,0.029631600000000001,-0.0030723999999999999,-0.0032549999999999992,-0.016880799999999998,-0.022636,0.0061817999999999994,0.030998000000000001,0.022401600000000001,0.0135078,-0.00090760000000000059,-0.0024140000000000003,0.011676800000000001,-0.035462199999999999,0.0021576,0.0040330000000000001,-0.0071709999999999986,0.048322799999999999,-0.0813218,-0.015409599999999996,-0.022798199999999998,-0.029874399999999999,0.0070132000000000007,0.00090499999999999977,7.4600000000000024e-05,0.018478999999999999,0.0068706000000000001,-0.0040626000000000013,-0.018233600000000003,0.0029437999999999999,0.015772399999999999,-0.0036798,0.0036776000000000005,0.0040006,-0.013972200000000001,-0.0010076000000000004,0.008633,0.00040120000000000173,-0.0050141999999999999,-0.0104838,0.019602999999999999,-0.0087239999999999991,-0.0041204000000000006,-0.0034061999999999999,-0.0103924,0.0072969999999999997,-0.0087837999999999996,-0.0025253999999999997,0.0067264000000000004,-0.0149836,-0.0035891999999999999,0.0070190000000000009,-0.0030674000000000005,0.023960800000000001,-0.0027892000000000004,0.0015750000000000007,-0.0012565999999999996,-0.00086439999999999998,-0.0044863999999999998,0.0108716,-0.0041276000000000004,-0.0020224000000000002,0.00074819999999999997,0.0041992000000000002,-0.0011732000000000005,-0.0020862000000000003,0.0047619999999999997,0.0098802000000000004,0.0033420000000000004,-0.0018097999999999999,0.009670999999999999,-0.0029729999999999991,0.0021850000000000003,-0.0050023999999999997,0.0107218,-0.0018257999999999998,-0.0052583999999999999,0.0098969999999999995,0.0030529999999999993,-0.0027780000000000001,-0.0062556,0.0021175999999999999,0.0037197999999999997,0.0015040000000000001,0.0015696,-0.0037669999999999995,-0.0148164,-0.0018802000000000003,-0.0093190000000000009,-0.0030826000000000004,0.0014346000000000001,-0.0025256000000000007,-0.004182,0.0011286,0.00048099999999999966,-0.00016579999999999991,0.00020140000000000004,-0.0039335999999999989,0.00023040000000000002,0.0022170000000000002,-0.0063459999999999992,0.00032340000000000005,-0.0058696,0.0019848000000000001,0.00081539999999999998,0.0017214000000000001,0.0024221999999999998,-0.0011604,-0.0030068,-0.0063773999999999992,-0.0021364000000000001,0.0008468000000000002,-0.0011490000000000007,-0.0032392000000000002,0.0060802,0.0018015999999999998,-0.0046266000000000007,-0.0020479999999999999,-0.0046487999999999998,-0.0013013999999999994,-0.0047662,-0.0096512000000000004,0.0031191999999999999,-0.00025900000000000012,0.0026103999999999997,0.0036014000000000003,-0.0080791999999999999,0.0044108000000000003,0.0093772000000000005,0.00037520000000000001,0.00083480000000000002,0.0085222000000000006,-0.0043931999999999999,0.0012588000000000002,-0.011067800000000001,0.0042797999999999994,0.0021061999999999999,-0.015920999999999998,0.0065319999999999996,0.0017522,-0.0024510000000000001,0.0024369999999999999,-0.00077200000000000012,-0.0015146000000000001,-0.00095500000000000012,0.0027421999999999993,6.0000000000000049e-05,-0.0019201999999999999,0.0021438,0.0033568000000000001,-0.0053201999999999998,0.0015282000000000002,0.0013074000000000002,0.00059559999999999995,-0.0029197999999999993,0.00015379999999999994,0.00036779999999999994,0.0019535999999999998,-0.0022734000000000001,0.0016697999999999999,-0.00019499999999999986,-0.0051191999999999991,-0.0063552000000000001,0.0012986,0.002052,0.00032779999999999984,0.0019368,0.0024940000000000001,-0.00067739999999999999,-0.0036194000000000005,-0.0018353999999999996,0.00014219999999999988,-0.0039736000000000007,0.00025379999999999999,0.010958599999999999,-0.0062239999999999986,0.0039594000000000001,-0.0015154000000000001,0.0018966,-0.0013257999999999998,0.0063724000000000003,0.0028158000000000002,0.0095283999999999994,-0.0034416000000000004,0.0032534,0.00067260000000000063,-0.015349,0.0078982000000000011,-0.012913000000000001,0.0014710000000000001,-0.0038574,0.0012661999999999999,-0.0012757999999999999,0.0016719999999999999,-0.0027537999999999998,-0.0012903999999999999,-0.0031410000000000001,-0.00037520000000000001,0.00058560000000000014,-0.00067219999999999997,-0.002052,0.00085759999999999992,0.0009907999999999998,-0.0017209999999999999,0.0034667999999999995,0.00053439999999999998,-0.0014436,0.00095400000000000031,0.0049683999999999996,-0.0013556,7.2000000000000124e-06,-0.0009513999999999996,0.0015388000000000001,0.0038125999999999998,-0.0044399999999999995,0.0025926,0.0020972,-0.0019789999999999999,0.00018420000000000001,0.0015008000000000001,0.0021495999999999998,0.0026602000000000002,0.0019126000000000004,0.0025001999999999997,-0.0024166000000000001,-0.0029449999999999997,0.0044701999999999997,-0.0011507999999999998,0.0021896000000000003,0.0031313999999999995,0.0035022,-0.0036779999999999998,-0.0037504000000000005,-0.0014155999999999999,0.0010084000000000004,-0.0035790000000000001,0.0044361999999999995,-0.0011573999999999998,-0.0032848,-0.00077040000000000051,-0.0028008,-0.0047938,-0.0015743999999999997,0.010335799999999999,0.0047464000000000004,0.0095097999999999988,-0.0069622,0.0018403999999999998,-0.0016326000000000001,9.7799999999999992e-05,-0.00067620000000000017,0.0043724000000000002,-0.00069539999999999988,-0.0015146000000000001,0.00078859999999999998,0.00096979999999999994,0.0012800000000000001,0.00067899999999999992,0.0010233999999999998,0.0025748000000000004,-0.00024820000000000007,-0.00064459999999999995,0.0010284000000000001,-0.00080639999999999998,0.0016455999999999999,0.00096600000000000006,0.0009683999999999999,-0.0011203999999999999,-0.0026887999999999999,0.0022247999999999999,0.0011479999999999995,-0.0016815999999999997,-0.0024000000000000002,0.0016364000000000001,0.0034108000000000003,-0.0025080000000000002,0.0010985999999999999,-0.0039121999999999994,-0.0027937999999999999,-0.00083020000000000001,-0.0048190000000000004,-0.00062100000000000002,-0.00028600000000000001,0.00085479999999999996,0.0017903999999999999,0.00016800000000000018,-0.0040645999999999998,-0.00086799999999999985,-0.00042820000000000011,0.0027416000000000003,0.00094620000000000001,-0.00089260000000000012,0.0067761999999999996,0.0030868000000000002,-0.0019341999999999996,0.00012820000000000003,-0.0026481999999999999,-0.00079040000000000013,0.0031922000000000005,0.0032570000000000003,-0.002408,-0.0010620000000000004,-0.0045014000000000009,0.0021748000000000002,-0.00013860000000000001,-0.0014498,0.015390000000000001,-0.00047360000000000002,0.0063324000000000002,-0.00049279999999999984,-0.0052346000000000007,-0.0010904,-0.00047419999999999998,0.00065439999999999997,0.00022239999999999998,0.00079959999999999981,-0.00064580000000000008,-0.00056379999999999993,0.00024640000000000003,0.00078139999999999991,-0.00034400000000000007,0.0017051999999999998,-0.0014226,6.4000000000000038e-05,-0.00069619999999999968,0.00035020000000000016,0.00058779999999999987,0.00074039999999999989,-0.0040320000000000009,0.0018692000000000001,-0.0013127999999999998,-0.00073420000000000007,0.0012826000000000001,-0.0014337999999999998,0.00096159999999999995,-0.00032719999999999982,0.00022100000000000001,-0.00092339999999999989,0.0011877999999999999,-0.0018633999999999999,0.0028435999999999999,0.00077660000000000001,-0.00099479999999999989,0.00084199999999999998,0.00030800000000000001,-0.0011197999999999998,0.00059099999999999995,-0.0012713999999999998,-0.0013730000000000001,0.00083239999999999985,-0.0026386000000000001,0.00053299999999999984,-0.0043790000000000009,-0.0014468,0.00096739999999999999,-0.0023611999999999999,-0.0031056,0.0034270000000000004,-0.0026058000000000001,0.0013219999999999996,0.0010220000000000001,0.0006791999999999996,0.0026559999999999999,-0.0022834000000000005,0.0026968000000000001,-0.0011527999999999996,-0.00061620000000000002,0.0021146000000000003,0.0019114000000000002,-0.0030060000000000004,0.0030761999999999999,-0.00039000000000000016,-0.00088020000000000004,0.0030966000000000001,-0.0061815999999999998,-0.00014880000000000015,0.00016399999999999987,0.0020581999999999996,0.0022366000000000005,-0.0038092,0.00019359999999999999,0.0010115999999999999,-0.0015168,0.00055239999999999977,-7.020000000000008e-05,-0.0017205999999999999,-0.00071199999999999996,-0.00055960000000000005,0.0012301999999999999,0.0005177999999999999,-0.0021664000000000002,0.0022146000000000002,-0.0023856000000000003,-0.00094460000000000008,-0.00072139999999999997,-0.00063639999999999986,-0.0015268,0.0022621999999999998,0.00017660000000000012,0.0016633999999999998,-0.00039600000000000014,-0.0019341999999999999,-0.00016740000000000006,0.0010345999999999999,0.0012484,-0.0019876,0.0020363999999999998,0.00031279999999999996,0.00081440000000000006,-0.0024461999999999999,-0.00036580000000000006,0.00028600000000000001,0.00049820000000000008,0.0023058000000000002,0.0017534,-0.00040920000000000003,0.0021702000000000002,-0.0010931999999999999,-0.0012132,0.00069380000000000006,4.5600000000000024e-05,0.0034212000000000001,0.001392,0.0012636000000000001,0.001619,-0.0001334000000000001,-0.0024112000000000001,-0.00047380000000000002,-0.0014078000000000001,0.00061540000000000032,-0.0017747999999999996,-0.000464,-0.0006468,-0.00013159999999999995,-0.00032640000000000013,0.00042119999999999994,-0.0005308,-0.0026401999999999997,-0.00026119999999999995,0.00053620000000000002,0.00072139999999999986,-9.9799999999999932e-05,-0.00082119999999999979,-0.0012445999999999998,0.0046808000000000006,-0.0011249999999999999,0.0004104,0.00023260000000000002,0.0043508000000000002,0.0060445999999999998,-0.0030923999999999995,0.0018457999999999999,0.0015971999999999998,-0.0025885999999999999,0.00063499999999999993
aug_between_class_right_pair0039_child06,TLE,1,1,Augmented,0,0,0,0,0,0.2472927,1.9274510999999999,-5.9999999999999997e-07,-6.9999999999999986e-07,-2.9999999999999988e-07,0.94949450000000002,0,0.025380400000000001,-0.1255732,0.040831099999999995,0.072898199999999996,-0.038818400000000003,0.054994000000000001,0.0117433,-0.0050776999999999992,-0.013770900000000001,-0.085160800000000009,0.3067085,-0.087419899999999995,0.023983999999999995,0.074009999999999992,0.0091251000000000006,-0.015179999999999999,-0.00056330000000000009,-0.044723900000000004,0.014714,0.028640800000000001,-0.06713079999999999,0.0074076999999999988,-0.10429670000000001,0.025004800000000001,0.039330799999999999,-0.023588600000000001,0.030800999999999999,0.00096210000000000219,-0.037199999999999997,0.033996199999999997,-0.050467600000000001,-0.040908300000000002,0.1045063,-0.0215896,0.1809347,-0.055252299999999997,0.0071187999999999998,-0.0025781999999999997,-0.0038132999999999999,-0.018788900000000001,-0.00099740000000000028,0.030234700000000003,-0.0029528000000000002,-0.0029534999999999995,-0.016320100000000001,-0.023025,0.0057845999999999991,0.033966999999999997,0.021227200000000002,0.013028600000000001,-0.0011251999999999998,-0.0019100000000000002,0.011262100000000001,-0.034495899999999996,0.0022827000000000004,0.0055279999999999999,-0.0086294999999999983,0.049961099999999994,-0.081276600000000004,-0.019045199999999995,-0.021911899999999998,-0.0303463,0.0067179000000000006,0.0012129999999999995,7.9699999999999986e-05,0.018727500000000001,0.0060111999999999995,-0.0053471999999999999,-0.0184297,0.0022726000000000005,0.016995299999999998,-0.0032716000000000004,0.0034112000000000005,0.0041026999999999999,-0.0135494,-0.00017420000000000022,0.0087819999999999999,-0.001291099999999999,-0.0055053999999999997,-0.0089771,0.018369,-0.0077755000000000003,-0.0037923000000000006,-0.0040658999999999999,-0.0096028000000000016,0.0074145000000000001,-0.0081881000000000002,-0.0033777999999999994,0.0057923000000000002,-0.0148717,-0.0031739000000000003,0.0038745000000000012,-0.0026328000000000011,0.022430100000000001,-0.0029629000000000009,0.00038300000000000118,-0.0013541999999999998,-0.00088229999999999992,-0.0044952999999999998,0.0104942,-0.0045596999999999999,-0.0016823000000000001,0.00054839999999999999,0.0043014000000000004,-0.00025590000000000074,-0.0021933999999999999,0.0054079999999999996,0.0090269000000000009,0.0029610000000000001,-0.0019256000000000004,0.0092374999999999992,-0.0031899999999999997,0.0022729999999999998,-0.0052497999999999998,0.0112246,-0.0023455999999999998,-0.0056052999999999997,0.010265999999999999,0.0032760000000000003,-0.003024999999999999,-0.0064647000000000003,0.0024101999999999995,0.0033031000000000007,0.0008935000000000002,0.0023832000000000002,-0.003888,-0.0146538,-0.0018974000000000005,-0.0096710000000000008,-0.0011977000000000012,0.00096770000000000016,-0.0031421999999999999,-0.0060424999999999993,0.00051620000000000008,0.0012779999999999996,-0.00025809999999999993,-4.1999999999999124e-06,-0.0050826999999999982,0.00020729999999999994,0.0022635000000000003,-0.0064744999999999994,0.00024580000000000012,-0.0060731999999999991,0.0021191000000000001,0.0010807999999999998,0.0014663000000000002,0.0031738999999999995,-0.0011283,-0.0033111,-0.0065762999999999993,-0.0022382999999999999,0.0013606000000000002,-0.00071050000000000019,-0.0032709000000000002,0.0061393999999999997,0.0018441999999999998,-0.005020199999999999,-0.0021205,-0.0047825999999999997,-0.0010133,-0.0047334000000000005,-0.0091234000000000003,0.0031043999999999998,-0.00040149999999999995,0.0023167999999999999,0.0029873000000000005,-0.0085354000000000003,0.0039746,0.0099568999999999994,0.00036539999999999999,0.0007561,0.0082374000000000006,-0.0049233999999999997,0.0010501000000000002,-0.0096766000000000005,0.0048400999999999991,0.0025923999999999999,-0.0166515,0.0063499999999999997,0.0021448999999999999,-0.0024675000000000001,0.0024394999999999998,-0.00083500000000000002,-0.0012442,-0.00083150000000000021,0.0030623999999999994,-0.00012049999999999989,-0.0017534,0.0020991,0.0034776,-0.0054609000000000003,0.0013874000000000002,0.0009718000000000002,0.00064970000000000002,-0.0031710999999999996,-0.00019789999999999988,0.00030710000000000004,0.0013307000000000002,-0.0020623,0.0017690999999999998,-1.2999999999999991e-05,-0.0053808999999999992,-0.0064338999999999993,0.0012272000000000003,0.0020115000000000003,0.00038409999999999985,0.0019096,0.002977,-0.0011817999999999998,-0.0035188000000000003,-0.0019022999999999996,0.00039689999999999994,-0.0044086999999999998,0.00023359999999999993,0.011559699999999999,-0.0067609999999999996,0.0045462999999999996,-0.0016232999999999998,0.0019382000000000002,-0.00059109999999999979,0.0070298000000000001,0.0029241000000000002,0.0094912999999999994,-0.0040042000000000003,0.0032402999999999998,-0.00046930000000000019,-0.015827000000000001,0.0084838999999999991,-0.013993500000000001,0.002052,-0.0038942999999999998,0.0014043999999999999,-0.0011211000000000001,0.0017195000000000001,-0.0029890999999999997,-0.0012928,-0.0033444999999999998,-0.00018040000000000016,0.00055670000000000003,-0.00045140000000000013,-0.0022049999999999999,0.00089320000000000003,0.0010035999999999999,-0.0019379999999999998,0.0037070999999999996,0.00092929999999999966,-0.0016782000000000001,0.00064150000000000025,0.0051127999999999989,-0.0012307000000000002,4.5400000000000019e-05,-0.0014822999999999995,0.0012831000000000001,0.0039207000000000001,-0.0041289999999999999,0.0027556999999999998,0.0023598999999999998,-0.0021814999999999998,0.00071789999999999961,0.0015675999999999999,0.0012537000000000004,0.0026274000000000002,0.0019017000000000001,0.0029103999999999996,-0.0020642000000000004,-0.0029905000000000001,0.0047939000000000002,-0.0014935999999999999,0.0018112,0.0037537999999999998,0.0028949000000000002,-0.0038134999999999996,-0.0030613000000000003,-0.0013966999999999999,0.00091529999999999997,-0.0038300000000000001,0.0044528999999999992,-0.0016412999999999996,-0.0034226,-0.00055430000000000063,-0.0025026000000000007,-0.0053460999999999995,-0.0021617999999999993,0.0108071,0.0051158000000000002,0.0092076000000000015,-0.0071163999999999993,0.0013133000000000001,-0.0015081999999999999,8.6000000000000329e-06,-0.00078839999999999976,0.0040902999999999998,-0.00077629999999999973,-0.0015447,0.0005172000000000001,0.00099810000000000003,0.0014715000000000002,0.00040900000000000018,0.0013572999999999997,0.0025225999999999998,-0.00030939999999999982,-0.0010871999999999998,0.0010353000000000001,-0.00091929999999999996,0.0017666999999999997,0.0008560000000000001,0.0012882999999999998,-0.0012213,-0.0026126000000000001,0.0022925999999999997,0.0014394999999999996,-0.0018647,-0.002506,0.0017732999999999998,0.0032021000000000003,-0.0026095000000000003,0.0013506999999999998,-0.0044109000000000006,-0.0027866000000000002,-0.00080190000000000003,-0.0052030000000000002,-0.00038699999999999997,-0.00076449999999999988,0.00053410000000000003,0.0019702999999999999,-0.00016949999999999995,-0.0041927000000000006,-0.0012279999999999999,-0.00065539999999999999,0.0030711999999999996,0.00092239999999999998,-0.00068470000000000011,0.0064354,0.0036356000000000001,-0.0022908999999999994,0.00012640000000000004,-0.0026699000000000002,-0.00090979999999999989,0.0030994000000000004,0.0033890000000000001,-0.0022199999999999998,-0.0010750000000000004,-0.0045193000000000004,0.0021635999999999999,-0.00010619999999999998,-0.0018121000000000001,0.016175000000000002,-0.0004927,0.0069212999999999992,-0.0003321000000000001,-0.0053872,-0.0011213,-0.00068039999999999984,0.00064630000000000004,-0.00026669999999999992,0.0011676999999999998,-0.00048210000000000006,-0.00068959999999999985,0.00026229999999999998,0.00093929999999999968,-0.00021250000000000007,0.0017599,-0.0013847,0.0001875,-0.0010758999999999996,0.00012890000000000015,0.00089459999999999974,0.00082229999999999988,-0.0042104999999999998,0.0018273999999999999,-0.0013695999999999999,-0.00060440000000000005,0.0011927000000000001,-0.0014741000000000003,0.0010317,-0.0005688999999999999,8.5500000000000018e-05,-0.0011107999999999999,0.00084960000000000005,-0.0020798000000000001,0.0027711999999999997,0.00074969999999999995,-0.0010026,0.0007310000000000001,0.00028699999999999998,-0.0012125999999999999,0.00068899999999999994,-0.0015513000000000002,-0.0011740000000000001,0.00093129999999999971,-0.0025231999999999997,0.00059249999999999949,-0.0048019999999999998,-0.0015401,0.0012717999999999998,-0.0020934,-0.0031332,0.0033604999999999998,-0.0026411000000000004,0.0015654999999999998,0.00099299999999999996,0.00063539999999999994,0.0024515000000000001,-0.0025807999999999994,0.0028486000000000006,-0.0012825999999999998,-0.00071840000000000001,0.0019266999999999999,0.0020523,-0.0030404999999999994,0.0026309000000000003,-0.0011079999999999996,-0.00085240000000000001,0.0030797000000000003,-0.0052872000000000006,-0.0002030999999999999,1.4000000000000123e-05,0.0024573999999999998,0.0012607000000000007,-0.0037593999999999995,0.00019769999999999998,0.0010546999999999998,-0.0015255999999999998,0.00098979999999999966,-4.4000000000000527e-06,-0.0019046999999999998,-0.00081499999999999986,-0.00059719999999999999,0.0010574,0.00061759999999999983,-0.0025062999999999999,0.0019117000000000001,-0.0023677000000000004,-0.0010116999999999999,-0.00077729999999999997,-0.00061479999999999998,-0.0014496000000000001,0.0024304000000000001,0.00037070000000000012,0.0018517999999999998,0.00014699999999999972,-0.0018939,-4.2800000000000065e-05,0.0011991999999999999,0.0012367999999999999,-0.0019747000000000002,0.0018078,0.00041559999999999996,0.00085880000000000006,-0.0025133999999999998,-0.00053359999999999985,0.00017650000000000006,0.0001334000000000001,0.0021191000000000001,0.0022722999999999997,-0.0005574,0.0024158999999999999,-0.0010483999999999999,-0.00099340000000000019,0.00071509999999999998,7.7199999999999925e-05,0.0037948999999999995,0.0015770000000000001,0.0011852,0.0014725000000000003,-0.0003372999999999998,-0.0022809000000000002,-0.00038060000000000009,-0.0016735999999999999,0.00083830000000000016,-0.0019425999999999996,-0.0006100000000000003,-0.00084609999999999991,-0.00021020000000000001,-0.00044529999999999998,0.00039790000000000008,-0.00066809999999999992,-0.0026784000000000001,-0.00049939999999999978,0.00048240000000000002,0.00068179999999999998,-9.3600000000000107e-05,-0.0011793999999999999,-0.00084920000000000004,0.0051115999999999991,-0.0012574999999999999,0.00044479999999999997,0.00032469999999999992,0.0043300999999999999,0.0061656999999999997,-0.0035817999999999996,0.0016965999999999997,0.0013289000000000003,-0.0028181999999999999,0.00094149999999999995
aug_between_class_right_pair0039_child07,TLE,1,1,Augmented,0,0,0,0,0,0.2411198,1.9250463999999998,-3.9999999999999988e-07,-7.9999999999999996e-07,-1.9999999999999991e-07,0.95149099999999998,0,0.023973600000000001,-0.1234608,0.041043400000000001,0.074281800000000009,-0.037838600000000007,0.053101999999999996,0.010975199999999997,-0.0074657999999999999,-0.011296599999999999,-0.085753200000000002,0.30372100000000002,-0.086902599999999997,0.030286000000000004,0.074007000000000003,0.010541400000000001,-0.015373,-0.0004442000000000005,-0.043306600000000001,0.015354,0.026831199999999999,-0.070696200000000001,0.0076927999999999988,-0.1060508,0.0252502,0.039803199999999997,-0.024957400000000001,0.032612000000000002,-0.0024856000000000027,-0.037388999999999999,0.0343568,-0.048858400000000003,-0.039782200000000004,0.10436619999999999,-0.0211224,0.17947180000000001,-0.056935199999999998,0.0070661999999999999,-0.0029788000000000002,-0.0042462000000000003,-0.0173986,-0.0010696,0.030837800000000002,-0.0028332000000000001,-0.0026519999999999998,-0.0157594,-0.023414000000000001,0.0053873999999999988,0.036936000000000004,0.020052799999999999,0.0125494,-0.0013428000000000008,-0.0014059999999999997,0.0108474,-0.0335296,0.0024078000000000003,0.0070230000000000015,-0.010088000000000001,0.051599400000000004,-0.081231400000000009,-0.022680800000000001,-0.021025599999999998,-0.0308182,0.0064226000000000005,0.0015210000000000002,8.4799999999999947e-05,0.018976,0.0051517999999999998,-0.0066318000000000019,-0.018625799999999998,0.0016014000000000002,0.018218199999999997,-0.0028633999999999999,0.0031448000000000001,0.0042047999999999999,-0.013126599999999999,0.00065920000000000041,0.0089309999999999997,-0.0029833999999999998,-0.0059966000000000004,-0.0074703999999999986,0.017134999999999997,-0.0068269999999999997,-0.0034642000000000006,-0.0047255999999999999,-0.0088132000000000002,0.0075319999999999996,-0.0075923999999999991,-0.0042302000000000008,0.0048581999999999992,-0.0147598,-0.0027585999999999999,0.00072999999999999975,-0.0021982,0.020899399999999999,-0.0031365999999999998,-0.00080899999999999982,-0.0014518000000000001,-0.00090020000000000009,-0.0045041999999999999,0.0101168,-0.0049918000000000002,-0.0013422,0.00034859999999999958,0.0044036000000000006,0.00066140000000000079,-0.0023005999999999999,0.0060540000000000004,0.0081735999999999996,0.0025799999999999998,-0.0020414000000000001,0.0088039999999999993,-0.0034070000000000003,0.0023610000000000003,-0.0054971999999999998,0.011727399999999999,-0.0028654000000000006,-0.0059522000000000004,0.010635,0.0034989999999999995,-0.0032719999999999997,-0.0066738000000000006,0.0027028,0.0028863999999999999,0.0002829999999999994,0.0031967999999999996,-0.0040090000000000004,-0.014491199999999999,-0.0019146000000000002,-0.010023000000000001,0.00068719999999999979,0.0005007999999999996,-0.0037588000000000009,-0.007903000000000002,-9.6200000000000197e-05,0.0020750000000000005,-0.00035040000000000001,-0.00020980000000000017,-0.0062317999999999991,0.00018419999999999998,0.0023100000000000004,-0.0066029999999999995,0.00016819999999999997,-0.0062767999999999999,0.0022534,0.0013462000000000001,0.0012112,0.0039255999999999996,-0.0010962000000000001,-0.0036154000000000004,-0.0067752000000000003,-0.0023402000000000002,0.0018744000000000007,-0.00027200000000000054,-0.0033026000000000002,0.0061985999999999994,0.0018867999999999999,-0.0054137999999999999,-0.0021929999999999996,-0.0049164000000000005,-0.00072519999999999963,-0.0047006000000000001,-0.0085956000000000001,0.0030895999999999996,-0.00054399999999999978,0.0020231999999999993,0.0023731999999999998,-0.0089916000000000006,0.0035383999999999997,0.0105366,0.00035559999999999997,0.00067739999999999988,0.0079526000000000006,-0.0054536000000000003,0.00084139999999999996,-0.0082853999999999983,0.0054004000000000005,0.0030786000000000003,-0.017381999999999998,0.0061679999999999999,0.0025376000000000001,-0.0024840000000000001,0.0024419999999999997,-0.00089800000000000014,-0.00097379999999999993,-0.00070799999999999986,0.0033825999999999999,-0.00030100000000000011,-0.0015865999999999999,0.0020544000000000001,0.0035983999999999999,-0.0056016,0.0012466000000000003,0.00063619999999999996,0.00070379999999999998,-0.0034223999999999999,-0.00054960000000000024,0.00024639999999999997,0.00070779999999999975,-0.0018511999999999999,0.0018684000000000001,0.0001690000000000001,-0.0056425999999999994,-0.0065126000000000003,0.0011558000000000002,0.0019709999999999997,0.00044039999999999965,0.0018824,0.0034600000000000004,-0.0016862000000000005,-0.0034182000000000001,-0.0019691999999999995,0.00065160000000000001,-0.0048438000000000005,0.00021339999999999998,0.012160799999999999,-0.0072979999999999989,0.0051331999999999992,-0.0017311999999999996,0.0019798000000000003,0.00014360000000000067,0.0076871999999999991,0.0030324000000000002,0.0094541999999999994,-0.0045668000000000002,0.0032272000000000004,-0.0016112000000000006,-0.016305,0.0090696000000000006,-0.015074000000000001,0.0026330000000000008,-0.0039312000000000001,0.0015426000000000001,-0.00096639999999999985,0.0017669999999999999,-0.0032243999999999997,-0.0012952,-0.0035479999999999999,1.4400000000000052e-05,0.00052779999999999993,-0.00023059999999999986,-0.0023580000000000003,0.00092880000000000002,0.0010163999999999998,-0.0021550000000000002,0.0039473999999999993,0.0013241999999999998,-0.0019128000000000001,0.00032899999999999987,0.0052572000000000001,-0.0011058000000000001,8.3600000000000026e-05,-0.0020132000000000006,0.0010273999999999999,0.0040287999999999999,-0.0038179999999999998,0.0029188,0.0026226000000000001,-0.0023839999999999998,0.0012516000000000003,0.0016344000000000003,0.0003577999999999997,0.0025945999999999999,0.0018908000000000002,0.0033205999999999999,-0.0017117999999999999,-0.0030360000000000001,0.0051175999999999999,-0.0018363999999999998,0.0014327999999999999,0.0043762000000000002,0.0022875999999999994,-0.0039490000000000003,-0.0023721999999999997,-0.0013778,0.00082219999999999993,-0.0040810000000000004,0.0044695999999999998,-0.0021252000000000003,-0.0035604,-0.00033820000000000031,-0.0022043999999999996,-0.0058983999999999998,-0.0027492000000000003,0.011278400000000001,0.0054852000000000008,0.0089054000000000008,-0.0072706000000000003,0.0007861999999999997,-0.0013837999999999999,-8.0599999999999994e-05,-0.00090059999999999999,0.0038081999999999999,-0.0008571999999999998,-0.0015747999999999999,0.00024579999999999985,0.0010264,0.001663,0.00013899999999999991,0.0016911999999999999,0.0024704000000000002,-0.00037060000000000001,-0.0015298000000000002,0.0010422000000000001,-0.0010322,0.0018877999999999996,0.00074599999999999981,0.0016082,-0.0013221999999999999,-0.0025363999999999999,0.0023603999999999999,0.0017309999999999997,-0.0020477999999999998,-0.0026120000000000002,0.0019102000000000004,0.0029934000000000002,-0.0027109999999999999,0.0016028000000000001,-0.0049096000000000001,-0.0027794000000000004,-0.00077359999999999994,-0.005587,-0.00015299999999999992,-0.0012430000000000004,0.00021339999999999982,0.0021502000000000001,-0.00050700000000000007,-0.0043208000000000014,-0.0015880000000000004,-0.00088260000000000009,0.0034007999999999998,0.00089860000000000005,-0.00047679999999999988,0.0060946000000000004,0.0041844000000000004,-0.0026476,0.00012460000000000005,-0.0026915999999999997,-0.0010292000000000003,0.0030066000000000003,0.0035210000000000003,-0.002032,-0.0010879999999999996,-0.0045371999999999999,0.0021524000000000001,-7.3799999999999951e-05,-0.0021744000000000004,0.016960000000000003,-0.00051179999999999997,0.0075102000000000007,-0.00017140000000000037,-0.005539800000000001,-0.0011522000000000001,-0.00088659999999999997,0.00063820000000000001,-0.00075579999999999994,0.0015358000000000004,-0.00031840000000000004,-0.00081539999999999998,0.00027819999999999999,0.0010972,-8.0999999999999922e-05,0.0018146,-0.0013468,0.00031100000000000008,-0.0014556,-9.2399999999999861e-05,0.0012013999999999996,0.00090419999999999986,-0.0043890000000000005,0.0017856,-0.0014264,-0.00047459999999999999,0.0011027999999999999,-0.0015143999999999999,0.0011018,-0.00081060000000000008,-5.0000000000000057e-05,-0.0012982,0.00051139999999999964,-0.0022962,0.0026987999999999999,0.00072280000000000011,-0.0010103999999999998,0.00061999999999999989,0.00026599999999999996,-0.0013054,0.00078699999999999994,-0.0018312000000000007,-0.00097499999999999996,0.0010302,-0.0024077999999999999,0.00065199999999999959,-0.0052250000000000005,-0.0016334000000000001,0.0015761999999999998,-0.0018255999999999997,-0.0031608000000000001,0.0032940000000000009,-0.0026764000000000007,0.0018090000000000001,0.00096400000000000001,0.00059159999999999963,0.0022469999999999999,-0.0028781999999999992,0.0030004000000000003,-0.0014123999999999996,-0.00082060000000000021,0.0017388,0.0021932000000000002,-0.003075,0.0021855999999999998,-0.0018260000000000004,-0.00082459999999999999,0.0030628000000000001,-0.0043927999999999997,-0.00025740000000000008,-0.00013600000000000049,0.0028565999999999995,0.00028480000000000042,-0.0037096,0.00020180000000000003,0.0010977999999999999,-0.0015344,0.0014271999999999998,6.1400000000000029e-05,-0.0020887999999999996,-0.00091799999999999998,-0.00063480000000000003,0.00088459999999999993,0.00071739999999999998,-0.0028462000000000001,0.0016088000000000001,-0.0023498,-0.0010788,-0.00083319999999999998,-0.00059319999999999989,-0.0013724000000000002,0.0025986000000000004,0.00056480000000000028,0.0020401999999999998,0.00069000000000000008,-0.0018536000000000002,8.1800000000000145e-05,0.0013638000000000001,0.0012251999999999999,-0.0019618000000000001,0.0015791999999999998,0.00051840000000000002,0.00090320000000000005,-0.0025806000000000002,-0.00070140000000000014,6.6999999999999934e-05,-0.00023140000000000018,0.0019323999999999999,0.0027912000000000006,-0.00070560000000000024,0.0026616000000000005,-0.0010035999999999999,-0.00077359999999999994,0.0007363999999999999,0.00010880000000000004,0.0041686000000000006,0.0017620000000000003,0.0011068,0.0013259999999999999,-0.00054120000000000014,-0.0021505999999999999,-0.00028739999999999999,-0.0019394,0.0010612000000000002,-0.0021104000000000001,-0.00075600000000000016,-0.0010454000000000001,-0.00028880000000000008,-0.00056420000000000005,0.00037460000000000011,-0.00080540000000000006,-0.0027166,-0.00073760000000000015,0.0004285999999999999,0.00064219999999999989,-8.7400000000000281e-05,-0.0015376000000000001,-0.00045379999999999986,0.0055424000000000003,-0.0013900000000000002,0.00047920000000000005,0.00041679999999999999,0.0043093999999999997,0.0062868000000000004,-0.0040712000000000005,0.0015473999999999996,0.0010605999999999997,-0.0030478000000000002,0.0012480000000000004
aug_between_class_right_pair0039_child08,TLE,1,1,Augmented,0,0,0,0,0,0.23494690000000001,1.9226417,-1.9999999999999999e-07,-8.9999999999999996e-07,-9.9999999999999916e-08,0.95348750000000004,0,0.022566800000000005,-0.1213484,0.041255699999999992,0.075665400000000008,-0.036858800000000004,0.051209999999999992,0.0102071,-0.0098539000000000005,-0.0088222999999999999,-0.086345599999999995,0.30073349999999999,-0.086385299999999998,0.036587999999999996,0.074004,0.011957700000000002,-0.015566,-0.00032509999999999961,-0.041889299999999997,0.015994000000000001,0.025021599999999998,-0.074261599999999997,0.0079778999999999996,-0.10780490000000001,0.0254956,0.040275600000000002,-0.026326200000000001,0.034423000000000002,-0.0059333000000000042,-0.037578,0.034717399999999995,-0.047249199999999998,-0.038656099999999999,0.1042261,-0.020655200000000002,0.1780089,-0.058618099999999999,0.0070136,-0.0033794000000000003,-0.0046791000000000003,-0.0160083,-0.0011417999999999992,0.031440900000000001,-0.0027136,-0.0023504999999999993,-0.015198699999999999,-0.023803000000000001,0.0049902000000000002,0.039905000000000003,0.0188784,0.0120702,-0.0015604000000000008,-0.00090199999999999992,0.010432700000000001,-0.032563300000000003,0.0025329000000000003,0.0085179999999999995,-0.011546500000000001,0.053237699999999999,-0.0811862,-0.026316399999999997,-0.020139299999999999,-0.031290100000000001,0.0061273000000000005,0.0018289999999999999,8.9899999999999963e-05,0.019224500000000002,0.0042924,-0.0079164000000000005,-0.018821900000000003,0.00093019999999999995,0.019441099999999999,-0.0024552000000000003,0.0028784000000000001,0.0043068999999999998,-0.012703800000000001,0.0014926000000000002,0.0090799999999999995,-0.0046757000000000005,-0.0064878000000000002,-0.0059636999999999997,0.015900999999999998,-0.0058785,-0.003136100000000001,-0.0053853,-0.0080235999999999988,0.0076494999999999992,-0.0069966999999999989,-0.0050825999999999996,0.0039240999999999998,-0.0146479,-0.0023433000000000004,-0.0024145,-0.0017636000000000006,0.019368699999999999,-0.0033103000000000004,-0.0020009999999999997,-0.0015494000000000003,-0.00091810000000000004,-0.0045130999999999999,0.0097394000000000005,-0.0054239000000000006,-0.0010020999999999997,0.00014879999999999982,0.0045057999999999999,0.0015787000000000002,-0.0024077999999999999,0.0067000000000000002,0.0073202999999999992,0.0021989999999999996,-0.0021571999999999997,0.0083704999999999995,-0.0036240000000000001,0.0024490000000000002,-0.0057445999999999999,0.0122302,-0.0033852000000000001,-0.0062991000000000002,0.011004,0.0037220000000000005,-0.0035190000000000004,-0.0068829,0.0029953999999999996,0.0024697,-0.00032750000000000053,0.0040104000000000008,-0.00413,-0.0143286,-0.0019318000000000004,-0.010375000000000001,0.0025720999999999999,3.3899999999999469e-05,-0.0043753999999999998,-0.0097635000000000013,-0.0007086000000000002,0.0028719999999999996,-0.00044269999999999997,-0.00041540000000000012,-0.0073808999999999993,0.00016109999999999996,0.0023565000000000001,-0.0067314999999999996,9.0600000000000034e-05,-0.006480399999999999,0.0023877,0.0016115999999999999,0.00095609999999999998,0.0046772999999999997,-0.0010640999999999999,-0.0039196999999999999,-0.0069740999999999996,-0.0024421,0.0023882000000000009,0.00016649999999999911,-0.0033343000000000001,0.0062578,0.0019294,-0.0058073999999999999,-0.0022654999999999997,-0.0050502000000000003,-0.00043710000000000016,-0.0046677999999999997,-0.0080678,0.0030747999999999999,-0.00068650000000000048,0.0017295999999999987,0.0017591,-0.0094477999999999993,0.0031022000000000003,0.011116299999999999,0.00034580000000000006,0.00059869999999999997,0.0076677999999999998,-0.0059838000000000001,0.00063270000000000004,-0.0068941999999999988,0.0059606999999999993,0.0035647999999999999,-0.018112499999999997,0.005986,0.0029303000000000003,-0.0025005000000000001,0.0024444999999999996,-0.00096100000000000005,-0.00070340000000000008,-0.00058449999999999995,0.0037027999999999996,-0.00048150000000000005,-0.0014197999999999997,0.0020096999999999997,0.0037191999999999998,-0.0057422999999999997,0.0011058000000000001,0.00030060000000000004,0.00075789999999999994,-0.0036736999999999998,-0.00090130000000000028,0.00018569999999999999,8.4899999999999895e-05,-0.0016400999999999998,0.0019676999999999997,0.00035100000000000018,-0.0059042999999999995,-0.0065913000000000005,0.0010843999999999997,0.0019304999999999999,0.00049669999999999988,0.0018552,0.0039430000000000003,-0.0021906,-0.0033175999999999991,-0.0020360999999999999,0.00090630000000000051,-0.0052789000000000013,0.00019320000000000003,0.0127619,-0.0078349999999999982,0.0057201000000000005,-0.0018390999999999998,0.0020214,0.00087830000000000069,0.0083446000000000006,0.0031407000000000002,0.0094170999999999994,-0.0051294000000000001,0.0032141000000000001,-0.0027531000000000001,-0.016782999999999999,0.0096553000000000003,-0.016154500000000002,0.0032140000000000007,-0.0039680999999999996,0.0016808000000000001,-0.00081169999999999994,0.0018145000000000001,-0.0034596999999999996,-0.0012975999999999999,-0.0037514999999999996,0.00020920000000000004,0.00049890000000000004,-9.8000000000000214e-06,-0.0025110000000000002,0.00096439999999999991,0.0010291999999999996,-0.0023720000000000004,0.0041876999999999991,0.0017191000000000003,-0.0021474000000000003,1.6500000000000008e-05,0.0054015999999999995,-0.00098090000000000004,0.00012180000000000003,-0.0025440999999999997,0.00077169999999999995,0.0041368999999999998,-0.0035069999999999997,0.0030819000000000003,0.0028853000000000004,-0.0025864999999999998,0.0017852999999999996,0.0017011999999999999,-0.00053810000000000034,0.0025617999999999999,0.0018799000000000003,0.0037307999999999998,-0.0013594,-0.0030815,0.0054413000000000005,-0.0021792000000000001,0.0010544,0.0049986000000000006,0.0016802999999999996,-0.0040844999999999996,-0.0016830999999999999,-0.0013589000000000001,0.00072909999999999989,-0.0043319999999999999,0.0044863000000000004,-0.0026091,-0.0036982,-0.00012210000000000042,-0.0019062000000000005,-0.0064507000000000002,-0.0033365999999999995,0.0117497,0.0058546000000000006,0.0086032000000000001,-0.0074247999999999996,0.00025909999999999996,-0.0012593999999999999,-0.00016980000000000001,-0.0010128000000000003,0.0035260999999999999,-0.00093809999999999987,-0.0016048999999999998,-2.5600000000000189e-05,0.0010547,0.0018544999999999998,-0.00013099999999999993,0.0020250999999999997,0.0024182000000000001,-0.0004318000000000002,-0.0019724,0.0010490999999999999,-0.0011451,0.0020089000000000001,0.00063599999999999996,0.0019281000000000001,-0.0014231000000000001,-0.0024602000000000001,0.0024281999999999997,0.0020225,-0.0022309000000000001,-0.0027179999999999999,0.0020471000000000005,0.0027847000000000002,-0.0028124999999999999,0.0018549000000000003,-0.0054083000000000004,-0.0027721999999999998,-0.00074529999999999996,-0.0059710000000000006,8.1000000000000126e-05,-0.0017215000000000002,-0.00010730000000000011,0.0023300999999999999,-0.0008445000000000002,-0.0044489000000000004,-0.0019480000000000001,-0.0011098000000000002,0.0037304,0.0008747999999999999,-0.00026889999999999998,0.0057537999999999999,0.0047331999999999999,-0.0030042999999999997,0.0001228,-0.0027132999999999992,-0.0011486000000000001,0.0029138000000000002,0.003653,-0.0018439999999999999,-0.0011010000000000004,-0.0045550999999999994,0.0021411999999999998,-4.1400000000000031e-05,-0.0025367000000000002,0.017745000000000004,-0.00053090000000000006,0.0080990999999999997,-1.0699999999999772e-05,-0.0056924000000000002,-0.0011831000000000001,-0.0010927999999999999,0.00063010000000000008,-0.0012449000000000002,0.0019039,-0.00015469999999999991,-0.00094119999999999989,0.00029409999999999999,0.0012550999999999997,5.0500000000000042e-05,0.0018693,-0.0013089,0.0004345000000000001,-0.0018353000000000002,-0.00031369999999999987,0.0015081999999999995,0.00098609999999999974,-0.0045675000000000004,0.0017438,-0.0014831999999999998,-0.00034479999999999998,0.0010129,-0.0015547,0.0011719,-0.0010522999999999999,-0.00018550000000000001,-0.0014856000000000001,0.00017319999999999966,-0.0025125999999999994,0.0026264000000000001,0.00069589999999999984,-0.0010181999999999999,0.00050900000000000012,0.00024499999999999999,-0.0013982000000000001,0.00088499999999999994,-0.0021110999999999994,-0.000776,0.0011290999999999999,-0.0022924,0.00071149999999999968,-0.0056479999999999994,-0.0017267000000000001,0.0018805999999999998,-0.0015577999999999998,-0.0031884000000000001,0.0032275000000000003,-0.0027117,0.0020524999999999996,0.00093500000000000007,0.00054779999999999955,0.0020425,-0.0031756000000000006,0.0031522000000000008,-0.0015422000000000001,-0.0009228000000000002,0.0015509,0.0023341,-0.0031094999999999999,0.0017402999999999997,-0.0025440000000000003,-0.00079679999999999996,0.0030458999999999998,-0.0034983999999999996,-0.00031170000000000026,-0.00028600000000000001,0.0032557999999999992,-0.00069109999999999961,-0.0036597999999999999,0.00020590000000000002,0.0011408999999999998,-0.0015432,0.0018645999999999997,0.0001272,-0.0022729,-0.001021,-0.00067240000000000008,0.00071179999999999995,0.00081719999999999991,-0.0031861000000000007,0.0013059,-0.0023319,-0.0011459,-0.00088909999999999998,-0.00057160000000000002,-0.0012951999999999998,0.0027668000000000002,0.00075890000000000007,0.0022285999999999999,0.0012330000000000004,-0.0018132999999999999,0.00020639999999999992,0.0015284000000000001,0.0012136,-0.0019489000000000002,0.0013506,0.00062120000000000003,0.00094760000000000005,-0.0026478000000000001,-0.0008692000000000002,-4.250000000000005e-05,-0.00059620000000000018,0.0017456999999999998,0.0033100999999999998,-0.00085380000000000005,0.0029073000000000002,-0.00095879999999999989,-0.00055379999999999991,0.00075770000000000004,0.00014040000000000005,0.0045423,0.0019470000000000002,0.0010284000000000001,0.0011795,-0.00074510000000000006,-0.0020203,-0.00019419999999999998,-0.0022052,0.0012841000000000003,-0.0022782000000000002,-0.00090200000000000046,-0.0012447000000000001,-0.00036740000000000015,-0.00068310000000000007,0.00035129999999999992,-0.00094269999999999998,-0.0027548,-0.00097579999999999997,0.0003748,0.00060260000000000001,-8.1199999999999805e-05,-0.0018958,-5.8399999999999685e-05,0.0059732000000000006,-0.0015225,0.00051360000000000002,0.00050890000000000006,0.0042886999999999995,0.0064079000000000002,-0.0045605999999999997,0.0013981999999999998,0.00079230000000000012,-0.0032774000000000002,0.0015545000000000003
aug_between_class_right_pair0040_child01,Healthy,0,0,Augmented,0,0,0,0,0,0.34375460000000002,1.9706699000000001,9.9999999999999995e-07,-1.1000000000000001e-06,9.0000000000000007e-07,1.0194722999999999,0,0.038147,-0.14141300000000001,0.031158399999999996,0.096620300000000006,-0.1014613,0.089331300000000002,-0.022094700000000002,0.0060391999999999998,0.015815200000000008,-0.10930390000000001,0.38099060000000001,-0.082724699999999998,-0.0032085999999999998,0.058185500000000001,-0.0117874,-0.024086,-0.0137982,-0.025149399999999999,0.011068999999999999,0.023594299999999999,-0.060601700000000001,0.0021868999999999999,-0.087668200000000002,0.010400900000000001,0.047453000000000002,-0.031040100000000001,0.016397399999999999,0.0010652000000000005,-0.033265699999999995,0.0324336,-0.067876500000000006,-0.033532299999999994,0.076540700000000003,-0.028398400000000001,0.21937770000000001,-0.063504199999999997,0.0044073999999999997,-0.0068962000000000016,-0.011672099999999999,-0.0040655999999999991,0.0033733999999999999,0.033623400000000005,-0.0017870000000000002,-0.0095014999999999995,-0.010755300000000001,-0.021716100000000002,-0.0064222999999999971,0.032838000000000006,0.016701799999999999,0.014927300000000001,-0.022341199999999999,0.0039911,0.0063429000000000003,-0.045276400000000001,-0.0063574999999999986,0.0047454999999999997,0.00076030000000000021,0.0042110000000000029,-0.058713699999999994,0.0085062999999999996,0.0027858000000000015,-0.0046709999999999998,-0.0018804000000000008,-0.00030360000000000006,0.0027740999999999998,0.016173099999999999,0.0065579999999999996,0.0078148999999999996,-0.0090685000000000002,0.0071089999999999999,0.019638299999999997,-0.0051622000000000005,0.0036180000000000001,0.0057263000000000001,-0.019715700000000003,0.0026781999999999995,-0.0027093000000000013,0.0084430000000000009,-0.0089487000000000004,-0.0111956,0.015475499999999998,-0.012201899999999998,-0.0065521999999999993,-0.012106599999999999,0.00060650000000000027,0.0023295,-0.013169800000000001,-0.0038926,0.0065795000000000003,0.0017529000000000017,0.015922499999999999,0.0147577,-0.0034777999999999996,0.0058079000000000013,-0.024657900000000003,0.0018966999999999999,0.0010886000000000001,0.0024295000000000002,-0.0059621000000000006,0.0095626999999999986,-0.0049132999999999998,-0.0014547,-0.0031860999999999999,0.0016424999999999994,-0.0043087999999999998,-0.0014842000000000002,0.011660299999999998,0.0133892,0.0010463000000000004,0.0040420999999999999,0.0019834999999999992,-0.0026467000000000001,-0.00054299999999999965,-0.0088513999999999989,0.0058697999999999997,0.00030949999999999966,-0.0039459000000000004,0.002550199999999999,0.0032216999999999992,0.013371999999999998,-0.011600900000000001,-0.0054123999999999995,-0.0053134999999999988,0.0038558000000000004,-0.011203499999999998,-0.0065100000000000002,-0.020254399999999999,-0.0024640999999999999,-0.0060263999999999995,-0.0036149000000000008,-0.011614299999999999,-0.0040821,0.0092264000000000009,0.0015193000000000001,-0.010043799999999999,-0.00096630000000000001,-0.0016548000000000001,-0.0048783000000000003,0.0022886,-0.0017813999999999996,0.00010790000000000018,0.0008407,-0.0054282999999999996,0.0048918,-0.0043210000000000019,0.00083259999999999985,0.0044042999999999999,0.0034510000000000009,-0.00079110000000000031,0.00029410000000000026,-0.0010604,-0.0017124,-0.0050298000000000009,-0.0023551000000000002,0.0021222999999999997,-0.00066930000000000071,0.0085391000000000009,-0.008634300000000001,-0.0035795999999999996,-0.0077732000000000009,-0.0044413999999999999,-0.0078652999999999987,-0.00031780000000000046,0.0042891000000000006,0.010166700000000001,0.0017748,-0.0015417999999999994,0.00033069999999999996,-0.00038640000000000028,0.0043318000000000002,-0.0022343000000000003,0.0030525000000000001,0.0012232000000000007,0.0027105000000000002,-0.0082161000000000005,0.0015839000000000001,-0.0026562000000000001,0.0072215000000000005,0.003518799999999999,-0.0024311000000000003,-0.0027531999999999999,0.00017429999999999985,-0.00093329999999999975,-0.0034653999999999996,0.0017248000000000001,0.00061710000000000009,-0.0010804,-0.00059349999999999984,0.0020355,0.0014469999999999999,-0.0034717000000000003,0.00027530000000000002,-0.00049030000000000005,0.0026868,-0.0064336000000000011,-7.5799999999999999e-05,0.0015169999999999999,-0.0036488999999999996,0.0016156999999999999,0.0054419000000000004,0.0049719000000000005,0.0020023000000000003,0.0018045000000000001,0.0074228000000000002,0.0062719000000000004,-0.0048636,0.0010005000000000001,0.0036795999999999999,0.0021096000000000001,0.0022072000000000003,0.0045818999999999999,0.00091859999999999989,-0.00026539999999999984,-0.00051430000000000009,0.0076032000000000001,-0.0026172000000000001,-0.0015589000000000002,0.0034757,-0.0030224999999999996,-0.0019811,-0.00015750000000000009,-2.7899999999999973e-05,-0.0039891000000000006,-0.00012760000000000007,-0.0074456999999999995,0.0003589000000000001,-0.0130285,0.0064669000000000003,-0.0089991999999999989,-0.011226099999999999,-0.0027115999999999998,0.0015022999999999998,-0.0010804,-0.00081660000000000001,-0.0028641000000000005,-0.0019298,0.0023155999999999997,0.00063219999999999997,0.0020412000000000004,-0.0034058999999999995,-0.0036353999999999996,0.00040999999999999999,0.0034851999999999999,0.0033234999999999996,-0.0016113999999999994,-0.00037820000000000009,0.0013965,0.0039255999999999996,0.0020844000000000001,-0.0049043999999999997,0.00043570000000000002,0.0032355999999999999,0.0046679,0.0025785000000000001,-0.0045818999999999999,-0.00061660000000000013,0.0013634999999999999,0.0017520000000000001,0.0013716000000000002,0.0053659999999999992,0.0032054000000000006,0.0046813999999999996,0.0018650999999999997,-0.0034253,-0.0014142999999999998,0.00057029999999999993,0.0018761999999999997,0.0002085,-0.0016773000000000001,-0.0010941000000000002,0.0016714,-0.0057687999999999993,-9.0600000000000088e-05,-0.0023946999999999996,-0.0021619999999999994,0.00059880000000000046,-0.0016843000000000003,-0.0023826000000000003,0.0051190999999999997,0.0029548,0.00064799999999999992,-0.0065266999999999999,0.0023536999999999998,0.0089662000000000006,-0.0063359999999999996,-0.00066070000000000061,-0.0043753999999999989,0.0048483999999999992,-0.00073920000000000008,0.00047939999999999994,0.0010065,-0.00027740000000000013,0.0025306999999999994,0.00021320000000000019,0.0016873000000000001,-0.00075070000000000041,-0.00088309999999999994,0.0017872000000000001,0.0024789999999999999,-0.0035253000000000003,0.0023194000000000001,-0.0011765,0.00090360000000000028,0.0013754000000000001,-0.0022534,-0.0015974999999999997,-0.0015374000000000002,0.00032060000000000009,-0.0013802999999999999,-0.0012845000000000001,-0.00065430000000000002,-0.00015400000000000006,-0.0030625000000000001,0.0026178999999999998,-0.00089670000000000049,-0.0007561,0.00030969999999999999,-0.00059480000000000004,0.00083890000000000006,-0.00098160000000000001,-6.7999999999997316e-06,-0.0021584999999999998,0.00079269999999999992,-0.00022589999999999999,0.0025821000000000004,0.0023218000000000002,0.0036077000000000001,-0.0014839000000000002,0.0012438,0.00081859999999999995,-0.0015068000000000004,0.0019479,0.0030081000000000001,0.0039910999999999992,-0.00030229999999999992,-0.0020826,-0.0051210000000000006,-0.0017862000000000002,0.0036662000000000001,0.0028293999999999997,-0.0010480999999999999,0.0069742000000000016,-0.0005112999999999998,-0.0020976000000000002,-0.0060215999999999993,0.0021228000000000002,0.0046516999999999999,0.00083360000000000053,-0.0020128999999999989,0.0056073,-0.0046783000000000007,-0.0005842,0.0017689999999999997,-0.0004509999999999998,0.0010073,-0.0015902999999999998,4.7999999999999866e-05,-0.00055060000000000005,-0.00088049999999999999,0.00033180000000000004,0.0002076,-0.0012377000000000002,-0.0009027000000000001,-0.00041910000000000005,0.00014930000000000005,0.0011088000000000001,-0.0016631999999999999,-0.0017716000000000003,-0.0010907,0.00094929999999999993,-0.0031027999999999997,0.0011372000000000001,0.0016964,-0.0018645000000000003,-0.0010957,-0.0023554000000000005,0.00023860000000000003,0.00034389999999999985,0.00060979999999999997,0.00011930000000000003,0.0037483999999999998,0.0013165,0.0016605000000000003,0.00097409999999999999,-0.00034869999999999996,0.0023386000000000001,-0.0015711000000000002,0.0033261999999999996,0.0023058000000000002,0.0013988999999999998,-0.0020700000000000002,0.0016501,-0.0021944,-0.0028023000000000002,0.0016096999999999999,0.00054430000000000017,-0.0013254999999999999,-0.0039658000000000011,0.0046823000000000004,-0.0023934,0.00060470000000000001,-0.0033940999999999997,-0.0012581000000000003,0.0035919999999999997,-0.0014181,0.00082479999999999988,0.0026881000000000006,-0.0015681,-0.0030157000000000005,0.0033815,-0.0016036000000000006,0.0039360000000000003,-0.0018289000000000001,0.0003608000000000001,-0.0011280999999999999,-0.0053198999999999998,-0.00017710000000000013,-0.0037117000000000001,0.0017396,0.0020030000000000004,-0.00017430000000000001,-0.0010587000000000001,0.0012559000000000001,-0.0024970999999999995,-2.509999999999996e-05,-0.0004236,0.0001708,-0.00067080000000000004,0.00096590000000000001,-0.0010331000000000001,-0.0003102,0.00049039999999999999,0.00047829999999999975,0.00079629999999999979,0.0004883,-0.00078439999999999998,0.00045910000000000005,-0.0014207,3.1900000000000016e-05,0.00011690000000000002,0.0015659999999999999,-6.4899999999999978e-05,0.0011502999999999999,0.0022551000000000003,0.0021368000000000003,-0.0011834,-0.0022765999999999997,0.00090200000000000002,0.000415,-0.0028105000000000005,0.00021129999999999999,0.0011309000000000002,-0.00078660000000000015,0.00052610000000000005,0.00037549999999999997,-0.00048110000000000004,-0.0020221000000000002,-0.00095379999999999998,0.00010800000000000002,-0.0015468999999999999,-0.0016175999999999999,0.0016381000000000002,0.00038619999999999995,-0.00055039999999999993,-0.0016083999999999998,0.0028427000000000001,-0.00039309999999999974,-0.0023623999999999993,-0.00028680000000000003,0.00036589999999999995,0.0020084,-0.00059830000000000018,-0.00027459999999999995,0.00017370000000000005,-0.0011401999999999999,-0.0013496000000000001,0.0029586,-0.0033209000000000008,-0.00032529999999999999,0.00019710000000000002,-0.0027623000000000005,0.0040799,0.00068019999999999995,-0.0016756000000000002,0.00038000000000000013,-0.0025547999999999999,9.8399999999999952e-05,0.0047118000000000012,-0.00043990000000000001,0.0025839999999999999,-3.709999999999998e-05,-0.00027060000000000002,-0.00017080000000000003,-0.0018764999999999999,0.0020977000000000001
aug_between_class_right_pair0040_child02,Healthy,0,0,Augmented,0,0,0,0,0,0.33813520000000002,1.9538968000000001,1.0000000000000002e-06,-1.1999999999999999e-06,7.9999999999999996e-07,0.99950260000000002,0,0.037187000000000005,-0.14000899999999999,0.031041799999999998,0.097517599999999996,-0.1037626,0.089768600000000004,-0.021278400000000003,0.0037674000000000006,0.013054400000000001,-0.1038038,0.37570320000000001,-0.081567399999999998,-0.0040451999999999997,0.053482999999999996,-0.0061758000000000013,-0.024381,-0.013093400000000002,-0.024383800000000001,0.012734999999999998,0.023064600000000001,-0.061148399999999999,0.0018687999999999997,-0.0863284,0.0103678,0.049085999999999998,-0.032363200000000002,0.015717799999999997,0.00029640000000000048,-0.035404400000000003,0.032341200000000001,-0.065745999999999999,-0.033971599999999998,0.079688399999999993,-0.0277898,0.21511240000000001,-0.064149399999999995,0.0043447999999999994,-0.0068404,-0.011636199999999999,-0.0041241999999999997,0.0035838000000000003,0.033004800000000001,-0.0019479999999999999,-0.0085539999999999991,-0.010341599999999999,-0.0206392,-0.0045055999999999968,0.032591000000000002,0.016876599999999999,0.0150186,-0.021633400000000001,0.0035852000000000002,0.0062477999999999995,-0.044220799999999998,-0.0067489999999999998,0.0055240000000000003,2.2600000000000224e-05,0.0027179999999999982,-0.063142400000000001,0.0071795999999999978,-0.0017454000000000011,-0.00077199999999999838,-0.0034487999999999984,-0.00081520000000000008,0.0031621999999999996,0.0163792,0.0059429999999999995,0.0080598000000000006,-0.008829,0.0073039999999999997,0.0188276,-0.0047933999999999997,0.0036579999999999998,0.0060946000000000004,-0.020360400000000001,0.0030474,-0.0017496000000000005,0.0086810000000000012,-0.0088044000000000004,-0.0122262,0.014761999999999997,-0.013143799999999999,-0.0058393999999999998,-0.013006199999999999,0.00065899999999999986,0.0017189999999999998,-0.0125796,-0.0057071999999999999,0.0081050000000000011,0.0012858000000000019,0.014756999999999999,0.015592400000000001,-0.0032796000000000006,0.0069238000000000008,-0.024617800000000002,0.00079139999999999983,0.0014201999999999999,0.0019729999999999999,-0.0059031999999999999,0.0094923999999999998,-0.0050036000000000004,-0.0019864000000000001,-0.0026432000000000001,0.0014839999999999992,-0.0040096000000000003,-0.0021683999999999996,0.011550600000000001,0.0127464,0.0012485999999999999,0.0034622000000000003,0.0026669999999999992,-0.0026954000000000001,-0.00017099999999999971,-0.0088728000000000001,0.0059695999999999985,-0.00078200000000000003,-0.0043487999999999999,0.0027853999999999995,0.0026763999999999998,0.013124,-0.011350800000000001,-0.0051938000000000002,-0.0056099999999999987,0.0030826000000000004,-0.010276,-0.0072639999999999996,-0.020059799999999999,-0.0019331999999999999,-0.0058808000000000003,-0.0048208000000000001,-0.010542600000000001,-0.0055611999999999997,0.0080878000000000009,0.0023976000000000002,-0.010030600000000001,-0.0010846,-0.0017976000000000003,-0.0048346000000000005,0.0021472000000000002,-0.0014677999999999998,-0.00018219999999999998,0.00049839999999999997,-0.0052385999999999995,0.0047616000000000012,-0.0038300000000000014,0.0011261999999999999,0.0043606000000000001,0.0034020000000000005,-0.0011592000000000002,0.00031120000000000041,-0.0015598000000000001,-0.0020658,-0.0051686000000000006,-0.0017501999999999999,0.0022586000000000004,-0.00034460000000000003,0.0078051999999999991,-0.0075256000000000003,-0.0037101999999999999,-0.0070934000000000006,-0.0042567999999999998,-0.0078975999999999994,-0.00014560000000000007,0.0037602,0.0094644000000000013,0.0018515999999999997,-0.0019005999999999997,7.439999999999964e-05,-0.00018480000000000059,0.0036036000000000002,-0.0022596000000000001,0.0024630000000000008,0.00064840000000000036,0.0026109999999999996,-0.0077701999999999997,0.0017897999999999998,-0.0028544,0.0080950000000000015,0.0026685999999999984,-0.0028722000000000001,-0.0027054000000000002,0.00027859999999999994,-0.00098859999999999964,-0.0029718000000000001,0.0015556000000000001,0.0011942000000000001,-0.0012997999999999998,-0.00036099999999999978,0.0020709999999999999,0.00156,-0.0032253999999999998,0.00030060000000000004,-0.00090160000000000012,0.0026656000000000002,-0.0059382000000000011,1.9400000000000011e-05,0.0014190000000000001,-0.0038617999999999999,0.0016693999999999997,0.0054337999999999999,0.0043377999999999993,0.0013456000000000006,0.0018099999999999995,0.0079176000000000003,0.0066268000000000004,-0.0046672000000000007,0.0005399999999999999,0.0037862,0.0016722,0.0023064000000000001,0.0041267999999999999,0.00043920000000000005,0.00011919999999999986,-0.00067360000000000011,0.0076113999999999999,-0.0025904000000000001,-0.0020357999999999999,0.0035964,-0.0022169999999999998,-0.0023631999999999998,0.0008020000000000002,-0.00019080000000000008,-0.0031792000000000009,-0.00051719999999999999,-0.0072613999999999995,7.7799999999999831e-05,-0.012839000000000001,0.0057917999999999997,-0.0092394,-0.010462200000000001,-0.0026241999999999997,0.0013535999999999999,-0.00097880000000000016,-0.0011052000000000002,-0.0023482000000000008,-0.0018536,0.0017072000000000001,0.00058839999999999999,0.0019384000000000003,-0.0035098,-0.0032667999999999998,0.00027099999999999997,0.0037423999999999999,0.0029220000000000001,-0.0014997999999999995,-0.00041439999999999999,0.0012400000000000002,0.0037242,0.0025038,-0.0048038000000000004,0.00047639999999999998,0.0031112000000000006,0.0045228000000000004,0.0023119999999999998,-0.0044877999999999993,-0.00054120000000000014,0.001446,0.0014400000000000003,0.0013872000000000003,0.0052040000000000003,0.0029378,0.0045027999999999995,0.0014312000000000001,-0.0029935999999999999,-0.0016676,0.00094760000000000005,0.0019524,9.5000000000000032e-05,-0.0016195999999999999,-0.00099220000000000037,0.0014938,-0.0055605999999999997,-0.00021020000000000001,-0.0023173999999999998,-0.0016530000000000004,0.00042259999999999997,-0.0017276000000000004,-0.0022642000000000001,0.0047362000000000003,0.0019055999999999999,0.0010539999999999998,-0.0064774000000000003,0.0029173999999999997,0.0079324000000000009,-0.0057409999999999996,-0.00076639999999999998,-0.0050827999999999993,0.0049618000000000006,-0.00071440000000000002,0.00026779999999999995,0.00096500000000000015,-0.00046980000000000004,0.0024583999999999999,9.5400000000000042e-05,0.0016166000000000002,-0.00075840000000000022,-0.0010762,0.0016694000000000001,0.0023709999999999998,-0.0032526000000000005,0.0022468000000000002,-0.0011030000000000002,0.00064820000000000003,0.0012668000000000002,-0.0021608,-0.0014409999999999994,-0.0013068000000000001,0.00016820000000000019,-0.00087359999999999977,-0.00097699999999999957,-0.00070859999999999999,-0.00016199999999999982,-0.0030210000000000002,0.0024098000000000001,-0.00062640000000000026,-0.00061620000000000002,0.00011739999999999995,-0.00074859999999999987,0.00081480000000000007,-0.00088920000000000004,8.3400000000000184e-05,-0.0022190000000000001,0.00077240000000000013,-0.00018479999999999994,0.0027322000000000002,0.0022675999999999998,0.0030964000000000005,-0.0013828,0.00091759999999999997,0.00042719999999999998,-0.0017096000000000001,0.0019197999999999999,0.0026841999999999999,0.0035741999999999996,-0.00039559999999999997,-0.0017172000000000003,-0.0049109999999999996,-0.0020964,0.0039174000000000006,0.0025528,-0.0011241999999999999,0.0067904000000000003,4.240000000000038e-05,-0.0023592000000000001,-0.0056792000000000006,0.0014976,0.0053904000000000001,0.00032419999999999997,-0.0021597999999999999,0.0060066000000000008,-0.0041536000000000003,-0.00051939999999999994,0.0015560000000000001,-0.0005340000000000004,0.00076160000000000008,-0.0014375999999999998,-8.1000000000000017e-05,-0.0005842,-0.00083300000000000019,0.00020560000000000009,0.00033520000000000002,-0.0011504,-0.00048040000000000013,-0.00019019999999999993,-0.00018640000000000003,0.0011156,-0.0015264,-0.0018172000000000002,-0.00090240000000000003,0.0009856000000000001,-0.0026646,0.0007804,0.0013728000000000002,-0.0016299999999999999,-0.0013694000000000002,-0.0022428000000000005,0.00024720000000000005,0.00042779999999999999,0.00024459999999999987,0.00022659999999999998,0.0036127999999999998,0.0012850000000000001,0.0016800000000000007,0.0010172,-0.00024939999999999999,0.0020791999999999998,-0.0012371999999999999,0.0030604000000000004,0.0020756000000000008,0.0014307999999999999,-0.0014890000000000001,0.0012102,-0.0023368,-0.0025345999999999997,0.0013263999999999999,0.00046960000000000057,-0.0010619999999999998,-0.0039316000000000004,0.0043526000000000007,-0.0021488000000000002,0.00046539999999999993,-0.0034751999999999995,-0.0015002000000000001,0.003673,-0.0016031999999999999,0.00061459999999999987,0.0023102000000000001,-0.0015292000000000001,-0.0026154000000000004,0.0030930000000000003,-0.0013752000000000005,0.0035170000000000002,-0.0018557999999999999,0.00048060000000000008,-0.00093819999999999993,-0.0052878000000000005,0.0001397999999999996,-0.0037064000000000003,0.0018302000000000001,0.001689,-0.00020460000000000009,-0.00094640000000000002,0.0012627999999999999,-0.0021791999999999996,8.9800000000000041e-05,-0.0003592,0.00018359999999999999,-0.00065260000000000014,0.00095379999999999998,-0.0010102000000000002,-0.00037540000000000002,0.00036680000000000003,0.00035859999999999983,0.00071560000000000005,0.00040260000000000003,-0.00079180000000000027,0.00035120000000000013,-0.0013214000000000004,-4.7199999999999955e-05,0.00020680000000000001,0.001596,4.8200000000000033e-05,0.0010156000000000002,0.0021832000000000002,0.0020186000000000002,-0.0009588,-0.0022672,0.00078600000000000002,0.000379,-0.0025330000000000001,0.00015860000000000003,0.00092980000000000005,-0.00084420000000000003,0.00033220000000000011,0.00072499999999999995,-0.00045220000000000004,-0.0018132000000000005,-0.00090760000000000005,0.00015700000000000013,-0.0012277999999999998,-0.0014962000000000005,0.0012102000000000007,0.00057140000000000001,-0.00037979999999999996,-0.0012508,0.0027584000000000003,-0.00046519999999999982,-0.0023888,-0.00039760000000000002,0.00011680000000000002,0.0018978000000000003,-0.00030060000000000026,-0.00050920000000000002,0.00043840000000000014,-0.0013414,-0.0014052000000000001,0.0026821999999999996,-0.0028538000000000005,-0.00032759999999999999,0.00033419999999999999,-0.0026105999999999994,0.0036678000000000006,0.00038039999999999971,-0.0014261999999999999,0.00046399999999999957,-0.0026335999999999998,0.00041680000000000005,0.0042056000000000003,-0.00026279999999999988,0.0024169999999999999,0.00016879999999999998,-0.00040920000000000008,3.3400000000000053e-05,-0.0020579999999999999,0.0020883999999999998
aug_between_class_right_pair0040_child03,Healthy,0,0,Augmented,0,0,0,0,0,0.33251580000000003,1.9371237000000001,9.9999999999999995e-07,-1.2999999999999998e-06,6.9999999999999986e-07,0.97953289999999993,4.1359030627651384e-25,0.036227000000000002,-0.13860500000000001,0.0309252,0.0984149,-0.1060639,0.090205900000000006,-0.020462099999999997,0.0014955999999999997,0.0102936,-0.098303700000000008,0.37041580000000002,-0.080410099999999998,-0.0048817999999999995,0.048780500000000004,-0.00056419999999999994,-0.024676,-0.012388600000000001,-0.023618200000000002,0.014400999999999999,0.0225349,-0.061695100000000003,0.0015507000000000003,-0.084988599999999997,0.0103347,0.050719,-0.033686300000000002,0.015038199999999998,-0.00047239999999999782,-0.037543099999999996,0.032248800000000001,-0.063615500000000005,-0.034410899999999994,0.082836099999999996,-0.027181200000000003,0.21084710000000001,-0.064794599999999994,0.0042821999999999999,-0.0067846,-0.011600299999999999,-0.0041828000000000004,0.0037941999999999997,0.032386200000000004,-0.0021089999999999998,-0.0076064999999999995,-0.0099278999999999999,-0.019562300000000001,-0.0025888999999999981,0.032343999999999998,0.017051400000000001,0.015109899999999999,-0.020925600000000003,0.0031793000000000004,0.0061527000000000005,-0.043165200000000001,-0.0071404999999999975,0.0063024999999999991,-0.00071509999999999966,0.0012250000000000039,-0.067571099999999995,0.0058528999999999994,-0.0062766000000000002,0.0031269999999999978,-0.0050171999999999994,-0.0013267999999999999,0.0035502999999999993,0.016585299999999997,0.0053280000000000003,0.0083046999999999999,-0.0085894999999999999,0.0074990000000000005,0.018016899999999999,-0.0044245999999999999,0.0036979999999999999,0.0064628999999999997,-0.021005099999999999,0.0034165999999999997,-0.0007899000000000005,0.0089189999999999998,-0.0086601000000000004,-0.013256800000000001,0.014048499999999998,-0.0140857,-0.0051266000000000003,-0.013905799999999999,0.00071149999999999946,0.0011084999999999997,-0.011989400000000001,-0.0075217999999999995,0.0096305000000000002,0.00081870000000000033,0.013591499999999998,0.0164271,-0.0030813999999999998,0.0080397000000000021,-0.024577700000000001,-0.0003139000000000002,0.0017518,0.0015165000000000001,-0.0058443000000000002,0.0094220999999999992,-0.0050939000000000002,-0.0025181000000000001,-0.0021002999999999998,0.0013255000000000003,-0.0037104,-0.0028526000000000003,0.0114409,0.012103599999999999,0.0014509000000000004,0.0028823,0.0033505000000000002,-0.0027440999999999998,0.00020100000000000109,-0.0088941999999999997,0.0060694000000000008,-0.0018735000000000002,-0.0047516999999999993,0.0030206,0.0021310999999999986,0.012875999999999999,-0.011100700000000002,-0.0049751999999999999,-0.0059065000000000003,0.0023094000000000005,-0.0093484999999999992,-0.0080179999999999991,-0.0198652,-0.0014023,-0.0057352000000000002,-0.0060267000000000003,-0.0094708999999999974,-0.0070402999999999993,0.0069492,0.0032759000000000004,-0.010017399999999999,-0.0012028999999999998,-0.0019403999999999997,-0.0047908999999999998,0.0020057999999999999,-0.0011541999999999995,-0.00047229999999999972,0.00015609999999999995,-0.0050489000000000003,0.0046314000000000008,-0.0033390000000000013,0.0014197999999999999,0.0043168999999999994,0.0033529999999999996,-0.0015273000000000003,0.00032830000000000012,-0.0020592000000000002,-0.0024191999999999998,-0.0053074000000000003,-0.0011453000000000001,0.0023949000000000002,-1.9900000000000213e-05,0.0070712999999999991,-0.0064168999999999997,-0.0038408000000000001,-0.0064136000000000002,-0.0040721999999999998,-0.0079299000000000001,2.6600000000000321e-05,0.0032313000000000003,0.0087621000000000001,0.0019284000000000003,-0.0022594,-0.00018190000000000003,1.6800000000000842e-05,0.0028753999999999993,-0.0022848999999999999,0.0018735000000000002,7.3600000000000054e-05,0.0025114999999999998,-0.0073243000000000006,0.0019957,-0.0030525999999999999,0.008968499999999999,0.0018183999999999987,-0.0033132999999999999,-0.0026576,0.00038290000000000004,-0.0010438999999999999,-0.0024781999999999998,0.0013864000000000001,0.0017713,-0.0015192000000000001,-0.00012850000000000014,0.0021064999999999999,0.001673,-0.0029791000000000002,0.00032589999999999995,-0.0013129000000000001,0.0026443999999999999,-0.0054427999999999994,0.00011460000000000001,0.0013209999999999999,-0.0040746999999999988,0.0017230999999999995,0.0054256999999999986,0.0037036999999999999,0.00068889999999999967,0.0018154999999999998,0.0084123999999999987,0.0069817000000000004,-0.0044707999999999996,7.950000000000036e-05,0.0038928000000000001,0.0012347999999999994,0.0024055999999999999,0.0036716999999999995,-4.0200000000000218e-05,0.00050379999999999999,-0.00083289999999999992,0.0076195999999999998,-0.0025636000000000001,-0.0025127000000000005,0.0037171000000000001,-0.0014114999999999996,-0.0027453,0.0017615,-0.00035369999999999954,-0.0023693000000000004,-0.00090679999999999992,-0.0070770999999999985,-0.00020329999999999957,-0.012649500000000001,0.0051167000000000001,-0.0094795999999999995,-0.0096983,-0.0025368000000000001,0.0012049000000000001,-0.00087720000000000007,-0.0013938000000000002,-0.0018323000000000002,-0.0017773999999999999,0.0010987999999999996,0.0005445999999999999,0.0018355999999999997,-0.0036136999999999992,-0.0028982000000000001,0.00013199999999999998,0.0039995999999999999,0.0025204999999999997,-0.0013881999999999996,-0.00045060000000000011,0.0010834999999999998,0.0035227999999999995,0.0029231999999999999,-0.0047031999999999994,0.00051709999999999994,0.0029868000000000004,0.0043777,0.0020455,-0.0043936999999999995,-0.00046580000000000015,0.0015284999999999999,0.0011280000000000005,0.0014028000000000001,0.0050419999999999996,0.0026701999999999997,0.0043241999999999994,0.00099729999999999958,-0.0025618999999999998,-0.0019208999999999997,0.0013248999999999995,0.0020286000000000006,-1.8499999999999962e-05,-0.0015619,-0.00089029999999999969,0.0013162,-0.0053523999999999993,-0.0003298000000000001,-0.0022400999999999996,-0.0011439999999999996,0.00024639999999999992,-0.0017708999999999995,-0.0021458000000000002,0.0043532999999999992,0.00085639999999999978,0.0014600000000000001,-0.0064281,0.0034811,0.0068986000000000004,-0.0051459999999999987,-0.00087210000000000022,-0.0057901999999999997,0.0050751999999999993,-0.00068960000000000007,5.6199999999999984e-05,0.00092350000000000006,-0.00066219999999999994,0.0023860999999999999,-2.2400000000000002e-05,0.0015459000000000002,-0.00076610000000000003,-0.0012692999999999999,0.0015516,0.0022629999999999998,-0.0029799000000000006,0.0021742000000000003,-0.0010295,0.00039279999999999995,0.0011581999999999999,-0.0020682000000000001,-0.0012844999999999994,-0.0010761999999999998,1.579999999999995e-05,-0.00036689999999999981,-0.00066949999999999985,-0.00076289999999999995,-0.00017000000000000023,-0.0029794999999999995,0.0022017,-0.00035610000000000047,-0.00047629999999999998,-7.4900000000000005e-05,-0.00090240000000000003,0.00079070000000000008,-0.00079680000000000007,0.00017359999999999988,-0.0022795000000000003,0.0007520999999999999,-0.00014370000000000002,0.0028823,0.0022133999999999999,0.0025850999999999999,-0.0012817,0.00059139999999999996,3.5800000000000111e-05,-0.0019124000000000003,0.0018916999999999994,0.0023603000000000001,0.0031573,-0.00048890000000000001,-0.0013518000000000002,-0.0047009999999999994,-0.0024066000000000001,0.0041685999999999997,0.0022761999999999999,-0.0012003000000000001,0.0066066000000000007,0.00059610000000000023,-0.0026208,-0.0053367999999999992,0.00087239999999999996,0.0061291000000000002,-0.00018520000000000016,-0.0023066999999999992,0.0064059,-0.0036289,-0.00045459999999999994,0.0013429999999999998,-0.00061699999999999993,0.00051590000000000002,-0.0012848999999999998,-0.00021000000000000006,-0.00061779999999999995,-0.00078549999999999974,7.940000000000006e-05,0.00046279999999999992,-0.0010630999999999998,-5.8100000000000165e-05,3.8700000000000073e-05,-0.00052209999999999995,0.0011224,-0.0013895999999999999,-0.0018628,-0.00071410000000000006,0.0010219000000000001,-0.0022263999999999999,0.00042359999999999989,0.0010492000000000001,-0.0013955,-0.0016431000000000002,-0.0021302000000000001,0.00025580000000000004,0.00051170000000000002,-0.00012059999999999979,0.00033389999999999993,0.0034771999999999997,0.0012534999999999998,0.0016995000000000003,0.0010602999999999999,-0.00015009999999999999,0.0018197999999999999,-0.00090329999999999978,0.0027945999999999995,0.0018454000000000001,0.0014626999999999999,-0.00090799999999999995,0.00077029999999999959,-0.0024792,-0.0022668999999999996,0.0010430999999999997,0.00039489999999999968,-0.00079849999999999995,-0.0038973999999999996,0.0040228999999999994,-0.0019042,0.00032610000000000001,-0.0035562999999999992,-0.0017422999999999996,0.003754,-0.0017883,0.0004043999999999998,0.0019323000000000001,-0.0014903,-0.0022151000000000002,0.0028044999999999997,-0.0011468000000000003,0.0030980000000000001,-0.0018827,0.00060040000000000028,-0.00074830000000000003,-0.0052557000000000003,0.00045669999999999999,-0.0037010999999999997,0.0019208000000000003,0.0013749999999999999,-0.00023490000000000002,-0.00083409999999999973,0.0012696999999999999,-0.0018612999999999995,0.00020469999999999999,-0.00029480000000000001,0.0001964,-0.00063440000000000002,0.00094169999999999996,-0.00098729999999999998,-0.00044059999999999998,0.00024320000000000006,0.00023889999999999968,0.00063489999999999977,0.00031689999999999995,-0.00079919999999999991,0.0002433,-0.0012220999999999998,-0.00012630000000000003,0.00029670000000000006,0.0016259999999999996,0.00016130000000000002,0.00088089999999999967,0.0021113,0.0019004,-0.00073420000000000007,-0.0022577999999999995,0.00066999999999999991,0.00034299999999999993,-0.0022554999999999997,0.00010589999999999997,0.00072869999999999999,-0.00090179999999999991,0.00013830000000000011,0.0010745000000000002,-0.00042330000000000004,-0.0016042999999999999,-0.00086140000000000001,0.00020599999999999991,-0.00090869999999999992,-0.0013748000000000002,0.00078230000000000031,0.00075660000000000007,-0.00020919999999999983,-0.00089319999999999959,0.0026741,-0.0005373000000000001,-0.0024151999999999997,-0.00050840000000000011,-0.00013229999999999999,0.0017871999999999996,-2.9000000000001247e-06,-0.00074380000000000008,0.00070310000000000012,-0.0015425999999999999,-0.0014607999999999999,0.0024057999999999996,-0.0023867000000000003,-0.00032989999999999994,0.00047130000000000002,-0.0024589,0.0032557000000000003,8.0599999999999682e-05,-0.0011768,0.00054799999999999988,-0.0027123999999999998,0.00073520000000000009,0.0036993999999999998,-8.5699999999999752e-05,0.0022499999999999998,0.00037469999999999973,-0.00054779999999999998,0.00023760000000000003,-0.0022395000000000002,0.0020790999999999995
aug_between_class_right_pair0040_child04,Healthy,0,0,Augmented,0,0,0,0,0,0.32689640000000003,1.9203506000000001,9.9999999999999995e-07,-1.4000000000000001e-06,5.9999999999999997e-07,0.95956319999999995,0,0.035267,-0.13720099999999999,0.030808599999999998,0.099312200000000003,-0.10836519999999999,0.090643200000000007,-0.019645799999999998,-0.00077619999999999946,0.0075328000000000027,-0.0928036,0.36512840000000002,-0.079252799999999998,-0.0057183999999999994,0.044077999999999992,0.0050473999999999996,-0.024971,-0.011683800000000001,-0.022852600000000001,0.016066999999999998,0.022005199999999999,-0.0622418,0.0012325999999999999,-0.083648799999999995,0.010301599999999999,0.052351999999999996,-0.035009400000000003,0.014358599999999999,-0.0012411999999999996,-0.039681800000000003,0.032156400000000002,-0.061484999999999998,-0.034850199999999998,0.085983799999999999,-0.026572600000000002,0.20658180000000001,-0.065439799999999992,0.0042196000000000004,-0.0067288000000000001,-0.011564399999999999,-0.0042413999999999993,0.0040046000000000005,0.0317676,-0.0022700000000000003,-0.006659,-0.0095142000000000004,-0.018485399999999999,-0.00067219999999999953,0.032097000000000001,0.017226200000000001,0.0152012,-0.020217800000000001,0.0027734000000000001,0.0060575999999999998,-0.042109599999999997,-0.0075319999999999988,0.0070810000000000005,-0.0014527999999999998,-0.00026800000000000088,-0.071999800000000003,0.0045261999999999993,-0.010807800000000003,0.0070259999999999975,-0.0065856000000000022,-0.0018384000000000002,0.0039383999999999999,0.016791399999999998,0.0047130000000000002,0.0085496000000000009,-0.0083499999999999998,0.0076940000000000003,0.017206199999999998,-0.0040558,0.003738,0.0068311999999999999,-0.0216498,0.0037857999999999998,0.00016979999999999947,0.0091570000000000002,-0.0085158000000000005,-0.0142874,0.013334999999999998,-0.0150276,-0.0044137999999999998,-0.0148054,0.00076399999999999992,0.00049799999999999974,-0.0113992,-0.0093364000000000016,0.011156000000000001,0.00035160000000000052,0.012426,0.017261800000000001,-0.0028832000000000007,0.0091556000000000016,-0.0245376,-0.0014192000000000007,0.0020834,0.0010600000000000002,-0.0057854000000000004,0.0093518000000000004,-0.0051841999999999999,-0.0030498000000000001,-0.0015574,0.0011670000000000005,-0.0034112000000000001,-0.0035368000000000001,0.0113312,0.0114608,0.0016532000000000003,0.0023023999999999996,0.0040340000000000003,-0.0027928000000000002,0.00057300000000000059,-0.0089155999999999992,0.0061691999999999997,-0.0029649999999999998,-0.0051545999999999996,0.0032558000000000005,0.0015858000000000001,0.012628,-0.0108506,-0.0047565999999999997,-0.0062030000000000002,0.0015362000000000002,-0.0084209999999999979,-0.0087720000000000003,-0.019670599999999996,-0.00087140000000000004,-0.0055896000000000001,-0.0072326000000000005,-0.008399199999999999,-0.0085193999999999982,0.0058105999999999991,0.0041542000000000003,-0.0100042,-0.0013211999999999998,-0.0020831999999999999,-0.0047472,0.0018644,-0.00084059999999999972,-0.00076240000000000032,-0.00018620000000000008,-0.0048591999999999993,0.0045012000000000003,-0.0028480000000000003,0.0017133999999999999,0.0042731999999999996,0.0033040000000000005,-0.0018954000000000002,0.00034540000000000005,-0.0025586000000000003,-0.0027726000000000001,-0.0054462,-0.00054039999999999991,0.0025311999999999999,0.00030480000000000004,0.0063373999999999991,-0.005308199999999999,-0.0039713999999999999,-0.0057338000000000007,-0.0038875999999999997,-0.0079621999999999991,0.00019879999999999984,0.0027024000000000002,0.0080598000000000006,0.0020052,-0.0026182000000000002,-0.00043820000000000035,0.00021840000000000054,0.0021471999999999997,-0.0023102000000000001,0.0012840000000000004,-0.00050120000000000026,0.0024120000000000001,-0.0068783999999999998,0.0022015999999999997,-0.0032507999999999999,0.0098420000000000018,0.00096819999999999979,-0.0037543999999999998,-0.0026098000000000002,0.00048719999999999992,-0.0010991999999999998,-0.0019845999999999996,0.0012171999999999999,0.0023484000000000001,-0.0017386000000000001,0.00010399999999999993,0.0021420000000000002,0.001786,-0.0027328000000000001,0.00035119999999999997,-0.0017242000000000004,0.0026232,-0.0049474000000000002,0.00020980000000000006,0.0012229999999999999,-0.0042875999999999991,0.0017768000000000003,0.0054175999999999998,0.0030696000000000005,3.2200000000000024e-05,0.0018209999999999993,0.0089071999999999988,0.0073366000000000004,-0.0042744000000000002,-0.00038100000000000048,0.0039994000000000002,0.00079739999999999943,0.0025048000000000002,0.0032165999999999996,-0.00051960000000000016,0.00088839999999999969,-0.00099220000000000016,0.0076277999999999997,-0.0025368000000000001,-0.0029896000000000002,0.0038378000000000002,-0.00060599999999999977,-0.0031274000000000002,0.0027209999999999999,-0.00051659999999999965,-0.0015594000000000009,-0.0012964000000000003,-0.0068928000000000001,-0.00048439999999999985,-0.012460000000000001,0.0044415999999999995,-0.0097198000000000007,-0.0089344000000000003,-0.0024494,0.0010562,-0.00077559999999999999,-0.0016824000000000001,-0.0013164000000000001,-0.0017011999999999999,0.00049039999999999967,0.00050080000000000003,0.0017328000000000001,-0.0037175999999999997,-0.0025295999999999999,-7.0000000000000753e-06,0.0042567999999999998,0.0021189999999999998,-0.0012765999999999997,-0.00048680000000000012,0.00092699999999999987,0.0033213999999999995,0.0033425999999999998,-0.0046026000000000001,0.00055780000000000001,0.0028624000000000002,0.0042325999999999996,0.0017789999999999998,-0.0042995999999999998,-0.00039039999999999995,0.0016109999999999998,0.00081599999999999989,0.0014184000000000002,0.0048799999999999998,0.0024026,0.0041455999999999993,0.00056339999999999982,-0.0021302000000000001,-0.0021741999999999998,0.0017022000000000001,0.0021048,-0.00013200000000000001,-0.0015042,-0.00078839999999999986,0.0011386,-0.0051441999999999998,-0.00044940000000000008,-0.0021627999999999999,-0.00063500000000000058,7.0199999999999863e-05,-0.0018142,-0.0020273999999999999,0.0039703999999999998,-0.00019280000000000078,0.001866,-0.0063788000000000004,0.0040447999999999994,0.0058647999999999999,-0.0045509999999999986,-0.00097780000000000046,-0.0064975999999999992,0.0051885999999999998,-0.0006648,-0.00015540000000000009,0.00088200000000000008,-0.00085460000000000006,0.0023138,-0.00014019999999999999,0.0014751999999999999,-0.00077379999999999984,-0.0014624,0.0014338,0.0021549999999999998,-0.0027072000000000003,0.0021015999999999999,-0.00095600000000000004,0.00013739999999999998,0.0010496000000000001,-0.0019756000000000001,-0.0011279999999999994,-0.00084559999999999995,-0.00013659999999999996,0.00013980000000000036,-0.0003619999999999998,-0.00081719999999999991,-0.00017799999999999999,-0.0029379999999999996,0.0019935999999999999,-8.5800000000000242e-05,-0.00033639999999999994,-0.00026719999999999999,-0.0010562,0.00076659999999999988,-0.00070439999999999999,0.00026380000000000023,-0.0023400000000000001,0.00073180000000000001,-0.0001026,0.0030324000000000002,0.0021592,0.0020737999999999998,-0.0011806,0.00026519999999999994,-0.00035560000000000019,-0.0021151999999999998,0.0018635999999999998,0.0020363999999999998,0.0027403999999999996,-0.00058220000000000006,-0.00098640000000000034,-0.0044909999999999993,-0.0027168000000000001,0.0044198000000000006,0.0019995999999999998,-0.0012764,0.0064228000000000011,0.0011498000000000007,-0.0028823999999999998,-0.0049944000000000004,0.00024719999999999983,0.0068677999999999994,-0.00069460000000000008,-0.0024536000000000002,0.0068052000000000008,-0.0031041999999999997,-0.00038979999999999999,0.0011299999999999997,-0.0007000000000000001,0.00027020000000000006,-0.0011321999999999999,-0.00033900000000000011,-0.0006514,-0.00073799999999999994,-4.6799999999999972e-05,0.00059040000000000004,-0.00097579999999999997,0.00036419999999999985,0.00026760000000000016,-0.00085779999999999993,0.0011291999999999999,-0.0012528000000000001,-0.0019084000000000002,-0.00052579999999999999,0.0010582,-0.0017881999999999998,6.6799999999999943e-05,0.00072560000000000007,-0.0011610000000000001,-0.0019168000000000002,-0.0020176,0.00026440000000000003,0.00059559999999999984,-0.00048580000000000042,0.00044119999999999988,0.0033415999999999997,0.0012219999999999996,0.0017190000000000003,0.0011034,-5.0799999999999981e-05,0.0015604,-0.00056939999999999975,0.0025287999999999999,0.0016152000000000002,0.0014946,-0.00032699999999999982,0.00033039999999999957,-0.0026216,-0.0019992,0.00075979999999999982,0.00032020000000000009,-0.00053499999999999978,-0.0038632000000000007,0.0036931999999999998,-0.0016596000000000002,0.00018679999999999996,-0.0036373999999999998,-0.0019844000000000003,0.0038349999999999999,-0.0019734000000000002,0.00019419999999999981,0.0015544000000000001,-0.0014513999999999998,-0.0018148000000000003,0.002516,-0.00091840000000000021,0.002679,-0.0019096,0.00072020000000000005,-0.00055839999999999991,-0.0052236000000000001,0.00077360000000000005,-0.0036958000000000004,0.0020114,0.0010610000000000003,-0.00026519999999999994,-0.00072180000000000009,0.0012765999999999999,-0.0015433999999999999,0.00031960000000000002,-0.00023040000000000002,0.00020919999999999999,-0.00061620000000000002,0.00092959999999999994,-0.00096440000000000013,-0.00050580000000000004,0.00011960000000000009,0.00011919999999999986,0.00055420000000000003,0.00023119999999999993,-0.00080659999999999998,0.00013540000000000004,-0.0011228000000000002,-0.00020540000000000006,0.00038660000000000007,0.0016559999999999997,0.0002744,0.00074619999999999992,0.0020394000000000002,0.0017821999999999998,-0.00050960000000000003,-0.0022483999999999998,0.00055400000000000002,0.00030699999999999998,-0.0019779999999999997,5.3200000000000026e-05,0.00052760000000000003,-0.00095940000000000001,-5.5599999999999996e-05,0.0014240000000000001,-0.00039439999999999999,-0.0013954,-0.00081520000000000008,0.00025499999999999991,-0.00058959999999999991,-0.0012534,0.0003544000000000001,0.00094180000000000002,-3.8599999999999908e-05,-0.00053559999999999957,0.0025897999999999997,-0.00060940000000000018,-0.0024415999999999995,-0.00061920000000000009,-0.00038140000000000005,0.0016765999999999999,0.00029480000000000001,-0.00097840000000000015,0.00096780000000000021,-0.0017438,-0.0015164000000000002,0.0021294,-0.0019196000000000003,-0.0003322,0.00060840000000000015,-0.0023071999999999997,0.0028435999999999999,-0.00021920000000000034,-0.00092739999999999988,0.00063199999999999975,-0.0027911999999999998,0.0010536,0.0031931999999999998,9.1400000000000162e-05,0.0020829999999999998,0.00058059999999999948,-0.00068639999999999999,0.00044180000000000001,-0.002421,0.0020698000000000001
aug_between_class_right_pair0040_child05,TLE,1,1,Augmented,0,0,0,0,0,0.31565759999999998,1.8868043999999999,9.9999999999999995e-07,-1.5999999999999999e-06,3.9999999999999998e-07,0.91962379999999999,0,0.033347000000000002,-0.13439300000000001,0.030575399999999999,0.1011068,-0.11296780000000001,0.091517799999999996,-0.0180132,-0.0053198000000000013,0.0020112000000000012,-0.081803399999999998,0.35455359999999997,-0.076938199999999998,-0.0073915999999999999,0.034673000000000002,0.0162706,-0.025561,-0.010274200000000001,-0.021321399999999997,0.019399,0.020945800000000001,-0.063335199999999994,0.0005964000000000004,-0.080969200000000005,0.010235399999999999,0.055618000000000001,-0.037655599999999997,0.012999399999999999,-0.0027787999999999979,-0.043959199999999997,0.031971599999999996,-0.057224000000000004,-0.035728799999999998,0.092279200000000006,-0.0253554,0.19805120000000001,-0.06673019999999999,0.0040943999999999998,-0.0066172000000000002,-0.011492599999999999,-0.0043586000000000007,0.0044253999999999995,0.030530399999999999,-0.0025920000000000001,-0.0047639999999999991,-0.0086868000000000015,-0.016331599999999998,0.0031612000000000012,0.031602999999999999,0.017575799999999999,0.0153838,-0.018802199999999998,0.0019616,0.0058674,-0.039998400000000003,-0.0083149999999999995,0.0086379999999999998,-0.0029281999999999989,-0.0032539999999999965,-0.080857200000000004,0.0018727999999999991,-0.019870200000000001,0.014823999999999997,-0.0097224000000000008,-0.0028615999999999997,0.0047145999999999993,0.017203599999999999,0.0034830000000000004,0.0090393999999999995,-0.0078709999999999995,0.0080840000000000009,0.015584799999999999,-0.0033182000000000003,0.0038180000000000002,0.0075678000000000004,-0.0229392,0.0045241999999999999,0.0020891999999999994,0.0096330000000000009,-0.0082272000000000005,-0.016348599999999998,0.011907999999999998,-0.0169114,-0.0029881999999999999,-0.016604599999999997,0.00086899999999999998,-0.00072300000000000012,-0.0102188,-0.012965599999999999,0.014207000000000001,-0.00058260000000000083,0.010095,0.018931200000000002,-0.0024867999999999999,0.011387400000000001,-0.024457399999999997,-0.0036298000000000003,0.0027466000000000001,0.000147,-0.0056676000000000001,0.0092111999999999992,-0.0053648000000000003,-0.0041132,-0.00047160000000000013,0.00085000000000000006,-0.0028128000000000003,-0.0049052000000000002,0.011111800000000002,0.010175199999999999,0.0020578000000000003,0.0011426000000000001,0.0054009999999999996,-0.0028901999999999999,0.001317,-0.0089584,0.0063688,-0.0051479999999999998,-0.0059603999999999994,0.0037261999999999998,0.00049519999999999946,0.012132,-0.010350400000000001,-0.0043194000000000001,-0.0067959999999999982,-1.0199999999999272e-05,-0.0065660000000000007,-0.010279999999999999,-0.019281399999999997,0.00019040000000000029,-0.0052984000000000009,-0.0096443999999999992,-0.0062557999999999989,-0.011477599999999999,0.0035333999999999999,0.0059108000000000008,-0.0099778000000000002,-0.0015577999999999998,-0.0023687999999999999,-0.0046598000000000004,0.0015816000000000001,-0.00021340000000000009,-0.0013425999999999998,-0.00087080000000000013,-0.0044797999999999999,0.0042408000000000003,-0.0018660000000000009,0.0023005999999999999,0.0041857999999999999,0.0032060000000000005,-0.0026316,0.00037960000000000034,-0.0035573999999999996,-0.0034793999999999997,-0.0057238000000000002,0.00066940000000000012,0.0028038000000000004,0.00095419999999999967,0.0048696,-0.0030908000000000003,-0.0042325999999999996,-0.0043742000000000008,-0.0035183999999999997,-0.0080268000000000006,0.00054320000000000019,0.0016446,0.0066552000000000009,0.0021587999999999998,-0.0033357999999999999,-0.00095079999999999969,0.00062159999999999993,0.00069079999999999988,-0.0023608000000000001,0.00010500000000000179,-0.0016508,0.0022129999999999997,-0.0059866000000000008,0.0026134000000000001,-0.0036471999999999997,0.011588999999999997,-0.00073220000000000056,-0.0046366000000000003,-0.0025142000000000003,0.00069580000000000011,-0.0012098,-0.00099740000000000007,0.0008788,0.0035025999999999998,-0.0021774000000000003,0.00056900000000000049,0.0022129999999999997,0.0020119999999999999,-0.0022401999999999999,0.00040179999999999995,-0.0025468000000000001,0.0025807999999999998,-0.0039566000000000011,0.00040019999999999997,0.0010270000000000001,-0.0047133999999999995,0.0018841999999999999,0.0054013999999999998,0.0018014000000000003,-0.0012811999999999997,0.0018319999999999999,0.009896799999999999,0.0080464000000000004,-0.0038815999999999998,-0.001302,0.0042126000000000004,-7.7400000000000255e-05,0.0027032000000000002,0.0023064000000000001,-0.0014783999999999999,0.0016576,-0.0013108,0.0076442000000000003,-0.0024832000000000001,-0.0039434000000000006,0.0040791999999999998,0.001005,-0.0038915999999999998,0.00464,-0.00084239999999999988,6.0399999999999246e-05,-0.0020755999999999995,-0.0065242,-0.0010466000000000004,-0.012081,0.0030914000000000002,-0.0102002,-0.007406600000000001,-0.0022745999999999999,0.00075880000000000001,-0.00057240000000000014,-0.0022595999999999996,-0.00028460000000000052,-0.0015487999999999999,-0.00072639999999999998,0.00041320000000000007,0.0015272000000000003,-0.0039253999999999999,-0.0017924,-0.00028499999999999993,0.0047711999999999997,0.0013160000000000001,-0.0010533999999999995,-0.00055920000000000004,0.00061400000000000007,0.0029185999999999999,0.0041814,-0.0044013999999999998,0.00063919999999999992,0.0026135999999999998,0.0039423999999999996,0.0012459999999999999,-0.0041114000000000003,-0.00023959999999999997,0.0017759999999999998,0.00019200000000000033,0.0014496000000000001,0.0045560000000000002,0.0018674,0.0037883999999999999,-0.00030440000000000008,-0.0012668000000000002,-0.0026807999999999997,0.0024567999999999994,0.0022572,-0.000359,-0.0013887999999999999,-0.00058459999999999979,0.00078340000000000007,-0.0047277999999999999,-0.00068860000000000004,-0.0020081999999999999,0.00038299999999999966,-0.00028220000000000025,-0.0019008,-0.0017906,0.0032045999999999997,-0.0022912000000000002,0.0026779999999999998,-0.0062801999999999997,0.0051722000000000001,0.0037972000000000006,-0.0033609999999999994,-0.0011892000000000001,-0.0079124,0.0054153999999999999,-0.00061519999999999999,-0.00057859999999999997,0.00079900000000000001,-0.0012393999999999999,0.0021692,-0.00037579999999999997,0.0013338,-0.00078920000000000032,-0.0018485999999999999,0.0011982,0.0019390000000000002,-0.0021618000000000002,0.0019564000000000001,-0.00080900000000000004,-0.00037339999999999997,0.00083240000000000007,-0.0017904000000000002,-0.00081499999999999954,-0.00038439999999999997,-0.00044139999999999994,0.0011532000000000001,0.00025299999999999997,-0.00092579999999999995,-0.00019399999999999995,-0.0028549999999999999,0.0015774000000000001,0.00045479999999999989,-5.6600000000000075e-05,-0.00065179999999999991,-0.0013637999999999999,0.0007183999999999999,-0.00051960000000000005,0.00044420000000000006,-0.0024610000000000001,0.0006912,-2.0400000000000062e-05,0.0033325999999999998,0.0020508000000000002,0.0010512,-0.00097839999999999993,-0.00038720000000000009,-0.0011383999999999999,-0.0025208000000000001,0.0018074,0.0013886000000000003,0.0019066,-0.00076880000000000004,-0.00025560000000000036,-0.004071,-0.0033371999999999998,0.0049221999999999998,0.0014464,-0.0014285999999999999,0.0060552000000000002,0.0022572000000000004,-0.0034055999999999999,-0.0043096000000000002,-0.0010031999999999999,0.0083451999999999988,-0.0017133999999999999,-0.0027473999999999997,0.0076038000000000008,-0.0020547999999999999,-0.00026019999999999998,0.00070399999999999998,-0.00086600000000000002,-0.00022119999999999985,-0.00082680000000000004,-0.00059699999999999998,-0.00071860000000000001,-0.00064300000000000013,-0.0002991999999999999,0.00084559999999999985,-0.00080119999999999996,0.0012087999999999997,0.00072540000000000007,-0.0015292000000000001,0.0011428,-0.00097919999999999995,-0.0019996000000000002,-0.00014920000000000016,0.0011307999999999999,-0.00091179999999999983,-0.00064680000000000011,7.8400000000000279e-05,-0.00069200000000000012,-0.0024642000000000002,-0.0017924000000000002,0.00028160000000000001,0.00076339999999999991,-0.0012161999999999997,0.00065579999999999979,0.0030704,0.0011590000000000003,0.0017580000000000002,0.0011895999999999999,0.00014779999999999993,0.0010415999999999999,9.8400000000000061e-05,0.0019972000000000002,0.0011548000000000001,0.0015583999999999999,0.00083500000000000002,-0.0005493999999999998,-0.0029064,-0.0014637999999999997,0.00019319999999999982,0.00017080000000000003,-7.9999999999999776e-06,-0.0037948000000000001,0.0030337999999999997,-0.0011704,-9.1799999999999955e-05,-0.0037996000000000002,-0.0024686,0.0039970000000000006,-0.0023435999999999999,-0.00022620000000000013,0.00079860000000000022,-0.0013736,-0.0010142000000000003,0.001939,-0.00046160000000000038,0.0018410000000000004,-0.0019634000000000001,0.00095980000000000013,-0.0001786,-0.0051593999999999998,0.0014073999999999998,-0.0036852,0.0021926000000000003,0.00043300000000000022,-0.0003258,-0.00049719999999999994,0.0012903999999999999,-0.00090759999999999994,0.00054940000000000002,-0.00010160000000000003,0.00023480000000000002,-0.0005798,0.0009054,-0.0009186000000000001,-0.00063619999999999996,-0.00012759999999999996,-0.0001202000000000001,0.00039280000000000001,5.979999999999999e-05,-0.00082140000000000012,-8.0399999999999921e-05,-0.00092420000000000013,-0.0003636,0.0005664,0.0017159999999999994,0.00050059999999999992,0.00047679999999999999,0.0018956000000000003,0.0015458,-6.0400000000000167e-05,-0.0022296,0.00032199999999999997,0.00023500000000000002,-0.001423,-5.2199999999999981e-05,0.00012540000000000001,-0.0010746,-0.00044339999999999983,0.0021229999999999999,-0.00033660000000000005,-0.00097760000000000034,-0.0007228,0.00035300000000000002,4.8600000000000043e-05,-0.0010106,-0.00050139999999999983,0.0013121999999999999,0.00030260000000000004,0.00017960000000000008,0.0024212000000000001,-0.00075359999999999989,-0.0024943999999999995,-0.00084080000000000027,-0.00087960000000000002,0.0014553999999999999,0.00089019999999999985,-0.0014476000000000001,0.0014972,-0.0021462,-0.0016276000000000003,0.0015765999999999998,-0.00098540000000000042,-0.0003368,0.00088259999999999999,-0.0020038,0.0020194000000000002,-0.00081879999999999984,-0.0004285999999999999,0.00079999999999999993,-0.0029487999999999997,0.0016903999999999999,0.0021808000000000001,0.0004456000000000001,0.0017490000000000003,0.00099239999999999984,-0.0009636,0.00085019999999999996,-0.002784,0.0020512000000000004
aug_between_class_right_pair0040_child06,TLE,1,1,Augmented,0,0,0,0,0,0.31003819999999999,1.8700313,9.9999999999999995e-07,-1.7e-06,3.0000000000000004e-07,0.89965410000000001,0,0.032386999999999999,-0.132989,0.030458800000000001,0.1020041,-0.11526910000000001,0.091955100000000012,-0.017196900000000001,-0.0075915999999999987,-0.0007495999999999961,-0.076303300000000004,0.34926619999999997,-0.075780899999999998,-0.0082281999999999998,0.029970499999999997,0.021882199999999994,-0.025856000000000001,-0.0095694000000000005,-0.020555799999999999,0.021064999999999997,0.0204161,-0.063881899999999991,0.00027830000000000042,-0.079629400000000003,0.010202299999999999,0.057250999999999996,-0.038978699999999998,0.012319800000000001,-0.0035475999999999997,-0.046097899999999997,0.031879199999999996,-0.055093500000000004,-0.036168099999999995,0.095426900000000009,-0.024746799999999999,0.19378590000000001,-0.067375400000000002,0.0040318000000000003,-0.0065614000000000002,-0.0114567,-0.0044171999999999996,0.0046357999999999998,0.029911800000000002,-0.0027530000000000002,-0.0038165000000000004,-0.0082731000000000002,-0.0152547,0.0050778999999999998,0.031356000000000002,0.017750599999999998,0.015475099999999999,-0.018094399999999997,0.0015557000000000001,0.005772300000000001,-0.0389428,-0.008706499999999999,0.0094164999999999995,-0.0036658999999999988,-0.0047469999999999977,-0.085285899999999998,0.00054610000000000075,-0.024401399999999997,0.01872299999999999,-0.011290800000000002,-0.0033731999999999998,0.0051026999999999999,0.0174097,0.0028679999999999999,0.0092842999999999988,-0.0076315000000000003,0.0082789999999999999,0.0147741,-0.0029494000000000005,0.0038579999999999999,0.0079361000000000015,-0.023583899999999998,0.0048933999999999991,0.0030488999999999998,0.0098709999999999996,-0.0080829000000000005,-0.017379199999999997,0.0111945,-0.017853299999999999,-0.0022753999999999995,-0.017504199999999998,0.00092149999999999958,-0.0013334999999999987,-0.009628600000000001,-0.0147802,0.0157325,-0.0010496999999999989,0.0089294999999999999,0.019765900000000003,-0.0022886000000000009,0.0125033,-0.024417299999999999,-0.0047351000000000008,0.0030782000000000001,-0.00030949999999999945,-0.0056087000000000003,0.0091409000000000004,-0.0054551000000000001,-0.0046448999999999995,7.1299999999999619e-05,0.00069150000000000027,-0.0025136000000000004,-0.0055893999999999996,0.011002100000000001,0.0095323999999999999,0.0022601000000000001,0.00056270000000000018,0.0060844999999999996,-0.0029389000000000004,0.0016890000000000002,-0.0089797999999999996,0.0064685999999999997,-0.0062394999999999994,-0.0063632999999999997,0.0039614000000000003,-5.0099999999999971e-05,0.011883999999999999,-0.010100300000000001,-0.0041007999999999999,-0.0070924999999999981,-0.00078339999999999833,-0.0056384999999999994,-0.011034,-0.019086799999999998,0.00072130000000000024,-0.0051527999999999999,-0.0108503,-0.0051841000000000005,-0.012956699999999996,0.0023948000000000003,0.0067891000000000002,-0.0099646000000000005,-0.0016760999999999998,-0.0025115999999999997,-0.0046160999999999997,0.0014402,0.00010020000000000016,-0.0016326999999999999,-0.0012131000000000002,-0.0042900999999999998,0.0041106000000000007,-0.0013750000000000004,0.0025941999999999996,0.0041420999999999993,0.0031570000000000001,-0.0029997000000000001,0.00039670000000000026,-0.0040568000000000002,-0.0038327999999999991,-0.0058625999999999999,0.0012742999999999999,0.0029401000000000002,0.0012788999999999997,0.0041357,-0.0019821000000000005,-0.0043631999999999994,-0.0036944000000000009,-0.0033337999999999996,-0.0080590999999999996,0.00071539999999999993,0.0011157000000000005,0.0059529000000000006,0.0022355999999999999,-0.0036946000000000001,-0.0012071000000000002,0.00082319999999999963,-3.7399999999999933e-05,-0.0023861000000000004,-0.00048449999999999882,-0.0022255999999999999,0.0021134999999999999,-0.0055407000000000008,0.0028192999999999998,-0.0038454000000000006,0.0124625,-0.0015824000000000012,-0.0050777000000000001,-0.0024664000000000001,0.00080009999999999999,-0.0012650999999999999,-0.00050380000000000021,0.00070960000000000001,0.0040796999999999995,-0.0023968000000000001,0.00080150000000000056,0.0022484999999999996,0.0021250000000000002,-0.0019939000000000003,0.00042709999999999997,-0.0029581,0.0025596,-0.0034612000000000006,0.0004953999999999999,0.00092900000000000014,-0.0049262999999999998,0.0019379000000000002,0.0053933000000000002,0.0011673000000000002,-0.0019378999999999998,0.0018375000000000002,0.010391600000000001,0.0084013000000000004,-0.0036851999999999996,-0.0017624999999999995,0.0043191999999999996,-0.00051479999999999994,0.0028023999999999996,0.0018513,-0.0019578,0.0020422000000000001,-0.0014701000000000002,0.0076524000000000002,-0.0024564000000000001,-0.0044203000000000003,0.0041998999999999995,0.0018104999999999996,-0.0042737000000000001,0.0055994999999999986,-0.0010053,0.0008702999999999992,-0.002465199999999999,-0.006339899999999999,-0.0013276999999999998,-0.011891499999999999,0.0024162999999999997,-0.010440400000000001,-0.0066427000000000005,-0.0021871999999999998,0.00061009999999999992,-0.00047080000000000017,-0.0025482,0.0002312999999999996,-0.0014726000000000001,-0.0013348000000000001,0.00036940000000000014,0.0014244000000000001,-0.0040292999999999995,-0.0014238000000000002,-0.0004239999999999999,0.0050283999999999997,0.00091450000000000017,-0.00094179999999999991,-0.00059539999999999994,0.00045750000000000001,0.0027171999999999999,0.0046007999999999995,-0.0043007999999999996,0.00067989999999999999,0.0024892000000000004,0.0037973,0.0009794999999999999,-0.0040172999999999997,-0.00016419999999999998,0.0018584999999999999,-0.00011999999999999988,0.0014652000000000003,0.0043940000000000003,0.0015998000000000002,0.0036097999999999998,-0.00073830000000000011,-0.00083510000000000051,-0.0029340999999999998,0.0028341,0.0023333999999999998,-0.00047249999999999999,-0.0013311,-0.00048269999999999997,0.00060580000000000009,-0.0045196000000000004,-0.00080820000000000002,-0.0019308999999999999,0.00089199999999999956,-0.00045839999999999987,-0.0019440999999999996,-0.0016722,0.0028217000000000003,-0.0033403999999999999,0.0030839999999999999,-0.0062308999999999993,0.0057358999999999995,0.0027634000000000001,-0.0027660000000000002,-0.0012948999999999994,-0.0086198000000000004,0.0055288000000000004,-0.00059040000000000004,-0.00079019999999999991,0.00075750000000000004,-0.0014318,0.0020969000000000001,-0.00049359999999999996,0.0012631000000000001,-0.00079690000000000013,-0.0020416999999999996,0.0010804,0.0018309999999999999,-0.0018891000000000003,0.0018838000000000001,-0.00073550000000000004,-0.00062879999999999989,0.00072380000000000014,-0.0016978000000000002,-0.00065850000000000001,-0.00015380000000000011,-0.00059379999999999991,0.0016599000000000002,0.00056049999999999991,-0.00098009999999999981,-0.00020199999999999992,-0.0028135,0.0013693000000000002,0.00072509999999999979,8.3300000000000019e-05,-0.00084409999999999986,-0.0015175999999999998,0.00069429999999999991,-0.00042720000000000003,0.00053439999999999998,-0.0025214999999999999,0.0006709000000000001,2.0700000000000015e-05,0.0034826999999999996,0.0019966000000000003,0.00053990000000000028,-0.00087730000000000002,-0.00071339999999999988,-0.0015298,-0.0027235999999999996,0.0017792999999999995,0.0010647000000000005,0.0014897000000000003,-0.00086209999999999998,0.00010979999999999958,-0.0038610000000000007,-0.0036473999999999994,0.0051733999999999999,0.0011698000000000001,-0.0015046999999999999,0.0058714000000000006,0.0028109000000000003,-0.0036672000000000002,-0.0039672000000000006,-0.0016284000000000003,0.0090838999999999989,-0.0022227999999999996,-0.002894299999999999,0.0080031000000000008,-0.0015301000000000002,-0.00019539999999999998,0.00049100000000000012,-0.00094900000000000019,-0.0004668999999999998,-0.00067409999999999996,-0.00072599999999999997,-0.00075219999999999996,-0.00059550000000000011,-0.00042539999999999993,0.0009731999999999998,-0.00071389999999999995,0.0016310999999999993,0.00095429999999999994,-0.0018649000000000001,0.0011496,-0.00084239999999999998,-0.0020452000000000001,3.9100000000000029e-05,0.0011670999999999999,-0.00047360000000000002,-0.0010035999999999999,-0.00024519999999999956,-0.00045750000000000017,-0.0027378999999999997,-0.0016798000000000002,0.00029020000000000001,0.00084729999999999972,-0.0015813999999999997,0.00076310000000000006,0.0029348,0.0011275,0.0017775000000000002,0.0012327,0.00024709999999999988,0.00078220000000000004,0.00043229999999999983,0.0017314000000000001,0.00092459999999999992,0.0015902999999999998,0.0014159999999999997,-0.00098929999999999981,-0.0030487999999999999,-0.0011961000000000001,-9.0099999999999967e-05,9.6100000000000005e-05,0.00025550000000000008,-0.0037605999999999994,0.0027041000000000001,-0.00092580000000000028,-0.00023109999999999998,-0.0038806999999999999,-0.0027107000000000003,0.004078,-0.0025287,-0.00043640000000000004,0.00042070000000000036,-0.0013346999999999999,-0.00061390000000000034,0.0016505000000000001,-0.00023320000000000025,0.0014220000000000005,-0.0019903,0.0010796,1.1299999999999895e-05,-0.0051272999999999996,0.0017242999999999998,-0.0036798999999999998,0.0022832,0.0001190000000000004,-0.00035609999999999993,-0.00038490000000000003,0.0012972999999999997,-0.00058970000000000008,0.00066429999999999994,-3.7199999999999983e-05,0.0002476,-0.00056159999999999999,0.00089329999999999998,-0.00089570000000000014,-0.00070140000000000003,-0.00025119999999999993,-0.00023990000000000003,0.00031210000000000005,-2.5899999999999993e-05,-0.00082879999999999998,-0.00018829999999999991,-0.00082490000000000005,-0.00044269999999999997,0.00065630000000000007,0.0017459999999999995,0.00061370000000000001,0.00034210000000000002,0.0018237000000000001,0.0014276,0.00016419999999999976,-0.0022201999999999999,0.00020600000000000002,0.00019899999999999996,-0.0011455000000000003,-0.00010489999999999995,-7.5699999999999848e-05,-0.0011322000000000001,-0.00063729999999999982,0.0024724999999999999,-0.0003077,-0.00076870000000000009,-0.00067659999999999997,0.00040200000000000001,0.00036769999999999999,-0.00088919999999999982,-0.00092929999999999987,0.0014974000000000001,0.0004731999999999999,0.00053719999999999994,0.0023368999999999998,-0.00082569999999999996,-0.0025207999999999997,-0.00095160000000000004,-0.0011286999999999998,0.0013447999999999997,0.0011878999999999998,-0.0016822,0.0017618999999999998,-0.0023473999999999999,-0.0016832000000000001,0.0013002000000000001,-0.00051830000000000029,-0.0003391,0.0010196999999999999,-0.0018521,0.0016073000000000003,-0.0011185999999999998,-0.00017920000000000002,0.0008839999999999998,-0.0030276000000000001,0.0020087999999999998,0.0016746000000000003,0.00062270000000000001,0.0015820000000000001,0.0011983,-0.0011022,0.0010544,-0.0029654999999999998,0.0020419000000000001
aug_between_class_right_pair0040_child07,TLE,1,1,Augmented,0,0,0,0,0,0.30441879999999999,1.8532582,9.9999999999999995e-07,-1.8000000000000001e-06,1.9999999999999994e-07,0.87968439999999992,0,0.031426999999999997,-0.13158500000000001,0.0303422,0.1029014,-0.11757040000000001,0.0923924,-0.016380600000000002,-0.0098633999999999996,-0.0035104000000000003,-0.070803199999999997,0.34397879999999997,-0.074623599999999998,-0.0090647999999999996,0.025267999999999992,0.027493799999999999,-0.026151000000000001,-0.0088646000000000003,-0.019790200000000001,0.022731000000000001,0.019886399999999999,-0.064428600000000003,-3.9799999999999992e-05,-0.078289600000000001,0.0101692,0.058883999999999999,-0.040301799999999999,0.0116402,-0.0043164000000000015,-0.048236599999999998,0.031786799999999997,-0.052963000000000003,-0.036607399999999998,0.098574600000000012,-0.024138199999999999,0.18952060000000001,-0.068020600000000001,0.0039692,-0.0065056000000000003,-0.011420799999999998,-0.0044757999999999985,0.0048462000000000002,0.029293200000000002,-0.0029139999999999999,-0.0028689999999999992,-0.007859399999999999,-0.014177799999999999,0.0069946000000000019,0.031109000000000001,0.017925400000000001,0.015566399999999999,-0.017386599999999999,0.0011497999999999999,0.0056772000000000003,-0.037887200000000003,-0.0090980000000000002,0.010195000000000001,-0.0044035999999999988,-0.006239999999999999,-0.089714600000000005,-0.00078059999999999935,-0.028932600000000003,0.022621999999999996,-0.012859200000000003,-0.0038848000000000003,0.0054907999999999997,0.017615799999999997,0.0022529999999999998,0.0095292000000000016,-0.0073920000000000001,0.0084740000000000006,0.013963400000000001,-0.0025806000000000002,0.0038979999999999996,0.0083044,-0.024228599999999999,0.0052626000000000001,0.0040086000000000002,0.010109,-0.0079386000000000005,-0.0184098,0.010480999999999999,-0.018795200000000001,-0.0015625999999999999,-0.018403799999999998,0.00097400000000000004,-0.0019440000000000004,-0.0090384000000000003,-0.0165948,0.017258000000000003,-0.0015168000000000022,0.0077640000000000001,0.020600600000000004,-0.0020904000000000001,0.013619200000000001,-0.024377199999999998,-0.0058404000000000008,0.0034098000000000002,-0.00076599999999999997,-0.0055498000000000006,0.0090705999999999998,-0.0055454000000000007,-0.0051766000000000008,0.00061419999999999997,0.00053299999999999962,-0.0022143999999999996,-0.0062736000000000007,0.0108924,0.0088895999999999992,0.0024624000000000004,-1.720000000000031e-05,0.0067679999999999997,-0.0029876000000000004,0.0020610000000000003,-0.0090012000000000009,0.0065683999999999994,-0.0073309999999999998,-0.0067662,0.0041966,-0.00059540000000000027,0.011636000000000001,-0.0098501999999999999,-0.0038821999999999997,-0.007388999999999998,-0.0015566,-0.004710999999999999,-0.011788,-0.018892199999999998,0.0012522000000000002,-0.0050072000000000007,-0.012056200000000001,-0.0041123999999999996,-0.0144358,0.0012561999999999994,0.0076674000000000004,-0.0099513999999999991,-0.0017943999999999998,-0.0026543999999999999,-0.0045724000000000008,0.0012987999999999999,0.00041380000000000025,-0.0019228000000000001,-0.0015554,-0.0041003999999999997,0.0039804000000000003,-0.0008839999999999998,0.0028877999999999998,0.0040983999999999994,0.0031080000000000001,-0.0033678000000000002,0.00041380000000000019,-0.0045562000000000007,-0.0041862000000000002,-0.0060014000000000005,0.0018792000000000001,0.0030764000000000004,0.0016036000000000002,0.0034017999999999995,-0.0008734000000000003,-0.0044937999999999992,-0.0030146000000000001,-0.0031491999999999996,-0.0080914000000000003,0.00088760000000000032,0.00058679999999999974,0.0052505999999999994,0.0023124,-0.0040534000000000004,-0.0014634000000000003,0.0010248000000000011,-0.00076560000000000061,-0.0024113999999999997,-0.0010739999999999994,-0.0028004000000000006,0.0020140000000000002,-0.0050948,0.0030252,-0.0040436000000000005,0.013335999999999999,-0.0024326000000000018,-0.0055187999999999999,-0.0024185999999999999,0.00090440000000000008,-0.0013204,-1.0199999999999272e-05,0.0005403999999999998,0.0046568000000000009,-0.0026161999999999999,0.0010340000000000006,0.002284,0.002238,-0.0017476,0.00045239999999999999,-0.0033694000000000003,0.0025384000000000001,-0.0029658000000000002,0.00059060000000000004,0.00083099999999999992,-0.0051392,0.0019916000000000005,0.0053851999999999997,0.00053319999999999984,-0.0025946000000000003,0.0018429999999999996,0.010886399999999999,0.0087562000000000004,-0.0034887999999999994,-0.0022230000000000001,0.0044257999999999997,-0.00095220000000000049,0.0029015999999999998,0.0013961999999999998,-0.0024372000000000005,0.0024267999999999998,-0.0016294,0.0076606,-0.0024296000000000001,-0.0048972000000000009,0.0043206,0.0026160000000000003,-0.0046557999999999999,0.0065589999999999997,-0.0011682000000000001,0.0016802,-0.0028547999999999994,-0.0061555999999999998,-0.0016088000000000001,-0.011702000000000001,0.0017411999999999998,-0.010680600000000002,-0.0058788,-0.0020998000000000002,0.00046140000000000005,-0.00036919999999999998,-0.0028368000000000004,0.00074720000000000038,-0.0013964000000000001,-0.0019432000000000004,0.00032560000000000005,0.0013215999999999998,-0.0041331999999999992,-0.0010551999999999998,-0.00056300000000000002,0.0052855999999999997,0.00051299999999999978,-0.00083019999999999958,-0.00063160000000000007,0.00030099999999999994,0.0025157999999999999,0.0050201999999999998,-0.0042001999999999994,0.00072060000000000006,0.0023647999999999998,0.0036521999999999995,0.00071299999999999988,-0.0039232,-8.8799999999999773e-05,0.0019409999999999998,-0.00043200000000000009,0.0014808,0.0042319999999999997,0.0013322,0.0034311999999999997,-0.0011722000000000004,-0.00040339999999999994,-0.0031874,0.0032113999999999997,0.0024096,-0.00058599999999999993,-0.0012734000000000001,-0.00038080000000000015,0.00042819999999999989,-0.0043114,-0.00092780000000000011,-0.0018536,0.0014010000000000003,-0.00063459999999999992,-0.0019874000000000003,-0.0015537999999999999,0.0024387999999999996,-0.0043896000000000004,0.00349,-0.0061815999999999998,0.0062995999999999998,0.0017295999999999995,-0.0021710000000000002,-0.0014005999999999997,-0.0093272000000000008,0.0056422000000000009,-0.00056559999999999998,-0.0010018000000000002,0.00071599999999999995,-0.0016242000000000006,0.0020245999999999997,-0.00061140000000000001,0.0011924000000000001,-0.0008045999999999995,-0.0022348000000000003,0.00096259999999999998,0.0017229999999999999,-0.0016163999999999996,0.0018111999999999998,-0.00066200000000000005,-0.00088420000000000013,0.0006152000000000001,-0.0016052000000000002,-0.00050199999999999963,7.6800000000000105e-05,-0.00074620000000000014,0.0021666000000000007,0.00086800000000000006,-0.0010344,-0.00021000000000000001,-0.0027719999999999997,0.0011611999999999998,0.00099540000000000002,0.0002232,-0.0010364,-0.0016714,0.00067019999999999992,-0.00033480000000000001,0.00062460000000000033,-0.0025820000000000001,0.00065059999999999998,6.1800000000000038e-05,0.0036327999999999998,0.0019423999999999999,2.8599999999999719e-05,-0.00077619999999999989,-0.0010395999999999999,-0.0019212000000000001,-0.0029264,0.0017511999999999998,0.00074079999999999979,0.0010727999999999998,-0.00095540000000000002,0.00047519999999999995,-0.0036509999999999997,-0.0039576000000000004,0.0054245999999999999,0.00089319999999999981,-0.0015808,0.0056876000000000001,0.003364600000000001,-0.0039288000000000005,-0.0036248000000000001,-0.002253600000000001,0.009822599999999999,-0.0027322000000000006,-0.0030412,0.0084024000000000008,-0.0010053999999999996,-0.00013059999999999998,0.00027799999999999987,-0.0010320000000000004,-0.00071259999999999976,-0.00052139999999999999,-0.00085500000000000018,-0.00078579999999999991,-0.00054800000000000009,-0.00055160000000000007,0.0011008000000000001,-0.00062659999999999994,0.0020533999999999995,0.0011832000000000001,-0.0022006,0.0011564000000000001,-0.00070560000000000002,-0.0020907999999999999,0.0002274,0.0012033999999999999,-3.539999999999979e-05,-0.0013604000000000001,-0.00056880000000000006,-0.00022299999999999995,-0.0030116000000000006,-0.0015672000000000001,0.0002988,0.00093119999999999997,-0.0019466000000000002,0.00087039999999999991,0.0027992,0.0010959999999999998,0.0017970000000000002,0.0012757999999999999,0.00034640000000000002,0.00052279999999999991,0.00076620000000000008,0.0014655999999999998,0.00069439999999999986,0.0016222000000000001,0.0019970000000000001,-0.0014292000000000003,-0.0031911999999999999,-0.0009283999999999998,-0.00037340000000000029,2.1399999999999978e-05,0.00051900000000000036,-0.0037264000000000004,0.0023744,-0.00068119999999999997,-0.00037040000000000006,-0.0039617999999999997,-0.0029527999999999998,0.0041590000000000004,-0.0027138000000000002,-0.00064660000000000021,4.2799999999999956e-05,-0.0012957999999999999,-0.00021359999999999988,0.0013619999999999999,-4.8000000000001167e-06,0.0010029999999999998,-0.0020171999999999998,0.0011994,0.00020120000000000012,-0.0050951999999999994,0.0020412,-0.0036746000000000001,0.0023738000000000001,-0.00019500000000000008,-0.00038639999999999996,-0.00027259999999999996,0.0013041999999999999,-0.00027179999999999978,0.00077920000000000007,2.7199999999999956e-05,0.00026040000000000004,-0.00054339999999999998,0.00088119999999999995,-0.00087279999999999996,-0.00076660000000000009,-0.00037479999999999989,-0.00035960000000000018,0.00023139999999999988,-0.00011160000000000006,-0.00083619999999999983,-0.00029619999999999999,-0.00072559999999999996,-0.0005218,0.00074620000000000003,0.0017759999999999996,0.0007268000000000001,0.00020739999999999995,0.0017518,0.0013094000000000001,0.00038879999999999991,-0.0022108000000000002,8.9999999999999938e-05,0.0001629999999999999,-0.00086799999999999985,-0.00015760000000000001,-0.00027680000000000001,-0.0011898000000000002,-0.00083120000000000004,0.0028219999999999999,-0.0002788,-0.00055979999999999995,-0.00063039999999999993,0.00045100000000000001,0.00068680000000000021,-0.00076780000000000001,-0.0013572000000000002,0.0016826000000000002,0.00064380000000000014,0.00089480000000000028,0.0022525999999999996,-0.00089780000000000003,-0.0025471999999999999,-0.0010624,-0.0013778000000000002,0.0012341999999999995,0.0014856000000000001,-0.0019168000000000002,0.0020266000000000004,-0.0025485999999999998,-0.0017388000000000004,0.0010237999999999998,-5.1199999999999943e-05,-0.0003414,0.0011568000000000001,-0.0017003999999999999,0.0011952,-0.0014184,7.0199999999999863e-05,0.00096800000000000011,-0.0031064,0.0023272000000000002,0.0011683999999999998,0.00079980000000000014,0.0014149999999999996,0.0014041999999999998,-0.0012408,0.0012586000000000001,-0.0031470000000000001,0.0020325999999999999
aug_between_class_right_pair0040_child08,TLE,1,1,Augmented,0,0,0,0,0,0.29879939999999999,1.8364851,9.9999999999999995e-07,-1.9e-06,9.9999999999999969e-08,0.85971469999999994,0,0.030466999999999998,-0.13018099999999999,0.030225599999999998,0.10379869999999999,-0.1198717,0.092829700000000001,-0.0155643,-0.012135200000000002,-0.0062712000000000011,-0.065303100000000003,0.33869139999999998,-0.073466299999999998,-0.0099013999999999994,0.0205655,0.0331054,-0.026446000000000001,-0.0081597999999999983,-0.019024599999999996,0.024396999999999999,0.019356700000000001,-0.0649753,-0.0003578999999999991,-0.076949799999999999,0.010136099999999999,0.060516999999999994,-0.041624899999999999,0.010960599999999999,-0.0050851999999999998,-0.050375299999999998,0.031694399999999998,-0.050832500000000003,-0.037046699999999995,0.1017223,-0.023529600000000001,0.18525530000000001,-0.068665799999999999,0.0039066000000000005,-0.0064498000000000003,-0.0113849,-0.0045343999999999992,0.0050566000000000005,0.028674600000000001,-0.003075,-0.0019214999999999996,-0.0074457000000000004,-0.0131009,0.0089113000000000005,0.030862000000000001,0.0181002,0.0156577,-0.016678800000000001,0.00074389999999999992,0.0055820999999999996,-0.036831599999999999,-0.0094894999999999997,0.010973500000000001,-0.0051412999999999997,-0.0077330000000000003,-0.094143300000000013,-0.0021073000000000003,-0.033463800000000002,0.026520999999999996,-0.014427600000000004,-0.0043964,0.0058789000000000003,0.017821899999999998,0.0016379999999999997,0.0097741000000000008,-0.0071525,0.0086689999999999996,0.013152700000000002,-0.0022117999999999999,0.0039379999999999997,0.0086727000000000002,-0.024873300000000001,0.0056318000000000002,0.0049683000000000001,0.010347000000000002,-0.0077942999999999997,-0.0194404,0.0097674999999999984,-0.0197371,-0.00084979999999999951,-0.019303399999999998,0.0010264999999999996,-0.0025544999999999995,-0.0084481999999999995,-0.018409399999999999,0.018783500000000002,-0.0019839000000000002,0.0065985000000000002,0.021435300000000004,-0.001892200000000001,0.014735100000000001,-0.0243371,-0.0069457000000000008,0.0037414000000000002,-0.0012225000000000001,-0.0054908999999999999,0.009000300000000001,-0.0056357000000000004,-0.0057083000000000004,0.0011570999999999999,0.0003745000000000007,-0.0019151999999999999,-0.0069578000000000001,0.010782699999999999,0.0082467999999999986,0.0026647000000000003,-0.00059710000000000015,0.0074514999999999998,-0.0030363000000000005,0.0024330000000000003,-0.0090226000000000004,0.0066682,-0.0084224999999999994,-0.0071690999999999994,0.0044318000000000005,-0.0011407000000000001,0.011387999999999999,-0.0096001000000000003,-0.0036635999999999995,-0.0076854999999999996,-0.0023297999999999999,-0.0037834999999999995,-0.012542000000000001,-0.018697599999999998,0.0017831000000000001,-0.0048615999999999998,-0.013262099999999999,-0.0030407000000000003,-0.015914899999999999,0.00011759999999999977,0.0085457000000000016,-0.0099381999999999995,-0.0019126999999999998,-0.0027971999999999997,-0.0045287000000000001,0.0011574000000000001,0.00072740000000000012,-0.0022129000000000003,-0.0018977000000000006,-0.0039106999999999996,0.0038502000000000002,-0.0003929999999999999,0.0031814,0.0040546999999999996,0.0030590000000000001,-0.0037359000000000003,0.00043090000000000012,-0.0050556000000000004,-0.0045395999999999995,-0.0061402000000000002,0.0024840999999999995,0.0032127000000000002,0.0019283,0.0026678999999999995,0.00023529999999999992,-0.0046244000000000007,-0.0023348000000000006,-0.0029646,-0.0081236999999999993,0.0010597999999999998,5.7899999999999618e-05,0.0045482999999999999,0.0023892000000000002,-0.0044121999999999998,-0.0017197000000000004,0.0012264000000000008,-0.0014938000000000002,-0.0024367,-0.0016634999999999974,-0.0033752000000000005,0.0019145,-0.0046488999999999992,0.0032310999999999998,-0.0042418000000000004,0.014209500000000002,-0.0032828000000000024,-0.0059598999999999997,-0.0023708000000000002,0.0010087,-0.0013757000000000001,0.00048340000000000015,0.00037119999999999992,0.0052338999999999997,-0.0028356000000000006,0.0012664999999999998,0.0023194999999999999,0.0023510000000000002,-0.0015012999999999999,0.00047769999999999996,-0.0037807000000000006,0.0025171999999999998,-0.0024704000000000002,0.00068579999999999986,0.00073300000000000004,-0.0053520999999999985,0.0020452999999999999,0.0053770999999999992,-0.00010090000000000012,-0.0032513000000000004,0.0018484999999999999,0.011381200000000001,0.0091111000000000004,-0.0032924,-0.0026835000000000001,0.0045323999999999998,-0.0013896000000000002,0.0030008000000000001,0.00094109999999999973,-0.0029166000000000001,0.0028114000000000004,-0.0017886999999999998,0.0076687999999999999,-0.0024028000000000001,-0.0053741000000000014,0.0044413000000000005,0.0034215000000000001,-0.0050379000000000005,0.0075185,-0.0013310999999999998,0.0024901000000000003,-0.0032443999999999997,-0.0059712999999999997,-0.0018898999999999995,-0.0115125,0.0010660999999999995,-0.010920800000000001,-0.0051148999999999995,-0.0020124000000000001,0.00031269999999999996,-0.0002676,-0.0031254,0.0012630999999999999,-0.0013202000000000001,-0.0025516000000000002,0.00028180000000000002,0.0012187999999999997,-0.0042370999999999997,-0.00068659999999999988,-0.00070200000000000004,0.0055427999999999988,0.00011149999999999992,-0.0007185999999999999,-0.00066779999999999997,0.00014449999999999999,0.0023144000000000003,0.0054395999999999993,-0.0040996000000000001,0.00076130000000000002,0.0022404,0.0035070999999999991,0.00044649999999999985,-0.0038291000000000002,-1.34e-05,0.0020234999999999997,-0.0007440000000000003,0.0014964000000000002,0.0040699999999999998,0.0010646,0.0032526,-0.0016061000000000001,2.8299999999999983e-05,-0.0034406999999999997,0.0035887000000000002,0.0024858000000000002,-0.00069949999999999982,-0.0012156999999999999,-0.00027889999999999989,0.00025060000000000013,-0.0041031999999999996,-0.0010474,-0.0017763,0.00191,-0.00081079999999999998,-0.002030699999999999,-0.0014353999999999999,0.0020558999999999994,-0.0054387999999999997,0.0038960000000000002,-0.0061323000000000003,0.0068633000000000001,0.00069580000000000076,-0.0015759999999999999,-0.0015063000000000008,-0.010034599999999999,0.0057555999999999996,-0.00054079999999999992,-0.0012134000000000001,0.00067449999999999997,-0.0018166000000000002,0.0019522999999999997,-0.00072919999999999994,0.0011217000000000002,-0.00081229999999999974,-0.0024278999999999998,0.00084479999999999993,0.0016150000000000001,-0.0013437,0.0017385999999999999,-0.00058850000000000026,-0.0011396000000000002,0.00050660000000000006,-0.0015126,-0.00034549999999999967,0.00030740000000000005,-0.00089860000000000005,0.0026733000000000004,0.0011754999999999999,-0.0010887,-0.00021800000000000009,-0.0027304999999999999,0.00095309999999999991,0.0012657,0.00036310000000000031,-0.0012286999999999999,-0.0018251999999999999,0.00064609999999999993,-0.00024239999999999993,0.00071480000000000024,-0.0026424999999999999,0.00063030000000000009,0.00010290000000000001,0.0037829000000000001,0.0018882,-0.00048270000000000019,-0.00067509999999999998,-0.0013657999999999999,-0.0023126000000000002,-0.0031292,0.0017230999999999998,0.00041690000000000043,0.00065590000000000006,-0.0010487000000000001,0.00084059999999999994,-0.0034409999999999996,-0.0042678000000000004,0.0056757999999999999,0.00061659999999999992,-0.0016569,0.0055037999999999997,0.0039183000000000013,-0.0041904000000000012,-0.0032823999999999996,-0.0028788000000000008,0.010561299999999999,-0.0032416000000000003,-0.0031880999999999993,0.0088017000000000008,-0.0004806999999999997,-6.5800000000000027e-05,6.4999999999999954e-05,-0.0011149999999999999,-0.00095830000000000015,-0.00036869999999999996,-0.00098400000000000007,-0.00081939999999999986,-0.00050050000000000008,-0.0006778,0.0012283999999999999,-0.00053929999999999994,0.0024756999999999999,0.0014121000000000001,-0.0025363000000000004,0.0011632000000000001,-0.00056879999999999995,-0.0021364000000000001,0.00041570000000000018,0.0012397,0.00040280000000000025,-0.0017172000000000001,-0.0008923999999999999,1.1500000000000063e-05,-0.0032853000000000001,-0.0014546000000000001,0.00030739999999999999,0.0010150999999999997,-0.0023118000000000006,0.00097770000000000018,0.0026635999999999999,0.0010644999999999999,0.0018165000000000002,0.0013189,0.00044569999999999988,0.0002633999999999999,0.0011001000000000001,0.0011998,0.00046419999999999979,0.0016540999999999999,0.0025780000000000004,-0.0018691000000000001,-0.0033335999999999999,-0.00066069999999999996,-0.0006567000000000003,-5.3300000000000049e-05,0.00078250000000000021,-0.0036922000000000005,0.0020447,-0.0004366000000000001,-0.00050970000000000008,-0.0040428999999999994,-0.0031949000000000001,0.0042400000000000007,-0.0028988999999999998,-0.00085680000000000023,-0.00033509999999999996,-0.0012568999999999998,0.00018670000000000004,0.0010735,0.00022360000000000001,0.0005840000000000001,-0.0020441000000000001,0.0013192,0.00039110000000000013,-0.0050631000000000001,0.0023581000000000001,-0.0036693000000000003,0.0024643999999999998,-0.00050900000000000001,-0.00041669999999999999,-0.00016029999999999994,0.0013111000000000002,4.6100000000000091e-05,0.0008941000000000001,9.1600000000000004e-05,0.00027320000000000003,-0.00052519999999999997,0.00086910000000000004,-0.0008499,-0.00083180000000000016,-0.00049839999999999986,-0.00047930000000000005,0.00015069999999999987,-0.00019730000000000003,-0.00084359999999999991,-0.00040409999999999996,-0.00062629999999999988,-0.00060090000000000002,0.00083609999999999999,0.0018059999999999997,0.0008399000000000002,7.2699999999999978e-05,0.0016799000000000002,0.0011911999999999999,0.00061339999999999984,-0.0022014000000000001,-2.6000000000000036e-05,0.000127,-0.00059049999999999999,-0.00021030000000000002,-0.00047790000000000007,-0.0012474000000000001,-0.0010251000000000001,0.0031714999999999998,-0.0002499,-0.00035089999999999991,-0.0005842,0.00050000000000000001,0.0010059000000000001,-0.00064639999999999999,-0.0017851000000000002,0.0018678000000000002,0.00081439999999999995,0.0012524000000000003,0.0021682999999999997,-0.00096989999999999999,-0.0025735999999999997,-0.0011732000000000003,-0.0016268999999999999,0.0011236000000000002,0.0017832999999999998,-0.0021514000000000004,0.0022913000000000005,-0.0027497999999999997,-0.0017944000000000002,0.00074739999999999984,0.00041590000000000008,-0.00034370000000000006,0.0012939000000000002,-0.0015486999999999999,0.0007830999999999999,-0.0017182,0.00031960000000000018,0.001052,-0.0031852000000000004,0.0026456000000000001,0.00066219999999999994,0.00097690000000000016,0.001248,0.0016100999999999995,-0.0013794000000000002,0.0014628,-0.0033284999999999999,0.0020233000000000004
aug_between_class_right_pair0041_child01,Healthy,0,0,Augmented,0,0,0,0,0,0.29452689999999998,1.9428499000000001,-9.0000000000000007e-07,-9.9999999999999995e-08,0,1.0153811000000001,0,0.0082210999999999951,-0.1408547,0.035930900000000002,0.051265799999999993,-0.067426600000000003,0.0445913,0.0063107000000000007,0.021339800000000003,-0.034410399999999994,-0.045221999999999991,0.35513260000000002,-0.1126154,0.033358699999999991,0.050255399999999999,0.015056800000000002,-0.0140994,0.00095509999999999996,-0.058736900000000002,0.024996400000000002,0.018240300000000001,-0.059048400000000001,0.0017861999999999999,-0.1040479,0.024187600000000004,0.038268799999999999,-0.022678199999999999,0.0249096,0.0120962,-0.049023199999999996,0.040522900000000001,-0.061803700000000003,0.0038991000000000026,0.096116000000000007,0.0054952000000000056,0.21040490000000001,-0.070529999999999995,0.0028333999999999998,-0.0019660000000000003,0.00033920000000000131,-0.026458099999999998,0.0057941000000000008,0.032473700000000001,-0.005019,-0.0082909000000000004,-0.016089900000000001,-0.0019354000000000003,0.0098516999999999997,0.0112292,0.0248255,0.0029365999999999993,-0.0039335999999999998,0.013524700000000001,0.0064101000000000002,-0.032484899999999997,-0.0011833000000000004,-0.0067786000000000009,0.0079150000000000002,0.023986599999999997,-0.0931786,-0.0012782999999999987,-0.0479148,0.003794200000000001,0.0074175000000000005,-0.00031380000000000004,0.0006843000000000001,0.018959200000000002,0.0072604999999999996,-0.0048567000000000003,-0.015055700000000002,0.0066023999999999996,0.0020533000000000001,-0.0018184,0.0072837000000000006,0.0006033999999999996,-0.0087966999999999993,-0.0063761000000000009,0.0097193000000000002,0.0105459,-0.011620500000000001,-0.020670900000000002,0.022739099999999998,-0.020720699999999998,-0.0041577000000000003,-0.0115526,-0.0089227999999999998,0.0028102000000000001,-0.0078411000000000002,0.0011618000000000002,0.011060499999999999,-0.0227768,9.5400000000000693e-05,0.0088510999999999989,-0.0026617000000000004,0.020508699999999998,-0.015509200000000001,4.5000000000001636e-06,-0.00035119999999999986,0.00098610000000000017,-0.0081336000000000012,0.011223200000000001,-0.0041665999999999995,-0.00022259999999999988,-0.0026752999999999998,0.0069454,-0.0045989999999999998,0.00050129999999999966,0.00035940000000000017,0.0204084,0.0030467000000000003,-0.0012263,0.0090370999999999993,-0.0057600000000000004,0.0066137000000000001,0.0015079999999999989,0.015583,-0.0027431000000000001,-0.0085801000000000002,-0.0034516000000000008,-0.0043721000000000003,0.0015561000000000001,-0.0088810999999999994,0.0089196999999999992,0.0073825999999999996,-0.00084199999999999987,-0.0045377999999999998,-0.013425800000000002,-0.023239299999999997,0.00049980000000000076,-0.0103756,-0.0067054999999999997,0.0061107000000000002,-0.00080150000000000024,0.012643999999999999,-0.0010540999999999999,-0.012209500000000002,-0.00057429999999999992,-0.00046920000000000007,-0.00060459999999999995,0.00067430000000000007,-0.00089750000000000008,0.00036199999999999991,-0.0016710999999999998,-0.00035409999999999999,0.0022320999999999999,0.0010468000000000001,0.0010914999999999998,0.0033470000000000001,0.0017608000000000001,-0.0016339,-0.0026852000000000004,-0.00081339999999999982,0.0079411000000000013,-0.010755900000000001,0.0037251999999999997,0.0068945000000000005,0.0014514999999999999,-0.0054368000000000003,-0.00067949999999999998,-0.0022409999999999999,-0.0016560999999999998,-0.0031981000000000002,-0.011001500000000001,0.0036900000000000001,-0.0016704000000000003,0.013059500000000002,0.0046300999999999998,-0.0036874,-0.0023385999999999997,0.0099316000000000005,-0.0019159000000000001,-0.0018421000000000002,0.00013340000000000053,-0.0065835000000000008,0.00025460000000000001,-0.0126,0.0043462000000000006,-0.0050577000000000009,0.0027342,0.0054459999999999995,0.00017970000000000009,-0.0015796,0.0028841000000000001,-0.0037286000000000003,-0.0040636000000000005,0.0022081000000000002,-0.0058033,-0.00083660000000000006,-0.0005392999999999995,0.00091890000000000006,0.0042328000000000001,-0.0009789,0.00013649999999999998,-0.0018676999999999999,-7.36e-05,0.0016750000000000003,-2.2499999999999998e-05,-0.0013295,0.0039941999999999998,0.00083270000000000045,0.0015435,0.0016944999999999998,-0.0027397999999999997,-0.0041958000000000004,0.0012132999999999996,0.0035794999999999998,-0.0025589000000000002,0.0053607000000000012,0.0058834999999999998,0.0032421000000000004,-0.0014493000000000002,0.0003617999999999998,-0.0028938000000000002,-0.0022979000000000003,-0.0011292999999999997,0.011377500000000002,0.0027231000000000009,-0.0019201999999999999,-0.0046180999999999991,0.0046317000000000007,0.00092570000000000109,0.0087869999999999997,-0.00086140000000000023,0.0060777000000000001,-0.0020758999999999994,0.0023025000000000007,0.0076924000000000003,-0.0091263999999999998,0.00070819999999999998,-0.0115885,-0.00045049999999999864,-0.0017184000000000001,0.001774,-0.0010032999999999999,-0.00013740000000000001,-0.0029734000000000002,-0.0015069,-0.0017753999999999999,0.0005889999999999999,-0.0032234000000000004,0.00098330000000000032,-0.0016120000000000002,0.0017343999999999999,0.0030988000000000001,-0.0015792000000000002,0.0024170000000000003,-0.00082900000000000009,0.00078190000000000009,-8.6599999999999991e-05,0.0016636999999999997,-0.0039240999999999998,-0.0011164000000000002,0.0016175,0.0029004,0.0042877000000000002,-0.0078832999999999993,0.0013121000000000001,0.0016379999999999999,0.0019528999999999996,-0.00096890000000000029,-0.0017149999999999999,0.0076524000000000002,0.0037531000000000001,-0.0010187,0.0040695999999999996,0.0013102999999999999,-0.0049110000000000004,0.0034426999999999999,-0.00015810000000000005,-0.00066549999999999997,-0.00059750000000000037,0.0014169,0.0010675000000000003,-0.00029189999999999999,-0.00046590000000000021,0.0046544999999999998,-0.0058186999999999996,-0.004816,-0.0017621999999999998,0.0022944000000000003,-0.0014023,-0.00021180000000000005,-0.0032745999999999999,-0.0022912000000000002,-0.0055426,0.0059967000000000006,-0.0022498999999999996,-0.011519,0.0010200000000000001,-0.00032150000000000006,0.00036730000000000004,0.0007515,0.0012943,0.0010421000000000002,-0.0015176,0.0019657999999999998,-0.00069739999999999993,-0.0016544000000000001,0.00231,-0.00069819999999999984,0.00072990000000000012,0.00033680000000000006,-0.0013779999999999997,-7.610000000000002e-05,0.00017370000000000005,-0.0013406,0.0022735999999999998,-0.0016772999999999996,-0.0016767000000000002,-0.0014635,-0.0021962000000000006,-0.0026633000000000004,-0.0014125000000000001,-0.00042510000000000009,0.0022699,0.0026550000000000002,-0.0016178,-0.0017728000000000002,0.00014349999999999975,-0.0032877000000000002,0.00020080000000000011,-0.00068850000000000009,0.00067490000000000063,-0.0006156,0.0011409,0.0023801000000000004,0.0036692000000000001,0.0012186999999999999,-0.00075460000000000002,-0.00082429999999999982,0.0024738,0.00061649999999999986,-0.0020844000000000001,0.0063231999999999993,0.0014703999999999997,-0.0027819999999999998,0.0015363999999999998,0.0006937,0.00095919999999999946,0.0021895,0.00034609999999999979,-0.0021099999999999999,0.0042415000000000005,-0.0020206,0.0021094999999999998,0.00019740000000000014,0.0036963,0.0150752,-0.0025774000000000001,0.0048864000000000008,-0.0057611999999999984,-0.00095289999999999958,-5.5399999999999937e-05,-0.0011420999999999998,0.0029059999999999997,0.0026700000000000001,-9.3700000000000001e-05,-0.0016904000000000003,-0.00046779999999999999,0.0024566000000000002,0.00059929999999999998,-0.00051959999999999994,0.00013899999999999996,-0.0030334999999999997,-0.00013350000000000002,0.000406,0.00067100000000000005,-7.7300000000000198e-05,0.00043360000000000002,-0.0026591000000000002,0.0031026000000000001,-0.0015952,0.00036390000000000012,-0.00027240000000000001,-0.0018467000000000002,0.0019426999999999999,-0.0013058,0.00060400000000000004,-0.0024354000000000003,0.00039530000000000012,-0.0012362,0.0024044000000000001,-0.0026122000000000003,0.0008627000000000001,-0.0017158000000000002,0.0016364999999999999,-0.00019730000000000019,-0.0002873000000000001,0.0027362999999999997,0.00049950000000000005,0.00037259999999999984,-0.0034789999999999999,0.0011214,0.001364,0.0022671000000000006,0.0022335000000000002,-0.0019552000000000003,-0.0034015,0.00026949999999999999,-0.00029310000000000002,-0.00012870000000000004,0.0026803,0.0017755,0.0039889000000000001,0.00031149999999999971,-0.0033337000000000002,0.00028959999999999999,-0.0010032000000000001,-0.00051400000000000003,0.0045678000000000012,-0.0015841000000000002,0.0057710999999999995,0.0032252000000000001,-0.0039981000000000001,-0.0023900999999999992,-0.0027479000000000002,0.00080299999999999989,0.00050410000000000016,0.00042880000000000023,0.0067645999999999991,-0.0047869999999999996,0.00074829999999999992,0.0019593000000000002,-0.0014943999999999999,-0.0014687999999999999,-0.0012109999999999998,0.0001002,-0.0010797000000000001,0.0017144000000000003,0.0030470000000000002,-0.0016824000000000001,0.00071779999999999999,0.0032037000000000003,-0.00047800000000000002,0.0013370000000000001,-0.0011718000000000002,0.00046959999999999998,0.0015482,-0.00070989999999999996,0.00091290000000000013,0.0016049999999999999,-0.0029891999999999996,0.0003458,-0.00084810000000000007,0.00018920000000000005,0.00074720000000000006,-0.0029535999999999998,0.0035092000000000001,0.0010436000000000002,0.0028998000000000001,-0.0027350000000000005,0.00069739999999999993,0.00064609999999999993,-0.00075870000000000006,0.00098870000000000013,0.00085319999999999992,-0.0017578000000000001,0.0013547000000000001,-0.0023599999999999997,-0.0010426999999999999,-0.00070169999999999998,0.00023579999999999999,-0.00065320000000000005,0.00094830000000000001,0.0010216999999999997,-0.0019957,0.0017159,-0.0038815000000000004,-0.0021115000000000001,-0.0018790999999999999,0.0019113999999999999,-0.0030986000000000004,-0.0016533999999999997,-0.00030269999999999993,0.0021859000000000002,-0.0023652999999999999,0.00019589999999999994,-0.0003665999999999998,0.00024930000000000004,0.0026332,-0.0019204999999999999,0.00074559999999999991,-0.0016511000000000002,0.0016759000000000003,0.0024895000000000004,0.0024093000000000001,0.0004699000000000002,0.0011960999999999999,-0.0030065999999999999,0.0044169999999999999,0.0024223999999999999,-0.0046296000000000002,0.0020292000000000001,-0.0049196999999999999,0.00048800000000000015,-0.00041240000000000005
aug_between_class_right_pair0041_child02,Healthy,0,0,Augmented,0,0,0,0,0,0.28937580000000002,1.9451098,-7.9999999999999996e-07,-1.9999999999999999e-07,0,0.9976562000000001,0,0.0083051999999999987,-0.13812539999999998,0.038182800000000003,0.052652599999999994,-0.0657002,0.0420776,0.0089384000000000009,0.0188696,-0.032542799999999997,-0.048469999999999992,0.34863120000000003,-0.11689579999999999,0.034658399999999992,0.052560800000000005,0.021341600000000002,-0.0146818,0.0010552000000000005,-0.0587038,0.027289799999999999,0.018374599999999998,-0.060492799999999999,0.0031733999999999998,-0.1022298,0.022515199999999999,0.041257599999999998,-0.023016399999999999,0.024342200000000001,0.0122034,-0.049307400000000001,0.041570800000000005,-0.062819399999999997,0.0036332000000000031,0.10076500000000001,0.0058454000000000075,0.20889579999999999,-0.069488999999999995,0.0026357999999999998,-0.0028870000000000002,0.00018640000000000063,-0.025653200000000001,0.0047832000000000013,0.033261399999999997,-0.0056080000000000001,-0.0074278000000000009,-0.016575800000000002,-0.0017438000000000002,0.010886400000000001,0.0119224,0.025230000000000002,0.0023111999999999994,-0.0037691999999999995,0.0137264,0.0059061999999999986,-0.0325458,-0.00081360000000000026,-0.0078312,0.0087750000000000015,0.028540199999999998,-0.092568200000000003,-0.0014805999999999986,-0.047707600000000003,0.0019494000000000004,0.0078609999999999999,-0.00052560000000000009,0.00095660000000000016,0.0188264,0.0073999999999999995,-0.0057774000000000002,-0.015417400000000001,0.0062388000000000001,0.0024045999999999998,-0.0016927999999999997,0.0066734000000000003,0.0003587999999999994,-0.0096883999999999998,-0.0066032,0.0094115999999999991,0.0096717999999999995,-0.012228000000000001,-0.0197278,0.023780199999999998,-0.019892399999999998,-0.0043893999999999999,-0.012106200000000001,-0.0085926000000000006,0.0020653999999999998,-0.0081161999999999988,0.0005755999999999999,0.011283999999999999,-0.021390599999999999,0.0023308000000000009,0.0066611999999999991,-0.0027194000000000003,0.018313399999999997,-0.016766400000000001,0.00011500000000000008,-8.2399999999999943e-05,0.00061219999999999981,-0.0078922000000000003,0.010749400000000001,-0.0043281999999999999,0.00020080000000000054,-0.0021905999999999996,0.0066727999999999996,-0.0044289999999999998,1.2599999999999764e-05,0.00096580000000000017,0.020027799999999998,0.0038834000000000004,-0.00073359999999999983,0.0083631999999999995,-0.0062009999999999999,0.0069974,-0.00038900000000000046,0.015368999999999997,-0.0025861999999999999,-0.0081721999999999993,-0.0030322000000000005,-0.0049572000000000001,0.0013411999999999999,-0.0092262000000000004,0.0093854000000000021,0.0071922000000000002,-0.00098800000000000016,-0.0050226000000000003,-0.012421600000000001,-0.024102600000000002,0.0010356000000000011,-0.0108062,-0.0058379999999999994,0.0045164000000000003,-0.00051600000000000018,0.010987,-0.0018831999999999996,-0.01174,-0.00051659999999999998,-0.00035340000000000002,-0.00050319999999999998,5.5600000000000159e-05,-0.00036600000000000001,-0.00048500000000000019,-0.0015732000000000001,-0.00044119999999999967,0.0023861999999999998,0.0017096000000000004,0.0010609999999999999,0.0029360000000000002,0.0018606,-0.0015918,-0.0027944000000000003,-0.00038079999999999982,0.0079562000000000018,-0.010160799999999999,0.0032573999999999997,0.0070690000000000006,0.0014229999999999998,-0.0058996000000000005,-0.00034299999999999999,-0.0021810000000000002,-0.0011401999999999992,-0.0031841999999999999,-0.01056,0.0037610000000000005,-0.0013698000000000004,0.012776000000000001,0.0047102000000000003,-0.0035907999999999999,-0.0022082000000000004,0.0096562000000000002,-0.0027008000000000006,-0.0021472000000000002,-0.00068919999999999919,-0.0063499999999999997,-0.00035779999999999991,-0.013403999999999999,0.0042074000000000009,-0.0047354000000000007,0.0016014000000000002,0.0069019999999999993,-0.00029759999999999986,-0.0017221999999999999,0.0029101999999999999,-0.0037572000000000005,-0.0033962000000000003,0.0022622000000000002,-0.0049176000000000003,-0.0010901999999999999,-0.00070659999999999994,0.0010678,0.0042876000000000008,-0.0010768000000000002,0.00031299999999999996,-0.0013284,-0.00042420000000000007,0.0015960000000000002,7.7000000000000015e-05,-0.0011310000000000001,0.0034543999999999994,0.00055940000000000026,0.0012969999999999998,0.0017769999999999999,-0.0031906,-0.0037696000000000001,0.0010785999999999994,0.0031799999999999997,-0.0023097999999999999,0.0049494000000000005,0.0059779999999999998,0.002934200000000001,-0.0018156000000000005,0.00075759999999999977,-0.0030256000000000007,-0.0021508,-0.00019760000000000003,0.011110000000000002,0.0024722000000000008,-0.0020154000000000001,-0.0047472,0.0043353999999999997,4.3400000000000296e-05,0.008712000000000001,-0.00012380000000000008,0.0066444,-0.0019928000000000003,0.0019300000000000007,0.0068517999999999999,-0.0086218000000000006,0.00040339999999999994,-0.012107,0.00097300000000000164,-0.0014147999999999995,0.0018119999999999998,-0.0010716,-2.2800000000000012e-05,-0.0031247999999999996,-0.0014437999999999999,-0.0019008000000000002,0.00073000000000000018,-0.0031878000000000002,0.00079660000000000028,-0.0018870000000000002,0.0016558,0.0027216000000000002,-0.0019004000000000002,0.0021930000000000005,-0.00078300000000000006,0.0011498000000000001,-0.00017520000000000003,0.0019474,-0.0036622,-0.0010738,0.0015069999999999999,0.0027768000000000003,0.0037924000000000005,-0.0074535999999999995,0.0011352000000000001,0.0016789999999999999,0.0016908000000000001,-0.0012828000000000002,-0.0016990000000000004,0.0077538000000000008,0.0034282000000000002,-0.00091640000000000005,0.0037932,0.0013685999999999998,-0.0046210000000000001,0.0033853999999999998,0.00019679999999999993,-0.00095700000000000006,-0.00027200000000000011,0.00089579999999999998,0.00080699999999999999,-0.00026479999999999999,-0.0010057999999999998,0.0040429999999999997,-0.0055664000000000009,-0.0050279999999999995,-0.0013293999999999999,0.0024058,-0.0011866000000000003,0.00012139999999999981,-0.0038782000000000001,-0.0016944000000000009,-0.0045672000000000004,0.0058114000000000013,-0.002347800000000001,-0.011664000000000001,0.0013340000000000001,-0.00037900000000000005,0.0003146,0.00080500000000000005,0.0011875999999999998,0.00095020000000000022,-0.0014411999999999999,0.0020055999999999997,-0.00044079999999999987,-0.0016137999999999999,0.0023700000000000001,-0.00089840000000000004,0.00068280000000000012,0.00023159999999999977,-0.0011539999999999999,-0.00013420000000000001,-0.00010759999999999982,-0.0014482,0.0026962000000000002,-0.0013916,-0.0017204,-0.0015110000000000002,-0.0021334000000000006,-0.0024806000000000003,-0.001519,-0.00038420000000000012,0.0023068000000000003,0.0023629999999999996,-0.0015406,-0.0015566,-0.00038500000000000003,-0.003123400000000001,0.00023960000000000019,-0.00064100000000000008,0.00076580000000000029,-0.00055520000000000005,0.0013228000000000003,0.0025302000000000002,0.0035804000000000001,0.00098140000000000011,-0.00032619999999999991,-0.0011265999999999997,0.0024076000000000002,0.0004039999999999999,-0.0021088000000000001,0.0062144000000000001,0.00081379999999999994,-0.0030340000000000002,0.0012088000000000003,0.00044239999999999991,0.0014543999999999998,0.001957,0.00035920000000000006,-0.0019550000000000001,0.0040960000000000007,-0.0021111999999999997,0.0019219999999999997,1.6800000000000083e-05,0.0031356000000000001,0.014388400000000003,-0.0018698000000000002,0.0046297999999999999,-0.0062084000000000002,-0.0010407999999999997,0.00011620000000000006,-0.0010301999999999998,0.0027190000000000001,0.0022880000000000001,-1.3999999999999798e-06,-0.0017068000000000001,-0.00038759999999999999,0.0022052,0.0005486,-0.00042920000000000002,0.00027799999999999998,-0.0027300000000000007,0.00016299999999999992,0.00053899999999999998,0.00055600000000000007,-0.00010559999999999996,0.00042520000000000004,-0.0025142000000000003,0.0029302,-0.0012393999999999999,0.00017480000000000007,-0.00025880000000000033,-0.0017024000000000002,0.0017943999999999998,-0.0012006,0.00038699999999999992,-0.0023378000000000001,0.00051159999999999986,-0.0012454000000000002,0.0021288000000000001,-0.0026584000000000004,0.00082939999999999989,-0.0016136,0.0015570000000000002,-0.00022860000000000003,-7.3600000000000054e-05,0.0025525999999999999,0.00055800000000000001,0.00047719999999999967,-0.0034710000000000001,0.0015167999999999998,0.0010330000000000003,0.0025401999999999998,0.0024120000000000001,-0.0018704000000000001,-0.0033810000000000003,0.00022700000000000002,-0.00029120000000000014,-0.00047939999999999994,0.0023716000000000002,0.0018980000000000002,0.0040128000000000004,0.00040200000000000001,-0.0030994000000000004,0.0002042,-0.0006154,-0.000834,0.0047746000000000004,-0.0015832000000000003,0.0054942000000000012,0.0030563999999999999,-0.0038272000000000002,-0.0021561999999999996,-0.0033248000000000006,0.0004750000000000006,0.00079020000000000013,0.00092760000000000021,0.0066491999999999992,-0.0048370000000000002,0.00055460000000000004,0.0019746,-0.0013188000000000002,-0.0013156000000000001,-0.0011559999999999999,0.00014840000000000008,-0.0010633999999999999,0.0016257999999999999,0.0026569999999999996,-0.0014407999999999999,0.0004996,0.0031104000000000001,-0.00067400000000000001,0.0011640000000000001,-0.0013886000000000003,0.00044420000000000001,0.0015504,-0.00072579999999999986,0.00071080000000000015,0.0015009999999999999,-0.0025014,0.00029260000000000001,-0.00052820000000000005,5.3399999999999889e-05,0.00082939999999999999,-0.0028932000000000003,0.0035003999999999999,0.00098719999999999993,0.0029196000000000005,-0.0026570000000000001,0.0008747999999999999,0.00046620000000000011,-0.00065340000000000005,0.0011194,0.00064339999999999992,-0.0016286000000000002,0.0011174000000000002,-0.002225,-0.0011354,-0.00089340000000000003,0.00014159999999999997,-0.00053239999999999993,0.00086760000000000006,0.00086939999999999977,-0.0018883999999999997,0.0017818000000000001,-0.0036080000000000001,-0.0022040000000000002,-0.0018392,0.0015918000000000004,-0.0031442000000000002,-0.0015328,-0.00026839999999999991,0.0021177999999999995,-0.0023556000000000002,0.00022380000000000002,-0.00031320000000000013,0.0007786000000000006,0.0030073999999999999,-0.0016260000000000003,0.00085720000000000002,-0.0017972000000000003,0.0016547999999999999,0.0028220000000000007,0.0022415999999999998,0.00048680000000000001,0.00097620000000000009,-0.0029112000000000001,0.0043669999999999994,0.0019367999999999998,-0.0045592000000000002,0.0016924000000000002,-0.0040993999999999996,0.0015599999999999993,-0.00073679999999999991
aug_between_class_right_pair0041_child03,Healthy,0,0,Augmented,0,0,0,0,0,0.2842247,1.9473697000000001,-6.9999999999999986e-07,-2.9999999999999993e-07,0,0.97993130000000006,4.1359030627651384e-25,0.0083892999999999954,-0.13539609999999999,0.040434699999999997,0.054039400000000001,-0.063973799999999997,0.039563899999999999,0.011566099999999999,0.016399400000000001,-0.030675199999999996,-0.051718,0.34212979999999998,-0.12117619999999998,0.035958099999999993,0.054866200000000004,0.027626400000000002,-0.0152642,0.0011553000000000002,-0.058670699999999999,0.029583199999999997,0.018508900000000002,-0.061937200000000005,0.0045605999999999997,-0.10041170000000001,0.020842800000000002,0.044246399999999998,-0.0233546,0.023774799999999999,0.0123106,-0.0495916,0.042618700000000002,-0.063835100000000006,0.0033672999999999967,0.10541400000000001,0.0061955999999999956,0.20738669999999998,-0.068447999999999995,0.0024382000000000006,-0.0038080000000000002,3.3599999999999949e-05,-0.024848299999999997,0.0037723000000000001,0.034049099999999999,-0.0061969999999999994,-0.0065647000000000006,-0.017061699999999999,-0.0015522000000000001,0.0119211,0.012615600000000001,0.025634500000000001,0.0016858000000000012,-0.0036048000000000009,0.013928100000000001,0.0054023000000000005,-0.032606700000000002,-0.00044390000000000054,-0.0088838000000000007,0.0096350000000000012,0.0330938,-0.091957799999999992,-0.0016829000000000011,-0.047500399999999998,0.00010459999999999636,0.0083045000000000011,-0.00073740000000000003,0.0012289,0.018693600000000001,0.0075394999999999993,-0.0066981000000000002,-0.015779100000000001,0.0058751999999999997,0.0027559000000000004,-0.0015671999999999999,0.0060631000000000001,0.00011420000000000007,-0.0105801,-0.0068302999999999992,0.0091038999999999998,0.0087976999999999986,-0.0128355,-0.018784700000000001,0.024821299999999998,-0.0190641,-0.0046210999999999995,-0.012659799999999999,-0.0082623999999999996,0.0013205999999999997,-0.0083912999999999991,-1.0600000000000366e-05,0.011507499999999999,-0.020004399999999999,0.0045662000000000003,0.0044712999999999992,-0.0027771000000000002,0.0161181,-0.018023600000000001,0.00022550000000000001,0.00018640000000000009,0.00023829999999999988,-0.0076508000000000001,0.010275600000000001,-0.0044898000000000004,0.0006242000000000001,-0.0017058999999999998,0.0064002,-0.0042589999999999998,-0.00047610000000000013,0.001572200000000001,0.0196472,0.0047200999999999996,-0.00024089999999999995,0.0076892999999999996,-0.0066420000000000003,0.0073810999999999998,-0.0022860000000000016,0.015154999999999998,-0.0024292999999999997,-0.0077642999999999992,-0.0026127999999999985,-0.0055423,0.0011263000000000002,-0.0095712999999999996,0.0098510999999999981,0.0070017999999999999,-0.0011339999999999996,-0.0055073999999999991,-0.011417400000000001,-0.024965899999999999,0.0015713999999999997,-0.0112368,-0.0049705000000000001,0.0029221000000000004,-0.00023050000000000002,0.009329999999999998,-0.0027122999999999995,-0.011270499999999999,-0.00045889999999999999,-0.00023759999999999997,-0.00040180000000000006,-0.00056309999999999997,0.00016550000000000017,-0.0013320000000000003,-0.0014752999999999999,-0.00052830000000000021,0.0025403000000000001,0.0023724000000000002,0.0010304999999999999,0.0025250000000000003,0.0019603999999999997,-0.0015497000000000002,-0.0029036000000000001,5.179999999999985e-05,0.0079712999999999989,-0.0095656999999999999,0.0027895999999999997,0.0072434999999999999,0.0013944999999999999,-0.0063623999999999998,-6.4999999999999954e-06,-0.0021210000000000001,-0.00062429999999999951,-0.0031703,-0.010118499999999999,0.0038320000000000003,-0.0010692000000000002,0.0124925,0.0047902999999999999,-0.0034942000000000003,-0.0020778000000000003,0.0093808000000000016,-0.0034856999999999996,-0.0024522999999999997,-0.0015117999999999998,-0.0061165000000000004,-0.00097020000000000027,-0.014207999999999998,0.0040685999999999995,-0.0044130999999999988,0.00046860000000000044,0.0083579999999999991,-0.00077490000000000013,-0.0018648,0.0029363000000000002,-0.0037858000000000002,-0.0027288,0.0023163000000000003,-0.0040318999999999989,-0.0013438,-0.00087389999999999994,0.0012167,0.0043423999999999997,-0.0011747000000000001,0.00048949999999999992,-0.00078909999999999983,-0.00077479999999999997,0.0015170000000000001,0.00017650000000000001,-0.00093249999999999984,0.0029145999999999994,0.00028610000000000007,0.0010504999999999998,0.0018594999999999998,-0.0036413999999999999,-0.0033434000000000003,0.00094390000000000012,0.0027805,-0.0020607000000000004,0.0045380999999999998,0.0060724999999999998,0.0026263000000000002,-0.0021819000000000001,0.0011534000000000002,-0.0031573999999999999,-0.0020037000000000002,0.00073410000000000012,0.010842500000000001,0.0022212999999999998,-0.0021105999999999998,-0.0048763000000000001,0.0040391000000000003,-0.00083889999999999963,0.0086369999999999988,0.00061380000000000007,0.0072110999999999998,-0.0019096999999999996,0.0015575000000000003,0.0060111999999999995,-0.0081171999999999998,9.8599999999999903e-05,-0.0126255,0.0023965000000000011,-0.0011111999999999997,0.0018499999999999999,-0.0011399000000000001,9.1799999999999955e-05,-0.0032761999999999999,-0.0013806999999999999,-0.0020261999999999997,0.00087099999999999981,-0.0031522,0.00060989999999999992,-0.0021620000000000003,0.0015771999999999997,0.0023444,-0.0022216000000000002,0.0019690000000000003,-0.00073700000000000013,0.0015177000000000001,-0.00026380000000000002,0.0022310999999999998,-0.0034002999999999993,-0.0010312000000000001,0.0013964999999999997,0.0026532000000000001,0.0032970999999999999,-0.0070238999999999996,0.00095830000000000004,0.00172,0.0014286999999999998,-0.0015966999999999999,-0.001683,0.0078552000000000014,0.0031032999999999998,-0.0008141,0.0035167999999999996,0.0014268999999999996,-0.0043309999999999998,0.0033281000000000001,0.00055170000000000002,-0.0012484999999999998,5.3500000000000162e-05,0.00037470000000000016,0.00054649999999999924,-0.00023770000000000003,-0.0015457000000000001,0.0034314999999999997,-0.0053141000000000004,-0.005239999999999999,-0.0008966,0.0025171999999999998,-0.00097090000000000024,0.00045459999999999988,-0.0044818000000000002,-0.0010975999999999998,-0.0035917999999999992,0.0056261000000000002,-0.002445699999999999,-0.011809,0.0016480000000000002,-0.00043649999999999998,0.00026190000000000002,0.0008585,0.0010809000000000001,0.00085829999999999999,-0.0013647999999999998,0.0020454000000000002,-0.00018419999999999982,-0.0015731999999999999,0.0024299999999999999,-0.0010985999999999999,0.00063570000000000011,0.00012640000000000004,-0.00092999999999999962,-0.00019230000000000001,-0.00038889999999999991,-0.0015558,0.0031187999999999997,-0.0011058999999999997,-0.0017640999999999998,-0.0015585,-0.0020706000000000001,-0.0022978999999999999,-0.0016255,-0.00034330000000000016,0.0023437000000000002,0.0020709999999999999,-0.0014633999999999999,-0.0013404000000000001,-0.00091350000000000003,-0.0029591000000000001,0.00027840000000000005,-0.00059350000000000028,0.00085670000000000039,-0.00049479999999999999,0.0015046999999999999,0.0026803,0.0034916000000000001,0.00074409999999999971,0.0001022000000000001,-0.0014288999999999994,0.0023414,0.00019149999999999988,-0.0021332,0.0061056000000000001,0.00015720000000000013,-0.0032859999999999999,0.00088120000000000006,0.00019110000000000004,0.0019495999999999997,0.0017245000000000001,0.0003723000000000001,-0.0018,0.0039505,-0.0022018000000000003,0.0017344999999999999,-0.00016379999999999997,0.0025749000000000006,0.013701600000000001,-0.0011622000000000002,0.0043731999999999998,-0.0066556000000000002,-0.0011287000000000003,0.00028780000000000011,-0.00091829999999999993,0.0025319999999999995,0.0019059999999999997,9.0900000000000041e-05,-0.0017232000000000003,-0.00030740000000000005,0.0019537999999999999,0.00049789999999999991,-0.00033879999999999994,0.00041699999999999994,-0.0024265000000000003,0.00045949999999999995,0.00067200000000000007,0.00044100000000000009,-0.00013390000000000016,0.00041679999999999983,-0.0023693000000000004,0.0027577999999999999,-0.0008835999999999999,-1.4299999999999941e-05,-0.0002452,-0.0015581000000000002,0.0016460999999999997,-0.0010953999999999998,0.00016999999999999993,-0.0022401999999999999,0.00062790000000000003,-0.0012546,0.0018531999999999999,-0.0027045999999999997,0.00079609999999999989,-0.0015113999999999998,0.0014774999999999999,-0.00025989999999999997,0.00014010000000000004,0.0023688999999999997,0.00061649999999999975,0.00058180000000000016,-0.0034629999999999999,0.0019121999999999995,0.00070199999999999993,0.0028132999999999999,0.0025904999999999999,-0.0017856,-0.0033604999999999998,0.00018450000000000001,-0.00028929999999999982,-0.00083010000000000017,0.0020628999999999995,0.0020204999999999997,0.0040366999999999998,0.00049250000000000032,-0.0028651000000000002,0.00011880000000000001,-0.00022759999999999989,-0.0011540000000000001,0.0049813999999999995,-0.0015823,0.0052172999999999994,0.0028875999999999997,-0.0036562999999999999,-0.0019222999999999994,-0.0039017000000000001,0.00014700000000000043,0.0010763000000000003,0.0014263999999999995,0.0065337999999999993,-0.0048869999999999999,0.00036089999999999994,0.0019899000000000002,-0.0011432,-0.0011623999999999998,-0.001101,0.00019659999999999995,-0.0010470999999999998,0.0015372000000000001,0.0022669999999999999,-0.0011991999999999997,0.00028139999999999996,0.0030170999999999996,-0.00087000000000000011,0.00099100000000000013,-0.0016053999999999999,0.00041879999999999999,0.0015525999999999999,-0.00074169999999999976,0.00050869999999999995,0.001397,-0.0020135999999999999,0.00023939999999999991,-0.00020830000000000002,-8.2399999999999943e-05,0.00091160000000000004,-0.0028327999999999999,0.0034915999999999997,0.00093079999999999986,0.0029394,-0.0025789999999999997,0.0010522000000000001,0.00028630000000000007,-0.00054810000000000004,0.0012500999999999999,0.00043359999999999981,-0.0014993999999999999,0.00088010000000000009,-0.0020899999999999994,-0.0012281,-0.0010851000000000001,4.7400000000000068e-05,-0.00041159999999999998,0.00078689999999999999,0.00071709999999999992,-0.0017810999999999994,0.0018476999999999999,-0.0033345000000000002,-0.0022964999999999999,-0.0017992999999999996,0.0012721999999999998,-0.0031897999999999996,-0.0014121999999999997,-0.0002341,0.0020496999999999998,-0.0023458999999999997,0.00025169999999999999,-0.00025979999999999981,0.0013078999999999996,0.0033816000000000002,-0.0013315,0.00096879999999999991,-0.0019432999999999996,0.0016336999999999999,0.0031545000000000002,0.0020739,0.00050370000000000005,0.0007562999999999999,-0.0028157999999999998,0.0043169999999999997,0.0014512000000000001,-0.0044888000000000003,0.0013555999999999998,-0.0032790999999999992,0.0026319999999999994,-0.0010612
aug_between_class_right_pair0041_child04,Healthy,0,0,Augmented,0,0,0,0,0,0.27907359999999998,1.9496296,-5.9999999999999997e-07,-3.9999999999999993e-07,0,0.96220640000000002,0,0.008473399999999999,-0.1326668,0.042686599999999998,0.055426200000000002,-0.062247400000000001,0.037050199999999998,0.014193799999999999,0.013929199999999999,-0.028807599999999996,-0.054966000000000001,0.33562839999999999,-0.1254566,0.037257800000000008,0.057171600000000003,0.033911200000000009,-0.015846599999999999,0.0012554000000000007,-0.058637599999999998,0.031876600000000005,0.018643199999999999,-0.063381599999999996,0.0059478000000000005,-0.098593600000000003,0.019170400000000001,0.047235199999999998,-0.0236928,0.0232074,0.0124178,-0.049875799999999998,0.0436666,-0.0648508,0.0031014000000000042,0.11006300000000001,0.0065457999999999975,0.20587759999999999,-0.067406999999999995,0.0022406000000000006,-0.0047290000000000006,-0.00011919999999999899,-0.024043399999999999,0.0027613999999999998,0.034836800000000001,-0.0067860000000000004,-0.0057016000000000002,-0.0175476,-0.0013606,0.0129558,0.013308799999999999,0.026039,0.0010603999999999995,-0.0034403999999999997,0.0141298,0.0048983999999999989,-0.032667600000000005,-7.419999999999996e-05,-0.0099364000000000015,0.010495000000000001,0.037647399999999998,-0.091347399999999995,-0.0018852000000000001,-0.047293200000000001,-0.0017402000000000025,0.0087480000000000006,-0.00094920000000000009,0.0015012000000000003,0.018560799999999999,0.0076790000000000001,-0.0076187999999999985,-0.0161408,0.0055116000000000002,0.0031072000000000001,-0.0014415999999999999,0.0054528000000000007,-0.00013040000000000013,-0.011471800000000001,-0.0070574000000000019,0.0087961999999999988,0.0079235999999999994,-0.013443,-0.017841599999999999,0.025862400000000001,-0.0182358,-0.0048528000000000009,-0.0132134,-0.0079322000000000004,0.00057579999999999958,-0.0086663999999999995,-0.00059680000000000019,0.011730999999999998,-0.018618200000000001,0.0068016000000000014,0.0022813999999999994,-0.0028348000000000002,0.013922799999999999,-0.019280800000000001,0.00033600000000000014,0.00045520000000000001,-0.00013560000000000004,-0.0074094,0.0098018000000000011,-0.0046514,0.0010476000000000001,-0.0012211999999999995,0.0061275999999999995,-0.0040889999999999998,-0.00096480000000000047,0.002178600000000001,0.019266599999999998,0.0055568000000000006,0.00025180000000000016,0.0070153999999999998,-0.0070829999999999999,0.0077648000000000005,-0.0041830000000000018,0.014940999999999999,-0.0022723999999999999,-0.0073563999999999991,-0.0021933999999999999,-0.0061274000000000016,0.00091140000000000014,-0.0099164000000000006,0.010316800000000001,0.0068114000000000004,-0.001279999999999999,-0.0059921999999999996,-0.010413199999999999,-0.0258292,0.0021072000000000009,-0.011667400000000001,-0.0041029999999999999,0.0013277999999999992,5.5000000000000036e-05,0.0076729999999999993,-0.0035413999999999997,-0.010800999999999998,-0.00040119999999999999,-0.00012179999999999995,-0.00030040000000000004,-0.0011818000000000002,0.00069700000000000035,-0.0021790000000000004,-0.0013773999999999998,-0.00061539999999999989,0.0026944,0.0030352000000000009,0.001,0.002114,0.0020601999999999999,-0.0015076000000000002,-0.0030128000000000004,0.00048440000000000028,0.0079863999999999994,-0.0089706000000000004,0.0023217999999999997,0.0074180000000000001,0.001366,-0.0068252,0.00033,-0.0020609999999999999,-0.00010839999999999982,-0.0031564000000000002,-0.0096769999999999998,0.0039030000000000002,-0.00076860000000000036,0.012209000000000001,0.0048704000000000004,-0.0033976000000000006,-0.0019474000000000004,0.0091053999999999996,-0.0042706000000000003,-0.0027574000000000001,-0.0023343999999999995,-0.0058830000000000002,-0.0015826000000000002,-0.015011999999999999,0.0039297999999999998,-0.0040908000000000003,-0.00066420000000000021,0.0098139999999999998,-0.0012522000000000002,-0.0020073999999999999,0.0029624,-0.0038143999999999999,-0.0020614000000000001,0.0023703999999999999,-0.0031461999999999996,-0.0015974000000000001,-0.0010411999999999999,0.0013656000000000002,0.0043972000000000004,-0.0012726,0.00066599999999999993,-0.00024979999999999995,-0.0011254000000000001,0.0014379999999999996,0.00027600000000000004,-0.00073399999999999984,0.0023747999999999994,1.2800000000000094e-05,0.0008039999999999997,0.0019419999999999997,-0.0040921999999999998,-0.0029172,0.0008091999999999995,0.0023809999999999994,-0.0018116,0.0041267999999999999,0.0061670000000000006,0.0023184000000000004,-0.0025482000000000005,0.0015492000000000004,-0.0032891999999999999,-0.0018566000000000001,0.0016658000000000005,0.010575000000000001,0.0019703999999999998,-0.0022057999999999999,-0.0050054000000000001,0.0037428000000000001,-0.0017212,0.0085620000000000002,0.0013514000000000002,0.0077777999999999996,-0.0018266000000000001,0.0011850000000000003,0.0051706,-0.0076126000000000006,-0.00020620000000000013,-0.013143999999999999,0.0038200000000000022,-0.00080759999999999903,0.0018879999999999999,-0.0012082,0.00020639999999999998,-0.0034275999999999994,-0.0013175999999999999,-0.0021516,0.0010120000000000001,-0.0031166000000000002,0.00042319999999999999,-0.0024370000000000004,0.0014986000000000001,0.0019672000000000001,-0.0025428000000000004,0.001745,-0.00069099999999999999,0.0018856000000000003,-0.00035240000000000011,0.0025148000000000002,-0.0031383999999999995,-0.00098860000000000029,0.0012859999999999998,0.0025295999999999999,0.0028018000000000001,-0.0065941999999999988,0.00078140000000000002,0.001761,0.0011665999999999994,-0.0019106000000000006,-0.0016670000000000005,0.0079565999999999994,0.0027783999999999999,-0.00071179999999999985,0.0032404000000000001,0.0014852000000000003,-0.0040410000000000003,0.0032707999999999999,0.00090660000000000024,-0.0015399999999999999,0.00037899999999999978,-0.00014639999999999987,0.00028600000000000023,-0.00021059999999999997,-0.0020856000000000004,0.0028199999999999996,-0.0050618,-0.0054520000000000002,-0.00046379999999999989,0.0026286,-0.00075520000000000014,0.00078779999999999996,-0.0050854000000000003,-0.00050080000000000003,-0.0026163999999999996,0.0054408,-0.0025436000000000005,-0.011953999999999999,0.0019620000000000002,-0.00049400000000000008,0.00020919999999999999,0.00091200000000000005,0.00097419999999999994,0.00076639999999999998,-0.0012883999999999999,0.0020852000000000002,7.2400000000000025e-05,-0.0015325999999999998,0.0024900000000000005,-0.0012988000000000001,0.0005886000000000001,2.1199999999999865e-05,-0.00070599999999999981,-0.00025040000000000007,-0.00067019999999999992,-0.0016633999999999998,0.0035413999999999997,-0.00082019999999999966,-0.0018078,-0.001606,-0.0020077999999999997,-0.0021151999999999998,-0.001732,-0.00030240000000000019,0.0023806000000000005,0.0017789999999999998,-0.0013862,-0.0011242000000000001,-0.0014420000000000001,-0.0027948000000000001,0.00031720000000000012,-0.00054600000000000004,0.00094760000000000005,-0.00043439999999999999,0.0016866000000000003,0.0028303999999999998,0.0034028000000000001,0.00050679999999999974,0.00053060000000000021,-0.0017311999999999996,0.0022751999999999998,-2.1000000000000097e-05,-0.0021576000000000004,0.0059968,-0.00049940000000000054,-0.0035380000000000003,0.0005535999999999999,-6.0200000000000054e-05,0.0024448,0.0014920000000000003,0.00038539999999999994,-0.0016450000000000002,0.0038050000000000002,-0.0022924,0.0015469999999999998,-0.00034439999999999997,0.0020142000000000003,0.0130148,-0.0004546000000000001,0.0041165999999999998,-0.0071028000000000003,-0.0012166,0.00045940000000000005,-0.00080639999999999987,0.0023449999999999999,0.0015239999999999997,0.00018320000000000012,-0.0017396,-0.00022720000000000002,0.0017024,0.00044719999999999992,-0.00024839999999999997,0.00055600000000000007,-0.0021230000000000003,0.00075599999999999994,0.00080500000000000005,0.00032600000000000001,-0.00016220000000000015,0.00040840000000000006,-0.0022244000000000001,0.0025853999999999999,-0.00052779999999999993,-0.00020340000000000001,-0.0002316000000000001,-0.0014138000000000002,0.0014977999999999997,-0.00099019999999999989,-4.7000000000000119e-05,-0.0021426000000000001,0.00074419999999999998,-0.0012638,0.0015776,-0.0027508000000000003,0.00076280000000000011,-0.0014092,0.0013979999999999999,-0.00029120000000000003,0.00035380000000000009,0.0021852,0.00067499999999999993,0.00068639999999999999,-0.0034550000000000002,0.0023075999999999999,0.00037100000000000002,0.0030864000000000004,0.0027690000000000002,-0.0017008000000000001,-0.0033400000000000001,0.00014199999999999998,-0.00028740000000000005,-0.0011808000000000003,0.0017541999999999996,0.0021429999999999999,0.0040606000000000001,0.00058299999999999975,-0.0026308,3.3399999999999999e-05,0.0001602000000000001,-0.001474,0.0051882000000000005,-0.0015814000000000002,0.0049404000000000002,0.0027187999999999999,-0.0034853999999999996,-0.0016883999999999998,-0.004478600000000001,-0.00018099999999999974,0.0013624000000000004,0.0019251999999999997,0.0064183999999999995,-0.0049370000000000004,0.00016719999999999994,0.0020052,-0.00096759999999999988,-0.0010091999999999998,-0.0010459999999999998,0.00024479999999999993,-0.0010308000000000001,0.0014486,0.0018769999999999998,-0.00095759999999999997,6.319999999999991e-05,0.0029237999999999998,-0.0010660000000000001,0.00081799999999999993,-0.0018221999999999999,0.00039340000000000002,0.0015547999999999998,-0.00075759999999999988,0.00030660000000000003,0.0012930000000000001,-0.0015257999999999999,0.00018619999999999997,0.0001116,-0.00021820000000000021,0.00099379999999999998,-0.0027724,0.0034827999999999999,0.0008743999999999999,0.0029592000000000004,-0.0025009999999999998,0.0012296000000000002,0.0001064,-0.00044280000000000003,0.0013808,0.00022379999999999991,-0.0013702,0.0006427999999999999,-0.0019549999999999997,-0.0013208,-0.0012768000000000002,-4.6800000000000053e-05,-0.00029079999999999997,0.00070619999999999993,0.00056479999999999985,-0.0016738,0.0019136000000000001,-0.0030610000000000004,-0.0023889999999999996,-0.0017593999999999999,0.00095259999999999984,-0.0032354000000000003,-0.0012916,-0.00019979999999999987,0.0019816,-0.0023362000000000001,0.00027960000000000007,-0.00020639999999999992,0.0018372000000000004,0.0037558000000000001,-0.0010369999999999999,0.0010804,-0.0020893999999999999,0.0016126000000000003,0.0034870000000000005,0.0019061999999999998,0.00052060000000000008,0.00053640000000000003,-0.0027204,0.004267,0.00096559999999999962,-0.0044184000000000003,0.0010187999999999998,-0.0024587999999999997,0.0037039999999999994,-0.0013856000000000001
aug_between_class_right_pair0041_child05,TLE,1,1,Augmented,0,0,0,0,0,0.26877139999999999,1.9541494000000001,-3.9999999999999988e-07,-5.9999999999999997e-07,0,0.92675660000000004,0,0.0086415999999999993,-0.12720819999999999,0.0471904,0.058199799999999996,-0.058794600000000002,0.032022800000000004,0.019449200000000003,0.0089887999999999999,-0.025072399999999998,-0.061461999999999996,0.32262560000000001,-0.13401740000000001,0.039857199999999995,0.061782400000000001,0.04648080000000001,-0.017011399999999999,0.0014556,-0.058571399999999996,0.036463399999999993,0.018911799999999999,-0.066270400000000007,0.0087221999999999994,-0.094957399999999997,0.015825600000000002,0.053212800000000005,-0.024369199999999997,0.022072599999999998,0.0126322,-0.050444200000000002,0.045762400000000002,-0.066882200000000003,0.0025695999999999983,0.11936099999999999,0.0072462000000000013,0.2028594,-0.065324999999999994,0.0018454000000000005,-0.0065710000000000005,-0.00042480000000000035,-0.022433599999999998,0.0007396000000000002,0.036412199999999999,-0.0079639999999999989,-0.0039754000000000005,-0.018519399999999998,-0.0009773999999999998,0.015025199999999999,0.014695200000000002,0.026848,-0.00019040000000000029,-0.0031116,0.014533200000000001,0.003890600000000001,-0.032789400000000003,0.00066519999999999991,-0.012041600000000001,0.012215,0.0467546,-0.090126600000000001,-0.0022897999999999998,-0.046878799999999998,-0.0054298000000000003,0.0096350000000000012,-0.0013728000000000002,0.0020458,0.018295200000000001,0.0079579999999999998,-0.0094602000000000002,-0.016864199999999999,0.0047843999999999994,0.0038097999999999995,-0.0011903999999999999,0.0042322000000000002,-0.00061960000000000053,-0.0132552,-0.007511600000000002,0.0081808000000000002,0.0061754000000000002,-0.014658000000000001,-0.015955400000000002,0.0279446,-0.016579199999999999,-0.0053162000000000001,-0.014320599999999999,-0.0072718000000000001,-0.0009138000000000002,-0.0092166000000000001,-0.0017691999999999999,0.012178,-0.0158458,0.0112724,-0.0020984000000000037,-0.0029502,0.0095322000000000011,-0.021795200000000001,0.0005570000000000002,0.00099280000000000006,-0.0008833999999999999,-0.0069266000000000006,0.0088541999999999996,-0.0049746,0.0018943999999999992,-0.00025180000000000005,0.0055824000000000004,-0.0037490000000000002,-0.0019421999999999998,0.0033914000000000001,0.018505400000000002,0.0072302,0.0012372000000000001,0.0056676000000000001,-0.0079649999999999999,0.0085321999999999985,-0.0079769999999999997,0.014512999999999998,-0.0019586,-0.0065405999999999997,-0.0013546000000000009,-0.0072976000000000004,0.00048160000000000043,-0.010606599999999999,0.0112482,0.0064306000000000007,-0.0015720000000000005,-0.0069617999999999989,-0.0084048000000000005,-0.027555800000000002,0.0031788000000000007,-0.012528600000000001,-0.0023680000000000003,-0.0018608000000000001,0.00062600000000000004,0.0043590000000000009,-0.0051995999999999987,-0.0098619999999999992,-0.00028580000000000001,0.00010980000000000004,-9.7600000000000014e-05,-0.0024191999999999998,0.0017600000000000003,-0.0038730000000000001,-0.0011816000000000003,-0.00078960000000000011,0.0030025999999999998,0.0043607999999999997,0.00093899999999999984,0.0012920000000000004,0.0022598000000000002,-0.0014234,-0.0032312,0.0013495999999999996,0.0080166000000000022,-0.0077803999999999998,0.0013862000000000002,0.0077670000000000005,0.0013089999999999998,-0.0077507999999999995,0.001003,-0.001941,0.00092339999999999957,-0.0031286000000000005,-0.0087939999999999997,0.004045,-0.00016740000000000027,0.011642,0.0050305999999999997,-0.0032044000000000005,-0.0016866000000000001,0.0085546000000000007,-0.0058403999999999991,-0.0033676000000000001,-0.0039795999999999989,-0.0054159999999999998,-0.0028073999999999998,-0.016619999999999999,0.0036522000000000004,-0.0034462000000000008,-0.0029297999999999998,0.012726000000000001,-0.0022068000000000001,-0.0022926000000000001,0.0030146000000000001,-0.0038716000000000002,-0.00072660000000000086,0.0024786000000000001,-0.0013748000000000002,-0.0021045999999999999,-0.0013757999999999999,0.0016634,0.0045068,-0.0014684000000000001,0.0010189999999999999,0.00082879999999999987,-0.0018265999999999998,0.0012799999999999999,0.000475,-0.00033700000000000001,0.0012951999999999998,-0.00053379999999999986,0.00031099999999999986,0.0021069999999999999,-0.0049937999999999996,-0.0020648000000000003,0.0005398,0.0015819999999999999,-0.0013134000000000002,0.0033042000000000002,0.0063560000000000005,0.0017026000000000003,-0.0032808000000000008,0.0023408000000000001,-0.0035528000000000001,-0.0015624000000000002,0.0035291999999999997,0.01004,0.0014686000000000002,-0.0023961999999999998,-0.0052636000000000002,0.0031502000000000001,-0.0034857999999999998,0.0084119999999999993,0.0028265999999999999,0.0089111999999999993,-0.0016604,0.0004400000000000005,0.0034894000000000001,-0.0066034000000000006,-0.00081579999999999934,-0.014180999999999999,0.0066670000000000011,-0.00020039999999999988,0.001964,-0.0013447999999999999,0.00043559999999999996,-0.0037303999999999992,-0.0011914,-0.0024024000000000003,0.001294,-0.0030454000000000006,4.9800000000000126e-05,-0.0029870000000000001,0.0013414,0.0012128000000000002,-0.0031852000000000004,0.0012970000000000002,-0.00059900000000000003,0.0026214000000000003,-0.00052959999999999997,0.0030822000000000002,-0.0026145999999999999,-0.00090340000000000017,0.001065,0.0022824000000000004,0.0018112000000000004,-0.0057348,0.00042760000000000009,0.001843,0.00064239999999999957,-0.0025383999999999997,-0.0016350000000000006,0.0081593999999999989,0.0021285999999999996,-0.00050719999999999997,0.0026876000000000001,0.0016017999999999991,-0.0034610000000000001,0.0031561999999999996,0.0016164,-0.0021229999999999999,0.0010299999999999997,-0.0011885999999999995,-0.0002350000000000004,-0.00015640000000000001,-0.0031653999999999996,0.0015969999999999999,-0.0045572,-0.0058759999999999993,0.00040179999999999947,0.0028513999999999996,-0.00032379999999999996,0.0014542000000000001,-0.0062925999999999989,0.00069279999999999949,-0.0006655999999999997,0.0050702000000000013,-0.0027393999999999999,-0.012244,0.0025900000000000003,-0.00060900000000000006,0.00010380000000000003,0.0010189999999999999,0.00076080000000000006,0.00058260000000000007,-0.0011356000000000001,0.0021647999999999997,0.00058559999999999992,-0.0014513999999999998,0.0026099999999999999,-0.0016992000000000001,0.00049440000000000009,-0.00018920000000000005,-0.00025800000000000004,-0.00036660000000000002,-0.0012327999999999996,-0.0018786000000000002,0.0043865999999999992,-0.00024879999999999992,-0.0018951999999999999,-0.001701,-0.0018822000000000001,-0.0017498000000000001,-0.0019450000000000001,-0.00022060000000000005,0.0024544000000000002,0.0011950000000000001,-0.0012317999999999999,-0.00069180000000000001,-0.0024989999999999995,-0.0024662,0.00039480000000000006,-0.0004509999999999998,0.0011294000000000002,-0.00031360000000000003,0.0020504,0.0031305999999999999,0.0032252000000000001,3.2199999999999915e-05,0.0013874000000000002,-0.002335799999999999,0.0021428000000000003,-0.00044600000000000011,-0.0022064000000000003,0.0057792,-0.0018125999999999993,-0.0040419999999999996,-0.00010159999999999998,-0.00056280000000000002,0.0034351999999999998,0.0010270000000000001,0.00041160000000000003,-0.001335,0.0035140000000000002,-0.0024735999999999998,0.0011719999999999999,-0.00070559999999999991,0.00089280000000000023,0.011641200000000001,0.00096060000000000004,0.0036034000000000001,-0.0079971999999999994,-0.0013923999999999998,0.0008026000000000001,-0.00058259999999999996,0.0019710000000000001,0.00076000000000000004,0.00036780000000000005,-0.0017723999999999999,-6.6800000000000079e-05,0.0011995999999999999,0.00034579999999999995,-6.7600000000000003e-05,0.00083399999999999989,-0.0015160000000000002,0.0013489999999999997,0.0010710000000000001,9.6000000000000165e-05,-0.0002187999999999999,0.00039159999999999987,-0.0019346000000000001,0.0022406000000000001,0.00018379999999999994,-0.00058159999999999983,-0.00020440000000000009,-0.0011252,0.0012011999999999999,-0.00077979999999999998,-0.00048100000000000004,-0.0019474000000000002,0.00097679999999999989,-0.0012821999999999998,0.0010264,-0.0028432000000000002,0.0006961999999999999,-0.0012048,0.0012390000000000001,-0.00035380000000000003,0.00078119999999999991,0.0018177999999999998,0.00079200000000000006,0.00089559999999999987,-0.0034389999999999998,0.0030983999999999994,-0.00029099999999999992,0.0036325999999999997,0.0031260000000000003,-0.0015312000000000001,-0.0032990000000000003,5.700000000000003e-05,-0.00028359999999999995,-0.0018822000000000001,0.0011367999999999999,0.0023879999999999995,0.0041083999999999999,0.00076399999999999992,-0.0021622,-0.00013739999999999992,0.00093579999999999987,-0.002114,0.0056017999999999997,-0.0015796,0.0043866,0.0023812,-0.0031435999999999999,-0.0012205999999999999,-0.0056323999999999992,-0.00083700000000000007,0.0019346000000000001,0.0029227999999999993,0.0061875999999999997,-0.0050369999999999998,-0.00022020000000000004,0.0020357999999999999,-0.00061640000000000002,-0.00070279999999999995,-0.0009360000000000002,0.00034120000000000011,-0.00099819999999999987,0.0012714,0.0010969999999999999,-0.00047439999999999993,-0.00037319999999999986,0.0027372,-0.0014580000000000001,0.00047200000000000009,-0.0022558000000000001,0.00034259999999999998,0.0015592000000000002,-0.00078940000000000011,-9.7599999999999933e-05,0.001085,-0.00055020000000000025,7.9799999999999988e-05,0.00075140000000000005,-0.00048979999999999998,0.0011581999999999999,-0.0026516000000000001,0.0034651999999999994,0.00076159999999999997,0.0029988000000000003,-0.0023449999999999999,0.0015844000000000003,-0.00025339999999999998,-0.00023220000000000003,0.0016421999999999997,-0.0001958000000000001,-0.0011118,0.00016820000000000008,-0.0016849999999999999,-0.0015061999999999999,-0.0016602000000000001,-0.00023520000000000008,-4.9200000000000057e-05,0.00054480000000000002,0.00026019999999999993,-0.0014591999999999999,0.0020454000000000002,-0.0025140000000000002,-0.0025739999999999999,-0.0016795999999999998,0.00031340000000000025,-0.0033265999999999999,-0.0010503999999999999,-0.00013119999999999983,0.0018453999999999999,-0.0023167999999999999,0.00033540000000000002,-9.9599999999999927e-05,0.0028957999999999996,0.0045041999999999999,-0.00044800000000000016,0.0013036,-0.0023816000000000011,0.0015703999999999998,0.0041520000000000003,0.0015707999999999998,0.00055440000000000014,9.6600000000000125e-05,-0.0025295999999999999,0.0041670000000000006,-5.5999999999997024e-06,-0.0042776000000000012,0.00034520000000000004,-0.00081819999999999983,0.005847999999999999,-0.0020343999999999996
aug_between_class_right_pair0041_child06,TLE,1,1,Augmented,0,0,0,0,0,0.26362030000000003,1.9564093,-3.0000000000000009e-07,-6.9999999999999986e-07,0,0.9090317,0,0.008725699999999996,-0.1244789,0.049442300000000002,0.059586599999999997,-0.057068199999999999,0.029509099999999996,0.0220769,0.0065186000000000011,-0.023204800000000001,-0.064710000000000004,0.31612420000000002,-0.1382978,0.041156899999999996,0.0640878,0.052765600000000003,-0.0175938,0.0015556999999999997,-0.058538300000000001,0.038756799999999994,0.0190461,-0.067714799999999992,0.010109399999999999,-0.093139299999999994,0.014153200000000001,0.056201599999999997,-0.024707399999999997,0.021505200000000002,0.0127394,-0.0507284,0.046810299999999999,-0.067897899999999997,0.0023037000000000057,0.12401,0.0075964000000000031,0.20135030000000001,-0.064283999999999994,0.0016477999999999996,-0.0074920000000000004,-0.00057760000000000016,-0.021628699999999997,-0.00027129999999999928,0.037199900000000001,-0.0085529999999999998,-0.0031123000000000001,-0.019005299999999999,-0.00078579999999999969,0.016059899999999998,0.0153884,0.027252500000000002,-0.00081580000000000021,-0.0029471999999999996,0.0147349,0.0033867000000000012,-0.032850299999999999,0.0010348999999999998,-0.013094199999999999,0.013074999999999998,0.051308199999999998,-0.089516200000000004,-0.0024920999999999997,-0.046671600000000001,-0.0072745999999999991,0.010078500000000001,-0.0015846,0.0023181,0.018162399999999999,0.0080974999999999988,-0.0103809,-0.017225900000000002,0.0044207999999999999,0.0041610999999999992,-0.0010647999999999999,0.0036219000000000008,-0.00086420000000000073,-0.0141469,-0.0077386999999999994,0.0078730999999999992,0.0053013000000000001,-0.015265500000000001,-0.015012300000000001,0.028985699999999996,-0.015750899999999998,-0.0055478999999999997,-0.014874200000000001,-0.0069416,-0.0016585999999999997,-0.0094916999999999987,-0.0023553999999999997,0.012401499999999999,-0.0144596,0.0135078,-0.0042882999999999984,-0.0030079,0.0073369000000000004,-0.023052399999999997,0.00066750000000000012,0.0012615999999999999,-0.0012572999999999998,-0.0066852000000000005,0.0083803999999999997,-0.0051362000000000005,0.0023178000000000001,0.00023289999999999997,0.0053097999999999999,-0.0035790000000000001,-0.0024308999999999997,0.0039977999999999993,0.0181248,0.0080668999999999984,0.0017298999999999997,0.0049937000000000002,-0.0084060000000000003,0.0089158999999999992,-0.0098740000000000008,0.014298999999999999,-0.0018017,-0.0061327000000000005,-0.00093519999999999888,-0.0078826999999999994,0.00026670000000000036,-0.0109517,0.011713899999999999,0.0062402000000000004,-0.0017179999999999999,-0.0074465999999999994,-0.0074006000000000011,-0.028419099999999999,0.0037146000000000002,-0.012959200000000001,-0.001500500000000001,-0.0034551000000000009,0.00091149999999999998,0.0027020000000000008,-0.0060286999999999988,-0.0093924999999999998,-0.00022809999999999996,0.00022560000000000004,3.7999999999999247e-06,-0.0030379000000000005,0.0022915000000000001,-0.0047200000000000002,-0.0010836999999999999,-0.00087669999999999979,0.0031566999999999997,0.0050235999999999996,0.00090849999999999991,0.00088100000000000049,0.0023595999999999995,-0.0013813,-0.0033404000000000003,0.0017821999999999996,0.008031700000000001,-0.0071853000000000004,0.00091840000000000021,0.0079415000000000006,0.0012805,-0.0082135999999999997,0.0013394999999999987,-0.0018810000000000001,0.0014392999999999993,-0.0031147000000000002,-0.0083525000000000005,0.0041159999999999999,0.00013319999999999955,0.011358500000000001,0.0051107000000000001,-0.0031078,-0.0015562,0.0082792000000000004,-0.0066252999999999998,-0.0036727000000000001,-0.0048021999999999969,-0.0051825000000000005,-0.0034198000000000006,-0.017423999999999999,0.0035133999999999999,-0.0031238999999999998,-0.0040625999999999987,0.014182,-0.0026840999999999996,-0.0024352000000000002,0.0030407000000000003,-0.0039001999999999999,-5.9200000000000572e-05,0.0025326999999999997,-0.00048910000000000023,-0.0023582,-0.0015430999999999999,0.0018123,0.0045616000000000007,-0.0015663000000000001,0.0011954999999999999,0.0013680999999999993,-0.0021771999999999998,0.0012010000000000002,0.00057449999999999992,-0.00013850000000000011,0.00075540000000000026,-0.00080709999999999983,6.4499999999999887e-05,0.0021894999999999996,-0.0054446,-0.0016386000000000003,0.00040510000000000025,0.0011825,-0.0010643000000000002,0.0028929000000000003,0.0064505000000000005,0.0013947000000000005,-0.0036470999999999999,0.0027366000000000001,-0.0036845999999999997,-0.0014153000000000002,0.0044608999999999994,0.0097724999999999999,0.0012177000000000002,-0.0024914,-0.0053927000000000011,0.0028539000000000004,-0.0043680999999999998,0.0083369999999999989,0.0035642,0.0094778999999999992,-0.0015773000000000004,6.7500000000000502e-05,0.0026488000000000002,-0.0060987999999999997,-0.0011205999999999994,-0.014699499999999997,0.0080905000000000022,0.00010319999999999947,0.0020019999999999999,-0.0014131,0.00055019999999999982,-0.0038817999999999995,-0.0011283,-0.0025278000000000002,0.0014350000000000001,-0.0030098,-0.00013689999999999991,-0.0032620000000000001,0.0012627999999999999,0.00083560000000000014,-0.0035064000000000002,0.0010730000000000002,-0.000553,0.0029892999999999999,-0.00061819999999999985,0.0033658999999999998,-0.0023527000000000001,-0.00086080000000000011,0.00095450000000000005,0.0021588000000000006,0.0013159000000000005,-0.0053051000000000001,0.00025069999999999997,0.001884,0.00038030000000000052,-0.0028522999999999999,-0.0016190000000000002,0.0082608000000000004,0.0018037000000000001,-0.00040489999999999998,0.0024112000000000001,0.0016600999999999999,-0.0031710000000000002,0.0030988999999999999,0.0019713,-0.0024144999999999995,0.0013554999999999995,-0.0017096999999999995,-0.00049549999999999985,-0.0001293,-0.0037052999999999999,0.00098549999999999983,-0.0043049000000000004,-0.0060879999999999997,0.00083460000000000001,0.0029627999999999998,-0.00010809999999999986,0.0017874,-0.0068961999999999982,0.0012895999999999997,0.00030979999999999983,0.004884900000000001,-0.0028372999999999996,-0.012389000000000001,0.0029040000000000003,-0.00066649999999999999,5.1100000000000036e-05,0.0010724999999999999,0.00065410000000000012,0.00049070000000000006,-0.0010592000000000002,0.0022046000000000001,0.00084219999999999987,-0.0014108,0.0026700000000000001,-0.0018994000000000003,0.00044730000000000003,-0.0002944,-3.4000000000000013e-05,-0.00042469999999999997,-0.0015140999999999998,-0.0019862,0.0048091999999999996,3.690000000000003e-05,-0.0019388999999999999,-0.0017485000000000001,-0.0018194000000000001,-0.0015671000000000001,-0.0020514999999999999,-0.00017970000000000009,0.0024913000000000001,0.00090300000000000005,-0.0011546,-0.00047559999999999996,-0.0030274999999999998,-0.0023019,0.00043360000000000013,-0.0004035,0.0012202999999999995,-0.00025320000000000003,0.0022323,0.0032806999999999997,0.0031364000000000001,-0.00020509999999999994,0.0018158,-0.0026380999999999991,0.0020766000000000001,-0.00065850000000000001,-0.0022308000000000002,0.0056703999999999999,-0.0024691999999999995,-0.0042939999999999992,-0.00042919999999999997,-0.00081409999999999989,0.0039303999999999988,0.00079450000000000018,0.00042470000000000008,-0.0011800000000000001,0.0033685000000000004,-0.0025642,0.00098450000000000013,-0.00088619999999999986,0.00033210000000000048,0.010954400000000001,0.0016681999999999997,0.0033468,-0.0084443999999999977,-0.0014802999999999999,0.00097420000000000015,-0.00047070000000000006,0.0017839999999999998,0.00037800000000000003,0.00046010000000000007,-0.0017888000000000001,1.3399999999999892e-05,0.00094820000000000006,0.00029510000000000007,2.2799999999999958e-05,0.00097299999999999991,-0.0012125,0.0016454999999999996,0.001204,-1.8999999999999811e-05,-0.00024709999999999988,0.00038319999999999999,-0.0017897000000000002,0.0020682000000000001,0.00053959999999999978,-0.00077069999999999992,-0.00019080000000000019,-0.00098090000000000004,0.0010529000000000003,-0.00067460000000000003,-0.00069799999999999994,-0.0018498000000000004,0.0010930999999999998,-0.0012914000000000001,0.00075080000000000014,-0.0028893999999999999,0.00066290000000000012,-0.0011026000000000002,0.0011594999999999999,-0.00038509999999999998,0.00099489999999999995,0.0016341000000000001,0.00085050000000000002,0.0010002000000000001,-0.0034309999999999996,0.0034938,-0.00062199999999999983,0.0039056999999999998,0.0033045000000000001,-0.0014464,-0.0032785000000000002,1.4500000000000054e-05,-0.00028169999999999996,-0.0022329000000000003,0.00082810000000000002,0.0025104999999999997,0.0041323000000000002,0.00085450000000000001,-0.0019279000000000002,-0.00022279999999999983,0.0013235999999999996,-0.0024339999999999995,0.0058085999999999997,-0.0015787000000000002,0.0041097,0.0022124000000000002,-0.0029727,-0.00098670000000000029,-0.0062093000000000001,-0.0011649999999999998,0.0022206999999999999,0.003421599999999999,0.0060721999999999998,-0.0050870000000000004,-0.00041390000000000003,0.0020510999999999997,-0.00044080000000000009,-0.00054960000000000002,-0.00088100000000000006,0.00038939999999999998,-0.00098190000000000018,0.0011828000000000001,0.00070700000000000005,-0.0002328000000000001,-0.00059139999999999974,0.0026439000000000002,-0.0016540000000000001,0.00029900000000000011,-0.0024726000000000001,0.00031720000000000001,0.0015613999999999997,-0.0008053,-0.00029969999999999991,0.0009810000000000001,-6.2400000000000324e-05,2.6599999999999996e-05,0.0010712999999999999,-0.00062559999999999992,0.0012404,-0.0025912000000000001,0.0034563999999999997,0.00070520000000000001,0.0030185999999999998,-0.0022669999999999999,0.0017618000000000002,-0.00043329999999999985,-0.00012690000000000008,0.0017728999999999998,-0.0004056000000000001,-0.00098260000000000014,-6.9099999999999891e-05,-0.0015500000000000002,-0.0015988999999999999,-0.0018518999999999999,-0.00032939999999999998,7.1599999999999951e-05,0.00046409999999999995,0.00010790000000000002,-0.0013519000000000001,0.0021113,-0.0022405000000000003,-0.0026665,-0.0016397000000000002,-6.1999999999997712e-06,-0.0033721999999999997,-0.00092980000000000016,-9.6900000000000024e-05,0.0017772999999999999,-0.0023070999999999999,0.00036329999999999989,-4.619999999999993e-05,0.0034250999999999995,0.0048783999999999998,-0.00015350000000000015,0.0014151999999999999,-0.0025276999999999999,0.0015492999999999998,0.0044845000000000006,0.0014031,0.00057130000000000017,-0.0001232999999999998,-0.0024342000000000001,0.0041169999999999991,-0.00049119999999999936,-0.0042072000000000003,8.4000000000000687e-06,2.0999999999999968e-06,0.0069199999999999973,-0.0023588000000000003
aug_between_class_right_pair0041_child07,TLE,1,1,Augmented,0,0,0,0,0,0.25846920000000001,1.9586692000000001,-1.9999999999999999e-07,-7.9999999999999996e-07,0,0.89130679999999995,0,0.0088097999999999996,-0.1217496,0.051694200000000003,0.060973399999999997,-0.055341799999999997,0.026995400000000003,0.024704600000000004,0.0040483999999999989,-0.021337199999999997,-0.067958000000000005,0.30962279999999998,-0.14257819999999999,0.042456600000000011,0.066393199999999999,0.05905040000000001,-0.0181762,0.0016558000000000002,-0.0585052,0.041050199999999995,0.0191804,-0.069159200000000004,0.011496600000000001,-0.091321200000000005,0.0124808,0.059190400000000004,-0.025045599999999998,0.020937799999999999,0.0128466,-0.051012600000000005,0.047858200000000004,-0.068913599999999992,0.0020378000000000063,0.128659,0.0079465999999999981,0.1998412,-0.063242999999999994,0.0014502000000000004,-0.0084130000000000021,-0.00073040000000000084,-0.020823799999999996,-0.0012822000000000007,0.037987600000000003,-0.0091420000000000008,-0.0022491999999999998,-0.0194912,-0.00059420000000000306,0.017094600000000001,0.016081600000000001,0.027657000000000001,-0.0014411999999999984,-0.0027828000000000002,0.014936599999999998,0.0028827999999999979,-0.032911200000000002,0.0014046000000000002,-0.014146800000000003,0.013935000000000001,0.055861800000000003,-0.088905799999999993,-0.0026944000000000004,-0.046464400000000003,-0.0091194000000000015,0.010522,-0.0017964000000000001,0.0025904000000000001,0.0180296,0.0082369999999999995,-0.0113016,-0.017587600000000002,0.0040572000000000004,0.0045124000000000006,-0.00093919999999999984,0.0030115999999999997,-0.0011088000000000001,-0.015038600000000001,-0.0079658000000000003,0.0075653999999999999,0.0044272000000000001,-0.015873000000000002,-0.014069199999999999,0.030026799999999999,-0.014922599999999999,-0.0057796000000000002,-0.015427799999999998,-0.0066113999999999999,-0.0024034000000000008,-0.0097667999999999991,-0.0029415999999999999,0.012625000000000001,-0.013073399999999999,0.015743200000000002,-0.0064782000000000034,-0.0030655999999999991,0.0051415999999999996,-0.024309600000000001,0.00077800000000000015,0.0015304000000000001,-0.0016312000000000002,-0.0064438000000000004,0.0079065999999999997,-0.0052978000000000001,0.0027412000000000001,0.0007176000000000002,0.0050372000000000004,-0.0034090000000000001,-0.0029196000000000005,0.004604200000000001,0.017744200000000002,0.0089036000000000011,0.0022226000000000004,0.0043197999999999995,-0.0088470000000000007,0.0092995999999999999,-0.011771000000000004,0.014085,-0.0016447999999999999,-0.0057247999999999995,-0.00051580000000000029,-0.008467800000000001,5.1800000000000283e-05,-0.011296799999999999,0.012179599999999999,0.0060498000000000001,-0.0018640000000000002,-0.0079313999999999982,-0.0063964,-0.0292824,0.0042503999999999997,-0.0133898,-0.00063299999999999988,-0.0050494000000000016,0.0011970000000000001,0.0010449999999999988,-0.006857799999999999,-0.0089229999999999986,-0.00017040000000000002,0.00034140000000000017,0.00010520000000000004,-0.0036566000000000003,0.0028230000000000009,-0.0055670000000000008,-0.0009858,-0.00096380000000000012,0.0033108,0.0056864000000000012,0.00087799999999999998,0.00046999999999999993,0.0024594,-0.0013392000000000002,-0.0034495999999999997,0.0022148000000000003,0.0080468000000000015,-0.0065902000000000001,0.00045059999999999935,0.008116,0.0012520000000000001,-0.008676399999999999,0.0016759999999999995,-0.0018209999999999999,0.0019552000000000007,-0.0031008000000000003,-0.0079109999999999996,0.0041870000000000006,0.00043379999999999981,0.011075,0.0051907999999999998,-0.0030112000000000003,-0.0014257999999999999,0.0080038000000000002,-0.0074102000000000013,-0.003977800000000001,-0.0056247999999999984,-0.0049490000000000003,-0.0040322000000000014,-0.018228000000000001,0.0033745999999999997,-0.0028015999999999996,-0.0051954000000000002,0.015637999999999999,-0.0031614,-0.0025777999999999999,0.0030667999999999997,-0.0039287999999999997,0.00060819999999999971,0.0025867999999999998,0.00039660000000000037,-0.0026118000000000001,-0.0017103999999999999,0.0019612000000000002,0.0046164000000000005,-0.0016642000000000002,0.001372,0.0019074000000000001,-0.0025278000000000006,0.0011219999999999997,0.00067400000000000001,6.0000000000000117e-05,0.00021559999999999963,-0.0010804,-0.00018200000000000052,0.0022720000000000001,-0.0058954000000000003,-0.0012123999999999998,0.00027039999999999963,0.00078299999999999941,-0.00081519999999999987,0.0024816,0.0065450000000000005,0.0010867999999999997,-0.0040134000000000012,0.0031324000000000005,-0.0038164000000000002,-0.0012682000000000001,0.0053926,0.0095049999999999996,0.00096680000000000008,-0.0025866000000000001,-0.0055218000000000003,0.0025576000000000002,-0.0052504000000000006,0.0082619999999999985,0.0043017999999999997,0.010044599999999999,-0.0014942,-0.00030500000000000004,0.0018081999999999996,-0.0055941999999999997,-0.0014253999999999994,-0.015217999999999999,0.0095140000000000034,0.00040680000000000056,0.0020399999999999997,-0.0014814000000000001,0.0006648,-0.0040331999999999998,-0.0010651999999999999,-0.0026532000000000001,0.0015760000000000004,-0.0029742000000000002,-0.00032360000000000006,-0.0035370000000000002,0.0011841999999999998,0.00045839999999999987,-0.0038276000000000009,0.00084899999999999993,-0.00050699999999999986,0.0033572000000000003,-0.00070680000000000005,0.0036496000000000002,-0.0020907999999999999,-0.00081820000000000005,0.00084399999999999992,0.0020352,0.00082060000000000011,-0.0048753999999999994,7.3799999999999734e-05,0.0019250000000000001,0.00011820000000000016,-0.0031662000000000005,-0.0016029999999999998,0.0083621999999999985,0.0014787999999999997,-0.00030259999999999993,0.0021348000000000001,0.0017184000000000006,-0.0028809999999999999,0.0030415999999999998,0.0023262000000000001,-0.0027060000000000001,0.001681,-0.0022307999999999998,-0.00075600000000000016,-0.00010219999999999994,-0.0042452000000000002,0.00037399999999999933,-0.0040526,-0.0063,0.0012674000000000006,0.0030741999999999996,0.0001075999999999998,0.0021206000000000003,-0.0074997999999999992,0.0018864000000000001,0.0012852000000000002,0.0046996,-0.0029351999999999994,-0.012534,0.0032180000000000004,-0.00072400000000000003,-1.6000000000000118e-06,0.001126,0.00054739999999999997,0.00039879999999999994,-0.00098280000000000004,0.0022444000000000001,0.0010988,-0.0013702,0.0027300000000000002,-0.0020996000000000001,0.00040019999999999981,-0.00039959999999999996,0.00019000000000000017,-0.00048280000000000008,-0.0017953999999999997,-0.0020937999999999998,0.0052317999999999991,0.00032260000000000014,-0.0019826000000000002,-0.0017960000000000003,-0.0017566000000000001,-0.0013843999999999998,-0.0021580000000000002,-0.0001387999999999999,0.0025282000000000004,0.00061099999999999967,-0.0010773999999999998,-0.00025939999999999991,-0.0035560000000000001,-0.0021375999999999999,0.00047240000000000021,-0.00035599999999999998,0.0013112,-0.00019280000000000002,0.0024142,0.0034307999999999999,0.0030476000000000001,-0.00044240000000000013,0.0022442,-0.0029403999999999993,0.0020103999999999999,-0.00087100000000000035,-0.0022552000000000002,0.0055615999999999999,-0.0031257999999999998,-0.0045459999999999997,-0.00075680000000000029,-0.0010654000000000002,0.0044255999999999983,0.00056199999999999989,0.00043779999999999991,-0.0010249999999999999,0.0032230000000000002,-0.0026547999999999997,0.00079699999999999986,-0.0010668000000000001,-0.00022860000000000008,0.010267600000000002,0.0023758,0.0030901999999999995,-0.008891600000000003,-0.0015681999999999998,0.0011458000000000002,-0.00035879999999999999,0.0015969999999999999,-4.0000000000002056e-06,0.00055240000000000009,-0.0018051999999999999,9.3599999999999944e-05,0.00069680000000000002,0.00024439999999999998,0.00011320000000000003,0.0011120000000000001,-0.00090899999999999998,0.0019419999999999997,0.0013370000000000001,-0.000134,-0.00027540000000000008,0.00037479999999999989,-0.0016448000000000001,0.0018958,0.00089540000000000019,-0.00095980000000000002,-0.00017720000000000008,-0.00083660000000000006,0.0009046000000000002,-0.00056939999999999985,-0.00091500000000000012,-0.0017522000000000002,0.0012094,-0.0013005999999999998,0.00047519999999999962,-0.0029356,0.00062959999999999991,-0.0010004,0.00108,-0.00041639999999999993,0.0012086000000000002,0.0014503999999999999,0.00090899999999999976,0.0011048,-0.0034229999999999998,0.0038892000000000006,-0.00095300000000000007,0.0041787999999999999,0.0034830000000000009,-0.0013615999999999999,-0.0032579999999999996,-2.800000000000003e-05,-0.00027980000000000008,-0.0025836000000000006,0.00051939999999999983,0.0026329999999999999,0.0041562000000000005,0.00094500000000000031,-0.0016936,-0.00030820000000000006,0.0017114000000000001,-0.0027539999999999999,0.0060154000000000006,-0.0015777999999999999,0.0038327999999999999,0.0020436,-0.0028017999999999997,-0.00075279999999999943,-0.0067862,-0.0014930000000000004,0.0025068000000000004,0.0039203999999999992,0.0059567999999999999,-0.0051370000000000001,-0.00060760000000000013,0.0020663999999999999,-0.00026519999999999989,-0.00039639999999999993,-0.00082599999999999991,0.00043760000000000007,-0.00096559999999999984,0.0010942,0.00031699999999999963,8.8000000000001597e-06,-0.00080959999999999995,0.0025506000000000001,-0.0018500000000000001,0.00012599999999999986,-0.0026894000000000002,0.00029179999999999999,0.0015635999999999996,-0.00082120000000000012,-0.00050180000000000005,0.00087699999999999996,0.00042540000000000009,-2.660000000000005e-05,0.0013912,-0.00076140000000000008,0.0013226000000000002,-0.0025307999999999997,0.0034475999999999999,0.00064879999999999994,0.0030384000000000001,-0.002189,0.0019392000000000003,-0.00061320000000000005,-2.1600000000000037e-05,0.0019035999999999999,-0.0006154000000000001,-0.00085340000000000004,-0.00030640000000000013,-0.0014149999999999996,-0.0016916000000000001,-0.0020435999999999996,-0.0004236,0.00019240000000000007,0.0003834,-4.4400000000000103e-05,-0.0012446,0.0021771999999999998,-0.001967,-0.0027589999999999997,-0.0015998,-0.00032580000000000017,-0.0034178000000000004,-0.00080919999999999994,-6.2600000000000004e-05,0.0017091999999999999,-0.0022973999999999998,0.00039119999999999997,7.200000000000175e-06,0.0039544000000000011,0.0052526000000000005,0.00014100000000000001,0.0015267999999999998,-0.0026737999999999996,0.0015282000000000002,0.004817000000000001,0.0012353999999999998,0.0005882000000000002,-0.00034319999999999989,-0.0023388000000000003,0.0040669999999999994,-0.00097680000000000032,-0.0041368000000000004,-0.00032840000000000023,0.00082240000000000047,0.0079919999999999991,-0.0026832000000000002
aug_between_class_right_pair0041_child08,TLE,1,1,Augmented,0,0,0,0,0,0.25331809999999999,1.9609291,-9.999999999999989e-08,-8.9999999999999996e-07,0,0.87358190000000002,0,0.0088938999999999963,-0.1190203,0.053946099999999997,0.062360199999999998,-0.053615399999999994,0.024481700000000002,0.027332300000000007,0.0015781999999999992,-0.0194696,-0.071206000000000005,0.30312139999999999,-0.14685860000000001,0.043756299999999998,0.068698599999999999,0.06533520000000001,-0.0187586,0.0017559000000000008,-0.058472099999999999,0.043343599999999996,0.019314700000000001,-0.070603600000000002,0.012883799999999999,-0.089503100000000002,0.010808399999999999,0.062179200000000004,-0.025383799999999998,0.0203704,0.0129538,-0.051296800000000004,0.048906100000000001,-0.0699293,0.0017718999999999999,0.13330799999999998,0.0082968000000000069,0.19833210000000001,-0.062202,0.0012526000000000013,-0.0093340000000000003,-0.00088319999999999978,-0.020018899999999999,-0.0022931000000000006,0.038775299999999999,-0.0097310000000000001,-0.0013861000000000004,-0.019977099999999998,-0.00040259999999999949,0.018129300000000001,0.016774799999999999,0.028061500000000003,-0.0020666000000000035,-0.0026183999999999999,0.015138299999999999,0.0023788999999999998,-0.032972100000000004,0.0017742999999999999,-0.0151994,0.014795000000000001,0.060415399999999994,-0.088295399999999996,-0.0028967000000000012,-0.046257199999999998,-0.0109642,0.010965500000000001,-0.0020082000000000003,0.0028627000000000001,0.017896799999999997,0.0083764999999999985,-0.012222300000000002,-0.017949300000000001,0.0036936,0.0048637000000000003,-0.00081359999999999983,0.0024012999999999999,-0.0013534000000000003,-0.015930300000000001,-0.0081929000000000012,0.0072576999999999997,0.0035530999999999996,-0.016480500000000002,-0.0131261,0.031067899999999999,-0.014094300000000001,-0.0060113000000000007,-0.0159814,-0.0062811999999999998,-0.0031482000000000003,-0.010041899999999999,-0.0035277999999999998,0.012848499999999999,-0.0116872,0.017978600000000001,-0.0086681000000000015,-0.0031232999999999999,0.0029462999999999989,-0.025566800000000001,0.00088850000000000008,0.0017991999999999999,-0.0020051000000000001,-0.0062024000000000003,0.0074327999999999998,-0.0054593999999999997,0.0031646000000000001,0.0012022999999999999,0.0047645999999999999,-0.0032390000000000001,-0.0034083,0.0052106000000000001,0.0173636,0.0097403000000000003,0.0027152999999999999,0.0036458999999999997,-0.0092879999999999994,0.0096833000000000006,-0.013668000000000003,0.013871000000000001,-0.0014878999999999999,-0.0053168999999999994,-9.6399999999999958e-05,-0.0090529000000000009,-0.00016309999999999979,-0.0116419,0.012645300000000002,0.0058594000000000007,-0.0020099999999999996,-0.0084161999999999987,-0.0053921999999999998,-0.030145700000000001,0.0047862000000000009,-0.0138204,0.00023449999999999947,-0.0066437000000000024,0.0014825000000000003,-0.00061200000000000056,-0.0076868999999999991,-0.0084534999999999992,-0.00011269999999999987,0.00045720000000000016,0.00020660000000000001,-0.0042753000000000001,0.0033545000000000007,-0.0064140000000000004,-0.00088789999999999984,-0.0010508999999999998,0.0034648999999999999,0.006349200000000001,0.00084749999999999984,5.9000000000000025e-05,0.0025591999999999998,-0.0012970999999999998,-0.0035588,0.0026474000000000003,0.0080619000000000003,-0.0059950999999999997,-1.7200000000000201e-05,0.008290500000000001,0.0012235,-0.0091391999999999984,0.0020124999999999995,-0.001761,0.0024711000000000004,-0.0030869000000000001,-0.0074695000000000004,0.0042580000000000005,0.00073439999999999985,0.010791499999999999,0.0052709000000000002,-0.0029145999999999998,-0.0012954000000000002,0.0077284000000000007,-0.0081951000000000003,-0.0042829000000000009,-0.0064473999999999981,-0.0047155000000000001,-0.0046446000000000005,-0.019032,0.0032358,-0.0024793000000000003,-0.0063282,0.017093999999999998,-0.0036386999999999999,-0.0027204,0.0030929,-0.0039573999999999998,0.0012756,0.0026408999999999998,0.0012823000000000001,-0.0028653999999999997,-0.0018777000000000002,0.0021101000000000002,0.0046712000000000004,-0.0017621000000000002,0.0015485,0.0024467,-0.0028783999999999997,0.0010430000000000001,0.0007735000000000001,0.00025850000000000005,-0.00032420000000000018,-0.0013537,-0.00042850000000000006,0.0023544999999999998,-0.0063461999999999998,-0.00078619999999999949,0.00013569999999999988,0.00038349999999999929,-0.00056609999999999994,0.0020703000000000002,0.0066395000000000004,0.0007788999999999998,-0.0043797000000000003,0.0035282000000000004,-0.0039481999999999998,-0.0011210999999999999,0.0063243000000000006,0.0092375000000000009,0.0007159,-0.0026817999999999998,-0.0056509000000000004,0.0022612999999999999,-0.0061327000000000005,0.0081869999999999998,0.0050394000000000003,0.010611300000000001,-0.0014111,-0.00067749999999999993,0.00096759999999999945,-0.0050895999999999997,-0.0017301999999999994,-0.015736499999999997,0.010937500000000003,0.00071039999999999992,0.002078,-0.0015497000000000002,0.00077939999999999986,-0.0041845999999999993,-0.0010020999999999999,-0.0027786,0.0017170000000000002,-0.0029386000000000004,-0.00051029999999999999,-0.0038120000000000003,0.0011055999999999998,8.1200000000000456e-05,-0.0041488000000000002,0.00062500000000000001,-0.00046100000000000004,0.0037250999999999999,-0.00079540000000000003,0.0039333000000000007,-0.0018288999999999998,-0.0007756000000000002,0.00073349999999999999,0.0019116000000000001,0.00032530000000000016,-0.0044456999999999995,-0.00010310000000000007,0.0019659999999999999,-0.00014390000000000019,-0.0034800999999999999,-0.0015869999999999994,0.0084635999999999982,0.0011538999999999996,-0.00020029999999999996,0.0018584000000000001,0.0017766999999999995,-0.0025910000000000004,0.0029843000000000001,0.0026811000000000005,-0.0029975000000000002,0.0020065,-0.0027518999999999998,-0.0010165,-7.5099999999999928e-05,-0.0047851000000000005,-0.0002375000000000003,-0.0038002999999999999,-0.0065119999999999996,0.0017001999999999994,0.0031855999999999998,0.00032329999999999989,0.0024537999999999999,-0.0081034000000000002,0.0024832000000000001,0.0022606000000000006,0.0045142999999999997,-0.0030330999999999999,-0.012679000000000001,0.0035320000000000004,-0.00078150000000000008,-5.4300000000000005e-05,0.0011795,0.00044070000000000003,0.00030689999999999998,-0.00090639999999999991,0.0022842000000000001,0.0013554000000000001,-0.0013296,0.0027900000000000004,-0.0022998000000000007,0.00035310000000000002,-0.00050480000000000034,0.00041400000000000009,-0.00054089999999999997,-0.0020766999999999999,-0.0022013999999999996,0.0056543999999999995,0.0006083000000000002,-0.0020263,-0.0018435000000000001,-0.0016938000000000001,-0.0012017,-0.0022645,-9.789999999999994e-05,0.0025651000000000003,0.00031899999999999973,-0.0010001999999999999,-4.3199999999999939e-05,-0.0040844999999999996,-0.0019732999999999999,0.00051120000000000028,-0.00030849999999999975,0.0014021000000000001,-0.00013239999999999997,0.0025961000000000001,0.0035809000000000001,0.0029588000000000001,-0.0006797000000000001,0.0026726000000000007,-0.0032426999999999994,0.0019442000000000001,-0.0010835,-0.0022796000000000001,0.0054527999999999998,-0.0037824,-0.0047980000000000002,-0.0010844000000000001,-0.0013167000000000001,0.0049208000000000012,0.00032949999999999999,0.00045089999999999996,-0.0008699999999999999,0.0030774999999999999,-0.0027453999999999998,0.00060949999999999969,-0.0012474000000000001,-0.00078929999999999994,0.0095808000000000004,0.0030834,0.0028335999999999999,-0.0093388000000000013,-0.0016561,0.0013174000000000003,-0.00024690000000000004,0.0014099999999999998,-0.00038600000000000017,0.00064470000000000011,-0.0018216,0.00017379999999999989,0.00044539999999999993,0.00019370000000000002,0.00020360000000000002,0.0012509999999999999,-0.00060550000000000003,0.0022385,0.0014700000000000002,-0.00024899999999999987,-0.00030369999999999985,0.00036640000000000002,-0.0014999,0.0017233999999999999,0.0012512000000000001,-0.0011489,-0.00016360000000000007,-0.00069229999999999986,0.00075630000000000011,-0.00046420000000000001,-0.001132,-0.0016546,0.0013257,-0.0013097999999999999,0.00019959999999999965,-0.0029818000000000002,0.00059630000000000002,-0.00089819999999999982,0.0010005000000000001,-0.00044769999999999999,0.0014223,0.0012666999999999999,0.00096750000000000037,0.0012094,-0.0034150000000000001,0.0042846000000000004,-0.001284,0.0044519,0.0036615000000000007,-0.0012768,-0.0032374999999999999,-7.0499999999999979e-05,-0.00027789999999999987,-0.0029343000000000004,0.00021069999999999992,0.0027554999999999993,0.0041801000000000008,0.0010355000000000002,-0.0014593,-0.00039359999999999997,0.0020992000000000003,-0.0030739999999999999,0.0062222000000000006,-0.0015769,0.0035558999999999999,0.0018748,-0.0026308999999999998,-0.00051889999999999987,-0.0073630999999999992,-0.0018209999999999997,0.0027929000000000001,0.0044191999999999999,0.0058414000000000001,-0.0051870000000000006,-0.00080130000000000002,0.0020816999999999997,-8.9599999999999793e-05,-0.00024319999999999995,-0.00077099999999999998,0.00048580000000000004,-0.00094929999999999993,0.0010055999999999999,-7.3000000000000148e-05,0.00025040000000000001,-0.0010277999999999999,0.0024573000000000004,-0.0020460000000000001,-4.7000000000000058e-05,-0.0029062000000000003,0.00026640000000000002,0.0015658,-0.00083710000000000002,-0.00070390000000000003,0.00077300000000000003,0.00091320000000000008,-7.9800000000000015e-05,0.0017111000000000001,-0.00089720000000000023,0.0014048000000000001,-0.0024703999999999998,0.0034387999999999997,0.00059239999999999998,0.0030581999999999996,-0.002111,0.0021166000000000002,-0.00079310000000000003,8.3699999999999975e-05,0.0020343000000000002,-0.00082520000000000011,-0.00072420000000000004,-0.00054370000000000004,-0.0012799999999999999,-0.0017843000000000002,-0.0022353,-0.00051780000000000001,0.00031319999999999997,0.00030269999999999993,-0.00019670000000000012,-0.0011372999999999999,0.0022431,-0.0016934999999999999,-0.0028514999999999999,-0.0015599000000000001,-0.00064539999999999997,-0.0034633999999999997,-0.00068859999999999972,-2.8299999999999766e-05,0.0016410999999999999,-0.0022877000000000002,0.00041909999999999994,6.0600000000000172e-05,0.0044837000000000002,0.0056268000000000004,0.00043550000000000001,0.0016383999999999997,-0.0028199000000000002,0.0015070999999999997,0.0051495000000000022,0.0010677,0.00060510000000000002,-0.00056309999999999986,-0.0022434000000000004,0.0040169999999999997,-0.0014624000000000004,-0.0040664000000000004,-0.00066520000000000012,0.0016426999999999998,0.0090639999999999991,-0.0030076
aug_between_class_right_pair0042_child01,Healthy,0,0,Augmented,0,0,0,0,0,0.30745810000000001,2.0595408000000002,-1.0000000000000002e-06,-1.9999999999999999e-07,0,0.98495480000000013,0,0.0258315,-0.1413654,0.041403700000000002,0.0515795,-0.080445799999999998,0.061127700000000007,0.0025399999999999997,0.016223700000000001,-0.0250318,-0.055691200000000003,0.35389550000000003,-0.1079619,-0.036779600000000003,0.049273400000000002,-0.0078706000000000019,-0.0131378,-0.0021137999999999999,-0.067949300000000004,0.031087099999999999,0.017595,-0.033782,-0.0039956000000000002,-0.091058500000000001,0.014695799999999998,0.0375167,-0.0202232,0.0339531,0.018184600000000002,-0.050163300000000001,0.035048900000000001,-0.092580999999999997,-0.0036337000000000036,0.098376400000000003,-0.0045132999999999979,0.203793,-0.049346300000000003,0.0077172000000000004,-0.0059228000000000006,0.0056221999999999991,-0.024760299999999999,-0.0024093999999999999,0.040477300000000001,-0.0032091000000000003,-0.0015180000000000011,-0.010116699999999999,-0.013888299999999999,0.013331900000000001,2.1099999999996122e-05,0.026411199999999999,0.0057654999999999998,-0.0097508999999999998,0.0041714999999999999,0.025982200000000004,-0.039761699999999997,0.0060831000000000001,-0.0033183999999999996,0.0049197000000000008,0.016776699999999999,-0.078038200000000002,0.0040514000000000001,-0.025780999999999998,0.0052172999999999976,0.0078524000000000007,-0.0032838999999999998,0.0020875999999999998,0.015759800000000001,0.009410700000000001,0.0026848999999999996,-0.009756299999999999,0.0049605999999999999,0.0039635,-0.0022372,0.0086566999999999998,0.00055969999999999978,-0.012765800000000001,-0.00026550000000000054,0.0093287999999999999,0.0055650999999999999,-0.011987599999999999,-0.017799499999999999,0.0276338,-0.0088401,-0.010082599999999999,-0.0068684999999999996,-0.0043432000000000002,0.0054203000000000003,-0.012668800000000001,0.00042320000000000031,0.011377099999999999,-0.00061549999999999973,0.023460700000000001,0.0156448,0.0013139999999999998,0.016071800000000001,-0.0105705,0.010415400000000002,-5.7500000000000042e-05,-0.0022709000000000002,-0.0070743000000000004,0.0107175,-0.0059236999999999996,0.0039305999999999994,0.0010799,0.0046779000000000005,-0.0074942999999999989,-0.0027806999999999997,0.0069256999999999999,0.0111982,0.0059494999999999999,-0.00031649999999999994,0.010971,-0.0046257999999999994,0.0070365000000000011,-0.011229900000000001,0.012193200000000001,-0.0012597999999999999,-0.0024118999999999998,0.0035135999999999995,-0.0038696999999999998,0.0054886999999999991,-0.0118342,-0.0010126,0.012490999999999999,0.0058805000000000003,-0.0139416,-0.0057854000000000004,-0.022093399999999999,-0.0071249,-0.0092059999999999989,0.0011166999999999991,-0.0054525000000000007,-0.0016231000000000002,-0.0037041000000000001,-0.0042795000000000003,-0.012278999999999998,-0.0019105000000000003,-0.00025760000000000003,6.620000000000001e-05,0.0010035000000000001,0.0046755,-0.010098900000000001,0.0019735999999999998,-0.0025348000000000002,-3.3599999999999949e-05,0.00079609999999999989,-0.0003656,0.0030590000000000001,0.0016070000000000004,-0.0020749000000000002,0.00033799999999999998,-0.0042846000000000004,-0.00029029999999999985,-0.0074383000000000001,-0.00063860000000000002,0.0073090999999999998,0.0015854,-0.0034779000000000003,-0.0023444,-0.0031187999999999997,-0.0029610999999999999,-0.0021264000000000001,-0.0090729999999999995,0.0036035999999999998,-0.0070217999999999999,0.013276699999999999,0.00075949999999999976,-0.0077881000000000009,-0.0033706999999999999,0.018556700000000002,-0.0072597,-0.00094020000000000009,0.0050634,-0.0130867,-0.0015838,-0.022972800000000002,0.00056079999999999975,0.0050636000000000006,0.0012971000000000016,0.0112552,-0.0018341,0.00059539999999999984,0.00039959999999999996,-0.00077540000000000009,-0.0028031000000000002,0.00043029999999999989,0.00027700000000000001,0.00049819999999999986,-0.0042734999999999995,0.0033168,-0.00056140000000000053,-0.0030378000000000002,0.00077820000000000005,-0.0012279999999999999,0.0015849000000000002,-0.00029099999999999992,-0.0013776000000000001,-0.00073209999999999996,-0.0014032000000000003,-0.0026430999999999998,0.0033710000000000003,0.00046929999999999986,-0.0030286000000000002,-0.0064486999999999999,0.0025287999999999999,0.0072528999999999996,-0.0030102999999999996,0.00062329999999999981,0.0040558999999999994,0.0037076000000000001,0.0019004,0.0013917999999999999,-0.003849,0.0002526999999999998,0.0060031000000000008,0.0078750999999999995,0.0029183999999999998,0.0016073000000000003,-0.0044038999999999997,0.00090419999999999997,-0.0043090000000000003,0.0063955000000000001,0.0021432999999999999,0.0035787000000000006,0.0041344999999999993,-0.0049324,-0.00030100000000000049,-0.0106812,-0.00029170000000000021,-0.0078261000000000008,0.0066423999999999997,-0.0095857999999999985,0.0019233,-8.7799999999999857e-05,-0.0019429999999999998,-0.0021467999999999999,-0.00022349999999999985,-0.00061910000000000003,0.00060900000000000006,-0.0010959000000000001,0.00037109999999999997,-0.0014647000000000002,-0.0012021,0.006048099999999999,0.0026923999999999997,-0.00059889999999999997,-0.0027219000000000002,0.00173,0.0009234,0.0046264999999999995,-0.0033928000000000001,0.00050449999999999996,-9.4699999999999971e-05,-1.2899999999999934e-05,0.0043249999999999999,-0.0054656000000000001,-0.0016995999999999997,0.0010458999999999998,0.0016804999999999997,0.00098039999999999976,0.0038077000000000002,-0.0012079999999999997,0.0033292999999999999,0.00017260000000000002,0.0023739999999999998,-0.00074180000000000014,0.00084430000000000009,0.0038079999999999998,-0.00043310000000000001,0.0041403999999999998,-0.0031864999999999992,0.0010125999999999998,0.00013060000000000068,0.00087149999999999988,0.0012175999999999997,0.0046202000000000005,-0.0083002000000000006,-0.0019870000000000001,-0.0049817999999999998,0.0039829000000000002,-0.0058447999999999998,0.0024342999999999999,-0.0029800999999999998,0.0017685000000000001,0.0035190999999999998,0.0035919999999999997,-0.0016795,-0.019174900000000002,0.00033080000000000002,-0.00087819999999999999,-0.0011908999999999999,0.00077650000000000006,0.0034592999999999998,-0.000696,0.0011042000000000001,0.00059539999999999994,0.00079679999999999996,-0.0019247999999999997,0.0017767999999999998,0.0024945000000000002,-0.00015870000000000001,0.00059400000000000002,0.0011022,-0.00097980000000000007,-0.0012924,0.0014528,0.00089489999999999991,0.0029773999999999998,-0.0026700999999999999,-0.00070580000000000003,0.00067199999999999996,-0.0011171999999999998,-0.0017208000000000002,0.00032290000000000031,0.00045270000000000005,0.0005419,-8.0599999999999899e-05,0.0015256000000000002,-0.0018051,-0.0043800000000000002,-0.0011363999999999999,-0.001524,-0.0024439000000000002,-0.00048750000000000009,0.0010672000000000001,-0.0036266000000000011,0.0091395000000000001,-0.00024419999999999997,-0.00046149999999999989,0.0010077,0.0013139,0.0013628000000000002,-0.0023378000000000001,0.0033052999999999997,0.0013097,-0.0016508,-0.00041240000000000005,-0.0023925000000000001,-0.0040579000000000006,-0.0020891,0.0009057999999999999,0.0039619,0.0048170000000000001,-0.0026497000000000001,0.00055500000000000005,-0.0022446000000000002,-0.0011116000000000001,0.012785299999999999,-0.0026350000000000002,0.0031034999999999999,0.0011188999999999995,-0.0021879,-0.0013041999999999999,0.0017267000000000003,0.0006824,-0.00061470000000000025,0.0009961000000000002,-0.0026887999999999999,-0.0017236,0.00086589999999999996,-4.2300000000000025e-05,0.00093490000000000001,0.00037560000000000002,-0.0019850000000000002,-3.1500000000000034e-05,0.0014861000000000002,0.0013613000000000002,-0.0026997000000000002,-0.0009435,-0.0012606,0.0017685000000000001,0.0011995,0.0012053999999999999,0.0023372000000000002,-0.0020507999999999998,-0.0027169000000000004,-0.0026286999999999999,0.0016122,-0.0028871999999999999,0.0011375000000000001,-0.0031061000000000005,0.0025127000000000001,0.00076790000000000029,-0.0011803,-0.00042240000000000008,-0.0014915000000000002,-2.5999999999999981e-05,0.0016183000000000005,0.0011819000000000001,-0.0037774000000000002,0.0022880999999999999,-0.0015029999999999998,-0.0011222999999999999,-0.00092050000000000009,-0.0006157999999999999,0.00174,-0.00281,-0.0021638,0.0031056,0.0018845999999999999,0.00012250000000000021,0.00055480000000000004,0.0016448999999999997,0.00057140000000000012,0.0026646,-0.0028901999999999999,0.00065890000000000002,0.0020951999999999998,0.0019023999999999998,0.0013581999999999999,-0.0010977000000000001,0.0043291000000000007,0.00060859999999999972,0.00045040000000000011,0.0029197999999999997,-0.0029822,-0.00068970000000000012,0.00020740000000000016,0.0018511000000000005,0.0050174000000000009,-0.0034531000000000002,0.0010941,0.00067939999999999993,-0.0012245000000000001,-0.0034047999999999999,0.0013599,2.6400000000000045e-05,0.0012416,0.00058929999999999985,0.00097730000000000017,-0.0016258000000000002,0.0004099000000000001,0.0020403999999999999,-0.0024950999999999997,0.0012388000000000002,4.5999999999999763e-06,-0.00043670000000000015,-0.0014513999999999998,0.00098959999999999977,-0.0012068999999999999,0.00035179999999999999,-0.00070659999999999994,9.1399999999999999e-05,-0.0019157000000000002,-0.00017509999999999987,0.0022074,-0.0020265000000000001,0.0024298000000000002,0.0021519000000000004,-0.00099439999999999988,-0.0010769,-0.0009473000000000001,-0.001036,-0.00053989999999999995,0.0023108,0.0019599000000000001,0.00092630000000000013,-0.00050009999999999996,-0.0016199000000000001,-0.0044241000000000003,0.0011574000000000003,0.0030888999999999999,-0.0014497000000000002,0.0026180999999999999,0.0005396,0.0021761000000000003,-0.0017628999999999998,-0.00083519999999999992,-0.0013381999999999999,-0.00019490000000000005,0.0022228999999999999,0.0016489999999999999,-0.0010266999999999997,-0.00079639999999999995,0.0016234999999999999,-0.0033436,-0.00043909999999999999,0.0028035,0.0014926000000000004,0.0017262,-0.0033621999999999997,-0.0014355000000000001,0.0043713000000000007,0.00083880000000000044,-0.0038551999999999996,0.005598500000000001,-0.0021868,-1.8700000000000021e-05,0.00086659999999999992,0.0033943000000000003,0.0099344000000000012,-0.0060555999999999995,0.00023360000000000007,-0.0064919999999999995,-0.0066893999999999999,0.0024683999999999995
aug_between_class_right_pair0042_child02,Healthy,0,0,Augmented,0,0,0,0,0,0.30204520000000001,2.0353196000000002,-9.9999999999999995e-07,-3.9999999999999998e-07,0,0.96933860000000005,0,0.026153999999999997,-0.13950679999999999,0.039316400000000001,0.053612,-0.081829599999999988,0.059513400000000008,0.00068800000000000024,0.016261400000000002,-0.023962600000000001,-0.057068400000000005,0.34983600000000004,-0.10499979999999999,-0.034210199999999996,0.049415799999999996,-0.0095842000000000011,-0.013781600000000001,-0.0016625999999999998,-0.066636600000000004,0.030899199999999998,0.016674000000000001,-0.033814999999999998,-0.0034331999999999987,-0.08895900000000001,0.014032599999999999,0.038831399999999995,-0.020434399999999998,0.032654200000000001,0.0193522,-0.050816599999999996,0.034022800000000006,-0.089467999999999992,-0.0034534000000000023,0.095925800000000006,-0.0062515999999999995,0.20094899999999999,-0.047874600000000003,0.0074533999999999998,-0.0058376000000000009,0.0053514000000000009,-0.024375600000000004,-0.0015808000000000003,0.039794599999999999,-0.0036302000000000001,-0.0026150000000000001,-0.009649399999999999,-0.014080599999999999,0.014002799999999999,0.00061220000000000024,0.025985399999999999,0.0066259999999999999,-0.011476799999999999,0.003934,0.024671400000000003,-0.040144399999999997,0.0057841999999999998,-0.002615800000000001,0.0059354000000000004,0.018494400000000001,-0.078362399999999999,0.0036238000000000017,-0.026987000000000001,0.0043336,0.0072588000000000001,-0.0025577999999999998,0.0021812000000000003,0.015595600000000001,0.0091254000000000005,0.0020837999999999998,-0.0094025999999999988,0.0046292,0.003751,-0.0026394000000000001,0.0078964000000000013,-5.3600000000000002e-05,-0.0121846,0.00024599999999999969,0.0088865999999999997,0.0045332000000000003,-0.011471200000000001,-0.016445999999999999,0.0272746,-0.0089231999999999992,-0.0095502,-0.0069700000000000005,-0.0044774000000000003,0.0065616000000000008,-0.0130066,0.0011213999999999998,0.0102392,-0.00026900000000000014,0.022239399999999999,0.015551599999999999,0.0013499999999999999,0.016528600000000001,-0.00975,0.011015800000000001,-0.00010400000000000014,-0.0025318000000000003,-0.0065716000000000004,0.010645,-0.0056223999999999996,0.0042301999999999999,0.00068380000000000036,0.0053818,-0.0073325999999999999,-0.0019373999999999997,0.0068894000000000004,0.0105784,0.0053729999999999993,-0.0011800000000000001,0.010324,-0.0043585999999999998,0.0064989999999999996,-0.010431800000000001,0.0120514,-0.0017405999999999999,-0.0022427999999999997,0.0025951999999999989,-0.0033574,0.0052613999999999994,-0.0107344,-0.00083220000000000017,0.011456000000000001,0.0056420000000000003,-0.0131702,-0.0059938000000000005,-0.022106799999999999,-0.0058088000000000002,-0.0092870000000000001,0.00012739999999999887,-0.0041289999999999999,-0.0012332000000000003,-0.0024682000000000003,-0.0042339999999999999,-0.012022999999999999,-0.00198,-4.4200000000000031e-05,0.00038240000000000003,0.001629,0.0043599999999999993,-0.0093928000000000015,0.0017412,-0.0023106000000000003,0.00037079999999999969,0.0012182,-0.00034719999999999998,0.0030689999999999997,0.0014610000000000001,-0.0020888,0.00031999999999999997,-0.0040232000000000002,-0.00033859999999999988,-0.0074466000000000003,-0.0004641999999999999,0.0075502,0.00092779999999999989,-0.0037168000000000001,-0.0023208,-0.0034586,-0.0034071999999999996,-0.0017418000000000002,-0.0089370000000000005,0.0033422,-0.0070585999999999999,0.012673400000000001,0.00064499999999999974,-0.0077612000000000002,-0.0024863999999999997,0.017757400000000003,-0.0071233999999999994,-0.00052539999999999998,0.0058137999999999992,-0.0127624,-0.0011956,-0.0230356,0.0016936,0.0052142000000000004,0.0013952000000000001,0.0105954,-0.0017082,0.00029880000000000011,0.00056020000000000006,-0.00081480000000000007,-0.0025892000000000003,0.0007986,0.00054099999999999992,0.00048940000000000008,-0.0044450000000000002,0.0035176000000000001,-0.00037779999999999975,-0.0027945999999999999,0.0005934,-0.0012339999999999999,0.0016308000000000002,-9.7999999999999997e-05,-0.0014052000000000003,-0.00058620000000000005,-0.00097040000000000017,-0.0028101999999999997,0.0033400000000000001,-3.2400000000000137e-05,-0.0029261999999999999,-0.0062564000000000005,0.0024156,0.0065337999999999993,-0.0026285999999999996,0.00066459999999999978,0.0039638,0.0034102000000000004,0.0014908,0.0015016000000000001,-0.0036500000000000005,5.3399999999999889e-05,0.0060472,0.0072081999999999997,0.0022288000000000004,0.0014316000000000008,-0.0046558000000000007,0.0011934000000000001,-0.0039909999999999998,0.005666,0.0021626000000000002,0.0028874,0.0038189999999999995,-0.0043068000000000004,-0.00058700000000000028,-0.0107554,0.0003305999999999999,-0.0077922000000000009,0.0069097999999999989,-0.0092876,0.0018315999999999999,-0.00023359999999999982,-0.0018890000000000001,-0.0021245999999999999,-0.0001569999999999998,-0.00088220000000000008,0.00045000000000000004,-0.0011898000000000002,0.00052920000000000018,-0.0014813999999999999,-0.0013822000000000003,0.0059262000000000004,0.0027327999999999996,-0.00053379999999999996,-0.0027568000000000002,0.0015420000000000002,0.00087780000000000009,0.0047320000000000001,-0.0032326000000000004,0.00056700000000000001,-0.00072240000000000021,-0.00014379999999999992,0.0044370000000000008,-0.0052852000000000003,-0.0014431999999999997,0.00083279999999999997,0.0012520000000000005,0.00077380000000000005,0.0037194000000000003,-0.0011769999999999999,0.0031765999999999999,0.00041419999999999998,0.0023470000000000001,-0.00066560000000000013,0.00069960000000000009,0.0037869999999999996,-0.0005572000000000001,0.0036438000000000004,-0.0029129999999999998,0.0017611999999999999,-0.00033379999999999955,0.00082600000000000013,0.0012672,0.0043823999999999998,-0.0080904000000000011,-0.0019510000000000003,-0.0041635999999999999,0.0037938,-0.0055215999999999998,0.0026056,-0.0029572000000000001,0.0023600000000000001,0.0028481999999999995,0.0031580000000000002,-0.0016820000000000008,-0.018629800000000002,0.0013596000000000003,-0.00089140000000000009,-0.0011898000000000002,0.00072199999999999999,0.0035466,-0.00068100000000000018,0.0011173999999999999,0.00033080000000000002,0.0010346000000000001,-0.0015305999999999998,0.0019836000000000003,0.0021780000000000002,-0.00031839999999999993,0.00068900000000000005,0.00084139999999999974,-0.00085859999999999994,-0.0011037999999999998,0.0011965999999999999,0.00088179999999999997,0.0026137999999999999,-0.0026411999999999998,-0.00074560000000000002,0.00043999999999999996,-0.00094439999999999997,-0.0014176000000000002,0.00052380000000000005,0.00055040000000000004,0.00037080000000000001,-9.6199999999999953e-05,0.0014591999999999999,-0.0019582000000000002,-0.0036180000000000006,-0.0011998,-0.0018219999999999998,-0.0024748000000000001,-0.00013100000000000009,0.0011433999999999999,-0.0034432,0.0085649999999999997,0.00022660000000000009,-5.4999999999999927e-05,0.00079039999999999991,0.0012818,0.0015426000000000001,-0.0025096000000000003,0.0029426000000000001,0.0011603999999999998,-0.0016086,-0.00024480000000000004,-0.0020169999999999997,-0.0038658,-0.0022892000000000003,0.00067659999999999997,0.0031678000000000001,0.0046239999999999996,-0.0030694000000000003,0.00077799999999999994,-0.0023071999999999997,-0.00056320000000000025,0.0116986,-0.002712,0.0029659999999999999,0.00057480000000000031,-0.0028108,-0.0012703999999999999,0.0016253999999999999,0.00062980000000000002,-0.00028540000000000022,0.00081020000000000039,-0.0025645999999999993,-0.0015671999999999999,0.00087679999999999995,-0.00012759999999999996,0.0010528000000000002,0.0005042,-0.0017970000000000002,-9.3999999999999981e-05,0.0016992000000000001,0.0015625999999999999,-0.0025544000000000001,-0.00087399999999999999,-0.0012802,0.0016840000000000002,0.0011720000000000001,0.00088180000000000008,0.0021034000000000001,-0.0017266,-0.0021178,-0.0026144000000000002,0.0012784000000000001,-0.0026614,0.0012570000000000001,-0.0031422000000000004,0.0023614,0.00065180000000000023,-0.0013256000000000001,-0.00016480000000000032,-0.0014680000000000001,-0.00022800000000000001,0.0014126000000000004,0.0013967999999999999,-0.0033348000000000002,0.0019682000000000002,-0.0018969999999999998,-0.00091659999999999995,-0.00095699999999999995,-0.0003926,0.001944,-0.0027470000000000003,-0.0019786000000000001,0.0028511999999999999,0.0018121999999999999,-1.1999999999999858e-05,0.00055560000000000006,0.0011437999999999997,0.00090379999999999985,0.0027972000000000001,-0.0025054000000000005,0.0006288,0.0018683999999999997,0.0015918,0.0017124000000000002,-0.0013714,0.0044362000000000004,0.00086519999999999978,7.0799999999999986e-05,0.0030666000000000001,-0.0029934000000000002,-0.00048639999999999968,0.00035979999999999996,0.0020682000000000005,0.0043078000000000005,-0.0033922000000000002,0.0010192000000000001,0.0007538,-0.0011039999999999999,-0.0032916,0.0011977999999999999,-0.00016419999999999998,0.0011562000000000002,0.00028359999999999979,0.00067160000000000017,-0.0015466,0.00033179999999999999,0.0018728,-0.0024072,0.0011276000000000001,-9.280000000000002e-05,-0.00056140000000000009,-0.0012087999999999999,0.00089519999999999986,-0.0010748000000000001,0.0003946,-0.00053019999999999999,0.0001538,-0.0019224000000000003,-0.00013220000000000007,0.0020357999999999999,-0.0020070000000000001,0.0022455999999999999,0.0021588000000000002,-0.00086179999999999991,-0.0010658,-0.00094760000000000016,-0.00079500000000000013,-0.00011779999999999985,0.0020826000000000004,0.0018278000000000001,0.00065760000000000037,-0.00042119999999999999,-0.0015828000000000001,-0.0041922000000000001,0.00087980000000000024,0.0028938000000000002,-0.0012234000000000001,0.0023281999999999999,0.0005842,0.0020211999999999999,-0.0015567999999999999,-0.00091639999999999994,-0.00099740000000000007,-0.00037280000000000017,0.0020498000000000001,0.0017050000000000004,-0.0011333999999999997,-0.00084780000000000001,0.001751,-0.0030922000000000002,-0.00051320000000000001,0.0025489999999999996,0.0013782000000000002,0.0017274,-0.0028944000000000001,-0.001245,0.0041336000000000003,0.00056360000000000026,-0.0029873999999999999,0.0051040000000000009,-0.0022505999999999997,6.0600000000000009e-05,0.00049719999999999994,0.0028606,0.0089928000000000004,-0.0056601999999999998,0.00047720000000000011,-0.0063990000000000002,-0.0061607999999999993,0.0021247999999999996
aug_between_class_right_pair0042_child03,Healthy,0,0,Augmented,0,0,0,0,0,0.29663230000000002,2.0110984000000003,-9.9999999999999995e-07,-5.9999999999999997e-07,0,0.95372240000000008,4.1359030627651384e-25,0.0264765,-0.1376482,0.037229100000000001,0.0556445,-0.083213399999999993,0.057899100000000009,-0.0011640000000000003,0.016299099999999997,-0.022893400000000001,-0.0584456,0.34577649999999999,-0.1020377,-0.031640799999999997,0.049558200000000004,-0.0112978,-0.014425400000000001,-0.0012114000000000001,-0.065323900000000004,0.030711299999999997,0.015753000000000003,-0.033848000000000003,-0.0028707999999999993,-0.086859500000000006,0.0133694,0.040146099999999997,-0.0206456,0.031355300000000003,0.020519800000000001,-0.051469899999999999,0.032996700000000004,-0.086355000000000001,-0.003273100000000001,0.093475199999999994,-0.0079898999999999977,0.19810499999999998,-0.046402900000000004,0.0071896,-0.0057524000000000004,0.0050806000000000011,-0.023990900000000003,-0.00075219999999999974,0.039111900000000005,-0.0040512999999999999,-0.0037120000000000005,-0.0091821000000000003,-0.0142729,0.0146737,0.0012033000000000009,0.025559599999999998,0.0074865000000000001,-0.013202699999999998,0.0036964999999999993,0.023360600000000002,-0.040527099999999996,0.0054852999999999994,-0.0019131999999999999,0.0069511000000000017,0.020212099999999997,-0.078686600000000009,0.0031962000000000015,-0.028192999999999999,0.0034498999999999988,0.0066651999999999996,-0.0018316999999999997,0.0022748,0.015431400000000001,0.0088401,0.0014827,-0.0090488999999999986,0.0042978000000000001,0.0035385000000000004,-0.0030416000000000002,0.0071361000000000003,-0.00066689999999999978,-0.0116034,0.00075750000000000036,0.0084443999999999995,0.0035012999999999997,-0.010954799999999999,-0.0150925,0.026915399999999999,-0.0090063000000000001,-0.0090177999999999994,-0.0070714999999999997,-0.0046116000000000004,0.0077029000000000004,-0.013344399999999999,0.0018195999999999993,0.0091012999999999997,7.7499999999999444e-05,0.021018099999999998,0.015458399999999999,0.0013860000000000001,0.016985400000000001,-0.0089294999999999999,0.0116162,-0.00015050000000000024,-0.0027927,-0.0060689000000000003,0.010572499999999999,-0.0053210999999999996,0.0045297999999999996,0.0002877,0.0060857000000000003,-0.0071708999999999991,-0.0010941000000000002,0.0068531,0.0099585999999999997,0.0047964999999999995,-0.0020435000000000002,0.0096769999999999998,-0.0040913999999999994,0.0059614999999999998,-0.0096337000000000002,0.011909599999999999,-0.0022214000000000001,-0.0020737000000000004,0.0016768,-0.0028450999999999997,0.0050340999999999997,-0.0096346000000000001,-0.00065180000000000012,0.010421,0.0054035000000000003,-0.012398800000000001,-0.0062021999999999997,-0.0221202,-0.0044927000000000005,-0.0093679999999999996,-0.00086190000000000051,-0.0028055000000000007,-0.00084329999999999984,-0.0012323000000000004,-0.0041884999999999995,-0.011767,-0.0020495000000000001,0.00016920000000000002,0.00069859999999999996,0.0022545,0.0040444999999999995,-0.0086867000000000003,0.0015087999999999998,-0.0020864000000000004,0.00077520000000000019,0.0016403000000000001,-0.00032879999999999997,0.0030790000000000001,0.001315,-0.0021026999999999999,0.00030199999999999975,-0.0037618,-0.00038690000000000013,-0.0074548999999999995,-0.00028980000000000021,0.0077912999999999993,0.00027019999999999995,-0.0039556999999999995,-0.0022972000000000001,-0.0037983999999999995,-0.0038533000000000005,-0.0013572000000000002,-0.0088009999999999998,0.0030807999999999999,-0.0070954,0.0120701,0.00053049999999999972,-0.0077343000000000004,-0.0016020999999999993,0.0169581,-0.0069871000000000004,-0.00011060000000000009,0.0065642000000000001,-0.012438099999999997,-0.00080739999999999957,-0.023098399999999998,0.0028263999999999993,0.0053647999999999994,0.0014932999999999995,0.0099355999999999993,-0.0015823,2.2000000000001619e-06,0.00072080000000000017,-0.00085420000000000005,-0.0023753000000000003,0.0011669,0.00080499999999999994,0.00048059999999999986,-0.0046164999999999999,0.0037183999999999993,-0.00019419999999999984,-0.0025514000000000001,0.00040859999999999996,-0.0012399999999999998,0.0016766999999999999,9.4999999999999815e-05,-0.0014327999999999999,-0.00044029999999999991,-0.00053759999999999995,-0.0029772999999999996,0.0033090000000000003,-0.00053410000000000024,-0.0028238,-0.0060641000000000002,0.0023024,0.0058146999999999999,-0.0022469,0.00070590000000000019,0.0038716999999999996,0.0031128000000000002,0.0010812,0.0016114,-0.0034509999999999996,-0.00014590000000000024,0.0060912999999999991,0.0065412999999999999,0.0015391999999999999,0.0012558999999999999,-0.0049076999999999992,0.0014826000000000002,-0.003673,0.0049364999999999999,0.0021819000000000001,0.0021961000000000003,0.0035034999999999997,-0.0036811999999999995,-0.00087299999999999921,-0.0108296,0.00095290000000000001,-0.007758300000000001,0.0071771999999999982,-0.0089893999999999998,0.0017399,-0.00037940000000000001,-0.0018349999999999998,-0.0021023999999999999,-9.0500000000000086e-05,-0.0011452999999999999,0.00029099999999999992,-0.0012837,0.00068729999999999996,-0.0014981,-0.0015622999999999998,0.0058043000000000001,0.0027732,-0.00046869999999999995,-0.0027917000000000003,0.001354,0.00083219999999999995,0.0048374999999999998,-0.0030724000000000003,0.00062950000000000007,-0.0013501000000000001,-0.0002746999999999999,0.0045490000000000001,-0.0051047999999999996,-0.0011867999999999994,0.00061969999999999994,0.00082349999999999958,0.00056719999999999991,0.0036311,-0.0011459999999999997,0.0030238999999999999,0.0006558,0.00232,-0.00058940000000000034,0.00055489999999999988,0.0037660000000000003,-0.00068129999999999992,0.0031471999999999997,-0.0026394999999999995,0.0025098,-0.00079819999999999978,0.00078049999999999973,0.0013167999999999999,0.0041446,-0.0078805999999999998,-0.0019149999999999994,-0.0033453999999999997,0.0036046999999999997,-0.0051983999999999997,0.0027768999999999997,-0.0029342999999999999,0.0029515000000000001,0.0021773000000000001,0.0027239999999999999,-0.0016844999999999998,-0.018084700000000002,0.0023883999999999997,-0.00090459999999999998,-0.0011887,0.00066750000000000002,0.0036338999999999998,-0.00066599999999999993,0.0011306000000000001,6.6199999999999983e-05,0.0012723999999999999,-0.0011363999999999996,0.0021903999999999999,0.0018614999999999999,-0.00047810000000000002,0.00078399999999999997,0.0005805999999999998,-0.00073740000000000003,-0.0009151999999999998,0.00094039999999999987,0.00086870000000000003,0.0022501999999999995,-0.0026122999999999997,-0.00078540000000000001,0.00020799999999999985,-0.00077159999999999989,-0.0011144000000000004,0.0007247,0.00064810000000000009,0.00019970000000000003,-0.00011180000000000001,0.0013928,-0.0021113,-0.002856,-0.0012631999999999999,-0.0021199999999999999,-0.0025057,0.00022550000000000006,0.0012195999999999999,-0.0032598000000000006,0.0079904999999999993,0.00069740000000000015,0.00035150000000000014,0.0005731,0.0012497000000000001,0.0017223999999999998,-0.0026813999999999996,0.0025799,0.0010111,-0.0015663999999999999,-7.7200000000000006e-05,-0.0016414999999999995,-0.0036737000000000002,-0.0024892999999999998,0.00044740000000000014,0.0023737000000000003,0.004431,-0.0034891000000000002,0.0010010000000000002,-0.0023698,-1.4800000000000034e-05,0.0106119,-0.0027889999999999998,0.0028284999999999999,3.0700000000000692e-05,-0.0034336999999999996,-0.0012365999999999998,0.0015240999999999998,0.00057719999999999994,4.3900000000000037e-05,0.00062430000000000027,-0.0024403999999999997,-0.0014107999999999998,0.00088769999999999984,-0.0002129,0.0011707000000000002,0.00063280000000000009,-0.0016090000000000002,-0.00015649999999999993,0.0019123,0.0017638999999999999,-0.0024091,-0.00080449999999999999,-0.0012997999999999998,0.0015995,0.0011444999999999999,0.0005581999999999998,0.0018695999999999999,-0.0014023999999999998,-0.0015187,-0.0026001000000000002,0.00094459999999999998,-0.0024356,0.0013765000000000001,-0.0031783000000000002,0.0022101,0.00053570000000000017,-0.0014709,9.2799999999999979e-05,-0.0014445,-0.00042999999999999983,0.0012069000000000003,0.0016117,-0.0028921999999999997,0.0016483000000000001,-0.0022909999999999996,-0.00071089999999999999,-0.00099350000000000003,-0.0001694,0.0021479999999999997,-0.0026839999999999998,-0.0017933999999999999,0.0025967999999999998,0.0017398000000000001,-0.00014650000000000015,0.00055640000000000008,0.00064269999999999974,0.0012362,0.0029297999999999998,-0.0021206000000000003,0.00059869999999999997,0.0016415999999999996,0.0012811999999999997,0.0020666,-0.0016451,0.0045433000000000001,0.0011217999999999998,-0.00030879999999999992,0.0032133999999999999,-0.0030045999999999996,-0.00028310000000000011,0.00051219999999999998,0.0022853000000000001,0.0035982000000000002,-0.0033313000000000001,0.00094430000000000002,0.00082820000000000007,-0.0009835,-0.0031784000000000001,0.0010356999999999999,-0.00035479999999999995,0.0010708,-2.2100000000000049e-05,0.00036590000000000017,-0.0014674,0.00025369999999999999,0.0017052,-0.0023192999999999998,0.0010164000000000002,-0.00019020000000000002,-0.00068610000000000025,-0.00096619999999999985,0.00080079999999999995,-0.00094269999999999987,0.00043740000000000001,-0.00035380000000000003,0.00021619999999999994,-0.0019291,-8.929999999999984e-05,0.0018641999999999999,-0.0019875000000000001,0.0020614000000000001,0.0021657,-0.00072919999999999994,-0.0010547,-0.00094789999999999989,-0.00055400000000000002,0.00030430000000000013,0.0018544,0.0016957000000000001,0.00038889999999999997,-0.00034229999999999997,-0.0015457000000000001,-0.0039602999999999999,0.0006022,0.0026987000000000001,-0.00099710000000000011,0.0020382999999999998,0.0006288,0.0018662999999999998,-0.0013506999999999996,-0.00099759999999999996,-0.00065660000000000002,-0.0005507000000000001,0.0018767000000000005,0.001761,-0.0012401000000000001,-0.00089919999999999996,0.0018785,-0.0028407999999999997,-0.00058730000000000002,0.0022945000000000001,0.0012638,0.0017285999999999998,-0.0024265999999999997,-0.0010544999999999999,0.0038958999999999999,0.00028839999999999985,-0.0021195999999999997,0.0046095000000000007,-0.0023143999999999999,0.00013990000000000001,0.00012779999999999996,0.0023268999999999998,0.0080511999999999997,-0.0052648,0.00072080000000000006,-0.0063059999999999991,-0.0056321999999999987,0.0017811999999999997
aug_between_class_right_pair0042_child04,Healthy,0,0,Augmented,0,0,0,0,0,0.29121940000000002,1.9868772000000001,-9.9999999999999995e-07,-7.9999999999999996e-07,0,0.9381062,0,0.026799000000000003,-0.13578959999999998,0.035141800000000001,0.057676999999999999,-0.084597199999999997,0.056284800000000003,-0.0030160000000000005,0.016336799999999999,-0.021824199999999998,-0.059822800000000002,0.34171699999999999,-0.0990756,-0.029071400000000001,0.049700599999999998,-0.013011400000000003,-0.015069200000000001,-0.00076019999999999994,-0.064011200000000004,0.030523399999999999,0.014832000000000003,-0.033881000000000001,-0.0023083999999999999,-0.084760000000000002,0.012706199999999999,0.041460799999999999,-0.020856800000000002,0.0300564,0.021687400000000003,-0.052123200000000001,0.031970600000000002,-0.083241999999999997,-0.0030927999999999997,0.091024599999999997,-0.0097281999999999993,0.19526099999999999,-0.044931200000000004,0.0069258000000000002,-0.0056672000000000007,0.0048098000000000012,-0.023606200000000001,7.6400000000000122e-05,0.038429200000000004,-0.0044724000000000005,-0.0048090000000000008,-0.0087148,-0.014465200000000001,0.0153446,0.0017943999999999981,0.025133799999999998,0.0083470000000000003,-0.0149286,0.0034589999999999998,0.022049800000000001,-0.040909799999999996,0.0051864000000000007,-0.0012105999999999996,0.0079667999999999996,0.021929799999999999,-0.079010800000000006,0.0027686000000000013,-0.029399000000000002,0.0025662000000000011,0.0060715999999999999,-0.0011055999999999993,0.0023684000000000001,0.0152672,0.0085547999999999996,0.00088159999999999953,-0.0086952000000000002,0.0039664000000000001,0.003326,-0.0034438000000000003,0.0063757999999999992,-0.0012802000000000013,-0.011022199999999999,0.0012690000000000002,0.0080021999999999992,0.0024694000000000001,-0.0104384,-0.013738999999999999,0.026556199999999999,-0.009089400000000001,-0.0084853999999999988,-0.0071729999999999997,-0.0047458000000000005,0.0088442,-0.0136822,0.0025177999999999997,0.0079634000000000007,0.00042399999999999903,0.019796800000000003,0.015365199999999999,0.0014219999999999999,0.017442200000000001,-0.0081089999999999999,0.012216599999999999,-0.00019700000000000013,-0.0030536000000000001,-0.0055662000000000003,0.010499999999999999,-0.0050197999999999996,0.0048294000000000002,-0.00010839999999999992,0.0067895999999999998,-0.0070091999999999993,-0.00025079999999999981,0.0068168000000000005,0.0093388000000000013,0.0042199999999999998,-0.0029070000000000003,0.0090299999999999998,-0.0038241999999999994,0.005424,-0.008835599999999999,0.0117678,-0.0027022000000000001,-0.0019046000000000002,0.00075839999999999935,-0.0023327999999999995,0.0048068,-0.0085347999999999986,-0.00047139999999999986,0.0093859999999999985,0.0051650000000000003,-0.011627400000000001,-0.0064106000000000007,-0.0221336,-0.0031765999999999999,-0.0094489999999999991,-0.0018512000000000008,-0.0014819999999999998,-0.00045339999999999975,3.6000000000002501e-06,-0.004143,-0.011511,-0.0021189999999999998,0.00038260000000000003,0.0010148000000000002,0.0028800000000000002,0.0037289999999999997,-0.0079806000000000009,0.0012764,-0.0018622000000000001,0.0011796,0.0020623999999999998,-0.00031039999999999996,0.0030889999999999997,0.0011690000000000001,-0.0021166000000000002,0.00028399999999999996,-0.0035003999999999999,-0.00043519999999999995,-0.0074631999999999997,-0.00011539999999999988,0.0080324000000000003,-0.00038740000000000042,-0.0041946000000000006,-0.0022736000000000002,-0.0041381999999999999,-0.0042994000000000001,-0.0009725999999999999,-0.0086650000000000008,0.0028193999999999997,-0.0071322,0.011466799999999999,0.0004159999999999997,-0.0077074000000000005,-0.00071779999999999999,0.016158800000000001,-0.0068507999999999998,0.00030420000000000002,0.0073146000000000001,-0.012113799999999997,-0.00041919999999999956,-0.0231612,0.0039591999999999995,0.0055154000000000002,0.0015913999999999998,0.009275799999999999,-0.0014564000000000001,-0.0002944,0.00088140000000000007,-0.00089360000000000004,-0.0021614,0.0015352,0.0010690000000000001,0.00047179999999999987,-0.0047879999999999997,0.0039192000000000003,-1.0600000000000366e-05,-0.0023082000000000003,0.00022379999999999996,-0.0012459999999999999,0.0017225999999999999,0.00028799999999999984,-0.0014604000000000002,-0.00029439999999999995,-0.00010480000000000005,-0.0031444000000000003,0.0032780000000000001,-0.0010358000000000003,-0.0027214000000000001,-0.0058717999999999999,0.0021891999999999997,0.0050955999999999996,-0.0018652,0.00074720000000000016,0.0037795999999999997,0.0028154,0.00067159999999999995,0.0017212,-0.0032520000000000001,-0.00034519999999999993,0.0061354000000000001,0.0058743999999999992,0.00084959999999999962,0.0010802000000000003,-0.0051595999999999994,0.0017718000000000002,-0.0033549999999999999,0.0042069999999999998,0.0022011999999999999,0.0015047999999999999,0.0031879999999999999,-0.0030555999999999999,-0.0011589999999999999,-0.0109038,0.0015752000000000003,-0.0077244000000000002,0.0074446000000000009,-0.0086911999999999996,0.0016481999999999998,-0.00052520000000000008,-0.001781,-0.0020801999999999999,-2.3999999999999933e-05,-0.0014084,0.00013199999999999996,-0.0013776000000000001,0.00084539999999999995,-0.0015148,-0.0017424000000000001,0.0056823999999999989,0.0028135999999999999,-0.00040360000000000005,-0.0028266000000000003,0.0011659999999999999,0.00078659999999999993,0.0049429999999999995,-0.0029122000000000002,0.00069200000000000002,-0.0019778,-0.00040559999999999988,0.0046610000000000011,-0.0049243999999999998,-0.00093039999999999941,0.00040660000000000002,0.00039499999999999952,0.00036059999999999993,0.0035428000000000005,-0.0011149999999999995,0.0028712,0.00089740000000000024,0.0022929999999999999,-0.00051320000000000011,0.00041019999999999989,0.0037450000000000001,-0.00080540000000000017,0.0026505999999999999,-0.002366,0.0032583999999999998,-0.0012625999999999996,0.00073499999999999976,0.0013663999999999998,0.0039068000000000002,-0.0076708000000000002,-0.0018789999999999998,-0.0025271999999999998,0.0034156000000000004,-0.0048751999999999997,0.0029481999999999998,-0.0029114000000000002,0.0035430000000000001,0.0015063999999999998,0.0022899999999999999,-0.0016869999999999997,-0.017539600000000002,0.0034172000000000004,-0.00091780000000000008,-0.0011876,0.00061300000000000005,0.0037211999999999996,-0.00065099999999999989,0.0011438000000000002,-0.00019840000000000005,0.0015102,-0.00074219999999999972,0.0023971999999999999,0.0015449999999999999,-0.0006378,0.00087900000000000001,0.00031979999999999986,-0.00061620000000000002,-0.00072659999999999988,0.00068419999999999983,0.00085559999999999998,0.0018865999999999996,-0.0025833999999999996,-0.00082520000000000011,-2.4000000000000041e-05,-0.00059879999999999981,-0.0008112000000000002,0.00092559999999999995,0.00074580000000000002,2.8599999999999936e-05,-0.00012740000000000006,0.0013264000000000001,-0.0022643999999999997,-0.0020939999999999995,-0.0013265999999999998,-0.002418,-0.0025366,0.00058200000000000005,0.0012957999999999997,-0.0030764000000000004,0.007415999999999999,0.0011682000000000001,0.00075800000000000021,0.00035579999999999987,0.0012176000000000001,0.0019022000000000002,-0.0028531999999999993,0.0022171999999999999,0.00086179999999999981,-0.0015242000000000001,9.0400000000000083e-05,-0.0012659999999999998,-0.0034816000000000001,-0.0026894000000000002,0.00021819999999999999,0.0015795999999999998,0.0042379999999999996,-0.0039088000000000005,0.0012240000000000003,-0.0024323999999999995,0.00053360000000000018,0.0095251999999999993,-0.0028660000000000001,0.0026909999999999998,-0.00051339999999999893,-0.0040565999999999996,-0.0012028,0.0014228000000000001,0.00052460000000000007,0.00037319999999999991,0.00043840000000000003,-0.0023162,-0.0012543999999999999,0.00089859999999999994,-0.00029819999999999998,0.0012886,0.00076140000000000018,-0.001421,-0.00021899999999999998,0.0021254000000000004,0.0019652000000000003,-0.0022637999999999998,-0.00073499999999999998,-0.0013193999999999999,0.0015150000000000001,0.0011170000000000002,0.00023459999999999985,0.0016358,-0.0010781999999999996,-0.00091959999999999991,-0.0025858000000000001,0.0006108000000000001,-0.0022098,0.0014960000000000002,-0.0032144000000000001,0.0020588,0.0004195999999999999,-0.0016162000000000001,0.00035040000000000006,-0.0014210000000000002,-0.00063199999999999986,0.0010012000000000003,0.0018266000000000001,-0.0024496000000000001,0.0013284,-0.0026849999999999995,-0.00050519999999999992,-0.0010299999999999999,5.3800000000000061e-05,0.0023519999999999999,-0.0026210000000000001,-0.0016082,0.0023423999999999997,0.0016674000000000001,-0.000281,0.0005572000000000001,0.00014159999999999976,0.0015686000000000001,0.0030623999999999998,-0.0017358,0.00056860000000000005,0.0014147999999999999,0.00097059999999999974,0.0024207999999999999,-0.0019188000000000005,0.0046503999999999998,0.0013784000000000001,-0.00068840000000000004,0.0033601999999999998,-0.0030157999999999999,-7.9799999999999663e-05,0.00066460000000000011,0.0025024000000000001,0.0028886000000000003,-0.0032704000000000001,0.00086939999999999999,0.00090259999999999993,-0.00086299999999999994,-0.0030651999999999997,0.00087359999999999998,-0.00054540000000000003,0.00098539999999999999,-0.00032780000000000016,6.0200000000000054e-05,-0.0013882,0.00017559999999999999,0.0015376000000000001,-0.0022313999999999997,0.0009052000000000001,-0.00028760000000000005,-0.00081080000000000019,-0.00072359999999999981,0.00070639999999999993,-0.00081059999999999986,0.00048019999999999996,-0.00017739999999999998,0.0002786,-0.0019358000000000001,-4.6399999999999935e-05,0.0016925999999999998,-0.0019680000000000001,0.0018772000000000001,0.0021725999999999998,-0.00059659999999999997,-0.0010436,-0.00094819999999999995,-0.00031299999999999991,0.00072640000000000031,0.0016262,0.0015636000000000001,0.0001202000000000001,-0.00026339999999999995,-0.0015085999999999997,-0.0037283999999999998,0.00032460000000000008,0.0025035999999999999,-0.00077079999999999998,0.0017483999999999998,0.0006734,0.0017113999999999999,-0.0011446000000000002,-0.0010788,-0.00031579999999999992,-0.00072860000000000015,0.0017036000000000002,0.0018170000000000005,-0.0013468,-0.00095060000000000001,0.002006,-0.0025894000000000004,-0.00066140000000000003,0.0020399999999999997,0.0011494000000000003,0.0017298000000000001,-0.0019587999999999997,-0.00086400000000000008,0.0036582000000000003,1.3200000000000104e-05,-0.0012517999999999995,0.0041150000000000006,-0.0023782,0.00021920000000000004,-0.00024160000000000013,0.0017931999999999998,0.0071096000000000006,-0.0048693999999999994,0.00096440000000000024,-0.0062130000000000006,-0.0051035999999999998,0.0014375999999999998
aug_between_class_right_pair0042_child05,TLE,1,1,Augmented,0,0,0,0,0,0.28039360000000002,1.9384348,-9.9999999999999995e-07,-1.1999999999999999e-06,0,0.90687380000000006,0,0.027444000000000003,-0.13207240000000001,0.0309672,0.061742000000000005,-0.087364799999999992,0.053056200000000005,-0.0067199999999999994,0.016412200000000002,-0.0196858,-0.062577199999999999,0.33359800000000001,-0.093151399999999995,-0.023932600000000002,0.049985399999999999,-0.016438600000000001,-0.016356800000000001,0.00014220000000000031,-0.061385799999999997,0.030147599999999997,0.012990000000000002,-0.033946999999999998,-0.0011835999999999995,-0.080561000000000008,0.011379800000000001,0.044090199999999996,-0.021279200000000002,0.0274586,0.024022600000000002,-0.0534298,0.029918400000000001,-0.077016000000000001,-0.0027321999999999971,0.086123400000000003,-0.013204799999999999,0.18957299999999999,-0.041987799999999999,0.0063981999999999997,-0.0054967999999999996,0.0042681999999999998,-0.022836800000000001,0.0017335999999999999,0.037063800000000001,-0.0053146000000000001,-0.0070029999999999997,-0.0077802000000000001,-0.0148498,0.016686399999999997,0.0029765999999999994,0.0242822,0.010068000000000001,-0.018380399999999998,0.0029840000000000001,0.0194282,-0.041675200000000003,0.0045886,0.00019459999999999985,0.0099982000000000022,0.025365200000000001,-0.079659199999999999,0.0019134000000000009,-0.031810999999999999,0.00079880000000000229,0.0048843999999999997,0.00034660000000000008,0.0025555999999999999,0.0149388,0.0079842000000000003,-0.00032059999999999988,-0.0079877999999999998,0.0033036000000000003,0.0029010000000000004,-0.0042482000000000006,0.0048552000000000005,-0.0025068000000000009,-0.0098598000000000002,0.0022919999999999998,0.0071177999999999996,0.00040559999999999988,-0.0094056000000000001,-0.011032,0.025837800000000001,-0.0092555999999999992,-0.0074205999999999994,-0.0073759999999999997,-0.0050141999999999999,0.011126800000000001,-0.0143578,0.0039141999999999996,0.0056876000000000001,0.0011169999999999999,0.0173542,0.015178799999999999,0.0014939999999999999,0.018355799999999999,-0.0064679999999999998,0.013417399999999999,-0.00029000000000000011,-0.0035754000000000003,-0.0045608000000000003,0.010355,-0.0044171999999999996,0.0054285999999999996,-0.00090059999999999966,0.0081974000000000005,-0.0066857999999999996,0.0014358000000000001,0.0067441999999999997,0.0080992000000000008,0.0030670000000000003,-0.004634000000000001,0.0077359999999999998,-0.0032897999999999998,0.0043490000000000004,-0.0072394,0.0114842,-0.0036638,-0.0015663999999999999,-0.0010784000000000019,-0.0013082,0.0043521999999999996,-0.0063352,-0.00011060000000000019,0.0073159999999999996,0.0046880000000000003,-0.010084600000000001,-0.0068274,-0.0221604,-0.00054440000000000044,-0.0096109999999999998,-0.0038298000000000004,0.0011649999999999996,0.00032640000000000013,0.0024753999999999991,-0.004052,-0.010998999999999998,-0.002258,0.00080940000000000005,0.0016471999999999999,0.004131000000000001,0.0030980000000000001,-0.0065684000000000003,0.0008116,-0.0014138,0.0019884,0.0029066000000000001,-0.00027359999999999993,0.0031089999999999998,0.00087700000000000007,-0.0021444000000000003,0.00024799999999999996,-0.0029776,-0.00053179999999999992,-0.0074798,0.00023339999999999993,0.0085146000000000006,-0.0017026000000000007,-0.0046723999999999993,-0.0022263999999999999,-0.0048177999999999997,-0.0051916000000000002,-0.00020340000000000028,-0.0083929999999999994,0.0022966000000000002,-0.0072058000000000018,0.010260200000000001,0.0001869999999999988,-0.0076536,0.0010508000000000002,0.014560200000000001,-0.0065782000000000002,0.0011337999999999999,0.0088153999999999993,-0.0114652,0.00035720000000000012,-0.0232868,0.0062247999999999982,0.0058165999999999999,0.0017876000000000003,0.0079562000000000001,-0.0012046000000000001,-0.00088759999999999989,0.0012026000000000001,-0.0009724,-0.0017336000000000001,0.0022718,0.0015969999999999999,0.00045419999999999987,-0.0051310000000000001,0.0043207999999999996,0.0003566000000000001,-0.0018218000000000002,-0.00014580000000000005,-0.001258,0.0018144000000000001,0.00067399999999999969,-0.0015156000000000002,-2.6000000000000158e-06,0.00076079999999999974,-0.0034786000000000001,0.0032160000000000001,-0.0020392000000000006,-0.0025165999999999999,-0.0054872000000000002,0.0019628000000000002,0.0036573999999999999,-0.0011018,0.00082980000000000011,0.0035953999999999999,0.0022206000000000001,-0.00014760000000000023,0.0019407999999999999,-0.0028539999999999998,-0.00074380000000000019,0.0062236000000000001,0.0045406000000000005,-0.00052960000000000019,0.00072879999999999993,-0.0056634000000000007,0.0023502000000000002,-0.0027190000000000001,0.0027480000000000004,0.0022398000000000001,0.00012220000000000059,0.0025570000000000002,-0.0018044000000000001,-0.0017309999999999995,-0.0110522,0.0028197999999999999,-0.0076566000000000004,0.0079793999999999993,-0.0080947999999999992,0.0014648,-0.0008167999999999999,-0.001673,-0.0020357999999999999,0.00010900000000000016,-0.0019345999999999999,-0.00018600000000000002,-0.0015654,0.0011616,-0.0015482,-0.0021025999999999996,0.0054386,0.0028944000000000001,-0.00027340000000000003,-0.0028964000000000004,0.00079000000000000001,0.00069539999999999999,0.0051540000000000006,-0.0025918,0.00081700000000000002,-0.0032332000000000003,-0.00066739999999999985,0.0048850000000000005,-0.0045636000000000001,-0.00041759999999999996,-1.9600000000000043e-05,-0.00046200000000000017,-5.2599999999999869e-05,0.0033662000000000002,-0.0010529999999999999,0.0025658,0.0013806000000000001,0.0022390000000000001,-0.0003608000000000001,0.00012080000000000012,0.0037029999999999997,-0.0010535999999999998,0.0016574000000000001,-0.0018190000000000003,0.0047555999999999996,-0.0021913999999999996,0.00064399999999999982,0.0014656000000000001,0.0034312000000000001,-0.0072511999999999993,-0.0018069999999999998,-0.00089079999999999975,0.0030374,-0.0042287999999999996,0.0032908,-0.0028656000000000003,0.0047259999999999993,0.00016459999999999999,0.0014220000000000001,-0.0016920000000000004,-0.016449400000000003,0.0054748000000000002,-0.00094420000000000007,-0.0011854000000000001,0.00050400000000000011,0.0038958,-0.00062100000000000002,0.0011701999999999999,-0.0007275999999999999,0.0019857999999999998,4.6200000000000256e-05,0.0028108,0.00091200000000000016,-0.00095720000000000006,0.0010690000000000001,-0.00020180000000000013,-0.00037380000000000003,-0.00034939999999999998,0.0001718,0.0008294000000000001,0.0011593999999999999,-0.0025255999999999998,-0.00090480000000000009,-0.00048800000000000004,-0.00025319999999999997,-0.00020480000000000042,0.0013273999999999998,0.0009412,-0.00031359999999999982,-0.00015859999999999995,0.0011936,-0.0025706000000000001,-0.00057000000000000019,-0.0014533999999999999,-0.0030139999999999993,-0.0025983999999999998,0.0012949999999999999,0.0014482,-0.0027096000000000004,0.006267,0.0021097999999999998,0.0015710000000000001,-7.8799999999999964e-05,0.0011534000000000002,0.0022618,-0.0031967999999999996,0.0014918000000000002,0.00056319999999999981,-0.0014398,0.00042559999999999994,-0.00051500000000000005,-0.0030974000000000002,-0.0030896000000000001,-0.00024019999999999988,-8.5999999999998838e-06,0.0038519999999999995,-0.0047481999999999993,0.00167,-0.0025576000000000002,0.0016303999999999997,0.0073518000000000003,-0.0030200000000000001,0.0024160000000000002,-0.001601599999999999,-0.0053023999999999996,-0.0011352000000000001,0.0012202000000000001,0.0004194,0.0010317999999999998,6.6600000000000101e-05,-0.0020677999999999998,-0.0009415999999999999,0.00092039999999999982,-0.0004687999999999999,0.0015244,0.0010186000000000001,-0.0010449999999999999,-0.00034400000000000001,0.0025515999999999998,0.0023677999999999998,-0.0019732,-0.00059599999999999996,-0.0013586,0.001346,0.0010620000000000002,-0.0004126,0.0011682000000000001,-0.00042980000000000015,0.00027859999999999994,-0.0025571999999999999,-5.6800000000000019e-05,-0.0017581999999999997,0.001735,-0.0032865999999999998,0.0017561999999999999,0.0001874,-0.0019068000000000002,0.00086559999999999979,-0.0013740000000000002,-0.001036,0.00058980000000000013,0.0022564,-0.0015644000000000001,0.00068860000000000037,-0.0034729999999999991,-9.3800000000000003e-05,-0.001103,0.00050019999999999991,0.0027600000000000003,-0.0024950000000000003,-0.0012378000000000001,0.0018336000000000001,0.0015226,-0.00054999999999999992,0.00055880000000000003,-0.00086060000000000021,0.0022334,0.0033276,-0.00096620000000000007,0.0005084,0.00096119999999999984,0.00034940000000000004,0.0031292000000000004,-0.0024662000000000004,0.0048646000000000002,0.0018915999999999998,-0.0014475999999999998,0.0036537999999999996,-0.0030381999999999996,0.00032680000000000035,0.00096940000000000004,0.0029366000000000006,0.0014694000000000005,-0.0031486000000000001,0.00071959999999999993,0.0010513999999999999,-0.00062199999999999994,-0.0028387999999999998,0.00054940000000000002,-0.00092659999999999986,0.00081460000000000007,-0.00093919999999999984,-0.00055119999999999974,-0.0012298000000000001,1.9399999999999984e-05,0.0012024000000000002,-0.0020555999999999999,0.00068280000000000012,-0.00048240000000000002,-0.0010602000000000001,-0.00023840000000000005,0.0005176,-0.00054640000000000005,0.00056579999999999998,0.00017539999999999993,0.00040339999999999999,-0.0019491999999999999,3.940000000000009e-05,0.0013493999999999999,-0.0019290000000000002,0.0015088000000000002,0.0021863999999999998,-0.00033140000000000003,-0.0010214,-0.00094880000000000008,0.00016899999999999983,0.0015706000000000001,0.0011698000000000001,0.0012994,-0.00041719999999999984,-0.00010560000000000005,-0.0014344000000000002,-0.0032645999999999999,-0.00023059999999999991,0.0021134000000000001,-0.00031820000000000015,0.0011686000000000001,0.0007626,0.0014016000000000002,-0.00073240000000000002,-0.0012411999999999998,0.00036579999999999984,-0.0010843999999999999,0.0013574000000000006,0.0019290000000000002,-0.0015601999999999999,-0.0010533999999999999,0.002261,-0.0020866000000000001,-0.00080959999999999995,0.0015309999999999998,0.00092060000000000037,0.0017322000000000001,-0.0010232000000000002,-0.00048300000000000003,0.0031828000000000004,-0.00053719999999999983,0.00048379999999999994,0.0031260000000000003,-0.0025057999999999999,0.00037779999999999997,-0.00098039999999999976,0.00072579999999999997,0.0052264000000000008,-0.0040785999999999999,0.0014516000000000002,-0.0060270000000000002,-0.0040463999999999995,0.00075040000000000003
aug_between_class_right_pair0042_child06,TLE,1,1,Augmented,0,0,0,0,0,0.27498070000000002,1.9142136000000001,-9.9999999999999995e-07,-1.3999999999999997e-06,0,0.89125759999999998,0,0.0277665,-0.13021379999999999,0.0288799,0.063774499999999998,-0.088748599999999997,0.051441900000000006,-0.0085719999999999998,0.0164499,-0.018616600000000001,-0.063954399999999995,0.32953850000000001,-0.0901893,-0.021363200000000002,0.0501278,-0.0181522,-0.017000600000000001,0.00059339999999999957,-0.060073100000000004,0.029959699999999999,0.012069,-0.033979999999999996,-0.00062120000000000014,-0.078461500000000003,0.0107166,0.045404899999999998,-0.0214904,0.026159700000000001,0.025190200000000003,-0.054083100000000002,0.028892300000000003,-0.073902999999999996,-0.0025518999999999958,0.083672800000000006,-0.014943099999999997,0.18672900000000001,-0.040516099999999999,0.0061343999999999999,-0.0054115999999999999,0.0039973999999999999,-0.022452100000000003,0.0025621999999999997,0.0363811,-0.0057356999999999998,-0.0080999999999999996,-0.0073128999999999998,-0.015042099999999999,0.017357299999999999,0.0035677,0.0238564,0.010928500000000001,-0.020106299999999997,0.0027464999999999998,0.018117399999999999,-0.042057900000000002,0.0042897000000000005,0.00089719999999999969,0.0110139,0.0270829,-0.079983399999999996,0.0014857999999999989,-0.033016999999999998,-8.4899999999998865e-05,0.0042908,0.0010727,0.0026491999999999996,0.014774599999999999,0.0076988999999999998,-0.00092170000000000012,-0.0076340999999999996,0.0029722000000000004,0.0026885000000000004,-0.0046503999999999998,0.0040949000000000003,-0.0031201000000000007,-0.0092786000000000014,0.0028034999999999996,0.0066755999999999994,-0.00062630000000000064,-0.0088891999999999999,-0.0096784999999999996,0.025478600000000001,-0.0093386999999999984,-0.0068881999999999997,-0.0074774999999999998,-0.0051484,0.012268100000000001,-0.0146956,0.0046123999999999991,0.0045497000000000003,0.0014635000000000013,0.016132899999999999,0.015085599999999999,0.0015300000000000001,0.018812599999999999,-0.0056475000000000006,0.014017799999999999,-0.00033650000000000021,-0.0038363,-0.0040581000000000002,0.0102825,-0.0041159000000000005,0.0057282000000000001,-0.0012966999999999996,0.0089012999999999991,-0.0065240999999999997,0.0022790999999999992,0.0067079000000000001,0.0074794000000000006,0.0024905000000000005,-0.0054974999999999989,0.0070889999999999998,-0.0030225999999999999,0.0038115000000000002,-0.0064413000000000005,0.011342400000000001,-0.0041446,-0.0013972999999999998,-0.0019968,-0.00079589999999999999,0.0041248999999999999,-0.0052354000000000003,6.9799999999999637e-05,0.0062810000000000001,0.0044495000000000003,-0.0093132000000000006,-0.0070358,-0.0221738,0.00077170000000000016,-0.0096919999999999992,-0.0048190999999999998,0.002488499999999999,0.00071630000000000012,0.0037112999999999994,-0.0040064999999999996,-0.010742999999999999,-0.0023274999999999997,0.0010227999999999999,0.0019634000000000001,0.0047564999999999994,0.0027825000000000003,-0.0058623000000000008,0.00057920000000000009,-0.0011896000000000001,0.0023927999999999996,0.0033287000000000004,-0.00025519999999999991,0.0031189999999999998,0.0007310000000000001,-0.0021583000000000001,0.00023000000000000017,-0.0027162000000000002,-0.00058009999999999995,-0.0074881000000000001,0.00040780000000000026,0.0087556999999999999,-0.0023602000000000002,-0.0049113000000000004,-0.0022028,-0.0051575999999999992,-0.0056376999999999998,0.00018119999999999985,-0.0082570000000000005,0.0020352,-0.0072426000000000001,0.0096568999999999995,7.2499999999998781e-05,-0.0076267000000000001,0.0019350999999999999,0.0137609,-0.0064419000000000004,0.0015485999999999998,0.0095657999999999993,-0.011140899999999999,0.00074540000000000001,-0.023349599999999998,0.0073575999999999989,0.0059671999999999998,0.0018856999999999997,0.0072963999999999998,-0.0010787000000000001,-0.0011841999999999998,0.0013632,-0.0010118,-0.0015197000000000001,0.0026400999999999998,0.0018609999999999998,0.00044540000000000009,-0.0053024999999999999,0.0045216000000000006,0.00054019999999999979,-0.0015786000000000003,-0.00033059999999999996,-0.0012639999999999999,0.0018603000000000001,0.00086699999999999972,-0.0015432000000000002,0.00014329999999999999,0.0011935999999999995,-0.0036456999999999995,0.0031850000000000003,-0.0025409000000000004,-0.0024142,-0.0052949,0.0018496000000000001,0.0029383,-0.00072010000000000032,0.00087110000000000009,0.0035033,0.0019232000000000003,-0.00055719999999999999,0.0020506000000000001,-0.0026550000000000002,-0.0009431000000000001,0.0062677000000000002,0.0038736999999999999,-0.0012191999999999999,0.00055310000000000038,-0.0059153000000000001,0.0026394000000000001,-0.0024010000000000004,0.0020185000000000003,0.0022591,-0.00056909999999999947,0.0022415,-0.0011788000000000002,-0.0020170000000000001,-0.0111264,0.0034421,-0.0076226999999999996,0.0082468000000000003,-0.0077966000000000008,0.0013730999999999999,-0.00096259999999999987,-0.0016189999999999998,-0.0020135999999999999,0.00017550000000000009,-0.0021976999999999999,-0.00034499999999999993,-0.0016593000000000001,0.0013197,-0.0015648999999999999,-0.0022826999999999995,0.0053167000000000006,0.0029348,-0.00020830000000000013,-0.0029313000000000004,0.0006020000000000001,0.00064980000000000007,0.0052595000000000003,-0.0024315999999999999,0.00087949999999999986,-0.0038608999999999996,-0.00079829999999999983,0.0049970000000000006,-0.0043832000000000003,-0.00016120000000000002,-0.00023269999999999996,-0.0008904999999999998,-0.0002591999999999999,0.0032779000000000003,-0.0010220000000000001,0.0024131000000000001,0.0016221999999999999,0.002212,-0.00028459999999999987,-2.3899999999999876e-05,0.0036819999999999995,-0.0011777000000000001,0.0011608000000000005,-0.0015454999999999996,0.005504199999999999,-0.0026557999999999994,0.00059849999999999986,0.0015151999999999995,0.0031934000000000003,-0.0070413999999999997,-0.0017709999999999998,-7.2600000000000355e-05,0.0028483000000000002,-0.0039056,0.0034621000000000001,-0.0028427000000000001,0.0053174999999999993,-0.00050629999999999946,0.00098800000000000016,-0.0016945000000000003,-0.015904300000000003,0.0065035999999999991,-0.00095740000000000007,-0.0011843000000000001,0.00044950000000000008,0.0039830999999999998,-0.00060599999999999998,0.0011834,-0.00099219999999999972,0.0022236000000000001,0.00044040000000000008,0.0030175999999999996,0.00059550000000000011,-0.0011169000000000001,0.0011639999999999999,-0.00046259999999999991,-0.00025260000000000007,-0.00016080000000000009,-8.4399999999999937e-05,0.00081630000000000006,0.00079580000000000015,-0.0024967000000000001,-0.00094460000000000008,-0.00072000000000000005,-8.0400000000000003e-05,9.8399999999999356e-05,0.0015283000000000002,0.0010389000000000002,-0.0004846999999999998,-0.00017420000000000001,0.0011272000000000001,-0.0027236999999999999,0.00019199999999999968,-0.0015168,-0.0033119999999999994,-0.0026293000000000002,0.0016514999999999998,0.0015244,-0.0025262000000000001,0.0056925000000000005,0.0025805999999999997,0.0019775000000000001,-0.00029609999999999966,0.0011213,0.0024416000000000008,-0.0033685999999999998,0.0011291000000000001,0.0004138999999999996,-0.0013976000000000001,0.0005932,-0.00013950000000000003,-0.0029053,-0.0032897,-0.00046940000000000003,-0.00080269999999999972,0.0036589999999999999,-0.0051678999999999996,0.0018930000000000002,-0.0026202,0.0021787999999999998,0.0062651,-0.0030969999999999999,0.0022785000000000001,-0.0021456999999999987,-0.0059252999999999997,-0.0011013999999999998,0.0011188999999999999,0.00036680000000000003,0.0013610999999999996,-0.00011929999999999986,-0.0019435999999999998,-0.0007852,0.00093129999999999981,-0.00055409999999999997,0.0016422999999999997,0.0011472000000000001,-0.00085700000000000012,-0.00040649999999999996,0.0027646999999999997,0.0025691000000000004,-0.0018278999999999999,-0.00052650000000000006,-0.0013782,0.0012615,0.0010345000000000003,-0.0007361999999999999,0.00093440000000000016,-0.00010560000000000021,0.00087769999999999992,-0.0025428999999999998,-0.0003905999999999999,-0.0015324000000000002,0.0018545,-0.0033226999999999996,0.0016049,7.1300000000000053e-05,-0.0020521000000000003,0.0011231999999999998,-0.0013505000000000001,-0.0012379999999999995,0.00038410000000000012,0.0024713000000000001,-0.0011218000000000003,0.00036870000000000045,-0.0038669999999999989,0.00011190000000000006,-0.0011394999999999999,0.00072339999999999991,0.0029640000000000005,-0.0024320000000000001,-0.0010525999999999999,0.0015792000000000002,0.0014502,-0.00068449999999999989,0.00055960000000000005,-0.0013617,0.0025658,0.0034602000000000001,-0.00058140000000000025,0.00047830000000000003,0.00073440000000000007,3.8800000000000076e-05,0.0034833999999999993,-0.0027399000000000004,0.0049716999999999999,0.0021481999999999998,-0.0018272,0.0038005999999999995,-0.0030493999999999999,0.00053010000000000036,0.0011218000000000001,0.0031537000000000002,0.00075980000000000058,-0.0030876999999999996,0.0006447,0.0011257999999999999,-0.00050149999999999999,-0.0027256000000000003,0.00038730000000000009,-0.0011171999999999998,0.00072920000000000005,-0.0012449,-0.00085689999999999963,-0.0011505999999999999,-5.8699999999999963e-05,0.0010348,-0.0019677000000000002,0.00057160000000000002,-0.0005798,-0.0011849,4.1999999999999259e-06,0.00042319999999999999,-0.00041430000000000004,0.00060859999999999994,0.00035179999999999993,0.00046579999999999999,-0.0019559,8.2299999999999995e-05,0.0011778000000000001,-0.0019095000000000002,0.0013246,0.0021932999999999996,-0.00019880000000000001,-0.0010103,-0.00094910000000000014,0.00040999999999999983,0.0019927000000000005,0.00094160000000000012,0.0011673,-0.00068589999999999981,-2.6700000000000026e-05,-0.0013973000000000002,-0.0030327000000000002,-0.00050819999999999978,0.0019183,-9.190000000000012e-05,0.00087870000000000005,0.00080719999999999989,0.0012467000000000001,-0.00052630000000000016,-0.0013223999999999998,0.0007065999999999995,-0.0012623000000000001,0.0011843000000000003,0.0019850000000000002,-0.0016668999999999994,-0.0011048,0.0023885,-0.0018352000000000002,-0.00088370000000000007,0.0012765000000000001,0.00080620000000000019,0.0017334,-0.00055540000000000016,-0.00029250000000000012,0.0029451,-0.00081239999999999969,0.0013515999999999992,0.0026315000000000006,-0.0025696,0.0004571,-0.0013498,0.00019209999999999995,0.0042848000000000001,-0.0036832000000000002,0.0016952,-0.005934,-0.0035177999999999997,0.00040680000000000002
aug_between_class_right_pair0042_child07,TLE,1,1,Augmented,0,0,0,0,0,0.26956780000000002,1.8899924000000001,-9.9999999999999995e-07,-1.5999999999999999e-06,0,0.87564140000000001,0,0.028089000000000003,-0.1283552,0.0267926,0.065807000000000004,-0.090132400000000001,0.0498276,-0.010423999999999999,0.016487599999999998,-0.017547400000000001,-0.06533159999999999,0.32547899999999996,-0.087227200000000005,-0.018793799999999999,0.050270200000000001,-0.019865800000000003,-0.017644400000000001,0.0010446000000000001,-0.058760399999999997,0.029771799999999998,0.011148000000000002,-0.034013000000000002,-5.8799999999999478e-05,-0.076361999999999999,0.010053400000000001,0.0467196,-0.021701600000000001,0.024860800000000002,0.026357800000000001,-0.054736400000000004,0.027866200000000001,-0.070789999999999992,-0.0023716000000000015,0.081222199999999994,-0.016681400000000002,0.18388499999999999,-0.0390444,0.0058705999999999993,-0.0053264000000000002,0.0037266000000000018,-0.022067400000000001,0.0033908000000000007,0.035698400000000005,-0.0061568000000000005,-0.0091970000000000003,-0.0068456000000000003,-0.015234399999999999,0.018028200000000001,0.0041588000000000007,0.023430599999999999,0.011789000000000001,-0.0218322,0.0025089999999999999,0.016806599999999998,-0.042440600000000002,0.0039908000000000001,0.0015998000000000004,0.0120296,0.028800600000000003,-0.080307600000000007,0.0010581999999999987,-0.034223000000000003,-0.00096860000000000349,0.0036971999999999994,0.0017988000000000006,0.0027428000000000001,0.014610399999999999,0.0074136000000000002,-0.0015228000000000008,-0.0072803999999999994,0.0026408000000000013,0.0024759999999999999,-0.0050526000000000008,0.0033345999999999996,-0.0037334000000000013,-0.0086973999999999992,0.0033150000000000002,0.0062333999999999992,-0.0016582000000000003,-0.0083727999999999997,-0.0083249999999999991,0.0251194,-0.0094217999999999993,-0.0063557999999999991,-0.0075789999999999998,-0.0052826000000000001,0.013409400000000002,-0.015033400000000001,0.0053106000000000004,0.0034117999999999996,0.0018099999999999991,0.014911600000000001,0.014992399999999999,0.0015659999999999999,0.019269399999999999,-0.0048270000000000006,0.0146182,-0.00038300000000000009,-0.0040972000000000005,-0.0035553999999999998,0.010209999999999999,-0.0038145999999999996,0.0060278000000000024,-0.0016927999999999999,0.0096052000000000012,-0.0063623999999999998,0.0031224000000000009,0.0066715999999999998,0.0068596000000000004,0.0019139999999999999,-0.0063610000000000003,0.0064419999999999998,-0.0027553999999999994,0.0032739999999999996,-0.0056431999999999993,0.0112006,-0.0046254,-0.0012282000000000005,-0.0029152000000000032,-0.00028359999999999974,0.0038975999999999998,-0.0041355999999999988,0.0002501999999999999,0.0052459999999999998,0.0042109999999999995,-0.0085417999999999987,-0.0072442000000000001,-0.022187200000000001,0.0020878000000000008,-0.0097729999999999987,-0.0058084,0.0038120000000000012,0.0011062000000000003,0.0049472000000000014,-0.0039610000000000001,-0.010487,-0.0023969999999999998,0.0012362000000000002,0.0022796000000000001,0.0053820000000000005,0.0024669999999999996,-0.0051561999999999997,0.00034679999999999986,-0.00096539999999999994,0.0027972000000000001,0.0037508000000000003,-0.0002367999999999999,0.0031289999999999998,0.00058499999999999991,-0.0021722,0.00021199999999999995,-0.0024548,-0.00062839999999999988,-0.0074963999999999994,0.00058220000000000017,0.0089967999999999992,-0.0030178000000000006,-0.0051502000000000006,-0.0021792000000000001,-0.0054974000000000004,-0.0060838000000000003,0.00056580000000000042,-0.0081209999999999997,0.0017737999999999994,-0.0072794000000000001,0.0090536000000000002,-4.200000000000037e-05,-0.0075998000000000003,0.0028194000000000006,0.0129616,-0.0063055999999999997,0.0019634000000000001,0.010316200000000001,-0.010816599999999999,0.0011336000000000002,-0.0234124,0.0084903999999999986,0.0061177999999999996,0.0019838,0.0066365999999999994,-0.00095279999999999996,-0.0014808,0.0015238000000000001,-0.0010512,-0.0013057999999999998,0.0030084000000000005,0.0021250000000000002,0.00043659999999999988,-0.0054739999999999997,0.0047223999999999999,0.00072379999999999992,-0.0013354,-0.00051540000000000017,-0.0012699999999999999,0.0019062,0.0010599999999999997,-0.0015708,0.00028920000000000009,0.0016263999999999999,-0.0038127999999999999,0.0031539999999999997,-0.0030426000000000008,-0.0023118000000000001,-0.0051026000000000005,0.0017364000000000001,0.0022191999999999993,-0.00033839999999999988,0.00091240000000000006,0.0034111999999999996,0.0016258000000000002,-0.00096680000000000019,0.0021604000000000003,-0.0024559999999999998,-0.0011424,0.0063118000000000002,0.0032067999999999992,-0.0019088000000000006,0.00037739999999999996,-0.0061671999999999994,0.0029286,-0.0020829999999999998,0.0012889999999999996,0.0022783999999999999,-0.0012604000000000003,0.0019259999999999998,-0.00055319999999999979,-0.0023029999999999999,-0.0112006,0.004064400000000001,-0.0075887999999999997,0.0085142000000000013,-0.0074984000000000006,0.0012814,-0.0011084000000000001,-0.0015649999999999996,-0.0019913999999999999,0.00024200000000000024,-0.0024608,-0.00050400000000000011,-0.0017532000000000001,0.0014778,-0.0015815999999999998,-0.0024627999999999998,0.0051947999999999994,0.0029751999999999999,-0.00014320000000000001,-0.0029662000000000004,0.00041399999999999987,0.00060419999999999994,0.005365,-0.0022713999999999998,0.00094200000000000002,-0.0044886000000000006,-0.00092920000000000003,0.0051090000000000007,-0.0042027999999999996,9.5200000000000146e-05,-0.00044580000000000032,-0.0013190000000000003,-0.00046580000000000005,0.0031895999999999999,-0.00099099999999999991,0.0022604000000000001,0.0018638000000000001,0.0021849999999999999,-0.00020840000000000008,-0.00016860000000000009,0.0036609999999999998,-0.0013017999999999999,0.00066419999999999988,-0.0012719999999999993,0.0062528000000000002,-0.0031202000000000001,0.00055299999999999989,0.0015647999999999994,0.0029556000000000001,-0.0068316000000000002,-0.0017349999999999993,0.00074559999999999991,0.0026592,-0.0035823999999999999,0.0036334000000000002,-0.0028197999999999999,0.0059090000000000002,-0.0011772000000000015,0.00055399999999999981,-0.0016970000000000002,-0.0153592,0.0075324000000000007,-0.00097060000000000007,-0.0011832000000000001,0.00039500000000000006,0.0040704000000000001,-0.00059099999999999995,0.0011966000000000001,-0.0012568,0.0024613999999999999,0.00083460000000000045,0.0032244000000000001,0.00027899999999999984,-0.0012766000000000001,0.0012590000000000001,-0.00072340000000000013,-0.00013139999999999994,2.7800000000000134e-05,-0.0003406000000000002,0.0008031999999999999,0.00043219999999999972,-0.0024678,-0.00098440000000000008,-0.00095200000000000005,9.2400000000000294e-05,0.0004016,0.0017291999999999997,0.0011366000000000002,-0.00065580000000000022,-0.00018980000000000006,0.0010608,-0.0028768000000000001,0.00095400000000000064,-0.0015801999999999999,-0.0036099999999999995,-0.0026601999999999997,0.0020080000000000002,0.0016005999999999998,-0.0023427999999999999,0.0051179999999999993,0.0030514000000000006,0.0023840000000000007,-0.00051340000000000023,0.0010892000000000002,0.0026214000000000007,-0.0035403999999999995,0.00076639999999999998,0.00026459999999999982,-0.0013554000000000001,0.00076080000000000017,0.00023600000000000021,-0.0027131999999999998,-0.0034897999999999999,-0.00069859999999999974,-0.0015968000000000002,0.0034659999999999995,-0.0055875999999999999,0.0021160000000000003,-0.0026827999999999999,0.0027272000000000004,0.0051783999999999997,-0.0031739999999999997,0.0021410000000000001,-0.0026897999999999991,-0.0065481999999999997,-0.0010675999999999999,0.0010176,0.00031419999999999999,0.0016903999999999999,-0.00030519999999999999,-0.0018193999999999997,-0.00062879999999999989,0.00094220000000000003,-0.00063939999999999993,0.0017602,0.0012758000000000001,-0.000669,-0.00046900000000000002,0.0029778000000000001,0.0027704000000000001,-0.0016825999999999998,-0.00045699999999999994,-0.0013977999999999998,0.0011770000000000001,0.0010070000000000001,-0.0010598000000000001,0.00070060000000000001,0.00021860000000000022,0.0014768000000000003,-0.0025285999999999998,-0.00072440000000000004,-0.0013065999999999998,0.0019740000000000001,-0.0033588000000000003,0.0014535999999999998,-4.4800000000000005e-05,-0.0021974000000000004,0.0013808,-0.0013270000000000001,-0.0014399999999999999,0.00017839999999999995,0.0026862000000000001,-0.00067919999999999992,4.8800000000000102e-05,-0.0042609999999999992,0.00031760000000000013,-0.001176,0.00094660000000000013,0.0031679999999999998,-0.002369,-0.00086739999999999994,0.0013247999999999999,0.0013777999999999998,-0.00081900000000000007,0.00056040000000000007,-0.0018628000000000002,0.0028982000000000001,0.0035928000000000002,-0.00019660000000000012,0.0004482,0.00050759999999999987,-0.00027180000000000021,0.0038376,-0.0030136000000000004,0.0050787999999999996,0.0024048000000000003,-0.0022068000000000001,0.0039474000000000002,-0.0030605999999999993,0.00073340000000000037,0.0012742000000000001,0.0033707999999999998,5.0199999999999811e-05,-0.0030268000000000001,0.00056979999999999997,0.0012002,-0.00038099999999999994,-0.0026124,0.00022519999999999997,-0.0013078,0.00064379999999999993,-0.0015506000000000003,-0.0011626,-0.0010713999999999999,-0.00013680000000000005,0.00086719999999999994,-0.0018798,0.00046040000000000002,-0.00067720000000000009,-0.0013096000000000002,0.0002468000000000002,0.00032879999999999997,-0.00028219999999999992,0.00065140000000000011,0.00052820000000000015,0.00052819999999999994,-0.0019626000000000001,0.00012520000000000001,0.0010061999999999998,-0.00189,0.0011404,0.0022001999999999998,-6.6199999999999915e-05,-0.0009992,-0.00094940000000000009,0.00065099999999999989,0.0024148000000000008,0.00071339999999999988,0.0010352,-0.00095460000000000011,5.2200000000000022e-05,-0.0013602000000000002,-0.0028008,-0.00078580000000000002,0.0017231999999999998,0.00013440000000000007,0.00058879999999999978,0.0008518,0.0010918,-0.00032019999999999987,-0.0014036000000000001,0.0010474,-0.0014402,0.0010111999999999999,0.0020410000000000003,-0.0017736000000000002,-0.0011562,0.002516,-0.0015837999999999998,-0.00095779999999999997,0.0010219999999999999,0.00069180000000000001,0.0017346,-8.7599999999999744e-05,-0.00010199999999999993,0.0027074,-0.0010876,0.0022194000000000007,0.002137,-0.0026333999999999997,0.00053640000000000003,-0.0017192000000000006,-0.0003416000000000005,0.0033432000000000002,-0.0032878,0.0019388000000000005,-0.0058409999999999998,-0.0029891999999999996,6.3199999999999801e-05
aug_between_class_right_pair0042_child08,TLE,1,1,Augmented,0,0,0,0,0,0.26415490000000003,1.8657712,-9.9999999999999995e-07,-1.8000000000000001e-06,0,0.86002519999999993,0,0.028411499999999999,-0.12649659999999999,0.024705299999999999,0.067839499999999997,-0.091516199999999992,0.048213300000000001,-0.012276,0.0165253,-0.016478199999999998,-0.066708799999999999,0.32141949999999997,-0.084265099999999996,-0.0162244,0.050412600000000002,-0.021579400000000006,-0.018288200000000001,0.0014957999999999998,-0.057447699999999997,0.029583899999999996,0.010227000000000003,-0.034046,0.00050360000000000075,-0.074262500000000009,0.0093902000000000013,0.048034299999999995,-0.021912800000000003,0.0235619,0.027525400000000005,-0.0553897,0.026840099999999999,-0.067677000000000001,-0.0021912999999999933,0.078771599999999997,-0.018419699999999997,0.18104099999999998,-0.037572700000000001,0.0056067999999999995,-0.0052412000000000005,0.0034558000000000002,-0.021682699999999999,0.0042193999999999999,0.035015700000000004,-0.0065778999999999994,-0.010294000000000001,-0.0063782999999999999,-0.015426699999999998,0.018699099999999996,0.0047499000000000013,0.023004799999999999,0.012649499999999999,-0.023558099999999998,0.0022714999999999996,0.015495799999999999,-0.042823300000000002,0.0036919000000000001,0.0023024,0.013045300000000001,0.030518300000000002,-0.080631800000000003,0.00063059999999999852,-0.035429000000000002,-0.0018523000000000012,0.0031035999999999998,0.0025249000000000005,0.0028363999999999998,0.014446199999999999,0.0071282999999999997,-0.0021238999999999997,-0.0069266999999999992,0.0023094000000000005,0.0022634999999999999,-0.0054548000000000001,0.0025742999999999999,-0.0043467000000000002,-0.0081162000000000005,0.0038265,0.0057911999999999998,-0.0026901000000000017,-0.0078563999999999995,-0.0069714999999999985,0.0247602,-0.0095049000000000002,-0.0058233999999999994,-0.0076804999999999998,-0.0054168000000000011,0.0145507,-0.015371200000000002,0.0060087999999999999,0.0022738999999999997,0.0021564999999999987,0.013690299999999999,0.0148992,0.0016019999999999999,0.019726199999999999,-0.0040064999999999996,0.015218600000000001,-0.00042950000000000019,-0.0043581000000000002,-0.0030526999999999998,0.010137499999999999,-0.0035133,0.0063274000000000013,-0.0020888999999999999,0.010309100000000002,-0.0062007,0.0039657000000000008,0.0066353000000000002,0.0062398000000000011,0.0013374999999999997,-0.0072245,0.0057949999999999998,-0.0024881999999999994,0.0027365000000000002,-0.0048450999999999998,0.011058800000000001,-0.0051062,-0.0010590999999999995,-0.0038336000000000012,0.00022870000000000008,0.0036702999999999996,-0.0030357999999999991,0.0004305999999999993,0.0042109999999999995,0.0039724999999999995,-0.0077703999999999994,-0.0074526000000000002,-0.022200600000000001,0.0034039000000000014,-0.0098539999999999999,-0.0067977000000000003,0.0051355000000000012,0.0014961000000000006,0.0061831000000000004,-0.0039154999999999997,-0.010230999999999999,-0.0024664999999999999,0.0014495999999999999,0.0025958000000000001,0.0060074999999999998,0.0021514999999999998,-0.0044501000000000002,0.00011439999999999996,-0.00074120000000000002,0.0032015999999999998,0.0041729000000000002,-0.00021839999999999989,0.0031389999999999999,0.00043899999999999999,-0.0021860999999999998,0.00019399999999999995,-0.0021933999999999999,-0.00067669999999999991,-0.0075046999999999996,0.00075660000000000007,0.0092379000000000003,-0.003675400000000001,-0.0053891,-0.0021556000000000001,-0.0058371999999999999,-0.0065298999999999999,0.00095040000000000012,-0.007984999999999999,0.0015123999999999999,-0.0073162000000000001,0.0084502999999999991,-0.00015650000000000039,-0.0075728999999999996,0.0037037000000000007,0.012162300000000001,-0.0061693000000000008,0.0023782,0.011066599999999999,-0.0104923,0.0015218000000000002,-0.023475200000000002,0.0096232000000000002,0.0062684000000000004,0.0020818999999999994,0.0059767999999999991,-0.0008269000000000001,-0.0017773999999999999,0.0016844,-0.0010905999999999999,-0.0010918999999999998,0.0033767000000000003,0.0023890000000000001,0.00042779999999999988,-0.0056455000000000003,0.0049232000000000008,0.00090740000000000005,-0.0010922000000000002,-0.00070020000000000021,-0.0012759999999999998,0.0019521,0.0012530000000000002,-0.0015984000000000003,0.00043510000000000006,0.0020591999999999997,-0.0039798999999999998,0.0031229999999999999,-0.0035443000000000007,-0.0022093999999999998,-0.0049103000000000003,0.0016232000000000002,0.0015001000000000001,4.3300000000000022e-05,0.00095369999999999993,0.0033190999999999997,0.0013284,-0.0013764000000000003,0.0022702,-0.0022569999999999999,-0.0013417000000000001,0.0063558999999999994,0.0025399000000000003,-0.0025984000000000007,0.00020169999999999997,-0.0064191000000000005,0.0032178000000000003,-0.0017649999999999996,0.0005595000000000001,0.0022977000000000002,-0.0019517,0.0016104999999999997,7.2400000000000242e-05,-0.0025890000000000006,-0.0112748,0.0046867000000000002,-0.0075548999999999998,0.0087816000000000023,-0.0072002000000000003,0.0011897000000000001,-0.0012542,-0.0015109999999999998,-0.0019691999999999999,0.00030849999999999996,-0.0027239,-0.00066300000000000007,-0.0018471000000000002,0.0016359,-0.0015983,-0.0026429000000000001,0.0050729,0.0030156000000000002,-7.8099999999999893e-05,-0.0030011000000000005,0.00022599999999999994,0.00055859999999999992,0.0054704999999999997,-0.0021112000000000001,0.0010045000000000002,-0.0051163000000000007,-0.0010600999999999998,0.0052210000000000008,-0.0040223999999999998,0.00035160000000000009,-0.00065889999999999981,-0.0017475000000000001,-0.00067239999999999997,0.0031013,-0.00096000000000000013,0.0021077000000000001,0.0021054000000000003,0.0021580000000000002,-0.00013220000000000029,-0.00031330000000000008,0.00364,-0.0014258999999999999,0.00016759999999999993,-0.00099849999999999939,0.0070013999999999996,-0.0035845999999999999,0.00050749999999999992,0.0016144000000000002,0.0027178000000000003,-0.0066217999999999997,-0.0016989999999999993,0.0015638000000000002,0.0024701000000000002,-0.0032591999999999999,0.0038047000000000003,-0.0027968999999999997,0.0065005000000000002,-0.0018481000000000018,0.00011999999999999988,-0.0016995000000000001,-0.0148141,0.0085612000000000014,-0.00098379999999999995,-0.0011820999999999999,0.00034050000000000004,0.0041577000000000003,-0.00057600000000000012,0.0012097999999999998,-0.0015214,0.0026991999999999997,0.0012288000000000006,0.0034312000000000001,-3.7500000000000098e-05,-0.0014362999999999999,0.001354,-0.00098420000000000018,-1.0199999999999977e-05,0.00021640000000000006,-0.00059680000000000009,0.00079010000000000007,6.8599999999999851e-05,-0.0024388999999999999,-0.0010242000000000001,-0.0011840000000000006,0.00026520000000000016,0.00070479999999999978,0.0019301000000000001,0.0012343,-0.00082689999999999999,-0.00020540000000000011,0.0009944000000000001,-0.0030299000000000003,0.0017160000000000003,-0.0016435999999999998,-0.003908,-0.0026911000000000001,0.0023644999999999998,0.0016768,-0.0021594000000000001,0.0045435000000000007,0.0035221999999999996,0.0027905000000000004,-0.00073069999999999993,0.0010571000000000001,0.0028012000000000007,-0.0037122000000000001,0.00040369999999999989,0.00011530000000000004,-0.0013132,0.00092840000000000012,0.00061150000000000028,-0.0025211000000000001,-0.0036898999999999999,-0.00092779999999999989,-0.0023909000000000001,0.0032729999999999999,-0.0060073000000000001,0.0023389999999999999,-0.0027453999999999998,0.0032756000000000005,0.0040917000000000002,-0.0032509999999999995,0.0020035000000000001,-0.0032338999999999996,-0.0071710999999999997,-0.0010337999999999999,0.00091629999999999988,0.00026159999999999996,0.0020196999999999997,-0.00049109999999999996,-0.0016951999999999996,-0.00047239999999999994,0.00095309999999999991,-0.0007247,0.0018781,0.0014044000000000001,-0.00048099999999999998,-0.00053149999999999996,0.0031909,0.0029716999999999999,-0.0015372999999999999,-0.00038749999999999999,-0.0014173999999999999,0.0010925000000000002,0.00097950000000000012,-0.0013834000000000001,0.00046680000000000002,0.00054280000000000018,0.0020759000000000003,-0.0025143000000000001,-0.0010581999999999998,-0.0010807999999999998,0.0020934999999999999,-0.0033949000000000002,0.0013022999999999999,-0.00016090000000000006,-0.0023427000000000005,0.0016383999999999999,-0.0013035000000000002,-0.0016419999999999994,-2.7300000000000067e-05,0.0029010999999999998,-0.0002365999999999999,-0.00027109999999999981,-0.0046549999999999994,0.0005233000000000002,-0.0012124999999999998,0.0011697999999999999,0.003372,-0.0023060000000000003,-0.00068219999999999999,0.0010704,0.0013054,-0.00095350000000000003,0.00056119999999999998,-0.0023639000000000004,0.0032306000000000001,0.0037254000000000002,0.00018820000000000013,0.00041809999999999997,0.00028079999999999989,-0.00058240000000000006,0.0041917999999999999,-0.0032873000000000004,0.0051859000000000002,0.0026614,-0.0025864,0.0040942000000000001,-0.0030718,0.00093670000000000038,0.0014266000000000001,0.0035879000000000002,-0.00065940000000000052,-0.0029659000000000005,0.00049489999999999994,0.0012745999999999999,-0.00026049999999999994,-0.0024992,6.3099999999999989e-05,-0.0014984,0.00055840000000000002,-0.0018563,-0.0014682999999999999,-0.00099219999999999994,-0.00021490000000000002,0.00069959999999999998,-0.0017918999999999999,0.00034920000000000003,-0.00077460000000000007,-0.0014343000000000001,0.00048940000000000008,0.00023440000000000001,-0.00015009999999999999,0.00069420000000000007,0.0007046000000000001,0.00059060000000000015,-0.0019692999999999998,0.00016810000000000002,0.0008345999999999999,-0.0018705,0.00095619999999999993,0.0022070999999999996,6.6400000000000069e-05,-0.0009881,-0.00094969999999999994,0.00089199999999999967,0.0028369000000000007,0.00048519999999999998,0.00090309999999999989,-0.0012233000000000001,0.00013110000000000002,-0.0013231,-0.0025688999999999998,-0.0010633999999999999,0.0015281000000000001,0.00036069999999999999,0.00029889999999999984,0.00089639999999999989,0.00093690000000000006,-0.00011409999999999979,-0.0014847999999999999,0.0013881999999999996,-0.0016181000000000004,0.00083810000000000004,0.0020969999999999999,-0.0018803000000000001,-0.0012075999999999999,0.0026435,-0.0013323999999999999,-0.0010319000000000001,0.00076749999999999995,0.00057740000000000005,0.0017358,0.00038020000000000013,8.8500000000000037e-05,0.0024697,-0.0013627999999999999,0.0030872,0.0016424999999999999,-0.0026972000000000003,0.00061570000000000006,-0.0020886000000000004,-0.0008753000000000003,0.0024015999999999998,-0.0028923999999999998,0.0021824000000000006,-0.0057479999999999988,-0.0024605999999999999,-0.00028040000000000009
aug_between_class_right_pair0043_child01,Healthy,0,0,Augmented,0,0,0,0,0,0.30962770000000001,1.9575227000000002,2.0000000000000004e-07,-9.9999999999999995e-08,1.0000000000000002e-07,0.96039889999999994,0,0.046530600000000005,-0.15279799999999999,0.014401699999999998,0.1009495,-0.1055914,0.080890500000000004,-0.0070400999999999997,0.0095966000000000003,-0.022383699999999999,-0.097062799999999991,0.3878336,-0.068198900000000007,-0.030228700000000001,0.078605700000000001,-0.0080600000000000012,-0.017214300000000002,-0.0066262000000000005,-0.044241999999999997,0.0357098,0.038371799999999998,-0.0381955,0.0045073000000000005,-0.072988399999999995,0.021709300000000001,0.033038200000000004,-0.011741599999999998,-0.0010322000000000022,-0.0010679999999999995,-0.050982100000000002,0.024145799999999999,-0.0460046,-0.071984300000000001,0.090779399999999996,-0.027191800000000002,0.19662969999999999,-0.057807499999999998,0.010788499999999999,-0.0062077,-0.009887,-0.0066684000000000005,0.0062182999999999995,0.028970000000000003,-0.00067560000000000016,-0.0115928,-0.0109996,-0.030849599999999998,0.019633600000000001,0.0215797,0.027328499999999999,0.026558400000000003,-0.0117552,-0.010121799999999999,0.0176615,-0.049479099999999998,-0.002898700000000001,0.015477700000000002,-0.00099109999999999997,0.035676099999999995,-0.098461800000000002,-0.025682099999999999,-0.026998099999999997,-0.035723199999999997,0.015189399999999999,0.0055853000000000014,-0.0012003000000000001,0.0183707,0.0041694000000000002,0.0096362999999999987,0.0075677000000000001,0.0141101,0.0022084999999999995,0.0049493000000000002,-0.0048870000000000016,0.0057906000000000008,-0.024184000000000001,0.0073480999999999998,0.0094350000000000024,0.0093337000000000003,-0.0078224999999999996,-0.0134114,0.0096998999999999991,-0.025818999999999998,-0.0051012999999999996,-0.0050435000000000002,-0.0043179999999999998,-0.0059176999999999997,-0.0083788999999999999,-0.0101475,0.0076828999999999995,-0.0131766,0.0059997000000000002,0.0187119,-0.0027454999999999997,0.020294100000000002,-0.0061450999999999997,0.0047419000000000003,0.0043867000000000003,-0.0023760000000000001,-0.0080671000000000007,0.0120687,-0.0033143000000000001,-0.00032340000000000016,0.0029410999999999999,0.0029249000000000002,-0.0011818000000000002,-0.0053593,0.0077301000000000002,0.011752500000000001,0.0054564999999999995,-0.00046740000000000019,0.016437899999999998,-0.0057248000000000004,0.004326,-0.0088016999999999991,0.0063555999999999994,-0.0044895999999999998,-0.011920299999999998,0.0098022999999999999,-0.0022331,-0.0041533999999999998,-0.0081136999999999997,-0.0095150999999999986,0.0073010999999999996,-0.0020781999999999988,-0.00090160000000000023,-0.0018061000000000002,-0.014239400000000001,-0.0055102999999999992,-0.0102364,-0.0118476,-0.011395000000000001,-0.0070087999999999991,-0.023047600000000001,0.017906000000000002,0.0021337999999999999,0.0011732999999999995,-0.0018272,0.0012129999999999999,0.00014909999999999999,-0.00096419999999999991,0.0028488000000000007,0.0022056000000000003,-0.0027052000000000001,-0.0028895000000000001,-0.0018678000000000002,0.0037227000000000007,0.0028584999999999999,0.00094470000000000003,-0.0032686,-0.0010196999999999999,-0.0023982000000000001,-0.0048049,-0.011709500000000001,-0.0044084999999999992,0.0046547999999999997,0.0060353000000000004,0.0025975999999999998,-0.0021317000000000003,-0.0026159,-0.0063860000000000002,-0.0022539999999999999,-0.0063832999999999997,0.0026557,0.005176,0.0055472999999999998,0.0041902999999999992,-0.0092566000000000002,0.0021381,0.0078424000000000011,-0.0033150999999999996,-0.0060608000000000007,0.0070553999999999999,-0.0071979000000000001,-0.0030201000000000004,-0.0135666,-0.010870300000000001,-0.00038389999999999995,-0.011100100000000002,0.0121365,-0.0034130000000000002,-0.0023956000000000003,-6.550000000000002e-05,-0.0041790999999999998,0.0012918000000000005,0.001547,0.00044460000000000002,-0.0018866000000000002,-0.00069119999999999989,0.0021371999999999997,0.0022411000000000002,-0.00065949999999999993,0.00085030000000000012,-0.0022394000000000003,0.0024194999999999998,0.00052499999999999986,4.6799999999999972e-05,-0.00034900000000000003,0.0026337000000000001,0.0022029000000000003,0.0041218999999999995,-0.0030271000000000009,-0.0028862999999999996,-0.0026096000000000001,0.0049597,0.0050365000000000002,-0.0032566999999999995,0.0018305999999999999,0.0057736000000000003,-0.00046489999999999997,0.00090459999999999998,0.0028213999999999999,-0.0035929999999999998,-0.0015208000000000001,0.00079240000000000007,0.0044626000000000006,-0.0051695000000000005,-0.0064328000000000007,0.0042458000000000001,0.0041974000000000004,-0.0021285000000000002,0.0025073000000000001,-0.0031741,-0.0031634999999999996,3.7999999999999839e-06,-0.0076490000000000004,0.0019433999999999999,-0.0049248999999999994,0.0021627999999999999,-0.0058053000000000002,-0.0075261000000000008,-0.0022814000000000003,0.0018650000000000001,-7.9299999999999813e-05,0.00036229999999999997,0.00043210000000000015,-0.00074929999999999994,-0.0040607000000000004,0.00095259999999999984,0.00037539999999999996,-0.0040315000000000004,-0.0059307000000000006,-1.0500000000000025e-05,0.0019001999999999999,-0.0012180000000000001,0.0027550000000000001,-0.0041286000000000005,-0.0021159,2.8800000000000002e-05,-0.0013047000000000007,-0.0051332999999999995,0.0029751999999999999,0.0020959000000000004,0.0050165999999999995,0.0027163000000000005,-0.0039880000000000002,0.0018882,-0.00089910000000000012,-0.0027867999999999999,0.0043096000000000002,0.0043946999999999996,0.0026411999999999998,0.006914,-0.0035329000000000003,0.0034428000000000002,-0.0037010999999999997,0.0012959999999999998,0.0065398999999999995,0.0021638999999999994,0.00048550000000000004,0.00011040000000000008,-0.0025859999999999998,-0.0050235000000000002,-0.0034650000000000002,-0.0044250999999999995,0.0041341999999999993,-0.0031227,0.0046143,-0.0082240999999999981,-0.0063127000000000001,-0.0090033999999999999,0.0043757000000000006,-0.0068182999999999994,-0.0048509,0.014876799999999999,0.00011569999999999994,0.0026692999999999999,-0.014214899999999999,-0.0028579,3.5699999999999946e-05,-0.00022470000000000004,0.00096790000000000005,-0.0011594999999999999,0.0024334000000000005,-0.00015749999999999998,0.0023925999999999999,8.1099999999999749e-05,0.0015918999999999998,0.00078439999999999998,0.00098030000000000014,-0.00058960000000000002,-0.00024229999999999998,-0.00071409999999999985,-0.0023319,-0.0003993,0.0018524000000000004,0.0036067999999999994,-0.002846,0.00052859999999999995,-0.0015969000000000001,-0.0011637999999999996,-0.0039228000000000006,-0.0042570000000000004,-0.0015011,0.0015996000000000001,0.0027663999999999996,0.00056839999999999972,0.0013312999999999999,-0.0035305999999999996,0.00035769999999999986,-0.0011795,-0.0012205999999999999,-0.0025938000000000003,0.00061049999999999993,-0.00020829999999999997,0.0043309000000000004,0.0049401999999999996,-0.00083379999999999999,-0.0048300000000000001,0.0005822999999999999,0.0015188000000000003,-0.00096969999999999999,-0.0018835,0.0025956,0.0022464,0.0001175000000000002,0.0023166000000000007,-0.0013227999999999998,-0.0067066000000000001,-0.00040480000000000008,0.00066279999999999996,-0.00096020000000000025,0.0057641999999999997,-0.0019142,-0.0029600999999999998,0.0011485,-0.0022958000000000002,0.0060387999999999996,-0.0024349000000000003,-0.0031876000000000005,0.010010100000000001,-0.0018433999999999998,-0.00023440000000000001,-0.00040500000000000003,4.2999999999999961e-05,-0.00039650000000000004,0.0012020999999999998,-0.0016682999999999997,0.00041520000000000006,0.00016890000000000004,-0.00038109999999999999,-0.00043209999999999993,0.0004371,0.0012956999999999999,0.0021735999999999999,-0.00043929999999999994,0.0038837999999999993,-0.00094699999999999993,-0.00090760000000000005,-0.0038910999999999998,0.00082120000000000001,-0.0016444000000000001,-0.00024920000000000004,0.0025486000000000003,0.00076659999999999977,-0.0014134,-0.00087119999999999993,0.0012985999999999998,-0.0017206999999999999,-0.00062809999999999993,-0.00070890000000000005,0.0031588000000000002,-0.0010122,-0.0013457999999999999,0.0021486000000000001,-0.0011791999999999998,-0.00034900000000000024,0.0015274000000000004,0.00012950000000000006,0.00098299999999999993,0.0031919000000000001,-0.0012664,-0.0023081,-0.0049690000000000003,-0.00045199999999999998,0.0031088000000000001,-0.0013636,0.00028080000000000032,0.00039109999999999997,-0.0020268000000000005,0.0012097999999999998,-0.0011173000000000001,-0.00047369999999999997,0.0013879999999999999,0.0031289999999999998,-0.0012795999999999999,0.0021772000000000002,-0.0041302999999999999,-0.0039489,-0.0041982000000000009,0.0062100999999999996,0.0027572999999999999,-0.00085190000000000049,-0.0016428,0.0032985999999999996,0.0059162999999999993,-0.0056522999999999999,0.0032788000000000001,-0.0042661000000000001,-2.0099999999999892e-05,0.0011819999999999999,0.00070620000000000004,-0.00014819999999999997,0.0011066000000000001,-0.0015678000000000001,0.00019269999999999997,-0.00048119999999999999,2.830000000000001e-05,-0.0012522,0.00072480000000000005,-0.0012065999999999999,-0.00039729999999999995,0.0015105000000000001,-0.0017825000000000002,0.00050600000000000005,-0.0012079999999999999,0.00056989999999999992,-0.0016077000000000001,0.00024890000000000003,-0.00072410000000000009,-0.0001315,-0.0013051999999999998,0.0011612,-0.0016297,-0.0024938000000000004,0.0012293,-0.0020092,-0.0002846000000000002,0.0002789,0.00085650000000000006,-0.0031497000000000001,0.00057989999999999995,0.00054320000000000008,-0.0016129,-0.00038670000000000013,0.0014293000000000001,0.0020273000000000005,-4.3500000000000007e-05,0.00045970000000000017,-0.00039740000000000001,-0.0019775000000000001,1.3999999999999907e-05,0.0016206,-0.0011255,0.0013569000000000001,0.0025222999999999999,0.0013615000000000001,-0.0036388999999999996,-0.00061370000000000001,-0.0010307999999999999,-0.0010414000000000001,-9.4699999999999971e-05,0.0043821999999999993,-0.00077729999999999997,0.00035859999999999983,-0.00026340000000000001,0.00063750000000000037,0.00012940000000000011,-0.0038769999999999994,0.0012139000000000002,8.9300000000000002e-05,0.0011730000000000002,0.0032456,-0.0010998000000000002,-0.0056888000000000008,0.0022104,-0.00099270000000000001,0.00072379999999999992,-0.00040640000000000001,-0.0005329,0.0049355000000000007,-4.7600000000000073e-05,-0.00029550000000000008,0.0012963999999999999,-0.0096602000000000007,0.00051460000000000004
aug_between_class_right_pair0043_child02,Healthy,0,0,Augmented,0,0,0,0,0,0.30847540000000001,1.9683644,3.9999999999999998e-07,-1.9999999999999999e-07,1.9999999999999999e-07,0.95598779999999994,0,0.0457042,-0.15156800000000001,0.014681399999999997,0.102839,-0.10568180000000001,0.077703999999999995,-0.0076781999999999996,0.0085792000000000004,-0.022442400000000001,-0.0958706,0.38378519999999999,-0.067578800000000008,-0.028033400000000003,0.075744400000000003,-0.0097720000000000029,-0.0181856,-0.0065064000000000007,-0.044019999999999997,0.036109599999999999,0.038250600000000003,-0.038757,0.0048625999999999999,-0.073797799999999997,0.020122600000000001,0.035475400000000004,-0.013288199999999998,-0.0002764000000000013,-0.0008490000000000008,-0.050919199999999998,0.025389599999999998,-0.047590199999999999,-0.072840600000000005,0.088980799999999999,-0.030597600000000003,0.19671939999999999,-0.057736000000000003,0.010647999999999999,-0.0062413999999999994,-0.010059999999999999,-0.007413799999999999,0.0057646000000000008,0.028878000000000001,-0.00089620000000000021,-0.011196599999999999,-0.0110232,-0.0305572,0.019843200000000002,0.021472400000000003,0.025554,0.025679799999999999,-0.013167399999999999,-0.0083395999999999991,0.016775999999999999,-0.049070200000000001,-0.0035544000000000005,0.015394400000000001,-0.00083020000000000001,0.033944199999999994,-0.0971886,-0.023095200000000003,-0.026563199999999999,-0.033773399999999995,0.014105799999999998,0.0049326000000000005,-0.00080860000000000003,0.018228400000000002,0.0043537999999999997,0.008811600000000001,0.006176400000000002,0.0131252,0.0021399999999999995,0.0044075999999999994,-0.003896000000000001,0.0058872000000000004,-0.023695999999999998,0.0073752000000000002,0.0083890000000000006,0.0086104000000000007,-0.0085070000000000007,-0.012470800000000001,0.0099908000000000011,-0.024674000000000001,-0.0051906000000000001,-0.0052779999999999997,-0.0053579999999999999,-0.0048764000000000012,-0.0089727999999999995,-0.0095980000000000006,0.0084338,-0.0130162,0.0056844000000000009,0.0184058,-0.0031140000000000004,0.0201812,-0.0061711999999999999,0.0042117999999999999,0.0039524,-0.0022559999999999998,-0.0074911999999999999,0.0122124,-0.0030416000000000002,-0.00030580000000000017,0.0028212000000000003,0.0029938,-0.0011826000000000002,-0.0052475999999999998,0.0075742000000000006,0.010770999999999999,0.0051140000000000005,-0.00029480000000000023,0.016118800000000003,-0.0061226000000000006,0.0043149999999999994,-0.0091113999999999987,0.0066141999999999998,-0.0044592,-0.011872600000000001,0.0096725999999999999,-0.0024741999999999998,-0.0033348000000000006,-0.0084233999999999993,-0.0092011999999999997,0.0065491999999999998,-0.0010493999999999998,-0.0016521999999999999,-0.0017952000000000001,-0.015307800000000002,-0.0057095999999999996,-0.010040800000000001,-0.0119962,-0.0093780000000000009,-0.0060355999999999995,-0.020087200000000003,0.016935000000000002,0.0021776,0.0010125999999999998,-0.0018094000000000001,0.001165,0.00070319999999999996,-0.00099240000000000027,0.0025576000000000006,0.0019021999999999999,-0.0025444,-0.0025330000000000001,-0.0016366000000000006,0.0033844000000000009,0.0031150000000000001,0.0011694000000000001,-0.0030412,-0.0010563999999999999,-0.0027994000000000005,-0.0042987999999999993,-0.011341,-0.0037289999999999997,0.0047406000000000002,0.0056776000000000005,0.0027631999999999999,-0.0026094,-0.0032388,-0.0067270000000000003,-0.0024239999999999999,-0.0058415999999999989,0.0036254,0.0043809999999999995,0.0049405999999999999,0.0031935999999999996,-0.0095492000000000007,0.0024282000000000001,0.0071918000000000008,-0.0026762000000000001,-0.0051936000000000013,0.0072508,-0.0075548000000000004,-0.0036662000000000005,-0.0132132,-0.009909600000000001,-0.0003307999999999998,-0.011001199999999999,0.011594,-0.0030500000000000006,-0.0024732000000000001,-0.00010700000000000011,-0.0038181999999999999,0.0010826000000000004,0.0014339999999999999,0.00050920000000000002,-0.0018202000000000001,-0.00085840000000000005,0.0018134000000000002,0.0021332,-0.00031499999999999974,0.00049260000000000005,-0.0020568000000000001,0.0022319999999999996,0.00020799999999999985,-8.5400000000000016e-05,-0.00031099999999999997,0.0019174000000000003,0.0020018000000000002,0.0038538000000000001,-0.0024232000000000004,-0.0023495999999999999,-0.0024482000000000002,0.0051534000000000007,0.0048180000000000002,-0.0033974000000000001,0.0017592,0.0060092000000000001,-0.00077880000000000007,0.0010432,0.0023728,-0.0031669999999999997,-0.0014106000000000001,0.00040680000000000008,0.0040211999999999999,-0.0050060000000000009,-0.006863600000000001,0.0044746000000000005,0.0040738000000000007,-0.0027289999999999997,0.0023176,-0.0032471999999999996,-0.0028190000000000003,0.0003166,-0.0083470000000000003,0.0018517999999999998,-0.0055987999999999993,0.0024666000000000002,-0.0061446000000000001,-0.0075422000000000006,-0.0028217999999999997,0.0016770000000000001,-7.8599999999999851e-05,0.00013559999999999999,0.00043519999999999995,-0.00097860000000000004,-0.0040274000000000004,0.00071920000000000003,0.00027580000000000004,-0.0038320000000000003,-0.0056124000000000009,2.2000000000000006e-05,0.0024074000000000001,-0.0010140000000000004,0.0026380000000000002,-0.0041702000000000006,-0.0020558,0.0001226,-0.0011294000000000009,-0.0047936000000000003,0.0027274000000000001,0.0019918000000000002,0.0049112000000000001,0.0028306,-0.0044720000000000003,0.0019234,-0.00075720000000000019,-0.0024835999999999999,0.0034171999999999996,0.0041644000000000004,0.0024794000000000001,0.006608000000000001,-0.0030278000000000002,0.0030616000000000003,-0.0033401999999999998,0.00071699999999999997,0.0066838000000000002,0.0015348,0.00039900000000000005,-0.00052519999999999997,-0.0021540000000000005,-0.0046010000000000009,-0.0031050000000000001,-0.0043341999999999999,0.0041543999999999999,-0.0031343999999999999,0.0044965999999999999,-0.0075922000000000003,-0.0059074000000000002,-0.0083347999999999998,0.0039134,-0.0061555999999999989,-0.0041028000000000011,0.0143196,-0.00037760000000000007,0.0027185999999999998,-0.0139848,-0.0023427999999999999,-5.7599999999999991e-05,-0.00028640000000000008,0.0010517999999999999,-0.00087199999999999995,0.0022128,-0.00024499999999999994,0.0023942,5.4199999999999691e-05,0.0014558000000000001,0.00097680000000000011,0.00086360000000000007,-0.00056619999999999999,-0.00010760000000000001,-0.00087319999999999997,-0.0019197999999999997,-0.00069160000000000001,0.0017628000000000001,0.0033855999999999999,-0.0026049999999999997,0.00063620000000000018,-0.0016118,-0.00096559999999999994,-0.0037606000000000002,-0.0043440000000000006,-0.0015991999999999998,0.0016892000000000001,0.0026587999999999998,0.00080779999999999979,0.0011635999999999999,-0.0030882000000000001,-0.00013460000000000013,-0.0013800000000000002,-0.00094819999999999995,-0.0023156000000000001,0.00092299999999999999,0.00023339999999999998,0.0044738,0.0045014,-0.00091660000000000005,-0.0048349999999999999,0.00091459999999999979,0.0012496,-0.00050040000000000002,-0.0016640000000000001,0.0024732000000000001,0.0017248000000000001,0.00046000000000000012,0.0018062,-0.0012995999999999999,-0.0061542000000000003,-0.00015260000000000024,0.0010915999999999999,-0.0016944,0.0052744000000000003,-0.0021773999999999999,-0.0025461999999999998,0.00083399999999999989,-0.0017856,0.0058436,-0.0027128000000000005,-0.0026422000000000008,0.0091202000000000019,-0.0025328,-0.0002968,-0.00028700000000000009,1.9999999999999944e-05,-6.8000000000000135e-05,0.0011242000000000001,-0.0018665999999999999,0.00034640000000000013,0.00021880000000000001,-0.00023619999999999994,-0.00017919999999999996,0.00023020000000000001,0.0013094000000000001,0.0019941999999999998,-0.00034059999999999998,0.0036275999999999995,-0.001147,-0.00099620000000000004,-0.0036931999999999998,0.00086339999999999995,-0.0014548,-0.00055340000000000012,0.0024232000000000004,0.00045219999999999982,-0.0012467999999999999,-0.0006244,0.0010471999999999999,-0.0013853999999999997,-0.0003472000000000002,-0.00082780000000000006,0.0032806000000000003,-0.0012944,-0.0013526,0.0025102000000000002,-0.0014193999999999999,-5.8000000000000163e-05,0.0014868000000000004,0.0002099999999999999,0.0009890000000000003,0.0029068000000000002,-0.0011978000000000002,-0.0022732,-0.0049390000000000007,-0.00034799999999999995,0.0030416000000000002,-0.0016691999999999998,0.00018760000000000022,0.00023419999999999995,-0.0017526000000000002,0.0010505999999999998,-0.00081359999999999983,-0.00049839999999999997,0.0015089999999999999,0.0029519999999999998,-0.0010252,0.0020854000000000003,-0.0040675999999999993,-0.0033958,-0.0037154000000000002,0.0061002000000000001,0.0030165999999999999,-0.00038880000000000034,-0.0020186000000000002,0.0038441999999999999,0.0055936000000000007,-0.0061905999999999992,0.0028946000000000002,-0.0048471999999999994,-5.0200000000000244e-05,0.001418,0.00060139999999999998,-0.00017339999999999999,0.0010922,-0.0014656000000000001,-7.3600000000000054e-05,-0.00050239999999999996,3.0600000000000012e-05,-0.0011604,0.00079659999999999996,-0.0010332000000000002,-0.00030159999999999996,0.0015420000000000002,-0.0019060000000000001,0.00036500000000000009,-0.00115,0.00033779999999999992,-0.0014063999999999999,0.00054579999999999993,-0.00068020000000000005,-0.00030200000000000002,-0.0015114,0.0010344,-0.0015263999999999998,-0.0024986000000000001,0.0014406000000000002,-0.0019413999999999998,-6.2000000000002591e-06,0.00040879999999999996,0.00069200000000000002,-0.0032494000000000004,0.00055080000000000005,0.00065039999999999998,-0.0015938000000000003,-0.00054940000000000002,0.0012486000000000001,0.0019196000000000005,-0.00010500000000000002,0.00047840000000000024,-0.00051179999999999997,-0.0021350000000000002,-9.6000000000000057e-05,0.0018921999999999999,-0.00078199999999999993,0.0013118000000000001,0.0025636000000000001,0.0013570000000000001,-0.0036667999999999996,-0.00083240000000000007,-0.0012576,-0.0011428,9.4600000000000077e-05,0.0040673999999999997,-0.00039959999999999996,0.00031219999999999978,-0.00024779999999999995,0.00064900000000000016,0.00029680000000000006,-0.0035000000000000005,0.0011558,5.3599999999999988e-05,0.0013830000000000001,0.0032882000000000002,-0.0012526,-0.0053266000000000008,0.0023798000000000001,-0.0010234,0.00080259999999999999,-0.0001518,-0.00075179999999999995,0.0049350000000000002,-0.00048419999999999973,-0.00065600000000000001,0.0011447999999999999,-0.0084624000000000001,0.00062520000000000002
aug_between_class_right_pair0043_child03,Healthy,0,0,Augmented,0,0,0,0,0,0.30732310000000002,1.9792061000000001,6.0000000000000008e-07,-2.9999999999999993e-07,2.9999999999999999e-07,0.95157669999999994,4.1359030627651384e-25,0.044877800000000002,-0.150338,0.014961100000000001,0.1047285,-0.1057722,0.0745175,-0.0083162999999999987,0.0075618000000000005,-0.0225011,-0.094678399999999996,0.37973679999999999,-0.06695870000000001,-0.025838099999999999,0.072883099999999992,-0.011483999999999998,-0.019156900000000001,-0.0063865999999999992,-0.043797999999999997,0.036509399999999997,0.038129400000000001,-0.039318499999999999,0.0052179000000000001,-0.074607199999999999,0.018535900000000001,0.037912599999999998,-0.014834799999999999,0.00047939999999999962,-0.00063000000000000035,-0.0508563,0.026633400000000002,-0.049175799999999999,-0.073696899999999996,0.087182200000000001,-0.034003400000000003,0.19680909999999999,-0.0576645,0.010507499999999999,-0.0062750999999999996,-0.010232999999999999,-0.0081592000000000001,0.0053109000000000003,0.028785999999999999,-0.0011168000000000007,-0.010800399999999998,-0.011046799999999999,-0.030264800000000001,0.020052800000000003,0.021365100000000001,0.023779500000000002,0.024801200000000002,-0.014579599999999998,-0.006557399999999998,0.015890500000000002,-0.048661300000000005,-0.0042101000000000013,0.015311099999999999,-0.00066930000000000006,0.032212299999999999,-0.095915399999999998,-0.0205083,-0.0261283,-0.031823599999999994,0.013022199999999999,0.0042798999999999997,-0.00041689999999999994,0.018086100000000001,0.0045382,0.0079868999999999982,0.0047850999999999987,0.0121403,0.0020714999999999996,0.0038658999999999981,-0.0029050000000000013,0.0059838000000000001,-0.023207999999999999,0.0074022999999999997,0.0073430000000000006,0.0078870999999999993,-0.0091915,-0.011530200000000001,0.010281700000000001,-0.023528999999999998,-0.0052798999999999997,-0.0055125,-0.0063979999999999992,-0.0038350999999999993,-0.0095667000000000009,-0.009048500000000001,0.0091847000000000005,-0.012855800000000001,0.0053690999999999999,0.0180997,-0.0034824999999999995,0.020068300000000001,-0.0061973000000000002,0.0036817,0.0035180999999999997,-0.0021359999999999999,-0.0069152999999999992,0.0123561,-0.0027688999999999999,-0.00028820000000000017,0.0027012999999999994,0.0030627000000000002,-0.0011834000000000003,-0.0051359000000000005,0.0074183000000000009,0.0097894999999999996,0.0047714999999999997,-0.00012220000000000004,0.0157997,-0.0065204000000000008,0.0043039999999999997,-0.0094211,0.0068728000000000001,-0.0044288000000000001,-0.011824899999999999,0.0095429,-0.0027152999999999999,-0.0025161999999999997,-0.0087331000000000006,-0.008887299999999999,0.0057973,-2.0599999999999091e-05,-0.0024028000000000001,-0.0017842999999999999,-0.0163762,-0.0059088999999999999,-0.0098452000000000001,-0.012144799999999999,-0.0073609999999999978,-0.005062399999999999,-0.017126799999999998,0.015963999999999999,0.0022213999999999992,0.00085189999999999994,-0.0017915999999999997,0.0011169999999999997,0.0012572999999999998,-0.0010206,0.0022664000000000004,0.0015988,-0.0023836,-0.0021764999999999992,-0.0014054000000000002,0.0030461000000000004,0.0033714999999999999,0.0013941000000000001,-0.0028138,-0.0010931000000000001,-0.0032006000000000005,-0.0037926999999999995,-0.0109725,-0.0030494999999999997,0.0048263999999999998,0.0053198999999999998,0.0029288000000000001,-0.0030871000000000002,-0.0038617,-0.0070679999999999996,-0.002594,-0.0052998999999999998,0.0045950999999999995,0.0035859999999999998,0.0043338999999999999,0.0021968999999999999,-0.0098417999999999995,0.0027182999999999999,0.0065412000000000005,-0.0020373000000000006,-0.0043264000000000002,0.0074462,-0.0079117000000000007,-0.0043122999999999998,-0.012859799999999999,-0.0089488999999999992,-0.00027769999999999965,-0.0109023,0.011051499999999999,-0.0026869999999999997,-0.0025508000000000002,-0.00014849999999999998,-0.0034573,0.0008734000000000003,0.0013209999999999999,0.00057380000000000007,-0.0017538,-0.0010256000000000002,0.0014895999999999998,0.0020252999999999998,2.9500000000000012e-05,0.0001349,-0.0018741999999999999,0.0020444999999999999,-0.00010900000000000016,-0.00021760000000000003,-0.00027299999999999997,0.0012011000000000001,0.0018007000000000001,0.0035856999999999998,-0.0018192999999999994,-0.0018129000000000001,-0.0022868000000000003,0.0053471000000000005,0.0045994999999999994,-0.0035380999999999998,0.0016878000000000002,0.0062448,-0.0010926999999999998,0.0011818,0.0019241999999999998,-0.0027409999999999995,-0.0013004000000000002,2.120000000000019e-05,0.0035798000000000006,-0.0048424999999999996,-0.0072943999999999995,0.0047033999999999999,0.0039502000000000001,-0.0033295,0.0021279000000000003,-0.0033202999999999991,-0.0024745000000000001,0.0006293999999999999,-0.009045000000000001,0.0017602,-0.0062727,0.0027704000000000001,-0.0064839000000000008,-0.0075583000000000004,-0.0033622000000000001,0.0014890000000000001,-7.7899999999999888e-05,-9.1100000000000087e-05,0.00043829999999999997,-0.0012079,-0.0039941000000000004,0.00048580000000000004,0.00017619999999999989,-0.0036324999999999999,-0.0052941000000000004,5.4499999999999997e-05,0.0029146000000000003,-0.00081000000000000006,0.0025209999999999998,-0.0042117999999999999,-0.0019957,0.0002164,-0.00095409999999999983,-0.0044538999999999994,0.0024795999999999998,0.0018877,0.0048057999999999998,0.0029449000000000003,-0.0049560000000000003,0.0019586,-0.0006152999999999994,-0.0021803999999999999,0.0025247999999999994,0.0039340999999999994,0.0023176,0.0063020000000000003,-0.0025226999999999997,0.0026804000000000003,-0.0029792999999999998,0.00013799999999999956,0.0068276999999999999,0.00090569999999999973,0.00031249999999999995,-0.0011608,-0.0017219999999999998,-0.0041784999999999999,-0.0027449999999999996,-0.0042433000000000002,0.0041745999999999997,-0.0031461000000000002,0.0043788999999999998,-0.0069602999999999991,-0.0055020999999999994,-0.0076661999999999998,0.0034510999999999999,-0.0054928999999999993,-0.0033547000000000004,0.013762399999999998,-0.00087089999999999997,0.0027678999999999998,-0.0137547,-0.0018276999999999998,-0.00015090000000000014,-0.00034809999999999995,0.0011356999999999999,-0.00058449999999999952,0.0019922,-0.0003325,0.0023957999999999996,2.7300000000000284e-05,0.0013197,0.0011692,0.00074689999999999999,-0.00054280000000000007,2.7099999999999954e-05,-0.0010322999999999997,-0.0015076999999999994,-0.00098390000000000001,0.0016732000000000001,0.0031643999999999995,-0.0023639999999999993,0.00074379999999999976,-0.0016267,-0.00076739999999999957,-0.0035983999999999999,-0.004431,-0.0016972999999999999,0.0017788000000000001,0.0025512,0.0010471999999999997,0.00099589999999999987,-0.0026457999999999994,-0.00062690000000000011,-0.0015805000000000001,-0.00067579999999999984,-0.0020374,0.0012354999999999998,0.00067509999999999988,0.0046166999999999996,0.0040625999999999995,-0.00099940000000000011,-0.0048399999999999997,0.0012469,0.00098039999999999998,-3.109999999999997e-05,-0.0014445,0.0023508000000000001,0.0012032000000000002,0.00080250000000000004,0.0012958000000000002,-0.0012764,-0.0056017999999999988,9.9599999999999927e-05,0.0015204000000000001,-0.0024285999999999999,0.0047846,-0.0024406000000000002,-0.0021322999999999997,0.00051949999999999978,-0.0012753999999999997,0.0056483999999999996,-0.0029907000000000002,-0.0020968000000000002,0.0082302999999999994,-0.0032221999999999997,-0.0003592,-0.00016900000000000015,-2.9999999999999645e-06,0.00026049999999999999,0.0010463,-0.0020648999999999997,0.00027759999999999986,0.00026870000000000003,-9.1299999999999942e-05,7.3700000000000016e-05,2.3300000000000024e-05,0.0013230999999999998,0.0018147999999999997,-0.00024189999999999992,0.0033713999999999997,-0.0013469999999999999,-0.0010847999999999999,-0.0034952999999999994,0.00090560000000000011,-0.0012652,-0.00085760000000000014,0.0022978,0.00013779999999999972,-0.0010801999999999999,-0.00037759999999999996,0.00079579999999999994,-0.0010501,-6.6299999999999823e-05,-0.00094669999999999997,0.0034023999999999999,-0.0015766,-0.0013593999999999998,0.0028717999999999999,-0.0016595999999999998,0.00023299999999999986,0.0014462000000000001,0.00029050000000000018,0.00099500000000000022,0.0026216999999999998,-0.0011291999999999999,-0.0022382999999999999,-0.0049089999999999993,-0.00024399999999999994,0.0029744000000000003,-0.0019747999999999996,9.4399999999999909e-05,7.7299999999999954e-05,-0.0014783999999999997,0.00089139999999999987,-0.00050989999999999976,-0.00052310000000000008,0.0016299999999999999,0.0027750000000000001,-0.00077079999999999987,0.0019935999999999999,-0.0040048999999999996,-0.0028427000000000001,-0.0032326,0.0059903000000000005,0.0032759,7.42999999999998e-05,-0.0023943999999999997,0.0043897999999999993,0.0052708999999999994,-0.0067288999999999995,0.0025103999999999999,-0.0054283000000000005,-8.0299999999999729e-05,0.0016539999999999997,0.00049660000000000004,-0.0001986,0.0010778000000000001,-0.0013633999999999999,-0.00033989999999999991,-0.00052360000000000004,3.2900000000000027e-05,-0.0010686000000000001,0.00086840000000000007,-0.00085979999999999997,-0.00020589999999999996,0.0015735,-0.0020295000000000001,0.00022400000000000002,-0.0010920000000000001,0.00010569999999999997,-0.0012050999999999997,0.00084270000000000005,-0.00063630000000000002,-0.00047249999999999999,-0.0017175999999999999,0.00090759999999999994,-0.0014230999999999996,-0.0025033999999999998,0.0016519,-0.0018735999999999998,0.00027219999999999995,0.00053870000000000003,0.00052749999999999997,-0.0033490999999999998,0.00052169999999999994,0.00075759999999999998,-0.0015747000000000001,-0.00071210000000000012,0.0010679000000000001,0.0018119,-0.00016649999999999998,0.00049709999999999999,-0.00062620000000000004,-0.0022924999999999998,-0.00020599999999999991,0.0021638,-0.00043849999999999987,0.0012666999999999999,0.0026048999999999998,0.0013525,-0.0036946999999999995,-0.0010511000000000001,-0.0014843999999999999,-0.0012442,0.00028390000000000002,0.0037525999999999996,-2.1900000000000044e-05,0.00026579999999999996,-0.00023220000000000001,0.00066049999999999995,0.00046420000000000006,-0.0031229999999999999,0.0010976999999999998,1.7899999999999988e-05,0.0015930000000000002,0.0033308000000000001,-0.0014054,-0.0049643999999999999,0.0025491999999999997,-0.0010540999999999999,0.00088139999999999996,0.00010280000000000022,-0.0009706999999999999,0.0049344999999999997,-0.00092080000000000005,-0.0010165,0.00099319999999999986,-0.0072645999999999995,0.0007358
aug_between_class_right_pair0043_child04,Healthy,0,0,Augmented,0,0,0,0,0,0.30617080000000002,1.9900478000000001,8.0000000000000007e-07,-3.9999999999999993e-07,3.9999999999999998e-07,0.94716559999999994,0,0.044051400000000004,-0.14910799999999999,0.015240800000000001,0.10661799999999999,-0.1058626,0.071331000000000006,-0.0089543999999999978,0.0065444000000000006,-0.022559800000000001,-0.093486199999999992,0.37568839999999998,-0.066338599999999998,-0.023642799999999999,0.070021799999999995,-0.013196000000000003,-0.020128199999999999,-0.0062667999999999995,-0.043575999999999997,0.036909200000000003,0.038008199999999999,-0.039879999999999999,0.0055732000000000004,-0.0754166,0.016949200000000001,0.040349800000000005,-0.016381400000000001,0.0012352000000000005,-0.00041100000000000164,-0.050793400000000002,0.027877200000000001,-0.050761399999999998,-0.0745532,0.085383600000000004,-0.037409200000000004,0.19689879999999998,-0.057592999999999998,0.010366999999999999,-0.0063087999999999998,-0.010406,-0.0089046000000000004,0.0048572000000000008,0.028694000000000001,-0.0013374000000000003,-0.010404199999999999,-0.011070399999999999,-0.029972399999999996,0.0202624,0.0212578,0.022005,0.023922600000000002,-0.0159918,-0.0047752000000000003,0.015004999999999999,-0.048252400000000001,-0.0048658000000000017,0.015227800000000001,-0.0005084,0.030480399999999998,-0.094642199999999996,-0.017921400000000001,-0.025693399999999998,-0.029873799999999999,0.011938600000000001,0.0036271999999999997,-2.5200000000000016e-05,0.017943800000000003,0.0047226000000000004,0.0071621999999999996,0.0033937999999999989,0.011155399999999999,0.0020029999999999996,0.0033241999999999989,-0.0019140000000000008,0.0060803999999999997,-0.022720000000000001,0.0074294000000000001,0.0062970000000000005,0.0071637999999999997,-0.0098759999999999994,-0.010589599999999999,0.0105726,-0.022383999999999998,-0.0053691999999999993,-0.0057470000000000004,-0.0074379999999999993,-0.0027937999999999991,-0.010160600000000001,-0.0084989999999999996,0.009935600000000001,-0.012695400000000001,0.0050537999999999998,0.0177936,-0.0038510000000000003,0.019955400000000002,-0.0062234000000000005,0.0031515999999999996,0.0030837999999999998,-0.002016,-0.0063393999999999994,0.0124998,-0.0024962000000000001,-0.00027059999999999975,0.0025813999999999998,0.0031316,-0.0011841999999999998,-0.0050242000000000004,0.0072624000000000005,0.0088079999999999999,0.0044289999999999998,5.0400000000000141e-05,0.015480600000000001,-0.0069182000000000002,0.0042929999999999999,-0.0097307999999999995,0.0071313999999999995,-0.0043984000000000002,-0.0117772,0.0094132,-0.0029563999999999997,-0.0016976000000000005,-0.0090428000000000001,-0.0085733999999999984,0.0050454000000000002,0.0010082000000000016,-0.0031534000000000002,-0.0017734000000000001,-0.017444600000000001,-0.0061081999999999994,-0.0096495999999999995,-0.012293399999999999,-0.0053439999999999998,-0.0040891999999999994,-0.014166399999999999,0.014993000000000001,0.0022652000000000002,0.00069119999999999978,-0.0017738000000000001,0.0010689999999999999,0.0018114000000000001,-0.0010487999999999997,0.0019752000000000003,0.0012953999999999999,-0.0022228,-0.0018199999999999996,-0.0011742000000000002,0.0027078000000000002,0.0036280000000000001,0.0016188000000000003,-0.0025864,-0.0011298,-0.0036018000000000005,-0.0032865999999999998,-0.010603999999999999,-0.0023699999999999997,0.0049122000000000002,0.0049621999999999999,0.0030943999999999998,-0.0035648000000000003,-0.0044846,-0.0074089999999999998,-0.002764,-0.0047581999999999998,0.0055648,0.0027909999999999992,0.0037272,0.0012001999999999998,-0.0101344,0.0030084000000000005,0.005890600000000001,-0.0013983999999999999,-0.0034592000000000008,0.0076416000000000001,-0.0082686000000000009,-0.0049584,-0.012506399999999999,-0.0079882000000000009,-0.00022459999999999993,-0.010803400000000001,0.010508999999999999,-0.0023240000000000001,-0.0026284000000000004,-0.00019000000000000006,-0.0030964,0.00066420000000000021,0.0012080000000000001,0.00063840000000000012,-0.0016874000000000001,-0.0011928000000000002,0.0011657999999999998,0.0019174000000000001,0.00037399999999999998,-0.0002228000000000001,-0.0016916000000000001,0.0018569999999999999,-0.00042600000000000027,-0.00034980000000000005,-0.00023499999999999997,0.00048480000000000007,0.0015996000000000001,0.0033176,-0.0012153999999999997,-0.0012761999999999999,-0.0021253999999999999,0.0055408000000000002,0.0043809999999999995,-0.0036787999999999994,0.0016164,0.0064804000000000007,-0.0014066000000000003,0.0013204,0.0014755999999999997,-0.0023149999999999998,-0.0011902,-0.00036439999999999997,0.0031384000000000004,-0.004679,-0.0077251999999999998,0.0049321999999999994,0.0038266000000000003,-0.0039299999999999995,0.0019381999999999999,-0.0033933999999999995,-0.0021299999999999991,0.00094220000000000003,-0.0097429999999999999,0.0016685999999999997,-0.0069465999999999998,0.0030742,-0.0068232000000000006,-0.0075744000000000002,-0.0039026000000000004,0.0013009999999999999,-7.7199999999999925e-05,-0.00031780000000000014,0.0004414,-0.0014372,-0.0039608000000000004,0.00025240000000000001,7.6599999999999965e-05,-0.0034330000000000003,-0.0049758000000000007,8.7000000000000001e-05,0.0034218,-0.00060599999999999998,0.0024039999999999999,-0.0042534000000000009,-0.0019356,0.00031020000000000006,-0.0007788000000000005,-0.0041142000000000001,0.0022317999999999999,0.0017836000000000002,0.0047003999999999995,0.0030592000000000002,-0.0054400000000000004,0.0019938,-0.00047340000000000012,-0.0018771999999999997,0.0016323999999999996,0.0037037999999999997,0.0021558000000000003,0.0059959999999999996,-0.0020176,0.0022992000000000004,-0.0026183999999999999,-0.0004410000000000002,0.0069715999999999997,0.00027659999999999968,0.00022599999999999994,-0.0017963999999999996,-0.0012900000000000001,-0.0037560000000000002,-0.002385,-0.0041524000000000005,0.0041948000000000003,-0.0031578000000000001,0.0042611999999999997,-0.0063283999999999997,-0.0050967999999999994,-0.0069975999999999997,0.0029887999999999998,-0.0048301999999999998,-0.0026065999999999997,0.0132052,-0.0013642000000000001,0.0028171999999999997,-0.013524599999999999,-0.0013125999999999997,-0.00024420000000000014,-0.00040980000000000004,0.0012195999999999999,-0.00029699999999999974,0.0017715999999999997,-0.00042000000000000002,0.0023974000000000001,4.0000000000000972e-07,0.0011835999999999999,0.0013616000000000001,0.00063020000000000003,-0.00051940000000000005,0.00016179999999999992,-0.0011914,-0.0010955999999999997,-0.0012761999999999999,0.0015835999999999999,0.0029432,-0.0021229999999999999,0.00085139999999999999,-0.0016416,-0.00056919999999999963,-0.0034362000000000004,-0.0045180000000000003,-0.0017953999999999999,0.0018684000000000001,0.0024435999999999998,0.0012865999999999997,0.00082819999999999996,-0.0022033999999999995,-0.0011192000000000003,-0.001781,-0.00040339999999999972,-0.0017592,0.0015480000000000001,0.0011167999999999998,0.0047595999999999992,0.0036237999999999999,-0.0010822000000000002,-0.0048450000000000003,0.0015791999999999998,0.00071120000000000005,0.00043820000000000008,-0.001225,0.0022284000000000002,0.00068160000000000009,0.0011450000000000004,0.00078540000000000001,-0.0012531999999999999,-0.005049399999999999,0.00035179999999999988,0.0019492000000000001,-0.0031628000000000003,0.0042947999999999997,-0.0027038000000000001,-0.0017183999999999997,0.000205,-0.00076519999999999952,0.0054532000000000001,-0.0032686,-0.0015513999999999997,0.0073404000000000004,-0.0039116000000000003,-0.0004216,-5.1000000000000047e-05,-2.600000000000009e-05,0.00058900000000000011,0.00096840000000000001,-0.0022631999999999999,0.00020879999999999993,0.00031860000000000005,5.3600000000000083e-05,0.00032660000000000002,-0.00018360000000000007,0.0013368,0.0016354,-0.00014319999999999996,0.0031151999999999994,-0.001547,-0.0011734,-0.0032973999999999998,0.00094779999999999994,-0.0010756000000000001,-0.0011618000000000002,0.0021724000000000001,-0.00017660000000000023,-0.00091359999999999998,-0.00013079999999999971,0.0005443999999999999,-0.00071479999999999981,0.00021460000000000012,-0.0010655999999999999,0.0035242000000000003,-0.0018587999999999999,-0.0013661999999999997,0.0032334,-0.0018998000000000001,0.00052399999999999994,0.0014056000000000001,0.00037100000000000024,0.0010010000000000002,0.0023365999999999999,-0.0010606000000000001,-0.0022033999999999999,-0.0048789999999999997,-0.00013999999999999993,0.0029071999999999995,-0.0022803999999999997,1.2000000000000292e-06,-7.9600000000000146e-05,-0.0012041999999999997,0.00073219999999999991,-0.00020619999999999965,-0.00054779999999999998,0.001751,0.002598,-0.00051639999999999976,0.0019018000000000001,-0.003942199999999999,-0.0022896000000000001,-0.0027497999999999997,0.0058804000000000009,0.0035352000000000001,0.00053739999999999994,-0.0027702000000000004,0.0049353999999999995,0.0049481999999999998,-0.0072671999999999997,0.0021262,-0.0060093999999999998,-0.00011040000000000008,0.0018899999999999998,0.00039179999999999998,-0.00022379999999999996,0.0010633999999999999,-0.0012611999999999999,-0.0006062000000000001,-0.00054480000000000002,3.5200000000000015e-05,-0.00097679999999999989,0.00094019999999999998,-0.00068639999999999999,-0.00011019999999999997,0.0016050000000000001,-0.002153,8.3000000000000012e-05,-0.0010339999999999998,-0.00012640000000000025,-0.0010038,0.0011396000000000002,-0.00059240000000000009,-0.00064299999999999991,-0.0019238,0.0007807999999999999,-0.0013197999999999999,-0.0025081999999999995,0.0018632000000000002,-0.0018057999999999998,0.00055059999999999994,0.00066859999999999999,0.00036300000000000004,-0.0034488000000000001,0.00049260000000000005,0.00086479999999999999,-0.0015555999999999999,-0.00087480000000000001,0.0008872000000000001,0.0017041999999999999,-0.00022800000000000004,0.00051580000000000007,-0.0007406,-0.0024499999999999999,-0.00031600000000000009,0.0024354000000000003,-9.5000000000000032e-05,0.0012216,0.0026462,0.001348,-0.0037225999999999995,-0.0012698000000000002,-0.0017112000000000002,-0.0013456000000000002,0.00047320000000000012,0.0034377999999999995,0.00035579999999999997,0.00021940000000000002,-0.00021660000000000006,0.00067200000000000018,0.00063160000000000007,-0.0027460000000000002,0.0010395999999999999,-1.7800000000000026e-05,0.0018030000000000001,0.0033733999999999999,-0.0015582,-0.0046021999999999999,0.0027185999999999998,-0.0010847999999999999,0.00096020000000000003,0.00035740000000000018,-0.0011895999999999999,0.004934,-0.0013573999999999999,-0.0013770000000000002,0.00084159999999999964,-0.0060667999999999998,0.00084639999999999997
aug_between_class_right_pair0043_child05,TLE,1,1,Augmented,0,0,0,0,0,0.30386619999999998,2.0117312000000003,1.1999999999999999e-06,-5.9999999999999997e-07,5.9999999999999997e-07,0.93834340000000005,0,0.042398600000000002,-0.146648,0.0158002,0.110397,-0.10604340000000001,0.064958000000000002,-0.010230599999999999,0.0045096000000000008,-0.022677199999999998,-0.091101799999999997,0.36759160000000002,-0.065098400000000001,-0.019252200000000001,0.064299200000000001,-0.016619999999999999,-0.022070800000000002,-0.0060271999999999999,-0.043131999999999997,0.037708800000000001,0.037765800000000002,-0.041002999999999998,0.0062838,-0.07703539999999999,0.013775800000000001,0.045224199999999999,-0.019474599999999998,0.0027468000000000006,2.6999999999999247e-05,-0.0506676,0.030364800000000001,-0.053932599999999997,-0.076265799999999995,0.081786399999999995,-0.044220799999999998,0.19707820000000001,-0.057450000000000001,0.010085999999999999,-0.0063762000000000003,-0.010751999999999999,-0.010395399999999999,0.0039497999999999998,0.028510000000000001,-0.0017786000000000002,-0.0096118000000000002,-0.0111176,-0.0293876,0.020681600000000001,0.021043200000000001,0.018456,0.022165400000000002,-0.018816199999999998,-0.0012108000000000002,0.013233999999999999,-0.0474346,-0.0061772000000000007,0.015061199999999999,-0.00018659999999999987,0.027016599999999998,-0.092095800000000005,-0.012747600000000001,-0.024823600000000001,-0.025974200000000003,0.0097713999999999995,0.0023218000000000002,0.00075819999999999989,0.0176592,0.0050914000000000003,0.0055128,0.00061120000000000098,0.0091856000000000004,0.0018659999999999996,0.0022407999999999998,6.7999999999998617e-05,0.0062735999999999998,-0.021743999999999999,0.0074836,0.0042050000000000004,0.0057171999999999995,-0.011245000000000002,-0.0087084000000000016,0.011154400000000002,-0.020094000000000001,-0.0055477999999999994,-0.0062160000000000002,-0.0095179999999999987,-0.00071119999999999994,-0.0113484,-0.0074000000000000003,0.0114374,-0.012374599999999999,0.0044232000000000004,0.017181399999999999,-0.0045880000000000001,0.0197296,-0.0062756000000000001,0.0020914000000000002,0.0022152000000000005,-0.001776,-0.0051875999999999997,0.0127872,-0.0019508000000000001,-0.00023540000000000019,0.0023416000000000001,0.0032694,-0.0011857999999999999,-0.0048008,0.0069506000000000004,0.0068450000000000004,0.0037439999999999999,0.00039559999999999986,0.0148424,-0.0077138000000000007,0.0042709999999999996,-0.0103502,0.0076485999999999993,-0.0043376000000000005,-0.011681799999999999,0.0091538000000000001,-0.0034386,-6.0400000000000384e-05,-0.0096621999999999993,-0.0079456000000000006,0.0035416000000000002,0.0030658,-0.0046546000000000001,-0.0017516000000000001,-0.019581400000000002,-0.0065068000000000001,-0.0092584,-0.0125906,-0.0013100000000000004,-0.0021427999999999998,-0.0082456000000000005,0.013051,0.0023527999999999995,0.00036979999999999988,-0.0017381999999999999,0.00097299999999999991,0.0029195999999999996,-0.0011052,0.0013928,0.00068859999999999993,-0.0019012000000000002,-0.0011069999999999999,-0.00071180000000000028,0.0020312000000000004,0.0041409999999999997,0.0020682000000000001,-0.0021316,-0.0012032,-0.0044041999999999996,-0.0022743999999999998,-0.0098670000000000008,-0.001011,0.0050838000000000003,0.0042468000000000002,0.0034255999999999996,-0.0045202000000000003,-0.0057304000000000001,-0.0080909999999999992,-0.003104,-0.0036747999999999998,0.0075041999999999999,0.0012009999999999998,0.0025138000000000001,-0.00079319999999999998,-0.010719599999999999,0.0035885999999999999,0.0045894000000000004,-0.00012060000000000022,-0.0017248000000000007,0.0080324000000000003,-0.0089824000000000015,-0.0062506000000000003,-0.0117996,-0.0060668000000000007,-0.00011839999999999984,-0.0106056,0.0094240000000000001,-0.0015980000000000002,-0.0027835999999999998,-0.00027299999999999981,-0.0023746000000000001,0.00024580000000000045,0.00098200000000000002,0.00076760000000000001,-0.0015545999999999999,-0.0015272,0.00051820000000000013,0.0017016000000000002,0.0010629999999999999,-0.00093819999999999993,-0.0013264000000000001,0.001482,-0.0010600000000000002,-0.00061420000000000008,-0.00015900000000000002,-0.00094779999999999951,0.0011974000000000004,0.0027813999999999998,-7.5999999999999679e-06,-0.00020280000000000038,-0.0018025999999999999,0.0059281999999999998,0.0039439999999999996,-0.0039601999999999997,0.0014736,0.0069516000000000005,-0.0020344,0.0015975999999999998,0.00057839999999999996,-0.0014629999999999999,-0.00096980000000000005,-0.0011355999999999996,0.0022556000000000008,-0.004352,-0.0085867999999999986,0.0053898000000000001,0.0035793999999999999,-0.0051310000000000001,0.0015587999999999999,-0.0035395999999999995,-0.001441,0.0015678000000000001,-0.011139,0.0014854,-0.0082944000000000004,0.0036818000000000003,-0.0075018000000000003,-0.0076065999999999998,-0.0049833999999999998,0.00092500000000000004,-7.5799999999999782e-05,-0.00077119999999999988,0.00044760000000000004,-0.0018958,-0.0038942000000000009,-0.00021439999999999984,-0.00012259999999999994,-0.0030340000000000002,-0.0043391999999999997,0.00015200000000000001,0.0044362000000000004,-0.00019800000000000012,0.0021699999999999996,-0.0043365999999999995,-0.0018154,0.00049779999999999996,-0.00042820000000000011,-0.0034348,0.0017362,0.0015754000000000002,0.0044895999999999998,0.0032878000000000004,-0.0064080000000000005,0.0020642,-0.00018960000000000005,-0.0012707999999999999,-0.0001523999999999998,0.0032431999999999999,0.0018322,0.0053839999999999999,-0.0010074000000000003,0.0015368000000000003,-0.0018965999999999998,-0.0015990000000000002,0.0072593999999999992,-0.00098159999999999979,5.3000000000000001e-05,-0.0030676000000000002,-0.00042600000000000038,-0.0029110000000000004,-0.001665,-0.0039705999999999995,0.0042351999999999997,-0.0031811999999999999,0.0040257999999999995,-0.0050645999999999998,-0.0042861999999999996,-0.0056603999999999995,0.0020642,-0.0035047999999999998,-0.0011104000000000005,0.012090799999999999,-0.0023508000000000001,0.0029157999999999996,-0.0130644,-0.00028239999999999993,-0.00043079999999999995,-0.00053320000000000006,0.0013874,0.00027800000000000004,0.0013304,-0.00059499999999999993,0.0024006000000000001,-5.3400000000000105e-05,0.00091139999999999993,0.0017463999999999999,0.0003968000000000001,-0.00047260000000000005,0.00043120000000000018,-0.0015095999999999996,-0.00027139999999999993,-0.0018608000000000001,0.0014044000000000001,0.0025008000000000001,-0.0016410000000000001,0.0010665999999999998,-0.0016714,-0.00017279999999999997,-0.0031117999999999996,-0.004692,-0.0019916000000000001,0.0020476000000000001,0.0022284000000000002,0.0017653999999999999,0.00049279999999999994,-0.0013186000000000001,-0.0021038000000000003,-0.0021819999999999999,0.00014140000000000008,-0.0012028,0.0021729999999999996,0.0020001999999999997,0.0050453999999999985,0.0027462000000000003,-0.0012478000000000001,-0.0048549999999999999,0.0022437999999999998,0.00017280000000000008,0.0013767999999999996,-0.00078600000000000002,0.0019836000000000003,-0.00036159999999999968,0.0018299999999999998,-0.00023539999999999976,-0.0012068000000000001,-0.0039445999999999995,0.00085619999999999989,0.0028067999999999999,-0.0046311999999999994,0.0033151999999999999,-0.0032301999999999999,-0.00089060000000000007,-0.00042399999999999995,0.00025520000000000008,0.0050627999999999992,-0.0038244000000000004,-0.00046060000000000025,0.0055606000000000006,-0.0052903999999999989,-0.00054640000000000005,0.00018499999999999994,-7.2000000000000015e-05,0.0012459999999999997,0.00081260000000000002,-0.0026597999999999995,7.1199999999999996e-05,0.00041839999999999998,0.00034340000000000011,0.00083239999999999996,-0.0005974000000000001,0.0013641999999999999,0.0012765999999999999,5.4200000000000016e-05,0.0026027999999999997,-0.0019469999999999999,-0.0013506,-0.0029015999999999998,0.0010322,-0.00069639999999999991,-0.0017702000000000002,0.0019216000000000003,-0.00080540000000000017,-0.00058040000000000012,0.00036279999999999993,4.1599999999999968e-05,-4.419999999999999e-05,0.0007763999999999999,-0.0013034000000000001,0.0037678,-0.0024232000000000004,-0.0013797999999999998,0.0039566000000000002,-0.0023801999999999994,0.0011059999999999998,0.0013244000000000001,0.00053199999999999992,0.001013,0.0017664000000000002,-0.0009234,-0.0021336000000000003,-0.0048190000000000004,6.7999999999999972e-05,0.0027727999999999997,-0.0028915999999999998,-0.00018519999999999995,-0.00039340000000000002,-0.00065580000000000022,0.00041379999999999976,0.00040120000000000005,-0.00059719999999999999,0.001993,0.0022439999999999999,-7.5999999999997511e-06,0.0017182,-0.0038167999999999995,-0.0011834,-0.0017842000000000003,0.0056606,0.0040537999999999998,0.0014635999999999998,-0.0035217999999999998,0.0060265999999999991,0.0043028000000000007,-0.0083437999999999984,0.0013578000000000002,-0.0071716000000000002,-0.00017059999999999992,0.002362,0.00018220000000000004,-0.0002742,0.0010345999999999999,-0.0010568000000000001,-0.0011387999999999999,-0.00058719999999999996,3.9800000000000005e-05,-0.00079319999999999998,0.0010838,-0.00033960000000000007,8.1200000000000022e-05,0.001668,-0.0024000000000000002,-0.00019900000000000001,-0.00091800000000000009,-0.00059059999999999994,-0.00060120000000000009,0.0017334,-0.00050460000000000001,-0.00098400000000000007,-0.0023361999999999996,0.00052720000000000002,-0.0011132,-0.0025177999999999997,0.0022858000000000002,-0.0016701999999999999,0.0011073999999999999,0.00092840000000000002,3.400000000000004e-05,-0.0036481999999999999,0.00043440000000000004,0.0010792,-0.0015174000000000001,-0.0012002000000000002,0.0005258000000000002,0.0014888000000000004,-0.00035099999999999997,0.0005532,-0.00096940000000000004,-0.0027650000000000001,-0.00053599999999999991,0.0029786000000000001,0.00059199999999999986,0.0011314000000000001,0.0027288,0.0013389999999999999,-0.0037783999999999995,-0.0017072000000000003,-0.0021648000000000001,-0.0015484000000000001,0.0008518000000000001,0.0028082000000000003,0.0011111999999999997,0.00012659999999999993,-0.00018539999999999995,0.00069499999999999998,0.00096640000000000007,-0.0019919999999999998,0.0009234,-8.9200000000000027e-05,0.0022230000000000001,0.0034586,-0.0018638000000000001,-0.0038778000000000003,0.0030574,-0.0011462,0.0011178000000000002,0.00086660000000000003,-0.0016273999999999998,0.0049329999999999999,-0.0022305999999999997,-0.002098,0.00053839999999999986,-0.0036712000000000003,0.0010675999999999999
aug_between_class_right_pair0043_child06,TLE,1,1,Augmented,0,0,0,0,0,0.30271389999999998,2.0225729000000001,1.3999999999999997e-06,-6.9999999999999986e-07,6.9999999999999986e-07,0.93393230000000005,0,0.041572200000000004,-0.14541799999999999,0.016079900000000001,0.1122865,-0.1061338,0.061771500000000007,-0.0108687,0.0034922000000000004,-0.0227359,-0.089909599999999992,0.36354320000000001,-0.064478300000000002,-0.0170569,0.061437899999999997,-0.018331999999999998,-0.023042099999999999,-0.0059074000000000002,-0.042909999999999997,0.038108599999999999,0.0376446,-0.041564500000000004,0.0066391000000000002,-0.077844799999999992,0.012189100000000001,0.0476614,-0.021021199999999997,0.0035025999999999981,0.00024599999999999796,-0.050604700000000002,0.031608600000000001,-0.055518200000000004,-0.077122099999999999,0.079987799999999998,-0.047626600000000005,0.19716790000000001,-0.057378499999999999,0.0099454999999999995,-0.0064099000000000005,-0.010925000000000001,-0.011140799999999999,0.0034961000000000002,0.028417999999999999,-0.0019992,-0.0092155999999999991,-0.0111412,-0.029095200000000002,0.020891199999999999,0.0209359,0.016681500000000002,0.021286800000000002,-0.020228399999999997,0.00057139999999999882,0.0123485,-0.047025700000000004,-0.0068329000000000011,0.014977899999999999,-2.5700000000000245e-05,0.0252847,-0.090822600000000003,-0.0101607,-0.024388699999999999,-0.024024400000000001,0.0086878000000000007,0.0016691000000000004,0.0011498999999999995,0.017516900000000002,0.0052757999999999998,0.0046881000000000006,-0.00078009999999999972,0.0082007,0.0017974999999999996,0.001699099999999999,0.0010589999999999992,0.0063701999999999995,-0.021256000000000001,0.0075107000000000004,0.0031590000000000012,0.0049939000000000008,-0.011929500000000001,-0.0077678000000000009,0.0114453,-0.018949000000000001,-0.0056370999999999991,-0.0064504999999999996,-0.010557999999999998,0.0003300999999999994,-0.011942299999999999,-0.0068505000000000007,0.012188299999999999,-0.0122142,0.0041079000000000003,0.016875299999999999,-0.0049565,0.019616700000000001,-0.0063017000000000004,0.0015613000000000003,0.0017809000000000002,-0.0016560000000000001,-0.0046116999999999998,0.0129309,-0.0016780999999999999,-0.0002178000000000002,0.0022217000000000001,0.0033383000000000002,-0.0011865999999999999,-0.0046890999999999999,0.0067947000000000007,0.0058635000000000007,0.0034015,0.00056819999999999982,0.014523299999999999,-0.0081116000000000001,0.0042599999999999999,-0.0106599,0.0079071999999999996,-0.0043072000000000006,-0.0116341,0.0090241000000000002,-0.0036796999999999997,0.00075819999999999924,-0.0099718999999999988,-0.0076316999999999991,0.0027897,0.0040945999999999995,-0.0054051999999999989,-0.0017407000000000002,-0.020649799999999999,-0.0067060999999999996,-0.0090627999999999993,-0.012739199999999999,0.00070699999999999886,-0.0011696000000000002,-0.005285200000000002,0.01208,0.0023966000000000005,0.00020909999999999993,-0.0017204000000000002,0.00092499999999999993,0.0034736999999999997,-0.0011333999999999999,0.0011016000000000003,0.00038519999999999998,-0.0017404000000000002,-0.00075049999999999987,-0.0004806000000000003,0.0016929000000000002,0.0043974999999999995,0.0022929000000000001,-0.0019042,-0.0012398999999999999,-0.0048053999999999996,-0.0017683,-0.0094985,-0.0003315000000000002,0.0051695999999999999,0.0038891000000000004,0.0035912000000000001,-0.0049978999999999996,-0.0063532999999999992,-0.0084319999999999985,-0.003274,-0.0031330999999999998,0.0084738999999999995,0.00040600000000000011,0.001907100000000001,-0.0017899000000000005,-0.0110122,0.0038786999999999997,0.0039388000000000001,0.00051829999999999975,-0.00085760000000000057,0.0082278000000000004,-0.0093393,-0.0068967000000000004,-0.0114462,-0.0051061000000000014,-6.5299999999999907e-05,-0.010506700000000001,0.0088815000000000005,-0.0012350000000000002,-0.0028611999999999999,-0.00031449999999999989,-0.0020137000000000002,3.6600000000000348e-05,0.00086899999999999998,0.00083219999999999995,-0.0014882000000000001,-0.0016944,0.00019440000000000012,0.0015937,0.0014075000000000001,-0.0012958999999999998,-0.0011438000000000002,0.0012945000000000001,-0.001377,-0.00074639999999999993,-0.00012099999999999999,-0.0016640999999999995,0.00099630000000000031,0.0025133,0.00059629999999999991,0.00033389999999999939,-0.0016411999999999998,0.0061218999999999996,0.0037255000000000001,-0.0041008999999999993,0.0014022000000000001,0.0071871999999999995,-0.0023482999999999998,0.0017361999999999998,0.00012980000000000001,-0.0010370000000000002,-0.00085960000000000008,-0.0015211999999999999,0.0018142000000000002,-0.0041885000000000004,-0.0090175999999999989,0.0056185999999999996,0.0034558000000000002,-0.0057314999999999996,0.0013691000000000003,-0.0036126999999999999,-0.0010965,0.0018805999999999998,-0.011837,0.0013937999999999997,-0.0089682999999999985,0.0039856000000000006,-0.0078411000000000002,-0.0076227000000000005,-0.0055237999999999997,0.00073700000000000002,-7.509999999999982e-05,-0.00099789999999999992,0.00045070000000000006,-0.0021250999999999996,-0.0038609000000000004,-0.00044779999999999977,-0.00022219999999999993,-0.0028345000000000002,-0.0040209000000000009,0.00018449999999999999,0.0049434000000000006,5.9999999999998341e-06,0.0020529999999999997,-0.0043782000000000005,-0.0017552999999999998,0.00059160000000000007,-0.00025290000000000035,-0.0030950999999999999,0.0014884,0.0014713000000000003,0.0043841999999999996,0.0034020999999999999,-0.0068920000000000006,0.0020994,-4.7700000000000129e-05,-0.0009676000000000001,-0.0010447999999999994,0.0030128999999999998,0.0016704000000000001,0.005078,-0.00050230000000000034,0.0011556000000000006,-0.0015357000000000001,-0.0021779999999999998,0.0074032999999999998,-0.0016106999999999996,-3.3500000000000021e-05,-0.0037032000000000002,5.9999999999997122e-06,-0.0024885000000000003,-0.0013050000000000002,-0.0038796999999999998,0.0042554000000000003,-0.0031928999999999998,0.0039080999999999994,-0.0044327000000000004,-0.0038809000000000001,-0.0049918000000000002,0.0016019000000000003,-0.0028421000000000002,-0.00036230000000000073,0.0115336,-0.0028440999999999996,0.0029651,-0.0128343,0.00023269999999999996,-0.0005241,-0.00059489999999999988,0.0014712999999999998,0.00056549999999999992,0.0011098,-0.00068249999999999995,0.0024022000000000002,-8.0299999999999946e-05,0.00077530000000000003,0.0019388000000000001,0.00028010000000000014,-0.00044920000000000002,0.00056590000000000004,-0.0016686999999999995,0.0001406999999999999,-0.0021531000000000002,0.0013147999999999999,0.0022796000000000001,-0.0013999999999999998,0.0011741999999999998,-0.0016863,2.5400000000000075e-05,-0.0029496000000000001,-0.0047790000000000003,-0.0020896999999999999,0.0021372000000000001,0.0021207999999999999,0.0020047999999999997,0.00032510000000000004,-0.00087619999999999994,-0.0025961000000000001,-0.0023825000000000001,0.00041380000000000019,-0.00092460000000000003,0.0024854999999999994,0.0024418999999999999,0.0051882999999999999,0.0023074000000000002,-0.0013305999999999999,-0.0048600000000000006,0.0025760999999999996,-9.6399999999999741e-05,0.0018460999999999994,-0.00056649999999999995,0.0018611999999999999,-0.00088320000000000022,0.0021725,-0.00074579999999999959,-0.0011835999999999999,-0.0033921999999999997,0.0011083999999999998,0.0032355999999999999,-0.0053654000000000002,0.0028254,-0.0034934000000000002,-0.00047670000000000015,-0.00073849999999999979,0.00076539999999999985,0.0048675999999999997,-0.0041022999999999997,8.4799999999999459e-05,0.0046707000000000007,-0.0059797999999999995,-0.00060880000000000005,0.00030299999999999994,-9.4999999999999924e-05,0.0015744999999999999,0.00073470000000000013,-0.0028581000000000001,2.4000000000000583e-06,0.00046829999999999994,0.00048829999999999989,0.0010853,-0.00080429999999999998,0.0013778999999999998,0.0010972,0.00015289999999999995,0.0023465999999999999,-0.0021469999999999996,-0.0014391999999999999,-0.0027036999999999999,0.0010744000000000001,-0.00050680000000000007,-0.0020744000000000001,0.0017962,-0.0011198,-0.00041380000000000019,0.00060960000000000007,-0.00020979999999999992,0.00029109999999999997,0.0010572999999999997,-0.0014223,0.0038896,-0.0027053999999999997,-0.0013866,0.0043181999999999995,-0.0026203999999999993,0.0013969999999999998,0.0012838000000000001,0.00061249999999999998,0.0010189999999999999,0.0014813000000000001,-0.00085479999999999996,-0.0020987000000000002,-0.0047889999999999999,0.0001719999999999999,0.0027056000000000003,-0.0031971999999999999,-0.00027839999999999983,-0.00055029999999999999,-0.00038160000000000006,0.00025459999999999979,0.00070490000000000006,-0.0006219000000000001,0.002114,0.0020670000000000003,0.00024680000000000014,0.0016264000000000001,-0.0037540999999999998,-0.0006303000000000003,-0.0013014000000000003,0.0055507000000000004,0.0043131000000000003,0.0019266999999999997,-0.0038976000000000002,0.0065721999999999985,0.0039800999999999994,-0.0088820999999999987,0.00097360000000000014,-0.0077526999999999978,-0.00020069999999999984,0.0025979999999999996,7.7400000000000038e-05,-0.00029939999999999996,0.0010202,-0.00095460000000000011,-0.0014050999999999998,-0.00060839999999999993,4.2100000000000007e-05,-0.00070140000000000003,0.0011556000000000001,-0.00016620000000000008,0.00017690000000000002,0.0016995000000000001,-0.0025234999999999997,-0.00033999999999999992,-0.00086000000000000009,-0.00082269999999999999,-0.00039990000000000007,0.0020302999999999996,-0.00046069999999999998,-0.0011544999999999999,-0.0025423999999999998,0.00040040000000000014,-0.0010099,-0.0025226000000000003,0.0024970999999999999,-0.0016023999999999999,0.0013858,0.0010583000000000001,-0.00013049999999999987,-0.0037478999999999998,0.00040530000000000004,0.0011863999999999998,-0.0014982999999999999,-0.0013629,0.0003451000000000002,0.0013811000000000003,-0.00041249999999999994,0.00057189999999999997,-0.0010838,-0.0029225000000000002,-0.00064599999999999976,0.0032502,0.0009354999999999997,0.0010863000000000001,0.0027700999999999997,0.0013345,-0.0038062999999999994,-0.0019259000000000001,-0.0023915999999999998,-0.0016497999999999999,0.0010411000000000001,0.0024933999999999998,0.0014888999999999996,8.0199999999999889e-05,-0.0001697999999999999,0.00070650000000000021,0.0011337999999999999,-0.0016150000000000001,0.00086530000000000005,-0.00012490000000000003,0.0024330000000000003,0.0035011999999999999,-0.0020165999999999999,-0.0035156000000000002,0.0032268000000000002,-0.0011768999999999998,0.0011965999999999999,0.0011211999999999999,-0.0018462999999999999,0.0049324999999999994,-0.0026671999999999998,-0.0024584999999999997,0.00038679999999999997,-0.0024734000000000006,0.0011781999999999999
aug_between_class_right_pair0043_child07,TLE,1,1,Augmented,0,0,0,0,0,0.30156159999999999,2.0334146,1.6000000000000001e-06,-7.9999999999999996e-07,8.0000000000000007e-07,0.92952120000000005,0,0.040745800000000006,-0.14418799999999998,0.016359600000000002,0.114176,-0.1062242,0.058584999999999998,-0.011506799999999998,0.0024747999999999997,-0.022794599999999998,-0.088717399999999988,0.3594948,-0.063858200000000004,-0.014861599999999999,0.058576599999999993,-0.020043999999999999,-0.024013400000000001,-0.0057876000000000004,-0.042687999999999997,0.038508399999999998,0.037523399999999998,-0.042126000000000004,0.0069943999999999996,-0.078654199999999994,0.0106024,0.0500986,-0.022567799999999999,0.0042584000000000007,0.0004649999999999984,-0.050541800000000005,0.032852400000000004,-0.057103800000000003,-0.077978400000000003,0.0781892,-0.051032400000000006,0.19725760000000001,-0.057306999999999997,0.0098049999999999995,-0.0064435999999999998,-0.011098,-0.0118862,0.0030423999999999998,0.028326,-0.0022198000000000001,-0.0088193999999999998,-0.011164799999999999,-0.0288028,0.021100800000000003,0.020828599999999999,0.014907,0.020408200000000001,-0.021640600000000003,0.0023536000000000004,0.011462999999999997,-0.0466168,-0.0074885999999999998,0.014894599999999999,0.00013519999999999982,0.023552799999999999,-0.089549400000000001,-0.0075737999999999986,-0.023953800000000001,-0.0220746,0.0076042000000000002,0.0010163999999999998,0.0015416,0.0173746,0.0054602000000000001,0.0038633999999999995,-0.0021714000000000013,0.0072157999999999996,0.0017289999999999996,0.0011573999999999998,0.0020500000000000002,0.0064668,-0.020768000000000002,0.0075377999999999999,0.0021130000000000003,0.0042705999999999994,-0.012614,-0.0068271999999999994,0.011736200000000002,-0.017804,-0.0057263999999999995,-0.006685,-0.011597999999999999,0.0013714000000000007,-0.012536200000000001,-0.0063009999999999993,0.012939200000000001,-0.0120538,0.0037925999999999997,0.016569199999999999,-0.0053249999999999999,0.019503800000000002,-0.0063278000000000006,0.0010311999999999999,0.0013465999999999999,-0.001536,-0.0040357999999999991,0.0130746,-0.0014053999999999998,-0.00020019999999999977,0.0021018,0.0034072,-0.0011873999999999999,-0.0045774000000000006,0.0066388000000000003,0.0048819999999999983,0.0030589999999999997,0.00074080000000000001,0.0142042,-0.0085094000000000003,0.0042489999999999993,-0.010969599999999999,0.0081658000000000008,-0.0042767999999999999,-0.0115864,0.0088944000000000002,-0.0039208000000000003,0.0015768000000000004,-0.0102816,-0.0073177999999999993,0.0020377999999999993,0.0051234000000000002,-0.0061557999999999995,-0.0017298000000000001,-0.021718200000000003,-0.0069054000000000008,-0.0088671999999999987,-0.012887800000000001,0.0027240000000000012,-0.00019639999999999935,-0.002324799999999998,0.011108999999999999,0.0024403999999999997,4.8399999999999875e-05,-0.0017026000000000001,0.00087699999999999996,0.0040277999999999998,-0.0011615999999999994,0.00081039999999999975,8.1799999999999711e-05,-0.0015796,-0.00039399999999999982,-0.0002494000000000001,0.0013545999999999999,0.0046540000000000002,0.0025176,-0.0016767999999999998,-0.0012766000000000001,-0.0052066000000000005,-0.0012621999999999996,-0.0091299999999999992,0.00034800000000000109,0.0052554000000000003,0.0035313999999999996,0.0037567999999999994,-0.0054756000000000006,-0.0069762000000000001,-0.0087729999999999995,-0.003444,-0.0025913999999999998,0.0094435999999999999,-0.00038900000000000089,0.0013004000000000002,-0.0027866000000000011,-0.0113048,0.0041688000000000003,0.0032881999999999998,0.0011572000000000004,9.6000000000002333e-06,0.0084232000000000005,-0.009696200000000002,-0.0075428000000000005,-0.0110928,-0.0041454000000000005,-1.2200000000000188e-05,-0.010407800000000002,0.0083389999999999992,-0.00087200000000000005,-0.0029388000000000001,-0.00035599999999999976,-0.0016527999999999998,-0.00017259999999999997,0.00075599999999999994,0.00089680000000000011,-0.0014218,-0.0018616000000000001,-0.00012940000000000011,0.0014858,0.0017519999999999999,-0.0016536000000000005,-0.00096119999999999995,0.0011069999999999999,-0.0016940000000000004,-0.00087860000000000021,-8.2999999999999957e-05,-0.0023804,0.00079519999999999981,0.0022452000000000001,0.0012002000000000002,0.00087060000000000045,-0.0014797999999999999,0.0063156000000000002,0.0035069999999999997,-0.0042415999999999999,0.0013308,0.0074228000000000002,-0.0026622000000000004,0.0018748000000000003,-0.00031880000000000059,-0.00061099999999999989,-0.00074939999999999989,-0.0019068000000000002,0.0013728000000000004,-0.0040249999999999999,-0.0094484000000000009,0.0058474,0.0033322,-0.0063319999999999991,0.0011793999999999997,-0.0036857999999999995,-0.00075199999999999985,0.0021933999999999999,-0.012535000000000001,0.0013021999999999999,-0.0096422000000000001,0.0042894000000000005,-0.0081804000000000009,-0.0076388000000000003,-0.0060642000000000005,0.00054899999999999979,-7.4399999999999857e-05,-0.0012246000000000002,0.00045380000000000008,-0.0023544000000000004,-0.0038276,-0.00068120000000000019,-0.00032180000000000002,-0.0026350000000000002,-0.0037026000000000003,0.00021700000000000002,0.0054505999999999999,0.00021000000000000004,0.0019359999999999998,-0.0044198000000000006,-0.0016952,0.00068540000000000007,-7.7599999999999718e-05,-0.0027553999999999999,0.0012406000000000001,0.0013672000000000003,0.0042787999999999993,0.0035164000000000003,-0.0073760000000000006,0.0021346,9.420000000000023e-05,-0.00066439999999999945,-0.0019372000000000009,0.0027825999999999997,0.0015085999999999999,0.0047719999999999993,2.8000000000001629e-06,0.00077440000000000007,-0.0011747999999999999,-0.0027570000000000003,0.0075472000000000004,-0.0022398000000000001,-0.00012000000000000008,-0.0043388000000000003,0.00043800000000000002,-0.0020660000000000001,-0.00094499999999999988,-0.0037888000000000002,0.0042756000000000001,-0.0032046000000000002,0.0037903999999999993,-0.0038008,-0.0034755999999999997,-0.0043231999999999993,0.0011395999999999997,-0.0021793999999999997,0.00038580000000000038,0.010976399999999999,-0.0033373999999999999,0.0030144,-0.012604199999999999,0.0007478000000000004,-0.00061740000000000005,-0.00065660000000000002,0.0015551999999999999,0.00085300000000000013,0.00088919999999999993,-0.00077000000000000007,0.0024037999999999998,-0.00010720000000000022,0.00063919999999999992,0.0021312000000000002,0.00016339999999999996,-0.0004258,0.00070060000000000012,-0.0018277999999999999,0.00055280000000000021,-0.0024453999999999999,0.0012252000000000001,0.0020583999999999997,-0.0011589999999999999,0.0012817999999999998,-0.0017012000000000002,0.00022360000000000012,-0.0027873999999999998,-0.0048660000000000005,-0.0021878000000000002,0.0022268000000000001,0.0020131999999999997,0.0022442,0.00015739999999999987,-0.00043379999999999959,-0.0030884000000000007,-0.0025830000000000002,0.00068620000000000052,-0.00064639999999999988,0.0027980000000000001,0.0028836000000000001,0.0053311999999999995,0.0018685999999999998,-0.0014134000000000002,-0.0048650000000000004,0.0029083999999999998,-0.0003656,0.0023154,-0.00034699999999999987,0.0017388000000000002,-0.0014048000000000003,0.0025149999999999999,-0.0012562000000000003,-0.0011603999999999998,-0.0028397999999999995,0.0013606,0.0036644000000000004,-0.0060996000000000002,0.0023355999999999997,-0.0037566000000000006,-6.2799999999999683e-05,-0.0010530000000000001,0.0012756000000000004,0.0046724000000000002,-0.0043802000000000008,0.00063020000000000046,0.0037808,-0.0066692000000000001,-0.00067120000000000005,0.00042100000000000004,-0.00011800000000000005,0.0019030000000000002,0.00065680000000000003,-0.0030564000000000003,-6.6400000000000042e-05,0.00051820000000000002,0.00063320000000000021,0.0013382000000000001,-0.0010112000000000003,0.0013916000000000002,0.00091779999999999987,0.00025160000000000004,0.0020903999999999996,-0.0023470000000000001,-0.0015278000000000002,-0.0025057999999999999,0.0011166000000000001,-0.0003171999999999999,-0.0023786000000000002,0.0016708000000000001,-0.0014342000000000001,-0.00024719999999999994,0.00085640000000000087,-0.00046120000000000015,0.00062640000000000037,0.0013382000000000001,-0.0015412000000000002,0.0040114,-0.0029876,-0.0013933999999999999,0.0046797999999999996,-0.0028606,0.0016880000000000003,0.0012432000000000001,0.00069300000000000026,0.0010249999999999999,0.0011961999999999999,-0.00078619999999999992,-0.0020638000000000002,-0.0047590000000000002,0.00027600000000000015,0.0026383999999999999,-0.0035027999999999995,-0.00037159999999999993,-0.00070720000000000006,-0.0001073999999999999,9.5399999999999825e-05,0.0010086000000000003,-0.0006466,0.002235,0.0018899999999999998,0.00050120000000000047,0.0015345999999999999,-0.0036914000000000001,-7.7199999999999817e-05,-0.00081859999999999984,0.0054407999999999991,0.0045723999999999999,0.0023898000000000001,-0.0042734000000000001,0.0071178000000000005,0.0036573999999999999,-0.0094203999999999989,0.00058939999999999991,-0.0083338000000000006,-0.00023080000000000019,0.0028339999999999997,-2.7400000000000015e-05,-0.00032459999999999992,0.0010058000000000001,-0.0008523999999999999,-0.0016714000000000004,-0.00062960000000000002,4.4399999999999995e-05,-0.00060959999999999996,0.0012274,7.2000000000000124e-06,0.00027260000000000007,0.0017310000000000001,-0.002647,-0.00048099999999999998,-0.00080199999999999987,-0.0010548000000000003,-0.00019859999999999989,0.0023272000000000002,-0.00041679999999999994,-0.001325,-0.0027486000000000003,0.00027359999999999987,-0.00090659999999999992,-0.0025274000000000004,0.0027084000000000001,-0.0015346000000000001,0.0016642,0.0011882000000000002,-0.00029500000000000001,-0.0038476000000000001,0.00037619999999999998,0.0012936,-0.0014791999999999997,-0.0015256,0.00016440000000000009,0.0012734000000000001,-0.00047400000000000003,0.00059060000000000004,-0.0011982,-0.0030800000000000003,-0.00075600000000000005,0.0035218000000000011,0.0012790000000000002,0.0010411999999999999,0.0028113999999999999,0.00133,-0.0038341999999999994,-0.0021446000000000004,-0.0026184000000000003,-0.0017512000000000001,0.0012304000000000004,0.0021786000000000002,0.0018665999999999999,3.3800000000000063e-05,-0.00015419999999999995,0.00071800000000000021,0.0013012000000000002,-0.0012379999999999997,0.00080719999999999989,-0.00016060000000000005,0.0026430000000000004,0.0035437999999999997,-0.0021694000000000001,-0.0031533999999999998,0.0033962000000000003,-0.0012076000000000001,0.0012753999999999999,0.0013758000000000002,-0.0020651999999999997,0.0049319999999999998,-0.0031038000000000003,-0.0028190000000000003,0.00023519999999999986,-0.0012755999999999996,0.0012888000000000001
aug_between_class_right_pair0043_child08,TLE,1,1,Augmented,0,0,0,0,0,0.30040929999999999,2.0442563000000002,1.8000000000000001e-06,-8.9999999999999996e-07,9.0000000000000007e-07,0.92511010000000005,0,0.039919400000000001,-0.142958,0.016639300000000003,0.1160655,-0.1063146,0.055398500000000003,-0.012144899999999998,0.0014573999999999998,-0.0228533,-0.087525199999999997,0.3554464,-0.063238099999999992,-0.0126663,0.055715299999999995,-0.021756000000000001,-0.024984699999999999,-0.0056678000000000006,-0.042465999999999997,0.038908200000000004,0.037402200000000003,-0.042687500000000003,0.0073496999999999998,-0.079463599999999995,0.0090156999999999998,0.052535800000000001,-0.024114400000000001,0.0050141999999999999,0.00068399999999999885,-0.0504789,0.0340962,-0.058689400000000003,-0.078834699999999994,0.076390600000000003,-0.054438200000000006,0.1973473,-0.057235499999999995,0.0096644999999999995,-0.0064773000000000001,-0.011271,-0.0126316,0.0025887000000000002,0.028234000000000002,-0.0024404000000000006,-0.0084231999999999987,-0.011188399999999999,-0.028510399999999998,0.0213104,0.020721300000000002,0.0131325,0.019529600000000001,-0.023052799999999998,0.0041358000000000002,0.0105775,-0.046207899999999996,-0.0081443000000000019,0.014811300000000001,0.00029609999999999988,0.021820899999999997,-0.088276199999999999,-0.004986899999999999,-0.023518900000000002,-0.020124799999999998,0.0065205999999999997,0.0003636999999999999,0.0019333000000000002,0.017232300000000002,0.0056445999999999996,0.0030386999999999996,-0.0035627000000000002,0.0062309000000000002,0.0016605000000000005,0.00061569999999999984,0.0030409999999999999,0.0065634000000000005,-0.020279999999999999,0.0075648999999999994,0.0010670000000000002,0.0035473000000000002,-0.013298500000000001,-0.0058865999999999996,0.012027100000000001,-0.016659,-0.0058157,-0.0069195000000000003,-0.012638,0.0024127000000000003,-0.0131301,-0.0057514999999999997,0.0136901,-0.0118934,0.0034773,0.016263099999999999,-0.0056935000000000006,0.019390899999999999,-0.0063539,0.00050109999999999998,0.00091229999999999989,-0.0014160000000000002,-0.0034598999999999997,0.013218300000000001,-0.0011326999999999999,-0.00018260000000000021,0.0019819,0.0034760999999999998,-0.0011881999999999999,-0.0044657000000000004,0.0064828999999999998,0.0039004999999999995,0.0027164999999999997,0.00091339999999999998,0.013885100000000001,-0.0089072000000000005,0.0042379999999999996,-0.011279299999999999,0.0084244000000000003,-0.0042464,-0.011538699999999999,0.0087647000000000003,-0.0041618999999999996,0.0023954000000000002,-0.0105913,-0.0070038999999999995,0.0012858999999999995,0.0061522,-0.0069064,-0.0017189000000000002,-0.022786600000000004,-0.0071047000000000003,-0.0086715999999999998,-0.0130364,0.0047410000000000004,0.00077680000000000023,0.00063560000000000092,0.010137999999999999,0.0024842000000000006,-0.00011230000000000007,-0.0016848000000000002,0.00082899999999999988,0.0045819000000000007,-0.0011897999999999998,0.00051920000000000004,-0.00022160000000000018,-0.0014188,-3.7499999999999773e-05,-1.81999999999999e-05,0.0010162999999999999,0.0049104999999999999,0.0027423,-0.0014494,-0.0013133000000000001,-0.0056078000000000005,-0.00075609999999999968,-0.0087615000000000002,0.0010275000000000006,0.0053411999999999999,0.0031736999999999998,0.0039223999999999995,-0.0059533000000000008,-0.0075990999999999993,-0.0091140000000000006,-0.003614,-0.0020496999999999989,0.0104133,-0.0011840000000000002,0.00069369999999999935,-0.0037832999999999999,-0.011597400000000001,0.0044589,0.0026376000000000004,0.0017961000000000001,0.00087680000000000017,0.0086186000000000006,-0.010053100000000002,-0.0081889000000000007,-0.0107394,-0.0031846999999999999,4.0900000000000181e-05,-0.010308900000000001,0.0077964999999999996,-0.0005089999999999999,-0.0030163999999999998,-0.00039749999999999985,-0.0012918999999999999,-0.00038179999999999985,0.00064299999999999991,0.00096140000000000006,-0.0013554000000000001,-0.0020287999999999999,-0.00045320000000000017,0.0013779,0.0020965000000000003,-0.0020112999999999997,-0.00077859999999999995,0.00091949999999999996,-0.0020110000000000002,-0.0010108000000000001,-4.4999999999999976e-05,-0.0030967000000000004,0.00059410000000000018,0.0019770999999999999,0.0018041000000000001,0.0014073000000000002,-0.0013184,0.0065092999999999991,0.0032884999999999998,-0.0043822999999999996,0.0012593999999999999,0.0076583999999999992,-0.0029761000000000002,0.0020134000000000003,-0.00076740000000000011,-0.00018500000000000005,-0.00063919999999999992,-0.0022924,0.00093139999999999976,-0.0038614999999999995,-0.0098791999999999994,0.0060761999999999995,0.0032086000000000003,-0.0069324999999999994,0.00098969999999999982,-0.0037588999999999999,-0.00040749999999999988,0.0025062000000000001,-0.013233000000000002,0.0012105999999999996,-0.0103161,0.0045932000000000004,-0.0085196999999999998,-0.0076549000000000001,-0.0066046000000000004,0.00036099999999999999,-7.3699999999999894e-05,-0.0014513,0.00045689999999999988,-0.0025837,-0.0037943,-0.0009145999999999999,-0.0004214,-0.0024355000000000002,-0.0033842999999999998,0.00024949999999999999,0.0059578000000000009,0.00041399999999999998,0.0018189999999999999,-0.0044614000000000008,-0.0016351,0.00077919999999999997,9.7700000000000044e-05,-0.0024156999999999998,0.00099279999999999985,0.0012631000000000001,0.0041733999999999999,0.0036307000000000002,-0.0078600000000000007,0.0021697999999999999,0.00023610000000000016,-0.00036119999999999946,-0.0028296000000000003,0.0025523,0.0013468,0.0044659999999999995,0.00050790000000000015,0.00039320000000000002,-0.00081389999999999978,-0.0033360000000000009,0.0076911000000000002,-0.0028688999999999997,-0.00020650000000000006,-0.0049744000000000003,0.00087000000000000011,-0.0016434999999999998,-0.00058499999999999991,-0.0036978999999999996,0.0042958000000000007,-0.0032163000000000001,0.0036726999999999992,-0.0031689000000000001,-0.0030702999999999998,-0.0036545999999999996,0.00067729999999999982,-0.0015166999999999997,0.0011339000000000002,0.0104192,-0.0038307000000000003,0.0030636999999999999,-0.012374100000000001,0.0012629000000000002,-0.00071070000000000009,-0.00071829999999999995,0.0016390999999999999,0.0011405,0.00066859999999999988,-0.00085749999999999997,0.0024053999999999998,-0.00013410000000000006,0.00050309999999999981,0.0023236000000000003,4.6699999999999997e-05,-0.00040240000000000002,0.00083529999999999997,-0.0019868999999999998,0.00096490000000000009,-0.0027377000000000005,0.0011356000000000001,0.0018372,-0.00091799999999999998,0.0013894000000000001,-0.0017160999999999999,0.00042180000000000012,-0.0026251999999999998,-0.0049530000000000008,-0.0022859,0.0023164000000000001,0.0019055999999999999,0.0024835999999999999,-1.0300000000000088e-05,8.6000000000003175e-06,-0.0035807,-0.0027835000000000004,0.00095860000000000042,-0.00036819999999999995,0.0031104999999999995,0.0033253000000000002,0.0054740999999999991,0.0014298,-0.0014962,-0.0048700000000000002,0.0032407,-0.00063480000000000014,0.0027846999999999998,-0.00012749999999999995,0.0016164,-0.0019264,0.0028574999999999998,-0.0017666000000000001,-0.0011372000000000001,-0.0022873999999999998,0.0016128,0.0040932,-0.0068338000000000001,0.0018457999999999997,-0.0040198000000000005,0.00035110000000000013,-0.0013675000000000002,0.0017857999999999999,0.0044772000000000006,-0.0046581000000000001,0.0011756000000000002,0.0028909000000000001,-0.0073585999999999999,-0.00073360000000000005,0.00053899999999999998,-0.00014100000000000007,0.0022315,0.00057890000000000003,-0.0032547000000000001,-0.00013520000000000003,0.00056809999999999999,0.0007781000000000001,0.0015911000000000005,-0.0012181000000000004,0.0014053,0.00073839999999999995,0.00035030000000000006,0.0018341999999999998,-0.0025469999999999998,-0.0016164,-0.0023078999999999999,0.0011588,-0.00012759999999999996,-0.0026828000000000008,0.0015454000000000002,-0.0017486000000000003,-8.0600000000000116e-05,0.0011032000000000001,-0.00071260000000000008,0.00096170000000000012,0.0016191000000000001,-0.0016601000000000001,0.0041332000000000001,-0.0032697999999999998,-0.0014001999999999999,0.0050414000000000006,-0.0031007999999999999,0.0019790000000000003,0.0012026000000000003,0.00077350000000000021,0.0010310000000000002,0.00091109999999999997,-0.00071759999999999999,-0.0020289000000000001,-0.0047290000000000006,0.00037999999999999997,0.0025712,-0.0038084,-0.00046480000000000002,-0.00086410000000000002,0.00016680000000000004,-6.3799999999999924e-05,0.0013123000000000004,-0.0006713,0.002356,0.0017130000000000001,0.00075560000000000059,0.0014427999999999999,-0.0036286999999999995,0.00047589999999999991,-0.00033579999999999992,0.0053308999999999995,0.0048316999999999995,0.0028529000000000002,-0.0046492000000000009,0.0076633999999999999,0.0033347000000000003,-0.0099586999999999992,0.00020519999999999978,-0.0089148999999999982,-0.00026090000000000011,0.0030699999999999998,-0.00013220000000000001,-0.00034979999999999988,0.00099139999999999992,-0.00075019999999999991,-0.0019377000000000003,-0.00065079999999999999,4.670000000000001e-05,-0.0005177999999999999,0.0012991999999999999,0.00018059999999999994,0.00036830000000000017,0.0017625000000000002,-0.0027705,-0.00062200000000000005,-0.00074399999999999998,-0.0012869000000000003,2.7000000000000114e-06,0.0026240999999999999,-0.00037289999999999996,-0.0014954999999999999,-0.0029548,0.00014679999999999994,-0.00080329999999999996,-0.0025322000000000001,0.0029197000000000003,-0.0014668000000000001,0.0019426000000000001,0.0013181,-0.0004595,-0.0039472999999999999,0.00034710000000000003,0.0014008000000000002,-0.0014601,-0.0016883000000000002,-1.6299999999999908e-05,0.0011657,-0.00053549999999999995,0.00060930000000000001,-0.0013126000000000001,-0.0032375000000000004,-0.00086600000000000012,0.0037933999999999997,0.0016224999999999998,0.00099609999999999998,0.0028526999999999997,0.0013254999999999999,-0.0038620999999999994,-0.0023633,-0.0028452,-0.0018526,0.0014197000000000003,0.0018637999999999999,0.0022442999999999999,-1.2599999999999981e-05,-0.0001385999999999999,0.00072949999999999979,0.0014686,-0.000861,0.00074910000000000005,-0.00019630000000000003,0.0028529999999999996,0.0035864,-0.0023222,-0.0027912000000000002,0.0035656000000000004,-0.0012382999999999999,0.0013542000000000003,0.0016304000000000002,-0.0022841000000000003,0.0049314999999999993,-0.0035404,-0.0031795,8.3599999999999972e-05,-7.7799999999999831e-05,0.0013994000000000001
aug_between_class_right_pair0044_child01,Healthy,0,0,Augmented,0,0,0,0,0,0.25693529999999998,1.946188,8.9999999999999996e-07,-9.9999999999999995e-07,9.0000000000000007e-07,0.85700739999999997,0,0.048165699999999999,-0.1295702,0.028148199999999998,0.1039293,-0.075982800000000003,0.047195000000000001,0.0106198,-0.0021899999999999992,-0.0134501,-0.1148093,0.31143760000000004,-0.059190099999999995,-0.034017699999999998,0.0931945,-0.032304300000000001,-0.024115400000000002,0.00072280000000000131,-0.051397699999999998,0.025051700000000003,0.0470222,-0.031087,0.018600600000000002,-0.078177099999999999,0.021617999999999998,0.058355699999999996,-0.0047990999999999971,0.0115496,0.019170899999999998,-0.056176200000000003,0.037400900000000001,-0.030415499999999998,-0.096156900000000017,0.12567349999999999,-0.064019500000000007,0.15298670000000003,-0.028874100000000003,0.0084005999999999994,-0.010061800000000001,-0.0038609999999999998,-0.0092525999999999997,-0.0016756000000000002,0.017699599999999999,-0.0051396000000000002,-0.0061998999999999995,-0.024310400000000003,-0.019167900000000002,0.015559400000000001,0.035702499999999998,0.024579800000000002,0.0088362000000000007,0.0022170000000000002,-0.0030070000000000001,0.017761599999999999,-0.021488400000000001,-0.0014487000000000011,0.0040450999999999994,-0.0040080000000000003,0.064856500000000011,-0.07469809999999999,-0.018926699999999998,-0.0223696,-0.047508599999999998,0.0142246,0.0010558,-0.0031611999999999999,0.019058700000000001,0.0082267999999999994,-0.0009875999999999995,-0.0025847999999999991,0.00085539999999999922,0.011429100000000001,0.00054929999999999953,0.0035742,0.00090379999999999974,-0.026590500000000003,0.0013847,0.0068453000000000003,-0.00048670000000000137,-0.0018348999999999996,-0.0057209000000000001,0.021465599999999998,-0.010586999999999999,-0.0083248000000000003,-0.0041783999999999996,-0.0019681999999999994,-0.0017194000000000011,-0.0040760000000000006,-0.011273699999999999,0.0087161000000000009,-0.014060599999999999,0.0058633999999999995,0.0048868000000000002,0.0045601999999999995,0.0096162999999999978,-0.0080619000000000003,0.0064425000000000003,-0.0015267000000000002,-0.0027539999999999999,-0.0072230999999999997,0.0040644000000000001,-0.0035138999999999999,-0.0096227000000000014,-0.0014394,0.0083630999999999983,-0.0032261,-0.0057421999999999994,0.010262599999999998,0.010163799999999999,0.0080559000000000013,0.0064439000000000007,0.0153764,-0.0042789999999999998,0.00011360000000000016,-0.0098597000000000008,0.012525999999999999,0.00057440000000000008,-0.0082334000000000001,0.0112998,-0.010711100000000001,-0.00080599999999999986,-0.0092382000000000002,-0.00037509999999999974,0.0038571,0.0081887000000000001,-0.0096065999999999999,0.0076747000000000004,-0.022589499999999998,-0.0010679999999999999,-0.0174325,-0.0058047999999999997,0.006416100000000001,-0.0072980000000000007,-0.0083215000000000008,-0.0068196000000000003,-0.011156100000000002,-0.00021009999999999985,0.00075759999999999998,0.0035266999999999998,0.0017013,0.0034376999999999993,-0.0077456000000000001,-0.0012909999999999994,-0.007828400000000001,-0.0016019999999999993,-0.0017231999999999998,0.0044714000000000004,0.0028389999999999999,0.00033070000000000002,-0.00082530000000000017,-0.0041603999999999999,-0.0069020000000000001,-0.0027918999999999999,-0.007931800000000001,0.0010728000000000001,0.010905500000000002,0.0034984999999999999,-0.0029139000000000001,-0.0023602000000000002,-0.0064674999999999993,-0.0054708999999999999,-0.00032220000000000013,-0.0019838999999999994,0.0051858000000000008,0.00061119999999999968,-0.0044782999999999993,0.0033975000000000003,-0.0084312999999999992,0.0022218999999999997,0.013131500000000001,0.0033194000000000001,0.0021592,0.012893399999999999,-0.0057894000000000001,-0.005274,-0.015203899999999999,-0.0013437000000000002,0.0037810999999999999,-0.012372200000000002,0.0144297,-0.0062182999999999995,-0.00073300000000000004,-0.0014173000000000005,-0.0045380999999999998,-0.0019247999999999999,0.0022319999999999996,0.0057924999999999999,0.0019572999999999995,-0.0048635000000000006,0.0027277000000000004,0.0029799000000000002,-0.0029463000000000002,0.0011617000000000001,0.0046753000000000003,-0.0048916999999999997,-0.0021292999999999998,0.0017895000000000001,0.0016691000000000002,0.0015899,-0.0024304999999999999,0.00028320000000000016,-0.00060999999999999987,-0.0059542999999999992,-0.0036659000000000001,0.0062786999999999999,0.00025670000000000033,2.0100000000000109e-05,-0.0011504,-0.00057759999999999929,0.00026809999999999996,0.0014108,-0.00022710000000000004,-0.00090799999999999995,-0.00031289999999999985,0.0011738,0.0057923999999999996,-0.0102369,0.0017039999999999998,0.0040908999999999997,-0.0028305000000000001,-0.0066134000000000002,0.0114574,0.0032613000000000004,0.0057706999999999993,0.00040279999999999982,-0.0033833000000000005,0.0163489,-0.0122036,0.0032303000000000002,-0.0061398999999999994,-0.0126751,-0.0043686000000000003,0.00097770000000000018,-0.0012857999999999999,0.00051900000000000004,-0.00092599999999999996,-0.0033473000000000001,-0.0072358999999999991,-0.0033010000000000001,0.00081379999999999994,-7.899999999999921e-06,-0.0015487000000000001,-0.0024811,0.0016121,0.0010037000000000002,0.00030269999999999999,-0.0041703999999999995,0.0010530000000000001,-0.0039000000000000003,0.0061022000000000003,-0.0021911999999999999,-0.0018890000000000001,0.0036790999999999994,0.0021748000000000002,0.0034109000000000001,-0.0029715999999999996,0.0051023000000000006,-0.00073780000000000004,-0.0035983,0.0025035000000000001,0.0048728999999999995,-0.0025238999999999999,0.0077658999999999992,-0.0036129999999999999,-0.0010347000000000004,-0.0028617,-0.0035924999999999998,0.0064599000000000002,-0.0030508999999999996,-0.0021218999999999999,0.0064387999999999997,-0.0044814999999999994,-0.0075619000000000016,0.00032799999999999995,-0.0031549,0.0060796000000000001,-0.0054247999999999996,-0.0011938000000000003,0.0018674000000000013,-0.0016321,-0.0022177,0.0027680999999999999,-0.0124247,0.0052596000000000006,0.014606900000000001,-0.00047980000000000006,0.0072099,-0.011757699999999999,0.0034434999999999999,-0.0014275999999999998,0.0023223000000000002,0.0017043000000000002,-7.060000000000009e-05,-0.00013200000000000001,-0.00011020000000000002,-8.0299999999999946e-05,0.0020282999999999998,0.0018818000000000003,0.00075850000000000006,0.0014522999999999999,-0.00041589999999999997,-0.00024700000000000004,0.0029781,0.00017959999999999997,0.0015526000000000001,-0.00080519999999999995,0.0033926,-0.0019678999999999999,0.0013790000000000002,-0.0056741999999999999,0.0022843999999999998,-0.0044037999999999994,-0.00047360000000000002,-0.0042658000000000001,0.0019480000000000001,0.00041989999999999985,-0.0013079999999999999,1.4200000000000047e-05,-0.0029015999999999998,0.00023610000000000016,-0.00056149999999999993,0.0019679999999999997,7.1999999999999799e-05,-0.00050809999999999994,-0.002225,0.0024993999999999997,-0.0008562000000000001,-0.0024254000000000003,0.0018305000000000003,-0.00064840000000000036,0.0015474999999999998,0.0018260000000000001,-0.0019941000000000004,0.0013596999999999999,-0.00092010000000000052,-0.00044470000000000002,0.0053839999999999999,-0.0023241000000000004,-0.00069459999999999986,0.001645,0.0028576000000000001,-0.0014624,0.0011311999999999997,-0.0045836000000000002,-0.0051204000000000006,-0.0023820999999999998,-0.0073224999999999991,0.0054275999999999994,0.0013221000000000003,0.0005681000000000002,0.015005200000000003,-0.0020838999999999996,-0.0010153,0.0012388,0.00093149999999999993,-0.00079979999999999993,0.0010254000000000001,-7.1999999999999582e-06,0.002075,-0.0019988000000000002,-0.0020814000000000002,1.2099999999999989e-05,-0.00036660000000000007,0.00090149999999999996,0.0001528,0.00084209999999999992,3.2600000000000033e-05,-0.0044451999999999998,0.00031700000000000001,0.0011382000000000002,0.0012721,0.0013150000000000002,0.0014548,0.00070410000000000004,0.00067520000000000004,-0.00093409999999999999,-0.0013493999999999999,0.0011167000000000002,-0.00085240000000000012,0.0014331000000000001,-0.00030799999999999995,0.0030963000000000002,-0.0024962000000000005,0.00013759999999999998,-0.00091130000000000009,-0.00084329999999999995,-0.00047490000000000021,0.00044110000000000004,-0.0010070000000000001,0.0027807999999999999,0.0043957000000000006,0.00073440000000000007,-0.0023023000000000002,-0.0036740999999999996,0.00077160000000000011,-0.00028030000000000004,-0.0050241000000000001,-0.0025901000000000006,-0.00050539999999999992,-0.00058990000000000019,-0.00093090000000000002,0.00033079999999999991,-0.0043668000000000005,0.0022612000000000001,0.0020675999999999997,0.001073,0.0011377,-0.00040150000000000006,0.00064660000000000032,0.0058057999999999998,0.00088130000000000001,-0.0016501000000000007,0.0068582000000000009,-0.0028696000000000004,0.00029649999999999989,-0.0030035000000000001,-0.0042062999999999996,0.0021809999999999998,-0.0058520000000000013,0.0063363999999999998,-0.00018350000000000007,0.00083770000000000003,-0.00043310000000000001,-0.00041829999999999998,0.0010828000000000001,-0.00081569999999999993,0.00082990000000000017,-0.0012119000000000001,5.2899999999999985e-05,0.0019663999999999997,0.00035920000000000017,-0.00051190000000000003,-0.0015024999999999999,0.00073070000000000025,-0.0043813000000000003,-0.0022104000000000004,6.8099999999999975e-05,-0.00011210000000000001,0.00080100000000000006,0.00029849999999999999,0.00021199999999999995,-0.0018960000000000001,-0.0016763000000000001,-0.00081329999999999998,0.00067209999999999991,0.00059859999999999991,-0.0022712000000000001,0.0017080000000000001,-0.00014209999999999998,-0.0014281000000000001,-0.00060069999999999991,-4.2600000000000005e-05,-0.0017417999999999999,0.00017749999999999998,-0.00049720000000000005,0.0022231,0.0017107999999999997,0.0007675999999999999,0.0019592000000000004,-0.0018755,-0.0027277,0.0025696,-0.00030380000000000001,0.0014521,0.0015790000000000001,0.0022906000000000003,0.002006,-0.0015614000000000001,-0.00043499999999999995,0.0010850999999999999,-0.0030805000000000008,-0.0004238,0.0036830000000000005,-0.0014085,-0.0017222000000000003,-0.0018421000000000002,0.0014509000000000002,0.00055130000000000001,-0.003890600000000001,0.00097590000000000014,0.0041265,-3.219999999999997e-05,0.0010598000000000001,-0.0011075,-0.0042435000000000007,-0.0005671000000000005,-0.0033886000000000003,-0.0012133000000000001,0.0012890000000000002,-0.00067179999999999996,0.0066470000000000001,-0.0030318999999999997,-4.2000000000000004e-05,0.0013462000000000001,-0.0059749999999999994,-1.7899999999999947e-05
aug_between_class_right_pair0044_child02,Healthy,0,0,Augmented,0,0,0,0,0,0.2572856,1.937929,7.9999999999999996e-07,-9.9999999999999995e-07,7.9999999999999996e-07,0.85619679999999998,0,0.048025400000000003,-0.13063440000000001,0.030657399999999998,0.1048226,-0.078032599999999994,0.048682999999999997,0.0098726000000000022,-0.0031869999999999997,-0.012406199999999999,-0.1132186,0.3154652,-0.067870199999999992,-0.0349304,0.095086000000000004,-0.033619599999999999,-0.024546800000000001,0.0012716000000000008,-0.051190399999999997,0.026411400000000002,0.0448104,-0.032500000000000001,0.016998200000000002,-0.077743199999999998,0.020815,0.0581244,-0.0058072000000000002,0.0107712,0.0168968,-0.056380399999999997,0.036849800000000002,-0.030759999999999999,-0.093647800000000003,0.124488,-0.062661999999999995,0.1531534,-0.028887200000000002,0.0091121999999999991,-0.010031600000000002,-0.0052459999999999998,-0.0084121999999999999,-0.0010392000000000001,0.021064199999999998,-0.005336200000000001,-0.0054478,-0.023308800000000005,-0.021186800000000002,0.016005800000000001,0.036665999999999997,0.024124600000000003,0.0089683999999999996,0.001524000000000001,-0.0053879999999999996,0.0186302,-0.022781800000000001,-0.001166400000000001,0.0042152000000000005,-0.0025960000000000002,0.064686000000000007,-0.075534199999999996,-0.020875399999999995,-0.023434199999999999,-0.0470502,0.013450200000000001,0.0007626,-0.0034043999999999997,0.018855400000000001,0.0087226000000000005,-0.0007672,-0.0033616000000000002,0.0012267999999999992,0.0104422,0.00014860000000000003,0.0045674000000000001,0.0010376000000000001,-0.025344999999999999,0.0017554000000000001,0.0067516,-0.00012140000000000067,-0.0022988000000000001,-0.005779799999999999,0.0209762,-0.009807999999999999,-0.0073746000000000003,-0.0051057999999999997,-0.0031603999999999998,-0.0005398000000000013,-0.0037249999999999991,-0.010848399999999999,0.0091662000000000011,-0.0129242,0.0052697999999999998,0.0039895999999999994,0.0036473999999999999,0.0091985999999999978,-0.0085928000000000011,0.0060009999999999994,-0.0014554000000000004,-0.002689,-0.0075312,0.0046787999999999995,-0.0039147999999999995,-0.008809400000000002,-0.0015698000000000001,0.0079011999999999988,-0.0032041999999999999,-0.0063433999999999999,0.010184199999999999,0.0106806,0.0077608000000000009,0.006408800000000001,0.0152268,-0.0045389999999999996,-0.00012679999999999983,-0.010154400000000001,0.012541,0.00042980000000000036,-0.0074488000000000002,0.011876600000000001,-0.010746200000000001,-0.0016100000000000003,-0.0082063999999999991,-0.0006661999999999996,0.0029541999999999997,0.0086514000000000001,-0.0082532000000000005,0.0079784000000000001,-0.022248999999999998,-0.0013950000000000004,-0.016708000000000001,-0.0062836000000000003,0.0073901999999999995,-0.0064080000000000005,-0.0064749999999999999,-0.0061142000000000002,-0.0098431999999999999,-0.00042519999999999993,0.00047219999999999993,0.0036594000000000006,0.00071059999999999993,0.0030264000000000003,-0.0079001999999999996,-0.001168,-0.0074168000000000012,-0.001438,-0.00098239999999999959,0.0045898000000000007,0.0029379999999999996,0.0004774,-0.00088759999999999989,-0.0042167999999999997,-0.0063740000000000003,-0.0023158000000000002,-0.0077126,0.00066560000000000013,0.010685,0.003493,-0.0029928000000000003,-0.0028394000000000002,-0.0061159999999999999,-0.0062687999999999997,-0.00020939999999999978,-0.0020357999999999991,0.0046645999999999996,0.00071139999999999984,-0.0039956000000000019,0.0040130000000000001,-0.0084245999999999991,0.0017557999999999999,0.012606000000000001,0.0036747999999999998,0.0026464000000000001,0.013005800000000001,-0.0059648000000000001,-0.0053670000000000011,-0.0149198,-0.0011964000000000002,0.0035202000000000002,-0.013006400000000001,0.0141914,-0.0054965999999999999,-0.00051899999999999982,-0.0011806000000000002,-0.0043151999999999999,-0.0014196,0.0022599999999999999,0.0056730000000000001,0.0020505999999999996,-0.0047580000000000001,0.0025314000000000005,0.0024818000000000002,-0.0028786000000000003,0.00071240000000000019,0.0043886000000000003,-0.0050244000000000009,-0.0020116000000000001,0.0013340000000000003,0.0013852000000000001,0.0013128,-0.0025570000000000002,0.00029540000000000013,-0.00049200000000000025,-0.0053565999999999996,-0.0038647999999999998,0.0063173999999999999,5.3999999999995892e-06,3.0199999999999975e-05,-0.0014938000000000006,2.77999999999997e-05,-0.00027780000000000008,0.0017786,-0.00059220000000000019,-0.00073700000000000013,-0.00032479999999999965,0.00054359999999999999,0.0059667999999999995,-0.0097438000000000004,0.0012989999999999998,0.0043947999999999999,-0.0022870000000000004,-0.0065177999999999998,0.011029800000000003,0.0027346000000000002,0.0056353999999999996,0.00096259999999999965,-0.0026796000000000003,0.015783800000000001,-0.012075199999999999,0.0034245999999999999,-0.0061657999999999999,-0.012643200000000002,-0.0042462000000000003,0.0012404,-0.0012715999999999999,0.00074100000000000012,-0.00095100000000000002,-0.0030286000000000002,-0.0069727999999999995,-0.0032030000000000006,0.00064560000000000008,-6.6799999999999889e-05,-0.0018844000000000001,-0.0020582,0.0013602,0.0010124000000000001,0.00032640000000000002,-0.0040087999999999999,0.00092200000000000008,-0.0036630000000000005,0.0059094000000000004,-0.0021064,-0.001552,0.0036341999999999998,0.0022166,0.0030838000000000003,-0.0029941999999999998,0.0042166,-0.00063159999999999974,-0.0037066,0.0024820000000000003,0.0043118000000000002,-0.0023938000000000006,0.0077698000000000003,-0.0034750000000000002,-0.0018424000000000001,-0.0031043999999999998,-0.0032969999999999996,0.0069318000000000001,-0.0025438000000000001,-0.0016228000000000002,0.0061936000000000005,-0.0038789999999999996,-0.0074698000000000004,-0.0003030000000000001,-0.0035117999999999998,0.0060242000000000004,-0.0045005999999999996,-0.00098060000000000009,0.0017208000000000011,-0.0016061999999999999,-0.0024153999999999998,0.0027342,-0.011999400000000002,0.0048772000000000008,0.0146258,-0.00034559999999999994,0.0078207999999999993,-0.011101399999999999,0.0031180000000000001,-0.0012891999999999999,0.0021706000000000004,0.0017726,3.8799999999999859e-05,-0.00011000000000000002,0.00019760000000000003,-4.3599999999999976e-05,0.0019986000000000001,0.0016756000000000002,0.000571,0.0015355999999999998,-0.0007228,-7.5000000000000197e-05,0.0028152000000000003,0.00030019999999999998,0.0012852,-0.00062839999999999999,0.0032661999999999999,-0.0015158000000000001,0.0012830000000000001,-0.0053004000000000011,0.0021717999999999998,-0.0042205999999999997,-0.0001161999999999999,-0.0040236000000000004,0.0021090000000000002,0.00023779999999999982,-0.0010019999999999999,0.00031540000000000002,-0.0027862,-3.0799999999999881e-05,-0.00072400000000000003,0.00166,0.00011099999999999999,-0.00042319999999999999,-0.0025920000000000006,0.0025428000000000004,-0.00092440000000000013,-0.0025308000000000002,0.0016520000000000005,-0.00051480000000000015,0.0016169999999999999,0.0017780000000000001,-0.0019022000000000002,0.0014094000000000001,-0.00086320000000000017,-0.00081240000000000001,0.0047860000000000012,-0.0019032000000000005,-0.00044919999999999986,0.0015300000000000001,0.0027101999999999998,-0.0015328,0.0008384,-0.0046201999999999997,-0.0047527999999999997,-0.0023312000000000003,-0.0068830000000000002,0.0058031999999999997,0.0010942000000000003,0.0010062000000000001,0.014516400000000002,-0.0018717999999999999,-0.00076559999999999996,0.0010196000000000001,0.00091799999999999998,-0.00078759999999999995,0.0010467999999999996,-0.0001943999999999999,0.0016100000000000003,-0.0018136000000000003,-0.0019208000000000005,3.3200000000000001e-05,-0.00017820000000000005,0.00090400000000000007,0.00018760000000000001,0.0010652000000000001,-5.9800000000000044e-05,-0.0042074,6.2999999999999905e-05,0.0011264000000000001,0.0016252,0.0011560000000000001,0.0014065999999999998,0.00064919999999999995,0.0005484000000000001,-0.0011681999999999999,-0.0015227999999999999,0.00073940000000000019,-0.00078880000000000009,0.0013891999999999999,-7.599999999999995e-05,0.0032146000000000002,-0.0023214000000000004,5.7199999999999927e-05,-0.00081060000000000008,-0.00090359999999999995,-0.00026380000000000012,0.00076920000000000005,-0.00085200000000000033,0.0025116000000000006,0.004175400000000001,0.00066780000000000008,-0.0022546000000000003,-0.0038212000000000003,0.00044220000000000007,-0.00015360000000000005,-0.0048812000000000005,-0.0026432000000000001,-0.00037779999999999997,-0.00058379999999999999,-0.00096980000000000005,-0.00017440000000000028,-0.0043525999999999999,0.0023234000000000002,0.0018331999999999997,0.0011070000000000001,0.0011413999999999999,-0.00054000000000000001,0.00078820000000000008,0.0051356000000000006,0.00094059999999999999,-0.0013162000000000004,0.0067404000000000006,-0.0026992000000000006,0.0005889999999999999,-0.003032,-0.0038395999999999999,0.0020889999999999997,-0.0058280000000000016,0.0061577999999999997,-0.00027799999999999993,0.00076440000000000004,-0.00038320000000000004,-0.00027059999999999996,0.0010315999999999999,-0.00095340000000000008,0.00075980000000000015,-0.00090079999999999999,-1.1200000000000001e-05,0.0016788,0.0003434,-0.00054680000000000006,-0.0016199999999999999,0.0006374000000000001,-0.0041796000000000003,-0.0020738000000000002,0.00011319999999999999,-0.00023620000000000005,0.00085300000000000003,3.6000000000000116e-05,0.00047999999999999996,-0.0016610000000000001,-0.0016796000000000001,-0.00074260000000000005,0.00085319999999999992,0.00028420000000000002,-0.0022474000000000001,0.001696,-0.00025819999999999999,-0.0015311999999999999,-0.00083239999999999996,-0.0001132,-0.0016756000000000002,9.8000000000000051e-05,-0.00040539999999999999,0.0022582000000000001,0.0014126000000000002,0.00095220000000000005,0.0016774000000000003,-0.0018130000000000002,-0.0026994000000000002,0.0024062000000000003,-4.4599999999999946e-05,0.0012262,0.0015390000000000002,0.0022112,0.0021080000000000001,-0.0017668,-0.00033999999999999997,0.0005891999999999999,-0.0028270000000000005,-0.0004996,0.0036630000000000005,-0.0013979999999999999,-0.0015984000000000005,-0.0018322,0.0013178,0.00022660000000000009,-0.0038752000000000005,0.0010637999999999999,0.0037900000000000008,-0.00021640000000000003,0.00083059999999999981,-0.00095,-0.0040470000000000002,-0.00038619999999999974,-0.0034172,-0.00080959999999999995,0.00095000000000000011,-0.00065459999999999997,0.0065059999999999996,-0.0030157999999999999,-2.8000000000000003e-05,0.0014963999999999999,-0.0055859999999999998,-0.00012679999999999994
aug_between_class_right_pair0044_child03,Healthy,0,0,Augmented,0,0,0,0,0,0.25763590000000003,1.92967,6.9999999999999997e-07,-9.9999999999999995e-07,6.9999999999999986e-07,0.85538619999999999,4.1359030627651384e-25,0.0478851,-0.1316986,0.033166599999999997,0.1057159,-0.080082399999999998,0.050171,0.0091254000000000005,-0.0041839999999999994,-0.011362300000000001,-0.1116279,0.31949280000000002,-0.076550300000000002,-0.035843100000000003,0.096977499999999994,-0.034934899999999998,-0.024978199999999999,0.0018204000000000002,-0.050983099999999996,0.0277711,0.0425986,-0.033912999999999999,0.015395800000000001,-0.077309299999999997,0.020011999999999999,0.057893100000000003,-0.0068153000000000016,0.0099927999999999996,0.014622699999999999,-0.056584599999999999,0.036298699999999996,-0.0311045,-0.091138700000000003,0.1233025,-0.061304499999999998,0.15332010000000001,-0.028900300000000004,0.0098238000000000006,-0.010001400000000001,-0.0066310000000000006,-0.0075718000000000001,-0.00040279999999999982,0.024428800000000001,-0.0055328,-0.0046957000000000006,-0.022307199999999999,-0.023205700000000003,0.0164522,0.037629499999999996,0.0236694,0.0091006000000000004,0.00083100000000000014,-0.0077689999999999999,0.0194988,-0.024075199999999998,-0.00088410000000000008,0.0043853,-0.0011840000000000006,0.064515500000000003,-0.076370300000000002,-0.022824099999999996,-0.024498800000000001,-0.046591799999999996,0.012675799999999999,0.00046940000000000013,-0.0036475999999999995,0.018652100000000001,0.0092183999999999999,-0.00054679999999999963,-0.0041384000000000004,0.0015982000000000001,0.0094552999999999998,-0.00025210000000000033,0.0055605999999999997,0.0011714000000000004,-0.024099499999999999,0.0021260999999999997,0.0066579000000000004,0.00024389999999999915,-0.0027627000000000007,-0.0058387000000000005,0.020486799999999999,-0.0090290000000000006,-0.0064244000000000002,-0.0060331999999999998,-0.0043525999999999999,0.00063979999999999983,-0.0033740000000000011,-0.010423099999999999,0.0096163000000000012,-0.011787800000000001,0.0046762000000000001,0.0030924000000000004,0.0027345999999999998,0.0087809000000000012,-0.0091237000000000002,0.0055594999999999993,-0.0013840999999999997,-0.002624,-0.0078393000000000004,0.0052931999999999996,-0.0043156999999999996,-0.0079961000000000008,-0.0017001999999999998,0.0074392999999999994,-0.0031822999999999999,-0.0069445999999999996,0.010105799999999998,0.0111974,0.0074657000000000005,0.0063736999999999995,0.015077199999999999,-0.0047989999999999994,-0.00036719999999999938,-0.010449099999999999,0.012555999999999999,0.00028519999999999999,-0.0066642000000000003,0.0124534,-0.010781300000000001,-0.0024140000000000003,-0.0071745999999999997,-0.00095729999999999969,0.0020513000000000007,0.0091141,-0.0068997999999999993,0.0082820999999999988,-0.021908499999999997,-0.0017220000000000004,-0.015983499999999998,-0.0067624,0.0083642999999999999,-0.0055179999999999995,-0.0046284999999999998,-0.0054088000000000001,-0.0085302999999999993,-0.0006402999999999999,0.00018680000000000004,0.0037920999999999996,-0.00028010000000000025,0.0026150999999999995,-0.0080547999999999991,-0.0010449999999999997,-0.0070051999999999996,-0.0012739999999999995,-0.00024159999999999958,0.0047082000000000001,0.0030369999999999998,0.00062410000000000005,-0.00094990000000000027,-0.0042731999999999996,-0.0058459999999999996,-0.0018397000000000001,-0.0074933999999999999,0.00025840000000000021,0.010464500000000002,0.0034875000000000001,-0.0030716999999999997,-0.0033186000000000001,-0.0057645000000000005,-0.0070667000000000004,-9.6600000000000505e-05,-0.0020877000000000005,0.0041434000000000002,0.00081159999999999978,-0.0035128999999999994,0.0046285000000000007,-0.008417899999999999,0.0012896999999999997,0.012080500000000001,0.0040301999999999994,0.0031336000000000003,0.0131182,-0.0061402000000000002,-0.0054599999999999996,-0.0146357,-0.0010490999999999999,0.0032592999999999997,-0.013640599999999999,0.0139531,-0.0047748999999999995,-0.00030499999999999993,-0.0009438999999999999,-0.0040923000000000001,-0.00091439999999999989,0.0022880000000000001,0.0055534999999999994,0.0021438999999999998,-0.0046525000000000004,0.0023351000000000001,0.0019837000000000001,-0.0028108999999999999,0.00026310000000000011,0.0041018999999999995,-0.0051571000000000004,-0.0018939,0.00087850000000000005,0.0011013000000000002,0.0010357000000000001,-0.0026835000000000001,0.00030759999999999989,-0.00037399999999999998,-0.0047588999999999999,-0.0040637,0.0063560999999999999,-0.00024589999999999985,4.0299999999999841e-05,-0.0018372,0.00063320000000000043,-0.00082369999999999991,0.0021464000000000001,-0.0009572999999999999,-0.00056599999999999999,-0.00033670000000000011,-8.6600000000000153e-05,0.0061411999999999994,-0.0092506999999999989,0.00089399999999999983,0.0046987000000000001,-0.001743499999999999,-0.0064221999999999994,0.010602199999999999,0.0022079000000000001,0.0055000999999999991,0.0015223999999999997,-0.0019759000000000005,0.015218699999999998,-0.0119468,0.0036189,-0.0061916999999999996,-0.012611299999999997,-0.0041238000000000004,0.0015030999999999998,-0.0012573999999999999,0.00096299999999999999,-0.00097599999999999998,-0.0027099000000000003,-0.006709699999999999,-0.0031050000000000001,0.00047739999999999995,-0.00012570000000000007,-0.0022201,-0.0016352999999999999,0.0011083,0.0010211,0.0003501,-0.0038471999999999994,0.00079100000000000004,-0.0034259999999999998,0.0057166000000000005,-0.0020215999999999997,-0.0012149999999999999,0.0035893000000000001,0.0022583999999999998,0.0027566999999999999,-0.0030167999999999996,0.0033309000000000004,-0.00052539999999999987,-0.0038149,0.0024605,0.0037506999999999996,-0.0022637000000000004,0.0077736999999999997,-0.0033369999999999997,-0.0026501000000000007,-0.0033470999999999996,-0.0030014999999999998,0.0074036999999999992,-0.0020366999999999998,-0.0011236999999999998,0.0059483999999999995,-0.003276499999999999,-0.0073777000000000009,-0.00093400000000000015,-0.0038687000000000001,0.0059687999999999998,-0.0035763999999999995,-0.0007673999999999999,0.0015742000000000009,-0.0015802999999999998,-0.0026131000000000001,0.0027002999999999997,-0.0115741,0.0044948000000000002,0.0146447,-0.00021139999999999972,0.0084317000000000003,-0.010445100000000001,0.0027925000000000003,-0.0011508,0.0020189000000000001,0.0018408999999999999,0.00014820000000000002,-8.7999999999999916e-05,0.00050539999999999982,-6.9000000000000051e-06,0.0019689,0.0014693999999999996,0.00038350000000000005,0.0016188999999999999,-0.0010296999999999999,9.7000000000000081e-05,0.0026522999999999998,0.00042079999999999998,0.0010178000000000001,-0.00045159999999999997,0.0031397999999999999,-0.0010637000000000001,0.0011869999999999999,-0.0049266000000000006,0.0020591999999999997,-0.0040374,0.00024120000000000001,-0.0037813999999999999,0.0022699999999999999,5.569999999999989e-05,-0.0006959999999999999,0.00061660000000000003,-0.0026708000000000001,-0.00029770000000000003,-0.00088650000000000014,0.0013519999999999995,0.00014999999999999996,-0.00033829999999999998,-0.0029589999999999998,0.0025861999999999994,-0.0009925999999999993,-0.0026362,0.0014734999999999998,-0.00038119999999999994,0.0016865000000000001,0.0017299999999999998,-0.0018102999999999999,0.0014591000000000003,-0.00080629999999999981,-0.0011801000000000001,0.0041879999999999999,-0.0014823000000000002,-0.00020379999999999964,0.001415,0.0025627999999999996,-0.0016031999999999999,0.00054560000000000025,-0.0046567999999999991,-0.0043851999999999997,-0.0022802999999999999,-0.0064434999999999996,0.0061787999999999999,0.00086629999999999975,0.0014443000000000001,0.014027600000000001,-0.0016596999999999998,-0.00051589999999999991,0.00080039999999999994,0.00090449999999999992,-0.00077539999999999998,0.0010681999999999996,-0.00038159999999999984,0.0011450000000000002,-0.0016284000000000001,-0.0017602,5.4299999999999992e-05,1.0200000000000031e-05,0.00090649999999999997,0.00022239999999999998,0.0012883,-0.0001521999999999999,-0.0039696000000000002,-0.00019100000000000006,0.0011145999999999999,0.0019782999999999997,0.00099700000000000006,0.0013583999999999998,0.00059430000000000008,0.00042159999999999995,-0.0014023,-0.0016961999999999999,0.00036209999999999991,-0.00072519999999999995,0.0013453,0.000156,0.0033328999999999998,-0.0021466000000000002,-2.3200000000000076e-05,-0.00070989999999999985,-0.00096389999999999985,-5.2700000000000088e-05,0.0010972999999999998,-0.0006969999999999997,0.0022424000000000003,0.0039551000000000005,0.00060119999999999987,-0.0022068999999999999,-0.0039682999999999993,0.00011279999999999976,-2.6899999999999949e-05,-0.0047382999999999991,-0.0026963,-0.00025020000000000001,-0.0005777,-0.0010087,-0.00067960000000000004,-0.0043384000000000001,0.0023855999999999999,0.0015988,0.0011409999999999999,0.0011450999999999998,-0.00067849999999999996,0.00092980000000000005,0.0044654000000000004,0.00099990000000000018,-0.00098230000000000019,0.0066225999999999993,-0.0025288000000000003,0.00088150000000000012,-0.0030604999999999999,-0.0034729000000000001,0.0019970000000000001,-0.0058040000000000001,0.0059792000000000005,-0.0003725,0.00069109999999999994,-0.00033329999999999997,-0.00012290000000000001,0.00098039999999999998,-0.0010910999999999998,0.00068969999999999991,-0.00058969999999999986,-7.5300000000000041e-05,0.0013911999999999998,0.00032760000000000005,-0.00058169999999999999,-0.0017375000000000003,0.00054409999999999994,-0.0039778999999999995,-0.0019372000000000005,0.0001583,-0.00036030000000000003,0.00090499999999999999,-0.00022650000000000003,0.00074799999999999997,-0.0014259999999999998,-0.0016829,-0.00067190000000000001,0.0010342999999999997,-3.0200000000000084e-05,-0.0022236000000000001,0.001684,-0.00037429999999999994,-0.0016343,-0.0010640999999999999,-0.00018380000000000002,-0.0016093999999999998,1.8500000000000016e-05,-0.00031359999999999992,0.0022932999999999999,0.0011144,0.0011367999999999999,0.0013955999999999999,-0.0017505000000000001,-0.0026711,0.0022428000000000001,0.00021459999999999996,0.0010003,0.0014989999999999999,0.0021317999999999997,0.0022100000000000002,-0.0019721999999999999,-0.00024499999999999999,9.3299999999999815e-05,-0.0025735000000000003,-0.0005754,0.0036430000000000004,-0.0013874999999999998,-0.0014746000000000002,-0.0018222999999999998,0.0011846999999999999,-9.8099999999999837e-05,-0.0038598,0.0011516999999999996,0.0034535,-0.00040060000000000009,0.0006014000000000002,-0.00079250000000000013,-0.0038504999999999998,-0.00020529999999999984,-0.0034457999999999997,-0.00040589999999999984,0.000611,-0.00063739999999999977,0.0063649999999999991,-0.0029997000000000001,-1.3999999999999988e-05,0.0016466,-0.0051970000000000002,-0.00023570000000000004
aug_between_class_right_pair0044_child04,Healthy,0,0,Augmented,0,0,0,0,0,0.2579862,1.921411,5.9999999999999997e-07,-9.9999999999999995e-07,5.9999999999999997e-07,0.85457559999999999,0,0.047744800000000004,-0.13276280000000001,0.035675800000000001,0.1066092,-0.082132200000000002,0.051658999999999997,0.0083781999999999988,-0.0051809999999999998,-0.0103184,-0.1100372,0.32352039999999999,-0.085230399999999998,-0.036755799999999998,0.098868999999999999,-0.036250199999999996,-0.025409599999999997,0.0023692000000000014,-0.050775799999999996,0.029130800000000002,0.0403868,-0.035326000000000003,0.013793400000000001,-0.076875399999999997,0.019209,0.057661799999999999,-0.0078233999999999995,0.0092143999999999993,0.012348599999999998,-0.0567888,0.035747599999999997,-0.031449000000000005,-0.088629600000000003,0.12211699999999999,-0.059947,0.15348680000000001,-0.028913399999999999,0.0105354,-0.0099712000000000012,-0.0080160000000000006,-0.0067313999999999994,0.00023360000000000004,0.027793400000000003,-0.0057294000000000008,-0.0039436000000000002,-0.021305600000000001,-0.025224600000000003,0.0168986,0.038592999999999995,0.023214200000000001,0.0092327999999999993,0.00013800000000000097,-0.010150000000000001,0.020367400000000001,-0.025368599999999998,-0.00060180000000000042,0.0045553999999999994,0.00022800000000000012,0.064345000000000013,-0.077206399999999994,-0.024772799999999998,-0.0255634,-0.046133399999999998,0.011901399999999999,0.00017619999999999997,-0.0038907999999999994,0.018448800000000001,0.0097141999999999992,-0.00032639999999999969,-0.0049151999999999998,0.0019695999999999993,0.0084684000000000009,-0.00065279999999999982,0.0065537999999999994,0.0013051999999999998,-0.022853999999999999,0.0024968000000000004,0.0065642000000000001,0.00060919999999999985,-0.0032265999999999996,-0.0058976000000000002,0.019997399999999999,-0.0082500000000000004,-0.0054742000000000002,-0.0069605999999999999,-0.005544799999999999,0.0018193999999999999,-0.0030229999999999996,-0.0099977999999999994,0.010066400000000001,-0.0106514,0.0040825999999999996,0.0021952000000000013,0.0018217999999999995,0.0083631999999999977,-0.009654600000000001,0.0051179999999999993,-0.0013127999999999998,-0.0025589999999999996,-0.0081473999999999991,0.0059075999999999998,-0.0047165999999999996,-0.0071827999999999996,-0.0018305999999999999,0.0069773999999999991,-0.0031603999999999998,-0.0075458000000000001,0.010027399999999999,0.011714199999999999,0.0071706000000000009,0.0063385999999999998,0.014927599999999999,-0.0050590000000000001,-0.00060759999999999937,-0.010743800000000001,0.012571000000000001,0.00014059999999999984,-0.0058796000000000005,0.013030199999999999,-0.0108164,-0.0032180000000000004,-0.0061428000000000003,-0.0012483999999999998,0.0011483999999999999,0.0095767999999999999,-0.0055463999999999999,0.0085857999999999993,-0.021567999999999997,-0.002049,-0.015258999999999998,-0.0072411999999999997,0.0093384000000000002,-0.0046280000000000002,-0.0027819999999999989,-0.0047033999999999999,-0.0072174000000000006,-0.00085539999999999998,-9.8600000000000093e-05,0.0039248,-0.0012708000000000005,0.0022037999999999997,-0.0082093999999999986,-0.00092199999999999986,-0.0065935999999999998,-0.0011099999999999994,0.00049919999999999988,0.0048266000000000003,0.0031359999999999999,0.00077080000000000009,-0.0010122000000000002,-0.0043295999999999994,-0.0053179999999999998,-0.0013636000000000002,-0.0072741999999999998,-0.00014879999999999971,0.010244,0.0034819999999999999,-0.0031505999999999999,-0.0037978000000000005,-0.0054129999999999994,-0.0078645999999999994,1.6200000000000069e-05,-0.0021395999999999993,0.0036221999999999999,0.00091179999999999972,-0.0030301999999999985,0.0052440000000000004,-0.0084111999999999989,0.00082359999999999985,0.011554999999999999,0.0043855999999999999,0.0036208000000000004,0.0132306,-0.0063156000000000002,-0.0055529999999999998,-0.014351600000000001,-0.0009017999999999998,0.0029984,-0.014274800000000001,0.013714799999999999,-0.0040531999999999999,-9.0999999999999935e-05,-0.00070720000000000006,-0.0038693999999999994,-0.00040919999999999975,0.0023159999999999999,0.0054340000000000005,0.0022372,-0.0045470000000000007,0.0021388000000000002,0.0014855999999999999,-0.0027432000000000003,-0.00018619999999999981,0.0038152000000000004,-0.0052897999999999999,-0.0017761999999999999,0.00042299999999999993,0.00081740000000000024,0.0007585999999999999,-0.00281,0.00031980000000000008,-0.00025599999999999993,-0.0041611999999999994,-0.0042626000000000001,0.0063947999999999991,-0.00049720000000000016,5.0399999999999924e-05,-0.0021806000000000004,0.0012386000000000003,-0.0013696000000000003,0.0025141999999999999,-0.0013224000000000001,-0.00039500000000000006,-0.00034859999999999991,-0.00071680000000000008,0.0063155999999999993,-0.0087576000000000008,0.00048899999999999985,0.0050025999999999994,-0.0011999999999999997,-0.0063265999999999999,0.010174599999999999,0.0016812000000000001,0.0053647999999999994,0.0020822000000000002,-0.0012722,0.014653599999999999,-0.0118184,0.0038132000000000001,-0.0062176000000000002,-0.012579399999999999,-0.0040014000000000004,0.0017658000000000001,-0.0012431999999999999,0.0011850000000000003,-0.0010009999999999999,-0.0023912,-0.0064465999999999994,-0.0030070000000000001,0.00030919999999999987,-0.00018459999999999993,-0.0025558,-0.0012124000000000002,0.00085639999999999978,0.0010298000000000002,0.00037379999999999998,-0.0036855999999999998,0.00065999999999999989,-0.003189,0.0055238000000000006,-0.0019367999999999998,-0.00087799999999999987,0.0035443999999999996,0.0023001999999999996,0.0024295999999999996,-0.0030393999999999994,0.0024451999999999998,-0.00041919999999999978,-0.0039232,0.0024390000000000002,0.0031895999999999999,-0.0021336000000000003,0.0077775999999999991,-0.003199,-0.0034578000000000013,-0.0035897999999999998,-0.0027060000000000001,0.0078756,-0.0015295999999999999,-0.0006246,0.0057032000000000003,-0.0026739999999999993,-0.0072856000000000014,-0.0015650000000000002,-0.0042256000000000004,0.0059133999999999992,-0.0026521999999999995,-0.00055420000000000014,0.0014276000000000002,-0.0015544000000000001,-0.0028108,0.0026663999999999998,-0.0111488,0.0041124000000000004,0.014663599999999999,-7.7199999999999925e-05,0.0090426000000000013,-0.0097888000000000003,0.002467,-0.0010123999999999999,0.0018672000000000001,0.0019091999999999998,0.00025760000000000019,-6.5999999999999978e-05,0.00081320000000000003,2.9799999999999965e-05,0.0019391999999999999,0.0012632000000000001,0.0001960000000000001,0.0017021999999999999,-0.0013366000000000001,0.00026900000000000014,0.0024894000000000001,0.00054140000000000004,0.00075040000000000003,-0.00027479999999999996,0.0030134000000000003,-0.00061159999999999969,0.001091,-0.0045528000000000001,0.0019465999999999997,-0.0038542000000000003,0.00059860000000000013,-0.0035392000000000002,0.002431,-0.00012640000000000004,-0.00038999999999999983,0.00091779999999999997,-0.0025554000000000002,-0.00056459999999999995,-0.0010490000000000002,0.0010439999999999994,0.00018899999999999993,-0.00025339999999999993,-0.0033260000000000008,0.0026296000000000002,-0.0010608000000000002,-0.0027415999999999999,0.0012950000000000001,-0.00024760000000000016,0.0017560000000000002,0.0016820000000000001,-0.0017184000000000001,0.0015087999999999998,-0.00074939999999999989,-0.0015478,0.0035900000000000003,-0.0010614000000000001,4.1600000000000144e-05,0.0012999999999999999,0.0024153999999999998,-0.0016736000000000001,0.00025279999999999964,-0.0046933999999999995,-0.0040175999999999996,-0.0022294000000000003,-0.0060039999999999998,0.0065544000000000002,0.00063840000000000012,0.0018824000000000002,0.0135388,-0.0014475999999999998,-0.0002661999999999998,0.00058120000000000003,0.00089099999999999997,-0.00076320000000000001,0.0010895999999999996,-0.00056879999999999995,0.00067999999999999983,-0.0014432000000000002,-0.0015996000000000003,7.5400000000000003e-05,0.00019860000000000008,0.00090900000000000009,0.00025720000000000002,0.0015114,-0.00024459999999999998,-0.0037317999999999995,-0.00044500000000000003,0.0011028000000000001,0.0023314,0.00083800000000000009,0.0013102000000000001,0.00053939999999999999,0.0002947999999999999,-0.0016363999999999999,-0.0018695999999999999,-1.5200000000000207e-05,-0.00066160000000000004,0.0013014000000000001,0.00038800000000000011,0.0034512000000000002,-0.0019718000000000001,-0.00010360000000000002,-0.00060919999999999985,-0.0010242000000000001,0.00015839999999999997,0.0014254000000000003,-0.00054199999999999995,0.0019732,0.0037348000000000004,0.00053459999999999988,-0.0021592,-0.0041154,-0.00021660000000000017,9.9800000000000041e-05,-0.0045953999999999995,-0.0027493999999999999,-0.0001226,-0.00057160000000000002,-0.0010476000000000001,-0.0011848000000000004,-0.0043242000000000003,0.0024478,0.0013644,0.0011749999999999996,0.0011488,-0.00081700000000000013,0.0010714000000000001,0.0037952000000000007,0.0010591999999999999,-0.00064839999999999993,0.0065047999999999998,-0.0023584000000000001,0.0011740000000000001,-0.0030890000000000002,-0.0031061999999999999,0.001905,-0.0057800000000000004,0.0058005999999999995,-0.00046700000000000018,0.00061779999999999995,-0.0002834,2.4800000000000061e-05,0.00092920000000000003,-0.0012288000000000002,0.00061959999999999988,-0.00027859999999999983,-0.00013940000000000003,0.0011035999999999997,0.0003118000000000001,-0.00061660000000000003,-0.0018550000000000003,0.00045080000000000001,-0.0037762000000000004,-0.0018006000000000003,0.00020340000000000001,-0.00048440000000000006,0.00095699999999999995,-0.00048899999999999996,0.001016,-0.0011909999999999998,-0.0016861999999999999,-0.00060119999999999998,0.0012153999999999999,-0.00034459999999999992,-0.0021998,0.0016720000000000001,-0.00049039999999999999,-0.0017373999999999998,-0.0012957999999999999,-0.0002544,-0.0015432000000000002,-6.0999999999999992e-05,-0.00022180000000000002,0.0023284,0.00081619999999999978,0.0013213999999999999,0.0011138000000000003,-0.001688,-0.0026428000000000003,0.0020793999999999999,0.00047380000000000008,0.00077439999999999996,0.001459,0.0020524000000000002,0.0023119999999999998,-0.0021776,-0.00014999999999999993,-0.00040260000000000024,-0.00232,-0.0006512,0.0036229999999999999,-0.001377,-0.0013507999999999999,-0.0018124,0.0010515999999999998,-0.00042279999999999998,-0.0038443999999999996,0.0012396,0.003117,-0.00058480000000000012,0.00037219999999999983,-0.00063500000000000004,-0.0036540000000000001,-2.4400000000000376e-05,-0.0034743999999999999,-2.1999999999999993e-06,0.000272,-0.00062020000000000022,0.0062240000000000004,-0.0029835999999999999,0,0.0017967999999999997,-0.0048079999999999998,-0.00034459999999999981
aug_between_class_right_pair0044_child05,TLE,1,1,Augmented,0,0,0,0,0,0.25868679999999999,1.9048930000000002,4.0000000000000003e-07,-9.9999999999999995e-07,3.9999999999999998e-07,0.8529544,0,0.047464199999999998,-0.13489119999999999,0.0406942,0.1083958,-0.086231799999999997,0.054635000000000003,0.0068838000000000007,-0.0071749999999999991,-0.0082305999999999994,-0.1068558,0.33157560000000003,-0.10259059999999999,-0.038581200000000003,0.10265199999999999,-0.0388808,-0.026272400000000001,0.0034668000000000012,-0.050361200000000002,0.031850200000000002,0.035963200000000001,-0.038152000000000005,0.0105886,-0.076007600000000008,0.017603000000000001,0.057199199999999999,-0.0098396000000000004,0.0076575999999999997,0.0078004000000000007,-0.057197200000000004,0.0346454,-0.032138,-0.083611400000000002,0.11974599999999999,-0.057232000000000005,0.15382020000000002,-0.028939600000000003,0.0119586,-0.0099108000000000009,-0.010786,-0.0050506000000000006,0.0015063999999999998,0.034522600000000001,-0.0061226000000000006,-0.0024394000000000004,-0.019302400000000001,-0.029262400000000001,0.017791399999999999,0.04052,0.022303800000000002,0.0094972000000000008,-0.001248,-0.014912,0.022104600000000002,-0.027955399999999998,-3.7200000000000687e-05,0.0048956,0.0030519999999999987,0.064004000000000005,-0.078878600000000007,-0.028670199999999993,-0.027692600000000001,-0.045216599999999996,0.0103526,-0.0004102,-0.0043771999999999995,0.018042200000000001,0.010705800000000001,0.00011440000000000018,-0.0064687999999999994,0.0027124000000000002,0.0064946000000000005,-0.0014541999999999997,0.0085401999999999995,0.0015728000000000001,-0.020362999999999999,0.0032382000000000001,0.0063768000000000002,0.0013397999999999995,-0.0041543999999999999,-0.0060153999999999997,0.0190186,-0.0066920000000000018,-0.0035738000000000002,-0.0088153999999999993,-0.0079292000000000008,0.0041785999999999993,-0.0023210000000000001,-0.0091472000000000012,0.0109666,-0.0083785999999999999,0.0028954000000000002,0.00040079999999999977,-3.7999999999999839e-06,0.0075277999999999977,-0.010716400000000001,0.004235,-0.0011701999999999997,-0.0024289999999999997,-0.0087635999999999999,0.0071364000000000002,-0.0055183999999999997,-0.0055562000000000007,-0.0020913999999999998,0.0060535999999999993,-0.0031166000000000002,-0.0087481999999999994,0.0098706000000000002,0.0127478,0.006580400000000001,0.0062683999999999986,0.0146284,-0.0055789999999999998,-0.0010884000000000002,-0.011333200000000002,0.012600999999999999,-0.00014859999999999982,-0.0043104000000000007,0.0141838,-0.010886600000000001,-0.0048260000000000013,-0.0040791999999999998,-0.0018305999999999999,-0.00065740000000000069,0.0105022,-0.0028396000000000007,0.0091931999999999986,-0.020886999999999999,-0.0027029999999999997,-0.013809999999999999,-0.0081987999999999991,0.011286600000000001,-0.0028480000000000003,0.00091099999999999927,-0.0032926000000000006,-0.0045916000000000004,-0.0012855999999999998,-0.0006693999999999999,0.0041901999999999998,-0.0032522000000000002,0.0013812,-0.0085185999999999994,-0.00067599999999999995,-0.0057704000000000002,-0.00078199999999999971,0.0019808,0.0050634000000000009,0.0033340000000000002,0.0010642,-0.0011367999999999999,-0.0044424,-0.0042620000000000002,-0.00041140000000000035,-0.0068358000000000004,-0.00096319999999999999,0.0098030000000000009,0.0034710000000000001,-0.0033084,-0.0047562000000000004,-0.0047099999999999998,-0.0094604000000000008,0.00024179999999999991,-0.0022434000000000004,0.0025798000000000001,0.0011121999999999998,-0.0020648000000000003,0.0064749999999999999,-0.0083978000000000004,-0.00010859999999999993,0.010503999999999999,0.0050964000000000001,0.0045951999999999998,0.013455399999999999,-0.0066664000000000003,-0.0057390000000000002,-0.013783399999999999,-0.00060720000000000001,0.0024765999999999998,-0.015543199999999998,0.0132382,-0.0026097999999999998,0.00033700000000000006,-0.00023380000000000037,-0.0034235999999999997,0.00060120000000000009,0.002372,0.005195,0.0024238000000000003,-0.0043360000000000004,0.0017462000000000001,0.00048940000000000008,-0.0026078000000000004,-0.0010847999999999997,0.0032418,-0.0055552000000000006,-0.0015407999999999999,-0.00048799999999999977,0.00024960000000000021,0.00020440000000000012,-0.0030630000000000002,0.00034420000000000002,-2.0000000000000052e-05,-0.0029658000000000002,-0.0046604000000000003,0.0064722,-0.00099979999999999991,7.060000000000009e-05,-0.0028674,0.0024494,-0.0024613999999999999,0.0032498000000000002,-0.0020525999999999995,-5.2999999999999879e-05,-0.00037239999999999994,-0.0019772000000000001,0.0066643999999999991,-0.0077714000000000004,-0.0003210000000000001,0.0056103999999999998,-0.00011300000000000025,-0.0061354000000000001,0.0093194000000000003,0.00062780000000000019,0.0050942000000000001,0.0032017999999999994,0.00013519999999999938,0.013523400000000001,-0.0115616,0.0042018000000000003,-0.0062693999999999996,-0.0125156,-0.0037566000000000001,0.0022911999999999997,-0.0012148,0.0016290000000000002,-0.0010509999999999999,-0.0017538000000000002,-0.0059203999999999993,-0.0028110000000000001,-2.7199999999999956e-05,-0.00030239999999999998,-0.0032271999999999999,-0.00036660000000000013,0.00035260000000000022,0.0010472000000000001,0.00042119999999999999,-0.0033624000000000002,0.00039800000000000002,-0.002715,0.0051381999999999999,-0.0017672,-0.00020400000000000008,0.0034546000000000004,0.0023838000000000002,0.0017753999999999999,-0.0030845999999999998,0.00067380000000000033,-0.00020680000000000004,-0.0041397999999999999,0.0023959999999999997,0.0020674000000000001,-0.0018734000000000001,0.0077853999999999996,-0.0029229999999999998,-0.0050732000000000017,-0.0040751999999999993,-0.0021149999999999997,0.0088193999999999998,-0.00051540000000000006,0.00037359999999999987,0.0052128000000000001,-0.001469,-0.0071013999999999999,-0.0028270000000000001,-0.0049394,0.0058025999999999998,-0.00080380000000000035,-0.00012780000000000018,0.0011344000000000003,-0.0015025999999999998,-0.0032061999999999998,0.0025986,-0.0102982,0.0033476000000000005,0.014701399999999998,0.00019120000000000004,0.010264400000000002,-0.0084761999999999997,0.0018160000000000003,-0.00073559999999999988,0.0015637999999999997,0.0020458,0.00047639999999999998,-2.1999999999999993e-05,0.0014287999999999994,0.00010319999999999991,0.0018798,0.00085080000000000008,-0.00017900000000000001,0.0018687999999999999,-0.0019503999999999999,0.00061299999999999994,0.0021636000000000003,0.00078260000000000005,0.00021560000000000004,7.8800000000000032e-05,0.0027606000000000002,0.00029259999999999996,0.00089900000000000006,-0.0038052000000000008,0.0017213999999999999,-0.0034878000000000001,0.0013133999999999997,-0.0030548000000000003,0.0027529999999999998,-0.00049060000000000011,0.00022200000000000019,0.0015202,-0.0023246,-0.0010984,-0.0013740000000000002,0.00042799999999999956,0.00026699999999999988,-8.3599999999999986e-05,-0.0040600000000000002,0.0027164000000000003,-0.0011971999999999994,-0.0029524,0.00093800000000000003,1.9599999999999826e-05,0.001895,0.0015860000000000002,-0.0015346000000000001,0.0016082000000000002,-0.00063560000000000005,-0.0022832,0.0023940000000000007,-0.0002196000000000003,0.00053240000000000015,0.00107,0.0021206000000000003,-0.0018144000000000001,-0.00033279999999999985,-0.0047666000000000002,-0.0032823999999999996,-0.0021275999999999999,-0.0051250000000000002,0.0073055999999999998,0.00018260000000000021,0.0027586000000000004,0.012561200000000002,-0.0010233999999999998,0.00023320000000000019,0.00014280000000000006,0.00086399999999999997,-0.00073880000000000007,0.0011323999999999996,-0.00094319999999999972,-0.00024999999999999963,-0.0010728000000000003,-0.0012784000000000003,0.00011759999999999999,0.0005754,0.0009140000000000001,0.00032679999999999997,0.0019576000000000003,-0.00042939999999999992,-0.0032561999999999999,-0.00095299999999999996,0.0010792000000000002,0.0030375999999999997,0.00052000000000000006,0.0012137999999999999,0.00042960000000000003,4.1200000000000026e-05,-0.0021045999999999999,-0.0022163999999999994,-0.00076979999999999995,-0.00053439999999999998,0.0012136,0.00085200000000000011,0.0036877999999999998,-0.0016222000000000003,-0.00026440000000000003,-0.00040780000000000005,-0.0011448000000000001,0.00058059999999999991,0.0020815999999999999,-0.000232,0.0014348000000000004,0.0032942000000000002,0.00040139999999999989,-0.0020638000000000002,-0.0044095999999999996,-0.00087540000000000003,0.00035319999999999991,-0.0043096000000000002,-0.0028556000000000002,0.00013259999999999997,-0.00055940000000000026,-0.0011253999999999999,-0.0021952,-0.0042957999999999998,0.0025722000000000002,0.0008956000000000003,0.001243,0.0011561999999999998,-0.0010939999999999999,0.0013546000000000001,0.0024548000000000005,0.0011778000000000001,1.9399999999999713e-05,0.0062692000000000008,-0.0020176,0.0017590000000000001,-0.0031459999999999999,-0.0023728,0.0017209999999999999,-0.005732000000000001,0.0054434000000000001,-0.00065600000000000001,0.00047120000000000002,-0.00018359999999999996,0.00032020000000000009,0.00082679999999999993,-0.0015042000000000002,0.00047940000000000021,0.0003436,-0.0002676,0.00052840000000000016,0.00028019999999999998,-0.00068639999999999999,-0.0020899999999999998,0.00026419999999999992,-0.0033728000000000005,-0.0015273999999999999,0.00029359999999999998,-0.00073260000000000003,0.0010609999999999999,-0.0010139999999999997,0.0015519999999999998,-0.00072100000000000007,-0.0016928000000000002,-0.00045980000000000001,0.0015775999999999997,-0.00097340000000000002,-0.0021521999999999999,0.0016479999999999999,-0.0007226,-0.0019435999999999998,-0.0017592,-0.00039560000000000002,-0.0014107999999999998,-0.00021999999999999995,-3.8200000000000007e-05,0.0023985999999999999,0.00021980000000000014,0.0016906,0.00055020000000000015,-0.0015630000000000002,-0.0025861999999999999,0.0017526,0.00099219999999999994,0.00032260000000000009,0.0013790000000000002,0.0018936000000000001,0.002516,-0.0025884000000000002,3.9999999999999996e-05,-0.0013944000000000001,-0.0018130000000000002,-0.0008028,0.0035829999999999998,-0.001356,-0.0011032000000000001,-0.0017926000000000001,0.00078540000000000023,-0.0010721999999999997,-0.0038135999999999995,0.0014154,0.0024440000000000004,-0.00095320000000000008,-8.6199999999999818e-05,-0.00032000000000000041,-0.0032610000000000004,0.00033740000000000029,-0.0035315999999999998,0.00080519999999999984,-0.000406,-0.00058579999999999982,0.0059419999999999994,-0.0029513999999999999,2.8000000000000003e-05,0.0020971999999999996,-0.0040299999999999997,-0.00056240000000000001
aug_between_class_right_pair0044_child06,TLE,1,1,Augmented,0,0,0,0,0,0.25903710000000002,1.8966340000000002,3.0000000000000004e-07,-9.9999999999999995e-07,3.0000000000000004e-07,0.85214380000000001,0,0.047323900000000002,-0.1359554,0.043203399999999996,0.1092891,-0.088281600000000002,0.056123000000000006,0.0061366000000000007,-0.0081719999999999987,-0.0071867000000000007,-0.1052651,0.33560319999999999,-0.11127069999999999,-0.039493899999999998,0.1045435,-0.040196100000000005,-0.0267038,0.0040156000000000011,-0.050153900000000001,0.033209900000000001,0.033751400000000001,-0.039565000000000003,0.0089862000000000015,-0.075573700000000008,0.016799999999999999,0.056967900000000002,-0.010847699999999998,0.0068792000000000002,0.0055263000000000005,-0.057401400000000005,0.034094300000000001,-0.032482499999999997,-0.081102300000000002,0.1185605,-0.055874500000000001,0.15398690000000001,-0.028952700000000001,0.0126702,-0.0098805999999999998,-0.012171,-0.0042102000000000007,0.0021427999999999998,0.037887199999999996,-0.0063192000000000005,-0.0016873000000000001,-0.018300800000000002,-0.031281299999999998,0.018237799999999998,0.041483499999999993,0.021848600000000003,0.0096293999999999998,-0.0019409999999999991,-0.017292999999999999,0.022973199999999999,-0.029248799999999998,0.00024509999999999983,0.0050656999999999994,0.0044639999999999975,0.063833500000000001,-0.079714699999999999,-0.030618899999999991,-0.0287572,-0.044758199999999998,0.0095782000000000003,-0.00070339999999999986,-0.0046203999999999993,0.017838900000000001,0.011201600000000001,0.00033480000000000011,-0.0072455999999999996,0.0030837999999999998,0.0055077000000000008,-0.0018548999999999996,0.0095333999999999992,0.0017066000000000004,-0.019117500000000003,0.0036089,0.0062831000000000007,0.0017050999999999993,-0.0046182999999999988,-0.0060742999999999995,0.018529199999999999,-0.0059130000000000016,-0.0026236000000000011,-0.0097427999999999994,-0.0091214,0.0053581999999999987,-0.0019700000000000004,-0.0087219000000000012,0.0114167,-0.0072422000000000007,0.0023017999999999997,-0.00049640000000000101,-0.00091660000000000005,0.0071101000000000011,-0.0112473,0.0037935,-0.0010989000000000001,-0.0023639999999999998,-0.0090717000000000002,0.0077508000000000004,-0.0059192999999999997,-0.0047429000000000004,-0.0022217999999999999,0.0055916999999999998,-0.0030947000000000001,-0.0093494000000000008,0.0097921999999999992,0.0132646,0.0062853000000000006,0.0062333000000000006,0.0144788,-0.0058389999999999996,-0.0013287999999999993,-0.0116279,0.012616,-0.00029319999999999997,-0.0035258000000000008,0.014760599999999999,-0.010921700000000001,-0.0056299999999999987,-0.0030474000000000005,-0.0021216999999999998,-0.0015603000000000006,0.0109649,-0.0014862000000000007,0.0094968999999999991,-0.020546499999999999,-0.0030299999999999997,-0.0130855,-0.0086775999999999989,0.012260700000000001,-0.001958000000000001,0.0027574999999999991,-0.0025872000000000004,-0.0032787000000000003,-0.0015006999999999998,-0.00095479999999999979,0.0043229000000000002,-0.0042429,0.00096989999999999989,-0.008673199999999999,-0.00055300000000000011,-0.0053588000000000004,-0.00061799999999999963,0.0027215999999999994,0.0051818000000000003,0.0034329999999999994,0.0012109,-0.0011990999999999998,-0.0044987999999999998,-0.0037340000000000003,6.4699999999999567e-05,-0.0066166000000000003,-0.0013703999999999997,0.0095825000000000007,0.0034654999999999998,-0.0033872999999999993,-0.0052354000000000003,-0.0043585000000000004,-0.0102583,0.00035460000000000005,-0.0022953000000000001,0.0020586000000000003,0.0012124,-0.0015820999999999995,0.0070904999999999996,-0.0083911000000000003,-0.00057469999999999982,0.0099785000000000013,0.0054518000000000006,0.0050823999999999999,0.0135678,-0.0068418000000000003,-0.0058320000000000004,-0.013499300000000001,-0.00045989999999999996,0.0022157000000000001,-0.016177400000000002,0.012999900000000002,-0.0018881000000000002,0.00055100000000000027,2.8999999999999079e-06,-0.0032006999999999999,0.0011064000000000004,0.0023999999999999998,0.0050755000000000002,0.0025170999999999995,-0.0042304999999999999,0.0015499000000000003,-8.6999999999999404e-06,-0.0025401,-0.0015340999999999996,0.0029551,-0.0056879000000000001,-0.0014231000000000001,-0.00094349999999999968,-3.4299999999999892e-05,-7.269999999999987e-05,-0.0031895000000000001,0.00035640000000000021,9.7999999999999997e-05,-0.0023681000000000002,-0.0048592999999999996,0.0065109,-0.0012511000000000002,8.0699999999999956e-05,-0.0032108000000000006,0.0030547999999999999,-0.0030072999999999996,0.0036175999999999995,-0.0024177000000000001,0.00011800000000000005,-0.00038429999999999996,-0.0026073999999999997,0.0068387999999999999,-0.0072783000000000006,-0.00072599999999999987,0.0059142999999999999,0.00043049999999999968,-0.0060397999999999997,0.0088918000000000018,0.00010110000000000023,0.0049588999999999996,0.0037615999999999986,0.00083889999999999919,0.012958299999999999,-0.011433200000000001,0.0043961,-0.0062953000000000002,-0.012483699999999999,-0.0036342000000000002,0.0025539,-0.0012006,0.0018510000000000002,-0.0010759999999999999,-0.0014351000000000004,-0.0056572999999999997,-0.0027130000000000001,-0.00019539999999999992,-0.00036129999999999995,-0.0035628999999999999,5.629999999999981e-05,0.00010070000000000001,0.0010559,0.00044489999999999997,-0.0032008000000000002,0.00026700000000000009,-0.0024780000000000002,0.0049454000000000008,-0.0016824000000000001,0.00013299999999999984,0.0034096999999999999,0.0024256,0.0014483,-0.0031072000000000001,-0.00021189999999999946,-0.00010060000000000017,-0.0042480999999999994,0.0023744999999999999,0.0015063000000000001,-0.0017433000000000004,0.0077893000000000007,-0.0027850000000000001,-0.0058808999999999997,-0.0043178999999999995,-0.0018195000000000002,0.0092912999999999989,-8.3000000000001475e-06,0.00087269999999999991,0.0049676,-0.0008665000000000003,-0.0070093000000000004,-0.0034580000000000001,-0.0052963000000000003,0.0057472000000000001,0.00012039999999999967,8.5399999999999799e-05,0.00098780000000000005,-0.0014767000000000001,-0.0034038999999999996,0.0025647000000000001,-0.0098729000000000004,0.0029652000000000003,0.014720299999999999,0.00032539999999999999,0.010875300000000001,-0.0078199000000000012,0.0014905000000000003,-0.00059719999999999999,0.0014120999999999999,0.0021140999999999998,0.00058579999999999993,0,0.0017365999999999998,0.00013989999999999993,0.0018500999999999999,0.00064459999999999995,-0.00036649999999999975,0.0019521,-0.0022572999999999998,0.000785,0.0020007000000000002,0.00090320000000000005,-5.179999999999985e-05,0.00025559999999999998,0.0026342000000000002,0.00074469999999999983,0.00080299999999999989,-0.0034314000000000002,0.0016088000000000001,-0.0033046000000000004,0.0016707999999999996,-0.0028126000000000002,0.0029139999999999999,-0.00067270000000000025,0.00052800000000000004,0.0018213999999999997,-0.0022092000000000001,-0.0013652999999999998,-0.0015365000000000001,0.00011999999999999988,0.00030599999999999985,1.2999999999999571e-06,-0.0044269999999999995,0.0027598000000000002,-0.0012654000000000003,-0.0030577999999999994,0.00075950000000000019,0.00015319999999999993,0.0019645000000000001,0.0015380000000000001,-0.0014427000000000001,0.0016578999999999999,-0.00057870000000000057,-0.0026508999999999994,0.0017960000000000003,0.00020129999999999963,0.00077779999999999993,0.00095500000000000012,0.0019732,-0.0018848000000000001,-0.00062560000000000003,-0.0048032000000000005,-0.0029147999999999999,-0.0020766999999999999,-0.0046855000000000004,0.0076812,-4.5299999999999854e-05,0.0031967000000000002,0.012072400000000004,-0.00081129999999999961,0.00048289999999999992,-7.6399999999999851e-05,0.00085050000000000002,-0.00072659999999999988,0.0011538,-0.0011303999999999997,-0.00071499999999999971,-0.00088760000000000011,-0.0011178,0.00013869999999999996,0.00076379999999999992,0.0009165,0.00036160000000000001,0.0021807000000000003,-0.0005218,-0.0030184000000000001,-0.0012069999999999997,0.0010674,0.0033906999999999995,0.0003610000000000001,0.0011655999999999999,0.00037470000000000005,-8.5599999999999966e-05,-0.0023387,-0.0023898000000000001,-0.0011470999999999999,-0.00047080000000000001,0.0011697000000000001,0.0010840000000000001,0.0038060999999999998,-0.0014474000000000002,-0.00034480000000000003,-0.00030710000000000004,-0.0012051000000000002,0.00079169999999999978,0.0024096999999999999,-7.7000000000000028e-05,0.0011656000000000001,0.0030739000000000001,0.00033480000000000011,-0.0020161000000000003,-0.0045566999999999995,-0.0012048,0.00047989999999999996,-0.0041666999999999997,-0.0029087000000000002,0.00026019999999999998,-0.00055330000000000006,-0.0011643000000000001,-0.0027003999999999999,-0.0042816,0.0026344000000000003,0.00066120000000000003,0.0012769999999999997,0.0011599,-0.0012324999999999997,0.0014962,0.0017846000000000006,0.0012371000000000001,0.00035329999999999975,0.0061514000000000004,-0.0018472000000000002,0.0020514999999999999,-0.0031744999999999998,-0.0020061000000000002,0.001629,-0.0057080000000000013,0.0052648,-0.00075049999999999997,0.00039790000000000002,-0.00013370000000000005,0.00046790000000000004,0.00077559999999999999,-0.0016419000000000004,0.00040930000000000008,0.00065469999999999992,-0.00033170000000000004,0.00024080000000000016,0.00026440000000000003,-0.00072130000000000002,-0.0022074999999999998,0.00017089999999999998,-0.0031711,-0.0013908000000000002,0.00033869999999999994,-0.00085669999999999995,0.0011129999999999998,-0.0012764999999999996,0.0018199999999999996,-0.00048600000000000005,-0.0016961000000000001,-0.00038909999999999997,0.0017586999999999998,-0.0012877999999999995,-0.0021283999999999999,0.0016360000000000001,-0.00083869999999999995,-0.0020466999999999994,-0.0019908999999999999,-0.0004662,-0.0013446,-0.00029949999999999996,5.3599999999999948e-05,0.0024337,-7.8399999999999791e-05,0.0018751999999999996,0.00026840000000000024,-0.0015005000000000001,-0.0025579000000000001,0.0015892000000000002,0.0012514,9.6700000000000128e-05,0.0013390000000000001,0.0018142,0.0026180000000000001,-0.0027937999999999999,0.00013499999999999997,-0.0018903000000000001,-0.0015595000000000001,-0.00087860000000000011,0.0035630000000000002,-0.0013455000000000001,-0.00097939999999999985,-0.0017826999999999999,0.0006523000000000003,-0.0013968999999999995,-0.0037981999999999998,0.0015032999999999995,0.0021075,-0.0011374,-0.00031539999999999975,-0.00016250000000000032,-0.0030645000000000004,0.00051829999999999997,-0.0035601999999999999,0.0012088999999999997,-0.00074499999999999989,-0.00056860000000000005,0.0058009999999999997,-0.0029353000000000001,4.2000000000000018e-05,0.0022474000000000001,-0.0036410000000000001,-0.00067129999999999989
aug_between_class_right_pair0044_child07,TLE,1,1,Augmented,0,0,0,0,0,0.25938739999999999,1.8883750000000001,1.9999999999999994e-07,-9.9999999999999995e-07,1.9999999999999994e-07,0.85133320000000001,0,0.047183599999999999,-0.13701959999999999,0.045712599999999992,0.1101824,-0.090331400000000006,0.057611000000000002,0.0053893999999999999,-0.0091689999999999983,-0.0061428000000000003,-0.1036744,0.33963080000000001,-0.1199508,-0.040406600000000001,0.106435,-0.041511400000000004,-0.027135199999999998,0.0045644000000000014,-0.049946600000000001,0.034569600000000006,0.031539600000000001,-0.040978000000000001,0.0073837999999999994,-0.075139800000000007,0.015996999999999997,0.056736599999999998,-0.0118558,0.0061007999999999982,0.0032521999999999985,-0.057605600000000007,0.033543199999999995,-0.032827000000000002,-0.078593200000000002,0.11737499999999999,-0.054517000000000003,0.1541536,-0.0289658,0.013381799999999999,-0.0098504000000000005,-0.013556000000000002,-0.0033697999999999992,0.0027792000000000003,0.041251800000000005,-0.0065158000000000004,-0.00093520000000000061,-0.017299200000000001,-0.033300200000000002,0.018684200000000002,0.042446999999999999,0.0213934,0.0097616000000000005,-0.0026340000000000001,-0.019674000000000001,0.023841800000000003,-0.030542199999999999,0.00052739999999999992,0.0052358000000000005,0.005876000000000001,0.063662999999999997,-0.080550800000000006,-0.032567599999999995,-0.029821800000000002,-0.0442998,0.0088038000000000005,-0.00099660000000000005,-0.0048636,0.017635600000000001,0.0116974,0.00055520000000000027,-0.0080224000000000007,0.0034552000000000003,0.0045208000000000002,-0.0022556,0.010526599999999999,0.0018403999999999998,-0.017871999999999999,0.0039796000000000007,0.0061894000000000003,0.0020704,-0.0050822000000000003,-0.0061332000000000001,0.018039799999999998,-0.0051339999999999997,-0.0016733999999999985,-0.010670199999999999,-0.010313599999999999,0.0065377999999999999,-0.0016189999999999989,-0.0082966000000000012,0.0118668,-0.0061057999999999998,0.0017081999999999993,-0.0013936000000000018,-0.0018294000000000001,0.0066924000000000011,-0.011778200000000001,0.0033519999999999995,-0.0010275999999999998,-0.0022989999999999998,-0.0093798000000000006,0.0083651999999999997,-0.0063201999999999998,-0.0039295999999999992,-0.0023522,0.0051297999999999995,-0.0030728000000000001,-0.0099506000000000004,0.0097137999999999999,0.013781399999999999,0.0059902000000000011,0.0061981999999999992,0.0143292,-0.0060990000000000003,-0.0015692000000000002,-0.0119226,0.012631,-0.00043780000000000002,-0.0027412000000000001,0.015337399999999999,-0.010956800000000001,-0.0064340000000000013,-0.0020156000000000002,-0.0024128000000000001,-0.0024632000000000005,0.0114276,-0.00013279999999999976,0.0098006000000000013,-0.020206000000000002,-0.0033570000000000002,-0.012361,-0.0091564000000000003,0.0132348,-0.0010679999999999995,0.0046040000000000013,-0.0018817999999999997,-0.0019657999999999998,-0.0017158,-0.0012402000000000001,0.0044556000000000005,-0.0052336000000000014,0.00055859999999999959,-0.0088278000000000002,-0.00042999999999999983,-0.0049472000000000006,-0.00045399999999999954,0.0034623999999999996,0.0053002000000000006,0.003532,0.0013576,-0.0012614000000000002,-0.0045552000000000006,-0.0032059999999999996,0.00054079999999999992,-0.0063974000000000001,-0.0017776000000000003,0.0093620000000000005,0.00346,-0.0034662,-0.0057146000000000002,-0.0040070000000000001,-0.011056199999999999,0.00046740000000000019,-0.0023472000000000007,0.0015373999999999995,0.0013125999999999999,-0.0010994000000000004,0.007706000000000001,-0.0083844000000000002,-0.0010407999999999999,0.0094529999999999996,0.0058072000000000002,0.0055696000000000009,0.0136802,-0.0070172000000000003,-0.0059250000000000006,-0.0132152,-0.00031260000000000001,0.0019548,-0.016811599999999999,0.0127616,-0.0011663999999999997,0.00076500000000000005,0.00023959999999999997,-0.0029777999999999996,0.0016116000000000004,0.002428,0.0049559999999999995,0.0026103999999999997,-0.0041250000000000002,0.0013535999999999999,-0.00050680000000000039,-0.0024724,-0.0019833999999999997,0.0026684,-0.0058206000000000004,-0.0013054,-0.0013990000000000003,-0.00031820000000000004,-0.00034980000000000015,-0.0033160000000000004,0.00036860000000000018,0.00021600000000000005,-0.0017703999999999994,-0.0050581999999999997,0.0065496,-0.0015024000000000005,9.0799999999999822e-05,-0.0035542000000000004,0.0036602000000000006,-0.0035532000000000003,0.0039854000000000001,-0.0027828000000000002,0.00028899999999999998,-0.00039619999999999998,-0.0032376000000000002,0.0070131999999999998,-0.0067851999999999999,-0.0011310000000000003,0.0062182000000000001,0.00097400000000000004,-0.0059442000000000002,0.0084642000000000016,-0.00042560000000000015,0.0048235999999999999,0.0043213999999999995,0.0015426000000000003,0.0123932,-0.0113048,0.0045903999999999997,-0.0063211999999999999,-0.012451799999999999,-0.0035117999999999998,0.0028166000000000003,-0.0011864,0.0020729999999999998,-0.001101,-0.0011163999999999998,-0.0053942,-0.0026150000000000001,-0.00036360000000000006,-0.00042019999999999997,-0.0038986000000000003,0.00047920000000000037,-0.00015120000000000021,0.0010646000000000002,0.00046860000000000001,-0.0030391999999999997,0.00013599999999999997,-0.0022409999999999995,0.0047526000000000001,-0.0015976,0.0004700000000000002,0.0033648000000000003,0.0024673999999999998,0.0011211999999999999,-0.0031297999999999999,-0.0010976000000000004,5.6000000000001361e-06,-0.0043563999999999999,0.0023529999999999996,0.00094519999999999977,-0.0016131999999999997,0.0077932000000000001,-0.002647,-0.0066886000000000003,-0.0045605999999999997,-0.0015239999999999997,0.0097631999999999997,0.0004988000000000002,0.0013718000000000003,0.0047223999999999999,-0.00026399999999999969,-0.0069172000000000001,-0.0040890000000000006,-0.0056532000000000006,0.0056918000000000003,0.001044600000000001,0.00029859999999999999,0.00084120000000000028,-0.0014507999999999999,-0.0036015999999999999,0.0025307999999999997,-0.0094476000000000004,0.0025827999999999997,0.014739200000000001,0.00045960000000000011,0.0114862,-0.0071636,0.001165,-0.00045879999999999988,0.0012603999999999998,0.0021823999999999997,0.00069519999999999998,2.2000000000000047e-05,0.0020444,0.00017659999999999996,0.0018204,0.00043839999999999981,-0.00055399999999999991,0.0020353999999999997,-0.0025642000000000004,0.00095700000000000017,0.0018378000000000001,0.0010238000000000001,-0.00031920000000000017,0.00043239999999999999,0.0025078000000000001,0.0011968000000000003,0.00070699999999999995,-0.0030576000000000002,0.0014961999999999998,-0.0031213999999999999,0.0020282,-0.0025704,0.003075,-0.00085480000000000039,0.00083400000000000032,0.0021226000000000001,-0.0020937999999999998,-0.0016321999999999999,-0.0016990000000000004,-0.00018800000000000045,0.00034500000000000004,8.6200000000000049e-05,-0.0047940000000000005,0.0028032,-0.0013335999999999995,-0.0031631999999999997,0.00058100000000000014,0.00028680000000000003,0.0020340000000000002,0.00149,-0.0013507999999999999,0.0017075999999999999,-0.00052179999999999978,-0.0030185999999999998,0.0011979999999999998,0.00062220000000000005,0.0010232000000000002,0.00083999999999999993,0.0018257999999999998,-0.0019552000000000003,-0.00091839999999999977,-0.0048398,-0.0025471999999999995,-0.0020257999999999999,-0.0042459999999999989,0.0080567999999999994,-0.00027320000000000014,0.0036348000000000005,0.011583600000000001,-0.00059919999999999982,0.00073260000000000035,-0.00029560000000000008,0.00083699999999999996,-0.00071439999999999991,0.0011751999999999999,-0.0013175999999999999,-0.0011800000000000003,-0.00070240000000000005,-0.00095719999999999996,0.00015980000000000001,0.00095220000000000027,0.0009189999999999999,0.00039639999999999999,0.0024038000000000002,-0.00061420000000000008,-0.0027806000000000003,-0.0014610000000000001,0.0010555999999999999,0.0037438000000000003,0.00020199999999999995,0.0011173999999999999,0.00031979999999999997,-0.00021240000000000007,-0.0025727999999999997,-0.0025631999999999999,-0.0015244000000000002,-0.00040719999999999992,0.0011258000000000002,0.0013160000000000003,0.0039243999999999998,-0.0012726,-0.00042520000000000004,-0.00020639999999999981,-0.0012653999999999999,0.0010027999999999999,0.0027377999999999999,7.7999999999999944e-05,0.0008964,0.0028536,0.00026820000000000001,-0.0019683999999999999,-0.0047038000000000002,-0.0015342000000000001,0.0006066,-0.0040237999999999993,-0.0029618000000000001,0.0003878000000000001,-0.00054720000000000007,-0.0012032,-0.0032056000000000007,-0.0042674000000000002,0.0026966000000000004,0.00042680000000000018,0.0013109999999999999,0.0011635999999999999,-0.0013709999999999998,0.0016378000000000005,0.0011143999999999998,0.0012964000000000001,0.00068720000000000022,0.0060336000000000001,-0.0016768,0.0023440000000000002,-0.0032029999999999997,-0.0016394000000000001,0.001537,-0.0056839999999999998,0.0050861999999999991,-0.00084500000000000005,0.00032459999999999998,-8.3799999999999977e-05,0.0006156,0.00072440000000000004,-0.0017796000000000003,0.00033919999999999995,0.00096580000000000006,-0.00039580000000000008,-4.6800000000000053e-05,0.00024859999999999997,-0.00075620000000000006,-0.0023250000000000002,7.7599999999999826e-05,-0.0029694000000000001,-0.0012542,0.0003838,-0.0009808000000000002,0.001165,-0.0015389999999999998,0.002088,-0.00025099999999999987,-0.0016994000000000002,-0.00031839999999999999,0.0019397999999999998,-0.0016021999999999998,-0.0021045999999999999,0.001624,-0.0009547999999999999,-0.0021497999999999995,-0.0022225999999999999,-0.00053680000000000004,-0.0012784000000000001,-0.000379,0.00014540000000000001,0.0024688000000000002,-0.00037660000000000021,0.0020598000000000005,-1.3400000000000055e-05,-0.001438,-0.0025295999999999999,0.0014257999999999999,0.0015106000000000002,-0.0001292,0.001299,0.0017347999999999999,0.0027200000000000002,-0.0029992000000000005,0.00023000000000000012,-0.0023862000000000006,-0.0013059999999999999,-0.0009544,0.0035429999999999997,-0.001335,-0.00085559999999999998,-0.0017728000000000002,0.00051919999999999994,-0.0017216000000000002,-0.0037827999999999994,0.0015911999999999996,0.001771,-0.0013216,-0.00054460000000000034,-5.0000000000000131e-06,-0.0028680000000000003,0.00069920000000000008,-0.0035888000000000001,0.0016125999999999998,-0.0010840000000000003,-0.00055140000000000007,0.0056600000000000001,-0.0029191999999999998,5.6000000000000006e-05,0.0023975999999999997,-0.0032519999999999997,-0.00078019999999999977
aug_between_class_right_pair0044_child08,TLE,1,1,Augmented,0,0,0,0,0,0.25973769999999996,1.8801160000000001,9.9999999999999995e-08,-9.9999999999999995e-07,9.9999999999999969e-08,0.85052260000000002,0,0.047043300000000003,-0.13808380000000001,0.048221799999999995,0.1110757,-0.092381199999999997,0.059098999999999999,0.0046422,-0.010166,-0.0050989,-0.1020837,0.34365839999999998,-0.12863089999999999,-0.041319300000000003,0.10832649999999999,-0.042826699999999995,-0.027566599999999997,0.0051132,-0.0497393,0.035929300000000004,0.029327800000000001,-0.042391000000000005,0.0057814000000000008,-0.074705900000000006,0.015193999999999999,0.056505299999999994,-0.012863900000000001,0.005322399999999998,0.00097809999999999911,-0.057809800000000001,0.032992099999999996,-0.033171499999999993,-0.076084100000000002,0.1161895,-0.053159499999999998,0.15432030000000002,-0.028978899999999998,0.014093400000000001,-0.0098202000000000012,-0.014941000000000001,-0.0025293999999999994,0.0034156,0.044616400000000001,-0.0067124000000000003,-0.00018310000000000028,-0.016297599999999999,-0.035319100000000006,0.019130600000000001,0.043410499999999998,0.020938200000000001,0.0098937999999999995,-0.0033270000000000001,-0.022055000000000002,0.0247104,-0.031835599999999999,0.0008097,0.0054058999999999999,0.0072879999999999993,0.063492500000000007,-0.081386899999999998,-0.0345163,-0.030886400000000001,-0.043841399999999996,0.0080294000000000008,-0.0012898,-0.0051067999999999999,0.017432300000000001,0.012193200000000001,0.0007756000000000002,-0.0087992000000000001,0.0038266000000000003,0.0035339,-0.0026562999999999999,0.011519799999999998,0.0019741999999999997,-0.016626499999999999,0.0043503000000000005,0.0060957000000000008,0.0024356999999999998,-0.0055461,-0.0061920999999999999,0.017550400000000001,-0.0043549999999999995,-0.00072320000000000023,-0.0115976,-0.0115058,0.007717400000000001,-0.001268,-0.0078713000000000012,0.012316900000000002,-0.0049694000000000006,0.0011145999999999994,-0.0022908000000000026,-0.0027422000000000002,0.0062747000000000011,-0.0123091,0.0029104999999999999,-0.00095629999999999999,-0.0022339999999999999,-0.0096878999999999993,0.0089796000000000008,-0.0067210999999999998,-0.0031162999999999998,-0.0024825999999999997,0.0046678999999999991,-0.0030509000000000001,-0.0105518,0.0096353999999999988,0.0142982,0.0056950999999999998,0.0061630999999999995,0.014179600000000001,-0.0063590000000000001,-0.0018096000000000002,-0.0122173,0.012646000000000001,-0.00058239999999999995,-0.0019566000000000002,0.0159142,-0.010991900000000001,-0.0072380000000000005,-0.00098379999999999995,-0.0027039,-0.0033661000000000003,0.011890299999999999,0.0012206000000000005,0.0101043,-0.019865500000000001,-0.0036839999999999998,-0.011636499999999999,-0.0096352,0.014208900000000002,-0.00017799999999999994,0.0064505000000000005,-0.0011763999999999998,-0.00065289999999999966,-0.0019308999999999997,-0.0015256,0.0045883000000000009,-0.0062243000000000012,0.00014729999999999973,-0.0089823999999999998,-0.00030699999999999998,-0.0045355999999999999,-0.00028999999999999946,0.004203199999999999,0.0054186000000000008,0.0036309999999999997,0.0015043000000000001,-0.0013236999999999999,-0.0046115999999999996,-0.0026779999999999998,0.0010168999999999996,-0.0061782,-0.0021848000000000002,0.0091415000000000003,0.0034545000000000001,-0.0035450999999999998,-0.0061938000000000002,-0.0036554999999999999,-0.011854099999999999,0.0005801999999999999,-0.0023991000000000004,0.0010161999999999997,0.0014127999999999999,-0.00061669999999999954,0.0083215000000000008,-0.0083777000000000001,-0.0015068999999999996,0.0089274999999999997,0.0061626000000000007,0.0060568000000000011,0.013792599999999999,-0.0071926000000000004,-0.0060179999999999999,-0.012931100000000001,-0.00016529999999999995,0.0016938999999999999,-0.017445799999999997,0.012523300000000001,-0.00044469999999999991,0.00097900000000000027,0.00047630000000000003,-0.0027548999999999998,0.0021167999999999998,0.0024559999999999998,0.0048364999999999997,0.0027036999999999999,-0.0040194999999999996,0.0011573,-0.0010049000000000004,-0.0024047000000000001,-0.0024326999999999994,0.0023817,-0.0059533000000000008,-0.0011876999999999999,-0.0018544999999999998,-0.00060210000000000016,-0.00062690000000000011,-0.0034425000000000002,0.00038080000000000015,0.00033399999999999988,-0.0011726999999999998,-0.0052570999999999998,0.0065883000000000001,-0.0017537000000000008,0.0001008999999999999,-0.0038976000000000002,0.0042656000000000005,-0.0040991000000000005,0.0043531999999999998,-0.0031478999999999995,0.00046000000000000012,-0.00040809999999999978,-0.0038678000000000002,0.0071875999999999997,-0.006292100000000001,-0.0015360000000000003,0.0065220999999999994,0.0015175000000000002,-0.0058486000000000007,0.0080366000000000014,-0.00095230000000000033,0.0046882999999999994,0.0048811999999999996,0.0022462999999999997,0.011828100000000001,-0.0111764,0.0047847000000000002,-0.0063471000000000005,-0.012419899999999999,-0.0033893999999999999,0.0030793000000000001,-0.0011722,0.0022950000000000002,-0.0011259999999999998,-0.00079769999999999993,-0.0051310999999999996,-0.0025170000000000001,-0.00053180000000000002,-0.00047909999999999999,-0.0042342999999999999,0.00090210000000000019,-0.00040309999999999999,0.0010733000000000003,0.00049229999999999999,-0.0028776000000000001,4.999999999999986e-06,-0.0020040000000000001,0.0045598000000000001,-0.0015127999999999999,0.00080700000000000021,0.0033199000000000006,0.0025091999999999996,0.00079409999999999984,-0.0031523999999999996,-0.0019833000000000003,0.00011180000000000001,-0.0044647000000000003,0.0023314999999999998,0.00038409999999999963,-0.0014831000000000004,0.0077970999999999995,-0.0025089999999999999,-0.0074963000000000017,-0.0048032999999999999,-0.0012285,0.0102351,0.0010059000000000001,0.0018709000000000002,0.0044771999999999998,0.00033850000000000004,-0.0068251000000000006,-0.0047200000000000002,-0.0060101000000000009,0.0056363999999999997,0.0019688000000000002,0.00051179999999999997,0.00069459999999999964,-0.0014249000000000002,-0.0037992999999999998,0.0024968999999999998,-0.0090222999999999987,0.0022003999999999999,0.014758099999999998,0.00059380000000000001,0.0120971,-0.0065073000000000006,0.00083949999999999997,-0.00032039999999999993,0.0011086999999999998,0.0022507,0.00080460000000000004,4.4000000000000012e-05,0.0023521999999999996,0.00021329999999999998,0.0017906999999999999,0.00023220000000000001,-0.00074150000000000008,0.0021186999999999998,-0.0028711000000000001,0.001129,0.0016749,0.0011444000000000003,-0.00058660000000000006,0.00060920000000000006,0.0023814000000000001,0.0016489,0.00061099999999999978,-0.0026838000000000001,0.0013836,-0.0029382000000000002,0.0023856000000000003,-0.0023281999999999999,0.0032359999999999997,-0.0010369000000000001,0.0011400000000000008,0.0024238000000000003,-0.0019784,-0.0018990999999999999,-0.0018615000000000001,-0.00049600000000000013,0.00038399999999999979,0.00017110000000000004,-0.0051610000000000007,0.0028466000000000003,-0.0014017999999999986,-0.0032686,0.00040250000000000008,0.00042040000000000014,0.0021035000000000003,0.0014419999999999999,-0.0012589000000000001,0.0017573000000000001,-0.0004649000000000003,-0.0033862999999999992,0.00059999999999999995,0.0010430999999999999,0.0012685999999999999,0.00072499999999999995,0.0016784,-0.0020256000000000002,-0.0012112,-0.0048763999999999995,-0.0021795999999999999,-0.0019748999999999999,-0.0038065000000000004,0.0084323999999999996,-0.00050109999999999998,0.0040729000000000008,0.011094800000000002,-0.00038709999999999916,0.00098229999999999997,-0.00051480000000000015,0.0008234999999999999,-0.00070219999999999994,0.0011965999999999999,-0.0015047999999999999,-0.001645,-0.00051719999999999999,-0.00079659999999999996,0.00018090000000000001,0.0011406000000000003,0.00092150000000000001,0.00043119999999999996,0.0026269000000000002,-0.00070659999999999994,-0.0025428,-0.0017150000000000004,0.0010437999999999997,0.0040969000000000005,4.2999999999999988e-05,0.0010692,0.00026489999999999999,-0.0003392,-0.0028068999999999998,-0.0027365999999999996,-0.0019017000000000003,-0.00034359999999999995,0.0010819,0.0015479999999999997,0.0040426999999999998,-0.0010977999999999999,-0.00050560000000000004,-0.0001056999999999998,-0.0013257000000000002,0.0012139,0.0030658999999999999,0.00023299999999999992,0.00062719999999999974,0.0026333000000000003,0.00020159999999999991,-0.0019207,-0.0048509,-0.0018636000000000002,0.00073329999999999999,-0.0038809000000000001,-0.0030149,0.00051540000000000006,-0.00054110000000000009,-0.0012421000000000001,-0.0037108000000000002,-0.0042531999999999995,0.0027588000000000001,0.00019240000000000056,0.0013450000000000001,0.0011673,-0.0015095,0.0017794,0.0004441999999999999,0.0013557,0.0010211,0.0059158000000000006,-0.0015064,0.0026365,-0.0032315,-0.0012726999999999999,0.0014450000000000001,-0.0056600000000000001,0.0049075999999999998,-0.00093950000000000001,0.00025129999999999998,-3.3900000000000011e-05,0.00076330000000000018,0.00067319999999999988,-0.0019173000000000005,0.00026909999999999993,0.0012769000000000001,-0.00045990000000000007,-0.0003344,0.00023279999999999991,-0.00079110000000000009,-0.0024425000000000002,-1.5700000000000002e-05,-0.0027677000000000001,-0.0011176000000000003,0.00042889999999999996,-0.0011049000000000002,0.001217,-0.0018014999999999999,0.002356,-1.5999999999999901e-05,-0.0017026999999999999,-0.00024769999999999995,0.0021208999999999998,-0.0019165999999999996,-0.0020807999999999998,0.0016119999999999999,-0.0010708999999999998,-0.0022528999999999995,-0.0024543,-0.00060740000000000002,-0.0012122000000000001,-0.00045850000000000003,0.00023719999999999999,0.0025038999999999999,-0.00067480000000000003,0.0022444000000000001,-0.00029520000000000007,-0.0013755,-0.0025013000000000001,0.0012623999999999999,0.0017698000000000004,-0.0003550999999999999,0.0012590000000000001,0.0016554,0.0028219999999999999,-0.0032046000000000002,0.00032500000000000004,-0.0028820999999999999,-0.0010525000000000001,-0.0010302000000000002,0.0035230000000000001,-0.0013244999999999999,-0.00073180000000000012,-0.0017629,0.00038610000000000001,-0.0020462999999999996,-0.0037673999999999997,0.0016791,0.0014345,-0.0015058000000000003,-0.00077380000000000049,0.00015249999999999986,-0.0026715000000000003,0.0008801000000000002,-0.0036173999999999998,0.0020162999999999999,-0.0014230000000000002,-0.0005342000000000003,0.0055189999999999996,-0.0029030999999999996,7.0000000000000021e-05,0.0025478000000000002,-0.0028630000000000001,-0.00088910000000000009
aug_between_class_right_pair0045_child01,Healthy,0,0,Augmented,0,0,0,0,0,0.31145139999999999,2.1081878000000001,8.9999999999999996e-07,-9.9999999999999995e-07,0,1.0250729000000001,0,0.041628600000000002,-0.1287276,0.036856099999999996,0.1064229,-0.0912052,0.0828874,-0.0076479000000000009,-0.0085760000000000003,-0.017166500000000001,-0.11915869999999999,0.32631740000000004,-0.1189563,0.029610500000000008,0.063908900000000005,-0.0030228,-0.018891700000000001,-0.0071592000000000001,-0.036002399999999997,0.014186300000000001,0.020723100000000001,-0.057939999999999998,-0.00091360000000000009,-0.096323400000000003,0.0069596999999999992,0.0476747,-0.0280246,0.017420700000000001,0.0129842,-0.046031499999999996,0.0315743,-0.059614600000000004,-0.057987200000000003,0.097542400000000001,-0.032532499999999999,0.19624550000000002,-0.053915100000000001,0.0073866000000000001,-0.0068062000000000001,-0.0017778999999999998,-0.0138961,0.0071737000000000007,0.0498013,0.0011931999999999997,-0.0115344,-0.0213356,-0.020501399999999999,0.013821300000000002,0.030628999999999997,0.020098100000000001,0.0113285,-0.0074095000000000003,0.00081769999999999998,0.007883600000000001,-0.039238000000000002,-0.0085623000000000001,0.0062390000000000015,-0.00045120000000000002,0.0221634,-0.091375200000000004,0.0015977000000000005,-0.032399200000000003,6.7899999999999211e-05,0.0068378999999999992,-0.0013400000000000003,0.0023101000000000003,0.019238999999999999,0.0014423999999999999,0.0028731,-0.0095574000000000006,0.0121859,0.0120216,-0.0089505000000000001,0.0060055000000000004,0.0019748000000000001,-0.0089159000000000009,0.0048739000000000005,0.0008941000000000001,-0.0015249000000000009,-0.0054429000000000005,-0.012049199999999999,0.025485899999999999,-0.023149800000000002,-0.011848000000000001,-0.012405799999999998,-0.00044259999999999959,-0.0020289999999999996,-0.0048196999999999997,-0.0050171,0.0025949000000000007,-0.0131684,0.0022081000000000002,0.018534700000000001,0.012967100000000001,0.016937699999999997,-0.0042873,0.0032776000000000003,-0.0011540000000000005,0.0035686000000000008,-0.0063663000000000001,0.0131728,-0.0071559999999999992,0.0010843000000000007,-0.0064818000000000002,0.0090209000000000001,0.0017298999999999999,-0.0034380999999999999,0.0075341000000000002,0.010289599999999999,-0.0010845999999999989,0.0034230000000000003,0.0077129,-0.0077898999999999998,0.0020826999999999998,-0.0080674000000000006,0.016516099999999999,-0.0077294,-0.0060432999999999997,0.010544400000000001,-0.0012579000000000002,0.0050442000000000004,-0.0098615999999999999,-0.0091225999999999998,0.0008647999999999989,0.0074002,-0.0037475999999999998,-0.0060907000000000001,-0.01302,-0.0061652,-0.0129795,-0.0083537999999999998,0.0040265000000000006,0.0067692000000000004,-0.0012696000000000001,0.0048233,-0.0047054999999999996,-0.0021860999999999998,0.0019683999999999995,-0.0025185000000000003,-0.0063809000000000001,-0.00029999999999999992,0.0014852000000000012,0.00024050000000000005,-0.0040832000000000004,0.0093299999999999998,-0.0025015000000000003,0.0023933000000000001,0.0057204999999999999,-0.0041058000000000006,0.0036982,0.0046944999999999999,0.00071180000000000093,0.0023797000000000011,-0.0052566999999999996,-0.0027778999999999998,0.0089403999999999994,9.4799999999999919e-05,0.0049856999999999992,-0.0028453000000000003,-0.0071123999999999996,-0.0063106999999999998,0.0019780000000000002,-0.0093138000000000006,0.0037758000000000002,0.0013817,0.013773799999999999,0.0050572000000000004,-0.013495400000000001,-0.00016840000000000019,0.0094342000000000002,-0.00037819999999999976,0.0041811000000000001,0.0048421000000000002,-0.0073994000000000004,-0.0022155999999999999,-0.018615899999999998,0.0154247,0.0052413,0.0047017000000000014,0.0060826999999999999,-0.0047456,-0.0020027000000000001,-0.0011136000000000008,-0.0031304000000000002,-8.2299999999999995e-05,0.0026002999999999998,0.0012955,-0.00082980000000000011,-0.0060613999999999998,-0.00062579999999999992,0.0052019000000000006,-0.0017172999999999999,0.00066680000000000016,-0.00081629999999999995,0.0015566999999999998,-0.0022094000000000003,-0.0046192000000000004,0.0039924000000000001,0.00093260000000000001,-0.00036109999999999983,0.0033597000000000002,0.0062372,-0.0075233000000000001,0.00059210000000000035,0.0025864,0.0049592000000000004,0.0034013000000000003,0.0040888000000000001,0.0035374,-0.00066259999999999995,-0.00082370000000000002,0.00057269999999999999,0.0030766999999999995,-0.0011153000000000001,0.0014595000000000001,0.0037748,-0.0016757999999999999,-0.0058223000000000007,0.0029269999999999999,0.0023695999999999999,-1.6999999999998787e-06,-0.00096330000000000027,3.0199999999999541e-05,-0.0018820000000000002,0.0021491000000000001,-0.0081568999999999999,0.0065388,-0.0024831999999999988,0.0046895000000000001,-0.0047857000000000004,-0.013064599999999999,-0.0098444000000000014,0.0016582999999999999,-0.0030965000000000003,-0.0042198000000000001,8.6899999999999781e-05,-0.0048751000000000003,-0.0020751000000000003,0.00035009999999999989,0.00069910000000000003,-0.0012994999999999999,-0.0010430999999999997,-0.0017186000000000002,0.0068155000000000004,-0.0011983999999999999,-0.0019467999999999998,-0.001588,0.0044314000000000003,-0.00031089999999999991,0.0010373999999999997,-0.00093669999999999995,-0.00067069999999999999,-0.0032208999999999996,0.0015605,0.0040531999999999999,-0.007927,0.0051277000000000007,0.0010826,-0.0013909999999999999,-0.0033350000000000012,0.0044004000000000005,0.0017002000000000002,0.0030314000000000001,-0.0005459000000000001,0.0054559000000000005,-0.0053193000000000008,-0.0019372,0.0072481000000000004,-0.0051881000000000002,0.0069716000000000005,0.0053080999999999996,0.0027495000000000002,-0.0044991000000000007,-0.00041409999999999993,-0.0085790999999999992,0.0063699999999999998,-0.0025620999999999999,0.0010314999999999999,0.0026879999999999999,-0.0030815000000000005,-0.00035399999999999971,0.0024586,-0.0022342999999999998,0.0027203000000000001,0.0074584000000000004,-0.0018065000000000002,0.0079039999999999996,-0.0142323,0.0057599999999999995,-0.0024015,0.0016045,0.00056389999999999999,0.0033863000000000001,-0.0017624000000000001,-0.0035342000000000004,-0.0009986000000000001,0.0041285000000000002,-0.0019525,0.0018776999999999999,0.00090169999999999996,0.0019716000000000004,-0.00020860000000000019,0.0014498,0.00013580000000000005,-0.00048840000000000005,-0.0019529,-0.00094359999999999995,0.0012733,-0.0033907,-0.0013329000000000001,0.0013442,-0.0016001000000000001,-0.0043993000000000001,-0.00032189999999999996,-0.00090779999999999973,0.00029290000000000013,0.00077929999999999991,0.00035650000000000005,-0.0030206,0.0028384000000000005,-0.0020778000000000003,-0.0062846000000000004,4.0000000000022656e-07,0.00011550000000000002,0.0018222999999999998,0.0015045000000000002,0.0021500999999999998,-0.0018631000000000001,8.1100000000000074e-05,0.0016601000000000001,-0.00039739999999999979,0.0017329000000000001,0.00087649999999999989,0.0011993999999999998,0.00038139999999999984,0.0013924999999999999,-0.0032012000000000004,-0.0016015999999999999,0.0015731999999999999,0.0021517000000000003,-0.0029980999999999992,0.00048130000000000026,0.0031389,-0.0016498999999999999,0.0037364000000000004,0.0025364999999999997,0.0014895999999999998,0.0047586,-0.0039892000000000009,0.0032022000000000001,0.0030664000000000004,-0.0050111000000000001,0.00023350000000000004,0.0018679999999999999,-0.0012752,-0.0004858000000000001,0.0012664,-0.00018199999999999998,-0.00021760000000000003,-0.00098240000000000003,0.00031230000000000006,-0.0032050000000000004,0.0024565999999999998,0.0012340000000000003,-0.0017204000000000004,0.0010129000000000002,0.00081069999999999992,-0.0017824,0.0021943000000000002,-0.0013800000000000002,0.0019158000000000001,0.0021830000000000005,-0.0028354000000000001,0.00051340000000000001,-0.00099120000000000002,-0.0014139999999999999,-0.0018311,0.0003124,-0.00083119999999999993,0.0029068999999999996,-0.0025827000000000003,0.00072989999999999991,-0.0021761000000000003,-0.0027821,0.0032613,0.0035049,-0.0030029999999999996,0.0012442999999999998,0.0046134000000000001,-0.0046374000000000007,0.0025199000000000003,-0.0004975,0.0016725000000000002,-0.0020525999999999999,0.0022509000000000001,-0.0023395999999999998,-0.0025098999999999998,-0.0029893999999999997,0.0014408999999999997,-0.00060800000000000025,-9.9099999999999969e-05,0.00011309999999999998,-0.0028533000000000005,-0.0021547000000000007,0.0025774000000000001,-0.0028637999999999997,-0.0010138999999999999,0.0026003000000000007,0.0016453000000000001,0.00024599999999999996,-0.00038590000000000044,0.0021678999999999999,0.0046984999999999996,-0.0013752,0.0045195000000000001,-0.00025799999999999998,-0.0060100000000000006,-0.0011903000000000005,-0.00065760000000000015,0.0010789999999999999,-0.00038689999999999992,0.00093660000000000011,-0.00063349999999999995,-0.0017773000000000001,0.00074479999999999989,0.00085700000000000012,-0.00019940000000000002,-0.00050529999999999998,-0.0017292,0.0014322999999999998,-0.0016384000000000001,-0.00062969999999999996,0.0029113000000000003,0.0013008000000000004,-0.0009385000000000001,-0.0016759000000000001,0.00012450000000000004,0.00017729999999999997,0.0017881999999999998,0.0016258000000000002,0.0014907000000000002,0.00037809999999999987,-0.00045980000000000001,0.0014597999999999998,0.00024939999999999994,-0.00041739999999999995,-0.00073169999999999995,0.0016879000000000002,-0.0021034999999999999,0.0013459000000000001,-0.00010840000000000003,-0.0018402999999999998,0.0012551000000000003,-0.0002296,0.0015111,0.00079529999999999998,0.0022787999999999997,-0.0011235000000000001,0.00041179999999999993,0.00046980000000000004,-0.0016195999999999999,0.0015930000000000002,-0.00090269999999999999,0.00025270000000000002,-0.00020880000000000003,-0.00058109999999999998,0.0015121000000000002,-0.0034014000000000002,-0.002895,1.3099999999999993e-05,-0.0020543000000000002,-9.490000000000003e-05,0.0016497999999999999,0.00059759999999999989,0.0031695000000000004,0.00027999999999999998,-0.0025604999999999998,0.00013599999999999994,-0.0026131000000000001,0.0013028999999999998,-0.00066450000000000005,0.0028667000000000007,0.0011536999999999999,-0.00077119999999999999,-0.0017981999999999998,0.00074749999999999968,-0.0027030999999999995,-6.5400000000000072e-05,0.0018403,0.0012441000000000002,0.0073393999999999994,-0.006332,-0.0033097000000000005,-0.001665,0.00029310000000000013,0.0004417
aug_between_class_right_pair0045_child02,Healthy,0,0,Augmented,0,0,0,0,0,0.30678080000000002,2.1140735999999998,7.9999999999999996e-07,-9.9999999999999995e-07,0,1.0145028,0,0.040393199999999997,-0.1264912,0.036657200000000001,0.1047988,-0.092485400000000009,0.0800178,-0.0086148000000000006,-0.0070709999999999992,-0.014173000000000002,-0.1153474,0.3220268,-0.12002660000000001,0.030052000000000013,0.063787800000000006,-0.0057126000000000008,-0.019518400000000002,-0.0068834000000000013,-0.035926800000000002,0.015284599999999999,0.019534200000000002,-0.060388999999999998,-0.0013332000000000001,-0.095394800000000002,0.0081243999999999986,0.048714400000000005,-0.026638200000000001,0.017298399999999998,0.013110399999999999,-0.046252999999999996,0.0327946,-0.0590882,-0.051500400000000002,0.098119799999999993,-0.028828999999999997,0.194742,-0.052715199999999997,0.0072791999999999996,-0.0073604000000000013,-0.0015157999999999994,-0.014803200000000001,0.0074774000000000012,0.048475600000000001,0.00055340000000000033,-0.011721799999999999,-0.0206252,-0.021093799999999999,0.014261600000000001,0.030359999999999998,0.0201122,0.011592999999999999,-0.0078240000000000011,0.00067540000000000015,0.009464199999999999,-0.037754000000000003,-0.0061856000000000012,0.0049100000000000012,0.00020060000000000021,0.024014799999999999,-0.091247400000000006,0.00047040000000000103,-0.033808400000000002,-0.0013911999999999987,0.0071767999999999988,-0.00051300000000000011,0.0017472000000000004,0.019605000000000001,0.0021107999999999995,0.0015712,-0.0096647999999999994,0.0114958,0.0115852,-0.0082510000000000014,0.0051730000000000005,0.0018116000000000004,-0.009471799999999999,0.0045507999999999998,0.00039419999999999993,-0.0012518,-0.0065338000000000002,-0.0109084,0.025570800000000001,-0.021903600000000002,-0.011189000000000001,-0.011864599999999999,-0.00096720000000000009,-0.0016249999999999988,-0.0049733999999999993,-0.0043321999999999996,0.0025718,-0.0123678,0.0024162000000000003,0.0167274,0.011723200000000001,0.017138399999999998,-0.0043885999999999986,0.0043122000000000004,-0.0008420000000000003,0.0033581999999999996,-0.0061215999999999996,0.0129826,-0.0067259999999999993,5.4600000000000135e-05,-0.0063626000000000004,0.0097268000000000007,0.0014398000000000002,-0.0037482000000000001,0.0073512000000000004,0.010276199999999999,-0.00071220000000000051,0.0031259999999999999,0.0080888000000000002,-0.0072087999999999996,0.0010823999999999999,-0.0073918000000000005,0.016007199999999999,-0.0073407999999999998,-0.0057375999999999998,0.010684800000000001,-0.00076280000000000011,0.0053854000000000003,-0.009211200000000001,-0.0083721999999999998,0.0011005999999999993,0.0070894,-0.0031831999999999997,-0.0060294000000000007,-0.012569,-0.0062913999999999999,-0.012969,-0.0082255999999999996,0.0032340000000000008,0.0060994000000000005,-0.0016392000000000002,0.0053236000000000004,-0.0033400000000000001,-0.0022201999999999999,0.0020227999999999999,-0.002464,-0.0060588000000000005,-0.00063200000000000018,0.0014094000000000012,0.00028800000000000006,-0.0041134000000000006,0.0088750000000000009,-0.0023140000000000001,0.0024306000000000002,0.0060070000000000002,-0.0041046000000000008,0.0036824000000000002,0.0043210000000000002,0.00030260000000000031,0.0023334000000000011,-0.0047723999999999996,-0.0027688000000000001,0.0090437999999999994,0.00021259999999999986,0.0046214000000000003,-0.0027626,-0.0070367999999999993,-0.0059494000000000005,0.0017499999999999998,-0.0088596000000000005,0.0043286000000000002,0.0011963999999999998,0.0131066,0.0050883999999999999,-0.013831800000000002,-9.8000000000001298e-06,0.010218399999999999,-0.0013843999999999998,0.0037592000000000003,0.0043312000000000003,-0.0073498000000000001,-0.0020931999999999999,-0.018602800000000003,0.015072400000000001,0.0059365999999999993,0.0039824000000000023,0.0062573999999999998,-0.0043622000000000001,-0.0021774000000000003,-0.00091320000000000051,-0.0031378000000000001,-0.00013459999999999991,0.0029075999999999998,0.0011529999999999999,-0.00060560000000000008,-0.0061168000000000004,-0.00055060000000000005,0.0054257999999999997,-0.0019756000000000001,0.00025960000000000013,-0.00057259999999999993,0.00097140000000000008,-0.0025567999999999997,-0.0047494000000000008,0.0035528000000000001,0.0012972000000000001,-0.00049219999999999993,0.0033084000000000004,0.0060753999999999999,-0.0077636000000000007,0.00059519999999999929,0.0024097999999999997,0.0043024000000000005,0.0036446000000000004,0.0036576000000000004,0.0036798,-0.00063820000000000001,-0.0012424000000000003,0.00028239999999999993,0.0030354000000000002,-0.00095659999999999994,0.002444,0.0036915999999999997,-0.0015206,-0.0055306000000000001,0.0014109999999999999,0.0030422000000000001,0.00016960000000000022,-0.00099060000000000033,0.00055039999999999972,-0.0014300000000000005,0.0016022,-0.0071928000000000009,0.0061766,-0.0026734000000000003,0.0046020000000000002,-0.0057773999999999994,-0.011653200000000001,-0.0097438000000000004,0.0017156000000000001,-0.0029860000000000004,-0.0042236000000000001,0.00015479999999999986,-0.0047891999999999995,-0.0019302000000000004,0.00034219999999999997,0.00081520000000000008,-0.000883,-0.0011041999999999998,-0.0016322000000000001,0.0063119999999999999,-0.0010837999999999998,-0.0018426000000000002,-0.0016430000000000001,0.0043468000000000005,-0.00026179999999999997,0.00097579999999999976,-0.0011303999999999997,-0.00067040000000000003,-0.0027958000000000002,0.0014059999999999999,0.0038944000000000001,-0.0073079999999999994,0.0048674,0.0011722,-0.0015979999999999998,-0.0029770000000000009,0.0040078000000000006,0.0014034,0.0030878000000000004,-0.00030580000000000006,0.0050498000000000001,-0.0055196000000000004,-0.0014104000000000002,0.0074121999999999999,-0.0047591999999999999,0.0064412000000000011,0.0051262,0.002222,-0.0046232000000000009,4.0800000000000124e-05,-0.0078911999999999993,0.0062380000000000005,-0.0022912000000000002,0.0014799999999999998,0.0023260000000000004,-0.0028660000000000005,-0.00078199999999999971,0.0024672000000000001,-0.0024916000000000001,0.0032745999999999999,0.0067448000000000004,-0.0011780000000000002,0.0080330000000000002,-0.0146816,0.0048240000000000002,-0.0023970000000000003,0.0016330000000000001,0.00064179999999999999,0.0031635999999999999,-0.0016338000000000006,-0.0039664000000000001,-0.00098220000000000013,0.004183000000000001,-0.00182,0.0019654,0.00085340000000000004,0.0018652000000000002,3.5799999999999894e-05,0.0015556000000000001,0.00013360000000000005,-0.00023580000000000009,-0.0018088000000000002,-0.00035220000000000021,0.0012276000000000001,-0.0033044000000000007,-0.0011957999999999999,0.0012434,-0.0015302000000000002,-0.0042806000000000007,-0.00057280000000000005,-0.00052559999999999987,0.00051879999999999993,0.0011345999999999999,0.00045400000000000008,-0.0035182000000000004,0.0026167999999999999,-0.0019986000000000001,-0.0061192000000000009,-0.00026619999999999986,7.9000000000000023e-05,0.0015736000000000001,0.0017030000000000001,0.0022391999999999998,-0.0018332000000000001,-8.4800000000000001e-05,0.0015142000000000001,0.00034920000000000036,0.0019248000000000002,0.00071100000000000004,0.0011418000000000001,0.00053080000000000011,0.00091599999999999993,-0.0032154000000000002,-0.0017122000000000001,0.0020714000000000006,0.0020974000000000001,-0.0027001999999999998,0.00065860000000000029,0.0031918000000000003,-0.0018197999999999999,0.0034098000000000006,0.002042,0.0018082,0.0051552000000000004,-0.0035784000000000007,0.0035024000000000001,0.0021048000000000004,-0.0048832000000000007,3.6000000000000062e-05,0.001737,-0.0010543999999999998,-0.00029160000000000026,0.0011117999999999996,-0.00023400000000000005,-0.0001652,-0.0010248,0.00017860000000000014,-0.0027010000000000003,0.0023171999999999997,0.0011950000000000003,-0.0013748000000000005,0.00099580000000000024,0.00086439999999999998,-0.0015878000000000001,0.0019905999999999999,-0.001503,0.0017926000000000001,0.0019630000000000003,-0.0026568000000000004,0.00045179999999999992,-0.0010104000000000001,-0.0013370000000000001,-0.0019172,0.00024480000000000004,-0.00089240000000000001,0.0025997999999999993,-0.0023364000000000002,0.00089879999999999995,-0.0018652,-0.0022472000000000004,0.0031906,0.0033148000000000001,-0.0028279999999999998,0.0008075999999999999,0.0042097999999999997,-0.0042998000000000003,0.0023657999999999999,-0.00061899999999999998,0.0015789999999999999,-0.0020712,0.0020438000000000001,-0.0021622000000000013,-0.0021678000000000001,-0.0028058000000000002,0.0011238000000000001,-0.00052500000000000029,0.00018179999999999997,-9.5800000000000106e-05,-0.0026746000000000001,-0.0019404000000000005,0.0023807999999999998,-0.0023455999999999998,-0.0014268,0.0030296000000000003,0.0013175999999999999,1.0999999999999956e-05,-0.00022180000000000008,0.0022718,0.0042810000000000001,-0.00081439999999999985,0.0038830000000000002,-4.1000000000000021e-05,-0.0050439999999999999,-0.0011076000000000003,-0.00051520000000000005,0.00026199999999999965,-0.00054480000000000002,0.00079620000000000005,-0.00061900000000000019,-0.0016666000000000001,0.0005886000000000001,0.00086300000000000005,-0.00029279999999999996,-0.00065759999999999994,-0.0017504,0.0013276,-0.0015068000000000002,-0.00069840000000000006,0.0025766000000000005,0.0012086000000000002,-0.0010610000000000001,-0.0015348000000000002,0.00018100000000000006,-5.1400000000000023e-05,0.0017274,0.0016536000000000003,0.0015244,0.00045820000000000002,-0.00061059999999999999,0.0013615999999999997,0.00039779999999999997,-0.00034980000000000026,-0.00067039999999999992,0.0013198000000000003,-0.0020460000000000001,0.0011437999999999999,-0.00019279999999999981,-0.0018236000000000001,0.0011332000000000002,-0.00027320000000000003,0.0013702000000000002,0.00095259999999999995,0.0020446000000000001,-0.00090499999999999999,0.00018159999999999986,0.00048660000000000023,-0.0017072000000000001,0.0016640000000000001,-0.0009904,0.00035339999999999997,-0.00021159999999999999,-0.00044119999999999988,0.0015112000000000001,-0.0031058000000000001,-0.0027750000000000001,5.2199999999999968e-05,-0.0019436000000000002,6.3200000000000018e-05,0.0013885999999999998,0.0002812,0.0029540000000000005,0.00011300000000000014,-0.0020830000000000002,0.00011599999999999989,-0.0024282000000000001,0.0010348000000000002,-0.00050000000000000001,0.0025004000000000007,0.0014164,-0.00096840000000000001,-0.0016454,0.0010179999999999998,-0.0023452,6.9200000000000002e-05,0.0015476000000000001,0.0012052,0.0067157999999999992,-0.0060810000000000013,-0.0030474000000000005,-0.0019770000000000005,0.00028020000000000041,0.00058839999999999999
aug_between_class_right_pair0045_child03,Healthy,0,0,Augmented,0,0,0,0,0,0.3021102,2.1199593999999999,6.9999999999999997e-07,-9.9999999999999995e-07,0,1.0039327,4.1359030627651384e-25,0.0391578,-0.1242548,0.036458299999999999,0.10317470000000001,-0.093765600000000004,0.0771482,-0.0095817000000000003,-0.0055659999999999998,-0.011179500000000002,-0.1115361,0.31773620000000002,-0.12109690000000001,0.030493500000000003,0.063666700000000007,-0.0084024000000000008,-0.020145099999999999,-0.0066075999999999999,-0.0358512,0.016382899999999999,0.018345300000000002,-0.062838000000000005,-0.0017527999999999992,-0.0944662,0.0092890999999999998,0.049754100000000002,-0.025251799999999998,0.0171761,0.013236599999999999,-0.046474499999999995,0.034014900000000001,-0.058561799999999997,-0.045013600000000001,0.098697199999999999,-0.025125499999999999,0.19323850000000001,-0.0515153,0.0071717999999999999,-0.0079146000000000008,-0.0012537,-0.0157103,0.0077810999999999991,0.047149900000000002,-8.6399999999999932e-05,-0.011909199999999998,-0.0199148,-0.021686199999999999,0.0147019,0.030091,0.0201263,0.0118575,-0.008238500000000001,0.00053310000000000011,0.0110448,-0.036270000000000004,-0.0038088999999999992,0.0035810000000000004,0.00085239999999999969,0.025866199999999999,-0.091119599999999995,-0.00065690000000000106,-0.035217600000000002,-0.0028502999999999983,0.0075157000000000002,0.00031399999999999993,0.0011843000000000001,0.019971000000000003,0.0027791999999999999,0.00026930000000000009,-0.0097722,0.0108057,0.0111488,-0.0075514999999999992,0.0043404999999999997,0.0016484,-0.010027700000000001,0.0042277,-0.00010569999999999937,-0.00097869999999999988,-0.0076247000000000007,-0.0097676000000000013,0.0256557,-0.020657399999999999,-0.010530000000000001,-0.011323399999999997,-0.0014917999999999999,-0.001220999999999999,-0.0051271000000000008,-0.0036472999999999996,0.0025487000000000001,-0.011567200000000001,0.0026243000000000004,0.0149201,0.010479299999999999,0.0173391,-0.0044898999999999989,0.0053468000000000005,-0.00053000000000000031,0.0031477999999999992,-0.0058769,0.012792399999999999,-0.0062959999999999995,-0.00097509999999999958,-0.0062433999999999996,0.0104327,0.0011496999999999996,-0.0040582999999999999,0.0071682999999999998,0.010262799999999999,-0.00033979999999999991,0.0028289999999999999,0.0084647000000000003,-0.0066277000000000003,8.2099999999999881e-05,-0.0067162000000000003,0.0154983,-0.0069522000000000004,-0.0054318999999999999,0.0108252,-0.00026770000000000006,0.0057266000000000001,-0.0085608000000000004,-0.0076217999999999998,0.0013363999999999997,0.0067786000000000001,-0.0026188000000000001,-0.0059681000000000005,-0.012118,-0.0064175999999999999,-0.0129585,-0.0080973999999999994,0.0024415000000000005,0.0054296000000000006,-0.0020087999999999998,0.005823899999999999,-0.0019745000000000001,-0.0022542999999999999,0.0020772,-0.0024094999999999997,-0.0057367,-0.00096400000000000001,0.0013336000000000003,0.00033550000000000008,-0.0041435999999999999,0.0084200000000000004,-0.0021265000000000004,0.0024678999999999999,0.0062935000000000005,-0.0041034000000000001,0.0036666000000000003,0.0039474999999999996,-0.00010659999999999988,0.0022870999999999994,-0.0042881000000000004,-0.0027596999999999999,0.0091471999999999994,0.00033040000000000022,0.0042570999999999989,-0.0026799000000000003,-0.006961199999999999,-0.0055881000000000004,0.0015219999999999999,-0.0084054000000000004,0.0048814000000000001,0.0010111,0.0124394,0.0051196000000000002,-0.014168199999999999,0.00014880000000000015,0.0110026,-0.0023905999999999997,0.0033373000000000001,0.0038203,-0.0073001999999999997,-0.0019708,-0.018589700000000001,0.0147201,0.0066318999999999987,0.0032630999999999997,0.0064321000000000005,-0.0039788000000000002,-0.0023521000000000002,-0.00071280000000000041,-0.0031451999999999999,-0.00018690000000000026,0.0032148999999999997,0.0010105000000000001,-0.00038139999999999995,-0.0061721999999999992,-0.00047539999999999995,0.0056496999999999997,-0.0022339,-0.00014759999999999993,-0.00032889999999999992,0.00038609999999999974,-0.0029042,-0.0048795999999999996,0.0031132,0.0016618,-0.00062330000000000003,0.0032571000000000002,0.0059135999999999998,-0.0080039000000000013,0.00059829999999999996,0.0022332000000000003,0.0036456000000000001,0.0038879000000000006,0.0032263999999999995,0.0038222000000000004,-0.00061379999999999996,-0.0016611,-7.9000000000001378e-06,0.0029940999999999991,-0.00079790000000000004,0.0034285000000000001,0.0036084000000000003,-0.0013653999999999999,-0.0052389000000000003,-0.00010500000000000049,0.0037147999999999999,0.00034089999999999988,-0.0010178999999999995,0.0010705999999999997,-0.00097799999999999992,0.0010553000000000001,-0.0062287000000000002,0.0058144000000000008,-0.0028636,0.0045144999999999994,-0.0067691000000000001,-0.010241799999999999,-0.0096432000000000011,0.0017729,-0.0028755000000000005,-0.0042274000000000001,0.00022269999999999994,-0.0047033000000000005,-0.0017853000000000001,0.00033429999999999994,0.00093130000000000014,-0.00046650000000000006,-0.0011653000000000002,-0.0015458,0.0058084999999999994,-0.00096920000000000003,-0.0017383999999999993,-0.0016980000000000001,0.0042622000000000007,-0.00021269999999999994,0.0009142,-0.0013240999999999999,-0.00067010000000000008,-0.0023706999999999999,0.0012515,0.0037355999999999999,-0.0066889999999999996,0.0046070999999999994,0.0012618,-0.001805,-0.0026190000000000007,0.0036152000000000003,0.0011066000000000001,0.0031442000000000002,-6.5700000000000079e-05,0.0046437000000000006,-0.0057199,-0.0008835999999999999,0.0075762999999999994,-0.0043302999999999996,0.0059107999999999999,0.0049442999999999987,0.0016944999999999998,-0.0047473000000000003,0.00049570000000000018,-0.0072032999999999993,0.0061060000000000003,-0.0020203,0.0019284999999999997,0.001964,-0.0026505000000000001,-0.0012100000000000001,0.0024757999999999998,-0.0027489000000000003,0.0038289000000000001,0.0060312000000000004,-0.00054949999999999964,0.0081619999999999991,-0.015130899999999999,0.0038879999999999987,-0.0023924999999999997,0.0016614999999999998,0.00071970000000000009,0.0029408999999999998,-0.0015051999999999999,-0.0043985999999999999,-0.00096580000000000017,0.0042374999999999999,-0.0016875,0.0020531,0.0008051,0.0017587999999999998,0.00028019999999999998,0.0016613999999999999,0.0001314,1.6799999999999866e-05,-0.0016647000000000001,0.00023920000000000039,0.0011818999999999998,-0.0032181000000000006,-0.0010586999999999999,0.0011426000000000001,-0.0014603000000000001,-0.0041619000000000005,-0.00082370000000000002,-0.0001433999999999998,0.00074470000000000005,0.0014898999999999997,0.00055150000000000002,-0.0040157999999999999,0.0023952000000000001,-0.0019193999999999999,-0.0059538000000000004,-0.00053279999999999994,4.249999999999999e-05,0.0013248999999999997,0.0019015,0.0023283000000000002,-0.0018032999999999999,-0.00025069999999999997,0.0013683,0.0010958000000000005,0.0021167,0.00054549999999999976,0.0010842,0.00068020000000000016,0.00043949999999999957,-0.0032296,-0.0018227999999999999,0.0025695999999999996,0.0020431,-0.0024022999999999987,0.00083590000000000031,0.0032447000000000001,-0.0019897000000000001,0.0030831999999999999,0.0015474999999999998,0.0021267999999999999,0.0055518000000000008,-0.0031676000000000005,0.0038026000000000002,0.0011432000000000005,-0.0047553000000000005,-0.00016149999999999997,0.0016059999999999998,-0.00083359999999999966,-9.7399999999999982e-05,0.00095719999999999974,-0.00028600000000000001,-0.00011280000000000003,-0.0010671999999999997,4.4900000000000088e-05,-0.0021969999999999997,0.0021777999999999997,0.0011559999999999999,-0.0010292000000000003,0.00097869999999999988,0.00091810000000000004,-0.0013932,0.0017869000000000001,-0.0016260000000000001,0.0016694000000000001,0.001743,-0.0024781999999999998,0.00039019999999999994,-0.0010295999999999999,-0.0012599999999999998,-0.0020033,0.00017720000000000002,-0.00095359999999999998,0.0022926999999999999,-0.0020901000000000001,0.0010677,-0.0015543000000000002,-0.0017122999999999999,0.0031199000000000001,0.0031246999999999998,-0.0026529999999999995,0.00037089999999999985,0.0038061999999999996,-0.0039621999999999999,0.0022117,-0.00074049999999999995,0.0014855000000000001,-0.0020897999999999997,0.0018367000000000004,-0.0019848000000000001,-0.0018257,-0.0026221999999999999,0.00080669999999999993,-0.0004419999999999999,0.00046269999999999992,-0.00030470000000000014,-0.0024959000000000001,-0.0017260999999999999,0.0021841999999999999,-0.0018273999999999999,-0.0018396999999999997,0.0034589,0.00098989999999999972,-0.00022399999999999997,-5.7700000000000156e-05,0.0023756999999999997,0.0038634999999999997,-0.00025359999999999988,0.0032464999999999998,0.00017599999999999994,-0.0040780000000000009,-0.0010249,-0.00037279999999999995,-0.00055500000000000037,-0.00070270000000000011,0.0006558,-0.0006045,-0.0015559,0.00043239999999999994,0.00086899999999999998,-0.00038619999999999995,-0.0008098999999999999,-0.0017716000000000001,0.0012228999999999999,-0.0013752,-0.00076709999999999994,0.0022419000000000002,0.0011164,-0.0011835000000000001,-0.0013936999999999999,0.00023750000000000003,-0.00028009999999999992,0.0016665999999999999,0.0016813999999999996,0.0015581,0.00053830000000000002,-0.00076139999999999997,0.0012633999999999996,0.00054619999999999994,-0.00028219999999999992,-0.00060910000000000001,0.0009517000000000002,-0.0019884999999999998,0.00094169999999999996,-0.00027720000000000002,-0.0018069,0.0010112999999999999,-0.0003168,0.0012293,0.0011099,0.0018103999999999998,-0.00068649999999999994,-4.8600000000000151e-05,0.00050339999999999998,-0.0017947999999999998,0.001735,-0.0010781,0.00045410000000000003,-0.00021439999999999995,-0.00030129999999999979,0.0015103,-0.0028101999999999997,-0.0026549999999999998,9.1299999999999983e-05,-0.0018328999999999999,0.0002212999999999999,0.0011273999999999998,-3.5199999999999988e-05,0.0027385,-5.4000000000000012e-05,-0.0016055000000000002,9.6000000000000057e-05,-0.0022433000000000002,0.00076670000000000004,-0.00033550000000000008,0.0021340999999999999,0.0016791,-0.0011656000000000001,-0.0014926,0.0012884999999999999,-0.0019872999999999996,0.00020380000000000005,0.0012549,0.0011663000000000001,0.006092199999999999,-0.0058300000000000001,-0.0027851,-0.0022890000000000002,0.00026729999999999983,0.00073509999999999992
aug_between_class_right_pair0045_child04,Healthy,0,0,Augmented,0,0,0,0,0,0.29743960000000003,2.1258452000000001,5.9999999999999997e-07,-9.9999999999999995e-07,0,0.9933626000000001,0,0.037922400000000002,-0.1220184,0.036259399999999997,0.1015506,-0.0950458,0.0742786,-0.010548600000000002,-0.0040609999999999995,-0.0081860000000000006,-0.1077248,0.31344559999999999,-0.1221672,0.030935000000000008,0.063545600000000008,-0.0110922,-0.0207718,-0.0063318000000000003,-0.035775599999999998,0.017481200000000002,0.017156400000000002,-0.065286999999999998,-0.0021723999999999992,-0.093537599999999999,0.010453799999999999,0.0507938,-0.023865400000000002,0.017053800000000001,0.013362800000000001,-0.046695999999999994,0.035235200000000001,-0.058035400000000001,-0.0385268,0.099274599999999991,-0.021421999999999997,0.19173499999999999,-0.050315399999999996,0.0070644000000000002,-0.008468800000000002,-0.00099160000000000047,-0.016617400000000001,0.0080847999999999996,0.045824200000000002,-0.0007262000000000002,-0.012096599999999999,-0.0192044,-0.022278599999999999,0.015142200000000001,0.029822000000000001,0.020140399999999999,0.012122000000000001,-0.008653000000000001,0.00039080000000000001,0.0126254,-0.034785999999999997,-0.0014321999999999994,0.0022520000000000005,0.0015041999999999998,0.027717600000000002,-0.090991799999999998,-0.0017842000000000014,-0.036626800000000001,-0.0043093999999999997,0.0078545999999999998,0.0011409999999999999,0.00062140000000000003,0.020337000000000001,0.0034475999999999999,-0.0010326000000000003,-0.0098796000000000005,0.010115600000000001,0.0107124,-0.0068520000000000005,0.0035079999999999998,0.0014852000000000003,-0.0105836,0.0039045999999999998,-0.00060560000000000041,-0.00070560000000000067,-0.0087156000000000004,-0.0086268000000000004,0.025740599999999999,-0.0194112,-0.0098709999999999996,-0.010782199999999999,-0.0020163999999999998,-0.00081699999999999915,-0.0052808000000000004,-0.0029623999999999996,0.0025256000000000002,-0.010766600000000001,0.0028324000000000001,0.013112799999999999,0.0092354000000000012,0.017539800000000001,-0.0045912000000000001,0.0063814000000000006,-0.00021800000000000009,0.0029373999999999989,-0.0056322000000000004,0.012602200000000001,-0.0058659999999999997,-0.0020047999999999997,-0.0061242000000000007,0.011138599999999999,0.00085959999999999986,-0.0043684000000000006,0.0069854000000000001,0.010249399999999999,3.260000000000025e-05,0.0025320000000000004,0.0088406000000000005,-0.0060466000000000001,-0.00091819999999999966,-0.0060406000000000001,0.0149894,-0.0065635999999999993,-0.0051262,0.010965600000000001,0.0002274,0.0060677999999999999,-0.0079103999999999997,-0.0068713999999999989,0.0015721999999999993,0.0064678000000000001,-0.0020543999999999996,-0.0059067999999999994,-0.011667,-0.0065438000000000007,-0.012947999999999999,-0.0079691999999999992,0.0016490000000000005,0.0047597999999999998,-0.0023784000000000006,0.0063242000000000003,-0.00060900000000000017,-0.0022883999999999999,0.0021316,-0.0023550000000000003,-0.0054146000000000012,-0.0012960000000000001,0.0012578000000000003,0.00038300000000000004,-0.0041738000000000001,0.0079649999999999999,-0.0019389999999999998,0.0025052,0.006579999999999999,-0.0041022000000000003,0.0036507999999999996,0.0035739999999999999,-0.00051579999999999974,0.0022408000000000003,-0.0038038000000000004,-0.0027506000000000002,0.0092505999999999994,0.00044819999999999973,0.0038927999999999992,-0.0025972,-0.0068855999999999987,-0.0052268000000000002,0.0012940000000000004,-0.0079512000000000003,0.0054342000000000001,0.00082580000000000001,0.0117722,0.0051507999999999996,-0.014504599999999999,0.00030739999999999999,0.0117868,-0.0033967999999999993,0.0029154000000000003,0.0033094000000000001,-0.0072505999999999994,-0.0018484000000000003,-0.018576599999999999,0.014367800000000002,0.007327199999999999,0.0025438000000000006,0.0066068000000000003,-0.0035954000000000003,-0.0025268000000000001,-0.00051240000000000031,-0.0031526000000000002,-0.00023920000000000018,0.0035222000000000001,0.00086800000000000006,-0.00015719999999999997,-0.0062275999999999998,-0.00040020000000000008,0.0058735999999999997,-0.0024922,-0.00055479999999999993,-8.5199999999999848e-05,-0.00019920000000000023,-0.0032516000000000003,-0.0050098,0.0026735999999999995,0.0020264000000000002,-0.00075440000000000001,0.0032058,0.0057517999999999996,-0.0082442000000000001,0.00060140000000000063,0.0020565999999999996,0.0029887999999999998,0.0041311999999999998,0.0027951999999999994,0.0039646000000000004,-0.00058940000000000002,-0.0020798000000000006,-0.0002982000000000002,0.0029527999999999998,-0.00063919999999999992,0.0044130000000000003,0.0035252,-0.0012101999999999998,-0.0049472000000000006,-0.0016210000000000005,0.0043873999999999996,0.00051219999999999998,-0.0010452,0.0015907999999999996,-0.00052599999999999999,0.0005084,-0.0052646000000000004,0.0054521999999999999,-0.0030537999999999997,0.0044270000000000004,-0.0077608,-0.0088303999999999987,-0.0095426000000000018,0.0018302000000000001,-0.0027650000000000001,-0.0042312000000000009,0.0002905999999999998,-0.0046173999999999998,-0.0016404,0.00032639999999999996,0.0010474000000000004,-5.0000000000000023e-05,-0.0012263999999999999,-0.0014594,0.0053050000000000007,-0.00085459999999999996,-0.0016341999999999997,-0.0017530000000000002,0.0041776000000000001,-0.00016359999999999999,0.0008525999999999998,-0.0015178000000000001,-0.00066980000000000013,-0.0019455999999999998,0.0010969999999999999,0.0035767999999999998,-0.0060699999999999999,0.0043467999999999996,0.0013514,-0.0020119999999999999,-0.0022610000000000004,0.0032225999999999999,0.00080980000000000006,0.0032006000000000001,0.00017439999999999996,0.0042375999999999994,-0.0059202000000000005,-0.00035680000000000005,0.0077403999999999997,-0.0039013999999999997,0.0053804000000000005,0.0047624,0.0011669999999999999,-0.0048714000000000006,0.00095060000000000045,-0.0065153999999999993,0.0059740000000000001,-0.0017494000000000001,0.0023769999999999998,0.0016019999999999997,-0.0024350000000000001,-0.0016380000000000003,0.0024843999999999999,-0.0030062000000000001,0.0043832000000000003,0.0053176000000000005,7.9000000000000186e-05,0.0082909999999999998,-0.015580200000000001,0.0029519999999999989,-0.0023880000000000004,0.0016899999999999999,0.00079760000000000009,0.0027181999999999996,-0.0013766,-0.0048307999999999997,-0.00094939999999999998,0.0042920000000000007,-0.001555,0.0021408000000000004,0.00075679999999999996,0.0016524000000000003,0.00052459999999999996,0.0017672,0.0001292,0.00026939999999999993,-0.0015206000000000002,0.00083060000000000024,0.0011362000000000002,-0.0031318000000000006,-0.00092159999999999996,0.0010418000000000001,-0.0013904,-0.0040432000000000003,-0.0010746000000000002,0.00023880000000000017,0.00097060000000000007,0.0018452,0.00064900000000000005,-0.0045133999999999999,0.0021736000000000004,-0.0018402,-0.0057884,-0.00079940000000000013,5.99999999999999e-06,0.0010761999999999998,0.0021000000000000003,0.0024174000000000001,-0.0017733999999999998,-0.00041660000000000004,0.0012224,0.0018424000000000005,0.0023086000000000005,0.00037999999999999986,0.0010265999999999999,0.0008296,-3.7000000000000357e-05,-0.0032437999999999998,-0.0019333999999999998,0.0030678000000000003,0.0019888000000000002,-0.0021043999999999993,0.0010131999999999999,0.0032976000000000004,-0.0021595999999999998,0.0027565999999999997,0.0010529999999999995,0.0024453999999999999,0.0059484000000000004,-0.0027568000000000002,0.0041028000000000002,0.00018160000000000051,-0.0046274000000000003,-0.00035900000000000005,0.001475,-0.00061279999999999993,9.6799999999999968e-05,0.00080259999999999999,-0.00033800000000000008,-6.0400000000000059e-05,-0.0011095999999999999,-8.8799999999999922e-05,-0.0016929999999999998,0.0020383999999999997,0.0011170000000000002,-0.00068359999999999992,0.00096160000000000017,0.00097179999999999999,-0.0011986000000000002,0.0015831999999999999,-0.0017490000000000001,0.0015462,0.0015230000000000003,-0.0022996000000000002,0.00032859999999999991,-0.0010488000000000001,-0.001183,-0.0020893999999999999,0.00010960000000000001,-0.0010147999999999999,0.0019855999999999997,-0.0018437999999999998,0.0012366,-0.0012434,-0.0011774000000000001,0.0030492000000000002,0.0029345999999999994,-0.0024779999999999997,-6.580000000000019e-05,0.0034025999999999995,-0.0036246,0.0020576000000000001,-0.00086200000000000003,0.0013920000000000002,-0.0021083999999999999,0.0016295999999999999,-0.0018074,-0.0014835999999999998,-0.0024386,0.00048959999999999997,-0.00035900000000000005,0.00074360000000000029,-0.00051360000000000012,-0.0023172000000000002,-0.0015118000000000002,0.0019876,-0.0013091999999999997,-0.0022526,0.0038882000000000009,0.00066219999999999983,-0.00045900000000000004,0.00010639999999999998,0.0024795999999999998,0.0034459999999999994,0.00030720000000000031,0.0026099999999999999,0.0003929999999999999,-0.0031120000000000002,-0.00094219999999999981,-0.00023039999999999996,-0.0013720000000000004,-0.00086059999999999999,0.00051540000000000006,-0.00059000000000000003,-0.0014452,0.00027619999999999994,0.00087499999999999991,-0.00047959999999999995,-0.00096220000000000008,-0.0017928000000000002,0.0011181999999999997,-0.0012436000000000001,-0.00083580000000000004,0.0019072,0.0010242000000000003,-0.0013060000000000001,-0.0012526,0.00029399999999999999,-0.00050880000000000001,0.0016058000000000001,0.0017092000000000001,0.0015918,0.00061839999999999985,-0.00091220000000000016,0.0011651999999999995,0.00069459999999999997,-0.00021460000000000001,-0.00054779999999999998,0.00058360000000000009,-0.0019309999999999998,0.00073959999999999998,-0.00036160000000000001,-0.0017901999999999998,0.00088939999999999972,-0.00036040000000000003,0.0010884,0.0012672,0.0015761999999999996,-0.00046799999999999994,-0.00027880000000000005,0.00052019999999999996,-0.0018824000000000002,0.0018059999999999999,-0.0011658,0.00055480000000000004,-0.00021720000000000002,-0.00016139999999999991,0.0015093999999999999,-0.0025146000000000001,-0.0025349999999999999,0.0001304,-0.0017221999999999999,0.00037940000000000001,0.0008661999999999998,-0.00035160000000000009,0.0025230000000000001,-0.00022099999999999995,-0.0011279999999999999,7.6000000000000004e-05,-0.0020584000000000002,0.00049859999999999998,-0.00017100000000000001,0.0017678000000000001,0.0019418,-0.0013628000000000002,-0.0013397999999999999,0.0015590000000000001,-0.0016294,0.00033840000000000004,0.00096219999999999986,0.0011274,0.0054685999999999988,-0.0055790000000000006,-0.0025228,-0.002601,0.00025439999999999968,0.00088179999999999997
aug_between_class_right_pair0045_child05,TLE,1,1,Augmented,0,0,0,0,0,0.28809839999999998,2.1376168,4.0000000000000003e-07,-9.9999999999999995e-07,0,0.97222240000000004,0,0.0354516,-0.1175456,0.0358616,0.098302399999999998,-0.097606200000000004,0.0685394,-0.012482400000000001,-0.0010509999999999999,-0.0021989999999999996,-0.1001022,0.30486440000000004,-0.12430780000000001,0.031817999999999999,0.063303399999999996,-0.016471800000000002,-0.022025200000000002,-0.005780200000000001,-0.035624400000000001,0.019677799999999999,0.014778599999999999,-0.070184999999999997,-0.0030116000000000001,-0.091680400000000009,0.012783199999999998,0.052873200000000002,-0.0210926,0.0168092,0.013615200000000001,-0.047139,0.037675799999999995,-0.056982600000000001,-0.025553200000000002,0.1004294,-0.014014999999999996,0.18872800000000001,-0.047915600000000003,0.0068496,-0.009577200000000001,-0.00046740000000000063,-0.018431599999999999,0.0086922000000000006,0.043172799999999997,-0.0020057999999999994,-0.012471400000000001,-0.0177836,-0.023463399999999999,0.0160228,0.029283999999999998,0.020168600000000002,0.012650999999999999,-0.0094820000000000008,0.00010620000000000007,0.015786599999999998,-0.031817999999999999,0.0033211999999999998,-0.00040599999999999968,0.0028077999999999996,0.031420400000000001,-0.090736200000000003,-0.0040388000000000004,-0.0394452,-0.007227599999999999,0.008532399999999999,0.0027949999999999997,-0.0005043999999999999,0.021069000000000001,0.0047844000000000003,-0.0036363999999999997,-0.0100944,0.0087354000000000008,0.0098396000000000004,-0.0054529999999999995,0.001843,0.0011588000000000002,-0.0116954,0.0032584000000000003,-0.0016053999999999999,-0.00015939999999999965,-0.0108974,-0.0063452000000000005,0.0259104,-0.016918800000000001,-0.0085530000000000016,-0.0096997999999999997,-0.0030655999999999999,-8.9999999999998935e-06,-0.0055881999999999998,-0.0015925999999999996,0.0024793999999999997,-0.0091654000000000006,0.0032486000000000004,0.0094982000000000018,0.0067475999999999994,0.017941199999999997,-0.0047937999999999991,0.0084505999999999991,0.00040599999999999989,0.0025165999999999999,-0.0051428000000000003,0.0122218,-0.005006,-0.0040641999999999987,-0.0058858000000000001,0.0125504,0.00027940000000000039,-0.0049886000000000002,0.0066195999999999998,0.0102226,0.00077740000000000014,0.0019380000000000003,0.0095924000000000009,-0.0048843999999999997,-0.0029187999999999996,-0.0046893999999999998,0.013971600000000001,-0.0057864000000000006,-0.0045147999999999994,0.0112464,0.0012175999999999992,0.0067501999999999996,-0.0066096000000000002,-0.0053705999999999997,0.0020437999999999993,0.0058462000000000002,-0.00092560000000000038,-0.0057842000000000006,-0.010765,-0.0067962000000000005,-0.012927000000000001,-0.0077127999999999997,6.4000000000000688e-05,0.0034202,-0.0031176000000000003,0.0073248000000000002,0.0021219999999999989,-0.0023565999999999999,0.0022403999999999996,-0.0022459999999999997,-0.0047704000000000002,-0.0019599999999999999,0.0011062000000000003,0.00047800000000000002,-0.0042342000000000005,0.0070550000000000005,-0.0015640000000000003,0.0025798000000000001,0.0071529999999999996,-0.0040997999999999998,0.0036191999999999991,0.0028270000000000005,-0.0013341999999999998,0.0021482000000000003,-0.0028352000000000004,-0.0027324000000000003,0.0094573999999999995,0.0006837999999999996,0.0031641999999999998,-0.0024318,-0.0067343999999999998,-0.0045041999999999999,0.0008380000000000002,-0.0070428000000000001,0.0065398000000000001,0.00045520000000000022,0.010437800000000001,0.0052132000000000003,-0.015177400000000001,0.0006246,0.013355199999999999,-0.0054091999999999986,0.0020716000000000003,0.0022875999999999999,-0.0071514000000000005,-0.0016035999999999999,-0.018550400000000002,0.013663199999999999,0.0087177999999999995,0.0011052000000000006,0.0069562000000000001,-0.0028286000000000001,-0.0028762000000000002,-0.00011160000000000011,-0.0031673999999999999,-0.00034380000000000001,0.0041367999999999995,0.00058300000000000008,0.00029120000000000003,-0.0063383999999999992,-0.00024979999999999989,0.0063213999999999996,-0.0030087999999999998,-0.0013691999999999999,0.00040220000000000013,-0.0013697999999999998,-0.0039463999999999992,-0.0052702000000000009,0.0017943999999999998,0.0027555999999999995,-0.0010165999999999999,0.0031032000000000004,0.0054281999999999993,-0.0087248000000000013,0.00060760000000000024,0.0017034000000000001,0.0016752000000000004,0.0046178,0.0019328000000000001,0.0042494000000000004,-0.00054060000000000002,-0.0029172,-0.00087879999999999989,0.0028701999999999994,-0.00032180000000000012,0.0063819999999999997,0.0033588000000000003,-0.00089979999999999997,-0.0043638000000000001,-0.0046530000000000009,0.0057325999999999992,0.00085480000000000061,-0.0010997999999999997,0.0026311999999999993,0.0003779999999999997,-0.00058540000000000003,-0.0033364000000000006,0.0047277999999999999,-0.0034342000000000001,0.0042520000000000006,-0.009744199999999998,-0.0060076000000000001,-0.0093413999999999997,0.0019448,-0.0025440000000000003,-0.0042388,0.00042639999999999974,-0.0044456000000000001,-0.0013506000000000002,0.00031059999999999996,0.0012796000000000001,0.00078299999999999995,-0.0013485999999999999,-0.0012865999999999999,0.0042980000000000006,-0.00062540000000000002,-0.0014257999999999996,-0.0018630000000000001,0.0040084000000000005,-6.5400000000000018e-05,0.00072939999999999984,-0.0019051999999999999,-0.0006692,-0.0010954000000000001,0.00078800000000000007,0.0032592000000000003,-0.0048320000000000004,0.0038262000000000001,0.0015306,-0.0024259999999999998,-0.0015450000000000004,0.0024374000000000006,0.00021620000000000027,0.0033134000000000002,0.00065459999999999976,0.0034254000000000003,-0.0063207999999999997,0.00069680000000000002,0.0080686000000000004,-0.0030436,0.0043196000000000007,0.004398599999999999,0.0001119999999999999,-0.0051196000000000002,0.0018604000000000003,-0.0051395999999999994,0.0057099999999999998,-0.0012076000000000001,0.0032739999999999991,0.00087800000000000031,-0.0020040000000000001,-0.0024939999999999997,0.0025016000000000001,-0.0035208000000000001,0.0054917999999999998,0.0038904000000000009,0.0013359999999999999,0.0085489999999999993,-0.016478800000000002,0.0010799999999999998,-0.002379,0.0017470000000000001,0.00095340000000000008,0.0022727999999999997,-0.0011194000000000002,-0.0056951999999999992,-0.00091660000000000005,0.0044010000000000004,-0.0012899999999999999,0.0023162,0.00066020000000000011,0.0014396000000000001,0.0010134,0.0019788000000000002,0.00012479999999999994,0.00077459999999999964,-0.0012324000000000002,0.0020134000000000003,0.0010448,-0.0029592000000000004,-0.00064740000000000002,0.00084020000000000004,-0.0012506000000000001,-0.0038058000000000002,-0.0015763999999999999,0.0010031999999999999,0.0014223999999999999,0.0025557999999999996,0.00084400000000000013,-0.0055085999999999998,0.0017304000000000002,-0.0016818,-0.0054576,-0.0013326,-6.7000000000000002e-05,0.00057879999999999997,0.0024970000000000001,0.0025956,-0.0017136,-0.00074839999999999998,0.00093060000000000007,0.0033356000000000006,0.0026923999999999997,4.8999999999999998e-05,0.00091140000000000014,0.0011284000000000001,-0.00098999999999999999,-0.0032722000000000003,-0.0021545999999999996,0.0040642000000000005,0.0018802000000000001,-0.0015085999999999997,0.0013678000000000004,0.0034034,-0.0024993999999999997,0.0021034000000000001,6.4000000000000146e-05,0.0030825999999999996,0.0067416000000000004,-0.0019352000000000002,0.0047032000000000003,-0.0017415999999999994,-0.0043715999999999998,-0.0007539999999999999,0.0012130000000000001,-0.00017119999999999993,0.00048519999999999992,0.00049339999999999985,-0.00044200000000000001,4.4399999999999887e-05,-0.0011943999999999998,-0.00035619999999999988,-0.00068500000000000006,0.0017596000000000001,0.001039,7.5999999999996968e-06,0.0009274000000000001,0.0010792,-0.00080940000000000016,0.0011758000000000003,-0.0019950000000000002,0.0012998,0.0010830000000000002,-0.0019423999999999999,0.00020540000000000001,-0.0010872,-0.001029,-0.0022615999999999999,-2.5599999999999951e-05,-0.0011371999999999999,0.0013713999999999998,-0.0013511999999999999,0.0015743999999999999,-0.00062160000000000004,-0.00010760000000000007,0.0029078000000000003,0.0025543999999999996,-0.0021279999999999997,-0.00093919999999999995,0.0025953999999999999,-0.0029494,0.0017493999999999999,-0.0011050000000000001,0.0012049999999999997,-0.0021456000000000001,0.0012154000000000002,-0.0014526000000000003,-0.00079939999999999992,-0.0020714000000000002,-0.00014459999999999983,-0.00019300000000000003,0.0013054000000000002,-0.0009314000000000002,-0.0019598000000000003,-0.0010831999999999999,0.0015944000000000002,-0.00027280000000000013,-0.0030783999999999994,0.0047468000000000007,6.8000000000001653e-06,-0.00092900000000000003,0.00043459999999999983,0.0026873999999999999,0.002611,0.0014288000000000005,0.0013370000000000001,0.00082700000000000004,-0.0011800000000000009,-0.00077680000000000023,5.4400000000000021e-05,-0.0030060000000000004,-0.0011764,0.00023460000000000004,-0.00056100000000000008,-0.0012237999999999999,-3.6200000000000013e-05,0.00088699999999999998,-0.00066639999999999994,-0.0012667999999999998,-0.0018351999999999999,0.00090879999999999997,-0.00098039999999999998,-0.0009731999999999998,0.0012378000000000003,0.00083979999999999981,-0.0015509999999999999,-0.00097040000000000006,0.00040700000000000003,-0.00096619999999999985,0.0014842000000000002,0.0017648,0.0016592,0.00077859999999999995,-0.0012137999999999999,0.00096880000000000002,0.00099139999999999992,-7.9400000000000195e-05,-0.00042520000000000004,-0.0001525999999999997,-0.0018159999999999999,0.00033540000000000008,-0.00053039999999999988,-0.0017568,0.00064559999999999997,-0.00044760000000000004,0.00080660000000000009,0.0015817999999999997,0.0011077999999999999,-3.1000000000000028e-05,-0.00073919999999999997,0.00055380000000000013,-0.0020575999999999997,0.0019480000000000001,-0.0013412000000000001,0.00075620000000000006,-0.00022279999999999994,0.00011840000000000006,0.0015076,-0.0019234000000000002,-0.0022950000000000002,0.00020859999999999997,-0.0015008000000000001,0.00069559999999999989,0.00034379999999999979,-0.00098439999999999986,0.0020920000000000001,-0.00055499999999999994,-0.00017299999999999981,3.6000000000000008e-05,-0.0016886000000000002,-3.7599999999999816e-05,0.00015799999999999991,0.0010352000000000002,0.0024672000000000001,-0.0017572,-0.0010341999999999999,0.0020999999999999999,-0.00091359999999999998,0.00060760000000000002,0.00037680000000000005,0.0010496000000000001,0.0042213999999999993,-0.0050770000000000008,-0.0019982000000000003,-0.0032249999999999996,0.00022860000000000024,0.0011751999999999999
aug_between_class_right_pair0045_child06,TLE,1,1,Augmented,0,0,0,0,0,0.28342780000000001,2.1435026000000001,3.0000000000000004e-07,-9.9999999999999995e-07,0,0.96165230000000002,0,0.034216200000000002,-0.1153092,0.035662699999999999,0.096678299999999995,-0.098886399999999999,0.0656698,-0.013449300000000001,0.00045399999999999954,0.00079450000000000007,-0.096290899999999999,0.3005738,-0.12537809999999999,0.03225950000000001,0.063182299999999997,-0.019161600000000004,-0.022651900000000003,-0.0055043999999999996,-0.035548799999999998,0.020776099999999999,0.013589699999999998,-0.072634000000000004,-0.0034312000000000001,-0.090751800000000007,0.013947899999999999,0.0539129,-0.0197062,0.016686900000000001,0.013741400000000001,-0.0473605,0.038896099999999996,-0.056456200000000005,-0.019066400000000004,0.10100679999999999,-0.010311500000000001,0.18722449999999999,-0.046715699999999999,0.0067422000000000003,-0.0101314,-0.00020530000000000114,-0.0193387,0.0089958999999999976,0.041847099999999998,-0.0026455999999999997,-0.0126588,-0.0170732,-0.024055799999999999,0.016463100000000001,0.029014999999999999,0.020182700000000001,0.0129155,-0.0098965000000000008,-3.6099999999999902e-05,0.017367199999999999,-0.030334,0.0056978999999999997,-0.0017349999999999996,0.0034595999999999989,0.033271799999999997,-0.090608400000000006,-0.0051660999999999999,-0.040854399999999999,-0.0086866999999999986,0.0088712999999999986,0.0036219999999999994,-0.0010672999999999995,0.021435000000000003,0.0054527999999999998,-0.0049382999999999996,-0.0102018,0.0080453,0.0094032000000000004,-0.0047534999999999999,0.0010105000000000001,0.00099560000000000056,-0.0122513,0.0029353000000000001,-0.0021053000000000009,0.00011369999999999957,-0.0119883,-0.0052044000000000005,0.025995299999999999,-0.015672600000000002,-0.0078940000000000017,-0.0091585999999999994,-0.0035902,0.00039499999999999995,-0.0057419000000000003,-0.0009077,0.0024563000000000007,-0.0083648000000000004,0.0034567000000000001,0.0076909000000000005,0.0055037000000000003,0.018141899999999999,-0.0048950999999999995,0.0094851999999999992,0.00071799999999999989,0.0023061999999999996,-0.0048980999999999998,0.0120316,-0.0045760000000000002,-0.0050938999999999993,-0.0057666000000000002,0.013256299999999999,-1.0699999999999772e-05,-0.0052986999999999999,0.0064367000000000001,0.0102092,0.0011497999999999999,0.0016410000000000001,0.0099682999999999994,-0.0043033000000000004,-0.0039191,-0.0040138000000000005,0.013462700000000001,-0.0053978000000000003,-0.0042090999999999995,0.011386800000000001,0.0017126999999999993,0.0070914000000000003,-0.0059592000000000004,-0.0046201999999999997,0.0022795999999999997,0.0055354000000000002,-0.00036119999999999989,-0.0057229000000000004,-0.010314,-0.0069224000000000004,-0.012916500000000001,-0.0075845999999999995,-0.00072849999999999911,0.0027504000000000005,-0.0034872000000000006,0.0078250999999999998,0.0034874999999999975,-0.0023906999999999999,0.0022948000000000001,-0.0021914999999999999,-0.0044483000000000005,-0.0022919999999999998,0.0010304000000000003,0.00052549999999999993,-0.0042644000000000007,0.0066,-0.0013765000000000001,0.0026171000000000002,0.0074394999999999999,-0.0040985999999999991,0.0036033999999999992,0.0024535,-0.0017434,0.0021018999999999994,-0.0023509000000000004,-0.0027233000000000001,0.0095607999999999995,0.00080159999999999997,0.0027999000000000001,-0.0023491000000000002,-0.0066587999999999994,-0.0041429000000000006,0.0006100000000000003,-0.0065886,0.0070926000000000001,0.0002699,0.0097706000000000008,0.0052443999999999998,-0.015513800000000001,0.00078319999999999985,0.014139399999999998,-0.0064153999999999982,0.0016497,0.0017767,-0.0071018000000000001,-0.0014812000000000004,-0.0185373,0.013310899999999999,0.0094130999999999989,0.00038590000000000065,0.0071308999999999999,-0.0024452000000000002,-0.0030509000000000001,8.8799999999999773e-05,-0.0031748000000000002,-0.00039610000000000014,0.0044440999999999994,0.00044050000000000008,0.00051540000000000006,-0.0063937999999999998,-0.00017460000000000002,0.0065453000000000004,-0.0032670999999999993,-0.0017763999999999996,0.00064589999999999992,-0.0019550999999999995,-0.0042938000000000004,-0.0054004000000000005,0.0013547999999999998,0.0031201999999999996,-0.0011477,0.0030518999999999998,0.0052663999999999992,-0.0089650999999999984,0.00061070000000000091,0.0015268000000000002,0.0010184000000000005,0.0048611000000000001,0.0015016000000000001,0.0043918000000000004,-0.00051619999999999997,-0.0033359000000000006,-0.0011691000000000002,0.0028288999999999992,-0.00016310000000000001,0.0073664999999999998,0.0032756,-0.00074459999999999999,-0.0040721000000000004,-0.0061690000000000009,0.0064051999999999998,0.0010260999999999998,-0.0011271000000000002,0.0031513999999999995,0.00082999999999999979,-0.0011322999999999995,-0.0023723000000000008,0.0043655999999999999,-0.0036243999999999998,0.0041644999999999998,-0.0107359,-0.0045962000000000008,-0.0092408000000000004,0.0020021000000000001,-0.0024335000000000003,-0.0042426,0.00049429999999999982,-0.0043597000000000002,-0.0012056999999999999,0.00030269999999999993,0.0013957000000000002,0.0011994999999999996,-0.0014096999999999998,-0.0012002,0.0037945000000000001,-0.00051080000000000016,-0.0013216000000000005,-0.001918,0.0039238000000000007,-1.629999999999999e-05,0.00066779999999999964,-0.0020988999999999999,-0.00066890000000000005,-0.00067030000000000019,0.00063350000000000006,0.0031004000000000001,-0.0042129999999999997,0.0035659000000000003,0.0016202,-0.0026329999999999999,-0.0011870000000000001,0.0020448000000000003,-8.0599999999999682e-05,0.0033698000000000001,0.00089469999999999979,0.0030193000000000004,-0.0065211000000000002,0.0012235999999999998,0.008232699999999999,-0.0026147000000000002,0.0037892000000000008,0.0042167000000000003,-0.00041549999999999985,-0.0052437000000000004,0.0023153000000000006,-0.0044516999999999994,0.0055779999999999996,-0.00093670000000000038,0.0037224999999999992,0.00051599999999999997,-0.0017885000000000002,-0.0029219999999999997,0.0025101999999999998,-0.0037780999999999999,0.0060460999999999996,0.0031768000000000005,0.0019645000000000001,0.0086779999999999999,-0.016928100000000001,0.0001439999999999996,-0.0023744999999999999,0.0017755,0.0010313,0.0020501,-0.00099080000000000023,-0.0061273999999999999,-0.00090020000000000031,0.0044554999999999994,-0.0011575000000000001,0.0024039000000000005,0.00061190000000000007,0.0013331999999999999,0.0012577999999999999,0.0020845999999999998,0.00012260000000000005,0.0010271999999999996,-0.0010883000000000002,0.0026048,0.00099909999999999994,-0.0028729000000000003,-0.00051029999999999999,0.00073940000000000008,-0.0011807,-0.0036871,-0.0018272999999999998,0.0013854,0.0016482999999999999,0.0029110999999999998,0.00094150000000000006,-0.0060061999999999997,0.0015088,-0.0016026,-0.0052922000000000004,-0.0015991999999999998,-0.00010350000000000001,0.0003301,0.0026955,0.0026846999999999999,-0.0016837,-0.00091429999999999994,0.00078470000000000015,0.0040822000000000011,0.0028842999999999998,-0.00011649999999999999,0.00085379999999999961,0.0012777999999999999,-0.0014664999999999999,-0.0032864000000000001,-0.0022651999999999993,0.0045623999999999994,0.0018259000000000001,-0.0012106999999999995,0.0015451,0.0034563000000000003,-0.0026693000000000003,0.0017768000000000003,-0.00043049999999999978,0.0034011999999999996,0.0071381999999999999,-0.0015244000000000002,0.0050033999999999999,-0.0027032000000000002,-0.0042437000000000004,-0.00095149999999999987,0.0010820000000000001,4.9599999999999905e-05,0.00067939999999999993,0.0003388,-0.00049399999999999997,9.6799999999999913e-05,-0.0012367999999999997,-0.00048989999999999982,-0.00018100000000000039,0.0016202,0.0009999999999999998,0.0003531999999999998,0.00091029999999999995,0.0011329000000000001,-0.0006148000000000002,0.00097210000000000016,-0.0021180000000000001,0.0011766000000000001,0.00086300000000000027,-0.0017638000000000003,0.00014380000000000003,-0.0011064,-0.00095200000000000005,-0.0023476999999999999,-9.3199999999999961e-05,-0.0011984000000000001,0.0010643,-0.0011049000000000002,0.0017432999999999997,-0.00031070000000000018,0.00042729999999999982,0.0028371000000000004,0.0023643000000000002,-0.0019529999999999999,-0.0013759000000000002,0.0021918000000000003,-0.0026117999999999996,0.0015953,-0.0012264999999999999,0.0011114999999999999,-0.0021641999999999998,0.0010083000000000002,-0.0012752000000000004,-0.00045730000000000011,-0.0018878000000000002,-0.00046169999999999989,-0.00011000000000000007,0.0015862999999999999,-0.0011402999999999999,-0.0017811000000000001,-0.00086890000000000014,0.0013978000000000003,0.00024539999999999978,-0.0034912999999999997,0.0051761000000000003,-0.00032089999999999994,-0.0011639999999999999,0.00059869999999999975,0.0027913,0.0021935000000000001,0.0019896000000000002,0.00070050000000000038,0.0010439999999999998,-0.00021400000000000065,-0.00069410000000000001,0.00019680000000000001,-0.0038229999999999996,-0.0013343000000000001,9.4200000000000013e-05,-0.00054650000000000011,-0.0011131000000000001,-0.00019239999999999996,0.00089300000000000013,-0.00075979999999999993,-0.0014191,-0.0018564,0.00080410000000000008,-0.00084880000000000003,-0.0010418999999999999,0.00090310000000000032,0.00074760000000000007,-0.0016734999999999999,-0.00082930000000000005,0.00046349999999999999,-0.0011948999999999996,0.0014234,0.0017926000000000001,0.0016929,0.00085869999999999978,-0.0013645999999999999,0.00087059999999999991,0.0011397999999999998,-1.180000000000007e-05,-0.00036390000000000012,-0.00052069999999999959,-0.0017585000000000001,0.0001333000000000001,-0.00061479999999999998,-0.0017400999999999999,0.00052369999999999999,-0.00049120000000000001,0.00066569999999999997,0.0017390999999999997,0.0008736000000000002,0.00018749999999999984,-0.00096939999999999982,0.0005706000000000001,-0.0021451999999999999,0.002019,-0.0014288999999999999,0.00085690000000000007,-0.00022560000000000001,0.00025829999999999999,0.0015066999999999999,-0.0016278000000000002,-0.0021749999999999999,0.0002477,-0.0013900999999999998,0.00085369999999999988,8.2599999999999948e-05,-0.0013008,0.0018765000000000001,-0.00072199999999999988,0.00030449999999999997,1.6000000000000064e-05,-0.0015037000000000002,-0.00030569999999999984,0.00032249999999999987,0.00066890000000000027,0.0027298999999999995,-0.0019543999999999998,-0.00088139999999999985,0.0023704999999999998,-0.00055570000000000012,0.00074220000000000004,8.4100000000000038e-05,0.0010107,0.0035978,-0.0048260000000000013,-0.0017359000000000001,-0.0035370000000000002,0.00021570000000000009,0.0013219
aug_between_class_right_pair0045_child07,TLE,1,1,Augmented,0,0,0,0,0,0.27875719999999998,2.1493884000000003,1.9999999999999994e-07,-9.9999999999999995e-07,0,0.9510822000000001,0,0.032980799999999998,-0.1130728,0.035463800000000004,0.095054200000000005,-0.10016659999999999,0.0628002,-0.014416200000000002,0.0019590000000000011,0.0037879999999999997,-0.092479599999999995,0.29628320000000002,-0.12644840000000002,0.032701000000000008,0.063061199999999998,-0.021851400000000007,-0.0232786,-0.0052285999999999999,-0.035473199999999996,0.021874399999999999,0.0124008,-0.075082999999999997,-0.0038508000000000001,-0.089823200000000006,0.0151126,0.054952600000000004,-0.018319800000000001,0.016564599999999999,0.013867600000000001,-0.047581999999999999,0.040116399999999997,-0.055929800000000002,-0.012579600000000003,0.1015842,-0.0066079999999999993,0.185721,-0.045515800000000002,0.0066347999999999997,-0.010685600000000002,5.6800000000000947e-05,-0.020245800000000001,0.0092995999999999981,0.040521399999999999,-0.0032854,-0.0128462,-0.0163628,-0.024648199999999999,0.016903400000000002,0.028746000000000001,0.020196800000000001,0.013180000000000001,-0.010311000000000001,-0.0001784,0.018947800000000001,-0.028850000000000001,0.0080746000000000012,-0.0030639999999999994,0.0041113999999999994,0.0351232,-0.090480599999999994,-0.0062934000000000011,-0.042263599999999998,-0.0101458,0.0092102,0.0044489999999999998,-0.0016302000000000003,0.021801000000000001,0.0061212000000000003,-0.0062401999999999996,-0.010309200000000001,0.0073552000000000001,0.0089668000000000005,-0.0040539999999999994,0.00017799999999999934,0.0008324000000000005,-0.012807200000000001,0.0026121999999999994,-0.0026052000000000002,0.00038680000000000051,-0.013079200000000003,-0.0040636000000000005,0.026080199999999998,-0.014426400000000001,-0.0072350000000000001,-0.0086174000000000008,-0.0041148000000000001,0.00079900000000000023,-0.0058956,-0.00022279999999999956,0.0024332000000000008,-0.0075642000000000001,0.0036648000000000006,0.0058835999999999992,0.0042597999999999994,0.018342600000000001,-0.0049963999999999989,0.010519800000000001,0.0010300000000000001,0.0020958000000000001,-0.0046534000000000002,0.0118414,-0.0041459999999999995,-0.0061235999999999999,-0.0056474000000000003,0.013962200000000001,-0.00030079999999999994,-0.0056088000000000006,0.0062537999999999995,0.0101958,0.0015222000000000002,0.0013439999999999999,0.0103442,-0.0037221999999999997,-0.0049194000000000009,-0.0033381999999999995,0.0129538,-0.0050092000000000001,-0.0039034,0.011527200000000001,0.0022078000000000002,0.0074326000000000001,-0.0053087999999999998,-0.0038697999999999996,0.0025154000000000001,0.0052246000000000003,0.0002032000000000006,-0.0056615999999999993,-0.0098630000000000002,-0.0070486000000000004,-0.012906000000000001,-0.0074564000000000002,-0.0015209999999999998,0.0020805999999999997,-0.0038568000000000005,0.0083254000000000002,0.0048529999999999997,-0.0024248,0.0023492000000000001,-0.002137,-0.0041262,-0.0026240000000000005,0.00095460000000000033,0.00057299999999999994,-0.0042946000000000008,0.0061450000000000012,-0.001189,0.0026544000000000003,0.0077260000000000002,-0.0040973999999999993,0.0035876000000000003,0.0020800000000000003,-0.0021526000000000002,0.0020556000000000003,-0.0018666000000000004,-0.0027141999999999999,0.0096641999999999995,0.00091940000000000034,0.0024355999999999996,-0.0022664,-0.0065831999999999991,-0.0037816000000000004,0.00038199999999999996,-0.0061343999999999999,0.0076454000000000001,8.459999999999978e-05,0.0091033999999999993,0.0052756000000000001,-0.015850199999999998,0.00094179999999999991,0.0149236,-0.0074215999999999978,0.0012277999999999998,0.0012658000000000001,-0.0070521999999999998,-0.0013588000000000001,-0.018524200000000001,0.012958599999999999,0.0101084,-0.00033339999999999932,0.0073056000000000006,-0.0020617999999999999,-0.0032255999999999999,0.00028920000000000009,-0.0031822000000000005,-0.00044840000000000006,0.0047513999999999994,0.00029799999999999998,0.0007396000000000002,-0.0064492000000000004,-9.9399999999999922e-05,0.0067691999999999995,-0.0035253999999999997,-0.0021836,0.00088960000000000026,-0.0025403999999999999,-0.0046411999999999998,-0.0055306000000000001,0.00091519999999999969,0.0034848000000000001,-0.0012788000000000001,0.0030006,0.0051045999999999991,-0.009205399999999999,0.00061379999999999985,0.0013501999999999998,0.00036159999999999968,0.0051044000000000003,0.0010703999999999996,0.0045342000000000004,-0.00049179999999999992,-0.0037546000000000007,-0.0014594000000000005,0.0027875999999999999,-4.3999999999998901e-06,0.0083510000000000008,0.0031923999999999998,-0.00058939999999999991,-0.0037804000000000002,-0.0076850000000000009,0.0070778000000000004,0.0011973999999999999,-0.0011543999999999999,0.0036715999999999997,0.0012820000000000002,-0.0016792000000000003,-0.0014081999999999996,0.0040033999999999998,-0.0038146000000000005,0.0040769999999999999,-0.011727599999999999,-0.0031847999999999994,-0.0091402000000000011,0.0020594000000000003,-0.0023230000000000004,-0.0042464,0.00056220000000000011,-0.0042737999999999995,-0.0010608,0.00029479999999999996,0.0015118000000000004,0.0016160000000000002,-0.0014708,-0.0011138000000000001,0.0032909999999999997,-0.00039619999999999987,-0.0012173999999999996,-0.0019729999999999999,0.0038392000000000005,3.2800000000000038e-05,0.00060619999999999988,-0.0022926000000000001,-0.0006686000000000001,-0.00024519999999999978,0.00047899999999999983,0.0029415999999999999,-0.003594,0.0033055999999999997,0.0017098,-0.0028400000000000001,-0.00082899999999999998,0.0016521999999999999,-0.00037739999999999996,0.0034261999999999999,0.0011348,0.0026132,-0.0067214000000000006,0.0017503999999999996,0.0083967999999999994,-0.0021857999999999995,0.0032588000000000001,0.0040347999999999998,-0.00094300000000000004,-0.0053678000000000007,0.0027702000000000004,-0.0037637999999999994,0.0054460000000000003,-0.00066579999999999981,0.0041709999999999994,0.00015400000000000006,-0.0015730000000000002,-0.0033499999999999997,0.0025187999999999999,-0.0040354000000000006,0.0066004000000000002,0.0024632000000000005,0.0025930000000000003,0.0088070000000000006,-0.017377400000000001,-0.00079200000000000104,-0.0023699999999999997,0.001804,0.0011092000000000001,0.0018273999999999999,-0.00086220000000000003,-0.0065596000000000005,-0.00088379999999999991,0.0045100000000000001,-0.0010249999999999999,0.0024916000000000001,0.00056360000000000004,0.0012267999999999999,0.0015022000000000002,0.0021903999999999999,0.0001204,0.0012797999999999998,-0.00094419999999999997,0.0031962000000000006,0.00095339999999999986,-0.0027866000000000002,-0.00037319999999999996,0.00063860000000000002,-0.0011107999999999999,-0.0035684000000000002,-0.0020782000000000001,0.0017676000000000002,0.0018742000000000001,0.0032664,0.0010390000000000002,-0.0065038000000000006,0.0012871999999999998,-0.0015233999999999998,-0.0051267999999999999,-0.0018658000000000001,-0.00014000000000000004,8.1399999999999864e-05,0.0028940000000000003,0.0027738000000000003,-0.0016538,-0.0010802000000000001,0.00063879999999999991,0.0048288000000000003,0.0030761999999999999,-0.00028200000000000008,0.00079619999999999995,0.0014272000000000002,-0.0019430000000000003,-0.0033005999999999999,-0.0023758,0.0050606000000000019,0.0017716000000000001,-0.00091279999999999964,0.0017224000000000004,0.0035092000000000001,-0.0028392000000000001,0.0014502,-0.00092500000000000037,0.0037197999999999997,0.0075348000000000004,-0.0011135999999999997,0.0053036000000000003,-0.0036648000000000002,-0.0041158000000000002,-0.0011489999999999998,0.00095100000000000002,0.00027040000000000018,0.00087360000000000009,0.00018419999999999992,-0.00054600000000000004,0.00014919999999999994,-0.0012791999999999997,-0.00062359999999999998,0.00032300000000000004,0.0014807999999999998,0.00096100000000000005,0.00069880000000000018,0.00089320000000000003,0.0011865999999999999,-0.00042020000000000013,0.00076839999999999992,-0.0022409999999999999,0.0010533999999999999,0.00064300000000000002,-0.0015851999999999999,8.2199999999999938e-05,-0.0011256000000000003,-0.00087499999999999991,-0.0024337999999999999,-0.00016080000000000001,-0.0012596,0.00075719999999999965,-0.00085859999999999994,0.0019122,2.0000000000011328e-07,0.00096220000000000008,0.0027664000000000005,0.0021742000000000003,-0.0017780000000000001,-0.0018126000000000001,0.0017881999999999998,-0.0022741999999999997,0.0014411999999999997,-0.001348,0.001018,-0.0021828000000000004,0.00080119999999999996,-0.0010977999999999999,-0.00011519999999999976,-0.0017041999999999999,-0.00077880000000000007,-2.7000000000000006e-05,0.0018672000000000001,-0.0013492000000000005,-0.0016023999999999999,-0.00065459999999999997,0.0012011999999999997,0.00076360000000000035,-0.0039041999999999996,0.0056054000000000008,-0.00064860000000000015,-0.0013990000000000003,0.0007628,0.0028951999999999997,0.0017759999999999998,0.0025504,6.3999999999999821e-05,0.001261,0.00075200000000000006,-0.00061139999999999979,0.00033919999999999979,-0.00464,-0.0014922,-4.6200000000000093e-05,-0.00053200000000000014,-0.0010024000000000001,-0.00034860000000000013,0.00089900000000000006,-0.00085319999999999992,-0.0015713999999999999,-0.0018776000000000001,0.00069939999999999987,-0.00071719999999999987,-0.0011106,0.00056839999999999994,0.0006554000000000001,-0.0017960000000000001,-0.00068819999999999992,0.00052000000000000006,-0.0014236000000000001,0.0013625999999999998,0.0018204000000000002,0.0017266,0.00093880000000000005,-0.0015154000000000001,0.0007723999999999998,0.0012882,5.5799999999999947e-05,-0.00030259999999999998,-0.00088879999999999992,-0.0017009999999999998,-6.8800000000000087e-05,-0.00069920000000000008,-0.0017233999999999997,0.00040179999999999995,-0.00053479999999999999,0.00052479999999999996,0.0018963999999999999,0.00063939999999999982,0.00040600000000000006,-0.0011995999999999999,0.00058740000000000007,-0.0022328000000000001,0.0020900000000000003,-0.0015165999999999999,0.00095760000000000007,-0.00022839999999999997,0.00039820000000000008,0.0015057999999999998,-0.0013322,-0.002055,0.00028680000000000003,-0.0012794,0.0010118000000000002,-0.00017860000000000033,-0.0016172000000000001,0.0016609999999999997,-0.00088900000000000003,0.00078200000000000025,-3.9999999999999888e-06,-0.0013188,-0.00057380000000000007,0.00048700000000000013,0.00030259999999999998,0.0029925999999999998,-0.0021516,-0.00072859999999999982,0.0026410000000000001,-0.00019779999999999993,0.00087680000000000006,-0.00020860000000000008,0.00097180000000000009,0.0029741999999999998,-0.0045750000000000001,-0.0014736,-0.003849,0.00020279999999999951,0.0014686
aug_between_class_right_pair0045_child08,TLE,1,1,Augmented,0,0,0,0,0,0.27408660000000001,2.1552742,9.9999999999999995e-08,-9.9999999999999995e-07,0,0.94051210000000007,0,0.0317454,-0.1108364,0.035264900000000002,0.093430100000000002,-0.1014468,0.059930600000000001,-0.015383100000000002,0.0034640000000000009,0.0067815000000000028,-0.088668300000000005,0.29199260000000005,-0.12751870000000001,0.033142500000000005,0.062940099999999999,-0.024541200000000006,-0.023905300000000001,-0.0049527999999999994,-0.035397600000000001,0.022972699999999999,0.011211899999999997,-0.07753199999999999,-0.0042704000000000006,-0.088894600000000004,0.016277299999999998,0.055992300000000002,-0.016933400000000001,0.0164423,0.013993800000000001,-0.047803499999999999,0.041336699999999997,-0.055403399999999998,-0.0060927999999999954,0.10216159999999999,-0.0029044999999999974,0.18421749999999998,-0.044315899999999998,0.0065274000000000009,-0.011239800000000001,0.00031889999999999957,-0.021152900000000002,0.0096032999999999986,0.0391957,-0.0039251999999999993,-0.013033599999999999,-0.0156524,-0.025240599999999998,0.0173437,0.028476999999999999,0.0202109,0.013444500000000002,-0.010725500000000001,-0.00032069999999999999,0.020528399999999999,-0.027365999999999998,0.010451300000000002,-0.0043930000000000011,0.0047631999999999987,0.036974599999999996,-0.090352799999999997,-0.0074207000000000006,-0.043672799999999998,-0.0116049,0.0095490999999999996,0.0052759999999999994,-0.0021931000000000003,0.022167000000000003,0.0067896000000000007,-0.0075421000000000012,-0.0104166,0.0066651000000000002,0.0085304000000000005,-0.0033544999999999998,-0.00065450000000000057,0.00066920000000000087,-0.013363100000000001,0.0022890999999999996,-0.0031050999999999995,0.00065989999999999972,-0.014170100000000001,-0.0029227999999999997,0.0261651,-0.0131802,-0.0065760000000000002,-0.0080762000000000004,-0.0046394000000000001,0.0012030000000000001,-0.0060493000000000005,0.00046210000000000088,0.0024100999999999992,-0.0067635999999999998,0.0038729000000000003,0.0040762999999999997,0.0030158999999999997,0.018543299999999999,-0.0050977000000000001,0.011554400000000001,0.0013420000000000001,0.0018854000000000002,-0.0044086999999999998,0.0116512,-0.0037159999999999997,-0.0071532999999999996,-0.0055281999999999996,0.0146681,-0.00059090000000000011,-0.0059189000000000004,0.0060708999999999997,0.010182399999999999,0.0018946000000000004,0.001047,0.0107201,-0.0031411,-0.0059196999999999982,-0.0026626000000000002,0.0124449,-0.0046205999999999999,-0.0035976999999999997,0.011667600000000002,0.0027028999999999994,0.0077738,-0.0046584,-0.0031193999999999996,0.0027512000000000005,0.0049138000000000003,0.00076759999999999979,-0.005600299999999999,-0.0094120000000000002,-0.0071748000000000003,-0.012895500000000001,-0.0073282,-0.0023134999999999996,0.0014107999999999998,-0.0042264000000000008,0.0088256999999999988,0.0062184999999999992,-0.0024589,0.0024035999999999997,-0.0020824999999999997,-0.0038041000000000012,-0.0029560000000000003,0.00087879999999999989,0.00062049999999999996,-0.0043248000000000002,0.0056899999999999997,-0.0010015000000000002,0.0026917,0.0080124999999999988,-0.0040961999999999995,0.0035717999999999987,0.0017064999999999999,-0.0025618000000000004,0.0020092999999999995,-0.0013822999999999995,-0.0027051000000000002,0.0097675999999999995,0.0010372000000000001,0.0020712999999999999,-0.0021837000000000002,-0.0065075999999999988,-0.0034203000000000002,0.00015400000000000049,-0.0056801999999999998,0.0081981999999999992,-0.00010070000000000001,0.0084361999999999996,0.0053067999999999995,-0.016186599999999999,0.0011004000000000001,0.015707800000000001,-0.0084277999999999992,0.00080589999999999991,0.00075490000000000019,-0.0070025999999999994,-0.0012363999999999997,-0.018511100000000003,0.012606299999999999,0.010803699999999999,-0.0010527000000000002,0.0074803000000000005,-0.0016783999999999998,-0.0034003000000000002,0.00048959999999999997,-0.0031896000000000003,-0.00050070000000000019,0.0050586999999999993,0.00015549999999999999,0.00096380000000000012,-0.0065046000000000001,-2.4199999999999938e-05,0.0069930999999999986,-0.0037836999999999992,-0.0025907999999999999,0.0011333000000000003,-0.0031256999999999995,-0.0049885999999999993,-0.0056608000000000006,0.00047559999999999991,0.0038494000000000002,-0.0014099,0.0029493000000000002,0.0049427999999999998,-0.0094457000000000013,0.00061689999999999965,0.0011736000000000003,-0.00029520000000000024,0.0053476999999999995,0.00063919999999999971,0.0046766000000000004,-0.00046739999999999998,-0.0041732999999999996,-0.0017497000000000007,0.0027462999999999997,0.00015429999999999958,0.0093355,0.0031091999999999999,-0.00043419999999999993,-0.0034887,-0.0092010000000000008,0.007750400000000001,0.0013687,-0.0011816999999999995,0.0041917999999999999,0.0017340000000000003,-0.0022261,-0.00044409999999999968,0.0036411999999999998,-0.0040047999999999993,0.0039895,-0.012719299999999999,-0.0017733999999999996,-0.0090396000000000018,0.0021167,-0.0022125000000000001,-0.0042502,0.00063009999999999997,-0.0041878999999999996,-0.00091589999999999998,0.00028690000000000003,0.0016279000000000007,0.0020325,-0.0015319000000000001,-0.0010273999999999999,0.0027875,-0.00028159999999999991,-0.0011132,-0.0020280000000000003,0.0037546000000000003,8.1900000000000026e-05,0.00054459999999999969,-0.0024863000000000003,-0.00066829999999999993,0.00017990000000000009,0.00032449999999999992,0.0027828000000000002,-0.0029750000000000002,0.0030452999999999999,0.0017994,-0.0030469999999999998,-0.00047100000000000006,0.0012596,-0.0006741999999999998,0.0034825999999999998,0.0013749000000000003,0.0022071,-0.0069216999999999994,0.0022772000000000005,0.0085608999999999998,-0.0017568999999999996,0.0027284000000000002,0.0038528999999999994,-0.0014704999999999998,-0.0054919000000000001,0.0032251000000000007,-0.0030758999999999995,0.0053140000000000001,-0.00039489999999999968,0.0046194999999999995,-0.00020800000000000029,-0.0013575000000000002,-0.0037779999999999997,0.0025274,-0.0042927,0.0071546999999999999,0.0017496000000000005,0.0032215000000000004,0.0089360000000000012,-0.017826700000000001,-0.0017280000000000012,-0.0023655,0.0018324999999999999,0.0011871,0.0016046999999999999,-0.00073360000000000005,-0.0069918000000000003,-0.00086740000000000016,0.0045645,-0.00089250000000000006,0.0025793000000000005,0.00051530000000000011,0.0011203999999999999,0.0017466000000000003,0.0022962,0.0001182,0.0015324,-0.00080009999999999999,0.0037876000000000003,0.0009077,-0.0027003000000000001,-0.00023609999999999994,0.00053779999999999995,-0.0010409,-0.0034497000000000004,-0.0023290999999999997,0.0021498000000000003,0.0021001000000000001,0.0036216999999999994,0.0011365000000000001,-0.0070013999999999996,0.0010656000000000001,-0.0014441999999999999,-0.0049613999999999995,-0.0021324,-0.00017650000000000001,-0.00016730000000000006,0.0030924999999999998,0.0028629000000000003,-0.0016239,-0.0012461,0.0004929,0.0055754000000000012,0.0032680999999999999,-0.00044750000000000009,0.00073860000000000028,0.0015766,-0.0024194999999999998,-0.0033148000000000001,-0.0024863999999999997,0.0055587999999999992,0.0017172999999999999,-0.00061489999999999982,0.0018997000000000005,0.0035621000000000003,-0.0030090999999999998,0.0011235999999999998,-0.0014195000000000002,0.0040383999999999993,0.0079313999999999999,-0.00070279999999999984,0.0056037999999999999,-0.0046263999999999984,-0.0039879,-0.0013464999999999998,0.00081999999999999998,0.00049120000000000001,0.0010678,2.9599999999999906e-05,-0.00059800000000000001,0.00020159999999999986,-0.0013215999999999998,-0.00075730000000000003,0.00082699999999999994,0.0013414,0.00092199999999999986,0.0010444,0.0008761000000000001,0.0012403,-0.00022560000000000006,0.0005646999999999999,-0.0023640000000000002,0.00093019999999999995,0.00042300000000000009,-0.0014066,2.0599999999999959e-05,-0.0011448000000000001,-0.00079799999999999999,-0.0025198999999999998,-0.00022839999999999997,-0.0013208,0.00045009999999999961,-0.00061229999999999998,0.0020810999999999998,0.00031110000000000024,0.0014971000000000001,0.0026957000000000005,0.0019840999999999999,-0.0016029999999999998,-0.0022493000000000001,0.0013845999999999999,-0.0019365999999999997,0.0012870999999999998,-0.0014694999999999999,0.00092449999999999976,-0.0022014000000000001,0.00059409999999999997,-0.00092040000000000004,0.00022690000000000015,-0.0015206,-0.0010959000000000001,5.600000000000006e-05,0.0021481,-0.0015581,-0.0014237,-0.00044030000000000024,0.0010046000000000002,0.0012818000000000003,-0.0043171000000000008,0.0060347000000000005,-0.00097630000000000004,-0.001634,0.00092689999999999992,0.0029990999999999998,0.0013584999999999999,0.0031112000000000002,-0.00057250000000000031,0.0014780000000000001,0.0017179999999999999,-0.00052869999999999957,0.0004816,-0.005457,-0.0016501,-0.00018660000000000004,-0.00051749999999999995,-0.00089170000000000004,-0.00050480000000000002,0.00090499999999999999,-0.00094659999999999992,-0.0017237000000000001,-0.0018988000000000002,0.00059469999999999998,-0.00058559999999999992,-0.0011793000000000001,0.00023369999999999999,0.00056320000000000014,-0.0019184999999999998,-0.00054709999999999991,0.00057649999999999997,-0.0016522999999999998,0.0013018000000000001,0.0018481999999999999,0.0017603,0.0010188999999999999,-0.0016662000000000003,0.00067419999999999991,0.0014366000000000001,0.00012339999999999996,-0.00024129999999999996,-0.0012569,-0.0016435000000000002,-0.00027090000000000003,-0.00078359999999999996,-0.0017067,0.00027989999999999992,-0.00057840000000000007,0.00038389999999999995,0.0020536999999999999,0.00040519999999999998,0.00062450000000000006,-0.0014297999999999997,0.00060420000000000027,-0.0023204000000000002,0.0021610000000000002,-0.0016043000000000001,0.0010583000000000003,-0.00023120000000000004,0.00053810000000000001,0.0015049,-0.0010365999999999999,-0.0019349999999999999,0.00032590000000000001,-0.0011686999999999999,0.0011699000000000002,-0.00043980000000000017,-0.0019336000000000002,0.0014455,-0.0010560000000000001,0.0012595000000000002,-2.3999999999999933e-05,-0.0011339,-0.00084190000000000014,0.00065149999999999995,-6.3699999999999976e-05,0.0032553,-0.0023488000000000003,-0.00057580000000000001,0.0029115,0.00016009999999999993,0.0010114000000000002,-0.00050129999999999999,0.00093290000000000007,0.0023506,-0.0043240000000000006,-0.0012112999999999998,-0.0041609999999999998,0.00018990000000000022,0.0016153000000000001
aug_between_class_right_pair0046_child01,Healthy,0,0,Augmented,0,0,0,0,0,0.3376962,2.1835404,-7.9999999999999996e-07,-9.9999999999999995e-07,1.0000000000000002e-07,1.0266216000000001,0,0.048299099999999998,-0.15007500000000001,0.023618100000000003,0.1013483,-0.070766900000000008,0.083704399999999998,0.0079971999999999994,0.0092073999999999993,-0.030185199999999999,-0.11544740000000001,0.37099979999999999,-0.055455299999999999,-0.0111276,0.095621499999999998,0.016105200000000004,-0.014261399999999999,-0.0046610000000000002,-0.057371699999999998,0.026080800000000001,0.043470399999999999,-0.0510023,0.0087791999999999992,-0.089412900000000003,0.0228551,0.044508199999999998,-0.025387699999999999,0.0041794999999999992,0.0044138000000000007,-0.033164899999999997,0.0492849,-0.059329800000000002,-0.053270200000000004,0.1194205,-0.038641499999999995,0.2176128,-0.078196500000000002,0.0055069000000000003,0.0027092999999999991,-0.010951199999999999,-0.016768700000000001,-0.002373000000000001,0.028287200000000002,-0.00092829999999999952,-0.0095750999999999996,-0.010798599999999998,-0.025572500000000001,0.0062518000000000001,0.034983799999999995,0.019911099999999998,0.027513299999999997,-0.0091418000000000003,-0.00088530000000000021,0.0091564999999999997,-0.055933000000000004,0.0023195999999999998,-0.0047568000000000003,0.0039455999999999988,0.039705199999999996,-0.075417999999999999,-0.0075778,-0.037640399999999997,-0.028447900000000002,0.016112799999999997,-0.0011930999999999999,0.00028059999999999994,0.021802099999999998,0.0037991000000000001,-0.0028279999999999998,-0.0060086999999999996,0.0087153999999999999,0.0059502000000000001,-0.00029200000000000016,0.00029720000000000007,0.0148735,-0.0249196,0.0016611,0.0061621000000000002,0.0088184000000000005,-0.0096775000000000003,-0.0114275,0.017055399999999998,-0.017878600000000001,-0.0092743000000000009,-0.0031161999999999995,-0.0038774999999999999,0.0034946000000000001,-0.020937299999999999,-0.0072192000000000003,0.011968300000000001,-0.0080088999999999994,-0.0056464999999999987,0.027344500000000001,-0.0057330999999999997,0.031760099999999999,0.001698800000000002,-0.0049151000000000004,-0.0036984000000000001,-0.0033023999999999996,-0.0086379000000000004,0.012189799999999999,-0.00086129999999999974,-0.014737,-0.001317,0.0051837000000000003,-0.0022335000000000002,0.00089949999999999926,0.0042431000000000005,0.014964999999999999,0.0015302999999999998,0.0014285000000000001,0.0060222999999999995,-0.0084150000000000006,0.0047317000000000001,-0.011080799999999998,0.012568900000000001,-0.0039994000000000002,-0.0091038000000000004,0.0066093999999999997,-0.0018604000000000001,0.0075822000000000007,-0.0050405999999999992,0.0016432,0.0072597999999999994,0.0064297,0.0015712,0.0017278000000000005,-0.0144777,-0.0094829999999999984,-0.0069607000000000002,-0.0142256,0.0011141,0.0046223000000000002,-0.00010999999999999996,-0.0051189000000000009,0.003311800000000001,-0.0014172,-0.0010561000000000001,0.0010128000000000001,0.0023618000000000003,-0.0026365,-0.0075245999999999993,0.0020824000000000003,-0.0013578000000000002,0.0013466000000000003,0.0016765,0.0021782999999999998,-0.0028476,-0.0015504,-0.0037810999999999999,-0.0058977000000000005,5.5000000000000795e-06,-0.0004483,-0.0069474999999999997,-0.0023641999999999999,0.0064177000000000001,0.0057968999999999989,0.0022256999999999997,-0.0038017999999999997,-0.0016760999999999998,-0.0078364999999999997,-0.0045286000000000007,-0.0040940999999999998,0.0036267000000000001,0.0042426,0.0068921,0.0038806999999999999,-0.0088550999999999994,0.0012128,0.0080622999999999997,-0.0032217999999999995,-0.00083670000000000001,0.0079117000000000007,-0.0075440000000000004,0.0082366000000000002,-0.0065713999999999989,0.0032031,0.0011191,-0.0054651999999999999,0.0025523999999999998,-0.0034345000000000005,-0.0042202000000000003,0.0019667999999999999,-0.0041286000000000005,-0.0015463999999999999,0.0020977000000000001,-0.00012930000000000005,0.0018319999999999996,-0.0018271999999999997,0.00012579999999999997,0.0050548999999999993,-0.0011079000000000002,0.0028189999999999995,-0.0018027999999999998,-0.0015436,-0.00028680000000000003,0.0018550000000000001,-4.4500000000000018e-05,0.0012182999999999999,-0.0055200000000000006,0.0027571000000000002,0.0010476999999999999,-0.0013875999999999999,-0.0054295000000000003,0.0032966999999999996,0.0020350999999999998,8.9300000000000056e-05,1.2000000000000075e-05,0.0078832999999999993,-0.0044627,0.001237,0.0015251000000000002,-0.0040841999999999996,-0.0010474,0.00075489999999999997,0.0045790000000000006,0.0027325000000000006,-0.0035287999999999995,0.0034789,0.0029945000000000002,-0.0087485999999999987,0.0028119,0.0040883999999999998,-0.00060560000000000019,0.0054914000000000004,-0.0027397999999999997,0.0042136999999999999,-0.0174805,0.0010892999999999996,-0.0088699,-0.0089606999999999985,-0.0065643000000000003,0.0044723000000000002,-0.0015202,0.0018073,-0.00091600000000000004,-0.0035164000000000003,0.0027334,-0.0017602999999999996,-0.0020929,0.0003055,-0.0055767999999999998,0.0029789999999999999,0.0019905000000000001,-0.0022736999999999996,0.0004417,-0.0045389000000000002,-0.0023563000000000004,0.00068869999999999999,0.0031761999999999997,-0.0011968,0.0026340000000000001,-0.004628300000000001,0.0029673999999999998,0.0033923999999999994,-0.0087816000000000005,0.0031764000000000002,0.00013089999999999998,-0.0021811999999999999,0.0029838,0.0012664999999999998,0.00027840000000000015,0.0029887,0.00070940000000000011,0.0039509999999999997,-0.0039749,-0.0003858,0.0085147,0.00033870000000000005,0.0017772000000000003,0.0014036000000000001,-0.0007478000000000005,-0.0051868999999999995,-0.0030433999999999999,-0.0058060000000000004,0.0063543999999999996,-0.0056577999999999993,0.0047377000000000001,-0.0073670999999999997,-0.0019953000000000002,-0.0076494000000000006,0.0035934000000000001,-0.0080017000000000005,0.0013110000000000001,0.010566200000000001,0.0003168,0.0080811000000000008,-0.012647400000000001,9.3899999999999843e-05,-0.00029279999999999996,-0.00054599999999999994,-0.0015571000000000001,0.0047422999999999996,-0.00035370000000000003,0.0020823000000000005,0.0018831,0.0019594,-0.00030419999999999997,0.0015801000000000001,-0.00031170000000000015,0.0037498999999999992,0.0014672999999999999,0.00012659999999999999,-0.0023655,-0.0003591,-0.00094899999999999997,0.0023334000000000002,-0.00089779999999999981,-0.0019951000000000001,-0.0035342999999999998,-0.00087670000000000011,-0.0010984,-0.0040534999999999998,-0.0020799999999999998,0.0035061000000000003,0.0020221000000000002,-0.0015103999999999999,-0.00021370000000000002,-0.0033173,-0.0021146000000000003,-0.0021551000000000001,3.1300000000000164e-05,-0.0027560000000000002,0.0024301000000000001,-0.00092069999999999999,0.0035003999999999994,0.003679,-0.0051994000000000007,-0.0018906000000000001,0.0007383,0.0044574000000000003,0.0010721000000000001,-0.0005264,0.0022196999999999998,0.0036439000000000003,-0.0011041,-0.0016091999999999999,-0.0011976999999999999,-0.0034478999999999998,0.0025309,0.0014925000000000001,-0.0025336,0.0049148999999999998,-0.0019296999999999999,0.00020589999999999996,-0.0020461000000000003,0.0027881,0.0106269,-0.0057771000000000012,0.0001546999999999998,0.0057263999999999995,-0.0062702000000000001,-0.0011699,-0.0010391999999999999,0.0012338000000000002,0.0026032,-0.0036949999999999999,0.0015758000000000005,-0.0016735000000000001,0.0026397,-0.00090669999999999998,0.00045580000000000007,0.0015470999999999998,-0.0011248999999999999,0.00030429999999999997,0.0019345999999999996,0.00013869999999999996,-0.0017027000000000001,-2.7199999999999956e-05,-0.0015217,0.0028590000000000004,-0.0005974000000000001,0.0016733000000000004,0.00077119999999999999,-0.00096000000000000002,-0.0021061000000000001,-0.0015221000000000002,-0.0011339000000000002,0.00095449999999999994,0.00062869999999999994,0.00032960000000000021,0.0010095,-0.0027177000000000004,6.9400000000000006e-05,-0.00011510000000000014,-0.0002051,0.0017502000000000004,0.00042569999999999999,0.0013175999999999999,-0.00030369999999999996,0.0018063999999999999,0.0010115,-0.00085000000000000006,-0.0047389000000000008,0.00045730000000000006,0.0020896999999999999,-0.0030603000000000002,-0.0042348000000000004,0.00019349999999999999,-9.4200000000000121e-05,-0.0025317,0.0010913000000000001,-0.0033721999999999997,0.002408,0.0026733000000000004,-0.0016960999999999999,-0.0012892999999999997,-0.0017881999999999998,-0.0021812000000000003,-0.0017099999999999995,0.0070730999999999988,0.0028223999999999996,0.0051354,-0.0025528,0.0017621,-0.0018002000000000001,-0.0052915000000000002,0.0015047999999999999,-0.0034363000000000002,0.0031018999999999999,-0.00052920000000000007,-0.00055840000000000002,-2.9e-05,-0.0011891,-0.0020649000000000002,0.0015558999999999998,0.00018969999999999984,-0.00040220000000000013,0.00066970000000000007,-6.6299999999999931e-05,-0.0007762,-0.00048400000000000006,0.0029307000000000001,0.00071880000000000002,-0.00080839999999999992,-0.00022770000000000001,0.0019724,0.0020522000000000001,-0.0013778000000000002,-0.00074770000000000001,0.0009146,-0.0012124,0.0015194,0.00027169999999999994,-6.2199999999999994e-05,0.00076880000000000004,-0.00035239999999999989,0.0014869000000000002,-0.0010141999999999998,0.0018442,-0.0017204,0.0020695000000000002,-0.0013225999999999999,0.0021242000000000001,-0.00054330000000000003,7.5899999999999839e-05,-0.00097630000000000004,-0.00083529999999999997,-0.00075299999999999998,0.0012118000000000003,-0.00030039999999999998,-0.0011266000000000006,0.00015889999999999996,0.00074550000000000007,-0.0010689,0.00021009999999999996,0.0023419000000000001,-0.0014362999999999999,-0.00081579999999999999,-0.00040720000000000003,0.00012729999999999995,-0.0011655000000000003,0.00066830000000000004,-0.0013327,0.0012784999999999999,4.7000000000000167e-05,-0.00089630000000000005,0.0029884000000000004,-0.0030827999999999993,-0.00026199999999999997,-0.0013481000000000001,-0.0012415,0.0038069000000000002,-0.00041130000000000008,-0.0060229999999999997,0.0058823,-0.0017101999999999998,0.0030309999999999998,-0.0011690000000000003,-0.00057089999999999984,0.0078899,-0.0026328000000000002,0.00078699999999999994,-0.0025471999999999995,-0.0033121000000000001,0.0013122000000000001
aug_between_class_right_pair0046_child02,Healthy,0,0,Augmented,0,0,0,0,0,0.33879339999999997,2.1807677999999999,-5.9999999999999997e-07,-9.9999999999999995e-07,1.9999999999999999e-07,1.0273682000000002,0,0.048571200000000002,-0.14929900000000002,0.023176200000000001,0.10158059999999999,-0.073478799999999997,0.087368799999999996,0.0071623999999999993,0.0093588000000000005,-0.030412399999999999,-0.1161898,0.36869159999999995,-0.054889599999999997,-0.015804200000000001,0.094721,0.016935400000000003,-0.014393799999999998,-0.0058040000000000001,-0.057765400000000001,0.025414599999999999,0.043214799999999998,-0.051892599999999997,0.0084983999999999997,-0.088795799999999994,0.020655199999999999,0.044888400000000002,-0.025741400000000001,0.0036079999999999984,0.0058195999999999994,-0.032798799999999996,0.0498568,-0.059679599999999999,-0.053682400000000005,0.12099299999999999,-0.039118,0.2182596,-0.077689999999999995,0.0064627999999999994,0.0026115999999999999,-0.011724399999999999,-0.016250400000000002,-0.0031580000000000002,0.030339399999999999,-0.0014716,-0.0095881999999999998,-0.010902199999999999,-0.026620999999999999,0.0077005999999999993,0.036146600000000001,0.0204342,0.027940599999999999,-0.010197599999999999,-0.0010685999999999998,0.0095619999999999993,-0.057246000000000005,0.0031402000000000001,-0.0031276000000000008,0.0033761999999999998,0.038852399999999995,-0.076207999999999998,-0.0093086000000000002,-0.036039799999999997,-0.026765799999999999,0.0155786,-0.0010142,0.00077719999999999981,0.0220822,0.0042681999999999998,-0.002653,-0.0047853999999999995,0.0086128000000000003,0.0057793999999999996,-9.7999999999999563e-05,-1.6000000000000389e-06,0.014624000000000002,-0.025391200000000003,0.0020762000000000003,0.0062871999999999997,0.0087588000000000006,-0.0089589999999999999,-0.011002999999999999,0.015388799999999999,-0.017152199999999999,-0.0094576,-0.0039123999999999999,-0.0041120000000000002,0.0031472000000000002,-0.020907600000000002,-0.0066243999999999999,0.011841600000000001,-0.0081548000000000002,-0.0063489999999999987,0.027505000000000002,-0.0048322,0.031127200000000001,0.001336600000000002,-0.0044182000000000006,-0.0029448000000000009,-0.0033807999999999998,-0.0086688000000000008,0.0120716,-0.00098159999999999957,-0.014327999999999997,-0.0014529999999999999,0.0051003999999999997,-0.002686,0.00016699999999999961,0.0044051999999999997,0.015425999999999999,0.0016195999999999999,0.0015760000000000001,0.0062036000000000001,-0.0091170000000000001,0.0048243999999999995,-0.011678600000000001,0.0128398,-0.0043327999999999995,-0.0087036000000000006,0.0070147999999999999,-0.0022908,0.0072264000000000009,-0.0043562000000000002,0.00075239999999999986,0.0074446,0.0067404000000000006,0.0013504000000000007,0.0017866,-0.014605399999999999,-0.0087530000000000004,-0.0068953999999999994,-0.013213200000000001,0.0019901999999999997,0.0041616000000000005,0.00030200000000000002,-0.0057798000000000007,0.0030636000000000005,-0.0014803999999999998,-0.0012592,0.0010736000000000001,0.0028216000000000001,-0.0025140000000000006,-0.0064812000000000003,0.0022117999999999999,-0.0015976,0.0023592000000000001,0.0020870000000000003,0.0018975999999999999,-0.0023992000000000002,-0.0013578000000000002,-0.0038822000000000001,-0.0057793999999999996,7.9999999999999993e-05,-0.00063960000000000004,-0.0073600000000000002,-0.0025293999999999998,0.0066014000000000003,0.0051908000000000006,0.0019724,-0.0040166000000000004,-0.0015752000000000001,-0.0073550000000000004,-0.0048662000000000002,-0.0045341999999999995,0.0034394,0.0041251999999999999,0.0076222,0.0039924000000000001,-0.0093842000000000005,0.0017445999999999998,0.0080995999999999985,-0.0026296000000000002,-0.00043739999999999979,0.0082433999999999997,-0.0078029999999999992,0.0078952000000000015,-0.0072767999999999991,0.0026882,0.0010992,-0.0050623999999999999,0.0037678,-0.0031440000000000001,-0.0040634,0.0019775999999999999,-0.0039742000000000006,-0.0018518,0.0023563999999999998,-3.6000000000000875e-06,0.001446,-0.0017043999999999998,-0.00030340000000000011,0.004531799999999999,-0.0011128000000000002,0.0025510000000000003,-0.0013186000000000001,-0.0010992,4.6400000000000044e-05,0.0016680000000000002,-0.00030900000000000003,0.00062059999999999969,-0.0052350000000000001,0.0030061999999999997,0.00078340000000000007,-0.0014691999999999999,-0.0051980000000000004,0.0033993999999999999,0.0017862000000000002,9.2599999999999974e-05,0.00011700000000000013,0.0082196000000000005,-0.0045734,0.0017080000000000001,0.0014502,-0.0043474000000000004,-0.0012228,0.00045179999999999992,0.0047390000000000002,0.0023550000000000003,-0.0035585999999999999,0.0040598000000000006,0.0030310000000000003,-0.0088891999999999999,0.0032068000000000001,0.0041178000000000005,-0.00013619999999999995,0.0055558000000000005,-0.0027006,0.0036203999999999997,-0.017507000000000002,0.0011795999999999998,-0.008687799999999999,-0.0086783999999999993,-0.0061885999999999998,0.0045726000000000004,-0.0014034,0.0014746,-0.00037300000000000007,-0.0035758000000000005,0.0027408000000000007,-0.0013656,-0.0021118,0.00030900000000000014,-0.0057146000000000002,0.0025660000000000001,0.0026779999999999998,-0.0021274000000000002,0.00065539999999999999,-0.0044057999999999996,-0.0025786000000000003,0.00059040000000000015,0.0031833999999999999,-0.0015316000000000001,0.0028060000000000003,-0.0044646000000000009,0.0028517999999999998,0.0032637999999999999,-0.0092931999999999997,0.0032037999999999997,0.00039079999999999996,-0.0026243999999999998,0.0031026000000000005,0.001776,0.00029980000000000002,0.0031034000000000001,0.00058779999999999998,0.004254,-0.0037268000000000002,-0.00056260000000000001,0.0089053999999999991,0.00018540000000000003,0.0018154000000000002,0.0017712000000000001,-0.00081660000000000044,-0.0054128000000000006,-0.0025547999999999999,-0.0061740000000000007,0.0065908,-0.0056985999999999998,0.0039244000000000006,-0.0068322000000000001,-0.0023336000000000003,-0.0070247999999999994,0.0035047999999999998,-0.0081314000000000004,0.0019680000000000001,0.0114754,0.00018359999999999996,0.0082421999999999999,-0.0131728,0.00089980000000000019,-0.00053260000000000004,-0.00051800000000000001,-0.0013992000000000002,0.0045655999999999995,-0.00020240000000000004,0.0017756000000000007,0.0017121999999999999,0.0020968000000000002,-0.00012239999999999994,0.0012702,-4.5400000000000128e-05,0.0034547999999999996,0.0015935999999999999,0.00019319999999999998,-0.001848,-0.00056919999999999996,-0.00088099999999999984,0.0019018000000000001,-0.00044359999999999978,-0.0020782000000000001,-0.0036076000000000003,-0.0003263999999999998,-0.0013637999999999999,-0.0039950000000000003,-0.0017889999999999998,0.0032932,0.0018572000000000003,-0.0015338000000000001,-0.00037239999999999994,-0.0029316000000000004,-0.0021212000000000002,-0.0022482000000000001,-2.4000000000000583e-06,-0.0024750000000000002,0.0021451999999999999,-0.00069039999999999987,0.0028998000000000001,0.0037339999999999999,-0.0046988000000000012,-0.0019922000000000004,0.0007046000000000001,0.0040568000000000002,0.00076719999999999989,-0.00058279999999999996,0.0021733999999999998,0.0038368000000000005,-0.00067120000000000016,-0.0016034000000000001,-0.00082840000000000008,-0.0037927999999999998,0.0025797999999999997,0.001722,-0.0021102,0.0046687999999999999,-0.0015134,-0.00045719999999999995,-0.0015862000000000001,0.0024892,0.010578800000000001,-0.0052462000000000003,0.00098339999999999951,0.0060568000000000002,-0.0058994000000000008,-0.0012198000000000001,-0.0010814000000000002,0.0011206,0.0025673999999999996,-0.0034150000000000005,0.0014756000000000001,-0.0014400000000000003,0.0024374000000000002,-0.00085139999999999999,0.00064760000000000013,0.0014522000000000001,-0.00041480000000000011,-7.5400000000000017e-05,0.0018311999999999998,0.00023740000000000002,-0.0020864,-0.00016239999999999999,-0.0016144,0.002552,-0.00070080000000000001,0.0014016,0.00080639999999999998,-0.00089800000000000004,-0.0026472000000000002,-0.0011372000000000001,-0.0012828000000000002,0.0011459999999999999,0.00065539999999999999,0.00022920000000000004,0.0010009999999999999,-0.0023384,4.5799999999999975e-05,0.00020379999999999986,-0.00024820000000000002,0.0016784,0.00069440000000000007,0.0015782000000000001,-0.00041639999999999993,0.0019548,0.0013610000000000002,-0.0011839999999999999,-0.0045548000000000003,0.00020560000000000006,0.0019744000000000003,-0.0030655999999999999,-0.0040276000000000001,-9.9000000000000021e-05,-1.6400000000000073e-05,-0.0027753999999999999,0.0011576000000000002,-0.0034743999999999999,0.002147,0.0029696000000000002,-0.0017112,-0.00082860000000000008,-0.0018684000000000001,-0.0019464,-0.0012159999999999999,0.0063961999999999995,0.0032347999999999999,0.0053628,-0.0026325999999999997,0.0017912,-0.0022474000000000001,-0.0058189999999999995,0.0017195999999999999,-0.0037016000000000006,0.0034957999999999999,-0.00076440000000000004,-0.00063780000000000011,-0.00024199999999999997,-0.0012821999999999998,-0.0018508000000000005,0.0013428000000000001,-1.6600000000000132e-05,-0.00027740000000000002,0.0005794000000000001,9.3999999999999032e-06,-0.00068639999999999999,-0.00016400000000000006,0.0028463999999999998,0.00049760000000000006,-0.00084279999999999989,-0.00025339999999999998,0.0018438000000000003,0.0017794,-0.00095560000000000057,-0.00071940000000000003,0.00087020000000000001,-0.0010828000000000001,0.0015258000000000003,0.00022640000000000008,0.00018660000000000009,0.00080560000000000007,-0.00043679999999999999,0.0013018000000000001,-0.00086540000000000011,0.0016623999999999999,-0.0017528000000000001,0.0018929999999999999,-0.0011202000000000002,0.0020824000000000003,-0.00055559999999999995,0.00010479999999999995,-0.0011486000000000001,-0.00079760000000000009,-0.00060400000000000004,0.0010306000000000002,-0.00040779999999999994,-0.00092120000000000038,0.00034580000000000011,0.000785,-0.0006647999999999999,0.00010919999999999994,0.0023127999999999998,-0.0015335999999999998,-0.0007806,-0.00035439999999999994,2.9599999999999961e-05,-0.00097500000000000017,0.0009456,-0.0013104000000000002,0.0013829999999999999,3.2000000000000236e-05,-0.0010336,0.0028518000000000003,-0.0028735999999999996,-0.00051699999999999999,-0.0010672000000000001,-0.001222,0.0034987999999999998,-0.00037560000000000002,-0.005951999999999999,0.0051546000000000005,-0.0014373999999999997,0.0024250000000000001,-0.00059000000000000014,-0.00037779999999999997,0.008160800000000001,-0.0022286000000000003,0.00061699999999999993,-0.0023233999999999998,-0.0035712000000000001,0.0012204000000000002
aug_between_class_right_pair0046_child03,Healthy,0,0,Augmented,0,0,0,0,0,0.33989059999999999,2.1779952000000002,-3.9999999999999988e-07,-9.9999999999999995e-07,2.9999999999999999e-07,1.0281148,4.1359030627651384e-25,0.048843299999999999,-0.14852300000000002,0.022734299999999999,0.1018129,-0.0761907,0.091033199999999995,0.0063275999999999992,0.0095101999999999999,-0.030639599999999999,-0.1169322,0.36638339999999997,-0.054323900000000001,-0.0204808,0.093820500000000001,0.017765600000000003,-0.0145262,-0.0069469999999999992,-0.058159099999999998,0.0247484,0.042959200000000003,-0.052782899999999994,0.0082176000000000003,-0.088178699999999999,0.018455300000000001,0.045268599999999999,-0.0260951,0.003036500000000001,0.0072254000000000007,-0.032432699999999995,0.0504287,-0.060029399999999997,-0.0540946,0.12256549999999999,-0.039594499999999998,0.2189064,-0.077183499999999988,0.0074186999999999994,0.0025138999999999999,-0.012497599999999999,-0.015732099999999999,-0.0039429999999999986,0.0323916,-0.0020149,-0.0096013000000000001,-0.0110058,-0.0276695,0.0091494000000000002,0.0373094,0.020957299999999998,0.028367899999999995,-0.0112534,-0.0012518999999999998,0.0099675000000000007,-0.058559,0.0039608000000000004,-0.0014984000000000004,0.0028067999999999986,0.037999599999999994,-0.076997999999999997,-0.011039399999999998,-0.034439199999999996,-0.0250837,0.015044399999999999,-0.00083529999999999987,0.0012737999999999998,0.022362299999999998,0.0047373000000000007,-0.0024780000000000002,-0.0035621000000000003,0.008510199999999999,0.0056086,9.6000000000000165e-05,-0.00030039999999999971,0.014374499999999998,-0.025862799999999998,0.0024913000000000001,0.0064123000000000001,0.0086992000000000007,-0.0082404999999999996,-0.010578499999999999,0.013722199999999999,-0.016425800000000001,-0.0096409000000000009,-0.0047086000000000003,-0.0043464999999999997,0.0027997999999999999,-0.020877899999999998,-0.0060295999999999995,0.0117149,-0.0083007000000000011,-0.0070514999999999987,0.027665499999999996,-0.0039312999999999996,0.030494299999999998,0.00097439999999999853,-0.0039212999999999991,-0.0021911999999999999,-0.0034591999999999999,-0.0086996999999999994,0.011953399999999999,-0.0011019000000000003,-0.013918999999999997,-0.0015889999999999997,0.0050171,-0.0031384999999999998,-0.00056550000000000003,0.0045672999999999998,0.015886999999999998,0.0017089,0.0017235,0.0063848999999999998,-0.0098189999999999996,0.0049170999999999998,-0.0122764,0.013110699999999999,-0.0046662000000000006,-0.008303399999999999,0.0074202000000000001,-0.0027212000000000004,0.0068706000000000001,-0.0036718000000000002,-0.00013839999999999989,0.0076293999999999997,0.0070511000000000002,0.0011295999999999997,0.0018454000000000003,-0.014733099999999999,-0.0080229999999999989,-0.0068301000000000004,-0.012200799999999999,0.0028663,0.0037008999999999996,0.00071400000000000001,-0.0064406999999999997,0.0028154,-0.0015435999999999998,-0.0014622999999999997,0.0011344,0.0032813999999999999,-0.0023915000000000004,-0.0054377999999999996,0.0023411999999999999,-0.0018374000000000001,0.0033718000000000003,0.0024974999999999997,0.0016168999999999999,-0.0019507999999999995,-0.0011651999999999999,-0.0039833000000000004,-0.0056610999999999996,0.00015449999999999991,-0.00083090000000000008,-0.0077724999999999999,-0.0026946000000000001,0.0067850999999999996,0.0045846999999999997,0.0017190999999999999,-0.0042313999999999997,-0.0014743,-0.0068735000000000003,-0.0052037999999999997,-0.0049743000000000001,0.0032521,0.0040078000000000006,0.0083523,0.0041041000000000003,-0.0099132999999999999,0.0022764,0.008136899999999999,-0.0020373999999999991,-3.8099999999999896e-05,0.0085751000000000004,-0.0080619999999999997,0.0075538000000000003,-0.0079821999999999983,0.0021733,0.0010793000000000001,-0.0046595999999999999,0.0049832000000000001,-0.0028535000000000001,-0.0039065999999999997,0.0019883999999999995,-0.0038198000000000004,-0.0021572000000000002,0.0026151,0.00012210000000000004,0.0010599999999999995,-0.0015816000000000001,-0.00073259999999999992,0.0040086999999999996,-0.0011177000000000001,0.0022829999999999994,-0.00083440000000000022,-0.00065479999999999987,0.0003795999999999999,0.0014810000000000001,-0.00057350000000000001,2.2899999999999906e-05,-0.0049500000000000004,0.0032553,0.0005191000000000001,-0.0015508000000000002,-0.0049665000000000004,0.0035020999999999997,0.0015372999999999999,9.5899999999999892e-05,0.00022200000000000019,0.0085559,-0.0046841000000000001,0.0021789999999999999,0.0013753000000000001,-0.0046106000000000003,-0.0013982000000000001,0.00014869999999999998,0.0048990000000000006,0.0019775000000000001,-0.0035883999999999998,0.0046406999999999993,0.0030674999999999999,-0.0090297999999999993,0.0036016999999999998,0.0041472000000000002,0.00033319999999999997,0.0056202000000000005,-0.0026614,0.0030270999999999996,-0.0175335,0.0012698999999999996,-0.0085056999999999997,-0.0083961000000000001,-0.0058129000000000002,0.0046728999999999998,-0.0012865999999999999,0.0011418999999999999,0.00017000000000000001,-0.0036351999999999999,0.0027482000000000001,-0.00097089999999999958,-0.0021306999999999997,0.00031249999999999984,-0.0058524000000000007,0.002153,0.0033654999999999996,-0.0019811,0.00086910000000000004,-0.0042726999999999999,-0.0028008999999999998,0.00049209999999999987,0.0031906,-0.0018664,0.0029780000000000002,-0.0043008999999999999,0.0027361999999999998,0.0031351999999999999,-0.0098047999999999989,0.0032311999999999992,0.00065070000000000004,-0.0030676000000000002,0.0032213999999999997,0.0022855000000000002,0.00032120000000000011,0.0032180999999999998,0.00046619999999999995,0.0045570000000000003,-0.0034786999999999999,-0.00073939999999999997,0.0092960999999999998,3.2100000000000021e-05,0.0018536,0.0021388000000000002,-0.00088540000000000038,-0.0056387,-0.0020661999999999998,-0.0065420000000000001,0.0068272000000000003,-0.0057394000000000004,0.0031111000000000003,-0.0062972999999999987,-0.0026719000000000001,-0.0064002,0.0034161999999999999,-0.0082611000000000004,0.0026250000000000002,0.012384599999999999,5.0399999999999924e-05,0.008403299999999999,-0.013698200000000001,0.0017057000000000001,-0.00077240000000000013,-0.00048999999999999998,-0.0012412999999999999,0.0043888999999999994,-5.1099999999999941e-05,0.0014689000000000002,0.0015412999999999998,0.0022342,5.9400000000000034e-05,0.00096030000000000009,0.00022090000000000011,0.0031596999999999992,0.0017198999999999999,0.00025979999999999997,-0.0013304999999999997,-0.00077929999999999991,-0.00081299999999999992,0.0014702000000000001,1.0600000000000149e-05,-0.0021612999999999997,-0.0036809,0.00022390000000000029,-0.0016291999999999999,-0.0039365000000000008,-0.001498,0.0030802999999999998,0.0016922999999999999,-0.0015571999999999999,-0.00053109999999999995,-0.0025458999999999998,-0.0021278,-0.0023413000000000002,-3.6100000000000064e-05,-0.0021939999999999998,0.0018602999999999998,-0.00046009999999999985,0.0022991999999999999,0.0037889999999999998,-0.0041982000000000009,-0.0020937999999999998,0.0006709000000000001,0.0036561999999999996,0.00046230000000000007,-0.00063919999999999992,0.0021270999999999998,0.0040296999999999998,-0.0002383000000000001,-0.0015975999999999998,-0.0004591000000000001,-0.0041376999999999994,0.0026286999999999999,0.0019515000000000001,-0.0016868,0.0044226999999999999,-0.0010970999999999999,-0.0011202999999999999,-0.0011263000000000002,0.0021903000000000001,0.0105307,-0.0047153000000000004,0.0018121000000000001,0.0063871999999999991,-0.0055285999999999998,-0.0012696999999999999,-0.0011235999999999998,0.0010074000000000001,0.0025315999999999997,-0.0031350000000000002,0.0013753999999999997,-0.0012064999999999999,0.0022350999999999998,-0.0007961,0.00083940000000000002,0.0013572999999999999,0.00029529999999999975,-0.00045509999999999995,0.0017277999999999998,0.00033609999999999998,-0.0024701000000000002,-0.00029759999999999997,-0.0017071,0.002245,-0.00080419999999999992,0.0011299000000000001,0.00084159999999999997,-0.00083599999999999994,-0.0031883000000000002,-0.00075230000000000013,-0.0014316999999999999,0.0013374999999999997,0.00068210000000000005,0.00012879999999999999,0.00099250000000000011,-0.0019591000000000001,2.2199999999999943e-05,0.00052270000000000007,-0.00029129999999999998,0.0016065999999999997,0.00096310000000000015,0.0018388,-0.00052910000000000001,0.0021031999999999999,0.0017104999999999998,-0.001518,-0.0043706999999999999,-4.6100000000000036e-05,0.0018591,-0.0030709000000000001,-0.0038203999999999994,-0.00039150000000000014,6.1399999999999975e-05,-0.0030190999999999998,0.0012239000000000002,-0.0035766000000000001,0.0018859999999999999,0.0032659000000000004,-0.0017263000000000001,-0.00036789999999999984,-0.0019486,-0.0017116000000000002,-0.00072199999999999977,0.0057193000000000001,0.0036471999999999997,0.0055902,-0.0027123999999999998,0.0018203,-0.0026946000000000001,-0.0063464999999999997,0.0019344,-0.0039669000000000006,0.0038897000000000003,-0.00099960000000000001,-0.00071720000000000009,-0.00045499999999999995,-0.0013752999999999999,-0.0016367,0.0011297,-0.00022290000000000011,-0.0001526,0.00048909999999999991,8.5100000000000063e-05,-0.00059659999999999997,0.000156,0.0027621,0.00027639999999999989,-0.00087719999999999996,-0.00027909999999999995,0.0017152000000000001,0.0015065999999999999,-0.00053339999999999995,-0.00069109999999999994,0.00082580000000000001,-0.00095319999999999997,0.0015322000000000001,0.0001810999999999999,0.00043540000000000012,0.00084239999999999998,-0.00052119999999999998,0.0011167,-0.00071659999999999996,0.0014805999999999997,-0.0017852,0.0017164999999999999,-0.00091779999999999997,0.0020405999999999996,-0.00056789999999999987,0.00013370000000000005,-0.0013209000000000001,-0.00075989999999999999,-0.000455,0.00084940000000000015,-0.00051519999999999995,-0.00071580000000000005,0.00053269999999999988,0.00082450000000000004,-0.00026069999999999994,8.3000000000000391e-06,0.0022836999999999996,-0.0016308999999999998,-0.00074540000000000001,-0.00030159999999999996,-6.8100000000000029e-05,-0.00078450000000000004,0.0012229000000000001,-0.0012881000000000001,0.0014874999999999999,1.7000000000000088e-05,-0.0011709000000000001,0.0027152000000000001,-0.0026643999999999991,-0.00077199999999999979,-0.00078629999999999987,-0.0012025,0.0031906999999999999,-0.00033990000000000018,-0.0058809999999999991,0.0044268999999999992,-0.0011645999999999998,0.0018189999999999999,-1.0999999999999725e-05,-0.00018469999999999988,0.0084317000000000003,-0.0018244000000000001,0.00044699999999999991,-0.0020995999999999996,-0.0038303,0.0011286
aug_between_class_right_pair0046_child04,Healthy,0,0,Augmented,0,0,0,0,0,0.34098780000000001,2.1752226000000001,-1.9999999999999999e-07,-9.9999999999999995e-07,3.9999999999999998e-07,1.0288614,0,0.049115400000000003,-0.14774700000000002,0.0222924,0.1020452,-0.078902600000000003,0.094697599999999993,0.0054927999999999991,0.0096615999999999994,-0.0308668,-0.1176746,0.36407519999999999,-0.053758200000000006,-0.025157400000000003,0.092920000000000003,0.018595800000000003,-0.014658599999999999,-0.00809,-0.058552800000000002,0.024082199999999998,0.042703600000000001,-0.053673199999999997,0.0079368000000000008,-0.087561600000000003,0.0162554,0.045648800000000003,-0.026448799999999998,0.0024650000000000002,0.0086312000000000003,-0.032066600000000001,0.051000600000000007,-0.060379200000000001,-0.054506800000000001,0.124138,-0.040071000000000002,0.2195532,-0.076676999999999995,0.0083745999999999994,0.0024161999999999999,-0.013270799999999999,-0.0152138,-0.0047279999999999996,0.034443800000000004,-0.0025582000000000001,-0.0096144000000000004,-0.0111094,-0.028718,0.0105982,0.038472199999999998,0.0214804,0.028795199999999996,-0.012309199999999999,-0.0014352000000000002,0.010373,-0.059872000000000002,0.0047813999999999999,0.00013079999999999949,0.0022373999999999996,0.037146800000000001,-0.077787999999999996,-0.012770199999999999,-0.032838599999999996,-0.023401600000000002,0.014510199999999999,-0.00065639999999999991,0.0017703999999999999,0.0226424,0.0052063999999999999,-0.0023029999999999995,-0.0023387999999999994,0.0084075999999999994,0.0054377999999999996,0.00028999999999999989,-0.00059919999999999982,0.014124999999999999,-0.026334400000000001,0.0029064000000000004,0.0065374000000000005,0.0086396000000000008,-0.007522,-0.010154,0.0120556,-0.015699399999999999,-0.0098241999999999999,-0.0055047999999999998,-0.004581,0.0024524,-0.020848199999999997,-0.0054347999999999992,0.0115882,-0.0084466000000000003,-0.0077540000000000005,0.027825999999999997,-0.0030303999999999991,0.0298614,0.00061220000000000024,-0.0034243999999999998,-0.0014375999999999998,-0.0035376000000000001,-0.0087305999999999998,0.011835200000000001,-0.0012222000000000001,-0.013509999999999998,-0.001725,0.0049337999999999995,-0.0035910000000000004,-0.0012980000000000005,0.0047293999999999999,0.016347999999999998,0.0017982,0.0018710000000000001,0.0065662000000000003,-0.010521000000000001,0.0050098,-0.012874199999999999,0.0133816,-0.0049995999999999999,-0.0079032000000000008,0.0078256000000000003,-0.0031516000000000005,0.0065148000000000011,-0.0029874000000000003,-0.0010292000000000001,0.0078142000000000003,0.0073617999999999999,0.00090879999999999954,0.0019042000000000002,-0.014860799999999999,-0.007293,-0.0067647999999999996,-0.011188399999999999,0.0037424000000000003,0.0032401999999999995,0.001126,-0.0071015999999999996,0.0025671999999999995,-0.0016068,-0.0016654,0.0011952000000000002,0.0037412000000000005,-0.0022690000000000002,-0.0043943999999999997,0.0024705999999999999,-0.0020772,0.0043844000000000001,0.002908,0.0013361999999999998,-0.0015023999999999997,-0.0009725999999999999,-0.0040844000000000002,-0.0055427999999999996,0.00022900000000000004,-0.0010222,-0.0081849999999999996,-0.0028598,0.0069687999999999998,0.0039785999999999997,0.0014658000000000002,-0.0044462,-0.0013733999999999999,-0.0063920000000000001,-0.0055414000000000001,-0.0054143999999999998,0.0030647999999999999,0.0038904,0.0090823999999999992,0.0042158000000000004,-0.010442400000000001,0.0028082000000000003,0.0081741999999999995,-0.0014452,0.00036120000000000032,0.0089067999999999994,-0.0083210000000000003,0.0072123999999999999,-0.0086875999999999984,0.0016583999999999995,0.0010594000000000001,-0.0042567999999999998,0.0061986000000000003,-0.0025630000000000002,-0.0037497999999999997,0.0019991999999999996,-0.0036654000000000001,-0.0024626000000000001,0.0028738000000000001,0.00024780000000000001,0.00067399999999999969,-0.0014588000000000001,-0.0011618000000000004,0.0034855999999999997,-0.0011226000000000001,0.0020149999999999999,-0.0003502,-0.00021039999999999996,0.00071279999999999976,0.0012940000000000002,-0.00083799999999999999,-0.00057480000000000042,-0.0046649999999999999,0.0035044,0.00025479999999999991,-0.0016324000000000002,-0.0047349999999999996,0.0036048,0.0012883999999999999,9.9200000000000026e-05,0.00032700000000000003,0.0088921999999999994,-0.0047948000000000001,0.00265,0.0013004000000000002,-0.004873800000000001,-0.0015736000000000001,-0.00015439999999999996,0.0050590000000000001,0.0016000000000000001,-0.0036182000000000002,0.0052215999999999999,0.003104,-0.0091703999999999987,0.0039966000000000003,0.0041765999999999999,0.00080259999999999988,0.0056845999999999997,-0.0026221999999999999,0.0024337999999999999,-0.017559999999999999,0.0013601999999999998,-0.0083235999999999987,-0.0081137999999999991,-0.0054371999999999997,0.0047732,-0.0011697999999999999,0.00080919999999999983,0.00071300000000000009,-0.0036946000000000001,0.0027556,-0.0005761999999999998,-0.0021495999999999998,0.00031600000000000009,-0.0059902000000000002,0.0017399999999999996,0.0040529999999999993,-0.0018347999999999997,0.0010828000000000001,-0.0041396000000000002,-0.0030232000000000002,0.00039379999999999992,0.0031977999999999998,-0.0022011999999999999,0.0031499999999999996,-0.0041371999999999997,0.0026205999999999998,0.0030065999999999999,-0.0103164,0.0032585999999999995,0.00091060000000000002,-0.0035108000000000001,0.0033401999999999998,0.0027950000000000002,0.00034260000000000009,0.0033327999999999999,0.00034460000000000008,0.0048599999999999997,-0.0032306000000000001,-0.00091620000000000004,0.0096867999999999989,-0.00012119999999999996,0.0018918000000000001,0.0025064000000000002,-0.00095419999999999988,-0.0058645999999999993,-0.0015776000000000002,-0.0069099999999999995,0.0070635999999999997,-0.0057801999999999992,0.0022978,-0.0057624,-0.0030101999999999998,-0.0057756000000000005,0.0033276,-0.0083908000000000003,0.0032820000000000002,0.0132938,-8.2800000000000061e-05,0.0085643999999999998,-0.014223599999999999,0.0025116000000000001,-0.0010122,-0.0004619999999999999,-0.0010834,0.0042121999999999993,0.00010020000000000005,0.0011622000000000004,0.0013703999999999999,0.0023716000000000002,0.00024120000000000001,0.00065039999999999998,0.00048719999999999997,0.0028645999999999997,0.0018462000000000001,0.00032640000000000002,-0.0008129999999999997,-0.00098940000000000009,-0.00074499999999999979,0.0010385999999999998,0.00046480000000000035,-0.0022444000000000001,-0.0037542000000000001,0.00077420000000000017,-0.0018945999999999998,-0.0038780000000000004,-0.001207,0.0028674,0.0015274000000000002,-0.0015806000000000001,-0.00068979999999999996,-0.0021602000000000001,-0.0021343999999999998,-0.0024343999999999998,-6.9799999999999853e-05,-0.001913,0.0015753999999999998,-0.00022979999999999981,0.0016985999999999998,0.0038440000000000002,-0.0036976000000000001,-0.0021954000000000001,0.00063720000000000009,0.0032556,0.00015739999999999995,-0.00069559999999999999,0.0020807999999999998,0.0042226,0.00019459999999999985,-0.0015918,-8.9799999999999906e-05,-0.0044825999999999998,0.0026776,0.0021810000000000002,-0.0012634,0.0041765999999999999,-0.00068079999999999996,-0.0017834000000000001,-0.00066640000000000015,0.0018913999999999997,0.0104826,-0.0041844000000000004,0.0026408,0.0067176000000000007,-0.0051577999999999997,-0.0013196,-0.0011658,0.00089420000000000005,0.0024957999999999994,-0.0028549999999999999,0.0012751999999999998,-0.00097299999999999991,0.0020327999999999995,-0.00074080000000000001,0.0010312000000000003,0.0012623999999999999,0.0010054000000000003,-0.00083480000000000013,0.0016243999999999998,0.0004348,-0.0028538000000000001,-0.00043280000000000006,-0.0017998000000000001,0.0019380000000000001,-0.00090759999999999994,0.00085820000000000015,0.00087680000000000006,-0.00077399999999999995,-0.0037294000000000003,-0.00036740000000000004,-0.0015806000000000001,0.0015289999999999995,0.00070879999999999999,2.840000000000004e-05,0.00098400000000000007,-0.0015798000000000001,-1.3999999999999798e-06,0.00084160000000000007,-0.00033440000000000005,0.0015347999999999998,0.0012318000000000001,0.0020994,-0.00064179999999999999,0.0022515999999999999,0.0020599999999999998,-0.0018520000000000001,-0.0041866000000000004,-0.00029780000000000003,0.0017438,-0.0030761999999999999,-0.0036132,-0.00068400000000000015,0.00013919999999999997,-0.0032627999999999997,0.0012902,-0.0036787999999999994,0.0016249999999999999,0.0035622000000000002,-0.0017413999999999999,9.2800000000000196e-05,-0.0020287999999999999,-0.0014768000000000001,-0.00022799999999999969,0.0050423999999999998,0.0040596,0.0058175999999999992,-0.0027921999999999999,0.0018494,-0.0031418000000000001,-0.0068739999999999999,0.0021492,-0.0042322000000000011,0.0042836000000000003,-0.0012348000000000001,-0.00079660000000000017,-0.00066799999999999997,-0.0014683999999999999,-0.0014226,0.00091659999999999984,-0.00042920000000000013,-2.7799999999999971e-05,0.0003988000000000001,0.00016080000000000001,-0.00050679999999999996,0.00047600000000000002,0.0026778000000000001,5.5200000000000149e-05,-0.00091160000000000004,-0.00030480000000000004,0.0015865999999999999,0.0012337999999999997,-0.00011119999999999999,-0.00066280000000000006,0.00078140000000000002,-0.00082360000000000007,0.0015386,0.00013579999999999994,0.00068420000000000015,0.00087920000000000001,-0.00060559999999999998,0.00093159999999999998,-0.00056780000000000014,0.0012987999999999997,-0.0018175999999999999,0.0015399999999999999,-0.00071539999999999993,0.0019987999999999998,-0.00058020000000000001,0.00016259999999999994,-0.0014932000000000001,-0.00072219999999999999,-0.00030599999999999996,0.00066820000000000009,-0.00062259999999999995,-0.00051040000000000015,0.00071959999999999993,0.00086399999999999997,0.0001434000000000001,-9.2599999999999974e-05,0.0022545999999999998,-0.0017281999999999998,-0.00071020000000000002,-0.00024879999999999998,-0.00016580000000000002,-0.00059400000000000013,0.0015001999999999999,-0.0012658000000000001,0.0015920000000000001,2.0000000000000486e-06,-0.0013082000000000002,0.0025785999999999999,-0.0024551999999999994,-0.0010269999999999999,-0.00050540000000000003,-0.001183,0.0028825999999999999,-0.00030419999999999991,-0.0058100000000000001,0.0036991999999999997,-0.00089179999999999978,0.0012129999999999997,0.00056800000000000015,8.3999999999999873e-06,0.0087026000000000013,-0.0014202000000000002,0.0002769999999999999,-0.0018757999999999997,-0.0040894,0.0010368
aug_between_class_right_pair0046_child05,TLE,1,1,Augmented,0,0,0,0,0,0.34318219999999999,2.1696773999999999,1.9999999999999996e-07,-9.9999999999999995e-07,5.9999999999999997e-07,1.0303546000000001,0,0.049659599999999998,-0.14619499999999999,0.0214086,0.1025098,-0.084326399999999996,0.10202639999999999,0.0038232000000000006,0.0099643999999999983,-0.0313212,-0.1191594,0.35945879999999997,-0.052626800000000001,-0.034510599999999995,0.091119000000000006,0.020256200000000002,-0.0149234,-0.010375999999999998,-0.059340199999999996,0.022749800000000001,0.042192399999999998,-0.055453799999999998,0.0073752000000000002,-0.086327399999999999,0.011855599999999999,0.046409199999999998,-0.027156199999999998,0.001322000000000002,0.011442799999999999,-0.031334399999999998,0.0521444,-0.061078799999999996,-0.055331200000000004,0.12728300000000001,-0.041024000000000005,0.22084679999999998,-0.075663999999999995,0.010286399999999999,0.0022207999999999998,-0.014817199999999999,-0.014177200000000001,-0.0062979999999999989,0.038548199999999998,-0.0036447999999999997,-0.0096405999999999992,-0.0113166,-0.030814999999999999,0.013495799999999999,0.040797799999999995,0.022526599999999997,0.029649799999999997,-0.014420800000000001,-0.0018018000000000001,0.011183999999999999,-0.062498000000000005,0.0064225999999999997,0.0033891999999999993,0.0010985999999999999,0.035441199999999999,-0.079368000000000008,-0.016231799999999998,-0.029637399999999998,-0.0200374,0.0134418,-0.00029859999999999999,0.0027635999999999997,0.0232026,0.0061446000000000001,-0.0019529999999999999,0.00010779999999999991,0.0082024000000000003,0.0050962000000000004,0.00067800000000000022,-0.0011968,0.013625999999999999,-0.027277599999999999,0.0037366000000000001,0.0067876000000000004,0.0085203999999999992,-0.0060850000000000001,-0.0093050000000000008,0.0087223999999999982,-0.0142466,-0.0101908,-0.0070971999999999997,-0.0050500000000000007,0.0017576000000000002,-0.020788800000000003,-0.0042452000000000002,0.011334800000000001,-0.0087384000000000003,-0.0091589999999999987,0.028146999999999998,-0.0012285999999999998,0.028595599999999999,-0.0001121999999999998,-0.0024306000000000002,6.9599999999999632e-05,-0.0036944,-0.0087924000000000006,0.011598799999999999,-0.0014628000000000002,-0.012691999999999998,-0.0019969999999999996,0.0047672000000000001,-0.004496,-0.0027630000000000003,0.0050536000000000001,0.017270000000000001,0.0019767999999999999,0.0021660000000000004,0.0069287999999999997,-0.011925,0.0051952000000000005,-0.014069799999999999,0.013923399999999999,-0.0056664000000000003,-0.0071028000000000003,0.0086364000000000007,-0.0040124000000000002,0.0058032000000000005,-0.0016186000000000004,-0.0028108,0.0081837999999999998,0.0079831999999999993,0.00046720000000000008,0.0020218000000000007,-0.0151162,-0.0058329999999999996,-0.0066341999999999998,-0.0091636000000000009,0.0054945999999999997,0.0023187999999999998,0.0019499999999999999,-0.0084233999999999993,0.0020707999999999994,-0.0017331999999999998,-0.0020715999999999998,0.0013167999999999999,0.0046607999999999997,-0.0020240000000000006,-0.0023076000000000004,0.0027293999999999999,-0.0025568000000000001,0.0064096000000000014,0.0037290000000000001,0.00077480000000000018,-0.00060559999999999998,-0.00058740000000000007,-0.0042865999999999998,-0.0053061999999999996,0.00037800000000000008,-0.0014048000000000001,-0.0090100000000000006,-0.0031901999999999998,0.0073362000000000002,0.0027664,0.0009592,-0.0048757999999999996,-0.0011716000000000001,-0.0054290000000000007,-0.0062165999999999992,-0.0062945999999999992,0.0026902000000000002,0.0036556000000000002,0.010542599999999999,0.0044391999999999999,-0.0115006,0.0038717999999999999,0.0082487999999999988,-0.00026079999999999983,0.0011597999999999999,0.0095702000000000009,-0.0088389999999999996,0.0065296,-0.010098399999999999,0.00062859999999999999,0.0010195999999999998,-0.0034512000000000002,0.0086293999999999989,-0.0019820000000000003,-0.0034361999999999999,0.0020207999999999997,-0.0033566000000000004,-0.0030734000000000004,0.0033912,0.00049919999999999999,-9.7999999999999997e-05,-0.0012132000000000002,-0.0020201999999999998,0.0024394,-0.0011324,0.0014789999999999998,0.00061819999999999963,0.00067839999999999979,0.0013791999999999997,0.00091999999999999992,-0.0013669999999999999,-0.0017702,-0.0040949999999999997,0.0040026000000000003,-0.00027379999999999982,-0.0017956000000000001,-0.0042719999999999998,0.0038101999999999997,0.00079060000000000024,0.00010580000000000008,0.00053699999999999993,0.0095647999999999983,-0.0050162000000000002,0.0035919999999999997,0.0011506000000000001,-0.0054002000000000008,-0.0019243999999999999,-0.00076059999999999973,0.0053790000000000001,0.00084500000000000005,-0.0036777999999999997,0.0063834,0.0031770000000000001,-0.0094515999999999992,0.0047863999999999997,0.0042353999999999994,0.0017413999999999999,0.0058134000000000007,-0.0025437999999999997,0.0012472,-0.017613,0.0015407999999999999,-0.0079594000000000002,-0.0075492000000000007,-0.0046858000000000004,0.0049737999999999996,-0.0009362000000000001,0.00014380000000000003,0.001799,-0.0038133999999999998,0.0027704000000000001,0.00021319999999999998,-0.0021873999999999999,0.00032299999999999994,-0.0062658000000000002,0.0009140000000000001,0.0054279999999999988,-0.0015421999999999999,0.0015102,-0.0038733999999999995,-0.0034678000000000005,0.00019720000000000002,0.0032122000000000001,-0.0028707999999999997,0.0034939999999999997,-0.0038098000000000003,0.0023893999999999999,0.0027493999999999999,-0.011339599999999998,0.0033133999999999993,0.0014303999999999999,-0.0043971999999999995,0.0035778000000000003,0.0038140000000000001,0.00038540000000000004,0.0035622000000000002,0.00010140000000000003,0.0054659999999999995,-0.0027344000000000001,-0.0012697999999999997,0.0104682,-0.00042779999999999983,0.0019682000000000002,0.0032415999999999999,-0.0010918000000000002,-0.0063163999999999998,-0.00060040000000000017,-0.0076459999999999992,0.0075363999999999995,-0.0058618000000000003,0.00067120000000000027,-0.0046925999999999999,-0.0036868000000000001,-0.0045263999999999999,0.0031503999999999998,-0.0086502000000000002,0.0045960000000000003,0.015112199999999999,-0.00034920000000000003,0.0088865999999999997,-0.0152744,0.0041234000000000002,-0.0014917999999999999,-0.00040600000000000006,-0.00076760000000000012,0.0038587999999999995,0.00040279999999999998,0.00054880000000000033,0.0010286,0.0026464000000000001,0.00060480000000000017,3.060000000000031e-05,0.0010198,0.0022743999999999998,0.0020988000000000001,0.00045959999999999995,0.00022200000000000025,-0.0014095999999999998,-0.00060899999999999995,0.00017540000000000025,0.0013732,-0.0024105999999999997,-0.0039007999999999998,0.0018748000000000003,-0.0024253999999999994,-0.003761,-0.00062500000000000012,0.0024416000000000004,0.0011976000000000001,-0.0016274,-0.0010072,-0.0013888000000000001,-0.0021476000000000004,-0.0026205999999999998,-0.00013720000000000008,-0.0013510000000000002,0.0010055999999999999,0.00023080000000000003,0.00049740000000000016,0.003954,-0.0026964000000000003,-0.0023986000000000003,0.00056980000000000008,0.0024543999999999998,-0.00045239999999999988,-0.00080839999999999992,0.0019881999999999999,0.0046084000000000003,0.0010604000000000002,-0.0015801999999999999,0.00064879999999999972,-0.0051724000000000006,0.0027753999999999995,0.00264,-0.00041660000000000004,0.0036844,0.00015180000000000011,-0.0031095999999999997,0.00025339999999999976,0.0012936,0.0103864,-0.0031226000000000005,0.0042982000000000003,0.0073783999999999994,-0.0044162000000000003,-0.0014194000000000001,-0.0012501999999999999,0.00066780000000000008,0.0024242000000000001,-0.0022950000000000006,0.0010748000000000003,-0.00050600000000000005,0.0016282,-0.00063019999999999992,0.0014147999999999999,0.0010725999999999999,0.0024255999999999991,-0.0015941999999999998,0.0014175999999999998,0.00063219999999999997,-0.0036212000000000002,-0.00070319999999999996,-0.0019851999999999999,0.0013240000000000001,-0.0011144,0.00031480000000000006,0.00094720000000000004,-0.00064999999999999997,-0.0048115999999999992,0.00040239999999999981,-0.0018784000000000001,0.0019119999999999996,0.00076219999999999999,-0.00017239999999999985,0.00096700000000000009,-0.00082120000000000023,-4.8599999999999989e-05,0.0014794000000000001,-0.00042059999999999998,0.0013912,0.0017691999999999999,0.0026205999999999998,-0.00086719999999999994,0.0025484000000000001,0.0027589999999999993,-0.0025200000000000001,-0.0038184000000000004,-0.00080119999999999996,0.0015132000000000001,-0.0030867999999999998,-0.0031987999999999999,-0.0012690000000000002,0.00029479999999999996,-0.0037501999999999995,0.0014228000000000001,-0.0038831999999999998,0.0011029999999999998,0.0041548000000000002,-0.0017715999999999999,0.0010141999999999998,-0.0021892000000000001,-0.0010072000000000002,0.00075999999999999983,0.0036885999999999998,0.0048843999999999988,0.0062724,-0.0029518000000000001,0.0019076000000000002,-0.0040362000000000002,-0.0079289999999999985,0.0025788,-0.0047628000000000011,0.0050714000000000002,-0.0017052,-0.00095540000000000013,-0.0010939999999999999,-0.0016546,-0.0009944000000000001,0.0004904000000000001,-0.00084179999999999997,0.00022179999999999994,0.00021820000000000005,0.00031219999999999995,-0.00032720000000000004,0.0011159999999999996,0.0025091999999999996,-0.00038719999999999992,-0.00098040000000000019,-0.00035619999999999998,0.0013294000000000001,0.00068819999999999992,0.00073319999999999982,-0.00060619999999999988,0.00069260000000000003,-0.00056440000000000006,0.0015514000000000001,4.5200000000000014e-05,0.0011818,0.00095280000000000007,-0.00077439999999999996,0.00056139999999999998,-0.00027020000000000012,0.00093519999999999975,-0.0018824,0.0011870000000000001,-0.00031060000000000007,0.0019151999999999997,-0.00060479999999999996,0.00022039999999999994,-0.0018378000000000001,-0.0006468,-8.000000000000086e-06,0.00030579999999999995,-0.00083739999999999986,-9.9600000000000144e-05,0.0010934,0.00094300000000000004,0.00095159999999999993,-0.0002944,0.0021963999999999998,-0.0019227999999999999,-0.00063979999999999994,-0.00014319999999999998,-0.0003612,-0.00021300000000000008,0.0020547999999999999,-0.0012212,0.0018010000000000001,-2.7999999999999922e-05,-0.0015828000000000001,0.0023054,-0.0020368000000000001,-0.0015369999999999997,5.6399999999999948e-05,-0.0011440000000000001,0.0022664,-0.00023280000000000024,-0.0056679999999999994,0.0022438000000000002,-0.00034619999999999974,1.0000000000002954e-06,0.0017259999999999997,0.00039460000000000005,0.0092443999999999998,-0.00061180000000000023,-6.3000000000000027e-05,-0.0014282000000000001,-0.0046075999999999999,0.00085320000000000003
aug_between_class_right_pair0046_child06,TLE,1,1,Augmented,0,0,0,0,0,0.34427940000000001,2.1669047999999997,3.9999999999999993e-07,-9.9999999999999995e-07,6.9999999999999986e-07,1.0311012000000002,0,0.049931700000000002,-0.14541899999999999,0.020966699999999998,0.1027421,-0.087038299999999999,0.1056908,0.0029884000000000004,0.010115799999999999,-0.031548400000000004,-0.1199018,0.35715059999999998,-0.052061099999999999,-0.039187199999999998,0.090218499999999993,0.021086400000000002,-0.015055799999999999,-0.011518999999999998,-0.059733899999999999,0.022083599999999998,0.041936799999999996,-0.056344099999999994,0.0070944000000000007,-0.085710300000000003,0.0096556999999999997,0.046789400000000002,-0.0275099,0.00075050000000000117,0.0128486,-0.030968299999999997,0.052716300000000001,-0.0614286,-0.055743400000000005,0.12885549999999998,-0.041500500000000003,0.22149359999999998,-0.075157499999999988,0.011242299999999998,0.0021230999999999997,-0.015590399999999999,-0.0136589,-0.0070829999999999999,0.040600400000000002,-0.0041881000000000002,-0.0096536999999999994,-0.0114202,-0.031863500000000003,0.014944599999999999,0.041960600000000001,0.023049699999999999,0.030077099999999996,-0.0154766,-0.0019851000000000001,0.011589499999999999,-0.063811000000000007,0.0072432,0.0050183999999999993,0.00052920000000000029,0.034588399999999998,-0.080158000000000007,-0.017962599999999995,-0.028036800000000001,-0.018355300000000001,0.0129076,-0.00011970000000000001,0.0032601999999999991,0.023482700000000002,0.0066137000000000001,-0.0017780000000000001,0.0013310999999999983,0.0080998000000000007,0.0049253999999999999,0.00087199999999999995,-0.0014956000000000006,0.013376500000000001,-0.027749200000000002,0.0041516999999999995,0.0069126999999999999,0.0084607999999999992,-0.0053664999999999997,-0.0088804999999999995,0.0070557999999999992,-0.013520200000000001,-0.010374100000000001,-0.0078933999999999983,-0.0052845000000000001,0.0014101999999999999,-0.020759100000000003,-0.0036503999999999998,0.0112081,-0.0088843000000000012,-0.0098614999999999987,0.028307499999999999,-0.00032770000000000021,0.0279627,-0.00047439999999999982,-0.0019337,0.00082319999999999963,-0.0037727999999999998,-0.0088233000000000009,0.011480600000000001,-0.0015831,-0.012282999999999999,-0.0021329999999999999,0.0046838999999999995,-0.0049484999999999998,-0.0034954999999999999,0.0052157000000000002,0.017730999999999997,0.0020661,0.0023135,0.0071101000000000003,-0.012627000000000001,0.0052878999999999999,-0.014667599999999999,0.0141943,-0.0059998000000000004,-0.0067026000000000004,0.0090417999999999991,-0.0044428000000000002,0.0054473999999999998,-0.00093420000000000135,-0.0037015999999999998,0.0083686000000000003,0.0082938999999999999,0.00024639999999999992,0.0020806000000000002,-0.015243899999999999,-0.0051029999999999999,-0.0065689000000000008,-0.0081512000000000008,0.0063707,0.0018581000000000001,0.002362,-0.0090842999999999983,0.0018225999999999997,-0.0017963999999999996,-0.0022746999999999997,0.0013775999999999999,0.0051205999999999986,-0.0019015000000000002,-0.0012642000000000005,0.0028587999999999999,-0.0027965999999999998,0.0074222000000000003,0.0041395,0.00049410000000000014,-0.0001571999999999997,-0.00039480000000000016,-0.0043876999999999996,-0.0051878999999999996,0.00045249999999999999,-0.0015960999999999998,-0.0094225000000000003,-0.0033553999999999997,0.0075198999999999995,0.0021603,0.00070590000000000008,-0.0050905999999999989,-0.0010707000000000002,-0.0049475000000000005,-0.0065541999999999996,-0.0067346999999999997,0.0025029000000000002,0.0035382,0.0112727,0.0045509000000000001,-0.012029700000000001,0.0044035999999999997,0.0082860999999999994,0.00033140000000000014,0.0015590999999999999,0.0099018999999999999,-0.0090980000000000002,0.0061881999999999996,-0.010803799999999999,0.00011370000000000005,0.00099970000000000007,-0.0030484000000000006,0.009844799999999999,-0.0016915000000000001,-0.0032794,0.0020315999999999997,-0.0032022000000000005,-0.0033787999999999995,0.0036499000000000002,0.00062490000000000006,-0.00048399999999999995,-0.0010904,-0.0024494,0.0019163000000000001,-0.0011372999999999999,0.0012110000000000001,0.0011023999999999995,0.0011227999999999998,0.0017123999999999998,0.00073300000000000004,-0.0016315000000000001,-0.0023679,-0.00381,0.0042516999999999998,-0.00053810000000000012,-0.0018772000000000003,-0.0040404999999999998,0.0039128999999999995,0.00054169999999999999,0.00010909999999999978,0.00064199999999999999,0.0099010999999999995,-0.0051269000000000002,0.0040629999999999998,0.0010757000000000002,-0.005663399999999999,-0.0020997999999999998,-0.0010636999999999999,0.0055390000000000005,0.00046750000000000025,-0.0037076000000000001,0.0069642999999999997,0.0032135000000000002,-0.0095922000000000004,0.0051812999999999998,0.0042648,0.0022107999999999997,0.0058778000000000007,-0.0025046000000000001,0.00065390000000000023,-0.017639499999999999,0.0016310999999999997,-0.0077772999999999991,-0.0072668999999999997,-0.0043100999999999999,0.0050740999999999998,-0.00081940000000000008,-0.00018889999999999998,0.0023419999999999995,-0.0038728,0.0027778,0.00060789999999999987,-0.0022063,0.00032650000000000008,-0.0064036000000000006,0.00050100000000000003,0.0061154999999999994,-0.0013959,0.0017238999999999996,-0.0037403000000000002,-0.0036901000000000004,9.8900000000000046e-05,0.0032193999999999999,-0.0032055999999999994,0.0036660000000000004,-0.0036461000000000002,0.0022738000000000003,0.0026208,-0.011851199999999999,0.0033407999999999997,0.0016902999999999998,-0.0048403999999999999,0.0036966,0.0043235000000000001,0.00040680000000000002,0.0036769000000000003,-2.0199999999999922e-05,0.005768999999999999,-0.0024863000000000003,-0.0014465999999999999,0.010858899999999998,-0.00058109999999999976,0.0020064000000000002,0.0036091999999999995,-0.0011606000000000001,-0.0065423,-0.00011180000000000022,-0.0080140000000000003,0.0077727999999999998,-0.0059026,-0.00014209999999999961,-0.0041577000000000003,-0.0040251000000000002,-0.0039018000000000004,0.0030617999999999999,-0.0087799000000000002,0.005252999999999999,0.016021399999999998,-0.0004823999999999998,0.0090477000000000005,-0.015799799999999999,0.004929300000000001,-0.0017316,-0.00037800000000000003,-0.0006096999999999998,0.0036820999999999998,0.00055409999999999986,0.00024210000000000019,0.00085770000000000009,0.0027838000000000003,0.00078660000000000015,-0.00027930000000000001,0.0012860999999999999,0.0019792999999999994,0.0022250999999999998,0.00052619999999999989,0.00073949999999999992,-0.0016197,-0.00054099999999999992,-0.00025619999999999983,0.0018274000000000001,-0.0024936999999999997,-0.0039741000000000004,0.0024250999999999999,-0.0026907999999999997,-0.0037025000000000001,-0.00033400000000000031,0.0022287000000000001,0.0010327000000000001,-0.0016508,-0.0011658999999999999,-0.0010031000000000003,-0.0021542000000000002,-0.0027137000000000003,-0.00017089999999999987,-0.0010700000000000002,0.00072070000000000001,0.00046110000000000004,-0.00010319999999999958,0.0040089999999999995,-0.0021958000000000004,-0.0025002000000000002,0.00053610000000000007,0.0020538000000000002,-0.00075730000000000003,-0.00086479999999999999,0.0019418999999999999,0.0048012999999999997,0.0014932999999999993,-0.0015744000000000001,0.0010180999999999999,-0.005517300000000001,0.0028243000000000001,0.0028694999999999997,6.7999999999995148e-06,0.0034383,0.00056809999999999977,-0.0037726999999999995,0.00071329999999999961,0.00099470000000000005,0.0103383,-0.0025917000000000006,0.0051268999999999993,0.0077088,-0.0040454000000000002,-0.0014693,-0.0012923999999999998,0.00055460000000000014,0.0023884000000000002,-0.0020150000000000003,0.00097460000000000005,-0.00027250000000000006,0.0014258999999999999,-0.00057490000000000004,0.0016066000000000001,0.00097769999999999997,0.0031356999999999991,-0.0019738999999999998,0.0013142,0.00073089999999999993,-0.0040049000000000005,-0.0008384,-0.0020778999999999997,0.0010170000000000001,-0.0012178,4.3100000000000126e-05,0.00098240000000000003,-0.00058800000000000009,-0.0053527000000000002,0.00078729999999999968,-0.0020273000000000001,0.0021034999999999999,0.00078889999999999993,-0.00027279999999999991,0.00095850000000000004,-0.00044190000000000028,-7.2199999999999966e-05,0.0017983000000000001,-0.00046370000000000005,0.0013194000000000001,0.0020379,0.0028812,-0.00097989999999999991,0.0026968000000000001,0.0031084999999999993,-0.0028540000000000002,-0.0036343,-0.0010528999999999998,0.0013979000000000001,-0.0030921000000000004,-0.0029916000000000001,-0.0015615000000000004,0.00037259999999999995,-0.0039938999999999999,0.0014891000000000001,-0.0039854000000000001,0.00084200000000000008,0.0044510999999999995,-0.0017867,0.0014748999999999999,-0.0022694000000000004,-0.00077240000000000023,0.0012539999999999999,0.0030117,0.0052967999999999991,0.0064998,-0.0030316000000000002,0.0019367000000000002,-0.0044834000000000002,-0.0084564999999999987,0.0027935999999999998,-0.0050281000000000006,0.0054652999999999993,-0.0019403999999999999,-0.0010348,-0.0013069999999999998,-0.0017477,-0.00078030000000000016,0.00027730000000000007,-0.0010481000000000002,0.00034659999999999991,0.00012789999999999996,0.00038789999999999994,-0.00023740000000000002,0.0014359999999999998,0.0024248999999999998,-0.00060839999999999983,-0.0010148000000000002,-0.00038189999999999996,0.0012008000000000001,0.00041540000000000001,0.0011553999999999998,-0.0005778999999999999,0.00064820000000000003,-0.00043480000000000005,0.0015578,-9.9999999999948221e-08,0.0014306,0.00098959999999999998,-0.00085879999999999995,0.00037629999999999999,-0.00012140000000000015,0.00075339999999999999,-0.0019147999999999999,0.0010105000000000001,-0.00010820000000000004,0.0018734000000000003,-0.00061709999999999988,0.00024929999999999993,-0.0020100999999999999,-0.00060910000000000001,0.00014099999999999985,0.0001246000000000001,-0.00094479999999999987,0.00010579999999999986,0.0012802999999999998,0.00098249999999999987,0.0013557,-0.0003952999999999999,0.0021672999999999996,-0.0020200999999999999,-0.00060460000000000006,-9.0400000000000029e-05,-0.00045889999999999993,-2.2500000000000167e-05,0.0023321000000000001,-0.0011989000000000001,0.0019055000000000001,-4.2999999999999853e-05,-0.0017201,0.0021688000000000002,-0.0018275999999999998,-0.0017919999999999995,0.0003372999999999999,-0.0011245000000000001,0.0019583000000000001,-0.00019710000000000018,-0.0055969999999999995,0.0015161000000000005,-7.3399999999999833e-05,-0.00060499999999999953,0.0023049999999999998,0.00058769999999999992,0.0095153000000000008,-0.00020760000000000028,-0.00023299999999999992,-0.0012044,-0.0048666999999999998,0.00076140000000000008
aug_between_class_right_pair0046_child07,TLE,1,1,Augmented,0,0,0,0,0,0.34537660000000003,2.1641322000000001,6.0000000000000018e-07,-9.9999999999999995e-07,8.0000000000000007e-07,1.0318478,0,0.0502038,-0.14464299999999999,0.020524799999999999,0.10297440000000001,-0.089750200000000002,0.10935519999999999,0.0021535999999999994,0.010267199999999999,-0.031775600000000001,-0.12064420000000001,0.3548424,-0.051495399999999997,-0.043863799999999994,0.089317999999999995,0.021916599999999998,-0.015188199999999999,-0.012662,-0.060127599999999996,0.0214174,0.041681200000000002,-0.057234399999999998,0.0068135999999999995,-0.085093200000000008,0.0074557999999999977,0.047169599999999999,-0.027863599999999999,0.0001789999999999986,0.0142544,-0.030602200000000003,0.053288200000000008,-0.061778399999999997,-0.0561556,0.13042799999999999,-0.041977,0.22214039999999999,-0.074650999999999995,0.012198199999999999,0.0020253999999999997,-0.016363599999999999,-0.013140599999999999,-0.007868,0.042652599999999999,-0.0047314000000000002,-0.0096667999999999997,-0.011523800000000001,-0.032911999999999997,0.016393399999999999,0.043123399999999999,0.023572799999999998,0.030504399999999994,-0.016532400000000003,-0.0021684000000000004,0.011994999999999999,-0.065124000000000001,0.0080637999999999994,0.0066476,-4.0200000000000435e-05,0.033735600000000004,-0.080948000000000006,-0.0196934,-0.026436199999999997,-0.016673199999999999,0.0123734,5.9200000000000111e-05,0.0037567999999999994,0.023762800000000001,0.0070828000000000002,-0.0016029999999999994,0.0025544000000000018,0.0079971999999999994,0.0047546000000000003,0.0010660000000000005,-0.0017944000000000007,0.013127,-0.028220800000000001,0.0045668000000000002,0.0070378000000000003,0.0084011999999999993,-0.0046479999999999994,-0.0084560000000000017,0.0053891999999999985,-0.012793799999999999,-0.0105574,-0.0086896000000000004,-0.0055190000000000005,0.0010627999999999998,-0.020729400000000002,-0.0030555999999999995,0.0110814,-0.0090302000000000004,-0.010564,0.028468,0.00057320000000000027,0.027329800000000001,-0.00083659999999999984,-0.0014367999999999994,0.0015768000000000002,-0.0038512000000000004,-0.0088541999999999996,0.0113624,-0.0017034000000000001,-0.011873999999999999,-0.0022689999999999997,0.0046005999999999998,-0.0054009999999999996,-0.004228,0.0053778000000000003,0.018192,0.0021554,0.0024610000000000005,0.0072914,-0.013329000000000001,0.0053806000000000001,-0.0152654,0.014465199999999999,-0.0063331999999999998,-0.0063023999999999997,0.0094471999999999993,-0.0048732000000000011,0.0050915999999999999,-0.00024979999999999968,-0.0045924000000000008,0.0085534000000000009,0.0086046000000000004,2.5599999999999755e-05,0.0021394000000000005,-0.015371599999999999,-0.0043729999999999993,-0.0065036,-0.007138799999999999,0.0072468000000000012,0.0013973999999999996,0.002774,-0.009745199999999999,0.0015744000000000001,-0.0018595999999999999,-0.0024778000000000001,0.0014384000000000001,0.0055804000000000001,-0.001779,-0.00022079999999999973,0.0029881999999999999,-0.0030364000000000003,0.008434800000000001,0.0045500000000000002,0.00021339999999999987,0.00029120000000000014,-0.00020219999999999987,-0.0044888000000000003,-0.0050695999999999988,0.00052699999999999991,-0.0017874000000000002,-0.009835,-0.0035205999999999996,0.0077035999999999997,0.0015541999999999993,0.00045259999999999983,-0.0053054,-0.00096980000000000005,-0.0044659999999999995,-0.0068918,-0.0071748000000000003,0.0023156000000000001,0.0034207999999999999,0.012002799999999999,0.0046626000000000003,-0.0125588,0.0049354000000000004,0.0083233999999999999,0.00092360000000000044,0.0019583999999999999,0.010233600000000001,-0.0093570000000000007,0.0058468000000000001,-0.011509199999999999,-0.00040120000000000032,0.00097979999999999986,-0.0026456000000000006,0.011060200000000001,-0.0014009999999999999,-0.0031225999999999997,0.0020423999999999998,-0.0030477999999999998,-0.0036842000000000003,0.0039085999999999999,0.00075060000000000014,-0.00087000000000000033,-0.00096760000000000032,-0.0028786000000000011,0.0013931999999999998,-0.0011421999999999999,0.00094299999999999983,0.0015866000000000001,0.0015672000000000001,0.0020455999999999998,0.00054599999999999994,-0.0018960000000000003,-0.002965600000000001,-0.0035249999999999999,0.0045007999999999992,-0.00080240000000000042,-0.0019588000000000001,-0.0038089999999999999,0.0040156000000000002,0.00029279999999999974,0.00011240000000000013,0.00074700000000000005,0.010237400000000001,-0.0052376000000000002,0.0045339999999999998,0.0010008,-0.0059266000000000006,-0.0022751999999999998,-0.0013668,0.0056990000000000001,8.9999999999999802e-05,-0.0037373999999999997,0.0075452000000000002,0.0032500000000000003,-0.0097327999999999998,0.0055761999999999999,0.0042941999999999998,0.0026801999999999998,0.0059421999999999999,-0.0024654,6.0600000000000497e-05,-0.017666000000000001,0.0017213999999999999,-0.007595199999999999,-0.0069846000000000005,-0.0039343999999999994,0.0051744,-0.00070259999999999995,-0.00052160000000000021,0.0028849999999999995,-0.0039322000000000003,0.0027851999999999998,0.0010026000000000002,-0.0022252000000000001,0.00032999999999999989,-0.0065413999999999993,8.7999999999999672e-05,0.006803,-0.0012495999999999996,0.0019376000000000003,-0.0036072000000000001,-0.0039123999999999999,5.9999999999993327e-07,0.0032266,-0.0035404000000000004,0.0038379999999999998,-0.0034824000000000001,0.0021581999999999999,0.0024922,-0.0123628,0.0033681999999999991,0.0019502,-0.0052836000000000003,0.0038153999999999996,0.0048330000000000005,0.0004282,0.0037916,-0.00014180000000000003,0.0060719999999999993,-0.0022382000000000001,-0.0016234000000000001,0.011249599999999998,-0.00073439999999999985,0.0020446000000000001,0.0039768000000000008,-0.0012294000000000001,-0.0067682000000000003,0.00037680000000000005,-0.0083820000000000006,0.0080091999999999993,-0.0059433999999999997,-0.00095540000000000056,-0.0036227999999999998,-0.0043633999999999999,-0.0032771999999999996,0.0029731999999999996,-0.0089096000000000002,0.0059100000000000003,0.016930600000000001,-0.0006156,0.0092087999999999996,-0.016325199999999998,0.0057352000000000011,-0.0019713999999999999,-0.00034999999999999994,-0.00045179999999999992,0.0035054000000000001,0.00070540000000000012,-6.4600000000000052e-05,0.00068679999999999989,0.0029212000000000001,0.00096840000000000012,-0.00058920000000000012,0.0015524000000000002,0.0016841999999999996,0.0023514,0.00059279999999999999,0.0012570000000000007,-0.0018297999999999999,-0.0004729999999999999,-0.00068780000000000035,0.0022816000000000008,-0.0025767999999999998,-0.0040473999999999996,0.0029754000000000004,-0.0029562,-0.0036440000000000001,-4.3000000000000069e-05,0.0020157999999999999,0.00086779999999999995,-0.0016742,-0.0013246,-0.00061739999999999994,-0.0021608,-0.0028067999999999999,-0.00020459999999999988,-0.00078899999999999999,0.00043579999999999986,0.0006914,-0.0007038000000000003,0.0040639999999999999,-0.0016951999999999998,-0.0026018000000000005,0.00050240000000000007,0.0016531999999999996,-0.0010622000000000001,-0.00092120000000000006,0.0018955999999999999,0.0049942000000000007,0.0019261999999999997,-0.0015685999999999999,0.0013874,-0.0058622000000000006,0.0028732000000000002,0.0030990000000000002,0.00043019999999999994,0.0031922000000000001,0.00098440000000000029,-0.0044358000000000002,0.0011731999999999999,0.00069579999999999989,0.010290199999999999,-0.0020607999999999998,0.0059556000000000001,0.0080391999999999998,-0.0036745999999999997,-0.0015192000000000001,-0.0013346,0.00044139999999999994,0.0023525999999999998,-0.001735,0.0008743999999999999,-3.899999999999981e-05,0.0012236,-0.00051959999999999994,0.0017984000000000003,0.00088279999999999999,0.0038458000000000008,-0.0023536000000000004,0.0012107999999999999,0.0008296,-0.0043885999999999994,-0.00097360000000000014,-0.0021706,0.0007099999999999998,-0.0013212,-0.00022860000000000014,0.0010176,-0.00052599999999999999,-0.0058938000000000003,0.0011721999999999998,-0.0021762000000000001,0.0022949999999999997,0.00081559999999999998,-0.00037319999999999996,0.00095,-6.2599999999999895e-05,-9.5799999999999998e-05,0.0021172000000000005,-0.00050679999999999996,0.0012476,0.0023066000000000002,0.0031418000000000001,-0.0010926,0.0028452,0.0034579999999999997,-0.0031880000000000003,-0.0034501999999999996,-0.0013045999999999999,0.0012825999999999998,-0.0030974000000000002,-0.0027844000000000002,-0.0018540000000000004,0.0004504,-0.0042376000000000002,0.0015554000000000002,-0.0040876000000000003,0.00058099999999999992,0.0047474000000000006,-0.0018018000000000001,0.0019356000000000002,-0.0023496000000000003,-0.00053759999999999995,0.0017480000000000004,0.0023347999999999997,0.0057091999999999993,0.0067272,-0.0031114000000000003,0.0019658000000000002,-0.0049306000000000003,-0.0089839999999999989,0.0030084000000000005,-0.0052934000000000002,0.0058592000000000002,-0.0021756000000000002,-0.0011142000000000001,-0.0015199999999999999,-0.0018408000000000003,-0.00056619999999999988,6.419999999999988e-05,-0.0012544000000000001,0.00047139999999999997,3.7599999999999992e-05,0.00046359999999999999,-0.00014759999999999996,0.001756,0.0023406,-0.0008296,-0.0010492000000000001,-0.00040759999999999999,0.0010721999999999999,0.00014259999999999978,0.0015776000000000002,-0.00054959999999999991,0.00060380000000000004,-0.00030519999999999994,0.0015642,-4.5400000000000019e-05,0.0016794000000000002,0.0010264,-0.00094319999999999994,0.00019119999999999988,2.7400000000000029e-05,0.00057159999999999991,-0.0019472000000000001,0.000834,9.4200000000000162e-05,0.0018316000000000001,-0.0006293999999999999,0.00027820000000000004,-0.0021824000000000001,-0.00057140000000000001,0.00029000000000000011,-5.6599999999999966e-05,-0.0010521999999999999,0.00031120000000000003,0.0014671999999999999,0.0010219999999999999,0.0017598000000000004,-0.00049620000000000003,0.0021381999999999998,-0.0021173999999999998,-0.00056939999999999996,-3.7599999999999965e-05,-0.00055659999999999998,0.00016800000000000007,0.0026094,-0.0011765999999999999,0.0020100000000000001,-5.8e-05,-0.0018574000000000004,0.0020322000000000001,-0.0016183999999999999,-0.0020470000000000002,0.00061820000000000017,-0.0011050000000000001,0.0016501999999999999,-0.00016140000000000013,-0.0055259999999999997,0.00078839999999999965,0.00019940000000000029,-0.0012110000000000003,0.0028839999999999998,0.00078080000000000011,0.0097862000000000001,0.00019660000000000012,-0.00040300000000000004,-0.00098059999999999987,-0.0051257999999999998,0.00066960000000000001
aug_between_class_right_pair0046_child08,TLE,1,1,Augmented,0,0,0,0,0,0.3464738,2.1613595999999999,7.9999999999999996e-07,-9.9999999999999995e-07,9.0000000000000007e-07,1.0325944,0,0.050475900000000004,-0.14386699999999999,0.020082900000000001,0.1032067,-0.092462099999999992,0.1130196,0.0013187999999999995,0.0104186,-0.032002799999999998,-0.1213866,0.35253419999999996,-0.050929699999999994,-0.048540399999999997,0.088417499999999996,0.022746800000000001,-0.0153206,-0.013805,-0.0605213,0.020751199999999997,0.0414256,-0.058124699999999994,0.0065328000000000001,-0.084476099999999998,0.0052558999999999991,0.047549800000000003,-0.028217300000000001,-0.00039250000000000222,0.015660199999999999,-0.030236099999999998,0.053860100000000001,-0.062128199999999995,-0.056567800000000001,0.13200049999999999,-0.042453500000000005,0.22278719999999999,-0.074144500000000002,0.013154099999999998,0.0019276999999999996,-0.017136800000000001,-0.012622299999999999,-0.0086529999999999975,0.044704800000000003,-0.0052747000000000002,-0.0096799,-0.0116274,-0.033960499999999998,0.017842199999999999,0.044286199999999998,0.0240959,0.030931699999999999,-0.017588200000000002,-0.0023517,0.0124005,-0.06643700000000001,0.0088844000000000006,0.0082768000000000008,-0.00060960000000000018,0.032882800000000004,-0.081738000000000005,-0.021424199999999997,-0.024835599999999999,-0.0149911,0.011839200000000001,0.00023810000000000012,0.0042534000000000001,0.024042899999999999,0.0075519000000000003,-0.0014279999999999996,0.0037776999999999984,0.0078945999999999999,0.0045837999999999999,0.0012600000000000003,-0.0020931999999999999,0.0128775,-0.0286924,0.0049819,0.0071628999999999998,0.0083415999999999994,-0.0039294999999999998,-0.0080315000000000004,0.0037226000000000013,-0.012067400000000001,-0.010740699999999999,-0.0094857999999999991,-0.0057534999999999999,0.00071539999999999972,-0.020699700000000001,-0.0024608,0.010954700000000001,-0.0091761000000000013,-0.0112665,0.028628499999999994,0.0014741000000000001,0.026696899999999999,-0.0011987999999999999,-0.00093990000000000002,0.0023303999999999998,-0.0039296000000000001,-0.0088850999999999999,0.011244200000000001,-0.0018236999999999999,-0.011464999999999999,-0.002405,0.0045173000000000001,-0.0058534999999999993,-0.0049605000000000005,0.0055398999999999995,0.018652999999999999,0.0022447000000000001,0.0026085000000000001,0.0074727000000000005,-0.014031000000000002,0.0054732999999999995,-0.015863200000000001,0.014736099999999999,-0.0066666,-0.0059021999999999998,0.0098525999999999996,-0.0053036000000000003,0.0047358000000000001,0.00043460000000000026,-0.0054832000000000006,0.0087381999999999998,0.008915300000000001,-0.00019519999999999997,0.0021982000000000008,-0.015499299999999999,-0.0036429999999999995,-0.0064383000000000001,-0.0061263999999999997,0.0081228999999999989,0.00093669999999999984,0.003186,-0.010406100000000001,0.0013261999999999996,-0.0019227999999999997,-0.0026808999999999999,0.0014991999999999998,0.0060401999999999999,-0.0016565000000000002,0.00082260000000000059,0.0031175999999999999,-0.0032761999999999999,0.0094474000000000016,0.0049605000000000005,-6.7300000000000172e-05,0.0007396000000000002,-9.5999999999999487e-06,-0.0045899000000000001,-0.0049512999999999996,0.00060150000000000025,-0.0019786999999999999,-0.0102475,-0.0036857999999999999,0.0078872999999999999,0.0009480999999999999,0.00019929999999999991,-0.0055201999999999994,-0.00086889999999999992,-0.0039845000000000002,-0.0072294000000000004,-0.0076149,0.0021283000000000001,0.0033033999999999997,0.012732899999999998,0.0047742999999999996,-0.0130879,0.0054672000000000002,0.0083606999999999987,0.0015158000000000003,0.0023576999999999999,0.0105653,-0.0096159999999999995,0.0055053999999999997,-0.012214599999999999,-0.0009161000000000001,0.00095989999999999986,-0.0022428000000000005,0.012275600000000001,-0.0011104999999999999,-0.0029657999999999998,0.0020531999999999998,-0.0028934,-0.0039896000000000003,0.0041673000000000005,0.00087630000000000021,-0.0012560000000000002,-0.00084479999999999972,-0.0033077999999999996,0.00087009999999999974,-0.0011470999999999999,0.00067499999999999993,0.0020707999999999998,0.0020115999999999997,0.0023787999999999999,0.000359,-0.0021605000000000001,-0.0035633000000000006,-0.0032399999999999998,0.0047498999999999996,-0.0010666999999999999,-0.0020404000000000004,-0.0035775,0.0041183000000000001,4.3899999999999929e-05,0.00011570000000000005,0.00085200000000000011,0.010573699999999998,-0.0053483000000000003,0.0050050000000000008,0.00092590000000000001,-0.0061898000000000005,-0.0024505999999999998,-0.0016698999999999998,0.0058589999999999996,-0.0002875000000000001,-0.0037672000000000001,0.0081261000000000007,0.0032864999999999999,-0.0098733999999999992,0.0059711,0.0043236000000000004,0.0031495999999999998,0.0060066000000000008,-0.0024261999999999999,-0.0005327000000000001,-0.0176925,0.0018117000000000001,-0.0074130999999999997,-0.0067022999999999996,-0.0035586999999999997,0.0052746999999999994,-0.00058579999999999993,-0.00085430000000000022,0.0034279999999999996,-0.0039915999999999997,0.0027926000000000001,0.0013973000000000002,-0.0022440999999999997,0.00033349999999999992,-0.0066791999999999997,-0.0003250000000000002,0.0074904999999999989,-0.0011032999999999998,0.0021512999999999997,-0.0034740999999999999,-0.0041346999999999998,-9.7700000000000017e-05,0.0032338000000000002,-0.0038752000000000005,0.0040099999999999997,-0.0033186999999999991,0.0020425999999999999,0.0023636,-0.012874400000000001,0.0033955999999999995,0.0022101,-0.0057267999999999998,0.0039342000000000005,0.0053425,0.00044959999999999998,0.0039062999999999997,-0.00026340000000000001,0.0063749999999999996,-0.0019900999999999999,-0.0018002000000000001,0.011640299999999999,-0.00088769999999999995,0.0020827999999999997,0.0043444,-0.0012982000000000004,-0.0069941000000000005,0.00086540000000000011,-0.0087499999999999974,0.0082455999999999988,-0.0059842000000000003,-0.0017687000000000004,-0.0030879000000000002,-0.0047017000000000005,-0.0026525999999999997,0.0028846000000000002,-0.0090393000000000001,0.0065670000000000008,0.017839799999999996,-0.00074879999999999999,0.0093698999999999987,-0.0168506,0.0065411000000000011,-0.0022112,-0.00032199999999999997,-0.00029389999999999983,0.0033286999999999995,0.00085669999999999995,-0.00037129999999999997,0.00051589999999999991,0.0030585999999999999,0.0011502000000000001,-0.00089909999999999957,0.0018186999999999999,0.0013890999999999997,0.0024776999999999998,0.00065939999999999987,0.0017745000000000007,-0.0020398999999999999,-0.00040499999999999998,-0.0011194000000000002,0.0027358000000000005,-0.0026598999999999998,-0.0041206999999999997,0.0035257000000000001,-0.0032215999999999998,-0.0035855000000000001,0.00024800000000000039,0.0018029000000000001,0.0007028999999999999,-0.0016976000000000001,-0.0014833000000000001,-0.00023169999999999983,-0.0021674000000000003,-0.0028999,-0.0002383000000000001,-0.00050799999999999999,0.00015089999999999993,0.00092170000000000034,-0.0013043999999999998,0.0041190000000000003,-0.0011946000000000001,-0.0027034000000000008,0.00046870000000000017,0.0012526,-0.0013671000000000002,-0.00097759999999999991,0.0018492999999999999,0.0051871,0.0023591000000000003,-0.0015628,0.0017567000000000001,-0.0062071000000000001,0.0029221,0.0033284999999999999,0.00085359999999999971,0.0029461000000000001,0.0014007000000000004,-0.0050989,0.0016331000000000002,0.00039689999999999989,0.010242100000000001,-0.0015299000000000001,0.0067843000000000001,0.0083695999999999996,-0.0033038,-0.0015691000000000001,-0.0013767999999999999,0.00032820000000000006,0.0023167999999999999,-0.0014550000000000001,0.00077419999999999995,0.00019450000000000007,0.0010212999999999999,-0.00046429999999999996,0.0019902000000000001,0.00078790000000000002,0.0045558999999999999,-0.0027333000000000001,0.0011073999999999997,0.00092829999999999996,-0.0047723000000000002,-0.0011088000000000001,-0.0022633000000000002,0.00040299999999999993,-0.0014246,-0.00050030000000000007,0.0010528,-0.000464,-0.0064349000000000003,0.0015570999999999998,-0.0023251000000000001,0.0024865,0.00084230000000000004,-0.00047359999999999997,0.00094149999999999995,0.00031669999999999995,-0.0001194,0.0024361000000000001,-0.00054990000000000008,0.0011757999999999998,0.0025753,0.0034023999999999999,-0.0012053000000000001,0.0029935999999999999,0.0038074999999999988,-0.0035220000000000008,-0.0032661000000000001,-0.0015563,0.0011673,-0.0031027000000000003,-0.0025772,-0.0021465000000000008,0.00052820000000000005,-0.0044812999999999997,0.0016217,-0.0041897999999999996,0.00031999999999999997,0.0050436999999999999,-0.0018169000000000002,0.0023963000000000001,-0.0024298000000000002,-0.00030279999999999993,0.0022420000000000001,0.0016578999999999999,0.0061215999999999996,0.0069546,-0.0031911999999999999,0.0019949,-0.0053778000000000012,-0.0095114999999999991,0.0032231999999999998,-0.0055586999999999998,0.006253100000000001,-0.0024108000000000003,-0.0011936,-0.0017330000000000002,-0.0019339000000000001,-0.00035209999999999994,-0.0001489000000000001,-0.0014607000000000001,0.00059619999999999996,-5.2700000000000034e-05,0.00053930000000000004,-5.7799999999999941e-05,0.0020760000000000002,0.0022563000000000001,-0.0010508,-0.0010836000000000001,-0.00043330000000000002,0.00094359999999999995,-0.00013020000000000013,0.0019998000000000004,-0.00052129999999999993,0.00055940000000000004,-0.00017559999999999996,0.0015705999999999999,-9.0700000000000036e-05,0.0019282000000000001,0.0010632,-0.0010276,6.0999999999998772e-06,0.00017620000000000003,0.00038979999999999993,-0.0019795999999999998,0.00065749999999999999,0.00029660000000000011,0.0017897999999999998,-0.00064170000000000004,0.00030709999999999982,-0.0023546999999999999,-0.00053369999999999991,0.00043899999999999994,-0.00023780000000000009,-0.0011596,0.00051659999999999998,0.0016540999999999997,0.0010614999999999999,0.0021638999999999999,-0.00059709999999999993,0.0021091,-0.0022147,-0.00053419999999999997,1.5200000000000017e-05,-0.00065429999999999991,0.00035849999999999999,0.0028866999999999999,-0.0011543,0.0021145000000000001,-7.300000000000004e-05,-0.0019947000000000007,0.0018955999999999999,-0.0014091999999999998,-0.0023019999999999998,0.00089910000000000022,-0.0010855000000000001,0.0013420999999999999,-0.00012570000000000007,-0.0054549999999999998,6.0699999999999903e-05,0.0004722000000000002,-0.001817,0.0034629999999999999,0.00097390000000000009,0.010057099999999999,0.00060079999999999964,-0.00057299999999999994,-0.00075679999999999996,-0.0053848999999999998,0.00057779999999999995
aug_between_class_right_pair0047_child01,Healthy,0,0,Augmented,0,0,0,0,0,0.28712120000000002,2.2775238,1.1000000000000001e-06,-9.9999999999999995e-08,9.9999999999999995e-07,1.0270372000000001,0,0.025619400000000001,-0.1472262,0.0171142,0.074029600000000001,-0.073925099999999994,0.061572500000000002,0.0037753000000000005,0.0080786999999999994,-0.0095413000000000008,-0.072645100000000004,0.36349880000000001,-0.066394800000000004,-0.037781399999999993,0.052436299999999991,0.027588000000000001,-0.020001399999999999,0.00084909999999999977,-0.068528699999999998,0.032393499999999999,0.028611899999999999,-0.060173900000000002,0.0045334999999999993,-0.1010176,0.0070986,0.055174099999999997,-0.028115299999999999,0.031926599999999999,0.013027499999999999,-0.045104999999999999,0.055654200000000001,-0.099158200000000002,-0.012836299999999995,0.11187340000000001,-0.020135100000000003,0.20698730000000001,-0.046426699999999994,0.0076908000000000002,-0.0076895000000000002,-0.0081534999999999993,-0.027239100000000002,0.0027201999999999999,0.041182999999999997,-0.0022351999999999997,-0.0073115999999999997,-0.0033301000000000008,-0.012329199999999998,0.017849299999999999,0.020713700000000002,0.0249587,0.002099199999999999,-0.0027089999999999996,0.0134293,0.015789600000000001,-0.033536499999999997,0.0024895999999999998,-0.010400899999999999,0.0019108000000000007,0.017576099999999997,-0.09921329999999999,0.0012640000000000012,-0.0276385,0.010356299999999995,0.0095712000000000002,-0.0039452999999999997,0.0026274000000000002,0.0204931,0.016828700000000002,0.0038916999999999997,-0.031555199999999999,0.0020987999999999996,0.0094356000000000006,-0.0042689,0.0112405,0.007746900000000001,-0.0209196,0.0024987,0.0067109000000000005,0.0062801000000000003,-0.0088881999999999989,-0.0247502,0.027755100000000001,-0.0097589000000000009,-0.0045340999999999992,-0.0040654000000000003,-0.0025514999999999999,0.0047749000000000003,-0.0077960000000000008,0.0018102000000000005,0.0081058999999999992,-0.024253499999999997,0.014876700000000001,0.016254099999999997,0.0090736000000000011,0.024593100000000003,-0.023317600000000001,0.0014086999999999999,0.0018401000000000001,-0.0011096999999999997,-0.0042768000000000007,0.0123879,-0.0075711000000000007,-0.0042298000000000006,0.00038860000000000012,0.0058260000000000004,-0.0053831,-0.0068495000000000006,0.0091389999999999996,0.008002200000000001,0.0036326999999999996,0.0051382000000000008,0.0040103999999999999,-0.0057987999999999998,0.0019694999999999999,-0.0014375999999999998,0.0078904000000000005,-0.0016959,0.0021878000000000002,0.0045217,-0.0087350999999999991,0.010516700000000002,-0.017752799999999999,-0.0028938000000000002,0.0104505,0.0023896999999999994,-0.0081293999999999984,-0.00031550000000000024,-0.016936300000000001,-0.0018236000000000003,-0.014915599999999999,-0.0074119999999999993,0.0079817000000000013,0.0013257,0.0057509000000000006,0.0047782000000000007,-0.0106161,-0.0012876000000000001,-0.0001316,-0.0015080999999999998,0.00061589999999999985,0.0051323999999999996,-0.0065088000000000003,0.00063509999999999999,-0.0020226999999999997,0.0021662999999999999,-0.00019550000000000014,-0.0018824999999999998,0.0013709999999999998,0.0029921999999999995,-0.0039433000000000003,-0.0043048000000000001,-0.0016055000000000002,0.0044552000000000003,-0.0054106999999999992,-0.0020939999999999999,0.005189,0.0052686999999999994,-0.00077189999999999995,-0.0058392000000000001,-0.00051369999999999975,-0.0061785,-0.0018380999999999998,-0.0083514999999999995,0.0042525000000000002,0.0054420000000000007,0.0097855999999999985,0.0053556000000000003,-0.004633,-6.3900000000000198e-05,0.011614900000000001,0.0015439,0.0013097,0.0026457000000000008,-0.0024884000000000004,0.0046021000000000005,-0.023772300000000003,-0.0036876999999999999,0.00068320000000000002,-0.00025229999999999957,0.0091728000000000001,-0.0039100000000000003,0.00097049999999999957,0.00052150000000000005,-0.0020014,-0.0033264999999999996,0.001859,0.0030035000000000001,-0.0023354999999999999,-0.0018456,0.0024402999999999998,0.0028678000000000002,-0.0046994999999999997,-0.0010819999999999998,-0.0039255999999999996,-0.0034196999999999995,-0.0040206,-0.00014070000000000006,-0.00048300000000000003,0.0011016000000000003,-0.00060819999999999993,-0.0011608,0.001403,-0.0052594,0.00046400000000000044,0.0026394000000000001,0.0040340999999999997,0.00058369999999999971,0.0084317999999999997,0.0048814000000000001,-0.00046090000000000004,-0.0029012,0.0019618999999999999,0.00084350000000000007,-0.0026915999999999997,-0.0022749000000000003,0.0048881000000000003,-0.0024466999999999996,-0.0017773000000000001,0.0022634999999999999,-0.0016398000000000007,-0.0032918999999999999,0.0027239,-0.0010123999999999999,0.0015036000000000003,0.0058364000000000003,-0.0054692000000000005,0.0053858999999999999,-0.011148999999999999,0.0033042000000000002,-0.0096582999999999999,-0.0061232000000000005,-0.0069689999999999995,0.0019617999999999997,-0.0028066000000000002,-0.0019309999999999996,-0.0014785,-0.0010554,0.0027185999999999998,-0.00089490000000000012,0.0010324000000000004,-0.0028685,-8.1099999999999749e-05,0.0023875000000000003,0.0065480999999999994,0.0020222999999999999,0.0005756,0.00090700000000000025,0.00035630000000000004,-0.0013970999999999999,0.0040042999999999997,-0.0016481,-0.00046609999999999989,0.0014883000000000003,-0.0021118999999999999,0.0027596999999999999,-0.0059313000000000005,0.001572,0.0025364000000000003,-0.0011806,-0.00054110000000000009,0.0011965999999999999,-0.0037404999999999999,0.002261,0.0020656999999999997,0.0017853000000000001,-0.0012278999999999999,-0.0043114,0.0028203,0.00064300000000000002,-5.7399999999999932e-05,-0.0011572999999999996,0.0046383000000000006,0.0015494000000000007,0.00093160000000000009,-0.0018932,0.0040293000000000004,-0.0055408000000000002,-0.00016270000000000021,-0.0012780999999999999,0.0021878000000000006,-0.0041557,0.0012546000000000002,-0.00025909999999999996,0.0033830000000000002,0.0070936999999999997,0.00074870000000000004,0.0058815000000000004,-0.015701299999999998,0.0023804,-0.0017785000000000003,0.0010836999999999999,0.0015639,0.00072179999999999987,0.0001002,0.0022693999999999995,-0.00033680000000000006,-0.00049509999999999962,-0.00045439999999999999,0.00084940000000000005,0.0027748,-0.0013261,0.0040953999999999999,0.0013705000000000002,-0.0041708000000000005,0.0003661999999999999,-0.0023648000000000002,0.0022521999999999998,0.0027948999999999999,-0.00047550000000000001,-0.00038199999999999991,0.0017591,-0.00028280000000000004,-0.0011303000000000001,-0.0037559,-7.8999999999999969e-05,0.0045094999999999996,-0.0011413,-0.0015732000000000001,-0.0031077000000000001,-0.0027754000000000003,-0.0013547000000000001,-0.0029129999999999998,-0.0020810000000000004,0.00047340000000000001,-0.00053799999999999996,0.0010522000000000001,0.0023403,-0.0028743000000000002,0.001212,0.0014021000000000001,0.0015566999999999998,-0.00016839999999999997,-0.0021458000000000002,0.0053019,0.0031396999999999996,0.00064050000000000023,-0.0017678000000000004,-0.00081499999999999997,-0.0022031999999999998,0.0012637,0.00059039999999999971,-0.0014212000000000001,0.0032017999999999999,0.00077460000000000029,0.0012167999999999997,-0.0025609000000000005,0.00086039999999999988,0.0058564999999999997,-0.0036882,0.0019403999999999999,0.00032690000000000019,-0.0069842999999999997,-0.00068540000000000007,0.00024070000000000002,0.00082939999999999999,0.00087349999999999993,0.00066140000000000003,-0.00074510000000000006,3.5800000000000057e-05,0.0014763000000000003,-0.0017260999999999999,-0.00047870000000000009,-0.00039810000000000003,-0.0021935000000000001,8.6699999999999993e-05,0.00079320000000000009,0.00017710000000000002,-0.0027353999999999998,0.00080009999999999988,-0.0016344999999999999,0.00087390000000000015,0.00047190000000000003,-0.00097919999999999995,0.0001338,-0.0010026,0.00075979999999999993,-0.0015942999999999999,-0.0019886999999999999,-0.0035714999999999996,0.0019569000000000001,-0.0016222000000000001,0.0024047000000000001,-0.0018554000000000001,-0.00081529999999999992,0.0013013,0.0020772000000000004,0.0010671000000000001,-0.00061640000000000013,0.0028403,-0.00072980000000000007,0.0016782000000000001,-0.0021178,-0.0022426999999999998,-0.00070850000000000004,-8.9900000000000017e-05,0.00080610000000000002,-0.0013824999999999998,-0.0037354999999999997,1.5099999999999988e-05,0.00089760000000000013,-0.0019566000000000002,0.0041089999999999998,-0.0015382,0.00071529999999999999,0.0029551999999999998,-0.0052407,-0.00036630000000000012,0.0023977,-0.0029567999999999999,0.0054173000000000008,-7.3900000000000007e-05,0.0041159000000000005,0.0046600000000000001,-0.0050863999999999996,0.0012154999999999998,-0.0045254000000000006,-0.0020644999999999999,0.0056857999999999995,-0.0014526999999999999,0.0040123999999999993,-0.00025549999999999998,0.00051390000000000008,-0.00013459999999999996,-0.0011191,-0.00088800000000000012,0.0016140000000000002,-0.0020420999999999998,0.00079569999999999999,-0.0011207000000000003,0.0026052000000000002,-0.0023914000000000001,-0.0017395000000000002,0.0012160999999999999,-0.0026790999999999998,0.00050219999999999996,0.0012793000000000001,0.0025106,0.0010548000000000003,8.6699999999999885e-05,-0.0014931999999999999,0.0011846000000000001,0.001232,0.00041659999999999999,0.00065379999999999985,0.0025168,0.0017501000000000001,-0.0014526999999999999,0.0019107000000000002,0.00042939999999999997,-0.00057529999999999994,-0.0014651,0.0013881000000000002,-0.0006711,-0.0023200999999999999,0.0021887999999999999,0.00074469999999999994,-0.00056579999999999998,0.00029380000000000009,-0.00093379999999999993,-0.0034196000000000005,0.00071170000000000001,6.9000000000000051e-06,0.0012306999999999999,0.0027164999999999997,0.0021077000000000001,0.0015051000000000001,0.0015657000000000002,-0.0024432,-0.00031320000000000002,-0.0014742000000000002,0.00055889999999999987,0.00056880000000000016,0.0001158,-0.0033241,0.0026554999999999999,-0.0048243999999999995,-0.0017331,0.0028712,-0.00040999999999999999,-0.0014273000000000001,-0.00050319999999999998,-0.00075109999999999999,0.0014688000000000001,-0.0034924999999999999,-0.0050115999999999997,0.0064735000000000001,-0.00099400000000000009,0.0012618,0.0014372999999999999,-0.0020986000000000004,0.0073944999999999992,-0.0023205000000000001,-0.00079450000000000007,-0.0074147000000000006,-0.00092919999999999982,0.0015901000000000001
aug_between_class_right_pair0047_child02,Healthy,0,0,Augmented,0,0,0,0,0,0.28612340000000003,2.2650986,1.1999999999999999e-06,-1.9999999999999999e-07,9.9999999999999995e-07,1.0202154000000001,0,0.026062800000000001,-0.1481384,0.020711399999999998,0.0746782,-0.074431200000000003,0.061649000000000002,0.0030755999999999995,0.0071204000000000007,-0.0063625999999999995,-0.075527200000000003,0.36668459999999997,-0.072056599999999998,-0.033861799999999997,0.054728600000000002,0.024194999999999998,-0.020583799999999999,0.00048320000000000004,-0.064902399999999999,0.031268999999999998,0.028079799999999999,-0.060385800000000003,0.004646,-0.10148220000000001,0.0080262000000000007,0.055760199999999996,-0.028213599999999998,0.031787200000000002,0.013075999999999999,-0.045796000000000003,0.053199400000000001,-0.095257400000000006,-0.0175476,0.1114528,-0.022983200000000002,0.2062966,-0.048132399999999999,0.0073366000000000004,-0.0079550000000000003,-0.0081720000000000004,-0.0269362,0.0027844000000000002,0.040703999999999997,-0.0025983999999999998,-0.0070882000000000002,-0.004375200000000001,-0.013088399999999998,0.0164586,0.021375400000000003,0.024115399999999999,0.0027523999999999986,-0.0042950000000000002,0.0120906,0.0147992,-0.033491999999999994,0.0022122000000000001,-0.0099958000000000009,0.0011316000000000004,0.019330199999999999,-0.0984926,0.003033000000000001,-0.026655999999999999,0.0073375999999999962,0.0080774000000000002,-0.0038126000000000006,0.0027098000000000001,0.0204622,0.016279400000000003,0.0034064000000000004,-0.030703400000000002,0.0019845999999999996,0.0103132,-0.0042688000000000005,0.010717000000000001,0.0074898000000000005,-0.020657200000000001,0.0021354,0.0065377999999999999,0.0045481999999999996,-0.0087624,-0.0230514,0.027492200000000001,-0.0090177999999999994,-0.0042211999999999996,-0.0048357999999999995,-0.0030619999999999996,0.0049408000000000004,-0.0069530000000000008,0.00084840000000000089,0.0078688000000000004,-0.022464999999999999,0.012886400000000001,0.014744199999999999,0.0086502000000000002,0.021907200000000002,-0.022096199999999996,0.0013794,0.0020742,-0.00085439999999999973,-0.0044276000000000003,0.0120558,-0.0068871999999999996,-0.0036486000000000001,0.00012220000000000004,0.0057620000000000006,-0.0047852000000000007,-0.0070369999999999999,0.0095079999999999991,0.0090164000000000008,0.0026733999999999998,0.0048864000000000008,0.0051167999999999995,-0.0055615999999999999,0.002467,-0.0021152000000000002,0.0083097999999999991,-0.0019748000000000001,0.0012416000000000007,0.0055063999999999998,-0.0088772000000000018,0.0104034,-0.017477599999999999,-0.0030525999999999999,0.0097409999999999997,0.0022633999999999996,-0.0085047999999999999,-0.00010299999999999979,-0.0180676,-0.0012512000000000001,-0.015195199999999999,-0.0072909999999999997,0.0097654000000000005,-8.5600000000000183e-05,0.0082548000000000014,0.004672400000000001,-0.0109812,-0.0013221999999999999,-0.00016120000000000002,-0.0016432000000000003,-2.4200000000000155e-05,0.0046147999999999996,-0.0061836,0.0008202000000000001,-0.0025363999999999999,0.0021995999999999999,8.4999999999999789e-05,-0.0017910000000000003,0.00141,0.0030254000000000001,-0.0036386000000000001,-0.0040556000000000004,-0.0014400000000000001,0.0042234000000000004,-0.0048113999999999995,-0.002392,0.005117,0.0051944000000000001,-0.0011987999999999999,-0.0053074000000000003,-0.00061139999999999979,-0.0058300000000000001,-0.0019042,-0.0085769999999999996,0.0040470000000000002,0.0049420000000000002,0.0092251999999999994,0.0053201999999999998,-0.0045079999999999999,0.0006201999999999999,0.0110898,0.0017797999999999998,0.0013814000000000001,0.0033823999999999994,-0.0023718000000000003,0.0036811999999999999,-0.022808600000000002,-0.0035194000000000002,0.00072440000000000004,-0.0012475999999999998,0.0079906000000000005,-0.0034800000000000005,0.00089999999999999976,0.00024300000000000005,-0.0020997999999999998,-0.0031939999999999998,0.0013030000000000001,0.0029749999999999998,-0.002333,-0.0017842000000000001,0.0025676000000000006,0.0027185999999999998,-0.004516,-0.00080699999999999999,-0.0037821999999999999,-0.0031493999999999997,-0.0042192000000000002,0.00013159999999999995,-0.00057399999999999997,0.00036620000000000023,-0.00042540000000000004,-0.00077559999999999999,0.0016249999999999999,-0.0054757999999999994,0.00076500000000000049,0.0032047999999999998,0.0046452000000000004,0.0006473999999999998,0.0081566,0.0046937999999999997,-0.00034880000000000002,-0.0027984000000000004,0.0020747999999999999,0.00087499999999999991,-0.0023092,-0.0021278000000000009,0.0050692000000000003,-0.0025224000000000002,-0.0021865999999999999,0.0019749999999999998,-0.0013406000000000004,-0.0025127999999999999,0.0026597999999999999,-0.0010287999999999996,0.0010902000000000004,0.0045768000000000007,-0.005129400000000001,0.0052487999999999996,-0.011875,0.0042193999999999999,-0.0093215999999999993,-0.0062544000000000002,-0.0065690000000000002,0.0018045999999999997,-0.0025392000000000001,-0.0017319999999999996,-0.001426,-0.0010868,0.0025522000000000001,-0.00075980000000000015,0.0012108000000000004,-0.0023410000000000002,-0.00013919999999999991,0.0021440000000000005,0.0061301999999999997,0.0016896000000000001,0.00052419999999999995,0.0013620000000000004,0.00067759999999999999,-0.0012902,0.0040096000000000003,-0.0018242,-0.00044520000000000009,0.0014356,-0.0021278000000000009,0.0024903999999999998,-0.0057366000000000006,0.0015340000000000002,0.0027828000000000002,-0.0015732000000000001,-0.00097220000000000021,0.0014922,-0.0033699999999999997,0.0023090000000000003,0.0018864000000000003,0.0012766000000000001,-0.00065879999999999997,-0.0040888000000000001,0.0027465999999999996,0.00041899999999999999,-0.00043679999999999988,-0.00082860000000000008,0.0049606000000000008,0.0010958000000000005,0.0013092000000000002,-0.0016714,0.0038426000000000003,-0.004896600000000001,-1.4000000000001424e-06,-0.0015011999999999998,0.0018746000000000001,-0.0042123999999999998,0.0012702,-0.0003882,0.0037699999999999999,0.0068624000000000003,0.00025340000000000009,0.0053500000000000006,-0.014946599999999997,0.0023028000000000002,-0.0016930000000000001,0.0010644000000000003,0.0016258000000000002,0.00083659999999999984,0.00018440000000000001,0.0018347999999999999,-0.00040360000000000005,-0.00053719999999999983,-0.00072380000000000003,0.00098780000000000005,0.0027556,-0.0014222000000000002,0.0037548,0.0012570000000000001,-0.0042206000000000006,-6.0600000000000145e-05,-0.0019486000000000004,0.0020604,0.0027607999999999999,-0.00032900000000000003,-7.7999999999999944e-05,0.0019482000000000002,-0.00039459999999999994,-0.0015916000000000001,-0.0036668,-0.00016899999999999999,0.0044060000000000002,-0.0010016000000000001,-0.0016463999999999999,-0.0027943999999999998,-0.0029198000000000002,-0.0012644000000000002,-0.0025599999999999998,-0.0021810000000000002,0.00047380000000000008,-0.00027899999999999995,0.0014714000000000001,0.0020505999999999996,-0.0028536,0.00086100000000000022,0.0014492000000000001,0.0013703999999999999,-6.3799999999999992e-05,-0.0015436000000000002,0.0050898000000000002,0.0024873999999999999,0.00098800000000000038,-0.0014896000000000002,-0.0011869999999999999,-0.0018674,0.0013893999999999998,0.00078279999999999984,-0.0018924000000000002,0.0029185999999999999,0.00017320000000000031,0.0013945999999999997,-0.0022908,0.0010478,0.0055989999999999998,-0.0034504000000000002,0.0017157999999999997,0.00047080000000000038,-0.0071725999999999995,-0.00041179999999999998,0.00027839999999999999,0.00076679999999999999,0.00085899999999999995,0.00041879999999999999,-0.00031819999999999998,0.00017660000000000001,0.0010796000000000002,-0.0014002000000000003,-0.00044240000000000002,-0.00058920000000000001,-0.0021199999999999999,2.34e-05,0.00058940000000000012,0.00025120000000000003,-0.0026357999999999998,0.00056119999999999987,-0.0015900000000000001,0.0005218,0.00047780000000000012,-0.0010904,-3.4399999999999969e-05,-0.00086620000000000002,0.00077359999999999994,-0.0014965999999999998,-0.0019483999999999999,-0.0036209999999999997,0.0016088000000000003,-0.0014614000000000003,0.0024184000000000002,-0.0016578000000000003,-0.00069959999999999987,0.0014185999999999999,0.0018374000000000003,0.0012292000000000002,-0.00051179999999999986,0.0028796,-0.00059860000000000002,0.0021044000000000002,-0.0017316000000000002,-0.0021403999999999998,-0.00081300000000000003,1.2200000000000025e-05,0.00062419999999999999,-0.001449,-0.0035589999999999997,-0.00017080000000000003,0.00096820000000000001,-0.0019691999999999999,0.0039969999999999997,-0.0015394,0.00058559999999999992,0.0025444,-0.0048363999999999994,-0.00034359999999999995,0.0020544000000000001,-0.0031956000000000003,0.0047766000000000006,0.00037720000000000006,0.0040928000000000006,0.0044299999999999999,-0.0048418000000000003,0.0016329999999999997,-0.0039477999999999996,-0.0019529999999999999,0.0051685999999999998,-0.0011274,0.0038127999999999999,1.5999999999999955e-05,0.00043380000000000003,-0.00021020000000000001,-0.0011822,-0.00061200000000000002,0.001413,-0.0018992000000000002,0.00069440000000000007,-0.00084540000000000017,0.0022313999999999997,-0.0022047999999999998,-0.0016460000000000001,0.0012941999999999999,-0.0024942000000000002,0.00051240000000000009,0.0010556000000000003,0.0023381999999999999,0.0009366,1.3399999999999892e-05,-0.0012794,0.00094220000000000024,0.0013820000000000002,0.00033020000000000006,0.00055460000000000004,0.0026015999999999999,0.0018292,-0.0012454,0.0021054000000000003,0.00040080000000000004,-0.00065660000000000002,-0.0014692000000000001,0.0011102,-0.00057419999999999997,-0.0024872000000000002,0.0018656000000000005,0.00056739999999999991,-0.00074960000000000001,7.2600000000000057e-05,-0.00069859999999999996,-0.0034822000000000004,0.0005214000000000001,0.00022980000000000006,0.0011714000000000002,0.002673,0.0017914000000000003,0.0015071999999999998,0.0016524,-0.0022113999999999997,-0.00049039999999999999,-0.0011564000000000001,7.0799999999999824e-05,0.00072159999999999987,0.00041259999999999995,-0.0031812000000000003,0.0024740000000000005,-0.0046448000000000001,-0.0016262000000000004,0.0030883999999999998,-0.00034099999999999994,-0.0012296000000000002,-0.00065340000000000005,-0.00059820000000000001,0.0012786,-0.0037299999999999998,-0.0053252000000000004,0.0060140000000000002,-0.00075900000000000002,0.0011906,0.0016816000000000001,-0.0019032000000000003,0.0069959999999999996,-0.0024600000000000004,-0.00091500000000000001,-0.0070834000000000001,-0.0010233999999999998,0.0015932000000000003
aug_between_class_right_pair0047_child03,Healthy,0,0,Augmented,0,0,0,0,0,0.28512560000000003,2.2526733999999999,1.3e-06,-2.9999999999999993e-07,9.9999999999999995e-07,1.0133936000000001,4.1359030627651384e-25,0.026506200000000001,-0.14905060000000001,0.0243086,0.075326799999999999,-0.074937299999999998,0.061725500000000003,0.0023758999999999994,0.0061620999999999993,-0.0031838999999999999,-0.078409300000000015,0.36987039999999999,-0.077718400000000007,-0.029942199999999999,0.057020899999999999,0.020802000000000001,-0.0211662,0.00011729999999999944,-0.0612761,0.030144499999999998,0.027547700000000001,-0.060597699999999997,0.0047584999999999997,-0.1019468,0.0089538000000000013,0.056346300000000002,-0.028311900000000001,0.031647799999999997,0.013124499999999999,-0.046487000000000001,0.050744600000000001,-0.091356599999999996,-0.022258900000000002,0.1110322,-0.025831300000000001,0.20560590000000001,-0.049838099999999996,0.0069823999999999997,-0.0082205000000000004,-0.0081904999999999999,-0.026633299999999999,0.0028485999999999997,0.040224999999999997,-0.0029616,-0.0068647999999999999,-0.0054203000000000012,-0.0138476,0.0150679,0.0220371,0.023272099999999997,0.0034056000000000017,-0.0058810000000000008,0.0107519,0.0138088,-0.033447499999999998,0.0019348,-0.0095906999999999989,0.00035240000000000033,0.0210843,-0.097771899999999995,0.004801999999999999,-0.025673500000000002,0.004318899999999997,0.0065836000000000002,-0.0036798999999999994,0.0027921999999999999,0.020431299999999999,0.0157301,0.0029210999999999998,-0.029851599999999995,0.0018704000000000004,0.011190799999999999,-0.0042687000000000003,0.010193500000000001,0.0072326999999999999,-0.020394800000000001,0.0017721,0.0063647,0.0028163000000000007,-0.0086365999999999995,-0.021352599999999999,0.027229300000000001,-0.0082767000000000014,-0.0039083,-0.0056062000000000004,-0.0035724999999999997,0.0051067000000000005,-0.0061100000000000008,-0.00011339999999999961,0.0076316999999999999,-0.020676499999999997,0.010896100000000001,0.013234299999999999,0.0082267999999999994,0.0192213,-0.020874799999999999,0.0013500999999999999,0.0023083000000000001,-0.00059909999999999976,-0.0045784000000000007,0.0117237,-0.0062033000000000001,-0.0030674000000000001,-0.00014419999999999993,0.0056979999999999999,-0.0041872999999999997,-0.0072245,0.0098770000000000004,0.010030600000000001,0.0017140999999999999,0.0046346000000000009,0.0062232000000000008,-0.0053244,0.0029644999999999997,-0.0027928000000000007,0.0087291999999999995,-0.0022537,0.00029539999999999862,0.0064910999999999996,-0.0090193000000000009,0.0102901,-0.0172024,-0.0032113999999999997,0.0090314999999999996,0.0021370999999999999,-0.0088801999999999978,0.00010949999999999979,-0.019198899999999998,-0.00067880000000000067,-0.015474799999999999,-0.0071699999999999993,0.0115491,-0.0014969000000000002,0.0107587,0.0045666000000000005,-0.0113463,-0.0013568,-0.00019080000000000003,-0.0017782999999999998,-0.00066430000000000005,0.0040971999999999996,-0.0058583999999999997,0.0010053,-0.0030501,0.0022328999999999999,0.00036549999999999994,-0.0016994999999999998,0.0014490000000000002,0.0030585999999999994,-0.0033338999999999999,-0.0038063999999999997,-0.0012745,0.0039915999999999997,-0.0042120999999999999,-0.0026900000000000001,0.005045,0.005120099999999999,-0.0016256999999999999,-0.0047755999999999996,-0.00070909999999999983,-0.0054815000000000003,-0.0019702999999999999,-0.0088024999999999996,0.0038415000000000003,0.0044419999999999998,0.0086647999999999985,0.0052848000000000001,-0.0043830000000000006,0.0013042999999999998,0.0105647,0.0020157,0.0014530999999999999,0.0041191000000000005,-0.0022552000000000002,0.0027603000000000003,-0.0218449,-0.0033510999999999997,0.00076559999999999996,-0.0022428999999999999,0.0068084,-0.0030499999999999998,0.00082949999999999951,-3.5499999999999724e-05,-0.0021982,-0.0030615,0.00074700000000000016,0.0029464999999999995,-0.0023304999999999997,-0.0017228000000000002,0.0026949000000000001,0.0025693999999999999,-0.0043324999999999995,-0.00053199999999999992,-0.0036387999999999998,-0.0028790999999999995,-0.0044177999999999995,0.00040390000000000006,-0.0006649999999999999,-0.00036919999999999965,-0.00024260000000000015,-0.00039039999999999995,0.0018470000000000001,-0.0056921999999999997,0.0010659999999999997,0.0037701999999999996,0.0052563000000000002,0.0007111000000000001,0.0078814000000000002,0.0045062000000000001,-0.00023670000000000006,-0.0026956000000000003,0.0021876999999999999,0.00090649999999999932,-0.0019268,-0.0019807000000000002,0.0052503000000000003,-0.0025980999999999999,-0.0025958999999999999,0.0016865000000000001,-0.0010414000000000001,-0.0017336999999999997,0.0025957000000000003,-0.0010451999999999994,0.0006768000000000003,0.0033172000000000002,-0.0047895999999999998,0.0051117000000000003,-0.012600999999999999,0.0051346000000000004,-0.0089849000000000005,-0.0063856,-0.0061689999999999991,0.0016473999999999998,-0.0022718,-0.0015329999999999996,-0.0013734999999999999,-0.0011182,0.0023858,-0.00062470000000000006,0.0013892000000000004,-0.0018134999999999996,-0.00019730000000000008,0.0019004999999999998,0.0057122999999999991,0.0013568999999999999,0.0004728,0.001817,0.00099890000000000005,-0.0011832999999999998,0.0040149000000000001,-0.0020003,-0.00042429999999999996,0.0013828999999999998,-0.0021437000000000001,0.0022210999999999997,-0.0055419000000000006,0.0014959999999999999,0.0030292000000000001,-0.0019658000000000002,-0.0014033000000000001,0.0017878,-0.0029995000000000004,0.0023570000000000002,0.0017070999999999998,0.00076790000000000018,-8.9700000000000283e-05,-0.0038662000000000002,0.0026729000000000002,0.000195,-0.0008162,-0.0004998999999999993,0.0052829000000000001,0.00064220000000000032,0.0016868,-0.0014496000000000001,0.0036559000000000001,-0.0042523999999999999,0.00015989999999999993,-0.0017242999999999998,0.0015614000000000001,-0.0042691000000000005,0.0012858000000000001,-0.00051730000000000005,0.0041569999999999992,0.0066311,-0.00024189999999999986,0.0048184999999999999,-0.014191899999999999,0.0022252000000000001,-0.0016075,0.0010451,0.0016877000000000001,0.00095140000000000003,0.00026860000000000002,0.0014001999999999997,-0.00047039999999999994,-0.00057929999999999961,-0.00099320000000000007,0.0011261999999999999,0.0027363999999999999,-0.0015182999999999998,0.0034141999999999996,0.0011435,-0.0042703999999999988,-0.00048740000000000003,-0.0015324,0.0018685999999999998,0.0027266999999999999,-0.00018249999999999999,0.00022599999999999996,0.0021373,-0.00050639999999999995,-0.0020529000000000003,-0.0035776999999999996,-0.00025900000000000001,0.0043024999999999999,-0.00086189999999999997,-0.0017195999999999999,-0.0024811,-0.0030641999999999996,-0.0011741,-0.0022069999999999998,-0.002281,0.00047419999999999998,-2.0000000000000052e-05,0.0018905999999999999,0.0017609000000000001,-0.0028328999999999997,0.0005099999999999996,0.0014962999999999999,0.0011841,4.0800000000000029e-05,-0.00094139999999999979,0.0048777000000000004,0.0018350999999999999,0.0013355000000000001,-0.0012114000000000001,-0.0015590000000000001,-0.0015315999999999999,0.0015151000000000001,0.00097519999999999985,-0.0023636,0.0026354,-0.0004282,0.0015723999999999998,-0.0020207000000000003,0.0012351999999999999,0.0053414999999999999,-0.0032125999999999999,0.0014911999999999998,0.00061470000000000014,-0.0073609000000000001,-0.0001382,0.00031610000000000004,0.00070419999999999999,0.00084449999999999998,0.00017619999999999984,0.00010869999999999977,0.00031739999999999996,0.00068289999999999996,-0.0010743,-0.0004061,-0.00078030000000000005,-0.0020464999999999997,-3.9900000000000021e-05,0.00038560000000000005,0.00032530000000000005,-0.0025361999999999997,0.00032229999999999987,-0.0015455,0.00016970000000000006,0.00048369999999999999,-0.0012015999999999999,-0.00020259999999999994,-0.00072979999999999996,0.00078739999999999995,-0.0013989,-0.0019080999999999998,-0.0036704999999999993,0.0012607000000000002,-0.0013005999999999998,0.0024321,-0.0014602000000000003,-0.00058390000000000004,0.0015359,0.0015976,0.0013912999999999998,-0.00040719999999999992,0.0029188999999999999,-0.00046740000000000003,0.0025306,-0.0013453999999999999,-0.0020380999999999997,-0.00091750000000000013,0.00011430000000000007,0.00044229999999999996,-0.0015154999999999999,-0.0033824999999999997,-0.00035670000000000005,0.0010388000000000001,-0.0019817999999999997,0.003885,-0.0015406,0.00045589999999999997,0.0021335999999999998,-0.0044320999999999996,-0.00032089999999999989,0.0017110999999999997,-0.0034344000000000002,0.0041359000000000005,0.00082830000000000002,0.0040696999999999999,0.0042000000000000006,-0.0045972000000000001,0.0020504999999999998,-0.0033702000000000003,-0.0018415000000000003,0.0046514,-0.00080209999999999993,0.0036131999999999996,0.0002875,0.00035369999999999998,-0.00028579999999999995,-0.0012453,-0.00033600000000000004,0.001212,-0.0017562999999999999,0.00059310000000000005,-0.00057010000000000025,0.0018576,-0.0020181999999999995,-0.0015524999999999998,0.0013722999999999999,-0.0023092999999999998,0.00052260000000000002,0.0008319,0.0021657999999999998,0.00081839999999999994,-5.9899999999999992e-05,-0.0010655999999999999,0.0006998000000000001,0.0015320000000000002,0.00024379999999999991,0.00045540000000000001,0.0026863999999999998,0.0019082999999999999,-0.0010381000000000001,0.0023001000000000002,0.00037219999999999994,-0.00073789999999999999,-0.0014732999999999999,0.00083229999999999979,-0.00047729999999999989,-0.0026543000000000001,0.0015424,0.0003901,-0.00093340000000000003,-0.00014859999999999995,-0.00046339999999999988,-0.0035447999999999999,0.00033109999999999997,0.00045270000000000011,0.0011121,0.0026294999999999995,0.0014751,0.0015092999999999999,0.0017390999999999999,-0.0019795999999999998,-0.00066759999999999996,-0.00083860000000000011,-0.00041730000000000017,0.0008743999999999999,0.0007094,-0.0030382999999999999,0.0022924999999999998,-0.004465199999999999,-0.0015192999999999999,0.0033055999999999997,-0.00027200000000000011,-0.0010319000000000001,-0.00080360000000000002,-0.00044530000000000004,0.0010884000000000002,-0.0039674999999999997,-0.0056387999999999994,0.0055545000000000004,-0.00052400000000000005,0.0011194,0.0019258999999999999,-0.0017077999999999998,0.0065974999999999992,-0.0025995000000000002,-0.0010355,-0.0067520999999999996,-0.0011176000000000001,0.0015963000000000001
aug_between_class_right_pair0047_child04,Healthy,0,0,Augmented,0,0,0,0,0,0.28412780000000004,2.2402481999999999,1.3999999999999999e-06,-3.9999999999999993e-07,9.9999999999999995e-07,1.0065718000000001,0,0.026949600000000004,-0.14996280000000001,0.027905799999999998,0.075975399999999998,-0.075443399999999994,0.061801999999999996,0.0016761999999999994,0.0052037999999999997,-5.2000000000003432e-06,-0.081291400000000014,0.3730562,-0.083380200000000002,-0.026022599999999996,0.059313199999999996,0.017408999999999997,-0.0217486,-0.0002486000000000003,-0.057649800000000001,0.029020000000000001,0.027015600000000001,-0.060809599999999998,0.0048709999999999995,-0.1024114,0.0098814000000000003,0.056932400000000001,-0.028410200000000004,0.031508399999999999,0.013173000000000001,-0.047178000000000005,0.048289800000000001,-0.0874558,-0.026970200000000003,0.1106116,-0.028679400000000001,0.20491519999999999,-0.051543800000000001,0.0066281999999999999,-0.0084860000000000005,-0.0082089999999999993,-0.0263304,0.0029128000000000001,0.039746000000000004,-0.0033248000000000002,-0.0066413999999999996,-0.0064654000000000014,-0.0146068,0.0136772,0.022698800000000002,0.022428799999999999,0.0040588000000000013,-0.0074670000000000005,0.0094132,0.012818400000000001,-0.033403000000000002,0.0016573999999999998,-0.0091856000000000004,-0.00042679999999999964,0.022838399999999998,-0.097051200000000004,0.0065710000000000022,-0.024690999999999998,0.0013001999999999979,0.0050897999999999994,-0.0035471999999999999,0.0028745999999999997,0.020400399999999999,0.015180800000000001,0.0024358000000000001,-0.028999799999999999,0.0017562000000000003,0.0120684,-0.0042686,0.0096700000000000015,0.0069756000000000002,-0.020132400000000002,0.0014088,0.0061916000000000002,0.0010844000000000001,-0.0085107999999999989,-0.019653799999999999,0.026966400000000001,-0.0075355999999999999,-0.0035953999999999999,-0.0063765999999999996,-0.0040829999999999998,0.0052726000000000006,-0.005267,-0.0010752000000000001,0.0073945999999999994,-0.018887999999999999,0.0089058000000000002,0.011724399999999999,0.0078034000000000003,0.016535399999999999,-0.019653399999999998,0.0013208,0.0025424000000000002,-0.00034380000000000001,-0.0047292000000000002,0.0113916,-0.0055194000000000007,-0.0024862,-0.00041059999999999995,0.0056340000000000001,-0.0035894,-0.0074120000000000002,0.010246,0.0110448,0.00075479999999999948,0.0043828000000000001,0.0073296000000000004,-0.0050872000000000001,0.0034619999999999998,-0.0034703999999999998,0.0091485999999999998,-0.0025326000000000003,-0.00065080000000000086,0.0074758000000000003,-0.0091614000000000001,0.0101768,-0.016927199999999996,-0.0033701999999999998,0.0083219999999999995,0.0020107999999999997,-0.0092555999999999992,0.00032200000000000002,-0.0203302,-0.00010639999999999955,-0.015754400000000002,-0.0070489999999999997,0.013332800000000001,-0.002908200000000001,0.013262600000000003,0.0044608000000000009,-0.0117114,-0.0013914000000000001,-0.00022040000000000004,-0.0019134,-0.0013044000000000003,0.0035795999999999996,-0.0055332000000000003,0.0011904000000000001,-0.0035637999999999998,0.0022661999999999999,0.00064599999999999987,-0.0016079999999999998,0.0014880000000000002,0.0030918,-0.0030292000000000001,-0.0035571999999999999,-0.0011090000000000002,0.0037597999999999998,-0.0036127999999999998,-0.0029880000000000002,0.004973,0.0050457999999999996,-0.0020525999999999999,-0.0042437999999999998,-0.00080679999999999988,-0.0051329999999999995,-0.0020363999999999998,-0.0090279999999999996,0.0036360000000000003,0.0039420000000000002,0.0081043999999999995,0.0052493999999999996,-0.0042580000000000005,0.0019884,0.010039599999999999,0.0022515999999999999,0.0015248,0.0048558000000000004,-0.0021386000000000005,0.0018393999999999997,-0.020881199999999999,-0.0031828000000000004,0.00080679999999999999,-0.0032381999999999997,0.0056261999999999996,-0.0026199999999999999,0.00075899999999999969,-0.00031399999999999983,-0.0022965999999999998,-0.0029289999999999997,0.00019099999999999998,0.002918,-0.0023279999999999998,-0.0016613999999999999,0.0028222000000000004,0.0024202,-0.0041489999999999999,-0.00025699999999999985,-0.0034953999999999996,-0.0026087999999999997,-0.0046163999999999997,0.00067620000000000006,-0.00075599999999999994,-0.0011045999999999999,-5.9800000000000044e-05,-5.1999999999999096e-06,0.0020690000000000001,-0.0059086,0.0013670000000000006,0.0043356000000000002,0.0058674,0.00077479999999999997,0.0076061999999999996,0.0043185999999999997,-0.00012459999999999999,-0.0025928000000000006,0.0023005999999999999,0.0009379999999999996,-0.0015444,-0.0018336000000000003,0.0054314000000000003,-0.0026738,-0.0030052,0.0013979999999999999,-0.00074220000000000015,-0.00095459999999999946,0.0025316000000000002,-0.0010615999999999996,0.00026340000000000011,0.0020575999999999997,-0.0044498000000000003,0.0049746,-0.013327,0.006049800000000001,-0.0086482,-0.0065167999999999997,-0.0057689999999999998,0.0014901999999999997,-0.0020043999999999999,-0.0013339999999999997,-0.0013209999999999999,-0.0011496,0.0022194000000000003,-0.00048959999999999997,0.0015676000000000002,-0.0012859999999999998,-0.00025539999999999981,0.0016569999999999998,0.0052943999999999995,0.0010241999999999999,0.00042139999999999994,0.0022720000000000001,0.0013202000000000001,-0.0010763999999999997,0.0040201999999999998,-0.0021764000000000002,-0.00040340000000000005,0.0013302000000000001,-0.0021596000000000002,0.0019517999999999998,-0.0053472000000000007,0.0014580000000000001,0.0032756,-0.0023584000000000001,-0.0018344000000000004,0.0020834,-0.0026290000000000003,0.002405,0.0015277999999999997,0.00025920000000000023,0.00047940000000000005,-0.0036436000000000003,0.0025992000000000003,-2.9e-05,-0.0011955999999999998,-0.00017119999999999939,0.0056052000000000003,0.00018860000000000014,0.0020644000000000001,-0.0012278,0.0034692,-0.0036082000000000002,0.00032119999999999989,-0.0019474,0.0012482000000000001,-0.0043258000000000003,0.0013014000000000001,-0.0006464000000000001,0.0045440000000000003,0.0063997999999999998,-0.00073720000000000014,0.004287,-0.013437199999999998,0.0021475999999999999,-0.0015219999999999999,0.0010258000000000001,0.0017496,0.0010662,0.00035280000000000001,0.00096559999999999984,-0.00053719999999999983,-0.00062140000000000025,-0.0012626,0.0012646000000000001,0.0027171999999999999,-0.0016144000000000002,0.0030736000000000001,0.0010300000000000001,-0.0043201999999999997,-0.0009142000000000001,-0.0011162000000000001,0.0016768,0.0026925999999999999,-3.6000000000000008e-05,0.0005300000000000002,0.0023263999999999997,-0.00061820000000000006,-0.0025142000000000003,-0.0034886000000000001,-0.00034900000000000003,0.0041989999999999996,-0.00072219999999999999,-0.0017928,-0.0021678000000000001,-0.0032085999999999998,-0.0010838,-0.001854,-0.0023810000000000003,0.00047459999999999999,0.00023900000000000001,0.0023097999999999999,0.0014712,-0.0028121999999999999,0.00015899999999999974,0.0015433999999999999,0.00099779999999999986,0.00014540000000000006,-0.00033919999999999984,0.0046656000000000006,0.0011827999999999997,0.0016830000000000007,-0.00093320000000000013,-0.0019309999999999998,-0.0011957999999999999,0.0016408,0.0011676,-0.0028348000000000002,0.0023522,-0.0010295999999999997,0.0017501999999999999,-0.0017505999999999999,0.0014226,0.005084,-0.0029747999999999997,0.0012665999999999999,0.00075860000000000033,-0.007549199999999999,0.00013539999999999998,0.00035380000000000003,0.00064159999999999998,0.00083000000000000001,-6.640000000000015e-05,0.00053560000000000012,0.00045820000000000013,0.00028619999999999996,-0.00074839999999999987,-0.0003698000000000001,-0.00097140000000000008,-0.0019729999999999999,-0.00010320000000000004,0.00018179999999999995,0.00039940000000000006,-0.0024365999999999997,8.3399999999999859e-05,-0.0015009999999999999,-0.00018239999999999988,0.00048960000000000008,-0.0013128,-0.00037080000000000001,-0.0005934,0.00080119999999999996,-0.0013012,-0.0018678,-0.0037199999999999993,0.00091260000000000017,-0.0011397999999999998,0.0024457999999999997,-0.0012626,-0.0004682,0.0016532000000000001,0.0013577999999999999,0.0015533999999999999,-0.00030259999999999998,0.0029582000000000002,-0.00033620000000000004,0.0029567999999999999,-0.0009591999999999999,-0.0019357999999999999,-0.0010220000000000001,0.00021639999999999989,0.00026039999999999993,-0.0015820000000000001,-0.0032059999999999996,-0.00054260000000000007,0.0011094,-0.0019943999999999999,0.0037729999999999999,-0.0015418000000000001,0.0003261999999999998,0.0017227999999999998,-0.0040277999999999998,-0.00029820000000000004,0.0013678000000000002,-0.0036732000000000002,0.0034952000000000004,0.0012794000000000002,0.0040466,0.0039699999999999996,-0.0043525999999999999,0.0024679999999999997,-0.0027926000000000001,-0.0017299999999999998,0.0041341999999999993,-0.00047679999999999988,0.0034135999999999997,0.00055900000000000004,0.00027359999999999998,-0.00036140000000000006,-0.0013083999999999999,-6.0000000000000049e-05,0.001011,-0.0016133999999999999,0.00049180000000000003,-0.00029480000000000017,0.0014838,-0.0018315999999999999,-0.001459,0.0014503999999999997,-0.0021243999999999998,0.00053280000000000016,0.00060819999999999993,0.0019934000000000002,0.0007002,-0.00013320000000000009,-0.0008518,0.00045739999999999995,0.0016820000000000001,0.00015739999999999992,0.00035619999999999988,0.0027712000000000001,0.0019873999999999998,-0.00083080000000000003,0.0024948000000000001,0.0003436,-0.00081919999999999996,-0.0014774,0.00055439999999999981,-0.00038039999999999998,-0.0028213999999999999,0.0012191999999999997,0.00021279999999999975,-0.0011172000000000001,-0.00036979999999999988,-0.00022819999999999988,-0.0036074000000000002,0.00014080000000000006,0.00067560000000000016,0.0010528,0.0025859999999999998,0.0011588,0.0015114,0.0018258,-0.0017477999999999999,-0.00084479999999999993,-0.00052080000000000008,-0.00090540000000000022,0.0010271999999999998,0.0010062000000000001,-0.0028953999999999998,0.002111,-0.0042855999999999997,-0.0014124000000000001,0.0035228000000000004,-0.00020300000000000006,-0.00083419999999999989,-0.00095380000000000009,-0.00029239999999999995,0.00089820000000000004,-0.0042049999999999995,-0.0059524000000000001,0.0050950000000000006,-0.00028899999999999987,0.0010482,0.0021702000000000002,-0.0015124000000000001,0.0061989999999999996,-0.0027390000000000001,-0.0011559999999999999,-0.0064208000000000008,-0.0012118000000000001,0.0015994
aug_between_class_right_pair0047_child05,TLE,1,1,Augmented,0,0,0,0,0,0.2821322,2.2153978000000003,1.6000000000000001e-06,-5.9999999999999997e-07,9.9999999999999995e-07,0.99292820000000004,0,0.027836400000000001,-0.15178719999999998,0.035100199999999998,0.077272599999999997,-0.076455599999999999,0.061954999999999996,0.00027679999999999979,0.0032872000000000005,0.0063521999999999954,-0.087055600000000011,0.37942779999999998,-0.094703799999999991,-0.018183400000000002,0.063897799999999991,0.010623,-0.0229134,-0.00098039999999999976,-0.050397200000000003,0.026771,0.025951399999999999,-0.0612334,0.0050959999999999998,-0.1033406,0.0117366,0.058104599999999999,-0.028606800000000002,0.0312296,0.013270000000000001,-0.048559999999999999,0.043380200000000001,-0.079654199999999994,-0.036392800000000003,0.1097704,-0.034375599999999999,0.20353380000000001,-0.054955199999999996,0.0059198000000000011,-0.009016999999999999,-0.0082459999999999999,-0.0257246,0.0030412,0.038788000000000003,-0.0040511999999999996,-0.0061945999999999998,-0.0085556,-0.016125199999999999,0.010895800000000001,0.0240222,0.020742199999999999,0.0053652000000000005,-0.010638999999999999,0.006735800000000001,0.010837599999999999,-0.033313999999999996,0.0011026,-0.0083754000000000016,-0.0019851999999999995,0.026346599999999998,-0.095609799999999995,0.010108999999999998,-0.022726,-0.0047372000000000022,0.0021021999999999994,-0.0032817999999999996,0.0030393999999999998,0.020338600000000002,0.014082200000000001,0.0014652000000000003,-0.0272962,0.0015278000000000002,0.013823599999999998,-0.0042684000000000003,0.0086230000000000005,0.0064614000000000008,-0.019607599999999999,0.00068219999999999999,0.0058453999999999997,-0.0023793999999999994,-0.0082591999999999995,-0.016256200000000002,0.026440600000000002,-0.0060534000000000004,-0.0029695999999999993,-0.0079173999999999998,-0.005104,0.0056044000000000007,-0.0035810000000000017,-0.0029987999999999994,0.0069204000000000002,-0.015311,0.0049252000000000002,0.0087045999999999998,0.0069566000000000003,0.011163600000000001,-0.0172106,0.0012622,0.0030106,0.00016680000000000037,-0.0050308000000000002,0.0107274,-0.0041516000000000001,-0.0013238000000000004,-0.00094339999999999984,0.0055060000000000005,-0.0023936000000000001,-0.0077869999999999997,0.010984000000000001,0.0130732,-0.0011637999999999996,0.0038792000000000006,0.0095423999999999995,-0.0046128000000000002,0.0044569999999999992,-0.0048255999999999993,0.0099874000000000004,-0.0030904000000000001,-0.0025431999999999998,0.0094451999999999991,-0.0094456000000000002,0.0099501999999999993,-0.0163768,-0.0036877999999999998,0.0069029999999999994,0.0017582000000000001,-0.010006399999999999,0.00074700000000000005,-0.0225928,0.0010383999999999992,-0.016313599999999998,-0.0068069999999999997,0.016900199999999997,-0.0057307999999999994,0.018270399999999999,0.0042492000000000007,-0.012441600000000001,-0.0014605999999999998,-0.00027960000000000002,-0.0021836000000000004,-0.0025846000000000003,0.0025444,-0.0048827999999999996,0.0015606000000000001,-0.0045912000000000001,0.0023327999999999999,0.0012069999999999997,-0.0014249999999999998,0.0015660000000000001,0.0031581999999999999,-0.0024198000000000002,-0.0030588,-0.00077800000000000005,0.0032962,-0.0024142,-0.0035839999999999995,0.004829,0.0048972,-0.0029064000000000004,-0.0031802000000000002,-0.0010022,-0.0044359999999999998,-0.0021685999999999997,-0.0094789999999999996,0.0032250000000000004,0.0029420000000000002,0.0069835999999999995,0.0051786000000000002,-0.0040080000000000003,0.0033565999999999995,0.0089893999999999998,0.0027234,0.0016681999999999999,0.0063291999999999992,-0.0019053999999999998,-2.3999999999996247e-06,-0.0189538,-0.0028462000000000001,0.00088920000000000004,-0.0052287999999999996,0.0032618000000000013,-0.0017600000000000001,0.00061800000000000006,-0.0008709999999999996,-0.0024933999999999998,-0.0026639999999999997,-0.00092099999999999951,0.0028609999999999994,-0.002323,-0.0015386000000000002,0.0030768000000000002,0.0021218000000000001,-0.0037819999999999998,0.00029299999999999986,-0.0032086000000000003,-0.0020682000000000001,-0.0050136,0.0012208,-0.00093799999999999992,-0.0025753999999999994,0.00030579999999999974,0.00076519999999999984,0.002513,-0.0063413999999999996,0.0019690000000000007,0.0054663999999999997,0.0070895999999999997,0.00090219999999999992,0.0070557999999999992,0.0039433999999999997,9.9599999999999927e-05,-0.0023871999999999999,0.0025263999999999998,0.0010009999999999997,-0.0007796000000000003,-0.0015394000000000002,0.0057936000000000003,-0.0028251999999999999,-0.0038237999999999996,0.00082100000000000012,-0.00014380000000000035,0.00060360000000000014,0.0024034,-0.0010943999999999999,-0.00056339999999999971,-0.00046159999999999973,-0.0037702,0.0047004000000000004,-0.014779,0.0078802000000000004,-0.0079748000000000006,-0.0067791999999999991,-0.0049690000000000003,0.0011757999999999998,-0.0014696000000000002,-0.00093599999999999987,-0.0012160000000000001,-0.0012124,0.0018866,-0.00021940000000000007,0.0019244000000000002,-0.00023099999999999992,-0.00037160000000000014,0.0011699999999999998,0.0044586000000000001,0.00035880000000000005,0.00031859999999999999,0.0031820000000000004,0.0019627999999999998,-0.00086260000000000004,0.0040308000000000002,-0.0025285999999999998,-0.00036160000000000012,0.0012247999999999998,-0.0021913999999999996,0.0014131999999999999,-0.0049578000000000001,0.001382,0.0037683999999999999,-0.0031436000000000003,-0.0026966,0.0026746000000000001,-0.0018880000000000001,0.0025010000000000002,0.0011692,-0.00075819999999999967,0.001617599999999999,-0.0031984000000000001,0.0024518000000000001,-0.00047699999999999994,-0.0019544000000000002,0.0004862,0.0062497999999999998,-0.00071859999999999979,0.0028196000000000002,-0.0007842000000000003,0.0030958000000000001,-0.0023198000000000003,0.00064379999999999993,-0.0023935999999999996,0.00062179999999999994,-0.0044391999999999999,0.0013326000000000002,-0.0009046000000000002,0.0053179999999999998,0.0059372000000000001,-0.0017277999999999996,0.0032240000000000003,-0.011927799999999999,0.0019924000000000001,-0.001351,0.00098719999999999993,0.0018734000000000003,0.0012957999999999999,0.00052120000000000009,9.639999999999985e-05,-0.00067080000000000004,-0.00070560000000000024,-0.0018013999999999999,0.0015414000000000001,0.0026787999999999998,-0.0018066,0.0023924000000000003,0.00080300000000000011,-0.0044197999999999998,-0.0017677999999999997,-0.00028380000000000001,0.0012932,0.0026244000000000003,0.00025699999999999996,0.0011380000000000001,0.0027046000000000001,-0.00084179999999999997,-0.0034368000000000007,-0.0033103999999999998,-0.00052899999999999985,0.0039919999999999999,-0.00044280000000000003,-0.0019392000000000001,-0.0015412000000000002,-0.0034974000000000003,-0.00090320000000000005,-0.0011480000000000001,-0.002581,0.00047539999999999995,0.00075699999999999964,0.0031481999999999994,0.00089179999999999988,-0.0027707999999999999,-0.00054299999999999986,0.0016375999999999999,0.00062520000000000002,0.0003546,0.00086519999999999978,0.0042414000000000002,-0.00012180000000000003,0.0023779999999999999,-0.00037680000000000011,-0.0026750000000000003,-0.00052419999999999984,0.0018922000000000001,0.0015523999999999998,-0.0037771999999999997,0.0017858000000000001,-0.0022323999999999998,0.0021057999999999997,-0.0012104000000000001,0.0017973999999999998,0.0045690000000000001,-0.0024992,0.00081739999999999981,0.0010464000000000003,-0.0079257999999999985,0.00068259999999999979,0.00042920000000000002,0.00051639999999999998,0.00080099999999999995,-0.00055159999999999996,0.0013893999999999998,0.00073979999999999988,-0.00050719999999999986,-9.6600000000000098e-05,-0.00029720000000000001,-0.0013535999999999999,-0.0018259999999999997,-0.00022979999999999997,-0.0002257999999999999,0.00054760000000000008,-0.0022374000000000001,-0.00039440000000000015,-0.0014120000000000001,-0.00088659999999999997,0.00050140000000000004,-0.0015351999999999998,-0.00070719999999999995,-0.00032060000000000004,0.00082879999999999998,-0.0011057999999999999,-0.0017872000000000001,-0.003818999999999999,0.00021640000000000027,-0.00081820000000000005,0.0024732000000000001,-0.00086740000000000016,-0.00023680000000000001,0.0018878,0.0008782000000000002,0.0018776000000000001,-9.3399999999999993e-05,0.0030368000000000001,-7.3800000000000059e-05,0.0038091999999999996,-0.0001868000000000001,-0.0017312,-0.0012310000000000001,0.00042060000000000009,-0.00010339999999999991,-0.0017149999999999999,-0.0028529999999999996,-0.00091440000000000011,0.0012505999999999999,-0.0020195999999999999,0.0035490000000000001,-0.0015441999999999999,6.6800000000000106e-05,0.0009012,-0.0032192000000000002,-0.00025280000000000002,0.00068120000000000008,-0.0041508000000000005,0.0022138000000000001,0.0021815999999999997,0.0040004000000000003,0.0035100000000000001,-0.0038633999999999999,0.0033029999999999995,-0.0016374000000000002,-0.0015070000000000001,0.0030997999999999998,0.00017380000000000021,0.0030144,0.0011019999999999997,0.00011340000000000002,-0.00051259999999999999,-0.0014345999999999999,0.00049200000000000003,0.00060900000000000006,-0.0013276000000000002,0.00028920000000000009,0.00025579999999999977,0.00073620000000000022,-0.0014583999999999999,-0.0012720000000000001,0.0016065999999999997,-0.0017546,0.0005532,0.00016080000000000011,0.0016486000000000001,0.00046380000000000011,-0.00027979999999999997,-0.00042419999999999996,-2.7399999999999907e-05,0.0019820000000000003,-1.5399999999999995e-05,0.00015779999999999993,0.0029407999999999999,0.0021456000000000001,-0.00041620000000000025,0.0028842,0.00028640000000000002,-0.00098180000000000012,-0.0014856000000000001,-1.4000000000000476e-06,-0.00018660000000000004,-0.0031556000000000002,0.00057280000000000015,-0.00014179999999999987,-0.0014848000000000001,-0.00081219999999999979,0.00024220000000000003,-0.0037326000000000004,-0.00023979999999999989,0.0011214,0.00093420000000000005,0.0024989999999999995,0.00052620000000000021,0.0015156,0.0019992,-0.0012841999999999999,-0.0011991999999999999,0.00011479999999999992,-0.0018816,0.0013327999999999999,0.0015997999999999997,-0.0026096000000000001,0.001748,-0.0039264,-0.0011986000000000002,0.0039572000000000001,-6.4999999999999954e-05,-0.00043880000000000009,-0.0012542,1.34e-05,0.00051780000000000012,-0.0046800000000000001,-0.0065796000000000006,0.004176,0.00018099999999999985,0.00090580000000000001,0.0026588000000000002,-0.0011215999999999999,0.0054019999999999997,-0.0030180000000000003,-0.001397,-0.0057581999999999998,-0.0014001999999999999,0.0016056
aug_between_class_right_pair0047_child06,TLE,1,1,Augmented,0,0,0,0,0,0.28113440000000001,2.2029726000000003,1.6999999999999998e-06,-6.9999999999999986e-07,9.9999999999999995e-07,0.98610640000000005,0,0.028279800000000001,-0.15269939999999999,0.0386974,0.077921199999999996,-0.076961699999999994,0.062031500000000003,-0.00042289999999999993,0.0023289000000000009,0.0095309000000000019,-0.089937700000000009,0.3826136,-0.1003656,-0.0142638,0.066190099999999988,0.0072300000000000021,-0.023495800000000001,-0.0013462999999999999,-0.046770900000000004,0.025646500000000003,0.025419299999999999,-0.061445300000000001,0.0052084999999999996,-0.1038052,0.0126642,0.058690699999999998,-0.028705100000000004,0.031090200000000002,0.0133185,-0.049251000000000003,0.040925400000000001,-0.075753399999999999,-0.041104099999999998,0.1093498,-0.037223699999999998,0.2028431,-0.0566609,0.0055656000000000004,-0.0092824999999999991,-0.0082644999999999993,-0.025421699999999998,0.0031054000000000003,0.038309000000000003,-0.0044144000000000006,-0.0059712000000000003,-0.0096007000000000002,-0.016884399999999997,0.0095051000000000007,0.024683900000000002,0.019898900000000001,0.0060184000000000001,-0.012225,0.005397100000000001,0.0098472000000000004,-0.0332695,0.00082519999999999989,-0.0079702999999999996,-0.0027643999999999993,0.028100699999999996,-0.094889100000000004,0.011877999999999998,-0.021743500000000002,-0.0077558999999999996,0.00060840000000000199,-0.0031491000000000006,0.0031217999999999997,0.020307700000000001,0.0135329,0.00097990000000000056,-0.026444400000000003,0.0014135999999999992,0.014701199999999998,-0.0042683,0.0080994999999999991,0.0062043000000000003,-0.0193452,0.0003189,0.0056722999999999999,-0.0041112999999999974,-0.008133399999999999,-0.014557400000000002,0.026177699999999998,-0.0053123000000000007,-0.0026566999999999997,-0.008687799999999999,-0.0056144999999999997,0.0057703000000000008,-0.0027380000000000017,-0.003960599999999999,0.0066832999999999997,-0.0135225,0.0029349000000000011,0.0071947000000000001,0.0065332000000000003,0.0084777000000000012,-0.015989200000000002,0.0012328999999999999,0.0032447000000000001,0.00042209999999999947,-0.0051815999999999997,0.0103953,-0.0034677000000000002,-0.00074260000000000081,-0.0012097999999999998,0.0054420000000000007,-0.0017957000000000006,-0.007974499999999999,0.011353,0.0140874,-0.0021230999999999993,0.0036274000000000007,0.0106488,-0.0043756000000000003,0.0049544999999999988,-0.0055031999999999998,0.010406799999999999,-0.0033692999999999996,-0.0034893999999999997,0.010429899999999999,-0.0095877000000000011,0.0098368999999999991,-0.016101600000000001,-0.0038465999999999995,0.0061935000000000002,0.0016319000000000004,-0.010381799999999998,0.00095950000000000007,-0.023724099999999998,0.001610799999999999,-0.016593199999999999,-0.0066859999999999992,0.0186839,-0.0071420999999999984,0.020774299999999999,0.0041434000000000011,-0.012806700000000001,-0.0014951999999999999,-0.00030920000000000009,-0.0023186999999999999,-0.0032247000000000005,0.0020268,-0.0045576000000000002,0.0017457,-0.005104899999999999,0.0023660999999999999,0.0014874999999999997,-0.0013334999999999998,0.0016050000000000001,0.0031914000000000001,-0.0021151,-0.0028096000000000002,-0.00061250000000000009,0.003064400000000001,-0.0018149000000000004,-0.003882,0.0047569999999999999,0.0048228999999999998,-0.0033333,-0.0026484,-0.0010998999999999998,-0.0040875,-0.0022347000000000001,-0.0097044999999999996,0.0030195000000000005,0.0024420000000000006,0.0064232000000000004,0.0051431999999999997,-0.0038830000000000006,0.0040406999999999995,0.008464300000000001,0.0029592999999999998,0.0017399,0.0070658999999999991,-0.0017888000000000001,-0.00092329999999999908,-0.017990100000000002,-0.0026779000000000004,0.00093039999999999996,-0.0062240999999999989,0.0020796,-0.0013300000000000005,0.00054749999999999981,-0.0011494999999999997,-0.0025918,-0.0025314999999999999,-0.0014769999999999996,0.0028324999999999995,-0.0023205000000000001,-0.0014772000000000001,0.0032041000000000005,0.0019726000000000001,-0.0035985000000000001,0.00056799999999999982,-0.0030652000000000001,-0.0017979000000000003,-0.0052122000000000002,0.0014931,-0.001029,-0.0033107999999999996,0.00048859999999999962,0.0011503999999999998,0.0027349999999999996,-0.0065577999999999999,0.0022700000000000007,0.0060317999999999986,0.0077006999999999996,0.00096589999999999979,0.0067806000000000003,0.0037558000000000001,0.00021169999999999989,-0.0022844000000000002,0.0026392999999999998,0.0010325,-0.00039720000000000011,-0.0013923000000000004,0.0059747000000000003,-0.0029009000000000001,-0.0042331000000000001,0.0005325000000000002,0.00015539999999999955,0.0013827000000000002,0.0023392999999999999,-0.0011107999999999997,-0.00097679999999999946,-0.0017211999999999993,-0.0034304000000000001,0.0045633000000000002,-0.015505,0.0087953999999999984,-0.0076381000000000001,-0.0069103999999999997,-0.0045690000000000001,0.0010185999999999999,-0.0012022000000000003,-0.00073700000000000002,-0.0011635,-0.0012438,0.0017202000000000003,-8.4300000000000111e-05,0.0021028000000000002,0.00029649999999999978,-0.00042969999999999987,0.00092650000000000002,0.0040407000000000004,2.6100000000000126e-05,0.00026719999999999999,0.003637,0.0022840999999999998,-0.00075569999999999999,0.0040360999999999999,-0.0027047,-0.0003407000000000001,0.0011721000000000001,-0.0022072999999999997,0.0011439000000000002,-0.0047631000000000001,0.0013440000000000001,0.0040147999999999998,-0.0035362000000000002,-0.0031276999999999998,0.0029701999999999997,-0.0015175,0.0025490000000000001,0.00098989999999999994,-0.0012668999999999992,0.0021866999999999993,-0.0029758000000000002,0.0023780999999999997,-0.00070100000000000002,-0.0023337999999999996,0.00081489999999999991,0.0065721,-0.0011722,0.0031971999999999999,-0.00056240000000000023,0.0029091,-0.0016756000000000006,0.00080509999999999989,-0.0026166999999999996,0.00030860000000000024,-0.0044959000000000006,0.0013481999999999999,-0.0010337000000000002,0.0057049999999999991,0.0057058999999999999,-0.0022230999999999996,0.0026925000000000004,-0.0111731,0.0019147999999999999,-0.0012655000000000001,0.00096790000000000005,0.0019353,0.0014105999999999999,0.00060540000000000008,-0.00033819999999999993,-0.00073759999999999971,-0.00074770000000000001,-0.0020708000000000002,0.0016798,0.0026596000000000002,-0.0019026999999999998,0.0020518000000000003,0.00068950000000000001,-0.0044695999999999998,-0.0021945999999999997,0.0001323999999999998,0.0011014000000000002,0.0025903000000000002,0.0004035,0.0014420000000000001,0.0028936999999999999,-0.00095359999999999987,-0.0038981000000000003,-0.0032212999999999999,-0.00061899999999999987,0.0038884999999999996,-0.00030310000000000016,-0.0020124000000000001,-0.0012279000000000003,-0.0036417999999999997,-0.00081290000000000008,-0.00079500000000000035,-0.0026810000000000002,0.00047580000000000002,0.0010159999999999998,0.0035674000000000001,0.00060210000000000038,-0.0027501000000000001,-0.00089399999999999983,0.0016846999999999999,0.00043889999999999999,0.00045920000000000005,0.0014673999999999993,0.0040293000000000004,-0.00077409999999999979,0.0027254999999999996,-9.860000000000016e-05,-0.0030470000000000002,-0.00018840000000000003,0.0020179,0.0017447999999999997,-0.0042483999999999994,0.0015026,-0.0028337999999999992,0.0022835999999999998,-0.00094030000000000025,0.0019847999999999997,0.0043115000000000011,-0.0022614000000000002,0.0005928000000000001,0.0011903000000000005,-0.0081140999999999991,0.00095619999999999972,0.00046690000000000002,0.00045380000000000003,0.00078649999999999998,-0.0007941999999999999,0.0018162999999999994,0.00088059999999999983,-0.0009038999999999998,0.00022929999999999985,-0.00026090000000000005,-0.0015447,-0.0017524999999999999,-0.00029310000000000002,-0.00042959999999999987,0.00062169999999999999,-0.0021378,-0.00063330000000000005,-0.0013675,-0.0012386999999999997,0.00050730000000000003,-0.0016463999999999999,-0.00087539999999999981,-0.00018420000000000011,0.00084259999999999999,-0.0010081000000000001,-0.0017469000000000002,-0.0038684999999999991,-0.00013169999999999957,-0.00065740000000000015,0.0024869000000000002,-0.00066980000000000013,-0.00012110000000000002,0.0020051000000000001,0.00063840000000000012,0.0020396999999999998,1.1200000000000055e-05,0.0030761,5.7399999999999769e-05,0.0042354000000000003,0.00019940000000000008,-0.0016289,-0.0013355000000000001,0.00052269999999999986,-0.00028529999999999983,-0.0017815000000000001,-0.0026765000000000001,-0.0011002999999999998,0.0013211999999999998,-0.0020322000000000001,0.003437,-0.0015453999999999999,-6.2899999999999848e-05,0.00049039999999999978,-0.0028149000000000004,-0.00023010000000000006,0.00033790000000000014,-0.0043896000000000004,0.0015731000000000005,0.0026327,0.0039773000000000005,0.0032799999999999999,-0.0036187999999999997,0.0037204999999999998,-0.0010598000000000005,-0.0013955000000000005,0.0025826,0.00049909999999999993,0.0028148000000000001,0.0013734999999999997,3.330000000000005e-05,-0.00058820000000000009,-0.0014976999999999998,0.0007679999999999998,0.00040800000000000011,-0.0011847000000000001,0.00018790000000000012,0.00053109999999999941,0.00036240000000000024,-0.0012718,-0.0011785000000000001,0.0016846999999999997,-0.0015697000000000003,0.00056340000000000003,-6.2899999999999875e-05,0.0014762,0.00034560000000000005,-0.00035310000000000007,-0.0002104000000000001,-0.0002698,0.0021320000000000002,-0.00010179999999999998,5.8600000000000123e-05,0.0030255999999999998,0.0022247,-0.00020890000000000014,0.0030788999999999999,0.00025780000000000003,-0.0010631,-0.0014897000000000001,-0.00027930000000000001,-8.9700000000000053e-05,-0.0033227,0.0002496000000000001,-0.00031909999999999968,-0.0016685999999999999,-0.0010333999999999999,0.00047739999999999989,-0.0037952000000000007,-0.00043009999999999983,0.0013443000000000001,0.00087490000000000029,0.0024554999999999993,0.00020990000000000022,0.0015176999999999999,0.0020858999999999999,-0.0010524,-0.0013764000000000001,0.00043259999999999989,-0.0023696999999999998,0.0014855999999999997,0.0018965999999999998,-0.0024667000000000001,0.0015665000000000002,-0.0037468000000000002,-0.0010917000000000001,0.0041744000000000009,4.0000000000000972e-06,-0.00024110000000000009,-0.0014043999999999999,0.00016629999999999998,0.00032760000000000016,-0.0049174999999999991,-0.0068932000000000004,0.0037165000000000002,0.00041600000000000025,0.00083460000000000001,0.0029031,-0.00092620000000000029,0.0050035000000000001,-0.0031575000000000002,-0.0015175,-0.0054269000000000001,-0.0014943999999999999,0.0016087
aug_between_class_right_pair0047_child07,TLE,1,1,Augmented,0,0,0,0,0,0.28013660000000001,2.1905474000000003,1.8000000000000001e-06,-7.9999999999999996e-07,9.9999999999999995e-07,0.97928459999999995,0,0.028723200000000001,-0.15361159999999999,0.042294600000000002,0.078569799999999995,-0.077467799999999989,0.062107999999999997,-0.0011226000000000005,0.0013706,0.012709600000000001,-0.092819800000000008,0.38579940000000001,-0.10602739999999999,-0.010344199999999998,0.068482399999999999,0.0038369999999999993,-0.024078200000000001,-0.0017122000000000001,-0.043144599999999998,0.024522000000000002,0.024887200000000002,-0.061657200000000002,0.0053209999999999993,-0.1042698,0.013591800000000001,0.059276800000000004,-0.0288034,0.030950800000000001,0.013367,-0.049942,0.038470600000000001,-0.071852599999999989,-0.045815400000000006,0.1089292,-0.040071800000000005,0.20215240000000001,-0.058366599999999998,0.0052113999999999997,-0.0095479999999999992,-0.0082829999999999987,-0.0251188,0.0031696000000000003,0.037830000000000003,-0.0047775999999999999,-0.0057478,-0.0106458,-0.017643599999999999,0.008114399999999999,0.025345600000000003,0.019055599999999999,0.0066716000000000015,-0.013811,0.0040583999999999993,0.008856799999999998,-0.033224999999999998,0.00054779999999999976,-0.0075651999999999994,-0.0035435999999999996,0.029854799999999997,-0.094168399999999999,0.013647000000000001,-0.020761000000000002,-0.010774600000000002,-0.00088539999999999973,-0.0030163999999999998,0.0032041999999999999,0.020276800000000001,0.012983600000000001,0.00049459999999999999,-0.025592599999999997,0.0012993999999999992,0.015578799999999999,-0.0042681999999999998,0.0075759999999999994,0.0059472000000000006,-0.0190828,-4.4399999999999995e-05,0.0054992000000000001,-0.0058432000000000007,-0.0080076000000000001,-0.0128586,0.025914800000000002,-0.0045711999999999992,-0.0023437999999999992,-0.0094581999999999999,-0.0061250000000000002,0.0059362000000000009,-0.0018949999999999991,-0.0049224000000000004,0.0064461999999999992,-0.011733999999999998,0.000944599999999999,0.0056847999999999985,0.0061098000000000003,0.0057917999999999997,-0.014767799999999999,0.0012036,0.0034788000000000002,0.00067740000000000031,-0.0053324000000000002,0.0100632,-0.0027837999999999995,-0.00016140000000000035,-0.0014762,0.005378,-0.0011977999999999997,-0.0081619999999999991,0.011722,0.0151016,-0.0030824000000000008,0.0033755999999999999,0.0117552,-0.0041384000000000004,0.0054520000000000002,-0.0061808000000000002,0.010826200000000001,-0.0036481999999999999,-0.0044356000000000005,0.0114146,-0.0097298000000000003,0.0097236000000000006,-0.015826399999999997,-0.0040053999999999992,0.0054839999999999993,0.0015055999999999993,-0.010757199999999998,0.0011720000000000001,-0.0248554,0.0021832000000000006,-0.0168728,-0.0065649999999999997,0.020467600000000002,-0.0085534000000000009,0.023278200000000002,0.0040376000000000006,-0.013171800000000001,-0.0015298,-0.00033880000000000005,-0.0024537999999999999,-0.0038648000000000007,0.0015091999999999996,-0.0042323999999999999,0.0019308000000000003,-0.0056185999999999996,0.0023993999999999999,0.001768,-0.0012419999999999998,0.0016440000000000001,0.0032245999999999998,-0.0018103999999999998,-0.0025604,-0.00044700000000000002,0.0028326000000000002,-0.001215599999999999,-0.0041800000000000006,0.0046849999999999999,0.0047486000000000004,-0.0037602,-0.0021165999999999997,-0.0011976000000000001,-0.0037390000000000001,-0.0023008,-0.0099299999999999996,0.0028140000000000001,0.0019420000000000001,0.0058627999999999996,0.0051078,-0.0037580000000000001,0.0047248000000000004,0.0079392000000000004,0.0031952,0.0018116,0.0078025999999999998,-0.0016722000000000004,-0.0018442000000000005,-0.017026400000000001,-0.0025095999999999999,0.00097159999999999998,-0.0072193999999999999,0.00089739999999999872,-0.00089999999999999998,0.00047699999999999956,-0.0014280000000000002,-0.0026901999999999998,-0.0023990000000000001,-0.0020330000000000001,0.0028039999999999996,-0.0023179999999999997,-0.0014158,0.0033314000000000009,0.0018234000000000002,-0.0034150000000000001,0.00084300000000000011,-0.0029218,-0.0015275999999999996,-0.0054108000000000003,0.0017654000000000001,-0.0011200000000000001,-0.0040461999999999998,0.00067139999999999995,0.0015356,0.0029570000000000004,-0.0067742000000000002,0.0025709999999999999,0.0065972000000000001,0.0083118000000000011,0.0010296000000000001,0.0065053999999999997,0.0035681999999999997,0.00032380000000000017,-0.0021816000000000001,0.0027522000000000002,0.0010639999999999998,-1.4800000000000143e-05,-0.0012452000000000001,0.0061558000000000003,-0.0029766000000000003,-0.0046423999999999997,0.00024399999999999986,0.00045460000000000032,0.0021618000000000006,0.0022752000000000002,-0.0011271999999999999,-0.0013902000000000001,-0.0029808000000000005,-0.0030905999999999998,0.0044261999999999999,-0.016231000000000002,0.0097105999999999998,-0.0073014000000000004,-0.0070416000000000003,-0.004169,0.0008613999999999998,-0.00093479999999999995,-0.00053799999999999985,-0.001111,-0.0012752,0.0015537999999999999,5.0800000000000029e-05,0.0022812000000000002,0.00082400000000000019,-0.00048780000000000004,0.0006829999999999999,0.0036227999999999998,-0.00030660000000000019,0.00021579999999999999,0.0040920000000000002,0.0026054000000000003,-0.00064879999999999983,0.0040414000000000005,-0.0028808000000000002,-0.00031979999999999997,0.0011194,-0.0022231999999999998,0.0008745999999999999,-0.0045684000000000002,0.0013059999999999999,0.0042612000000000006,-0.0039288000000000005,-0.0035588000000000004,0.0032658000000000001,-0.0011470000000000002,0.0025970000000000003,0.00081059999999999986,-0.0017755999999999996,0.0027558000000000005,-0.0027531999999999999,0.0023044000000000003,-0.00092500000000000026,-0.0027131999999999998,0.0011436000000000003,0.0068944000000000002,-0.0016258000000000002,0.0035747999999999999,-0.00034059999999999993,0.0027223999999999998,-0.0010313999999999996,0.00096640000000000007,-0.0028398,-4.600000000000166e-06,-0.0045526000000000004,0.0013638000000000001,-0.0011627999999999999,0.0060919999999999993,0.0054745999999999996,-0.0027184000000000002,0.0021609999999999997,-0.0104184,0.0018372,-0.0011800000000000001,0.00094859999999999996,0.0019972000000000002,0.0015254000000000001,0.00068960000000000007,-0.00077280000000000024,-0.00080440000000000004,-0.00078980000000000066,-0.0023401999999999997,0.0018182000000000003,0.0026404000000000002,-0.0019988000000000002,0.0017111999999999997,0.00057599999999999991,-0.0045193999999999998,-0.0026213999999999999,0.00054860000000000011,0.00090959999999999978,0.0025561999999999998,0.00054999999999999992,0.0017460000000000002,0.0030828000000000001,-0.0010654,-0.0043594000000000011,-0.0031321999999999999,-0.0007090000000000001,0.0037850000000000002,-0.00016339999999999996,-0.0020855999999999995,-0.0009145999999999999,-0.0037862,-0.00072259999999999989,-0.00044199999999999968,-0.0027810000000000001,0.00047619999999999997,0.0012749999999999999,0.0039865999999999999,0.00031239999999999957,-0.0027293999999999999,-0.001245,0.0017317999999999999,0.00025259999999999991,0.00056380000000000004,0.0020696000000000004,0.0038172000000000002,-0.0014264,0.0030730000000000011,0.00017960000000000014,-0.0034190000000000002,0.00014740000000000022,0.0021435999999999998,0.0019371999999999998,-0.0047196000000000009,0.0012193999999999998,-0.0034351999999999998,0.0024613999999999999,-0.00067019999999999992,0.0021722,0.0040540000000000003,-0.0020236,0.00036819999999999952,0.0013342000000000002,-0.0083023999999999997,0.0012297999999999999,0.00050460000000000001,0.00039119999999999997,0.0007719999999999999,-0.0010368,0.0022432000000000003,0.0010214000000000002,-0.0013006000000000003,0.00055520000000000027,-0.00022460000000000004,-0.0017358000000000002,-0.0016789999999999999,-0.0003564000000000001,-0.00063340000000000011,0.00069580000000000011,-0.0020382,-0.00087220000000000028,-0.001323,-0.0015907999999999999,0.00051320000000000001,-0.0017576000000000002,-0.0010436,-4.7799999999999996e-05,0.00085640000000000022,-0.00091040000000000001,-0.0017066000000000004,-0.0039179999999999996,-0.00047979999999999984,-0.00049659999999999993,0.0025006,-0.00047219999999999999,-5.400000000000077e-06,0.0021224,0.00039859999999999993,0.0022017999999999999,0.00011580000000000005,0.0031153999999999999,0.00018860000000000003,0.0046616000000000001,0.00058560000000000036,-0.0015265999999999999,-0.0014400000000000001,0.00062480000000000001,-0.00046719999999999986,-0.001848,-0.0024999999999999996,-0.0012862000000000001,0.0013918000000000001,-0.0020447999999999998,0.0033249999999999998,-0.0015466,-0.00019260000000000024,7.959999999999955e-05,-0.0024105999999999997,-0.0002074,-5.4000000000001313e-06,-0.0046284000000000004,0.00093239999999999968,0.0030838000000000003,0.0039541999999999997,0.0030499999999999998,-0.0033741999999999999,0.0041379999999999993,-0.00048219999999999979,-0.001284,0.0020653999999999998,0.00082440000000000031,0.0026151999999999998,0.0016450000000000002,-4.6799999999999999e-05,-0.00066379999999999998,-0.0015608000000000002,0.001044,0.00020699999999999994,-0.0010417999999999998,8.6599999999999977e-05,0.00080639999999999987,-1.140000000000006e-05,-0.0010851999999999999,-0.001085,0.0017627999999999997,-0.0013847999999999998,0.00057360000000000017,-0.00028660000000000003,0.0013037999999999999,0.00022739999999999994,-0.00042640000000000028,3.4000000000001369e-06,-0.0005122000000000002,0.0022820000000000002,-0.00018820000000000005,-4.0600000000000011e-05,0.0031103999999999997,0.0023037999999999999,-1.6000000000000389e-06,0.0032736000000000006,0.00022919999999999999,-0.0011444000000000001,-0.0014938,-0.00055720000000000032,7.2000000000000395e-06,-0.0034897999999999999,-7.3600000000000163e-05,-0.00049640000000000036,-0.0018524000000000001,-0.0012546,0.00071260000000000019,-0.0038578000000000002,-0.00062040000000000001,0.0015672000000000004,0.00081560000000000009,0.0024119999999999992,-0.00010640000000000009,0.0015198,0.0021726000000000002,-0.00082059999999999967,-0.0015536000000000002,0.00075040000000000003,-0.0028578000000000006,0.0016383999999999999,0.0021933999999999999,-0.0023238,0.0013849999999999999,-0.0035672,-0.00098480000000000009,0.0043916000000000007,7.2999999999999931e-05,-4.3399999999999944e-05,-0.0015546000000000002,0.00031920000000000017,0.00013739999999999998,-0.0051549999999999999,-0.0072068000000000011,0.0032569999999999995,0.00065100000000000021,0.00076340000000000002,0.0031473999999999999,-0.00073079999999999998,0.0046049999999999997,-0.0032970000000000005,-0.0016379999999999999,-0.0050956000000000005,-0.0015885999999999999,0.0016118
aug_between_class_right_pair0047_child08,TLE,1,1,Augmented,0,0,0,0,0,0.27913880000000002,2.1781222000000002,1.9e-06,-8.9999999999999996e-07,9.9999999999999995e-07,0.97246279999999996,0,0.029166600000000001,-0.15452379999999999,0.045891799999999996,0.079218399999999994,-0.077973899999999999,0.062184499999999997,-0.0018223000000000002,0.00041229999999999999,0.015888300000000008,-0.095701900000000006,0.38898519999999998,-0.1116892,-0.0064245999999999991,0.070774699999999996,0.00044399999999999995,-0.024660600000000001,-0.0020781000000000003,-0.039518299999999999,0.023397500000000002,0.024355100000000001,-0.061869099999999996,0.0054335,-0.10473440000000001,0.014519400000000002,0.059862900000000004,-0.028901700000000002,0.030811399999999999,0.0134155,-0.050633000000000004,0.036015800000000001,-0.067951799999999993,-0.050526700000000001,0.10850860000000001,-0.042919900000000004,0.20146169999999999,-0.060072300000000002,0.0048571999999999999,-0.0098134999999999993,-0.0083014999999999999,-0.024815900000000002,0.0032338000000000002,0.037351000000000002,-0.0051408000000000001,-0.0055244000000000005,-0.011690900000000001,-0.018402799999999997,0.0067237,0.026007300000000001,0.018212299999999997,0.0073248000000000011,-0.015397000000000001,0.0027196999999999998,0.0078663999999999991,-0.033180500000000002,0.00027040000000000007,-0.0071600999999999991,-0.0043227999999999999,0.031608899999999995,-0.093447700000000009,0.015416000000000001,-0.019778499999999997,-0.013793300000000001,-0.0023791999999999997,-0.0028836999999999999,0.0032866000000000002,0.020245900000000001,0.012434299999999999,9.2999999999998466e-06,-0.0247408,0.0011852,0.016456399999999996,-0.0042681000000000004,0.0070525000000000006,0.0056901,-0.018820400000000001,-0.00040769999999999999,0.0053260999999999994,-0.0075751000000000004,-0.0078817999999999996,-0.011159800000000001,0.025651899999999998,-0.0038301000000000012,-0.0020308999999999995,-0.010228600000000001,-0.0066354999999999999,0.0061021000000000009,-0.0010520000000000009,-0.0058842,0.0062091000000000004,-0.0099454999999999995,-0.0010457000000000001,0.0041748999999999988,0.0056863999999999994,0.0031059000000000017,-0.013546399999999998,0.0011743000000000001,0.0037129000000000003,0.00093270000000000028,-0.0054832000000000006,0.0097310999999999995,-0.0020998999999999996,0.00041979999999999969,-0.0017426,0.0053140000000000001,-0.0005999,-0.0083494999999999993,0.012091000000000001,0.0161158,-0.0040417000000000005,0.0031237999999999999,0.012861600000000001,-0.0039012000000000001,0.0059494999999999999,-0.0068584000000000006,0.0112456,-0.0039270999999999993,-0.0053818000000000008,0.0123993,-0.0098718999999999994,0.0096103000000000004,-0.015551200000000001,-0.0041641999999999998,0.0047745000000000001,0.0013792999999999991,-0.011132599999999999,0.0013845000000000001,-0.025986700000000001,0.0027555999999999995,-0.017152399999999998,-0.0064439999999999992,0.022251300000000005,-0.0099646999999999999,0.025782099999999999,0.0039318000000000001,-0.013536900000000001,-0.0015644000000000001,-0.00036840000000000001,-0.0025888999999999999,-0.0045049000000000001,0.00099159999999999982,-0.0039072000000000004,0.0021159,-0.0061323000000000003,0.0024326999999999999,0.0020485,-0.0011504999999999998,0.001683,0.0032577999999999999,-0.0015056999999999998,-0.0023111999999999998,-0.00028150000000000007,0.0026007999999999995,-0.00061630000000000018,-0.0044779999999999993,0.004612999999999999,0.0046743000000000002,-0.0041871000000000009,-0.0015847999999999999,-0.0012952999999999999,-0.0033904999999999999,-0.0023668999999999999,-0.0101555,0.0026085000000000001,0.0014420000000000001,0.0053023999999999996,0.0050723999999999995,-0.0036329999999999999,0.0054089000000000003,0.0074140999999999999,0.0034311000000000003,0.0018833000000000001,0.0085392999999999997,-0.0015555999999999999,-0.0027651000000000004,-0.016062699999999999,-0.0023413000000000002,0.0010127999999999999,-0.0082147000000000001,-0.00028479999999999998,-0.00046999999999999971,0.00040649999999999974,-0.0017064999999999999,-0.0027885999999999996,-0.0022664999999999999,-0.0025889999999999997,0.0027754999999999998,-0.0023154999999999999,-0.0013544000000000002,0.0034587000000000003,0.0016742,-0.0032315,0.0011179999999999999,-0.0027783999999999999,-0.0012572999999999998,-0.0056094000000000005,0.0020376999999999999,-0.0012110000000000001,-0.0047816000000000004,0.0008541999999999994,0.0019207999999999999,0.003179,-0.0069906000000000005,0.0028720000000000009,0.007162599999999999,0.0089228999999999992,0.0010933000000000004,0.0062302,0.0033806000000000001,0.00043590000000000002,-0.0020788,0.0028650999999999998,0.0010954999999999997,0.00036760000000000004,-0.0010981000000000001,0.0063369000000000003,-0.0030523,-0.0050516999999999992,-4.4500000000000052e-05,0.00075379999999999978,0.0029409000000000002,0.0022111000000000001,-0.0011435999999999996,-0.0018035999999999996,-0.0042403999999999992,-0.0027507999999999994,0.0042891000000000006,-0.016957,0.010625799999999999,-0.0069646999999999999,-0.0071728,-0.0037690000000000002,0.00070419999999999966,-0.00066739999999999996,-0.00033899999999999989,-0.0010585,-0.0013066,0.0013874,0.00018590000000000002,0.0024596000000000006,0.0013514999999999998,-0.00054589999999999977,0.00043949999999999995,0.0032048999999999997,-0.00063930000000000009,0.00016439999999999998,0.004546999999999999,0.0029267000000000004,-0.00054189999999999989,0.0040467000000000003,-0.0030569000000000004,-0.00029890000000000016,0.0010666999999999999,-0.0022390999999999999,0.00060529999999999981,-0.0043737000000000003,0.001268,0.0045075999999999996,-0.0043214000000000004,-0.0039898999999999993,0.0035614000000000002,-0.00077650000000000006,0.0026450000000000002,0.0006312999999999999,-0.0022842999999999995,0.0033248999999999991,-0.0025306,0.0022307000000000004,-0.0011490000000000001,-0.0030926000000000005,0.0014723000000000002,0.0072166999999999995,-0.0020794000000000003,0.0039524,-0.00011880000000000007,0.0025357000000000001,-0.00038719999999999987,0.0011276999999999999,-0.0030628999999999999,-0.00031780000000000014,-0.0046093000000000002,0.0013793999999999998,-0.0012918999999999999,0.0064789999999999995,0.0052432999999999994,-0.0032137000000000008,0.0016295000000000001,-0.0096637000000000008,0.0017595999999999998,-0.0010945,0.00092929999999999998,0.0020590999999999999,0.0016402000000000001,0.00077380000000000005,-0.0012074000000000002,-0.00087119999999999993,-0.00083190000000000043,-0.0026096000000000001,0.0019566000000000002,0.0026211999999999997,-0.0020949000000000002,0.0013706,0.00046250000000000002,-0.0045691999999999998,-0.0030482,0.00096480000000000025,0.00071779999999999988,0.0025221000000000006,0.00069650000000000029,0.0020500000000000006,0.0032718999999999999,-0.0011772,-0.0048207000000000007,-0.0030431,-0.00079899999999999991,0.0036814999999999999,-2.369999999999998e-05,-0.0021588000000000002,-0.00060130000000000014,-0.0039306000000000002,-0.00063229999999999992,-8.8999999999999886e-05,-0.0028809999999999999,0.00047659999999999998,0.0015340000000000002,0.0044058000000000005,2.2700000000000064e-05,-0.0027087000000000001,-0.0015960000000000002,0.0017788999999999999,6.6299999999999931e-05,0.00066840000000000009,0.0026718000000000002,0.0036051,-0.0020787000000000002,0.0034205000000000008,0.00045780000000000007,-0.003791000000000001,0.00048320000000000047,0.0022693000000000001,0.0021295999999999997,-0.0051907999999999998,0.00093619999999999988,-0.0040365999999999996,0.0026392,-0.00040009999999999997,0.0023595999999999999,0.0037965000000000004,-0.0017857999999999999,0.00014360000000000024,0.0014781,-0.0084907000000000003,0.0015034,0.00054230000000000001,0.00032859999999999996,0.00075749999999999993,-0.0012794,0.0026700999999999999,0.0011622000000000002,-0.0016973000000000001,0.00088110000000000011,-0.00018830000000000002,-0.0019269000000000003,-0.0016054999999999997,-0.00041970000000000006,-0.00083720000000000018,0.00076990000000000001,-0.0019386,-0.0011111000000000003,-0.0012785000000000001,-0.0019429,0.0005191000000000001,-0.0018687999999999999,-0.0012118000000000003,8.8599999999999985e-05,0.00087020000000000023,-0.00081269999999999997,-0.0016663000000000001,-0.0039674999999999997,-0.00082790000000000034,-0.00033580000000000003,0.0025143000000000001,-0.00027460000000000001,0.00011029999999999997,0.0022396999999999999,0.00015879999999999996,0.0023639000000000004,0.00022039999999999999,0.0031546999999999999,0.00031979999999999997,0.0050878,0.00097180000000000031,-0.0014243000000000001,-0.0015445000000000001,0.00072689999999999994,-0.00064909999999999989,-0.0019145,-0.0023235,-0.0014721000000000001,0.0014624,-0.0020574,0.0032129999999999997,-0.0015478,-0.00032229999999999976,-0.00033120000000000068,-0.0020062999999999999,-0.00018469999999999994,-0.00034870000000000018,-0.0048672000000000003,0.00029169999999999988,0.0035349000000000001,0.0039310999999999999,0.0028199999999999996,-0.0031295999999999997,0.0045554999999999997,9.5400000000000042e-05,-0.0011725000000000004,0.0015481999999999998,0.0011497000000000005,0.0024156,0.0019164999999999998,-0.00012689999999999999,-0.00073939999999999987,-0.0016239000000000002,0.0013200000000000002,5.9999999999999832e-06,-0.0008989,-1.4700000000000005e-05,0.0010816999999999999,-0.00038519999999999982,-0.00089859999999999983,-0.00099149999999999998,0.0018408999999999999,-0.0011999000000000001,0.0005838000000000001,-0.00051029999999999999,0.0011313999999999999,0.00010919999999999997,-0.00049970000000000017,0.00021720000000000002,-0.00075460000000000024,0.0024320000000000001,-0.00027460000000000001,-0.00013980000000000004,0.0031951999999999996,0.0023829000000000003,0.00020569999999999985,0.0034682999999999997,0.0002006,-0.0012257000000000001,-0.0014979000000000001,-0.00083510000000000019,0.00010410000000000002,-0.0036569000000000003,-0.0003968000000000001,-0.00067370000000000017,-0.0020362000000000002,-0.0014758000000000002,0.00094779999999999984,-0.003920400000000001,-0.00081069999999999992,0.0017901000000000002,0.00075630000000000011,0.0023684999999999999,-0.00042269999999999997,0.0015218999999999999,0.0022592999999999997,-0.00058879999999999978,-0.0017307999999999998,0.0010682000000000001,-0.0033459000000000006,0.0017912000000000002,0.0024901999999999997,-0.0021808999999999999,0.0012034999999999999,-0.0033876000000000002,-0.00087790000000000003,0.0046088000000000006,0.00014199999999999998,0.00015429999999999996,-0.0017048,0.00047210000000000004,-5.2799999999999982e-05,-0.0053924999999999997,-0.0075204000000000009,0.0027974999999999996,0.00088600000000000039,0.00069220000000000002,0.0033916999999999997,-0.00053540000000000011,0.0042065000000000002,-0.0034365000000000003,-0.0017585000000000001,-0.0047643000000000008,-0.0016827999999999999,0.0016148999999999998
aug_between_class_right_pair0048_child01,Healthy,0,0,Augmented,0,0,0,0,0,0.30181009999999997,1.8172827999999999,1.9999999999999999e-06,-9.9999999999999995e-08,9.9999999999999995e-07,0.87230269999999999,0,0.049672599999999997,-0.13941869999999998,0.032809900000000003,0.083832100000000007,-0.046115599999999993,0.061628399999999993,0.017236500000000002,0.0095283,-0.0268936,-0.10223549999999999,0.35178359999999997,-0.073128599999999988,-0.0048954999999999988,0.089543799999999993,-0.010748200000000003,-0.0157489,-0.0028146,-0.050609700000000001,0.021043299999999997,0.049797299999999996,-0.036059399999999998,0.0128869,-0.077079999999999996,0.021910399999999997,0.042053500000000001,-0.0151244,0.012150299999999999,0.017604999999999999,-0.035247300000000002,0.049812099999999998,-0.024424200000000004,-0.076292800000000008,0.088938199999999995,-0.063434299999999999,0.1706947,-0.047869300000000004,0.010326400000000001,-0.0011875000000000002,-0.0014536000000000002,-0.017270300000000002,-0.00011700000000000035,0.020978899999999998,-0.0043428,-0.0126467,-0.017437899999999999,-0.024609900000000001,0.010021800000000001,0.024057099999999998,0.0094386000000000001,0.023370700000000001,-0.0078024999999999995,0.0056105,0.0127116,-0.0505508,-0.0025461000000000004,0.0034563000000000003,0.00023709999999999964,0.0290166,-0.051164399999999999,0.0023628000000000017,-0.0046882,-0.040651800000000002,0.022612,-0.0015823999999999999,-0.00065440000000000008,0.0115719,0.010745399999999999,0.0036765999999999999,-0.0094106000000000016,0.0054367,0.0039194999999999994,-0.0033311999999999999,0.0030409999999999999,-0.00050579999999999983,-0.012342499999999999,0.001085,0.0061513999999999996,0.0083840000000000008,-0.0097079000000000002,-0.0133072,0.0212257,-0.0056711999999999995,-0.00034530000000000064,-0.012782500000000002,-0.0075878999999999999,0.0024167000000000004,-0.013579500000000001,0.0016248,0.0075338999999999996,-0.0167174,-0.0057613999999999999,0.0108392,-0.00074939999999999989,0.015849099999999998,-0.0043919000000000007,0.0038042000000000002,0.0016826,-0.0017814999999999999,-0.0060328000000000005,0.010277100000000001,-0.0016091999999999999,-0.0063677999999999998,0.00067640000000000029,0.0090211000000000006,-0.0051116,-0.0082377000000000006,0.0025131000000000003,0.0092823999999999997,0.0050216000000000002,0.0061291000000000002,0.0099089,-0.0055777999999999999,0.0026464000000000001,-0.0129537,0.0107463,-0.0042813999999999994,-0.0098939000000000006,0.013648999999999998,0.0012753999999999995,0.0084538000000000009,-0.0038709999999999994,-0.0072131000000000001,0.0080180000000000008,0.010376199999999999,-0.0036392999999999998,0.0046556000000000002,-0.0084893999999999976,-0.0071584000000000005,-0.0017584999999999996,-0.0095909000000000012,0.0077529000000000009,-0.00046569999999999999,0.0034043000000000003,0.012381400000000001,0.0038517999999999998,0.00043640000000000009,0.00083350000000000004,0.0019460000000000002,0.0040504,-0.0002478999999999999,-0.0039699000000000002,0.0022928000000000002,-0.0034864000000000002,0.0030606000000000001,0.0040721000000000004,0.0047334000000000005,0.0043931000000000005,-0.0019230999999999999,-0.0043495000000000001,-0.0081636,-0.0028796999999999998,-0.0038664000000000007,0.00055669999999999938,-0.0062748999999999991,0.0070058000000000004,-0.0011211999999999997,0.00015270000000000003,-0.0024328000000000002,-0.0066612000000000008,-0.005169,-0.0053165,-0.0073118999999999996,0.0053798000000000006,0.0121209,0.0028734999999999993,0.013604100000000001,-0.0042033999999999995,0.0042166,0.0051412999999999997,0.0011816000000000001,-0.0012362999999999996,0.0067943000000000005,-0.0028310000000000002,0.0014502,-0.0061336000000000012,-0.011627000000000002,0.0043325999999999998,-0.017257799999999997,0.0057193999999999995,-0.0029037000000000004,-0.00048509999999999981,0.00091739999999999996,-0.0017953000000000001,-0.0025843000000000003,0.0013648,0.0010442000000000001,0.0011426000000000003,-0.0056805999999999992,0.00058290000000000002,0.00053380000000000029,-0.0015087,0.0014567,-0.00035130000000000003,-0.00050009999999999985,0.0030681000000000003,-0.00056539999999999997,0.00183,-0.00075759999999999998,-0.0030265000000000005,0.0019306,-0.0012718,-0.00051570000000000001,-0.0038212000000000003,0.0043793999999999994,0.0052521,-0.001441,-0.0014967999999999997,0.0018273999999999999,-0.0039559,0.0013616000000000001,-0.0020568000000000006,-0.0019825999999999997,-0.0010524999999999998,-0.0038859000000000003,0.0060912999999999991,-0.00051840000000000002,-0.00032300000000000015,0.0056871999999999999,0.0025179999999999998,-0.0033411000000000001,0.0030464999999999997,-0.00020279999999999994,0.00010640000000000004,0.0011011999999999999,0.00020150000000000007,0.0078551999999999997,-0.010957700000000001,0.0063750000000000005,-0.0059589000000000005,-0.017719100000000002,0.00084029999999999955,0.0019153,-0.0019889999999999999,6.8799999999999992e-05,-0.0012534,-0.0013139000000000002,-0.00072389999999999998,-0.0024231000000000001,-0.0010206,0.00061390000000000001,-0.0012981000000000002,-0.00066389999999999993,0.0043219,-0.0007802000000000001,0.0031138999999999997,-0.0044963999999999994,-0.0024161000000000005,-0.0019339000000000003,0.0058531,0.00099260000000000017,-2.5000000000000066e-05,-0.0018277,-0.0030631,0.00035720000000000001,-0.0065566000000000001,0.0023826999999999997,0.0017218999999999997,-0.0018568999999999999,-0.0014862,0.0028053000000000002,-0.00020740000000000016,0.0023574999999999998,0.0016033000000000002,0.003679,-0.0023937000000000003,0.0016074000000000001,0.0045262000000000002,0.00017099999999999998,0.00018870000000000001,0.0045480999999999994,0.0037439999999999999,-0.0061600000000000005,-0.0013009,-0.0034575000000000001,0.0019840999999999999,-0.0034681,0.0033137999999999996,-0.0030324000000000002,-0.0010273999999999999,0.0002971000000000011,-0.00042909999999999975,-0.0059321,-0.0069040000000000004,0.0091278999999999996,-0.0017338999999999998,0.0012498000000000001,-0.0011535,0.00089030000000000012,8.7500000000000013e-05,-0.00082249999999999999,-0.00071359999999999989,0.0036352999999999997,-0.00065060000000000009,0.0013081,0.0022569000000000001,0.0042786999999999999,-7.0799999999999986e-05,-0.0011031000000000005,0.0021298999999999997,0.0020114,0.0011984000000000001,0.0010460999999999999,0.0026182000000000006,-0.0018721,0.0014675999999999999,-0.00028039999999999988,-0.0010367999999999998,-0.0010436,-0.0013029999999999999,0.0027039000000000004,-0.0024505,-0.0042121999999999993,-0.0036278999999999999,0.00125,9.9999999999991589e-07,0.0009228000000000001,0.0019163999999999997,-0.00084849999999999997,-0.0018795000000000001,-0.0036379999999999997,-0.0023249,-0.0024173999999999997,0.00050359999999999988,0.00078639999999999982,0.0015801000000000001,0.0028321000000000002,0.0011104999999999999,-0.0011047000000000001,0.0014001,0.0029660000000000003,0.0024924999999999999,-0.00075440000000000012,0.0036026999999999999,0.0051540000000000006,-0.00050169999999999989,-0.0025659999999999997,-0.0031083999999999999,-0.0024630999999999998,0.0047737999999999999,0.0054419000000000004,-0.0001965999999999999,0.0022348999999999997,-0.0018495999999999999,-0.00090019999999999998,-0.00095600000000000004,-0.00087890000000000017,0.0093363000000000005,0.0021780999999999997,0.0032049000000000001,0.010692500000000001,-0.0025304999999999998,-0.0015811000000000002,0.00055459999999999993,0.0015373000000000001,-0.0010809999999999999,0.00095639999999999994,-0.0024014000000000001,-0.00013709999999999997,-0.0017068000000000001,0.0013086,0.00011139999999999998,0.0018786000000000002,-0.00065200000000000002,-0.0007021000000000001,0.0018116999999999999,0.00044030000000000002,-0.0016199999999999999,-0.0017572,-0.00071989999999999988,0.0015008000000000001,0.00047029999999999999,-0.0014620000000000002,0.0023014000000000003,0.00036700000000000003,0.00088069999999999989,0.00039740000000000023,-0.0007534000000000001,-4.619999999999993e-05,0.00099960000000000001,0.0010824999999999999,0.0011709999999999999,0.0013103999999999998,-0.00015649999999999998,0.0015151000000000001,0.0025368000000000001,-0.00058819999999999999,-0.0024705000000000005,0.0017596999999999999,-0.0031420000000000003,0.00050319999999999987,0.0021762000000000001,-0.0036865999999999999,-0.00056689999999999996,-0.0039611999999999998,0.00027750000000000008,-0.0020738000000000002,-0.0027660999999999996,-0.00083799999999999999,0.0036874000000000004,-0.0027384999999999996,0.0008824000000000002,-0.0032729999999999999,0.00087079999999999992,0.0028422,-0.00098450000000000013,0.0044577999999999996,0.00063480000000000003,-0.00011129999999999994,-0.0032317999999999995,0.0047874000000000007,-0.00025689999999999958,0.0048593000000000004,-0.0019739000000000002,0.0016592,0.0011873000000000001,-0.0061480000000000007,0.003143,-0.0054188999999999991,-0.0019528000000000015,-0.0004220999999999998,0.0003367,0.0014907000000000002,-0.0026784999999999995,-0.00037209999999999999,0.00073050000000000003,0.00071950000000000009,0.0010019,4.8699999999999937e-05,0.00079969999999999998,0.00080940000000000005,0.00059059999999999994,0.0010055000000000001,-0.0015857000000000002,-0.0025363,0.0014811,0.0014648999999999999,0.00068360000000000014,0.00038900000000000002,-0.0017151999999999998,-9.4199999999999959e-05,-0.0013581999999999999,-0.00062550000000000008,-0.0011913000000000002,-0.00010009999999999999,-4.0400000000000006e-05,-0.0018863,-0.00054720000000000007,-8.549999999999995e-05,-0.00062750000000000002,-0.00059660000000000019,5.6900000000000007e-05,9.9799999999999946e-05,-0.00032890000000000003,0.00033929999999999995,-0.00048609999999999994,0.00011730000000000009,0.00029970000000000002,0.0010642999999999998,-0.00057299999999999994,-0.0010368,0.00054440000000000001,0.0011639,0.00052809999999999999,-0.00036500000000000004,0.00075530000000000009,0.0021230999999999997,-0.00248,-6.7299999999999955e-05,0.00022190000000000003,-0.0020311999999999999,0.0019802999999999999,0.00092089999999999989,0.00080550000000000033,-0.0013236999999999999,0.00073019999999999997,-0.00028069999999999999,-0.00060990000000000013,-0.001763,-0.00016490000000000002,0.0019322999999999999,-0.0021626000000000002,0.0030680999999999998,0.0011839999999999999,-0.0032566000000000001,0.0018653000000000001,0.00054280000000000007,-0.0023279999999999998,0.0018636999999999998,0.0021245999999999999,0.0031586000000000001,-0.0013776999999999999,0.00075500000000000003,0.0041279999999999997,-0.0035871999999999996,-0.00031119999999999997
aug_between_class_right_pair0048_child02,Healthy,0,0,Augmented,0,0,0,0,0,0.2981782,1.8240105999999998,2.0000000000000003e-06,-1.9999999999999999e-07,9.9999999999999995e-07,0.86943739999999992,0,0.0503522,-0.1417764,0.029116800000000002,0.087304199999999998,-0.051420199999999999,0.060634799999999996,0.014467000000000002,0.0075956000000000001,-0.028345200000000001,-0.10391299999999999,0.35015219999999997,-0.068513199999999996,-0.0053359999999999996,0.091505599999999992,-0.012918400000000007,-0.016148800000000001,-0.0015632,-0.049822399999999996,0.0220816,0.048344600000000001,-0.035242799999999998,0.012541800000000001,-0.076858999999999997,0.020897800000000001,0.042155999999999999,-0.014156799999999999,0.0116436,0.015705,-0.037556600000000002,0.049134199999999996,-0.025645399999999995,-0.079816600000000001,0.087018399999999996,-0.06574060000000001,0.17078940000000001,-0.045377600000000004,0.0099918000000000003,-0.00094399999999999996,-0.0014931999999999992,-0.0178116,0.0015449999999999997,0.021574799999999998,-0.0035295999999999999,-0.0128004,-0.0174448,-0.024239799999999999,0.0109096,0.024095200000000001,0.010024199999999999,0.022667400000000004,-0.0083269999999999993,0.0047910000000000001,0.013173199999999999,-0.0482386,-0.0034962000000000001,0.0047196000000000009,-0.0011348000000000003,0.029761199999999998,-0.053828799999999996,2.2599999999999357e-05,-0.0063264000000000029,-0.040885600000000001,0.021781000000000002,-0.0010368000000000003,-0.00091679999999999995,0.0110508,0.011645800000000001,0.0030171999999999998,-0.010203200000000001,0.0048154000000000001,0.0034879999999999998,-0.0036803999999999999,0.0033289999999999999,-0.0012795999999999997,-0.011311999999999999,0.0020070000000000001,0.0058357999999999995,0.006967000000000001,-0.0111418,-0.012433399999999999,0.0206304,-0.0045924,-0.0005306,-0.012693000000000003,-0.0084858000000000017,0.0034104000000000001,-0.012907000000000002,0.0015486000000000007,0.0083867999999999998,-0.014894800000000001,-0.0027857999999999989,0.010276400000000002,-0.0017917999999999996,0.0142492,-0.0064578000000000005,0.0039924000000000001,0.0014702000000000001,-0.0017729999999999998,-0.0054046000000000007,0.010569200000000001,-0.0020023999999999997,-0.0055195999999999995,0.00058480000000000023,0.0092472000000000006,-0.0041842000000000008,-0.0085184000000000006,0.0025032000000000001,0.0091298000000000004,0.0049662000000000005,0.0058672000000000012,0.0096017999999999989,-0.0053185999999999997,0.0021508,-0.013025399999999999,0.0107376,-0.0043028000000000007,-0.0099108000000000009,0.014148999999999998,0.0011938000000000001,0.0072255999999999996,-0.0037809999999999996,-0.0066381999999999995,0.0074310000000000001,0.010711400000000001,-0.0032275999999999997,0.0045972000000000009,-0.0086137999999999978,-0.0070708000000000003,-0.0021889999999999982,-0.0113048,0.0080728000000000015,-0.00019040000000000013,0.0039866000000000007,0.011341800000000003,0.0040256000000000007,0.00028879999999999997,0.00096199999999999996,0.0018620000000000002,0.0037867999999999999,0.00049520000000000011,-0.0043248000000000002,0.0020666,-0.0035878000000000004,0.0026911999999999999,0.0037042000000000004,0.0048528,0.0044992000000000001,-0.0017142000000000001,-0.0039789999999999999,-0.0074621999999999996,-0.0032674000000000002,-0.0035278000000000002,7.0399999999999976e-05,-0.0061798000000000001,0.0067626000000000006,-0.0012473999999999996,0.00026340000000000006,-0.0021716000000000001,-0.0060974000000000011,-0.0052569999999999995,-0.0049550000000000011,-0.0067057999999999996,0.0053166000000000003,0.0113078,0.0023369999999999997,0.013250200000000002,-0.0045057999999999999,0.0040322000000000005,0.0052195999999999996,0.0013782,-0.00065160000000000012,0.0074365999999999998,-0.002836,0.0010594000000000001,-0.0064812000000000012,-0.010683000000000002,0.0037102000000000003,-0.017691600000000002,0.0061747999999999994,-0.0021564000000000002,-0.00028019999999999998,0.00098479999999999987,-0.0018616000000000001,-0.0029586000000000005,0.0015065999999999999,0.0013524000000000001,0.0011232,-0.0057301999999999995,0.00078080000000000001,0.00075960000000000003,-0.0016324,0.0012724000000000001,-0.0005796000000000001,-0.00077519999999999998,0.0021172000000000001,-0.00020179999999999997,0.0015479999999999999,-0.00037620000000000004,-0.0031270000000000004,0.0014432000000000002,-0.0010826,-0.00092239999999999987,-0.0040074000000000004,0.0045528000000000001,0.0047691999999999995,-0.0015350000000000001,-0.0016206000000000005,0.0013738000000000001,-0.0033338,0.0014001999999999999,-0.0016686000000000001,-0.0017121999999999999,-0.0010739999999999999,-0.0036417999999999997,0.0060945999999999995,-0.00058979999999999981,-0.00044300000000000003,0.0055344000000000001,0.0031869999999999997,-0.0034892,0.0029379999999999996,0.00028140000000000023,0.00023579999999999999,0.0010773999999999998,0.000116,0.0082444000000000007,-0.010721400000000001,0.006241,-0.0058577999999999998,-0.017119200000000001,0.00053860000000000019,0.0019525999999999999,-0.0017929999999999999,-0.00023239999999999998,-0.0011948,-0.0013838000000000001,-0.0006598000000000001,-0.0024942000000000002,-0.00073419999999999996,0.00076480000000000005,-0.0013802000000000003,-0.0007897999999999999,0.0041868000000000001,-0.00059940000000000015,0.0028438000000000001,-0.0040997999999999998,-0.0021681999999999999,-0.0020588000000000004,0.0057732000000000009,0.00099720000000000017,-0.00011700000000000002,-0.0017514000000000004,-0.0024402,5.8400000000000118e-05,-0.0065442,0.0016914,0.0014187999999999998,-0.0017108,-0.0011344000000000003,0.0026226000000000001,-0.00039780000000000024,0.002568,0.0014825999999999999,0.0028159999999999999,-0.0022994000000000001,0.0013527999999999999,0.0044774000000000003,0.00013699999999999997,0.00044740000000000003,0.0043991999999999998,0.0034790000000000003,-0.005607,-0.0013828,-0.0028679999999999999,0.0016091999999999999,-0.0031171999999999997,0.0023256000000000001,-0.0027627999999999997,-0.00045180000000000009,0.00022220000000000009,6.8000000000001653e-06,-0.0050571999999999995,-0.0057180000000000009,0.0092758000000000007,-0.0018428000000000001,0.0016326000000000001,-0.0015700000000000002,0.0011036000000000002,0.00011000000000000007,-0.00064399999999999993,-0.0004102,0.0033965999999999996,-0.00082120000000000023,0.0013302000000000003,0.0021647999999999997,0.0040613999999999997,-4.3600000000000084e-05,-0.0010882000000000001,0.0021527999999999999,0.0017438,0.0010748000000000001,0.0011282,0.0022944000000000003,-0.0019112000000000001,0.0013732,-0.00023979999999999987,-0.00092560000000000016,-0.00081720000000000013,-0.0012829999999999999,0.0024978000000000001,-0.0020579999999999999,-0.0037743999999999994,-0.0032648,0.0014230000000000002,3.8999999999999972e-05,0.0011536000000000003,0.0015977999999999999,-0.00093199999999999999,-0.0021570000000000001,-0.0031530000000000004,-0.0021408,-0.0021457999999999998,0.00035819999999999992,0.00062479999999999979,0.0016472000000000001,0.0024581999999999998,0.00088299999999999989,-0.0010444,0.0010392000000000001,0.0029950000000000003,0.002415,-0.00094979999999999999,0.0038893999999999999,0.0046639999999999997,-0.00081439999999999985,-0.0021220000000000002,-0.0028678000000000002,-0.0021241999999999997,0.0042665999999999997,0.0050778000000000004,0.00022080000000000016,0.0018827999999999998,-0.0017071999999999999,-0.00063239999999999998,-0.0010920000000000001,-0.0015127999999999999,0.0086155999999999993,0.0021032000000000004,0.0034628000000000003,0.010632999999999998,-0.0020949999999999996,-0.0015212000000000001,0.0004862,0.0013486000000000001,-0.0010070000000000001,0.00099479999999999968,-0.0020078000000000001,-2.5200000000000016e-05,-0.0015056,0.0012202000000000003,-3.9200000000000058e-05,0.0017732000000000002,-0.00060000000000000006,-0.00065420000000000018,0.0016614000000000002,0.00061359999999999995,-0.0014350000000000001,-0.0015024000000000001,-0.00077879999999999996,0.0014116000000000001,0.0001395999999999999,-0.0015200000000000003,0.0023457999999999999,0.00082100000000000022,0.00094539999999999989,0.00045279999999999995,-0.00070680000000000005,3.6600000000000022e-05,0.0008342,0.001217,0.0011419999999999998,0.0013828,-0.00035599999999999993,0.0012952,0.0022696000000000005,-0.00061340000000000016,-0.0023160000000000004,0.0012694,-0.0027810000000000001,0.00074339999999999975,0.0019264000000000004,-0.0035371999999999999,-0.00051079999999999984,-0.0040954000000000008,0.00030299999999999999,-0.0020516000000000002,-0.0023622000000000001,-0.00056399999999999994,0.0034248000000000004,-0.0023259999999999999,0.00075780000000000021,-0.0030439999999999998,0.00090760000000000005,0.0024694000000000001,-0.0011039999999999999,0.0044746000000000005,0.00068960000000000007,3.3400000000000053e-05,-0.0031946000000000001,0.0041488000000000002,-0.00018780000000000012,0.0044835999999999999,-0.0018518000000000002,0.0017614,0.00075960000000000047,-0.0056990000000000009,0.003107,-0.0058218000000000002,-0.0011865999999999999,-0.00036919999999999987,0.00026340000000000001,0.0013364,-0.0025400000000000002,-0.00023520000000000002,0.00078399999999999997,0.00041000000000000005,0.0010487999999999999,4.8400000000000038e-05,0.00067239999999999997,0.00093080000000000007,0.00042419999999999985,0.0010270000000000001,-0.0019244000000000002,-0.0023406,0.0013441999999999998,0.0012908000000000002,0.00064120000000000008,0.00025000000000000001,-0.0017694,1.3599999999999951e-05,-0.0012293999999999999,-0.00066000000000000021,-0.0010686000000000003,-0.00031920000000000006,0.00010919999999999984,-0.0018656,-0.00043440000000000015,0.00022800000000000012,-0.00062000000000000011,-0.00080220000000000009,0.00012680000000000002,-0.00016540000000000006,-0.00026679999999999998,0.00053959999999999989,-0.00061819999999999996,0.00038960000000000015,0.00055840000000000002,0.00077059999999999987,-0.00078899999999999999,-0.0014486000000000002,0.0004818,0.0015688000000000002,0.00040319999999999999,-0.00027700000000000007,0.00096160000000000017,0.0018251999999999999,-0.002209,-0.00023259999999999996,-2.0199999999999922e-05,-0.0018004000000000002,0.0021015999999999999,0.0006917999999999999,0.00078700000000000005,-0.0014734000000000004,0.00037540000000000002,-0.00031540000000000002,-0.00068179999999999988,-0.0014319999999999999,-0.00031679999999999995,0.0018136000000000001,-0.0020562000000000002,0.0025582000000000001,0.0011210000000000003,-0.0030652000000000001,0.0016746,0.00042160000000000016,-0.0019029999999999997,0.0018503999999999999,0.0020152,0.0028041999999999997,-0.0012554,0.00061200000000000013,0.0040030000000000005,-0.0031193999999999996,-3.4399999999999969e-05
aug_between_class_right_pair0048_child05,TLE,1,1,Augmented,0,0,0,0,0,0.28365059999999997,1.8509218000000001,1.9999999999999999e-06,-5.9999999999999997e-07,9.9999999999999995e-07,0.85797619999999997,0,0.053070600000000002,-0.15120719999999999,0.0143444,0.10119259999999999,-0.072638599999999998,0.0566604,0.0033890000000000014,-0.00013520000000000025,-0.034151600000000004,-0.110623,0.3436266,-0.050051599999999995,-0.0070980000000000001,0.099352799999999991,-0.021599200000000002,-0.017748400000000001,0.0034424000000000004,-0.046673199999999998,0.026234799999999999,0.042533799999999997,-0.031976400000000002,0.0111614,-0.075975000000000001,0.016847399999999998,0.042566,-0.010286399999999999,0.0096168000000000017,0.0081050000000000011,-0.046793799999999997,0.046422600000000001,-0.030530199999999997,-0.093911800000000017,0.079339199999999999,-0.074965799999999999,0.17116819999999999,-0.035410800000000006,0.0086534000000000003,2.9999999999999645e-05,-0.0016515999999999996,-0.019976799999999999,0.0081929999999999989,0.023958400000000001,-0.00027680000000000022,-0.013415200000000002,-0.017472399999999999,-0.022759399999999999,0.014460799999999999,0.024247600000000001,0.012366599999999998,0.019854200000000002,-0.010425,0.001513,0.015019599999999999,-0.038989799999999998,-0.0072965999999999986,0.0097727999999999999,-0.0066223999999999988,0.032739600000000001,-0.064486399999999999,-0.0093381999999999996,-0.0128792,-0.041820800000000005,0.018457000000000001,0.0011455999999999994,-0.0019663999999999997,0.0089663999999999994,0.015247400000000001,0.00037960000000000055,-0.013373599999999999,0.0023302000000000002,0.0017619999999999997,-0.0050771999999999996,0.0044809999999999997,-0.0043747999999999981,-0.0071900000000000002,0.0056950000000000004,0.0045734,0.0012990000000000024,-0.016877400000000001,-0.0089382000000000003,0.0182492,-0.00027720000000000002,-0.0012718000000000009,-0.012335,-0.012077399999999999,0.0073852000000000006,-0.010217,0.0012437999999999998,0.011798400000000001,-0.0076044000000000007,0.009116599999999999,0.0080251999999999997,-0.0059613999999999986,0.0078496000000000017,-0.014721399999999999,0.0047452000000000006,0.00062060000000000012,-0.0017389999999999999,-0.0028918000000000004,0.011737600000000001,-0.0035751999999999997,-0.0021268000000000003,0.0002184,0.0101516,-0.00047459999999999994,-0.0096411999999999991,0.0024635999999999998,0.0085193999999999999,0.0047445999999999999,0.0048196000000000003,0.0083733999999999996,-0.0042818000000000005,0.00016839999999999997,-0.0133122,0.0107028,-0.0043884000000000006,-0.0099783999999999984,0.016148999999999997,0.00086739999999999994,0.0023127999999999998,-0.0034210000000000004,-0.0043385999999999997,0.005082999999999999,0.012052200000000001,-0.0015807999999999998,0.0043635999999999996,-0.0091113999999999987,-0.0067203999999999996,-0.0039109999999999995,-0.0181604,0.0093524000000000003,0.00091079999999999991,0.0063157999999999999,0.0071834000000000012,0.0047208000000000007,-0.00030159999999999996,0.0014759999999999999,0.0015260000000000002,0.0027323999999999998,0.0034675999999999995,-0.0057444000000000002,0.0011618000000000002,-0.0039934000000000002,0.0012136,0.0022326000000000004,0.0053303999999999999,0.0049236000000000002,-0.0008786,-0.0024970000000000001,-0.0046565999999999995,-0.0048181999999999999,-0.0021734000000000002,-0.0018748000000000003,-0.0057994000000000006,0.0057898000000000003,-0.0017521999999999993,0.00070619999999999993,-0.0011268000000000003,-0.0038422000000000005,-0.0056090000000000003,-0.0035090000000000004,-0.0042813999999999994,0.0050638000000000002,0.008055399999999999,0.0001910000000000002,0.011834600000000001,-0.0057153999999999998,0.0032946,0.0055327999999999992,0.0021646,0.0016872,0.010005799999999999,-0.0028560000000000005,-0.00050379999999999999,-0.0078715999999999994,-0.0069070000000000025,0.0012206000000000001,-0.019426800000000001,0.007996399999999999,0.00083279999999999964,0.00053939999999999978,0.0012543999999999999,-0.0021267999999999999,-0.0044557999999999993,0.0020737999999999998,0.0025852000000000002,0.0010456,-0.0059285999999999991,0.0015724000000000003,0.0016628000000000001,-0.0021272000000000001,0.0005352,-0.0014928000000000003,-0.0018756000000000003,-0.0016863999999999994,0.0012526000000000002,0.00042000000000000007,0.0011493999999999996,-0.003529,-0.00050639999999999973,-0.0003258,-0.0025492000000000002,-0.0047521999999999998,0.0052464,0.0028376,-0.0019109999999999999,-0.0021158000000000001,-0.00044060000000000019,-0.00084540000000000017,0.0015546000000000002,-0.0001158000000000001,-0.00063059999999999993,-0.00116,-0.0026654000000000001,0.0061078,-0.00087539999999999992,-0.00092299999999999999,0.0049231999999999991,0.0058629999999999993,-0.0040816000000000003,0.0025039999999999997,0.0022181999999999996,0.00075339999999999999,0.00098219999999999991,-0.00022599999999999986,0.0098011999999999995,-0.0097762000000000005,0.005705,-0.0054533999999999997,-0.014719599999999998,-0.0006682000000000003,0.0021018,-0.0010089999999999999,-0.0014371999999999996,-0.00096040000000000003,-0.0016634,-0.00040340000000000005,-0.0027786,0.00041140000000000008,0.0013683999999999997,-0.0017086000000000002,-0.0012933999999999999,0.0036464000000000002,0.00012379999999999992,0.0017634,-0.0025133999999999998,-0.0011766000000000001,-0.0025583999999999997,0.0054535999999999994,0.0010155999999999997,-0.00048500000000000008,-0.0014461999999999999,5.1400000000000057e-05,-0.0011367999999999997,-0.0064946000000000005,-0.0010738,0.0002063999999999996,-0.0011263999999999998,0.00027279999999999985,0.0018917999999999999,-0.0011594000000000003,0.0034099999999999998,0.00099979999999999991,-0.00063599999999999941,-0.0019222000000000002,0.00033440000000000011,0.0042821999999999999,1.0000000000000243e-06,0.0014822000000000001,0.0038035999999999999,0.0024190000000000001,-0.003395,-0.0017104000000000002,-0.00051000000000000047,0.00010959999999999963,-0.0017136,-0.0016271999999999994,-0.0016844,0.0018506,-7.7400000000000038e-05,0.0017504,-0.0015576000000000006,-0.00097400000000000091,0.0098673999999999984,-0.0022783999999999999,0.0031638,-0.0032360000000000002,0.0019567999999999999,0.00019999999999999998,6.9999999999999994e-05,0.00080340000000000012,0.0024418,-0.0015035999999999999,0.0014186000000000001,0.0017963999999999999,0.0031922000000000001,6.5199999999999959e-05,-0.0010286000000000002,0.0022443999999999997,0.00067340000000000021,0.00058040000000000001,0.0014566,0.00099920000000000022,-0.0020676000000000002,0.00099559999999999991,-7.7400000000000038e-05,-0.00048080000000000003,8.839999999999998e-05,-0.0012030000000000001,0.0016734000000000002,-0.00048799999999999983,-0.0020231999999999997,-0.0018124,0.0021150000000000001,0.00019099999999999998,0.0020768000000000002,0.00032339999999999995,-0.001266,-0.0032669999999999999,-0.0012130000000000003,-0.0014044000000000001,-0.0010594000000000001,-0.00022340000000000006,-2.1600000000000091e-05,0.0019156000000000002,0.00096260000000000009,-2.7000000000000114e-05,-0.00080320000000000001,-0.00040439999999999986,0.0031110000000000001,0.0021050000000000001,-0.0017314000000000001,0.0050362000000000002,0.0027040000000000002,-0.0020651999999999997,-0.00034600000000000017,-0.0019053999999999998,-0.00076860000000000036,0.0022377999999999999,0.0036213999999999999,0.0018903999999999993,0.00047439999999999982,-0.0011376000000000001,0.00043879999999999993,-0.0016360000000000001,-0.0040483999999999997,0.0057327999999999997,0.0018035999999999996,0.0044943999999999991,0.010395,-0.00035300000000000002,-0.0012815999999999999,0.00021259999999999996,0.00059380000000000012,-0.00071100000000000015,0.0011483999999999999,-0.00043339999999999991,0.00042239999999999991,-0.00070080000000000012,0.00086660000000000014,-0.00064160000000000009,0.0013516000000000001,-0.00039200000000000004,-0.00046260000000000008,0.0010602000000000001,0.0013067999999999999,-0.00069500000000000009,-0.00048320000000000004,-0.0010143999999999999,0.0010548000000000001,-0.0011831999999999997,-0.0017520000000000001,0.0025233999999999999,0.0026370000000000005,0.0012041999999999999,0.00067439999999999991,-0.00052039999999999996,0.00036779999999999994,0.00017260000000000018,0.0017549999999999998,0.001026,0.0016723999999999997,-0.0011539999999999999,0.00041559999999999996,0.0012008000000000001,-0.00071420000000000001,-0.0016980000000000003,-0.00069179999999999979,-0.0013370000000000001,0.0017041999999999999,0.0009272000000000002,-0.0029396000000000001,-0.00028639999999999991,-0.0046322000000000012,0.00040499999999999998,-0.0019628000000000002,-0.00074660000000000004,0.00053200000000000014,0.0023744000000000005,-0.00067599999999999995,0.00025940000000000007,-0.0021280000000000001,0.0010547999999999998,0.00097820000000000003,-0.0015820000000000001,0.0045417999999999995,0.00090880000000000008,0.00061220000000000014,-0.0030458,0.0015944000000000004,8.8599999999999877e-05,0.0029808,-0.0013634000000000001,0.0021702000000000002,-0.0009511999999999997,-0.0039030000000000002,0.0029629999999999995,-0.0074333999999999997,0.0018781999999999998,-0.00015759999999999993,-2.9799999999999965e-05,0.00071919999999999992,-0.0019859999999999999,0.00031239999999999995,0.00099799999999999997,-0.00082799999999999996,0.0012363999999999997,4.7200000000000009e-05,0.00016320000000000001,0.0014164,-0.00024140000000000009,0.0011130000000000001,-0.0032791999999999999,-0.0015578,0.00079659999999999996,0.00059440000000000003,0.00047160000000000008,-0.00030600000000000007,-0.0019862000000000005,0.00044480000000000002,-0.0007141999999999999,-0.0007980000000000001,-0.00057780000000000006,-0.0011956000000000002,0.00070760000000000007,-0.0017828,1.6799999999999975e-05,0.0014820000000000002,-0.00059000000000000003,-0.0016245999999999999,0.00040639999999999996,-0.0012262,-1.8400000000000014e-05,0.0013407999999999996,-0.0011466,0.0014788000000000002,0.0015931999999999999,-0.00040420000000000007,-0.001653,-0.0030958000000000001,0.0002314000000000001,0.0031883999999999997,-9.6399999999999958e-05,7.499999999999998e-05,0.0017868000000000001,0.0006335999999999999,-0.0011250000000000001,-0.00089379999999999993,-0.00098859999999999985,-0.00087720000000000007,0.0025868000000000002,-0.00022460000000000015,0.0007130000000000002,-0.0020721999999999997,-0.0010437999999999999,-0.00045419999999999998,-0.00096939999999999993,-0.00010800000000000002,-0.00092439999999999992,0.0013388,-0.0016306000000000003,0.00051860000000000014,0.0008690000000000002,-0.0022996000000000002,0.00091179999999999972,-6.319999999999991e-05,-0.00020299999999999995,0.0017972000000000001,0.0015775999999999997,0.0013866,-0.00076620000000000008,4.0000000000000024e-05,0.003503,-0.0012481999999999999,0.0010728000000000001
aug_between_class_right_pair0048_child06,TLE,1,1,Augmented,0,0,0,0,0,0.28001870000000001,1.8576496,1.9999999999999999e-06,-6.9999999999999986e-07,9.9999999999999995e-07,0.85511090000000001,0,0.053750199999999998,-0.1535649,0.010651300000000002,0.1046647,-0.07794319999999999,0.055666800000000002,0.00061950000000000134,-0.0020679000000000001,-0.035603200000000002,-0.1123005,0.3419952,-0.045436199999999996,-0.0075385000000000001,0.1013146,-0.023769400000000003,-0.018148299999999999,0.0046938000000000014,-0.0458859,0.027273099999999998,0.041081099999999995,-0.031159800000000001,0.010816299999999999,-0.075754000000000002,0.0158348,0.042668499999999998,-0.0093188000000000003,0.0091100999999999994,0.0062050000000000004,-0.049103099999999997,0.045744699999999999,-0.031751399999999999,-0.097435599999999997,0.077419399999999999,-0.07727210000000001,0.1712629,-0.032919100000000007,0.0083188000000000012,0.00027349999999999987,-0.0016911999999999995,-0.020518099999999997,0.0098549999999999992,0.024554300000000001,0.00053639999999999981,-0.013568900000000002,-0.0174793,-0.022389300000000001,0.0153486,0.0242857,0.012952200000000001,0.019150900000000002,-0.010949499999999999,0.00069350000000000011,0.015481199999999999,-0.036677600000000005,-0.0082466999999999992,0.0110361,-0.0079942999999999993,0.033484199999999999,-0.067150799999999997,-0.0116784,-0.0145174,-0.042054599999999998,0.017626000000000003,0.0016911999999999995,-0.0022287999999999995,0.0084452999999999993,0.0161478,-0.00027979999999999932,-0.0141662,0.001708900000000001,0.0013305000000000001,-0.0054263999999999996,0.0047689999999999989,-0.005148599999999998,-0.0061595000000000018,0.0066169999999999996,0.0042578000000000008,-0.00011799999999999745,-0.018311300000000003,-0.0080643999999999993,0.0176539,0.00080160000000000127,-0.0014571000000000002,-0.012245499999999999,-0.012975299999999999,0.0083788999999999999,-0.0095445000000000009,0.0011675999999999995,0.012651299999999999,-0.0057818000000000001,0.012092199999999999,0.007462400000000001,-0.0070037999999999993,0.0062497000000000004,-0.016787299999999998,0.0049334000000000001,0.00040820000000000016,-0.0017304999999999998,-0.0022636000000000002,0.012029700000000001,-0.0039683999999999995,-0.0012786000000000004,0.00012680000000000015,0.0103777,0.00045279999999999973,-0.0099218999999999991,0.0024536999999999996,0.0083667999999999989,0.0046892000000000001,0.0045577000000000005,0.0080663000000000002,-0.0040226000000000003,-0.00032720000000000015,-0.013383900000000001,0.0106941,-0.0044098000000000002,-0.0099952999999999986,0.016648999999999997,0.00078580000000000013,0.0010846,-0.0033309999999999998,-0.0037637,0.004496,0.0123874,-0.0011691000000000002,0.0043051999999999995,-0.0092357999999999989,-0.0066327999999999995,-0.004341499999999999,-0.019874300000000001,0.0096723,0.0011860999999999998,0.006898099999999999,0.0061438000000000013,0.0048946000000000007,-0.00044919999999999991,0.0016044999999999998,0.0014420000000000001,0.0024688000000000002,0.0042106999999999995,-0.0060993000000000002,0.00093560000000000019,-0.0040948,0.00084420000000000003,0.0018647000000000002,0.0054498000000000003,0.0050296999999999998,-0.00066970000000000018,-0.0021264999999999999,-0.0039551999999999999,-0.0052058999999999994,-0.0018348000000000001,-0.0023610999999999997,-0.0057042999999999998,0.0055466000000000005,-0.0018784000000000001,0.00081689999999999985,-0.00086560000000000022,-0.0032784000000000008,-0.0056969999999999998,-0.0031475000000000001,-0.0036753000000000003,0.0050006000000000009,0.0072423000000000001,-0.00034550000000000032,0.0114807,-0.0060177999999999994,0.0031102,0.0056110999999999999,0.0023611999999999999,0.0022718999999999999,0.010648099999999999,-0.0028610000000000003,-0.00089459999999999995,-0.0082191999999999994,-0.0059630000000000013,0.00059820000000000045,-0.019860599999999999,0.0084518000000000006,0.0015800999999999999,0.00074429999999999982,0.0013217999999999999,-0.0021930999999999999,-0.0048301000000000004,0.0022155999999999999,0.0028934,0.0010261999999999999,-0.0059781999999999995,0.0017703000000000003,0.0018886,-0.0022509000000000001,0.00035090000000000007,-0.0017210999999999997,-0.0021506999999999997,-0.0026372999999999995,0.0016161999999999999,0.00013800000000000018,0.0015307999999999997,-0.0036294999999999999,-0.00099379999999999954,-0.00013660000000000018,-0.0029559,-0.0049384000000000008,0.0054197999999999998,0.0023547000000000004,-0.0020049999999999998,-0.0022396000000000004,-0.00089420000000000038,-0.00022330000000000044,0.0015931999999999999,0.0002723999999999999,-0.00036020000000000008,-0.0011814999999999998,-0.0024212999999999999,0.0061110999999999995,-0.00094680000000000003,-0.0010429999999999999,0.0047703999999999993,0.0065319999999999996,-0.0042297000000000003,0.0023954999999999996,0.0027023999999999998,0.00088279999999999999,0.00095839999999999999,-0.00031149999999999993,0.010190399999999999,-0.0095399000000000005,0.0055709999999999996,-0.0053522999999999999,-0.014119700000000001,-0.0009699000000000001,0.0021391000000000001,-0.00081299999999999992,-0.0017383999999999998,-0.00090180000000000002,-0.0017333000000000001,-0.00033930000000000001,-0.0028496999999999997,0.00069780000000000016,0.0015192999999999999,-0.0017907000000000001,-0.0014192999999999999,0.0035112999999999998,0.00030459999999999992,0.0014933000000000001,-0.0021168000000000003,-0.00092870000000000008,-0.0026832999999999996,0.0053737000000000004,0.0010201999999999998,-0.00057700000000000015,-0.0013699000000000001,0.00067429999999999964,-0.0014355999999999993,-0.0064822000000000005,-0.0017650999999999997,-9.6700000000000128e-05,-0.00098029999999999992,0.00062459999999999989,0.0017091000000000003,-0.0013498000000000002,0.0036204999999999996,0.00087910000000000017,-0.001498999999999999,-0.0018278999999999999,7.9799999999999988e-05,0.0042334,-3.2999999999999935e-05,0.0017409000000000003,0.0036546999999999999,0.0021540000000000001,-0.0028420000000000003,-0.0017923000000000001,7.949999999999971e-05,-0.0002653,-0.0013627000000000001,-0.0026153999999999995,-0.0014147999999999999,0.0024261999999999995,-0.00015230000000000018,0.0021863,-0.00068270000000000049,0.0002119999999999993,0.0100153,-0.0023872999999999993,0.0035466000000000004,-0.0036524999999999995,0.0021700999999999999,0.00022250000000000004,0.00024849999999999986,0.0011068,0.0022030999999999999,-0.0016742,0.0014407000000000003,0.0017043,0.0029748999999999999,9.2399999999999969e-05,-0.0010137000000000002,0.0022672999999999999,0.00040580000000000016,0.00045680000000000004,0.0015386999999999998,0.00067540000000000026,-0.0021067000000000004,0.00090119999999999979,-3.6800000000000027e-05,-0.00036959999999999993,0.00031480000000000006,-0.001183,0.0014672999999999999,-9.5499999999999665e-05,-0.0015854,-0.0014493000000000002,0.0022880000000000001,0.00022899999999999993,0.0023075999999999999,4.8000000000000625e-06,-0.0013495,-0.0035444999999999999,-0.00072800000000000046,-0.0012203000000000001,-0.00078780000000000007,-0.00036879999999999997,-0.00018319999999999995,0.0019827000000000004,0.00058870000000000016,-0.00025449999999999995,-0.00074290000000000001,-0.00076529999999999936,0.0031399999999999996,0.0020275000000000002,-0.0019268000000000002,0.0053229000000000002,0.0022140000000000003,-0.0023778999999999996,9.7999999999999753e-05,-0.0016648000000000001,-0.00042970000000000031,0.0017306000000000001,0.0032573000000000003,0.0023077999999999996,0.00012229999999999967,-0.00099520000000000012,0.00070659999999999983,-0.0017720000000000001,-0.0046822999999999995,0.0050121000000000002,0.0017286999999999999,0.0047522999999999992,0.010335499999999999,8.2500000000000108e-05,-0.0012216999999999998,0.00014419999999999998,0.00040510000000000014,-0.00063700000000000009,0.0011868,-3.9799999999999992e-05,0.00053429999999999992,-0.00049960000000000011,0.00077820000000000016,-0.00079220000000000007,0.0012462,-0.00034000000000000002,-0.00041469999999999994,0.00090990000000000016,0.0014800999999999998,-0.00051000000000000025,-0.00022840000000000008,-0.0010732999999999999,0.00096560000000000005,-0.0015138999999999997,-0.00181,0.0025677999999999999,0.003091,0.0012688999999999999,0.00072979999999999985,-0.00047379999999999997,0.0004506,7.200000000000175e-06,0.0018894999999999999,0.00099700000000000006,0.0017447999999999999,-0.0013534999999999999,0.00019570000000000015,0.00093360000000000014,-0.00073939999999999976,-0.0015435000000000002,-0.0011820999999999997,-0.0009760000000000002,0.0019443999999999998,0.00067740000000000009,-0.0027902000000000001,-0.00023029999999999991,-0.0047663999999999996,0.0004305,-0.0019406,-0.00034270000000000025,0.00080600000000000008,0.0021118000000000005,-0.00026349999999999995,0.00013480000000000008,-0.0018990000000000001,0.0010915999999999999,0.0006054000000000003,-0.0017015000000000001,0.0045586000000000003,0.0009636,0.00075690000000000013,-0.0030085999999999997,0.00095580000000000036,0.00015769999999999977,0.0026051,-0.0012413000000000001,0.0022723999999999999,-0.0013788999999999997,-0.0034540000000000005,0.0029269999999999999,-0.0078362999999999992,0.0026443999999999994,-0.00010469999999999989,-0.0001030999999999999,0.00056490000000000012,-0.0018474999999999998,0.00044929999999999986,0.0010514999999999999,-0.0011374999999999998,0.0012832999999999998,4.6900000000000002e-05,3.5900000000000168e-05,0.0015377999999999998,-0.00040779999999999999,0.0011345000000000001,-0.0036178999999999994,-0.0013621,0.00065970000000000004,0.00042030000000000013,0.00042920000000000002,-0.00044500000000000008,-0.0020403999999999999,0.00055259999999999999,-0.00058540000000000003,-0.00083250000000000012,-0.00045510000000000017,-0.0014147000000000001,0.00085720000000000002,-0.0017621,0.0001295999999999999,0.0017955000000000002,-0.00058250000000000012,-0.0018301999999999999,0.00047630000000000003,-0.0014913999999999999,4.3700000000000032e-05,0.0015410999999999997,-0.0012787,0.0017510999999999998,0.0018518999999999999,-0.0006979,-0.0018689999999999998,-0.0035076000000000005,0.00016880000000000004,0.0035932999999999989,-0.0002212999999999999,0.00016299999999999995,0.0019931000000000003,0.00033569999999999997,-0.00085400000000000016,-0.0010590999999999999,-0.0012306999999999999,-0.0006464000000000001,0.0027080999999999997,-0.00045370000000000002,0.00069450000000000035,-0.0022219000000000006,-0.0013985999999999996,-0.00048890000000000001,-0.0010413000000000002,0.00022299999999999989,-0.0010763000000000001,0.0012201,-0.0015242000000000001,8.7000000000001573e-06,0.00080600000000000008,-0.0021082000000000002,0.00072110000000000013,-0.00018439999999999993,0.00022199999999999998,0.0017839000000000002,0.0014681999999999998,0.0010322,-0.0006439000000000002,-0.00010299999999999996,0.0033779999999999999,-0.0007804000000000001,0.0013496000000000001
aug_between_class_right_pair0048_child07,TLE,1,1,Augmented,0,0,0,0,0,0.27638679999999999,1.8643774,1.9999999999999999e-06,-7.9999999999999996e-07,9.9999999999999995e-07,0.85224560000000005,0,0.0544298,-0.15592259999999999,0.0069581999999999977,0.10813680000000001,-0.083247799999999997,0.054673199999999991,-0.0021500000000000013,-0.0040006000000000009,-0.037054799999999999,-0.11397800000000001,0.34036379999999999,-0.040820799999999997,-0.007979,0.1032764,-0.025939600000000011,-0.018548200000000001,0.0059452000000000012,-0.045098600000000003,0.0283114,0.039628399999999994,-0.030343200000000001,0.0104712,-0.075533000000000003,0.014822199999999999,0.042771000000000003,-0.0083511999999999979,0.0086034000000000006,0.0043049999999999998,-0.051412399999999997,0.045066799999999997,-0.032972600000000005,-0.1009594,0.0754996,-0.079578399999999994,0.1713576,-0.0304274,0.0079842000000000003,0.0005170000000000001,-0.0017307999999999994,-0.021059399999999999,0.011516999999999999,0.025150199999999998,0.0013496000000000007,-0.013722600000000001,-0.0174862,-0.022019199999999999,0.016236400000000002,0.0243238,0.013537800000000001,0.018447600000000001,-0.011474,-0.00012600000000000046,0.0159428,-0.034365399999999997,-0.0091967999999999998,0.012299400000000002,-0.0093661999999999999,0.034228799999999997,-0.069815200000000008,-0.014018600000000003,-0.016155600000000003,-0.042288400000000004,0.016795000000000001,0.0022368000000000002,-0.0024912000000000003,0.0079241999999999993,0.017048200000000003,-0.00093919999999999984,-0.0149588,0.0010875999999999993,0.00089899999999999963,-0.0057756000000000005,0.0050569999999999999,-0.0059223999999999995,-0.0051289999999999999,0.0075390000000000006,0.0039421999999999999,-0.0015349999999999999,-0.019745200000000001,-0.0071905999999999992,0.0170586,0.0018804000000000026,-0.0016424000000000005,-0.012156,-0.0138732,0.0093726000000000018,-0.0088719999999999997,0.0010913999999999993,0.013504200000000001,-0.0039592000000000013,0.015067800000000003,0.0068996000000000005,-0.0080461999999999999,0.0046497999999999991,-0.018853200000000001,0.0051216000000000005,0.00019579999999999988,-0.001722,-0.0016354000000000004,0.012321800000000001,-0.0043616000000000002,-0.00043039999999999962,3.5200000000000097e-05,0.0106038,0.0013802000000000003,-0.010202599999999999,0.0024437999999999994,0.0082141999999999996,0.0046338000000000004,0.0042958000000000007,0.0077592,-0.0037634000000000001,-0.00082279999999999897,-0.013455599999999998,0.010685400000000001,-0.0044311999999999997,-0.010012199999999999,0.017148999999999998,0.00070419999999999988,-0.00014360000000000024,-0.0032409999999999991,-0.0031887999999999994,0.0039089999999999993,0.012722600000000002,-0.00075739999999999965,0.0042468000000000002,-0.0093601999999999991,-0.0065451999999999993,-0.0047720000000000002,-0.021588200000000002,0.0099921999999999997,0.0014614000000000003,0.0074803999999999999,0.0051041999999999997,0.0050683999999999998,-0.00059680000000000009,0.0017330000000000002,0.001358,0.0022052,0.0049538000000000013,-0.0064542000000000002,0.0007094,-0.0041962000000000006,0.00047479999999999983,0.0014968,0.0055692000000000007,0.0051358000000000011,-0.00046079999999999992,-0.0017559999999999997,-0.0032537999999999994,-0.0055936000000000007,-0.0014961999999999998,-0.0028474000000000008,-0.0056091999999999999,0.0053033999999999998,-0.0020045999999999992,0.0009276000000000001,-0.00060440000000000016,-0.0027146000000000002,-0.0057850000000000002,-0.0027860000000000003,-0.0030692000000000002,0.0049373999999999998,0.0064291999999999995,-0.00088200000000000084,0.011126799999999999,-0.0063201999999999998,0.0029258000000000001,0.0056893999999999998,0.0025578000000000003,0.0028566000000000004,0.011290399999999999,-0.0028660000000000001,-0.0012853999999999997,-0.0085667999999999994,-0.005019,-2.4200000000000263e-05,-0.020294400000000001,0.0089072000000000005,0.0023274000000000003,0.0009492000000000003,0.0013891999999999999,-0.0022594,-0.0052044000000000005,0.0023573999999999999,0.0032016000000000006,0.0010068,-0.0060277999999999998,0.0019682000000000002,0.0021144000000000002,-0.0023746000000000001,0.00016659999999999993,-0.0019494000000000004,-0.0024257999999999997,-0.0035882000000000006,0.0019797999999999999,-0.00014400000000000011,0.0019122,-0.0037299999999999998,-0.0014812000000000002,5.2600000000000303e-05,-0.0033626000000000003,-0.0051246,0.0055931999999999996,0.0018718000000000001,-0.0020990000000000002,-0.0023633999999999999,-0.0013478000000000006,0.00039880000000000026,0.0016318000000000001,0.00066060000000000012,-8.9799999999999906e-05,-0.0012030000000000001,-0.0021771999999999998,0.0061143999999999999,-0.0010181999999999999,-0.001163,0.0046175999999999995,0.0072010000000000008,-0.0043778000000000003,0.002287,0.0031865999999999999,0.0010122,0.00093459999999999995,-0.00039700000000000011,0.0105796,-0.0093036000000000004,0.005437,-0.0052511999999999993,-0.0135198,-0.0012716000000000003,0.0021763999999999998,-0.00061699999999999993,-0.0020395999999999999,-0.0008432,-0.0018032,-0.00027519999999999997,-0.0029207999999999999,0.0009842000000000004,0.0016701999999999997,-0.0018728000000000004,-0.0015452000000000003,0.0033761999999999998,0.00048539999999999998,0.0012231999999999998,-0.0017201999999999999,-0.00068079999999999996,-0.0028081999999999998,0.0052937999999999995,0.0010248000000000002,-0.00066900000000000011,-0.0012936,0.0012972000000000005,-0.0017344000000000003,-0.0064697999999999995,-0.0024564000000000001,-0.00039980000000000029,-0.00083420000000000022,0.00097640000000000021,0.0015263999999999998,-0.0015402,0.0038309999999999998,0.0007584,-0.0023620000000000004,-0.0017336000000000001,-0.00017480000000000013,0.0041846000000000001,-6.7000000000000002e-05,0.0019996000000000002,0.0035057999999999999,0.0018889999999999998,-0.0022889999999999994,-0.0018741999999999999,0.00066899999999999989,-0.00064020000000000092,-0.0010117999999999998,-0.0036036000000000002,-0.0011451999999999996,0.0030017999999999998,-0.00022720000000000032,0.0026222000000000003,0.00019220000000000044,0.0013980000000000004,0.010163200000000001,-0.0024961999999999996,0.0039294000000000004,-0.0040690000000000006,0.0023833999999999999,0.0002450000000000001,0.00042700000000000002,0.0014102000000000003,0.0019643999999999998,-0.0018448000000000004,0.0014628000000000004,0.0016122,0.0027575999999999998,0.00011959999999999998,-0.00099879999999999977,0.0022902,0.00013819999999999984,0.00033319999999999997,0.0016207999999999997,0.00035160000000000004,-0.0021457999999999998,0.00080679999999999999,3.7999999999999839e-06,-0.00025839999999999994,0.00054120000000000014,-0.001163,0.0012611999999999999,0.00029700000000000039,-0.0011475999999999997,-0.0010861999999999998,0.0024610000000000001,0.00026699999999999998,0.0025384000000000001,-0.00031380000000000015,-0.001433,-0.0038219999999999999,-0.00024299999999999973,-0.0010361999999999999,-0.00051619999999999965,-0.00051420000000000014,-0.00034480000000000009,0.0020498000000000001,0.0002147999999999998,-0.00048200000000000011,-0.0006826,-0.0011261999999999999,0.0031689999999999999,0.0019499999999999997,-0.0021222000000000003,0.0056096000000000002,0.0017239999999999998,-0.0026905999999999996,0.00054200000000000027,-0.0014242,-9.0799999999999822e-05,0.0012233999999999997,0.0028931999999999994,0.0027251999999999997,-0.00022980000000000006,-0.00085280000000000002,0.00097439999999999994,-0.0019080000000000002,-0.0053161999999999992,0.004291399999999999,0.0016537999999999998,0.0050102000000000002,0.010276,0.00051800000000000023,-0.0011617999999999999,7.5799999999999999e-05,0.00021639999999999984,-0.00056300000000000002,0.0012252000000000001,0.00035380000000000036,0.00064619999999999999,-0.00029839999999999988,0.00068979999999999996,-0.00094280000000000047,0.0011408000000000002,-0.00028800000000000001,-0.00036680000000000003,0.00075960000000000003,0.0016534000000000002,-0.00032499999999999999,2.64000000000001e-05,-0.0011322000000000001,0.00087640000000000005,-0.0018446000000000001,-0.0018680000000000001,0.0026121999999999999,0.0035450000000000008,0.0013336000000000003,0.0007852,-0.00042719999999999998,0.00053340000000000006,-0.00015819999999999983,0.0020239999999999998,0.000968,0.0018172000000000002,-0.0015530000000000001,-2.4200000000000155e-05,0.00066639999999999994,-0.00076459999999999994,-0.001389,-0.0016724000000000001,-0.00061499999999999988,0.0021846000000000001,0.00042759999999999999,-0.0026407999999999996,-0.00017419999999999979,-0.0049005999999999997,0.00045599999999999997,-0.0019184,6.1200000000000187e-05,0.0010800000000000002,0.0018492000000000003,0.00014900000000000048,1.0199999999999977e-05,-0.0016699999999999998,0.0011283999999999999,0.00023259999999999991,-0.0018210000000000001,0.0045753999999999994,0.0010184,0.00090160000000000034,-0.0029713999999999999,0.0003171999999999999,0.00022680000000000009,0.0022293999999999999,-0.0011192000000000001,0.0023746000000000001,-0.0018066,-0.0030049999999999999,0.0028909999999999995,-0.0082392000000000003,0.0034106000000000006,-5.179999999999985e-05,-0.00017640000000000006,0.0004105999999999999,-0.001709,0.00058620000000000005,0.0011049999999999999,-0.0014470000000000002,0.0013301999999999997,4.659999999999994e-05,-9.1400000000000053e-05,0.0016592,-0.00057420000000000008,0.0011559999999999999,-0.0039566000000000002,-0.0011663999999999997,0.00052279999999999991,0.00024619999999999991,0.00038679999999999997,-0.00058400000000000021,-0.0020946000000000003,0.00066040000000000011,-0.00045659999999999993,-0.00086700000000000015,-0.00033239999999999995,-0.0016337999999999999,0.0010068000000000002,-0.0017413999999999999,0.00024240000000000009,0.0021090000000000002,-0.00057499999999999999,-0.0020357999999999999,0.00054619999999999994,-0.0017566000000000001,0.00010580000000000008,0.0017413999999999997,-0.0014107999999999996,0.0020233999999999999,0.0021106000000000002,-0.00099160000000000025,-0.002085,-0.0039194,0.00010619999999999987,0.0039982000000000004,-0.00034620000000000007,0.00025100000000000008,0.0021994000000000007,3.7799999999999726e-05,-0.00058299999999999997,-0.0012244000000000001,-0.0014728,-0.00041559999999999986,0.0028294000000000001,-0.00068280000000000033,0.00067600000000000006,-0.0023715999999999997,-0.0017534,-0.00052360000000000004,-0.0011132,0.00055400000000000024,-0.0012282000000000003,0.0011013999999999998,-0.0014177999999999999,-0.00050120000000000004,0.00074299999999999995,-0.0019167999999999998,0.0005304000000000001,-0.00030560000000000006,0.00064700000000000022,0.0017705999999999998,0.0013587999999999999,0.00067779999999999967,-0.0005216000000000001,-0.00024600000000000012,0.0032529999999999998,-0.00031259999999999968,0.0016264000000000001
aug_between_class_right_pair0048_child08,TLE,1,1,Augmented,0,0,0,0,0,0.27275490000000002,1.8711052000000001,1.9999999999999999e-06,-8.9999999999999996e-07,9.9999999999999995e-07,0.84938029999999998,0,0.055109399999999996,-0.15828029999999998,0.0032650999999999999,0.11160890000000001,-0.088552400000000003,0.053679599999999994,-0.0049195000000000011,-0.0059333000000000007,-0.038506399999999996,-0.11565550000000001,0.33873239999999999,-0.036205399999999999,-0.0084194999999999999,0.1052382,-0.028109800000000001,-0.018948099999999999,0.0071966000000000009,-0.044311299999999998,0.029349699999999999,0.0381757,-0.0295266,0.010126100000000001,-0.075312000000000004,0.013809599999999998,0.042873500000000002,-0.0073836000000000006,0.0080967000000000001,0.0024050000000000009,-0.053721699999999997,0.044388900000000002,-0.034193800000000003,-0.1044832,0.073579800000000001,-0.081884700000000005,0.1714523,-0.027935700000000001,0.0076496000000000003,0.00076049999999999989,-0.0017704000000000001,-0.021600699999999997,0.013179,0.025746100000000001,0.0021627999999999999,-0.013876300000000001,-0.017493100000000001,-0.021649099999999998,0.017124199999999999,0.024361900000000002,0.014123399999999999,0.017744300000000001,-0.011998499999999999,-0.00094550000000000027,0.0164044,-0.032053200000000004,-0.010146899999999999,0.0135627,-0.010738099999999999,0.034973400000000002,-0.072479600000000005,-0.0163588,-0.017793800000000002,-0.042522200000000003,0.015963999999999999,0.0027824,-0.0027535999999999997,0.0074030999999999993,0.017948600000000002,-0.0015985999999999995,-0.015751399999999999,0.00046630000000000022,0.0004674999999999983,-0.0061247999999999997,0.0053449999999999991,-0.0066961999999999994,-0.0040985000000000014,0.0084609999999999998,0.0036266000000000007,-0.0029519999999999989,-0.021179100000000003,-0.0063167999999999992,0.0164633,0.0029592000000000004,-0.0018277000000000007,-0.012066500000000001,-0.014771099999999999,0.010366300000000002,-0.0081995000000000002,0.0010152,0.014357100000000001,-0.0021365999999999989,0.018043400000000001,0.0063368000000000001,-0.0090885999999999988,0.0030499000000000012,-0.0209191,0.0053097999999999999,-1.6600000000000078e-05,-0.0017135,-0.0010071999999999998,0.012613900000000001,-0.0047548,0.00041779999999999986,-5.6399999999999853e-05,0.0108299,0.0023076000000000012,-0.010483299999999999,0.0024339000000000001,0.0080616000000000004,0.0045783999999999998,0.0040339,0.0074521000000000006,-0.0035042000000000003,-0.0013183999999999995,-0.013527299999999999,0.010676700000000001,-0.0044525999999999993,-0.010029099999999999,0.017648999999999998,0.00062259999999999963,-0.0013718000000000003,-0.0031510000000000002,-0.0026138999999999997,0.0033219999999999994,0.013057800000000001,-0.0003457,0.0041884000000000001,-0.0094845999999999993,-0.0064575999999999991,-0.0052025000000000005,-0.023302100000000003,0.010312100000000001,0.0017367000000000003,0.0080627000000000008,0.0040646000000000007,0.0052421999999999998,-0.0007444000000000001,0.0018615000000000001,0.0012740000000000002,0.0019416000000000001,0.0056969000000000004,-0.0068091000000000002,0.00048320000000000009,-0.0042976000000000004,0.00010540000000000029,0.0011289,0.0056885999999999994,0.0052419000000000007,-0.00025189999999999994,-0.0013855,-0.0025523999999999998,-0.0059812999999999993,-0.0011575999999999999,-0.0033337000000000002,-0.0055140999999999992,0.0050601999999999999,-0.0021308,0.0010383,-0.0003432000000000001,-0.0021508,-0.0058729999999999997,-0.0024245,-0.0024630999999999993,0.0048742000000000004,0.0056160999999999997,-0.0014185000000000014,0.010772899999999998,-0.0066226000000000002,0.0027413999999999997,0.0057677000000000006,0.0027543999999999997,0.0034413,0.011932699999999999,-0.0028710000000000003,-0.0016762000000000003,-0.0089143999999999994,-0.0040750000000000005,-0.00064659999999999956,-0.020728200000000002,0.0093626000000000004,0.0030746999999999997,0.0011540999999999999,0.0014566,-0.0023257,-0.0055787000000000007,0.0024992,0.0035098000000000004,0.00098740000000000004,-0.0060774000000000002,0.0021661000000000002,0.0023402000000000002,-0.0024983000000000002,-1.7700000000000064e-05,-0.0021777000000000003,-0.0027009000000000004,-0.0045390999999999999,0.0023434000000000003,-0.00042600000000000011,0.0022935999999999998,-0.0038305000000000001,-0.0019685999999999996,0.00024179999999999991,-0.0037693000000000002,-0.0053108000000000009,0.0057666000000000002,0.0013889000000000002,-0.0021930000000000001,-0.0024872000000000002,-0.0018013999999999999,0.0010209000000000004,0.0016704000000000001,0.0010487999999999999,0.00018060000000000038,-0.0012244999999999999,-0.0019331000000000001,0.0061176999999999994,-0.0010896,-0.0012829999999999999,0.0044647999999999997,0.0078700000000000003,-0.0045259000000000002,0.0021784999999999999,0.0036707999999999992,0.0011416,0.00091079999999999991,-0.00048249999999999996,0.010968799999999999,-0.0090673000000000004,0.0053030000000000004,-0.0051500999999999995,-0.0129199,-0.0015733000000000001,0.0022136999999999999,-0.00042099999999999993,-0.0023408000000000001,-0.00078459999999999999,-0.0018731000000000002,-0.00021109999999999998,-0.0029919,0.0012706000000000002,0.0018211,-0.0019549000000000003,-0.0016711000000000002,0.0032410999999999998,0.00066619999999999993,0.00095309999999999991,-0.0013235999999999999,-0.00043289999999999995,-0.0029331000000000001,0.0052138999999999996,0.0010293999999999998,-0.00076099999999999996,-0.0012172999999999999,0.0019201000000000001,-0.0020331999999999998,-0.0064574000000000003,-0.0031477000000000007,-0.00070290000000000044,-0.00068810000000000008,0.0013282000000000003,0.0013437,-0.0017306000000000003,0.0040415,0.00063769999999999994,-0.0032249999999999996,-0.0016393,-0.00042940000000000008,0.0041358000000000002,-0.00010100000000000002,0.0022583000000000004,0.0033568999999999999,0.0016239999999999998,-0.0017359999999999999,-0.0019560999999999997,0.0012585000000000005,-0.001015100000000001,-0.00066090000000000029,-0.0045918,-0.00087559999999999982,0.0035774000000000005,-0.00030210000000000002,0.0030581000000000002,0.0010671000000000001,0.0025840000000000004,0.0103111,-0.0026051,0.0043122000000000004,-0.0044855000000000008,0.0025967,0.00026750000000000005,0.00060550000000000003,0.0017136,0.0017256999999999999,-0.0020153999999999997,0.0014849000000000002,0.0015200999999999999,0.0025403000000000001,0.0001468000000000001,-0.00098389999999999979,0.0023130999999999998,-0.00012940000000000006,0.00020959999999999989,0.0017028999999999998,2.7800000000000025e-05,-0.0021849,0.00071239999999999986,4.4400000000000212e-05,-0.00014719999999999995,0.00076760000000000023,-0.0011429999999999999,0.0010551,0.00068950000000000044,-0.0007097999999999998,-0.00072309999999999996,0.0026340000000000001,0.00030499999999999993,0.0027691999999999999,-0.00063240000000000019,-0.0015165000000000001,-0.0040994999999999998,0.00024200000000000003,-0.00085209999999999995,-0.00024459999999999998,-0.0006596000000000002,-0.00050640000000000006,0.0021169000000000001,-0.00015910000000000013,-0.00070950000000000006,-0.0006223,-0.0014870999999999994,0.0031979999999999999,0.0018724999999999998,-0.0023176000000000004,0.0058963000000000002,0.0012339999999999999,-0.0030032999999999995,0.00098600000000000033,-0.0011835999999999999,0.0002480999999999998,0.00071619999999999984,0.0025290999999999998,0.0031425999999999997,-0.00058189999999999978,-0.00071040000000000003,0.0012422000000000002,-0.0020439999999999998,-0.0059500999999999998,0.0035706999999999996,0.0015789000000000001,0.0052680999999999995,0.0102165,0.00095349999999999992,-0.0011019000000000001,7.399999999999963e-06,2.769999999999986e-05,-0.00048900000000000018,0.0012636000000000001,0.00074740000000000017,0.00075809999999999983,-9.7199999999999977e-05,0.00060139999999999998,-0.0010934000000000002,0.0010354000000000001,-0.00023599999999999999,-0.0003189,0.0006092999999999999,0.0018267000000000001,-0.00013999999999999993,0.00028120000000000011,-0.0011911000000000001,0.00078720000000000005,-0.0021752999999999998,-0.001926,0.0026565999999999998,0.003999,0.0013982999999999995,0.00084060000000000016,-0.00038059999999999998,0.00061620000000000002,-0.00032360000000000006,0.0021584999999999998,0.00093899999999999995,0.0018896,-0.0017525000000000002,-0.00024410000000000013,0.00039919999999999995,-0.0007897999999999999,-0.0012344999999999999,-0.0021626999999999996,-0.00025399999999999999,0.0024248,0.00017779999999999998,-0.0024914,-0.00011809999999999989,-0.0050347999999999999,0.00048149999999999999,-0.0018962,0.00046509999999999976,0.0013540000000000002,0.0015866000000000001,0.00056150000000000037,-0.00011440000000000012,-0.001441,0.0011651999999999999,-0.00014020000000000005,-0.0019405000000000002,0.0045922000000000003,0.0010732000000000003,0.0010463,-0.0029342000000000005,-0.0003213999999999999,0.00029589999999999998,0.0018537,-0.0009970999999999999,0.0024768000000000004,-0.0022342999999999998,-0.0025560000000000001,0.0028549999999999999,-0.008642099999999998,0.0041768000000000005,1.0999999999999725e-06,-0.00024969999999999994,0.00025629999999999994,-0.0015704999999999998,0.00072309999999999996,0.0011585,-0.0017565000000000002,0.0013771,4.6300000000000041e-05,-0.00021869999999999995,0.0017806000000000002,-0.00074060000000000011,0.0011774999999999999,-0.0042953000000000002,-0.0009706999999999999,0.00038589999999999995,7.2099999999999964e-05,0.00034439999999999997,-0.00072300000000000023,-0.0021488000000000002,0.00076820000000000013,-0.0003278,-0.00090150000000000017,-0.0002097,-0.0018529000000000006,0.0011564000000000001,-0.0017206999999999999,0.00035520000000000001,0.0024225000000000002,-0.00056750000000000008,-0.0022414000000000002,0.00061610000000000007,-0.0020218000000000002,0.00016790000000000007,0.0019416999999999998,-0.0015429,0.0022956999999999999,0.0023693000000000004,-0.0012853000000000001,-0.0023010000000000001,-0.0043312000000000003,4.3600000000000084e-05,0.0044031000000000001,-0.00047110000000000012,0.00033900000000000005,0.0024057000000000002,-0.00026010000000000009,-0.00031199999999999978,-0.0013897,-0.0017148999999999999,-0.00018479999999999994,0.0029507000000000001,-0.00091190000000000021,0.00065750000000000021,-0.0025213000000000006,-0.0021081999999999997,-0.00055830000000000007,-0.0011851000000000001,0.00088500000000000015,-0.0013801000000000002,0.00098269999999999998,-0.0013113999999999999,-0.0010111000000000002,0.00068000000000000027,-0.0017254,0.00033969999999999964,-0.00042680000000000007,0.001072,0.0017573000000000001,0.0012493999999999999,0.00032339999999999973,-0.00039930000000000044,-0.00038900000000000008,0.0031279999999999997,0.00015519999999999987,0.0019032000000000001
aug_between_class_right_pair0049_child05,TLE,1,1,Augmented,0,0,0,0,0,0.29125439999999997,1.9563697999999998,5.9999999999999997e-07,-1.5999999999999999e-06,0,0.94784380000000001,0,0.040056599999999998,-0.134573,0.040233400000000002,0.082917199999999996,-0.058742200000000001,0.052162,0.019237600000000001,0.0055589999999999997,-0.009105799999999999,-0.1033684,0.33593620000000002,-0.11609800000000001,0.0094191999999999991,0.095294200000000009,0.024745400000000001,-0.019423599999999999,-0.0017824000000000002,-0.047850400000000001,0.0266448,0.058563999999999998,-0.0547384,0.010829399999999999,-0.087605000000000002,0.017092799999999998,0.055888,-0.016041199999999999,0.018338199999999999,0.029404399999999997,-0.0606306,0.055423799999999995,-0.054195400000000005,-0.077452800000000002,0.11422880000000001,-0.029555999999999999,0.18652099999999999,-0.042302399999999997,0.014078,-0.0029963999999999998,-0.0054034,-0.020024800000000002,-0.0038443999999999996,0.041005800000000002,-0.0024536000000000002,-0.0075864000000000001,-0.017751200000000002,-0.025445599999999999,0.0029181999999999993,0.020454800000000002,0.0230338,0.0147738,-0.016217999999999996,0.011550799999999998,0.00080380000000000035,-0.030379,-0.0092591999999999969,-0.0061053999999999987,0.010591399999999999,0.0349118,-0.074284799999999998,0.0078902000000000017,-0.033709199999999995,-0.046217600000000005,0.016805399999999998,-0.0036945999999999993,0.0015814000000000002,0.0138178,0.0067976,-0.0011074000000000001,-0.023293600000000005,0.0026662000000000005,0.0075062000000000002,-0.0038470000000000002,0.0019450000000000001,0.0011329999999999995,-0.0156066,-0.00066559999999999927,0.0113762,0.0060673999999999997,-0.0088371999999999999,-0.020809999999999999,0.027225199999999998,-0.019177,-0.010905400000000001,-0.0068401999999999994,0.0020394000000000002,-0.0027898000000000003,-0.0074982,-0.0043889999999999997,0.0095192000000000002,-0.017972599999999998,-0.010572000000000002,0.0207274,0.011126199999999999,0.0298018,-0.00039660000000000042,-0.0028741999999999991,0.0020942000000000001,0.00063919999999999992,-0.0026608000000000005,0.0083225999999999994,-0.003091,0.0084732000000000002,0.0026987999999999999,0.0071628000000000004,-0.0027956000000000005,-0.0063021999999999991,0.0032033999999999995,0.0071865999999999996,-0.0012109999999999994,0.006510199999999999,0.0085427999999999997,-0.0092651999999999995,0.0077362000000000004,-0.0070299999999999998,0.0073527999999999996,0.0036801999999999998,-0.008805799999999999,0.012371800000000001,-0.0012147999999999998,-0.005548,-0.005454800000000001,0.0012617999999999996,0.0027983999999999995,0.0071038000000000004,-0.0067430000000000007,0.0043612000000000008,-0.0139694,-0.0036949999999999999,-0.0106564,-0.014015999999999997,-0.0038094000000000001,0.0088514000000000006,-0.006098000000000001,0.0042678000000000004,-0.0079768000000000009,-0.0015327999999999997,0.0010692,-0.0019910000000000001,0.0024879999999999998,0.0053877999999999999,-0.0025730000000000002,0.0020518000000000003,-0.0028770000000000002,0.00099439999999999988,0.0024382000000000002,0.0040955999999999996,0.0027101999999999998,0.0037575999999999998,-0.0049874000000000003,0.00024260000000000015,0.0014251999999999999,0.0032616000000000008,-0.0066725999999999999,-0.0015949999999999998,0.0045532000000000003,0.0047887999999999993,-0.0013958,-0.0013846000000000002,0.0033431999999999997,-0.0056979999999999991,-0.0012659999999999998,-0.0070238000000000002,0.0033649999999999999,-2.8000000000002849e-06,0.0035504000000000004,0.0040655999999999999,-0.0052264000000000008,-3.1600000000000334e-05,0.0056051999999999994,0.0020731999999999999,-0.0061161999999999987,0.0027648000000000013,0.00050919999999999958,-0.0043831999999999994,-0.0030260000000000009,-0.0014749999999999997,-0.0021115999999999991,-0.0113124,0.0026573999999999999,-0.0034146000000000003,-0.0012145999999999999,-0.00012339999999999986,-0.0011256,0.00086980000000000043,-0.00014060000000000006,-0.0037803999999999997,-0.0016572000000000002,-0.0033353999999999996,0.0015707999999999998,0.0044886000000000006,-0.0020184000000000001,-0.001186,0.0012690000000000002,-0.0017231999999999998,-0.00075679999999999996,0.001939,-0.00034780000000000011,0.00097020000000000027,0.0017335999999999996,-0.00038019999999999981,-0.0019793999999999996,-0.0052642000000000001,-0.0011294,0.0038147999999999997,0.0006479999999999997,-0.0035417999999999995,0.0040964,0.0021738,-0.00060600000000000009,0.0020509999999999994,-0.00084039999999999983,-0.0043718000000000003,-0.0025201999999999998,0.0053915999999999999,0.0031711999999999999,-0.00093740000000000023,-0.0060604000000000005,0.00072519999999999985,0.0039998000000000004,-0.0078639999999999995,0.0040076000000000001,0.0037006000000000001,2.1600000000000254e-05,0.0032993999999999992,-0.0049218000000000005,0.0038767999999999997,-0.0077383999999999994,-0.00018719999999999978,-0.001742399999999999,-0.0028126000000000002,-0.0018121999999999999,0.0013731999999999998,-0.0012298000000000001,0.00032979999999999999,-0.001059,-0.0019118,0.0020202000000000002,-0.00049239999999999993,-5.4799999999999923e-05,0.00082899999999999998,-0.0018909999999999999,-0.0011498000000000001,0.001848,-0.00061959999999999999,0.00048739999999999998,0.0008288000000000002,0.00081180000000000011,-0.0031033999999999996,0.00017920000000000002,-0.0026404000000000002,-0.00052519999999999997,0.0008294000000000001,0.0017179999999999999,-0.00064980000000000007,-0.0034941999999999998,-0.00022900000000000004,0.0014298,-0.0041468,0.0011974000000000002,0.0010375999999999999,0.0032018000000000003,0.0030001999999999997,0.00082139999999999991,0.0005264,-0.0027645999999999999,-0.0015747999999999999,0.0043574,0.0030518000000000008,-0.00032580000000000011,-0.0021717999999999998,0.00070280000000000017,-0.0011516,-0.0035719999999999997,-0.00089599999999999966,0.0043769999999999998,0.0012686000000000004,0.00046080000000000003,-0.0024028000000000001,0.00013799999999999999,-0.0058512,0.00062279999999999974,-0.0020968000000000002,-0.0039837999999999991,0.0050228,-0.0012566000000000005,-0.0032352000000000001,-0.0089782000000000004,0.0012743999999999998,-8.0600000000000116e-05,0.00063400000000000001,0.0011227999999999998,0.0018925999999999999,0.00016020000000000015,-0.00016440000000000042,0.0020331999999999998,0.00057180000000000013,-0.0011234000000000001,-0.00087619999999999983,0.0018422,-0.001709,0.00050080000000000014,0.0018265999999999998,0.00024160000000000002,-0.00035779999999999997,0.0018000000000000002,0.0041343999999999999,-0.0018012000000000002,0.0012293999999999999,0.00010919999999999973,0.0016052000000000002,-0.0019031999999999999,-0.00081799999999999993,-0.0011735999999999999,0.0025891999999999998,0.0004012000000000001,-0.0016170000000000002,6.5599999999999995e-05,-0.0025279999999999999,-0.00054920000000000012,0.00057179999999999991,-0.0018708000000000004,-0.00073720000000000003,0.00097019999999999984,-0.00073759999999999993,0.00091940000000000001,0.0032734000000000001,0.0023263999999999997,-0.0013522,0.0016442,0.0033224000000000001,0.00078839999999999976,0.00026239999999999993,-0.0022451999999999997,-0.00093779999999999992,-0.0030512,0.00081860000000000006,-0.0037546000000000003,-0.0019588000000000001,0.0016622,0.00028359999999999995,-0.0036687999999999998,0.0040422000000000001,0.00056859999999999962,-0.0016200000000000003,-0.0028556000000000002,0.0027307999999999998,0.010523600000000001,-0.0029935999999999999,0.0014479999999999994,0.0048148000000000002,-0.0019084,-0.00042079999999999998,0.00025139999999999999,-0.00044899999999999996,0.0011342000000000001,0.0011864000000000002,-0.00054560000000000003,0.0011678000000000001,0.00071199999999999996,-0.00081979999999999987,2.0000000000000351e-06,0.00095140000000000003,-0.0012999999999999999,0.0011701999999999999,0.00042020000000000002,-0.00064900000000000005,-0.0023754000000000002,0.0024652000000000003,-0.0009488000000000004,-0.0013393999999999993,8.0200000000000052e-05,3.8800000000000076e-05,0.0012673999999999999,0.0013507999999999997,0.0016327999999999998,0.00033000000000000043,0.00028139999999999996,-0.0017448000000000003,0.0016330000000000001,0.0013113999999999999,0.0017187999999999999,0.00014519999999999984,-0.0016072000000000003,0.00052099999999999998,0.00030079999999999994,0.0028652,-0.0011887999999999998,-0.0003032,-0.00032519999999999999,0.0028869999999999998,-0.0010388000000000001,-0.0028295999999999998,-0.0020939999999999999,-0.00061020000000000009,0.0011310000000000001,-0.00075179999999999995,0.00059479999999999971,0.0002608,-0.0002232,-0.0011077999999999999,0.0012604000000000001,-0.0025246000000000001,0.0010200000000000001,0.0026736000000000004,-0.0023204000000000002,0.00041960000000000001,0.00095639999999999994,-0.00067380000000000001,0.0013659999999999998,0.0010491999999999999,0.0010854,0.0045418000000000004,-0.0038429999999999996,0.00069839999999999985,-0.0012452000000000001,-0.0045827999999999997,0.0025316000000000002,0.00041100000000000012,0.0053064000000000002,-0.00074540000000000001,0.00053080000000000011,-0.00052899999999999996,-0.00098640000000000012,0.00087139999999999982,-0.00051099999999999974,-0.0014088,-0.00031619999999999999,0.0010794000000000001,0.0012764,2.1000000000000023e-05,9.6800000000000022e-05,0.0013051999999999998,-0.00049140000000000002,0.00056499999999999996,-0.00023779999999999998,0.0011236000000000002,-0.00063060000000000015,0.00046339999999999999,1.9999999999995065e-07,-0.00048079999999999971,-0.0021212000000000002,-0.00079719999999999986,9.7799999999999884e-05,-0.00066100000000000002,-0.00043339999999999991,-0.0028898000000000001,0.00065600000000000012,0.0012236,-0.00087159999999999994,-0.00077999999999999988,3.959999999999998e-05,-0.0037809999999999992,0.00053640000000000003,0.00085139999999999999,0.0002589999999999999,0.00099780000000000008,0.00029480000000000006,9.1399999999999945e-05,0.00029040000000000001,-0.00010879999999999993,0.0020043999999999999,-8.360000000000008e-05,0.0016758000000000001,0.00086779999999999995,2.760000000000002e-05,0.00037139999999999992,-0.0021836,-0.0015550000000000002,-0.00095080000000000002,-0.0004107999999999999,-0.00027420000000000005,0.0017201999999999999,-0.00044680000000000002,-0.00067540000000000005,-0.0015721999999999999,-0.0011993999999999998,0.00052920000000000018,-0.0013662000000000001,0.0022301999999999999,0.0014713999999999999,0.00045859999999999987,0.0019591999999999999,-0.0014658,-0.0031540000000000001,0.0031568,-0.00053819999999999996,-0.00096659999999999975,0.0021418000000000001,-0.00021279999999999975,0.0021713999999999995,-0.0029951999999999999,0.00099720000000000017,0.0012188000000000001,-0.0037229999999999997,0.0024203999999999996
aug_between_class_right_pair0049_child06,TLE,1,1,Augmented,0,0,0,0,0,0.2900413,1.9475890999999999,6.9999999999999997e-07,-1.7e-06,0,0.94090610000000008,0,0.040286199999999994,-0.13583900000000002,0.041927300000000001,0.080577399999999993,-0.057384900000000003,0.0502955,0.019229699999999999,0.0061205000000000001,-0.0087960999999999994,-0.1075928,0.33487790000000001,-0.11980300000000001,0.0065809000000000006,0.098274899999999998,0.0214208,-0.020071700000000001,-0.0016338000000000004,-0.046839800000000001,0.028730100000000001,0.0599185,-0.054775799999999999,0.011124799999999999,-0.087004999999999999,0.015838100000000001,0.056658,-0.0154874,0.0158534,0.0299028,-0.059863700000000006,0.056082599999999996,-0.058222300000000005,-0.083439100000000002,0.1138991,-0.0324295,0.191659,-0.041748299999999995,0.014863000000000001,-0.0022873000000000004,-0.0055938000000000003,-0.0193206,-0.0047632999999999998,0.041994099999999999,-0.0020496999999999998,-0.0075377999999999999,-0.017418400000000001,-0.026967699999999997,0.0019024000000000003,0.020517100000000003,0.0222556,0.0145761,-0.017424999999999996,0.012279099999999998,0.00019259999999999763,-0.0301395,-0.010762899999999999,-0.0063518000000000012,0.011300800000000001,0.033940600000000001,-0.070671100000000001,0.0080803999999999997,-0.032905400000000001,-0.046856200000000001,0.0159078,-0.0039776999999999998,0.0016588,0.013980599999999999,0.0075611999999999997,-0.0019673,-0.024267200000000003,0.0021209000000000002,0.0070074000000000004,-0.0042090000000000001,0.0024879999999999998,0.0010124999999999999,-0.015249200000000001,0.00013079999999999993,0.010891399999999999,0.0039553000000000001,-0.0099918999999999997,-0.020646999999999999,0.0269714,-0.019400000000000001,-0.011372799999999999,-0.0074339000000000002,0.00099630000000000031,-0.0032505999999999993,-0.0081294000000000002,-0.0043774999999999994,0.0098473999999999992,-0.0168302,-0.011615,0.021755799999999999,0.011243399999999999,0.029857100000000001,0.00037979999999999785,-0.0040483999999999989,0.0021444000000000003,0.00043440000000000015,-0.0021466000000000002,0.0084761999999999997,-0.0029575000000000001,0.0099723999999999993,0.0027721,0.0070751,-0.0021842000000000007,-0.0063193999999999993,0.0028902999999999997,0.0065732000000000004,-0.0017129999999999992,0.0062723999999999992,0.0094130999999999989,-0.0091984000000000007,0.0079194000000000001,-0.0078279999999999999,0.0069391000000000001,0.0046679,-0.0087970999999999987,0.0126826,-0.0015070999999999997,-0.0064369999999999974,-0.004903600000000001,0.0020075999999999991,0.0012133000000000005,0.0069630999999999998,-0.0069014999999999996,0.0058244000000000004,-0.0130238,-0.0043119999999999999,-0.011192799999999999,-0.016052999999999998,-0.0030433000000000014,0.010131299999999999,-0.0050550000000000005,0.0040200999999999995,-0.0082381000000000017,-0.0018650999999999997,0.0010568999999999999,-0.0020220000000000004,0.002294,0.0058066000000000003,-0.0021435,0.0022311000000000002,-0.0024885000000000003,0.00061180000000000023,0.0025829,0.0044781999999999999,0.0029309000000000002,0.0040781999999999997,-0.0044573000000000008,-8.0799999999999796e-05,0.0018823999999999996,0.0033956999999999998,-0.0062396999999999999,-0.0022199999999999998,0.0048338999999999995,0.0046546000000000001,-0.0011090999999999998,-0.0013022000000000001,0.0040668999999999983,-0.0064414999999999993,-0.0013989999999999999,-0.0064561000000000011,0.0034895,-0.00070009999999999994,0.0030747999999999999,0.0043546999999999995,-0.0052732999999999999,-0.0003007000000000001,0.0048588999999999993,0.0024968999999999998,-0.0062893999999999988,0.0021266000000000011,0.0006489,-0.0055018999999999997,-0.0018025000000000003,-0.0014694999999999999,-0.0030636999999999999,-0.010880300000000001,0.0021047999999999996,-0.0035152,-0.0012507,-0.00018929999999999989,-0.0011221999999999998,0.0015446000000000006,-6.4700000000000001e-05,-0.0040047999999999993,-0.0015979000000000002,-0.0035467999999999997,0.0016120999999999998,0.0044781999999999999,-0.0019223000000000001,-0.0012409999999999999,0.00087500000000000002,-0.0018919000000000002,-0.00089209999999999984,0.0020774999999999999,-5.2100000000000257e-05,7.5400000000000098e-05,0.0023116999999999999,-0.00059090000000000011,-0.0027337999999999985,-0.0053819000000000002,-0.00065030000000000036,0.0042295999999999992,0.00055450000000000031,-0.0040160999999999999,0.0046293000000000003,0.0017616000000000003,-0.00092099999999999994,0.0026519999999999994,-0.0016837999999999996,-0.0041076000000000003,-0.0023138999999999998,0.0063767000000000008,0.0029258999999999995,-0.0018238,-0.0071208,0.00090739999999999994,0.0038906000000000001,-0.0079175000000000009,0.0035632000000000003,0.0034937000000000006,-0.00062479999999999957,0.0036942999999999993,-0.0052016000000000007,0.0040670999999999997,-0.0069308,-0.0004169,-0.0014523000000000001,-0.0025847000000000001,-0.0016769000000000003,0.0014799000000000001,-0.0012156000000000001,0.00017760000000000009,-0.00085400000000000016,-0.0021456000000000001,0.0017999000000000001,-0.00053379999999999986,-0.00016310000000000001,0.0011535,-0.0018650000000000001,-0.0014361000000000001,0.0019515000000000001,-0.0007966999999999999,0.00059179999999999996,0.0011725999999999998,0.00078410000000000014,-0.0032432999999999997,0.00032089999999999983,-0.0026492999999999998,-0.00045790000000000002,0.00039280000000000022,0.0014960000000000002,-0.0007871,-0.0037889,-6.8000000000000135e-05,0.0012836,-0.0044691000000000002,0.0015522999999999999,0.0010881999999999999,0.0034951000000000001,0.0030274,0.00082430000000000003,0.00034080000000000004,-0.0024337,-0.0016040999999999998,0.0047702999999999999,0.0035376000000000006,-0.00051760000000000011,-0.0023040999999999999,0.00011410000000000066,-0.0009957000000000004,-0.0036749999999999999,-0.0011174999999999998,0.0042665000000000003,0.0019187000000000002,-0.00037739999999999996,-0.0029426000000000001,-1.5999999999999955e-05,-0.006417899999999999,0.00091259999999999996,-0.0019151000000000001,-0.0037395999999999992,0.0044721000000000006,-0.0018902000000000001,-0.0044078999999999993,-0.0092753999999999996,0.00059579999999999985,8.1299999999999862e-05,0.00059949999999999999,0.0012910999999999999,0.0023211999999999998,-0.00015509999999999987,0.00024919999999999966,0.0017729,0.00059509999999999988,-0.0011163000000000002,-0.0012279000000000001,0.0020008999999999999,-0.0019689999999999998,0.00043210000000000004,0.0017941999999999999,0.00024919999999999993,-0.00046359999999999988,0.0017895000000000001,0.0040092999999999995,-0.0019494,0.0013848,0.00057189999999999964,0.0015324000000000002,-0.0021023999999999999,-0.00036499999999999998,-0.0010627,0.0025889000000000003,0.00016440000000000009,-0.0013610000000000002,5.5700000000000026e-05,-0.002885,1.9099999999999976e-05,0.00048559999999999988,-0.0014491000000000003,-0.0005934,0.00088639999999999997,-0.0011881999999999999,0.0013202999999999999,0.0032403000000000002,0.0023793,-0.0018768999999999999,0.0021433999999999997,0.0034523000000000002,0.0012172999999999997,0.00042379999999999995,-0.0028653999999999984,-0.0013725999999999994,-0.0034464000000000005,0.00069569999999999994,-0.0044822000000000004,-0.0019915999999999996,0.0019308999999999997,0.00070220000000000005,-0.0040065999999999999,0.0038818999999999998,0.00080569999999999991,-0.0018145000000000001,-0.0029957000000000004,0.0026466000000000003,0.010444200000000001,-0.0033237000000000002,0.0021389999999999994,0.0048690999999999995,-0.0018108000000000002,-0.00048959999999999997,0.00021629999999999997,-0.00058850000000000005,0.00069690000000000019,0.0014127999999999996,-0.00051469999999999999,0.0014896,0.00087599999999999993,-0.00088060000000000005,-7.3999999999999942e-05,0.00098430000000000002,-0.001201,0.0015278999999999998,0.00051289999999999994,-0.00093049999999999969,-0.0019888000000000002,0.0024449000000000003,-0.00040410000000000066,-0.0018177999999999988,0.00032539999999999989,-0.00015389999999999989,0.0013303,0.0015885999999999999,0.0015221000000000002,0.0003740000000000002,0.00037080000000000001,-0.0014996000000000002,0.001304,0.0013238,0.0016611,0.00017689999999999991,-0.0017849000000000001,0.00082199999999999981,0.0003615999999999999,0.0030153999999999997,-0.00095359999999999987,-0.00020540000000000011,-9.3899999999999951e-05,0.0032319999999999996,-0.0010430999999999999,-0.0028582,-0.0021684999999999999,-0.00048190000000000006,0.0011414999999999999,-0.00078410000000000003,0.00074759999999999974,0.00037409999999999993,5.0999999999999613e-06,-0.00059460000000000025,0.0013898000000000001,-0.0029572000000000001,0.00068400000000000015,0.0029512000000000002,-0.0023947999999999999,0.00065669999999999986,0.0010882999999999999,-0.00052960000000000008,0.0015665,0.0013763999999999998,0.0006433000000000003,0.0044916000000000001,-0.0044094999999999994,0.00071429999999999974,-0.00084540000000000006,-0.0051091000000000001,0.0020697000000000003,0.00055099999999999984,0.0053708000000000002,-0.00073479999999999997,0.00061760000000000005,-0.00066299999999999974,-0.00096429999999999997,0.0011458,-0.00071900000000000002,-0.0014260999999999998,-0.00030839999999999991,0.0011487999999999997,0.0010478000000000002,2.2999999999999963e-05,5.3100000000000044e-05,0.0013284,-0.00041430000000000004,0.00054049999999999996,-0.00028759999999999994,0.0011872,-0.00048670000000000018,0.00049629999999999997,0.00019440000000000001,-0.0008060999999999997,-0.0019659,-0.00096290000000000004,0.00029309999999999981,-0.00052000000000000017,-0.00029130000000000009,-0.0028316000000000001,0.00047200000000000009,0.0012557,-0.00087969999999999997,-0.0009369999999999999,8.2699999999999977e-05,-0.0038544999999999994,0.00034930000000000014,0.00089030000000000001,0.00036999999999999978,0.0010076,4.7100000000000081e-05,9.3800000000000057e-05,0.00023879999999999995,-2.7599999999999966e-05,0.0017213000000000003,9.229999999999975e-05,0.0015286,0.0008680999999999999,5.3200000000000101e-05,0.0008437999999999998,-0.0019857,-0.0016090000000000002,-0.0011081000000000001,-0.00050159999999999983,-0.0002789,0.0019448999999999998,-0.00041560000000000007,-0.00084729999999999983,-0.0015598999999999999,-0.0013332999999999999,0.00031590000000000014,-0.0013324000000000001,0.0023978999999999997,0.0015652999999999999,0.00052719999999999991,0.0018669000000000001,-0.0013616000000000001,-0.0033865000000000002,0.0032636000000000002,-0.0004929,-0.0011846999999999997,0.0023836,-0.00047759999999999968,0.0020298,-0.0029574000000000002,0.00090839999999999996,0.0013250999999999998,-0.0041279999999999997,0.0025937999999999994
aug_between_class_right_pair0049_child07,TLE,1,1,Augmented,0,0,0,0,0,0.28882819999999998,1.9388083999999999,7.9999999999999996e-07,-1.8000000000000001e-06,0,0.93396840000000003,0,0.040515799999999998,-0.137105,0.043621199999999999,0.078237600000000004,-0.056027599999999997,0.048429,0.019221800000000001,0.0066820000000000004,-0.0084863999999999998,-0.11181720000000001,0.33381959999999999,-0.12350800000000001,0.0037426000000000004,0.1012556,0.018096199999999996,-0.0207198,-0.0014852000000000003,-0.0458292,0.030815400000000007,0.061272999999999994,-0.054813199999999999,0.0114202,-0.086404999999999996,0.0145834,0.057428,-0.0149336,0.0133686,0.030401199999999996,-0.059096800000000005,0.056741399999999997,-0.062249200000000005,-0.089425400000000016,0.1135694,-0.035303000000000001,0.196797,-0.0411942,0.015648000000000002,-0.0015781999999999994,-0.0057842000000000006,-0.018616399999999998,-0.005682200000000001,0.042982400000000004,-0.0016457999999999993,-0.0074891999999999997,-0.017085599999999999,-0.028489800000000003,0.00088659999999999954,0.020579400000000001,0.021477400000000001,0.0143784,-0.018631999999999999,0.013007399999999999,-0.00041860000000000334,-0.029899999999999996,-0.012266600000000001,-0.0065982000000000002,0.0120102,0.032969399999999996,-0.067057400000000003,0.0082705999999999977,-0.032101600000000001,-0.047494800000000004,0.015010199999999998,-0.0042608000000000004,0.0017362,0.0141434,0.0083248000000000003,-0.0028272000000000011,-0.025240800000000001,0.0015755999999999999,0.0065085999999999998,-0.0045710000000000004,0.0030310000000000003,0.00089199999999999956,-0.0148918,0.00092720000000000042,0.010406599999999998,0.001843199999999998,-0.0111466,-0.020483999999999999,0.026717600000000001,-0.019623000000000002,-0.0118402,-0.0080275999999999993,-4.6800000000000053e-05,-0.0037114000000000001,-0.0087606000000000003,-0.0043660000000000001,0.0101756,-0.015687799999999998,-0.012658000000000004,0.022784199999999998,0.0113606,0.029912399999999999,0.0011561999999999979,-0.0052225999999999991,0.0021946000000000005,0.00022959999999999994,-0.0016324,0.0086298,-0.0028240000000000001,0.011471600000000005,0.0028454000000000001,0.0069874000000000004,-0.0015727999999999998,-0.0063365999999999995,0.0025771999999999995,0.0059598000000000003,-0.0022150000000000017,0.0060345999999999993,0.0102834,-0.0091316000000000001,0.0081025999999999997,-0.0086260000000000017,0.0065253999999999998,0.0056556000000000019,-0.0087883999999999983,0.012993400000000002,-0.0017994,-0.0073259999999999983,-0.0043523999999999993,0.0027533999999999996,-0.00037180000000000026,0.0068224000000000002,-0.0070600000000000003,0.0072876000000000008,-0.012078200000000001,-0.0049290000000000002,-0.011729199999999999,-0.018090000000000002,-0.0022771999999999992,0.011411200000000002,-0.0040119999999999991,0.0037723999999999995,-0.0084994000000000007,-0.0021974,0.0010445999999999999,-0.0020530000000000001,0.0020999999999999999,0.0062254000000000007,-0.0017139999999999996,0.0024104,-0.0020999999999999994,0.00022919999999999972,0.0027276000000000002,0.0048608000000000002,0.0031516000000000001,0.0043987999999999996,-0.0039272000000000005,-0.00040420000000000018,0.0023395999999999998,0.0035297999999999996,-0.0058068,-0.0028450000000000003,0.0051146000000000004,0.0045203999999999999,-0.00082239999999999982,-0.0012198000000000001,0.0047906000000000008,-0.0071849999999999995,-0.0015319999999999999,-0.0058884000000000002,0.003614,-0.0013974000000000005,0.0025992000000000003,0.0046438,-0.0053202000000000006,-0.0005698000000000003,0.0041125999999999992,0.0029206000000000006,-0.0064626000000000006,0.0014884000000000008,0.00078859999999999954,-0.0066205999999999991,-0.00057900000000000139,-0.001464,-0.0040158000000000008,-0.010448200000000001,0.0015521999999999992,-0.0036158000000000006,-0.0012868000000000001,-0.00025519999999999991,-0.0011188000000000001,0.0022194000000000011,1.1200000000000055e-05,-0.0042291999999999998,-0.0015386,-0.0037581999999999997,0.0016534,0.0044678000000000009,-0.0018262,-0.0012959999999999998,0.00048099999999999987,-0.0020605999999999997,-0.0010273999999999999,0.0022160000000000001,0.00024360000000000004,-0.00081940000000000051,0.0028898000000000005,-0.00080159999999999997,-0.0034881999999999999,-0.0054995999999999995,-0.00017119999999999982,0.0046443999999999999,0.00046100000000000004,-0.0044903999999999994,0.0051621999999999996,0.0013494000000000006,-0.0012360000000000003,0.0032530000000000002,-0.0025272000000000003,-0.0038433999999999999,-0.0021075999999999998,0.0073618000000000017,0.0026806,-0.0027102000000000003,-0.0081812000000000013,0.0010896,0.0037813999999999999,-0.0079710000000000007,0.0031188000000000001,0.0032868000000000003,-0.0012712000000000005,0.0040892000000000003,-0.0054814000000000009,0.0042573999999999997,-0.0061231999999999988,-0.00064660000000000065,-0.0011621999999999995,-0.0023568,-0.0015415999999999993,0.0015866000000000001,-0.0012014,2.5399999999999913e-05,-0.00064899999999999995,-0.0023794000000000003,0.0015795999999999998,-0.0005752,-0.00027140000000000004,0.0014780000000000001,-0.0018389999999999999,-0.0017224000000000004,0.0020550000000000004,-0.00097380000000000025,0.00069620000000000001,0.0015163999999999998,0.00075639999999999995,-0.0033831999999999998,0.00046260000000000008,-0.0026581999999999999,-0.00039059999999999995,-4.3800000000000197e-05,0.001274,-0.00092440000000000035,-0.0040835999999999997,9.2999999999999984e-05,0.0011374,-0.0047914000000000003,0.0019072000000000004,0.0011388000000000001,0.0037883999999999999,0.0030545999999999998,0.00082720000000000005,0.00015519999999999987,-0.0021027999999999997,-0.0016334000000000001,0.0051831999999999998,0.0040234000000000008,-0.00070940000000000022,-0.0024364,-0.00047460000000000015,-0.00083979999999999992,-0.0037779999999999997,-0.0013389999999999999,0.004156,0.0025688000000000009,-0.0012156000000000001,-0.0034824000000000001,-0.00017000000000000007,-0.0069846000000000005,0.0012024000000000002,-0.0017334,-0.0034954000000000001,0.0039214000000000002,-0.0025238000000000005,-0.0055806000000000015,-0.0095726000000000006,-8.2800000000000278e-05,0.00024320000000000006,0.00056500000000000007,0.0014594,0.0027498000000000002,-0.0004704000000000001,0.00066279999999999985,0.0015125999999999998,0.00061840000000000007,-0.0011092000000000001,-0.0015796,0.0021596000000000002,-0.0022290000000000001,0.00036339999999999994,0.0017618,0.00025680000000000001,-0.00056940000000000007,0.001779,0.0038842,-0.0020975999999999998,0.0015402000000000005,0.0010346000000000001,0.0014596000000000001,-0.0023016,8.8000000000000404e-05,-0.00095179999999999983,0.0025885999999999999,-7.2400000000000025e-05,-0.0011049999999999999,4.5800000000000002e-05,-0.0032420000000000005,0.00058740000000000051,0.00039940000000000006,-0.0010273999999999999,-0.00044960000000000009,0.00080259999999999988,-0.0016388000000000002,0.0017212000000000002,0.0032071999999999999,0.0024322000000000002,-0.0024016000000000003,0.0026426000000000002,0.0035822000000000002,0.0016462,0.00058520000000000013,-0.0034855999999999997,-0.0018073999999999998,-0.0038415999999999997,0.00057279999999999994,-0.0052098000000000005,-0.0020244,0.0021996000000000003,0.0011208000000000004,-0.0043444,0.0037215999999999998,0.0010428,-0.0020090000000000004,-0.0031358000000000002,0.0025623999999999994,0.0103648,-0.0036538000000000005,0.0028300000000000001,0.0049233999999999997,-0.0017132,-0.00055840000000000002,0.00018119999999999996,-0.00072799999999999991,0.00025959999999999975,0.0016392000000000004,-0.0004838,0.0018113999999999999,0.0010400000000000001,-0.00094140000000000001,-0.00015000000000000001,0.0010172,-0.0011020000000000001,0.0018856000000000001,0.00060560000000000008,-0.0012120000000000002,-0.0016021999999999998,0.0024245999999999998,0.00014060000000000006,-0.0022961999999999995,0.00057060000000000021,-0.00034660000000000008,0.0013931999999999998,0.0018263999999999997,0.0014114000000000002,0.00041800000000000019,0.00046020000000000007,-0.0012543999999999997,0.00097499999999999996,0.0013362000000000003,0.0016034000000000001,0.00020860000000000008,-0.0019626000000000001,0.0011230000000000001,0.00042239999999999997,0.0031656000000000002,-0.00071840000000000001,-0.00010760000000000001,0.00013740000000000009,0.0035770000000000003,-0.0010474,-0.0028868000000000001,-0.0022430000000000002,-0.00035359999999999998,0.0011519999999999998,-0.0008164,0.00090039999999999999,0.00048740000000000008,0.00023340000000000009,-8.1399999999999919e-05,0.0015192000000000001,-0.0033898000000000001,0.00034799999999999979,0.0032288000000000004,-0.0024692000000000004,0.00089380000000000015,0.0012202000000000001,-0.00038539999999999983,0.0017670000000000001,0.0017036,0.0002011999999999999,0.0044413999999999999,-0.0049759999999999995,0.00073020000000000008,-0.00044559999999999977,-0.0056354000000000005,0.0016077999999999999,0.00069100000000000021,0.0054351999999999994,-0.00072419999999999993,0.00070439999999999999,-0.00079699999999999997,-0.00094220000000000003,0.0014201999999999999,-0.00092700000000000009,-0.0014434000000000001,-0.00030060000000000004,0.0012181999999999998,0.00081919999999999996,2.5000000000000011e-05,9.4000000000000116e-06,0.0013515999999999999,-0.00033719999999999996,0.00051600000000000007,-0.00033740000000000002,0.0012508,-0.00034279999999999998,0.00052920000000000007,0.00038860000000000018,-0.0011314000000000001,-0.0018105999999999999,-0.0011286,0.00048839999999999984,-0.00037899999999999989,-0.00014919999999999994,-0.0027734000000000001,0.00028799999999999995,0.0012878,-0.0008878,-0.0010940000000000001,0.00012580000000000002,-0.0039280000000000001,0.00016219999999999993,0.00092920000000000003,0.00048099999999999998,0.0010173999999999999,-0.00020060000000000013,9.6200000000000007e-05,0.00018719999999999989,5.360000000000011e-05,0.0014381999999999999,0.00026819999999999996,0.0013814000000000001,0.00086839999999999986,7.8800000000000072e-05,0.0013162000000000002,-0.0017878,-0.001663,-0.0012654000000000003,-0.00059239999999999998,-0.00028360000000000001,0.0021695999999999998,-0.00038440000000000002,-0.0010192000000000003,-0.0015476000000000001,-0.0014672000000000001,0.0001026,-0.0012986,0.0025655999999999999,0.0016592,0.00059579999999999995,0.0017746000000000001,-0.0012573999999999999,-0.0036189999999999998,0.0033704,-0.00044759999999999998,-0.0014028000000000003,0.0026254,-0.00074240000000000005,0.0018881999999999998,-0.0029196000000000001,0.00081959999999999986,0.0014314,-0.0045329999999999997,0.0027672
aug_between_class_right_pair0049_child08,TLE,1,1,Augmented,0,0,0,0,0,0.28761510000000001,1.9300276999999999,8.9999999999999996e-07,-1.9e-06,0,0.92703069999999999,0,0.040745400000000001,-0.13837100000000002,0.045315099999999997,0.075897800000000001,-0.054670300000000005,0.0465625,0.019213899999999999,0.0072435000000000008,-0.0081767000000000003,-0.11604159999999999,0.33276130000000004,-0.12721300000000002,0.00090430000000000024,0.1042363,0.014771599999999999,-0.021367900000000002,-0.0013366000000000003,-0.0448186,0.032900700000000005,0.062627499999999989,-0.054850599999999999,0.011715600000000001,-0.085805000000000006,0.013328699999999999,0.058198,-0.0143798,0.010883799999999999,0.030899599999999999,-0.058329900000000004,0.057400199999999998,-0.066276100000000004,-0.095411700000000002,0.1132397,-0.038176500000000002,0.201935,-0.040640099999999998,0.016433000000000003,-0.0008690999999999996,-0.0059746,-0.0179122,-0.0066011000000000012,0.043970700000000001,-0.0012418999999999998,-0.0074406000000000003,-0.016752800000000002,-0.030011900000000001,-0.00012920000000000292,0.020641699999999999,0.020699200000000001,0.014180700000000001,-0.019838999999999999,0.013735699999999998,-0.0010297999999999991,-0.029660499999999999,-0.013770299999999999,-0.006844600000000001,0.012719599999999999,0.031998199999999997,-0.063443699999999992,0.0084607999999999992,-0.031297800000000001,-0.048133400000000007,0.014112599999999999,-0.0045439,0.0018136000000000001,0.0143062,0.0090884,-0.0036871000000000004,-0.026214399999999999,0.0010302999999999996,0.0060098,-0.0049329999999999999,0.0035739999999999999,0.00077149999999999962,-0.014534399999999999,0.0017236000000000005,0.0099217999999999997,-0.00026890000000000074,-0.012301299999999999,-0.020320999999999999,0.026463800000000003,-0.019845999999999999,-0.0123076,-0.0086213000000000001,-0.0010899,-0.0041721999999999992,-0.0093918000000000005,-0.0043544999999999999,0.010503799999999999,-0.0145454,-0.013701000000000003,0.0238126,0.011477800000000002,0.0299677,0.0019325999999999996,-0.0063968000000000011,0.0022448000000000004,2.4799999999999735e-05,-0.0011181999999999997,0.0087834000000000002,-0.0026904999999999997,0.012970800000000001,0.0029186999999999998,0.0068996999999999999,-0.00096139999999999984,-0.0063537999999999997,0.0022640999999999998,0.0053463999999999994,-0.0027170000000000007,0.0057967999999999995,0.011153700000000001,-0.0090648000000000013,0.0082857999999999994,-0.0094240000000000001,0.0061117000000000003,0.0066433000000000013,-0.0087796999999999997,0.013304200000000002,-0.0020917000000000002,-0.0082150000000000001,-0.0038011999999999994,0.0034991999999999992,-0.001956900000000001,0.0066817000000000005,-0.0072185000000000001,0.0087508000000000013,-0.011132599999999999,-0.0055460000000000006,-0.0122656,-0.020126999999999999,-0.0015110999999999996,0.012691100000000002,-0.0029689999999999999,0.0035246999999999995,-0.0087607000000000015,-0.0025297000000000002,0.0010322999999999999,-0.0020840000000000003,0.0019059999999999999,0.0066442000000000011,-0.0012845000000000001,0.0025897000000000003,-0.0017114999999999997,-0.00015340000000000015,0.0028723000000000004,0.0052433999999999996,0.0033723,0.0047193999999999995,-0.0033971000000000001,-0.00072760000000000012,0.0027968000000000003,0.0036639000000000003,-0.0053739,-0.00347,0.0053952999999999996,0.0043861999999999998,-0.00053569999999999985,-0.0011373999999999998,0.0055142999999999998,-0.0079284999999999998,-0.001665,-0.0053207000000000003,0.0037385000000000001,-0.0020947000000000001,0.0021236000000000007,0.0049329000000000005,-0.0053671000000000005,-0.00083890000000000028,0.0033663,0.0033443000000000006,-0.0066357999999999999,0.00085020000000000061,0.00092829999999999996,-0.0077392999999999993,0.00064450000000000097,-0.0014585000000000002,-0.0049679000000000008,-0.0100161,0.00099959999999999893,-0.0037163999999999999,-0.0013228999999999999,-0.00032109999999999973,-0.0011153999999999999,0.0028942000000000009,8.7100000000000111e-05,-0.0044536000000000003,-0.0014793000000000002,-0.0039696000000000002,0.0016946999999999999,0.0044574000000000003,-0.0017301,-0.001351,8.6999999999999892e-05,-0.0022293000000000005,-0.0011627,0.0023545000000000003,0.00053929999999999994,-0.0017141999999999999,0.0034679000000000003,-0.0010123000000000007,-0.0042425999999999991,-0.0056173000000000004,0.00030790000000000071,0.0050591999999999998,0.00036750000000000064,-0.0049646999999999998,0.0056950999999999998,0.00093720000000000001,-0.0015510000000000001,0.0038539999999999998,-0.0033706000000000005,-0.0035791999999999998,-0.0019012999999999999,0.0083469000000000008,0.0024352999999999996,-0.0035966000000000001,-0.0092416000000000009,0.0012718,0.0036722000000000005,-0.0080245000000000004,0.0026744,0.0030799,-0.0019176,0.0044840999999999995,-0.005761200000000001,0.0044476999999999997,-0.0053156000000000002,-0.00087630000000000086,-0.00087210000000000065,-0.0021289,-0.0014062999999999997,0.0016933,-0.0011872,-0.00012680000000000005,-0.00044400000000000006,-0.0026132000000000004,0.0013592999999999999,-0.00061659999999999992,-0.00037970000000000001,0.0018025000000000003,-0.0018129999999999999,-0.0020087000000000004,0.0021585000000000003,-0.0011509000000000001,0.00080060000000000005,0.0018602000000000002,0.00072869999999999999,-0.0035230999999999999,0.00060430000000000032,-0.0026670999999999999,-0.0003233,-0.00048039999999999997,0.001052,-0.0010617000000000003,-0.0043782999999999999,0.00025399999999999989,0.00099120000000000002,-0.0051137000000000005,0.0022621000000000004,0.0011894,0.0040817000000000006,0.0030818,0.00083009999999999996,-3.0399999999999872e-05,-0.0017718999999999999,-0.0016627,0.0055960999999999997,0.0045092000000000005,-0.00090120000000000022,-0.0025686999999999993,-0.0010633000000000003,-0.00068389999999999987,-0.0038809999999999999,-0.0015604999999999998,0.0040455000000000005,0.0032188999999999998,-0.0020538000000000006,-0.0040222000000000001,-0.00032400000000000007,-0.0075513000000000004,0.0014922,-0.0015516999999999998,-0.0032512000000000001,0.0033706999999999999,-0.0031574000000000003,-0.006753300000000002,-0.0098698000000000015,-0.00076140000000000018,0.00040510000000000003,0.00053050000000000005,0.0016276999999999999,0.0031784000000000001,-0.00078570000000000007,0.0010763999999999995,0.0012523,0.00064170000000000004,-0.0011021,-0.0019313000000000004,0.0023183000000000001,-0.0024890000000000003,0.00029470000000000006,0.0017294000000000001,0.00026439999999999998,-0.00067519999999999993,0.0017684999999999999,0.0037590999999999996,-0.0022457999999999996,0.0016956,0.0014972999999999996,0.0013868000000000001,-0.0025008000000000001,0.00054100000000000025,-0.00084089999999999989,0.0025883000000000004,-0.00030920000000000014,-0.00084899999999999993,3.5899999999999978e-05,-0.0035990000000000006,0.0011557000000000006,0.00031319999999999981,-0.00060570000000000003,-0.00030579999999999995,0.00071879999999999991,-0.0020893999999999999,0.0021221,0.0031741,0.0024850999999999996,-0.0029262999999999997,0.0031417999999999997,0.0037120999999999999,0.0020750999999999999,0.00074660000000000004,-0.0041057999999999997,-0.0022421999999999997,-0.0042368000000000006,0.00044989999999999993,-0.0059374000000000007,-0.0020571999999999999,0.0024682999999999997,0.0015394000000000002,-0.0046822000000000001,0.0035612999999999999,0.0012799,-0.0022035000000000002,-0.0032759000000000004,0.0024781999999999998,0.0102854,-0.0039839000000000003,0.0035209999999999998,0.0049776999999999998,-0.0016156000000000002,-0.00062720000000000007,0.00014609999999999992,-0.00086750000000000022,-0.00017769999999999993,0.0018656000000000002,-0.0004529,0.0021332000000000005,0.0012040000000000002,-0.0010022,-0.00022600000000000002,0.0010501,-0.001003,0.0022433000000000002,0.00069830000000000001,-0.0014935,-0.0012155999999999998,0.0024043000000000003,0.0006852999999999998,-0.002774599999999999,0.00081580000000000021,-0.00053929999999999994,0.0014561000000000001,0.0020642,0.0013007000000000001,0.00046200000000000017,0.00054960000000000002,-0.0010092,0.00064599999999999998,0.0013486000000000001,0.0015456999999999999,0.00024030000000000015,-0.0021403000000000004,0.0014239999999999999,0.00048319999999999987,0.0033158000000000003,-0.00048320000000000014,-9.8000000000001298e-06,0.00036869999999999991,0.0039220000000000001,-0.0010517,-0.0029153999999999998,-0.0023175000000000001,-0.0002253,0.0011624999999999999,-0.00084869999999999998,0.0010531999999999998,0.00060070000000000002,0.0004617,0.00043179999999999998,0.0016486000000000001,-0.0038224000000000001,1.1999999999999641e-05,0.0035064000000000002,-0.0025436,0.0011309,0.0013521,-0.00024119999999999979,0.0019674999999999996,0.0020308000000000001,-0.00024090000000000006,0.0043911999999999996,-0.0055425000000000006,0.00074609999999999998,-4.5799999999999921e-05,-0.0061617000000000009,0.0011459,0.00083100000000000014,0.0054996000000000003,-0.0007136,0.00079120000000000004,-0.00093099999999999997,-0.00092010000000000008,0.0016945999999999997,-0.0011350000000000002,-0.0014607000000000001,-0.00029279999999999996,0.0012875999999999999,0.00059059999999999994,2.7000000000000006e-05,-3.4299999999999993e-05,0.0013747999999999998,-0.00026009999999999998,0.00049149999999999997,-0.00038719999999999998,0.0013144000000000001,-0.00019890000000000001,0.00056210000000000006,0.00058280000000000007,-0.0014567,-0.0016553,-0.0012943,0.00068370000000000008,-0.00023799999999999993,-7.1000000000000099e-06,-0.0027152000000000001,0.00010399999999999993,0.0013198999999999999,-0.00089590000000000004,-0.0012509999999999999,0.00016889999999999999,-0.0040014999999999998,-2.4900000000000009e-05,0.00096810000000000006,0.00059199999999999997,0.0010271999999999998,-0.0004483,9.8600000000000011e-05,0.00013559999999999993,0.00013480000000000002,0.0011551000000000001,0.00044409999999999995,0.0012342,0.00086870000000000003,0.00010440000000000004,0.0017886,-0.0015899,-0.0017170000000000002,-0.0014227,-0.00068319999999999991,-0.00028830000000000001,0.0023943000000000002,-0.00035320000000000002,-0.0011911000000000003,-0.0015353000000000001,-0.0016010999999999998,-0.00011070000000000003,-0.0012648000000000002,0.0027333000000000001,0.0017531000000000001,0.00066439999999999989,0.0016823000000000001,-0.0011532000000000001,-0.0038515000000000003,0.0034771999999999997,-0.00040230000000000008,-0.0016208999999999998,0.0028672000000000003,-0.0010072,0.0017465999999999996,-0.0028817999999999999,0.00073079999999999998,0.0015377000000000001,-0.0049379999999999997,0.0029405999999999998
aug_between_class_right_pair0050_child05,TLE,1,1,Augmented,0,0,0,0,0,0.26983240000000003,1.9475098,5.9999999999999997e-07,0,0,0.94357820000000003,0,0.0204294,-0.1518592,0.016266999999999997,0.074580800000000003,-0.073423600000000006,0.035989399999999998,-0.0035047999999999998,0.011653400000000001,-0.028356800000000001,-0.054780799999999991,0.37632139999999997,-0.10215920000000001,0.0030734000000000022,0.052914200000000002,0.0054520000000000011,-0.018190600000000001,0.0014512000000000001,-0.054472799999999995,0.021961999999999999,0.024151600000000002,-0.030004800000000002,0.00019000000000000006,-0.084274200000000007,0.0045203999999999991,0.047974200000000002,-0.012437399999999998,-0.0043698000000000001,0.00026560000000000125,-0.0394148,0.043563199999999996,-0.053456400000000001,-0.028803599999999999,0.082608399999999998,-0.0235836,0.20195099999999999,-0.036273399999999997,0.0121992,-0.0038180000000000002,-0.010341799999999998,-0.013802,-0.00019479999999999996,0.039045800000000006,-0.0019588000000000001,-0.010903600000000001,-0.0149686,-0.0155718,0.0236536,0.021793599999999996,0.032887,0.0074065999999999993,-0.0128918,0.0029279999999999996,0.014768,-0.030877599999999998,0.00074419999999999998,-0.00059880000000000003,0.0095496000000000018,0.010232600000000001,-0.088056599999999999,-0.0079693999999999963,-0.028083,-0.0066472000000000007,0.0090028,-0.0014302,-0.0011539999999999999,0.019305200000000002,0.0169096,-0.0050697999999999993,-0.012720799999999999,-0.00063440000000000024,0.0052357999999999997,-0.0047033999999999999,0.011270000000000001,-0.0005428000000000004,-0.022146200000000001,0.00036400000000000017,-0.0012710000000000013,0.0040370000000000007,-0.014719000000000003,-0.010743000000000001,0.030374399999999999,-0.0064735999999999995,-0.005659,-0.0125416,-0.019473799999999999,0.0095319999999999988,-0.0076623999999999998,0.0080488000000000018,0.0090608000000000008,-0.0044599999999999987,0.0042312000000000009,0.0078561999999999989,-0.0021583999999999996,0.015870000000000002,-0.012475600000000002,0.0085804000000000002,-0.00012279999999999995,-0.0037339999999999999,-0.0029573999999999998,0.010628200000000001,-0.0020544000000000005,0.0041641999999999998,0.0010847999999999999,0.0070898000000000003,-0.0034815999999999996,-0.0038907999999999998,0.0072143999999999993,0.014201999999999999,0.0045014,0.00057899999999999998,0.010728999999999999,-0.0043563999999999999,0.0041542000000000003,-0.0119848,0.0065200000000000006,0.0010448000000000002,0.0025381999999999991,0.005372,-0.0076854000000000011,-0.0028421999999999996,-0.012370599999999999,-0.00040060000000000052,0.0011873999999999999,0.0034711999999999998,-0.0054992000000000001,0.00032719999999999993,-0.011564,0.0003223999999999996,-0.015010599999999999,-0.0079994000000000003,0.0085273999999999992,0.0044408000000000008,0.0132558,-0.0038084000000000004,-0.0013332000000000005,-0.00069979999999999999,-0.0011925999999999998,0.00068120000000000019,-0.00040040000000000008,0.0045421999999999997,-0.0052992000000000004,0.0025943999999999997,-0.0018655999999999998,-0.0020038000000000005,0.0017739999999999998,0.0034034,-0.0008657999999999999,-3.5199999999999785e-05,-0.00082759999999999995,1.460000000000003e-05,-0.0021904000000000003,0.0054983999999999996,0.00046179999999999919,-0.00095159999999999993,0.0094750000000000008,0.0012433999999999998,-0.0013742000000000001,-0.0043803999999999996,-0.0012622000000000002,-0.0087989999999999995,-0.0016328,-0.0014065999999999992,0.0092531999999999996,-0.0031335999999999998,0.0026979999999999999,0.0011752000000000004,-0.011244000000000001,0.00053259999999999983,0.0147216,0.00064440000000000005,0.0032550000000000001,0.0033152000000000004,-0.0127584,-0.0051871999999999995,-0.017298000000000001,0.0086070000000000001,0.0058642,0.004916199999999999,0.0109674,0.0028836000000000001,0.0011835999999999999,-0.00013280000000000019,-0.00065439999999999986,-0.0029651999999999999,1.0000000000001327e-06,0.00011299999999999987,-0.00042640000000000001,-0.0049076000000000007,-0.00019839999999999994,-0.00020440000000000041,-0.00069840000000000006,-0.0035407999999999993,-0.00020999999999999998,-0.00076999999999999963,-0.0028737999999999997,0.00076140000000000018,-6.119999999999997e-05,-0.0011458,-0.0026147999999999996,0.00051439999999999993,0.0024047999999999999,-0.0029865999999999998,-0.0020095999999999998,0.0039740000000000001,0.0038448000000000002,-0.00071579999999999973,-0.0012278,0.00092540000000000027,-0.0016495999999999998,0.0020920000000000001,-0.0011441999999999997,-0.00043939999999999995,0.00047520000000000114,0.0050193999999999994,0.0094685999999999989,-0.0057513999999999994,-0.0029862000000000001,-0.0025621999999999997,0.0025089999999999999,-0.00013480000000000089,-0.00081179999999999967,0.0001024000000000001,-0.0016799999999999999,0.0015066000000000001,-0.0027302000000000003,0.0034902000000000002,-0.014708200000000001,0.0026143999999999998,-0.013216600000000002,-0.0037439999999999999,-0.0072683999999999995,0.0028918000000000004,-0.0013806000000000001,0.00031000000000000011,-0.00048360000000000005,-0.0023042000000000002,0.0019620000000000002,0.00044959999999999992,-0.0013370000000000001,-0.00028980000000000011,-0.0032461999999999999,0.00037019999999999995,0.0013151999999999999,-0.0015429999999999999,-0.00062139999999999971,0.0024528000000000002,0.00014120000000000004,-0.0024264,0.0026882,-0.0035496,0.00015300000000000003,0.0022927999999999994,0.00075520000000000014,0.00097239999999999989,-0.0072268000000000002,-4.3199999999999966e-05,-0.00043400000000000036,-0.0018247999999999999,0.0019069999999999998,0.0027491999999999998,-0.00083160000000000005,0.0040937999999999999,-0.00047120000000000002,-0.0036290000000000003,-0.0030553999999999998,0.00035199999999999988,0.0093197999999999996,0.0045463999999999991,0.0026664000000000002,0.0011254000000000001,0.0011134000000000001,-0.0012720000000000001,-0.0008116,-0.0031788000000000003,0.0048901999999999999,0.0024233999999999996,-0.0037069999999999985,-0.0027055999999999998,-3.9999999999998804e-06,-0.0041222000000000003,0.0045405999999999997,-0.0021316000000000004,0.0052919999999999998,-0.0039100000000000003,-0.0004105999999999999,-0.0070629999999999998,-0.0135776,-0.00082040000000000021,-0.0013396,0.00041619999999999998,0.0028340000000000001,0.0026654000000000001,0.0018615999999999999,-0.0005713999999999999,0.00026959999999999999,0.00083680000000000007,0.00023459999999999996,0.0020426000000000003,0.0017949999999999999,-0.0015156,-0.0002224000000000002,0.0018578000000000002,-0.0016095999999999999,-0.0016056,-3.2599999999999986e-05,0.00087059999999999969,0.00053019999999999999,-0.0013836,-0.00068120000000000008,-0.00056779999999999992,-0.00079979999999999982,0.0011869999999999997,-0.0020040000000000001,0.00089499999999999996,0.00051520000000000049,0.00059880000000000003,-0.00034060000000000036,-0.0018422,-0.00052000000000000028,0.00035880000000000005,-0.00052739999999999992,-0.0015478,0.00080379999999999991,-0.0038663999999999999,0.0010372000000000001,0.0035203999999999999,0.00027819999999999993,0.00040219999999999991,0.0036972000000000003,0.0018682000000000004,0.0058150000000000007,-0.00080600000000000008,0.00086339999999999984,0.0019599999999999999,-0.0036112000000000002,-0.0006471999999999999,-0.0023969999999999998,-0.0015988,0.0013786,0.0033175999999999995,-0.0025567999999999997,0.0024282000000000001,-0.0039918000000000002,-0.0014229999999999998,-0.004648199999999999,0.0060100000000000006,0.010129000000000001,-0.0018804000000000006,0.0047629999999999999,0.0028909999999999999,-0.0028869999999999998,0.001178,9.4399999999999964e-05,0.0002542,0.0017382000000000001,0.00027280000000000002,0.0001609999999999999,5.5199999999999932e-05,3.6799999999999919e-05,0.00082640000000000014,0.00028940000000000004,0.00033720000000000023,-0.000174,-0.00055019999999999993,0.00036739999999999993,0.00048720000000000002,-0.0015244,0.0010474,0.00098359999999999984,0.00048959999999999997,0.0014823999999999998,-0.0019188000000000002,0.00033380000000000004,-0.0013715999999999997,-0.0011824000000000001,-0.0013401999999999999,-0.0013389999999999999,-0.00066780000000000008,0.0014908,-0.00022580000000000007,0.00052720000000000024,0.00093780000000000003,-0.00089400000000000005,-0.0012969999999999998,-0.00054059999999999991,-0.00064220000000000021,0.0021150000000000001,0.0020208000000000001,-0.0029480000000000005,0.0039202000000000004,-0.0025805999999999997,-0.00079440000000000001,-0.0021723999999999997,-0.00065259999999999971,0.001408,0.0010653999999999998,-0.0012344000000000003,0.00057339999999999995,0.00022539999999999984,-0.0019478,-0.00052699999999999991,-0.0030634,0.0031922000000000001,0.0049427999999999998,-0.0013328000000000001,0.0038264000000000006,0.00032720000000000004,-0.0001780000000000001,0.0013192,0.0020817999999999995,0.0014846,0.0039563999999999997,-0.0041539999999999997,0.0026419999999999998,-0.0032347999999999995,-0.0021066000000000001,0.00020080000000000033,-0.00059799999999999979,0.0062889999999999995,-0.00069879999999999996,0.00082380000000000007,8.199999999999996e-05,-0.00088440000000000003,-0.0025306,0.00067080000000000004,-0.00053139999999999991,0.00019479999999999999,0.0011430000000000004,0.0010498,-0.0003212,-0.00034519999999999999,-0.00036639999999999991,-0.0007406,0.00049199999999999982,-0.00067259999999999998,0.0020676000000000002,-0.00026939999999999993,-0.00056559999999999998,0.0001075999999999999,0.00041199999999999999,0.0004217999999999999,-0.0021850000000000003,-0.0010892,0.0031034000000000001,0.00063840000000000001,-0.0013414,0.00020199999999999992,-0.00018120000000000007,-0.00073539999999999999,-0.0018723999999999998,-0.0019465999999999999,-0.00079119999999999982,7.9199999999999974e-05,0.0011656000000000001,0.0016682000000000001,-0.0012729999999999998,0.001173,-0.00099739999999999985,-0.0025859999999999998,-0.00101,-0.00030360000000000001,-0.00096900000000000003,0.0013938000000000002,0.0001938000000000001,0.00056819999999999993,0.0015364,-0.0017822000000000001,0.00033600000000000009,0.00066879999999999978,-0.00091619999999999994,0.0015076,-0.00017719999999999997,-0.0014368000000000002,0.00068960000000000007,-0.0024391999999999994,-0.0010972,-0.00048840000000000005,-0.0017128,0.0034862000000000001,0.0016677999999999997,0.0026821999999999992,0.00215,-0.0021462,-0.0040330000000000001,0.0034602000000000001,-0.001023,0.0018036,0.0017263999999999999,0.0024944000000000003,0.0059388000000000002,-0.0037955999999999997,-0.00086140000000000001,-0.0038003999999999998,-0.0059103999999999997,-0.00012980000000000001
aug_between_class_right_pair0050_child06,TLE,1,1,Augmented,0,0,0,0,0,0.26076930000000004,1.9301915999999999,6.9999999999999997e-07,0,0,0.92573990000000006,0,0.020587299999999999,-0.15215390000000001,0.014534000000000002,0.076736600000000002,-0.078350200000000009,0.034528799999999998,-0.0047955999999999997,0.010026800000000001,-0.0263701,-0.052521099999999994,0.37792779999999998,-0.1019134,0.0048528000000000009,0.0511934,0.0028515000000000016,-0.0187872,0.0029723999999999987,-0.054052099999999999,0.02393,0.026594700000000002,-0.031080100000000003,0.000134,-0.082643400000000006,0.0057597999999999998,0.048918400000000001,-0.013450799999999999,-0.0053075999999999957,-0.00028979999999999805,-0.040226100000000001,0.0428949,-0.053024799999999997,-0.033329699999999997,0.08316380000000001,-0.024631699999999999,0.200734,-0.035036299999999999,0.0126199,-0.0036145000000000001,-0.011600599999999999,-0.013533,-3.0599999999999985e-05,0.038670599999999999,-0.0022150999999999998,-0.0108872,-0.0147297,-0.0163336,0.023934700000000003,0.023479199999999999,0.032299000000000001,0.008307199999999999,-0.014848099999999999,0.0019940000000000001,0.015034500000000001,-0.028157700000000001,0.00029390000000000015,9.0399999999999595e-05,0.0096226999999999997,0.012058699999999999,-0.085866200000000004,-0.010680799999999997,-0.0291265,-0.010588899999999998,0.0104326,-0.0013154,-0.0015144999999999998,0.018158400000000002,0.017657699999999998,-0.005854599999999998,-0.013765599999999999,-0.0013598000000000013,0.0050911000000000003,-0.0047612999999999996,0.011227500000000001,-0.0011460999999999997,-0.020954900000000002,0.00050199999999999984,-0.0024529999999999986,0.002954,-0.015075000000000002,-0.0092724999999999995,0.030786799999999996,-0.0065272000000000021,-0.0058735000000000002,-0.0117447,-0.020979600000000001,0.010944999999999998,-0.0090437999999999994,0.0084371000000000012,0.010754100000000001,-0.0042869999999999991,0.0026449000000000012,0.0062983999999999991,-0.0032952999999999993,0.015868500000000001,-0.0097632000000000031,0.0084017999999999992,-0.0001785999999999999,-0.0041005,-0.0030582999999999999,0.010711400000000001,-0.0013773000000000001,0.0049243999999999998,0.0010941000000000002,0.0076946000000000002,-0.0037656999999999994,-0.0038441,0.0076082999999999993,0.013253000000000001,0.0043017999999999997,0.00061399999999999996,0.0116215,-0.0046637999999999992,0.0035184000000000005,-0.012079600000000001,0.0071510000000000002,0.0009890999999999997,0.0029759000000000001,0.0053090000000000004,-0.0077668000000000008,-0.0037458999999999999,-0.013185199999999999,0.00054129999999999977,0.0011067999999999998,0.0036433999999999998,-0.0051549000000000005,0.00097289999999999942,-0.011077,3.4800000000000629e-05,-0.015898200000000001,-0.0083668000000000006,0.009418300000000001,0.0053790999999999995,0.014929100000000001,-0.0038808000000000007,-0.00038190000000000142,-0.00063759999999999999,-0.0010157,0.00051990000000000011,-0.00040430000000000012,0.0046724000000000002,-0.0054123999999999995,0.0023692999999999995,-0.0018621999999999998,-0.0025515999999999998,0.0012900000000000001,0.0035827999999999997,9.0399999999999595e-05,-0.00040289999999999976,-0.00071520000000000004,7.020000000000008e-05,-0.0014598000000000005,0.0055362999999999992,-2.3899999999999443e-05,1.829999999999974e-05,0.0098925000000000003,0.0015072999999999996,-0.00069040000000000052,-0.0044088,-0.0020644000000000001,-0.0089269999999999992,-0.0019360999999999998,-0.00084369999999999931,0.0091918999999999994,-0.0037376999999999996,0.0021764999999999996,0.0012629000000000004,-0.011535,0.00064569999999999992,0.0149082,0.00050479999999999991,0.0028790000000000005,0.0031474000000000003,-0.012947799999999999,-0.0055463999999999999,-0.016851500000000002,0.009414500000000001,0.0056839000000000004,0.0037939000000000011,0.0108523,0.0025482000000000005,0.0010846999999999996,-0.00021810000000000015,-0.00022130000000000001,-0.0027954,9.6999999999999864e-05,0.00022849999999999992,-0.00037680000000000005,-0.0051971999999999999,-0.00018480000000000005,0.00010070000000000001,-0.00060180000000000021,-0.0041925999999999995,-0.00020899999999999998,-0.0012894999999999994,-0.0030730999999999996,0.00048330000000000015,-0.00062589999999999987,-0.0010550999999999998,-0.0028021000000000001,0.0002612999999999999,0.0024976,-0.0031156999999999999,-0.0022551999999999997,0.0036085000000000002,0.0035531,-0.0012070999999999996,-0.0016891,0.00058280000000000051,-0.0017401999999999999,0.0019369999999999999,-0.0013154,0.00018770000000000006,-0.00095059999999999871,0.0055482999999999999,0.0097091999999999994,-0.0058148000000000002,-0.0027474000000000001,-0.0029588999999999996,0.0027060000000000001,0.00047539999999999909,-0.00085110000000000003,6.6800000000000106e-05,-0.0018000000000000002,0.0013312,-0.0018139,0.0035954000000000003,-0.014752400000000001,0.0026827999999999999,-0.0129952,-0.0036570000000000001,-0.0067887999999999993,0.0027761000000000001,-0.0013962,0.00014000000000000015,-0.00043120000000000007,-0.0021739000000000003,0.002026,0.00043069999999999995,-0.0013500000000000001,-0.00013510000000000009,-0.0033108999999999994,0.00044689999999999991,0.0015068999999999998,-0.0016874999999999998,-0.00078329999999999969,0.0024430999999999997,2.14000000000001e-05,-0.0023123000000000002,0.0023784000000000001,-0.0034971999999999998,0.00011200000000000004,0.0024635999999999998,0.00065140000000000011,0.0011142999999999999,-0.0069841,-0.00036089999999999994,-0.0003265000000000004,-0.0021810999999999996,0.0023574999999999998,0.0022448999999999998,-0.00098119999999999978,0.0038276,-0.00053039999999999999,-0.0041529999999999996,-0.0029112999999999999,0.00043449999999999999,0.0094355999999999988,0.0049517999999999993,0.0027693000000000001,0.0011253000000000001,0.0007978000000000002,-0.00073200000000000045,-0.00098620000000000001,-0.0026821000000000002,0.0045704000000000005,0.0025552999999999995,-0.0045789999999999989,-0.0025577,0.00026550000000000011,-0.0042274000000000001,0.0050241999999999995,-0.0019187000000000004,0.0049330000000000008,-0.0047209999999999995,-0.00080769999999999995,-0.0079174999999999992,-0.013164200000000001,-0.0015853,-0.0013017,0.00031140000000000003,0.003222,0.0029248,0.0019567,-0.00061879999999999997,0.0002922,0.00095359999999999998,0.0003056999999999999,0.0019282000000000001,0.0018279999999999998,-0.0017251999999999999,-0.00012780000000000018,0.0016236000000000002,-0.0018446999999999997,-0.0016167,1.7799999999999972e-05,0.0015511999999999995,0.00050240000000000007,-0.0011312000000000002,-0.00062940000000000001,-0.00069809999999999978,-0.00061160000000000001,0.0015369999999999993,-0.0022179999999999999,0.0011064999999999998,8.890000000000048e-05,0.00054810000000000015,0.00018879999999999955,-0.0016484,-0.00019700000000000013,0.00036759999999999983,-0.00078379999999999986,-0.0014866,0.00075109999999999999,-0.004332299999999999,0.0010179,0.0033718000000000003,0.00096539999999999972,0.00051739999999999989,0.0040524000000000003,0.0014224000000000003,0.0062030000000000002,-0.00064400000000000004,0.00082830000000000013,0.0018225000000000001,-0.0038344,-0.00085739999999999992,-0.0028474999999999993,-0.0015251000000000002,0.0010842,0.0038091999999999996,-0.0031906,0.0023594000000000002,-0.0036620999999999997,-0.0017989999999999998,-0.0045409000000000005,0.0059364999999999999,0.010184500000000001,-0.0012273000000000004,0.0054789999999999995,0.0027790000000000002,-0.0026919999999999999,0.0013475,0.00016129999999999996,5.5900000000000112e-05,0.0014714000000000001,0.00036660000000000002,0.00031599999999999998,0.00014689999999999994,0.00026859999999999981,0.00079029999999999986,0.0002453,2.3400000000000189e-05,-0.00020249999999999999,-0.00075339999999999988,0.00048529999999999992,0.00050290000000000003,-0.0011843000000000001,0.0011913000000000002,0.0011916999999999995,0.0003947,0.0013428000000000001,-0.0019706000000000003,0.00021409999999999995,-0.0014816999999999999,-0.00066580000000000025,-0.0010019,-0.0011850000000000001,-0.00040860000000000012,0.0013276000000000002,-0.00013510000000000009,-9.9599999999999602e-05,0.0011310999999999999,-0.0011780000000000002,-0.0014555,-0.00078269999999999978,-0.00039540000000000018,0.0021745000000000002,0.0019571000000000002,-0.0027595000000000002,0.0038799000000000004,-0.0027956999999999999,-0.0007783,-0.0021387999999999997,-0.0010946999999999999,0.0017055,0.0013042999999999996,-0.00093780000000000035,0.00072229999999999983,0.00040829999999999979,-0.0021270999999999998,-0.00088349999999999995,-0.0030802999999999998,0.0036684,0.0049676,-0.0014645999999999999,0.0043267999999999996,0.00034640000000000002,-2.3500000000000083e-05,0.0012763999999999998,0.0026535999999999994,0.0012322000000000001,0.0038982999999999999,-0.0040324999999999996,0.0027089999999999996,-0.0034810999999999996,-0.0017517000000000001,-0.00022039999999999972,-0.00083449999999999985,0.0063005000000000005,-0.00028359999999999995,0.00087609999999999999,0.00011699999999999998,-0.00079330000000000004,-0.0025227000000000001,0.00073909999999999991,-0.0010018,0.00024059999999999999,0.0010845000000000002,0.0010915999999999999,-0.00038840000000000001,-0.00032240000000000003,-0.00042279999999999998,-0.00090019999999999987,0.00066749999999999969,-0.00046420000000000001,0.0020612,-0.00035129999999999992,-0.00037120000000000013,0.00017019999999999996,0.00066350000000000003,0.00062859999999999999,-0.0021505000000000001,-0.0013148999999999999,0.0031532999999999999,0.0005063,-0.0013673000000000001,4.0999999999999912e-05,-6.6900000000000095e-05,-0.00093079999999999997,-0.0020828000000000001,-0.0019582000000000002,-0.00074990000000000007,1.0400000000000036e-05,0.0013182000000000001,0.0014664000000000001,-0.001224,0.0012470000000000001,-0.0011197999999999998,-0.0026305,-0.0010830000000000002,-0.00018370000000000007,-0.00098999999999999999,0.0014045999999999998,-5.3399999999999834e-05,0.00057289999999999999,0.0016803,-0.0016999000000000001,0.00030400000000000018,0.0011395999999999997,-0.00099540000000000002,0.0015242000000000003,-0.00053639999999999981,-0.0012956000000000001,0.00065570000000000005,-0.0028873999999999996,-0.0012174,-0.00038580000000000027,-0.0016106,0.0034263999999999996,0.0019775999999999995,0.0026598999999999989,0.0019685000000000002,-0.0018994000000000003,-0.0038349999999999999,0.0032748999999999999,-0.00074400000000000009,0.0016657,0.0015278000000000002,0.0022083000000000003,0.0057791000000000006,-0.0034567000000000001,-0.00060930000000000012,-0.0034457999999999997,-0.006132799999999999,-0.0003901
aug_between_class_right_pair0050_child07,TLE,1,1,Augmented,0,0,0,0,0,0.25170619999999999,1.9128734000000001,7.9999999999999996e-07,0,0,0.90790159999999998,0,0.020745200000000002,-0.15244860000000002,0.012800999999999998,0.078892400000000001,-0.083276800000000012,0.033068199999999999,-0.0060864000000000005,0.0084002,-0.0243834,-0.050261399999999998,0.37953419999999999,-0.1016676,0.0066322000000000048,0.049472599999999999,0.00025099999999999905,-0.019383800000000003,0.0044936000000000004,-0.053631399999999996,0.025898000000000001,0.029037800000000002,-0.032155400000000001,7.8000000000000378e-05,-0.081012600000000004,0.0069991999999999997,0.0498626,-0.0144642,-0.0062454000000000016,-0.00084520000000000081,-0.041037400000000002,0.042226600000000003,-0.0525932,-0.037855800000000002,0.083719200000000007,-0.025679799999999999,0.199517,-0.033799200000000001,0.013040599999999999,-0.003411,-0.0128594,-0.013264,0.00013360000000000021,0.0382954,-0.0024714000000000003,-0.0108708,-0.0144908,-0.0170954,0.024215800000000003,0.025164800000000001,0.031711000000000003,0.0092077999999999986,-0.016804400000000001,0.0010599999999999993,0.015301,-0.0254378,-0.00015640000000000012,0.0007796000000000003,0.0096958000000000009,0.013884799999999999,-0.083675799999999995,-0.013392199999999998,-0.030170000000000002,-0.014530600000000001,0.011862400000000002,-0.0012005999999999998,-0.0018749999999999997,0.017011600000000002,0.018405800000000003,-0.0066393999999999984,-0.0148104,-0.0020852000000000006,0.0049464000000000001,-0.0048192,0.011185,-0.0017494000000000008,-0.019763599999999999,0.00063999999999999994,-0.0036350000000000011,0.0018709999999999985,-0.015431000000000002,-0.0078019999999999982,0.031199199999999996,-0.0065808000000000012,-0.0060880000000000005,-0.010947800000000001,-0.022485399999999996,0.012357999999999999,-0.010425200000000001,0.0088253999999999989,0.012447400000000001,-0.0041139999999999996,0.0010585999999999994,0.0047405999999999976,-0.0044321999999999999,0.015866999999999999,-0.0070508000000000003,0.0082232,-0.00023439999999999984,-0.0044670000000000005,-0.0031592,0.0107946,-0.00070019999999999935,0.0056846000000000006,0.0011034,0.0082994000000000002,-0.0040498000000000001,-0.0037973999999999998,0.0080021999999999992,0.012304000000000001,0.0041022000000000003,0.00064900000000000005,0.012514000000000001,-0.0049712000000000003,0.0028825999999999999,-0.0121744,0.0077820000000000007,0.00093340000000000003,0.003413600000000001,0.0052460000000000007,-0.0078481999999999996,-0.0046496000000000003,-0.0139998,0.0014831999999999996,0.0010261999999999997,0.0038155999999999997,-0.0048105999999999999,0.0016186000000000006,-0.01059,-0.00025280000000000007,-0.016785800000000003,-0.008734200000000001,0.010309200000000001,0.0063173999999999991,0.0166024,-0.0039532000000000005,0.00056939999999999985,-0.0005754,-0.00083879999999999979,0.00035859999999999999,-0.00040819999999999984,0.0048025999999999998,-0.0055256000000000003,0.0021441999999999998,-0.0018587999999999999,-0.0030994000000000009,0.00080599999999999964,0.0037622000000000003,0.0010466000000000004,-0.00077060000000000008,-0.00060279999999999969,0.00012579999999999991,-0.00072919999999999984,0.0055741999999999996,-0.00050960000000000068,0.00098820000000000071,0.01031,0.0017711999999999999,-6.5999999999996454e-06,-0.0044372000000000005,-0.0028666000000000004,-0.0090550000000000005,-0.0022393999999999999,-0.00028079999999999945,0.0091306000000000009,-0.0043417999999999998,0.0016549999999999994,0.0013506000000000004,-0.011826,0.00075880000000000001,0.015094800000000002,0.00036519999999999977,0.0025029999999999996,0.0029796000000000002,-0.013137199999999998,-0.0059056000000000013,-0.016404999999999999,0.010222000000000002,0.0055036,0.0026715999999999997,0.010737200000000001,0.0022127999999999991,0.00098580000000000022,-0.00030340000000000033,0.0002118000000000007,-0.0026255999999999996,0.00019300000000000003,0.00034400000000000001,-0.00032719999999999993,-0.0054868,-0.00017120000000000004,0.00040580000000000021,-0.00050519999999999992,-0.0048443999999999996,-0.00020799999999999999,-0.0018089999999999998,-0.0032724,0.00020519999999999989,-0.0011906000000000002,-0.00096439999999999981,-0.0029893999999999997,8.1999999999998741e-06,0.0025903999999999996,-0.0032447999999999999,-0.0025008000000000001,0.0032429999999999998,0.0032613999999999998,-0.0016983999999999999,-0.0021504000000000011,0.00024020000000000031,-0.0018308,0.0017820000000000002,-0.0014865999999999998,0.00081480000000000051,-0.0023764000000000003,0.0060771999999999996,0.0099498,-0.0058781999999999992,-0.0025085999999999997,-0.0033556000000000002,0.0029030000000000002,0.0010856000000000004,-0.00089039999999999996,3.1199999999999891e-05,-0.00192,0.0011558,-0.00089759999999999948,0.0037006000000000005,-0.0147966,0.0027511999999999997,-0.0127738,-0.0035700000000000003,-0.0063091999999999992,0.0026604000000000003,-0.0014117999999999999,-3.0000000000000052e-05,-0.00037879999999999999,-0.0020436,0.0020899999999999998,0.00041179999999999998,-0.0013630000000000001,1.9599999999999934e-05,-0.0033755999999999999,0.00052359999999999993,0.0016986000000000002,-0.0018320000000000001,-0.0009452000000000001,0.0024333999999999996,-9.8399999999999993e-05,-0.0021981999999999995,0.0020685999999999999,-0.0034448,7.0999999999999991e-05,0.0026343999999999994,0.00054760000000000008,0.0012562000000000001,-0.0067413999999999998,-0.00067860000000000012,-0.00021900000000000001,-0.0025374,0.0028080000000000002,0.0017405999999999997,-0.0011308000000000002,0.0035614000000000002,-0.00058960000000000002,-0.0046769999999999997,-0.0027672,0.0005170000000000001,0.0095514000000000016,0.0053571999999999995,0.0028722000000000001,0.0011251999999999998,0.0004821999999999999,-0.0001919999999999999,-0.0011608,-0.0021853999999999997,0.0042506000000000002,0.0026872000000000003,-0.0054509999999999992,-0.0024097999999999997,0.00053500000000000021,-0.0043326000000000007,0.0055078000000000002,-0.0017057999999999999,0.0045739999999999999,-0.0055320000000000022,-0.0012048000000000004,-0.0087719999999999985,-0.0127508,-0.0023502000000000011,-0.0012638,0.00020659999999999993,0.0036100000000000004,0.0031841999999999999,0.0020517999999999999,-0.00066620000000000004,0.00031480000000000006,0.0010704,0.00037679999999999983,0.0018138,0.0018609999999999998,-0.0019348000000000002,-3.3199999999999723e-05,0.0013894000000000001,-0.0020798000000000001,-0.0016278000000000002,6.8199999999999991e-05,0.0022317999999999999,0.00047459999999999999,-0.00087879999999999989,-0.00057759999999999995,-0.00082840000000000008,-0.00042339999999999988,0.0018869999999999998,-0.0024320000000000001,0.0013180000000000002,-0.00033740000000000007,0.00049740000000000006,0.00071820000000000011,-0.0014545999999999999,0.00012600000000000003,0.00037639999999999982,-0.0010402000000000002,-0.0014253999999999998,0.00069839999999999995,-0.0047981999999999999,0.0009986000000000001,0.0032232000000000003,0.0016526000000000002,0.00063259999999999987,0.0044076000000000011,0.00097659999999999978,0.0065910000000000014,-0.0004819999999999999,0.00079319999999999998,0.0016849999999999999,-0.0040576000000000006,-0.0010676000000000001,-0.0032979999999999997,-0.0014514,0.00078979999999999979,0.0043008000000000005,-0.0038244000000000004,0.0022906000000000003,-0.0033323999999999997,-0.0021750000000000003,-0.0044336000000000002,0.0058629999999999993,0.010240000000000001,-0.00057419999999999965,0.0061950000000000009,0.0026670000000000001,-0.0024970000000000001,0.0015169999999999999,0.00022820000000000004,-0.00014239999999999999,0.0012045999999999999,0.00046039999999999992,0.00047100000000000017,0.00023860000000000011,0.00050040000000000002,0.0007541999999999999,0.00020119999999999996,-0.00029039999999999996,-0.00023099999999999998,-0.00095659999999999994,0.00060319999999999992,0.00051860000000000003,-0.00084420000000000003,0.0013351999999999999,0.0013997999999999997,0.00029980000000000002,0.0012032000000000002,-0.0020224000000000002,9.4399999999999801e-05,-0.0015918,-0.00014919999999999972,-0.00066359999999999976,-0.0010309999999999998,-0.00014939999999999978,0.0011643999999999999,-4.4399999999999995e-05,-0.00072640000000000031,0.0013244000000000003,-0.0014620000000000004,-0.0016139999999999998,-0.0010248000000000002,-0.00014859999999999982,0.0022339999999999999,0.0018933999999999999,-0.0025710000000000004,0.0038395999999999999,-0.0030108000000000001,-0.00076219999999999999,-0.0021051999999999998,-0.0015368000000000001,0.0020030000000000004,0.0015432000000000002,-0.00064120000000000019,0.00087120000000000003,0.00059120000000000006,-0.0023064000000000001,-0.00124,-0.0030971999999999996,0.0041446,0.0049924000000000001,-0.0015964,0.0048272000000000002,0.0003656,0.00013100000000000004,0.0012335999999999998,0.0032253999999999998,0.00097980000000000007,0.0038401999999999998,-0.0039109999999999995,0.0027759999999999998,-0.0037274000000000001,-0.0013968000000000001,-0.00064159999999999998,-0.0010709999999999999,0.0063119999999999999,0.00013160000000000038,0.00092840000000000002,0.00015200000000000001,-0.00070219999999999994,-0.0025147999999999998,0.00080740000000000022,-0.0014722000000000001,0.00028640000000000002,0.0010260000000000002,0.0011334000000000001,-0.00045560000000000007,-0.00029959999999999996,-0.00047920000000000005,-0.0010598000000000001,0.000843,-0.00025579999999999988,0.0020547999999999999,-0.00043320000000000007,-0.00017679999999999996,0.00023279999999999997,0.00091500000000000023,0.00083540000000000003,-0.0021160000000000007,-0.0015406,0.0032031999999999998,0.00037419999999999988,-0.0013932,-0.0001200000000000001,4.7399999999999987e-05,-0.0011262000000000002,-0.0022932,-0.0019698000000000003,-0.00070859999999999999,-5.8400000000000037e-05,0.0014708000000000002,0.0012645999999999998,-0.001175,0.0013210000000000001,-0.0012422000000000002,-0.0026750000000000003,-0.0011560000000000001,-6.3800000000000033e-05,-0.001011,0.0014153999999999998,-0.0003006000000000001,0.00057759999999999995,0.0018242000000000002,-0.0016176000000000001,0.00027200000000000005,0.0016104000000000003,-0.0010746,0.0015408000000000002,-0.00089559999999999987,-0.0011543999999999999,0.00062180000000000004,-0.0033355999999999998,-0.0013376,-0.00028320000000000005,-0.0015084,0.0033665999999999995,0.0022874000000000002,0.0026375999999999995,0.001787,-0.0016525999999999999,-0.0036369999999999996,0.0030895999999999996,-0.00046499999999999992,0.0015278000000000002,0.0013292,0.0019222,0.0056194000000000001,-0.0031177999999999996,-0.0003571999999999999,-0.0030911999999999997,-0.0063552000000000001,-0.0006504000000000002
aug_between_class_right_pair0050_child08,TLE,1,1,Augmented,0,0,0,0,0,0.2426431,1.8955552,8.9999999999999996e-07,0,0,0.8900633,0,0.020903099999999997,-0.1527433,0.011068,0.081048200000000001,-0.088203400000000001,0.031607600000000007,-0.0073772000000000004,0.0067735999999999994,-0.022396700000000002,-0.048001700000000001,0.3811406,-0.10142180000000001,0.0084116000000000017,0.047751799999999997,-0.0023495000000000009,-0.019980400000000002,0.0060148000000000007,-0.0532107,0.027866000000000002,0.031480900000000006,-0.033230700000000002,2.1999999999999884e-05,-0.079381800000000002,0.0082386000000000004,0.050806799999999999,-0.015477599999999998,-0.0071831999999999972,-0.0014005999999999984,-0.041848699999999996,0.041558299999999999,-0.052161599999999995,-0.0423819,0.084274600000000005,-0.026727899999999999,0.1983,-0.032562099999999997,0.013461299999999999,-0.0032075000000000003,-0.014118199999999999,-0.012995,0.00029779999999999997,0.037920200000000001,-0.0027277,-0.0108544,-0.0142519,-0.0178572,0.024496900000000002,0.0268504,0.031122999999999998,0.0101084,-0.018760699999999998,0.00012599999999999967,0.015567500000000001,-0.022717899999999999,-0.00060670000000000038,0.0014688000000000004,0.0097689000000000005,0.0157109,-0.081485399999999999,-0.016103599999999999,-0.031213500000000002,-0.018472300000000001,0.013292200000000001,-0.0010858,-0.0022355000000000001,0.015864799999999998,0.019153900000000001,-0.0074241999999999989,-0.0158552,-0.0028105999999999999,0.0048016999999999999,-0.0048771000000000005,0.011142500000000001,-0.002352700000000001,-0.0185723,0.00077800000000000048,-0.0048169999999999984,0.00078799999999999964,-0.015787000000000002,-0.0063314999999999986,0.031611599999999997,-0.0066344000000000004,-0.0063025000000000008,-0.010150900000000001,-0.023991200000000004,0.013770999999999999,-0.0118066,0.0092137,0.014140700000000001,-0.0039410000000000018,-0.00052769999999999987,0.0031827999999999995,-0.0055691000000000004,0.015865499999999998,-0.0043384000000000001,0.0080446000000000007,-0.00029020000000000001,-0.0048335000000000001,-0.0032600999999999997,0.0108778,-2.3099999999999857e-05,0.0064447999999999997,0.0011127000000000003,0.008904200000000001,-0.0043338999999999999,-0.0037507,0.0083961000000000001,0.011355000000000001,0.0039026,0.00068400000000000004,0.0134065,-0.0052785999999999996,0.0022468000000000002,-0.012269200000000001,0.0084130000000000003,0.00087769999999999992,0.0038513000000000002,0.0051830000000000001,-0.0079296000000000019,-0.0055533000000000015,-0.0148144,0.0024251000000000003,0.00094560000000000043,0.0039877999999999997,-0.0044662999999999994,0.0022643000000000003,-0.010103000000000001,-0.00054039999999999991,-0.017673399999999999,-0.0091015999999999996,0.011200100000000001,0.0072557000000000003,0.018275700000000002,-0.0040255999999999998,0.0015206999999999998,-0.00051320000000000001,-0.00066189999999999999,0.00019729999999999997,-0.00041209999999999988,0.0049327999999999993,-0.0056387999999999994,0.0019191,-0.0018553999999999999,-0.0036472000000000002,0.00032199999999999991,0.0039416,0.0020028000000000003,-0.0011383000000000001,-0.00049039999999999978,0.00018139999999999996,1.3999999999999256e-06,0.0056121000000000001,-0.00099529999999999931,0.0019581000000000008,0.010727500000000001,0.0020350999999999998,0.00067720000000000009,-0.0044656000000000001,-0.0036688000000000003,-0.0091830000000000002,-0.0025427000000000002,0.00028210000000000214,0.0090693000000000006,-0.0049458999999999996,0.0011335000000000008,0.0014383,-0.012116999999999999,0.0008719,0.015281400000000001,0.00022559999999999985,0.002127,0.0028117999999999997,-0.013326600000000001,-0.0062648000000000001,-0.0159585,0.011029499999999999,0.0053232999999999996,0.0015493,0.010622100000000001,0.0018773999999999998,0.00088689999999999993,-0.00038870000000000007,0.00064490000000000033,-0.0024557999999999997,0.00028899999999999998,0.0004595,-0.00027760000000000003,-0.005776400000000001,-0.00015760000000000004,0.00071089999999999999,-0.00040860000000000007,-0.0054962000000000006,-0.00020699999999999999,-0.0023285000000000003,-0.0034716999999999999,-7.2900000000000091e-05,-0.0017553000000000002,-0.00087369999999999982,-0.0031767000000000002,-0.00024490000000000037,0.0026831999999999993,-0.0033739,-0.0027464,0.0028774999999999998,0.0029697,-0.0021897000000000002,-0.0026117000000000007,-0.00010239999999999989,-0.0019214000000000002,0.001627,-0.0016578000000000001,0.0014419000000000003,-0.0038022000000000004,0.0066061000000000002,0.010190399999999999,-0.0059415999999999991,-0.0022697999999999998,-0.0037522999999999992,0.0031000000000000003,0.0016957999999999995,-0.00092970000000000032,-4.3999999999998901e-06,-0.0020400000000000001,0.00098039999999999976,1.87000000000004e-05,0.0038058000000000002,-0.014840800000000001,0.0028195999999999998,-0.012552400000000002,-0.003483,-0.0058295999999999999,0.0025447,-0.0014274000000000001,-0.00020000000000000001,-0.00032639999999999991,-0.0019133000000000002,0.0021540000000000001,0.0003928999999999999,-0.0013760000000000001,0.00017430000000000006,-0.0034402999999999999,0.00060030000000000001,0.0018903000000000001,-0.0019765000000000004,-0.0011070999999999998,0.0024237,-0.00021819999999999996,-0.0020840999999999998,0.0017588,-0.0033923999999999998,3.0000000000000024e-05,0.0028051999999999999,0.00044379999999999995,0.0013980999999999998,-0.0064986999999999996,-0.00099630000000000053,-0.00011150000000000027,-0.0028936999999999999,0.0032585000000000001,0.0012362999999999999,-0.0012803999999999995,0.0032951999999999999,-0.00064880000000000005,-0.0052009999999999999,-0.0026230999999999997,0.00059949999999999999,0.0096672000000000008,0.0057625999999999997,0.0029751000000000005,0.0011251,0.00016660000000000025,0.00034800000000000022,-0.0013354,-0.0016887,0.0039307999999999999,0.0028191000000000002,-0.0063230000000000005,-0.0022618999999999998,0.00080450000000000042,-0.0044378000000000004,0.0059914,-0.0014929000000000006,0.004215,-0.0063429999999999997,-0.0016019000000000001,-0.0096265000000000014,-0.0123374,-0.0031151000000000009,-0.0012259,0.00010179999999999997,0.0039980000000000007,0.0034436000000000002,0.0021469000000000002,-0.0007136,0.00033740000000000002,0.0011872000000000002,0.00044789999999999999,0.0016994000000000002,0.0018939999999999999,-0.0021444000000000003,6.1400000000000083e-05,0.0011552000000000001,-0.0023148999999999999,-0.0016389000000000002,0.00011860000000000002,0.0029123999999999999,0.00044680000000000002,-0.00062639999999999994,-0.00052579999999999999,-0.00095869999999999994,-0.00023519999999999975,0.0022369999999999998,-0.0026459999999999999,0.0015295,-0.00076369999999999997,0.00044670000000000018,0.0012476,-0.0012607999999999999,0.00044899999999999996,0.00038519999999999982,-0.0012966,-0.0013641999999999999,0.00064569999999999992,-0.0052640999999999999,0.00097930000000000001,0.0030746000000000002,0.0023398,0.00074780000000000007,0.0047628000000000011,0.00053079999999999989,0.0069790000000000008,-0.00031999999999999997,0.00075810000000000027,0.0015475,-0.0042808000000000013,-0.0012777999999999999,-0.0037485000000000001,-0.0013776999999999999,0.0004953999999999999,0.0047924000000000005,-0.0044581999999999998,0.0022217999999999999,-0.0030026999999999996,-0.0025509999999999999,-0.0043262999999999999,0.0057894999999999995,0.010295500000000001,7.8899999999999804e-05,0.0069110000000000005,0.002555,-0.0023019999999999998,0.0016865000000000003,0.00029510000000000002,-0.0003407000000000002,0.00093779999999999992,0.00055420000000000003,0.00062600000000000015,0.00033030000000000001,0.00073220000000000002,0.00071810000000000005,0.00015709999999999997,-0.00060420000000000005,-0.00025950000000000002,-0.0011598000000000001,0.00072110000000000002,0.00053430000000000003,-0.00050409999999999995,0.0014791000000000006,0.0016078999999999998,0.00020490000000000005,0.0010636,-0.0020742,-2.5300000000000127e-05,-0.0017019000000000001,0.00036740000000000015,-0.00032530000000000005,-0.00087700000000000007,0.00010980000000000018,0.0010011999999999998,4.6299999999999987e-05,-0.0013532000000000001,0.0015177000000000003,-0.0017460000000000004,-0.0017724999999999996,-0.0012669000000000001,9.8200000000000056e-05,0.0022935000000000004,0.0018297000000000001,-0.0023825000000000001,0.0037993000000000002,-0.0032258999999999999,-0.00074610000000000008,-0.0020715999999999998,-0.0019789000000000005,0.0023005,0.0017821,-0.00034460000000000003,0.0010200999999999999,0.00077410000000000001,-0.0024857,-0.0015965000000000003,-0.0031140999999999999,0.0046208000000000004,0.0050171999999999994,-0.0017282,0.0053276,0.00038480000000000003,0.00028550000000000027,0.0011907999999999999,0.0037971999999999997,0.00072739999999999979,0.0037821,-0.0037894999999999999,0.002843,-0.0039737000000000001,-0.0010419000000000001,-0.0010627999999999996,-0.0013075000000000001,0.0063235000000000001,0.00054680000000000006,0.00098070000000000015,0.00018699999999999999,-0.00061109999999999995,-0.0025068999999999998,0.00087570000000000009,-0.0019426000000000001,0.00033220000000000005,0.00096750000000000004,0.0011751999999999999,-0.00052280000000000002,-0.00027680000000000001,-0.00053560000000000012,-0.0012194,0.0010184999999999999,-4.7399999999999919e-05,0.0020483999999999997,-0.00051509999999999989,1.7600000000000048e-05,0.00029539999999999997,0.0011665,0.0010421999999999999,-0.0020815000000000005,-0.0017663000000000002,0.0032531000000000001,0.00024209999999999987,-0.0014191000000000002,-0.00028100000000000022,0.00016169999999999997,-0.0013216,-0.0025035999999999999,-0.0019814000000000003,-0.0006672999999999999,-0.0001272,0.0016234000000000001,0.0010628,-0.001126,0.001395,-0.0013646000000000001,-0.0027195000000000001,-0.0012290000000000001,5.6100000000000008e-05,-0.0010320000000000001,0.0014261999999999999,-0.00054779999999999998,0.00058230000000000001,0.0019681000000000004,-0.0015353000000000001,0.00024000000000000014,0.0020812000000000005,-0.0011538,0.0015574,-0.0012548000000000004,-0.0010132000000000001,0.00058790000000000003,-0.0037837999999999995,-0.0014578,-0.00018060000000000005,-0.0014062,0.0033068000000000004,0.0025971999999999996,0.0026152999999999992,0.0016054999999999999,-0.0014058,-0.0034390000000000002,0.0029042999999999999,-0.00018599999999999997,0.0013899000000000001,0.0011306000000000001,0.0016361000000000001,0.0054596999999999996,-0.0027788999999999999,-0.00010509999999999997,-0.0027366000000000005,-0.0065775999999999994,-0.00091070000000000018
aug_between_class_right_pair0051_child05,TLE,1,1,Augmented,0,0,0,0,0,0.29199999999999998,1.88896,5.9999999999999997e-07,-9.9999999999999995e-07,5.9999999999999997e-07,0.93393840000000006,-3.9999999999999998e-07,0.039683999999999997,-0.14288500000000001,0.026181000000000003,0.1047674,-0.1040628,0.072809600000000002,-0.0036307999999999991,0.0093218000000000016,-0.021413599999999998,-0.069742200000000004,0.37596740000000001,-0.079165999999999986,0.0077998000000000026,0.043245000000000006,-0.012745000000000003,-0.019264999999999997,-0.0050387999999999995,-0.054487399999999998,0.026276400000000002,0.034734000000000001,-0.0501418,-0.0013242000000000006,-0.075031,0.011353,0.040549399999999999,-0.020844999999999999,0.0079046000000000012,0.0091701999999999999,-0.048914400000000004,0.044457199999999995,-0.048025999999999999,-0.0285072,0.082121399999999997,-0.019373799999999997,0.1872646,-0.052502600000000003,0.013952800000000001,-0.0065015999999999997,-0.0037634000000000005,-0.0153118,0.0046201999999999997,0.042860599999999999,-0.0081024000000000009,-0.0088147999999999994,-0.010525,-0.029924000000000003,0.019921399999999999,0.022468800000000001,0.018129800000000001,0.0187872,-0.022337599999999999,-0.0034893999999999993,0.017714999999999998,-0.045230399999999997,0.0029825999999999993,0.0084647999999999998,0.014899400000000002,0.037078800000000002,-0.078083399999999997,-0.016969399999999999,-0.0257416,-0.0144108,0.0247186,0.0018404000000000003,0.00061739999999999983,0.016355600000000001,0.0014289999999999997,0.0036670000000000001,1.8600000000000561e-05,0.0104806,-0.00064219999999999989,-0.0041580000000000002,0.0011028000000000001,0.0034608000000000004,-0.018849600000000001,0.0072673999999999994,0.0063746000000000002,0.0056151999999999999,-0.0043262000000000005,-0.0088681999999999997,0.010581800000000001,-0.016681599999999998,-0.0096640000000000007,-0.0047381999999999997,-0.006419199999999999,-0.00011800000000000005,-0.0065570000000000003,-0.00063319999999999956,0.00084599999999999953,-0.0049048000000000008,0.0056818000000000007,0.010835400000000002,0.0035298,0.020416400000000001,-0.003546800000000001,0.0004816,0.0007626,-0.0042902000000000001,-0.0027992000000000004,0.0067772000000000006,-0.0065360000000000001,0.0042941999999999989,-0.0032734000000000005,0.0080862,-0.010274799999999999,-0.0052329999999999998,0.0097564000000000001,0.0069490000000000003,0.0048970000000000003,0.00058219999999999973,0.0079045999999999995,-0.0033669999999999998,0.0020121999999999996,-0.015109999999999998,0.014646199999999998,-0.0057495999999999997,0.0033061999999999987,0.011729799999999999,-0.0048582,0.0046726000000000007,-0.0046162,-0.0077103999999999992,0.0089663999999999994,0.0055426,-0.0038985999999999999,0.0024996000000000003,-0.0140874,-0.0063807999999999998,-0.0081556000000000007,-0.0087510000000000001,0.0047039999999999998,0.0021869999999999993,-0.00040560000000000119,6.3999999999999116e-06,0.00083720000000000018,-0.0017844,-0.00020600000000000002,0.00043140000000000008,0.0039378,-0.001805,0.000147,0.0017982000000000002,-0.00078600000000000024,0.0039274000000000002,0.0034762,0.0042383999999999998,0.0030081999999999999,0.0010178000000000001,-0.0014318,-0.0040002000000000006,-4.6200000000000147e-05,0.0031000000000000003,-0.0066428000000000008,-0.0031202000000000001,0.0089444000000000017,0.0033366000000000003,-0.0016178,-0.0048386000000000002,-0.00062299999999999986,-0.0091514000000000005,-0.0012228,-0.0033894000000000007,0.0031305999999999999,-0.0033619999999999991,0.0142708,0.0010172000000000002,-0.0124028,0.00014440000000000004,0.013321800000000002,-0.0065759999999999994,0.0052984,0.0055648,-0.013130399999999997,-0.0047499999999999999,-0.011417399999999999,0.0047888000000000002,0.007551200000000001,-0.00032939999999999966,0.0050696000000000005,-0.0034954000000000001,-0.0019302,0.00142,-0.00064479999999999984,-0.0021341999999999997,0.0022247999999999999,0.0025416000000000002,-0.0018400000000000003,-0.0034776,-0.0028212000000000003,0.0015612,-0.00099740000000000028,-0.0041970000000000002,-0.00090740000000000005,0.0016510000000000001,0.00081840000000000038,-0.0017635999999999997,8.9999999999999992e-05,-0.0031538,0.00044140000000000021,0.0012042000000000001,0.0031686000000000006,0.00051439999999999993,-0.0027614000000000002,0.0089421999999999991,0.0032275999999999997,-0.0021957999999999995,0.0020676000000000002,0.0033224000000000001,-0.0015648000000000001,0.0065420000000000001,-0.0017358,-0.0010166000000000003,-0.0027206000000000001,0.0014790000000000003,0.0036435999999999999,-0.00043460000000000005,-0.0054181999999999998,0.0035627999999999996,0.0027529999999999998,-0.00084579999999999985,0.0006559999999999999,0.00048479999999999921,-0.0010307999999999999,-0.00070379999999999987,-0.0033552,-0.0019289999999999997,-0.010701,0.0065897999999999998,-0.0056380000000000006,-0.0028462000000000001,-0.0072022000000000006,0.0029905999999999999,-0.0018817999999999999,-0.0011852,-0.00013259999999999986,-0.0023395999999999998,0.001237,0.00022300000000000005,-0.0034351999999999998,0.00080920000000000005,-0.0026676,-0.0012404,0.0026149999999999997,-0.00097519999999999996,-0.00033399999999999988,-0.0031923999999999998,-0.0010114,0.00107,0.0020087999999999998,-0.0036681999999999999,0.0029721999999999999,-0.00017679999999999996,0.00020319999999999995,0.00084340000000000001,-0.0070963999999999992,0.0032406000000000006,0.0018833999999999999,-0.0025049999999999998,0.00031540000000000019,0.0032734000000000001,0.0016646,0.0047796000000000002,-0.00034839999999999996,0.0030098,-0.0030539999999999999,0.0013276,0.00941,0.0018776000000000001,0.00095459999999999989,0.0010147999999999999,0.00077760000000000004,-0.0060898000000000002,0.0042032000000000007,-0.0061773999999999996,0.0067306000000000006,-0.0027210000000000003,-0.0022661999999999995,-0.00087100000000000003,-0.0015791999999999998,-0.0035025999999999998,0.0072872000000000006,-0.0091572000000000008,0.0030546000000000002,0.0035019999999999999,0.00059700000000000009,0.0047016000000000002,-0.016891,0.00022219999999999965,-0.00043360000000000002,-0.00054979999999999992,0.0017865999999999997,0.00034540000000000005,-0.00023099999999999992,-0.00064220000000000011,-7.9400000000000087e-05,0.0020117999999999998,-0.0017932,-0.00041759999999999985,0.0017329999999999999,-0.0019486,0.0029064,0.00046559999999999993,0.001469,6.3800000000000141e-05,0.00030140000000000001,-0.0011339999999999998,0.0020977999999999999,5.0599999999999929e-05,0.00011659999999999991,0.00044259999999999997,0.0015176000000000002,1.2000000000000075e-05,-0.0010062000000000001,0.0021266000000000002,0.0031044000000000002,0.0010474000000000004,-0.0014847999999999999,-0.0032504000000000001,-0.00080780000000000001,-0.0012850000000000001,-0.0018190000000000001,-0.0010089999999999999,0.0026599999999999996,-0.0013161999999999998,-0.00017260000000000008,0.0040806000000000002,-0.00036279999999999998,0.00055919999999999993,0.0011682000000000001,0.0021890000000000004,0.0014547999999999994,0.0018647999999999996,-8.3999999999999873e-06,0.0017158,-0.0015524,0.0008518000000000001,-0.0057071999999999999,-0.00097339999999999992,0.0024268000000000002,-0.00028479999999999998,-0.0021003999999999997,0.0032368000000000002,-0.0041811999999999995,-5.5799999999999838e-05,-0.0021736000000000004,0.0050386000000000007,0.0079956000000000003,-0.0038073999999999998,0.0003340000000000001,-0.0024117999999999987,-0.0030897999999999998,-0.00011960000000000009,0.00093880000000000005,0.0018783999999999999,0.0006244,-0.00097879999999999994,0.00099659999999999983,-4.0200000000000056e-05,0.00061400000000000007,-0.0016429999999999999,-0.00081359999999999994,0.0014717999999999999,-0.00071600000000000006,-0.00032059999999999999,0.00082640000000000014,0.00092460000000000014,-0.0023494000000000002,4.9399999999999954e-05,-0.0035933999999999996,0.0022915999999999995,0.0007092,-0.00012659999999999988,0.0016052000000000002,-0.00042759999999999977,-0.0043446000000000005,-0.00090980000000000011,-7.7799999999999967e-05,0.00036439999999999975,0.00027699999999999979,0.00089659999999999978,0.0028530000000000001,9.0600000000000142e-05,-0.0024768000000000004,0.0023902000000000003,0.0013545999999999999,-0.00028639999999999991,0.0033135999999999999,0.0022374000000000001,-0.0017115999999999998,0.0040328000000000004,0.00011180000000000001,-0.0006381999999999999,-0.001199,-0.0014734000000000001,0.0024711999999999998,0.0010141999999999998,-0.0013136000000000001,-0.0015956000000000002,-0.0023016,-0.0031685999999999997,0.0012612000000000001,-0.0041857999999999999,2.7000000000000114e-05,0.0040790000000000002,-0.0032362000000000007,-0.0018314,0.0024140000000000003,-0.0021180000000000001,0.0050943999999999998,0.00022499999999999994,0.00082879999999999998,0.0023740000000000002,-0.0045485999999999999,0.0019903999999999998,-0.0019076000000000002,-0.0053172000000000002,0.00081140000000000021,-0.0022756000000000005,0.0019070000000000003,-0.0022054000000000002,0.00035000000000000005,0.0010055999999999999,-0.0014414,0.0012126000000000001,0.00092180000000000018,-0.0016279999999999999,-0.00039879999999999994,-0.00042099999999999999,0.0011036000000000002,-0.00022279999999999999,-0.0010257999999999999,5.4200000000000016e-05,0.00052020000000000007,-0.00018820000000000002,0.0014498000000000002,-0.00031099999999999975,-0.00019860000000000006,0.001261,0.0006998000000000002,-0.00059000000000000003,0.0014091999999999998,0.0011306000000000001,-0.0024808,0.0015542000000000002,-0.00024439999999999998,-0.0023582,-4.379999999999998e-05,-0.00031259999999999995,-0.00074199999999999993,-0.0026614,-0.0022787999999999997,0.00046919999999999997,-0.0013356000000000002,-0.0017395999999999998,0.0015904000000000001,-0.0019642000000000001,0.00066640000000000004,-0.00072919999999999994,-0.00030179999999999996,-0.00082379999999999997,0.0014349999999999999,1.9799999999999885e-05,0.0032750000000000001,0.00022199999999999995,0.00045800000000000018,0.0014865999999999998,-0.0016672,0.0011965999999999999,0.0014962,-0.0001284,0.00058099999999999981,0.0032473999999999997,-0.0026337999999999999,-0.00062019999999999979,-0.0028767999999999997,-0.00070760000000000007,0.00012379999999999997,-0.0039433999999999997,0.0023368,0.00089639999999999989,-0.00027820000000000004,0.0051538,-0.0016823999999999999,-0.0010462,0.0018452,-0.0030372000000000003,0.0019678,-0.00022719999999999978,0.0013246,0.0038688000000000004,-0.0057778000000000005,-0.00079600000000000005,-0.0020341999999999999,-0.0013682000000000004,-0.00023559999999999976
aug_between_class_right_pair0051_child06,TLE,1,1,Augmented,0,0,0,0,0,0.29102699999999998,1.8834944999999998,6.9999999999999997e-07,-9.9999999999999995e-07,6.9999999999999986e-07,0.92129880000000008,-3.0000000000000004e-07,0.040767499999999998,-0.14188600000000001,0.027554500000000003,0.10844129999999999,-0.10831259999999999,0.0724157,-0.0056550999999999988,0.009536600000000001,-0.020083199999999999,-0.072115899999999997,0.37519130000000001,-0.081752499999999992,0.008386099999999997,0.044693499999999997,-0.018631999999999999,-0.019077999999999998,-0.0059025999999999992,-0.0531943,0.026300800000000003,0.034769000000000001,-0.0491831,-0.0019019000000000002,-0.073078500000000005,0.010045500000000001,0.038990300000000006,-0.021336500000000001,0.0097932000000000002,0.010934899999999999,-0.050157300000000002,0.044552899999999999,-0.046785500000000001,-0.031517900000000001,0.079973799999999998,-0.021038599999999998,0.1858532,-0.051156699999999999,0.015231100000000001,-0.0067982000000000008,-0.0033173000000000005,-0.0149876,0.0052518999999999986,0.044382699999999997,-0.0084188000000000006,-0.0092016000000000008,-0.010290000000000001,-0.031925000000000002,0.0203968,0.021600600000000001,0.017272100000000002,0.018622899999999998,-0.024918200000000001,-0.0053167999999999991,0.017246999999999998,-0.044064300000000001,0.0021127000000000003,0.011565599999999997,0.015742799999999998,0.036866099999999999,-0.074632799999999999,-0.017590799999999997,-0.024741199999999998,-0.015794099999999998,0.024098700000000001,0.0018208,0.0011898,0.015518200000000001,0.00025700000000000028,0.0039775000000000001,0.00071320000000000064,0.0107692,-0.0011663999999999997,-0.0046075000000000005,0.0014660999999999999,0.0019380999999999999,-0.018237200000000002,0.0079697999999999991,0.0062906999999999998,0.0047723999999999996,-0.0040329000000000007,-0.0081023999999999992,0.0108401,-0.016793699999999998,-0.009836000000000001,-0.0058678999999999997,-0.0079443999999999973,0.00026349999999999985,-0.0054225000000000002,-0.00062589999999999955,0.00065249999999999857,-0.0044206000000000002,0.004384100000000001,0.0094653000000000011,0.0028171000000000003,0.0195268,-0.0016251000000000008,0.0015231999999999997,0.00082820000000000007,-0.0041054000000000004,-0.0026379000000000003,0.0064979000000000009,-0.0068310000000000003,0.0055158999999999981,-0.0035258000000000004,0.0081799000000000004,-0.0103696,-0.0054415000000000002,0.0097322999999999993,0.0066240000000000005,0.0042840000000000005,0.0011028999999999995,0.0076147000000000003,-0.0041194999999999999,0.0018148999999999999,-0.015682000000000001,0.014747400000000001,-0.0059281999999999989,0.0041308999999999998,0.0121596,-0.0045899000000000001,0.0034697000000000009,-0.003907400000000001,-0.0084107999999999995,0.0079763000000000004,0.0069007000000000001,-0.0038452,0.0016277000000000004,-0.0142238,-0.0064726000000000002,-0.0080166999999999999,-0.009053499999999999,0.0050379999999999999,0.0026699999999999992,0.0010497999999999987,-0.0006251999999999998,0.00094239999999999949,-0.0019983000000000002,-0.00014100000000000004,0.00076830000000000008,0.0033825999999999999,-0.0019994999999999995,0.00011850000000000012,0.0023343999999999999,-0.00071450000000000029,0.0043262999999999999,0.0035999000000000001,0.0046357999999999998,0.0032103999999999995,0.0010126,-0.0011865999999999999,-0.003358400000000001,0.00019509999999999992,0.0033284999999999999,-0.0061246000000000009,-0.0033439000000000003,0.0087843000000000001,0.0029152000000000002,-0.0010951000000000003,-0.0047236999999999999,-0.00055499999999999994,-0.0094587999999999998,-0.0012206000000000001,-0.0026973000000000006,0.0032431999999999999,-0.0033779999999999995,0.0145261,0.00081290000000000008,-0.0123991,0.00083529999999999965,0.0135056,-0.0072449999999999988,0.0045003000000000005,0.0064650999999999997,-0.014360799999999996,-0.0052655000000000011,-0.011112299999999999,0.0052651,0.0077388999999999999,-0.00086229999999999987,0.0058977000000000005,-0.0036503000000000004,-0.0016469000000000002,0.001343,-0.00044410000000000022,-0.0022488999999999999,0.0022151000000000002,0.0022612000000000001,-0.0021735000000000001,-0.0036427,-0.0030164000000000007,0.0012343999999999999,-0.00080130000000000045,-0.0043030000000000004,-0.0007243000000000001,0.0014830000000000002,0.00097329999999999986,-0.0019912000000000003,0.00024099999999999995,-0.0036606000000000004,0.00088580000000000039,0.0010338999999999999,0.0036562000000000005,0.00096079999999999994,-0.0020448000000000003,0.0094698999999999998,0.0035721999999999998,-0.0026300999999999998,0.0017562000000000003,0.0032447999999999999,-0.0014066000000000003,0.0071599999999999997,-0.0017400999999999996,-0.00058370000000000036,-0.0027851999999999998,0.0007045000000000007,0.0036177000000000006,-0.00036620000000000001,-0.0056153999999999996,0.0039020999999999995,0.002369,-0.00047610000000000013,-0.0002329999999999997,-0.00066790000000000013,-0.0017840999999999996,-0.00072609999999999971,-0.0029184000000000002,-0.0016405,-0.0107715,0.0070315999999999998,-0.0052645000000000001,-0.0034213999999999998,-0.0076364000000000007,0.0030942000000000001,-0.0019986000000000001,-0.0013323999999999996,-0.00022969999999999989,-0.0022926999999999999,0.00098550000000000026,0.00038099999999999999,-0.0033338999999999999,0.0010273999999999999,-0.0025861999999999999,-0.0014312999999999999,0.0026595,-0.0012664,-0.00063949999999999999,-0.0030312999999999998,-0.0006688000000000001,0.00096049999999999998,0.0022991000000000001,-0.0040079,0.0031669000000000003,-0.00016260000000000005,0.00014639999999999998,0.00012980000000000001,-0.0070822999999999997,0.0031572000000000006,0.0018587999999999999,-0.002104,1.3000000000001942e-06,0.0034418000000000001,0.0015657000000000002,0.0049471999999999997,-0.00060129999999999992,0.0030055999999999998,-0.0030165000000000001,0.0016946999999999995,0.0093474999999999999,0.0016947000000000002,0.0010916999999999999,0.0013695999999999997,0.0004682,-0.0061586000000000002,0.0046609000000000008,-0.0060533000000000002,0.0062527000000000008,-0.0024160000000000002,-0.0021894000000000002,-0.0008005,-0.0015158999999999997,-0.0035057,0.0077133999999999996,-0.0089423999999999997,0.0025332000000000002,0.0031709999999999993,0.00029099999999999997,0.0044807000000000007,-0.016433,0.00055039999999999972,-0.00034020000000000014,-0.00034610000000000001,0.0019361999999999999,0.00034029999999999998,-0.00023949999999999997,-0.00034940000000000014,-0.00013729999999999992,0.0021170999999999998,-0.0020273999999999995,-0.00054269999999999958,0.0016635,-0.0022221999999999997,0.0028008,0.00052070000000000003,0.0015415000000000001,-0.00018939999999999983,0.00028429999999999997,-0.0013544999999999996,0.0022891000000000001,0.00028469999999999993,0.00047319999999999968,0.00037770000000000002,0.0017811999999999999,-3.6999999999999924e-05,-0.00081190000000000006,0.0024356999999999998,0.0029788000000000002,0.0016132999999999998,-0.0015516000000000002,-0.0034463000000000002,-0.00092109999999999989,-0.00099200000000000026,-0.0019664999999999999,-0.00090150000000000007,0.0026774999999999998,-0.0012748999999999998,-0.00044969999999999993,0.0041697000000000001,-0.00035710000000000001,0.00092989999999999978,0.0012149000000000001,0.0017190000000000005,0.0020545999999999997,0.0021670999999999999,-0.00021929999999999996,0.0016341000000000001,-0.0011728000000000003,0.0010420999999999998,-0.0056029000000000001,-0.0010392999999999999,0.0023121000000000001,-0.0011265999999999993,-0.0023087999999999997,0.0034286,-0.0048024000000000001,0.00029040000000000023,-0.0018137000000000001,0.0058481999999999996,0.0073562000000000002,-0.0041232999999999999,0.00081349999999999977,-0.0028160999999999993,-0.0034425999999999997,3.1799999999999851e-05,0.0010050999999999999,0.0018088000000000002,0.00069729999999999998,-0.00067760000000000021,0.0010627000000000002,4.8599999999999989e-05,0.00040950000000000014,-0.001544,-0.0011761999999999996,0.0016505999999999999,-0.00066700000000000006,-0.00033069999999999996,0.00080880000000000004,0.00065320000000000016,-0.0022693000000000001,9.0299999999999972e-05,-0.0035733000000000002,0.0024151999999999997,0.00081390000000000011,-0.00050319999999999976,0.0018163999999999997,-0.00062169999999999977,-0.0042852000000000003,-0.00079210000000000001,-0.00010309999999999996,0.00076079999999999974,0.000339,0.0011757,0.0030099999999999997,8.92e-05,-0.0025791,0.0027493999999999999,0.0012932000000000002,-0.00043879999999999993,0.0034562,0.0021852999999999998,-0.0020896999999999999,0.0041440999999999995,0.00015610000000000005,-0.00075339999999999988,-0.0010660000000000001,-0.0016272999999999999,0.0028498999999999998,0.0012374,-0.0013761999999999999,-0.0014177,-0.0025382,-0.0033857000000000002,0.0010813999999999999,-0.0045370999999999996,3.5499999999999941e-05,0.0041869999999999997,-0.0034604000000000006,-0.0015953,0.0024265000000000003,-0.001787,0.0055503000000000002,8.5000000000000223e-05,0.0009651000000000002,0.0025314999999999999,-0.0042922000000000004,0.0023217999999999997,-0.0017767,-0.0054383999999999995,0.00045280000000000016,-0.0032382000000000001,0.0015235000000000003,-0.0020263,0.00026850000000000002,0.0010566999999999998,-0.0015173000000000001,0.0014302,0.00085809999999999988,-0.0021559999999999999,-0.00065709999999999987,-0.00046249999999999991,0.0010072,-0.00023609999999999999,-0.0011150999999999999,-1.0600000000000041e-05,0.00088039999999999982,6.0999999999999314e-06,0.0012980999999999999,-0.00045149999999999964,-0.00034669999999999997,0.0012600000000000003,0.00083010000000000007,-0.00067200000000000007,0.0015368999999999999,0.0013076999999999997,-0.0021570999999999999,0.0013049000000000001,-0.00018579999999999996,-0.0024713999999999999,-0.00011209999999999996,-0.00040019999999999997,-0.00084349999999999985,-0.0028212999999999997,-0.0025395999999999995,0.00037090000000000007,-0.0014212000000000001,-0.0018446999999999997,0.0016337999999999999,-0.0018933999999999999,0.00064780000000000003,-0.00084539999999999984,-0.00060909999999999979,-0.00094759999999999994,0.0014694999999999999,0.00029959999999999975,0.0033734999999999998,0.00031999999999999992,0.00019500000000000019,0.0012907000000000001,-0.0014514,0.0013292,0.0014793999999999999,4.0200000000000001e-05,0.00060749999999999986,0.0033697999999999996,-0.0029331000000000001,-0.00086340000000000006,-0.0028996000000000004,-0.00087720000000000007,0.00023759999999999987,-0.0041798,0.0024161000000000005,0.0010947999999999997,-0.00026939999999999999,0.0052541000000000003,-0.0017607999999999999,-0.0010388999999999999,0.0018749000000000001,-0.0027959,0.0019016,-0.00058589999999999977,0.0011607000000000002,0.0034561000000000001,-0.0060080999999999997,-0.0008650000000000001,-0.0020144,-0.00086290000000000065,-0.00042319999999999988
aug_between_class_right_pair0051_child07,TLE,1,1,Augmented,0,0,0,0,0,0.29005399999999998,1.8780289999999999,7.9999999999999996e-07,-9.9999999999999995e-07,8.0000000000000007e-07,0.9086592,-1.9999999999999994e-07,0.041850999999999999,-0.14088700000000001,0.028928000000000002,0.1121152,-0.11256240000000001,0.072021800000000011,-0.0076794000000000012,0.0097514000000000003,-0.018752799999999997,-0.074489600000000003,0.3744152,-0.084338999999999997,0.0089723999999999984,0.046142000000000002,-0.024519000000000003,-0.018890999999999998,-0.0067664000000000005,-0.051901199999999995,0.0263252,0.034804000000000002,-0.048224400000000001,-0.0024795999999999998,-0.071125999999999995,0.0087379999999999992,0.037431199999999998,-0.021828,0.011681800000000003,0.0126996,-0.051400200000000007,0.044648599999999997,-0.045545000000000002,-0.034528600000000007,0.077826199999999998,-0.022703399999999999,0.18444179999999999,-0.049810800000000002,0.0165094,-0.0070948000000000001,-0.0028712,-0.0146634,0.0058836000000000001,0.045904800000000003,-0.0087352000000000003,-0.0095884000000000004,-0.010055,-0.033926000000000005,0.0208722,0.020732399999999998,0.016414399999999999,0.018458599999999999,-0.027498800000000004,-0.0071441999999999999,0.016778999999999999,-0.042898199999999997,0.0012427999999999992,0.014666400000000001,0.016586200000000002,0.036653400000000003,-0.071182200000000001,-0.018212199999999998,-0.023740799999999999,-0.017177399999999999,0.023478800000000001,0.0018012000000000002,0.0017622000000000002,0.014680800000000001,-0.00091500000000000088,0.0042880000000000001,0.0014078000000000007,0.0110578,-0.0016906000000000004,-0.0050570000000000007,0.0018294000000000003,0.00041539999999999806,-0.017624799999999999,0.0086721999999999997,0.0062068000000000002,0.0039295999999999984,-0.0037396,-0.0073365999999999995,0.011098400000000001,-0.016905799999999999,-0.010008,-0.0069976000000000005,-0.0094695999999999999,0.00064500000000000017,-0.0042880000000000001,-0.00061859999999999997,0.00045899999999999934,-0.0039364000000000014,0.0030864,0.0080951999999999986,0.0021043999999999998,0.0186372,0.00029660000000000103,0.0025648000000000008,0.00089380000000000015,-0.0039205999999999998,-0.0024766000000000002,0.0062186000000000003,-0.0071260000000000004,0.006737599999999999,-0.0037782000000000002,0.008273599999999999,-0.010464399999999999,-0.0056500000000000005,0.0097082000000000002,0.0062990000000000008,0.0036709999999999994,0.0016236000000000002,0.0073247999999999994,-0.0048720000000000005,0.0016175999999999999,-0.016253999999999998,0.0148486,-0.0061067999999999999,0.004955600000000001,0.012589399999999999,-0.0043216000000000001,0.0022667999999999994,-0.0031986000000000002,-0.0091111999999999999,0.0069861999999999997,0.0082588000000000019,-0.0037917999999999997,0.00075579999999999983,-0.0143602,-0.0065643999999999997,-0.0078778000000000008,-0.0093559999999999997,0.005372,0.0031529999999999996,0.0025052,-0.0012568000000000004,0.0010476000000000001,-0.0022122000000000001,-7.6000000000000004e-05,0.0011052000000000002,0.0028273999999999994,-0.0021939999999999998,9.000000000000067e-05,0.0028706000000000001,-0.00064299999999999991,0.0047252000000000006,0.0037235999999999997,0.0050331999999999998,0.0034126,0.0010074000000000001,-0.00094140000000000001,-0.0027165999999999996,0.00043639999999999977,0.0035570000000000011,-0.0056064000000000001,-0.0035676000000000006,0.0086242000000000003,0.0024938,-0.00057239999999999971,-0.0046087999999999997,-0.00048700000000000002,-0.0097661999999999992,-0.0012184000000000001,-0.0020051999999999987,0.0033557999999999999,-0.003393999999999999,0.0147814,0.00060859999999999994,-0.012395400000000001,0.0015262000000000001,0.013689400000000001,-0.0079139999999999992,0.0037021999999999997,0.0073654000000000011,-0.0155912,-0.0057810000000000005,-0.010807199999999999,0.0057414000000000007,0.0079266000000000007,-0.0013952000000000001,0.0067258000000000005,-0.0038051999999999999,-0.0013635999999999998,0.001266,-0.00024339999999999995,-0.0023636,0.0022053999999999997,0.0019808,-0.0025070000000000005,-0.0038078000000000001,-0.0032116000000000002,0.00090759999999999973,-0.00060520000000000018,-0.0044090000000000006,-0.00054119999999999993,0.0013149999999999998,0.0011281999999999998,-0.0022188000000000004,0.00039200000000000004,-0.0041673999999999999,0.0013302000000000006,0.00086359999999999996,0.0041438000000000004,0.0014071999999999999,-0.001328199999999999,0.0099975999999999988,0.0039167999999999998,-0.0030644000000000001,0.0014447999999999998,0.0031672000000000002,-0.0012483999999999998,0.0077780000000000002,-0.0017444000000000001,-0.00015079999999999976,-0.0028498,-7.0000000000000075e-05,0.0035918,-0.00029779999999999997,-0.0058125999999999994,0.0042414000000000002,0.0019849999999999998,-0.00010639999999999998,-0.0011220000000000006,-0.0018206000000000014,-0.0025374000000000004,-0.00074839999999999998,-0.0024815999999999996,-0.0013520000000000003,-0.010841999999999999,0.0074734000000000007,-0.0048909999999999995,-0.0039966000000000003,-0.0080706000000000007,0.0031977999999999998,-0.0021153999999999999,-0.0014796000000000002,-0.00032680000000000003,-0.0022458000000000001,0.00073399999999999995,0.00053899999999999998,-0.0032326,0.0012455999999999999,-0.0025047999999999997,-0.0016222000000000005,0.0027039999999999998,-0.0015575999999999999,-0.0009450000000000002,-0.0028701999999999998,-0.0003261999999999998,0.00085099999999999987,0.0025894000000000004,-0.0043476000000000001,0.0033616000000000002,-0.00014840000000000003,8.9599999999999901e-05,-0.00058380000000000042,-0.0070682000000000002,0.0030737999999999998,0.0018341999999999998,-0.0017029999999999999,-0.00031280000000000012,0.0036102,0.0014667999999999999,0.0051148000000000001,-0.00085420000000000005,0.0030014,-0.0029789999999999999,0.0020617999999999999,0.0092849999999999999,0.0015118000000000002,0.0012287999999999999,0.0017244000000000001,0.00015879999999999996,-0.0062274000000000001,0.0051185999999999992,-0.0059292000000000008,0.0057748000000000001,-0.002111,-0.0021126000000000001,-0.00072999999999999996,-0.0014525999999999999,-0.0035087999999999999,0.0081396000000000003,-0.0087275999999999986,0.0020117999999999998,0.0028400000000000001,-1.5000000000000256e-05,0.0042598000000000002,-0.015975,0.0008786,-0.00024679999999999998,-0.00014239999999999988,0.0020858000000000001,0.00033520000000000012,-0.00024800000000000001,-5.6599999999999858e-05,-0.00019520000000000019,0.0022223999999999998,-0.0022615999999999999,-0.00066779999999999975,0.0015939999999999999,-0.0024957999999999998,0.0026952,0.00057580000000000001,0.001614,-0.00044260000000000008,0.00026719999999999999,-0.0015750000000000002,0.0024803999999999998,0.00051880000000000025,0.00082980000000000022,0.00031280000000000001,0.0020448000000000003,-8.5999999999999922e-05,-0.00061759999999999983,0.0027448000000000004,0.0028532000000000002,0.0021792000000000009,-0.0016184000000000003,-0.0036422,-0.0010344,-0.00069899999999999975,-0.0021140000000000004,-0.00079399999999999989,0.0026949999999999995,-0.0012335999999999998,-0.0007268000000000001,0.0042588000000000001,-0.00035139999999999998,0.0013006000000000001,0.0012616000000000001,0.0012489999999999997,0.0026543999999999999,0.0024694000000000001,-0.00043019999999999951,0.0015524,-0.00079319999999999987,0.0012324000000000002,-0.0054986000000000002,-0.0011052000000000002,0.0021974,-0.0019683999999999999,-0.0025171999999999998,0.0036203999999999997,-0.0054236000000000006,0.00063660000000000051,-0.0014537999999999997,0.006657800000000001,0.0067168000000000002,-0.0044391999999999999,0.0012930000000000001,-0.0032204,-0.0037954,0.00018319999999999995,0.0010714000000000001,0.0017392000000000002,0.00077020000000000007,-0.00037639999999999988,0.0011288000000000001,0.00013739999999999998,0.00020499999999999997,-0.0014450000000000001,-0.0015387999999999999,0.0018294000000000001,-0.00061799999999999995,-0.00034080000000000004,0.00079120000000000004,0.00038179999999999996,-0.0021892000000000001,0.00013119999999999999,-0.0035531999999999998,0.0025387999999999999,0.00091860000000000032,-0.00087980000000000013,0.0020276000000000001,-0.00081579999999999999,-0.0042258,-0.00067440000000000002,-0.00012839999999999998,0.0011572000000000002,0.00040099999999999988,0.0014548000000000002,0.0031670000000000005,8.7800000000000074e-05,-0.0026814000000000004,0.0031086000000000004,0.0012317999999999999,-0.00059119999999999995,0.0035987999999999997,0.0021332,-0.0024678000000000005,0.0042553999999999995,0.00020039999999999999,-0.00086859999999999997,-0.00093299999999999991,-0.0017812000000000001,0.0032285999999999999,0.0014606000000000007,-0.0014388000000000001,-0.0012397999999999999,-0.0027748,-0.0036027999999999998,0.0009015999999999998,-0.0048884000000000002,4.3999999999999985e-05,0.0042950000000000002,-0.0036846000000000005,-0.0013592000000000001,0.0024389999999999998,-0.0014559999999999998,0.0060061999999999997,-5.4999999999999927e-05,0.0011014000000000002,0.002689,-0.0040358,0.0026532000000000001,-0.0016458,-0.0055595999999999996,9.4200000000000013e-05,-0.0042008000000000011,0.0011400000000000002,-0.0018472,0.00018699999999999999,0.0011077999999999999,-0.0015932000000000001,0.0016478,0.00079439999999999979,-0.0026840000000000006,-0.00091540000000000002,-0.000504,0.00091079999999999991,-0.00024939999999999999,-0.0012044,-7.5400000000000098e-05,0.0012406000000000006,0.0002004000000000001,0.0011464000000000001,-0.00059199999999999986,-0.0004948000000000001,0.0012590000000000001,0.00096040000000000036,-0.00075400000000000011,0.0016646000000000002,0.0014848000000000003,-0.0018333999999999998,0.0010555999999999999,-0.00012720000000000006,-0.0025846000000000003,-0.00018040000000000005,-0.00048780000000000004,-0.00094499999999999988,-0.0029811999999999998,-0.0028003999999999998,0.00027259999999999996,-0.0015068000000000002,-0.0019498,0.0016772,-0.0018226,0.0006291999999999999,-0.00096160000000000006,-0.00091640000000000005,-0.0010714000000000001,0.0015039999999999999,0.0005794000000000001,0.0034719999999999998,0.00041800000000000002,-6.8000000000000027e-05,0.0010947999999999999,-0.0012355999999999999,0.0014618000000000003,0.0014625999999999999,0.0002088000000000002,0.00063399999999999991,0.0034921999999999996,-0.0032324000000000003,-0.0011066000000000003,-0.0029224000000000003,-0.0010468000000000001,0.00035139999999999998,-0.0044162000000000003,0.0024954000000000005,0.0012932000000000002,-0.00026059999999999999,0.0053543999999999996,-0.0018392,-0.0010316000000000001,0.0019046000000000002,-0.0025545999999999998,0.0018354000000000001,-0.00094460000000000019,0.00099679999999999994,0.0030433999999999999,-0.0062383999999999998,-0.00093400000000000004,-0.0019946,-0.00035760000000000002,-0.0006108000000000001
aug_between_class_right_pair0051_child08,TLE,1,1,Augmented,0,0,0,0,0,0.28908099999999998,1.8725635,8.9999999999999996e-07,-9.9999999999999995e-07,9.0000000000000007e-07,0.89601960000000003,-9.9999999999999982e-08,0.0429345,-0.13988800000000001,0.030301500000000002,0.11578910000000001,-0.1168122,0.071627900000000008,-0.0097037000000000009,0.0099662000000000014,-0.017422399999999998,-0.076863299999999996,0.3736391,-0.086925499999999989,0.0095586999999999998,0.047590500000000001,-0.030406000000000006,-0.018703999999999998,-0.0076301999999999984,-0.050608099999999996,0.026349600000000001,0.034839000000000002,-0.047265700000000001,-0.0030573000000000002,-0.069173499999999999,0.0074304999999999996,0.035872100000000004,-0.022319500000000003,0.013570400000000002,0.014464299999999999,-0.052643100000000005,0.044744300000000001,-0.044304499999999997,-0.037539300000000005,0.075678599999999999,-0.0243682,0.18303040000000001,-0.048464899999999998,0.0177877,-0.0073914000000000011,-0.0024250999999999995,-0.0143392,0.0065152999999999999,0.047426900000000001,-0.0090515999999999999,-0.0099752,-0.0098199999999999989,-0.035927000000000001,0.021347599999999998,0.019864199999999999,0.0155567,0.018294299999999999,-0.030079399999999999,-0.0089715999999999997,0.016310999999999999,-0.041732100000000001,0.00037289999999999979,0.0177672,0.0174296,0.036440699999999999,-0.067731600000000003,-0.018833599999999999,-0.022740400000000001,-0.018560699999999999,0.022858899999999998,0.0017816000000000004,0.0023346000000000005,0.0138434,-0.0020869999999999994,0.0045985000000000002,0.0021024000000000008,0.0113464,-0.0022147999999999994,-0.005506500000000001,0.0021927000000000001,-0.0011073000000000012,-0.0170124,0.0093745999999999986,0.0061229000000000006,0.0030867999999999989,-0.0034463000000000002,-0.0065707999999999999,0.011356700000000001,-0.017017899999999999,-0.01018,-0.0081273000000000005,-0.010994799999999999,0.0010264999999999999,-0.0031534999999999992,-0.00061129999999999995,0.00026550000000000011,-0.0034522000000000008,0.0017887000000000001,0.0067250999999999995,0.0013917000000000001,0.017747600000000002,0.0022182999999999977,0.0036064000000000005,0.00095940000000000012,-0.0037358000000000001,-0.0023153000000000002,0.0059392999999999998,-0.0074209999999999988,0.007959299999999999,-0.0040306000000000005,0.0083672999999999994,-0.010559199999999999,-0.0058585000000000009,0.0096840999999999993,0.005974000000000001,0.003058,0.0021443,0.0070349000000000002,-0.0056245000000000002,0.0014203000000000002,-0.016826000000000001,0.014949799999999999,-0.0062854,0.0057803000000000021,0.013019199999999998,-0.0040533000000000001,0.0010639,-0.0024898000000000003,-0.0098116000000000002,0.0059960999999999999,0.0096169000000000011,-0.0037383999999999998,-0.00011610000000000027,-0.0144966,-0.0066561999999999993,-0.0077388999999999999,-0.0096585000000000004,0.0057060000000000001,0.0036359999999999999,0.0039605999999999999,-0.0018884000000000004,0.0011527999999999998,-0.0024261,-1.0999999999999996e-05,0.0014421000000000002,0.0022721999999999998,-0.0023885,6.1499999999999923e-05,0.0034068000000000006,-0.00057149999999999996,0.0051241000000000012,0.0038472999999999997,0.0054305999999999998,0.0036148,0.0010022,-0.00069619999999999968,-0.0020747999999999999,0.00067770000000000005,0.0037854999999999998,-0.0050882000000000002,-0.0037913000000000005,0.0084641000000000004,0.0020723999999999998,-4.9699999999999866e-05,-0.0044939000000000003,-0.00041899999999999988,-0.010073599999999999,-0.0012162,-0.0013130999999999993,0.0034684,-0.0034099999999999994,0.0150367,0.0004042999999999998,-0.0123917,0.0022171000000000001,0.0138732,-0.0085830000000000004,0.0029040999999999997,0.0082657000000000008,-0.016821599999999999,-0.0062965,-0.0105021,0.0062177000000000005,0.0081143000000000014,-0.0019280999999999999,0.0075539000000000005,-0.0039600999999999994,-0.0010802999999999998,0.001189,-4.2699999999999899e-05,-0.0024783000000000001,0.0021957000000000001,0.0017003999999999999,-0.0028405000000000001,-0.0039728999999999997,-0.0034067999999999998,0.00058079999999999981,-0.00040910000000000013,-0.0045150000000000008,-0.00035809999999999998,0.001147,0.0012831000000000001,-0.0024464000000000005,0.00054299999999999997,-0.0046741999999999999,0.0017746000000000007,0.0006933000000000001,0.0046314000000000008,0.0018535999999999995,-0.00061159999999999947,0.0105253,0.0042614000000000003,-0.0034986999999999996,0.0011333999999999999,0.0030896000000000001,-0.0010901999999999999,0.0083960000000000007,-0.0017486999999999997,0.00028210000000000019,-0.0029143999999999997,-0.0008445000000000002,0.0035659000000000003,-0.00022940000000000005,-0.0060097999999999992,0.0045807,0.001601,0.00026330000000000017,-0.0020110000000000006,-0.0029733000000000008,-0.0032907000000000006,-0.00077069999999999981,-0.0020447999999999998,-0.0010635000000000006,-0.0109125,0.0079152000000000007,-0.0045175000000000007,-0.0045718,-0.0085047999999999999,0.0033014000000000003,-0.0022322000000000002,-0.0016267999999999999,-0.00042389999999999995,-0.0021989000000000002,0.00048249999999999996,0.00069700000000000014,-0.0031313000000000001,0.0014638000000000003,-0.0024234,-0.0018131,0.0027485000000000001,-0.0018488000000000003,-0.0012505000000000003,-0.0027090999999999999,1.6400000000000128e-05,0.00074149999999999997,0.0028797000000000002,-0.0046873000000000001,0.0035563000000000001,-0.00013420000000000001,3.279999999999993e-05,-0.0012974000000000004,-0.0070541000000000006,0.0029903999999999998,0.0018096,-0.0013019999999999998,-0.00062690000000000022,0.0037786,0.0013679,0.0052823999999999996,-0.0011071,0.0029972000000000002,-0.0029414999999999997,0.0024289000000000003,0.0092224999999999981,0.0013289,0.0013659,0.0020792000000000002,-0.00015060000000000052,-0.0062962000000000001,0.005576300000000001,-0.0058051000000000005,0.0052969000000000002,-0.0018060000000000001,-0.0020357999999999999,-0.00065950000000000015,-0.0013893,-0.0035119000000000001,0.0085658000000000002,-0.0085127999999999992,0.0014904,0.0025089999999999991,-0.0003210000000000001,0.0040388999999999998,-0.015517,0.0012068000000000001,-0.00015340000000000004,6.1300000000000067e-05,0.0022353999999999998,0.00033010000000000005,-0.00025649999999999995,0.0002362000000000001,-0.00025310000000000003,0.0023276999999999998,-0.0024957999999999994,-0.0007928999999999997,0.0015244999999999998,-0.0027694,0.0025896000000000001,0.00063089999999999999,0.0016864999999999998,-0.00069580000000000011,0.00025009999999999995,-0.0017954999999999996,0.0026717000000000004,0.00075290000000000014,0.0011864000000000002,0.0002478999999999999,0.0023084000000000004,-0.00013499999999999992,-0.00042329999999999993,0.0030539000000000005,0.0027276000000000002,0.0027451000000000003,-0.0016852000000000004,-0.0038381000000000005,-0.0011477,-0.00040599999999999995,-0.0022615000000000001,-0.00068649999999999994,0.0027124999999999996,-0.0011922999999999999,-0.0010039000000000003,0.0043479,-0.0003457,0.0016713000000000003,0.0013083000000000001,0.00077899999999999996,0.0032541999999999996,0.0027716999999999998,-0.00064109999999999992,0.0014707000000000001,-0.00041359999999999997,0.0014227000000000003,-0.0053943000000000003,-0.0011711,0.0020826999999999998,-0.0028102000000000005,-0.0027255999999999999,0.0038122,-0.0060447999999999995,0.00098280000000000025,-0.0010938999999999999,0.0074673999999999999,0.0060774000000000002,-0.0047551000000000008,0.0017725000000000002,-0.0036246999999999989,-0.0041481999999999995,0.00033459999999999995,0.0011377,0.0016696,0.00084310000000000006,-7.5199999999999931e-05,0.0011949000000000005,0.00022620000000000002,5.0000000000001215e-07,-0.0013460000000000002,-0.0019013999999999999,0.0020081999999999999,-0.00056899999999999995,-0.00035090000000000002,0.00077360000000000016,0.00011039999999999997,-0.0021091,0.00017210000000000006,-0.0035331,0.0026623999999999997,0.0010233,-0.0012564000000000002,0.0022388,-0.0010098999999999998,-0.0041664000000000007,-0.00055670000000000003,-0.00015369999999999997,0.0015535999999999996,0.00046299999999999998,0.0017339000000000002,0.0033240000000000001,8.640000000000004e-05,-0.0027837000000000001,0.0034678,0.0011704,-0.00074359999999999997,0.0037413999999999998,0.0020810999999999998,-0.0028458999999999997,0.0043666999999999994,0.00024469999999999993,-0.00098379999999999995,-0.00079999999999999993,-0.0019351000000000001,0.0036072999999999999,0.0016838000000000001,-0.0015014000000000002,-0.0010619,-0.0030114,-0.0038198999999999993,0.00072179999999999987,-0.0052396999999999999,5.2500000000000029e-05,0.0044030000000000007,-0.0039088000000000005,-0.0011231000000000001,0.0024515000000000001,-0.0011249999999999999,0.0064621000000000001,-0.00019500000000000008,0.0012377,0.0028465000000000001,-0.0037794,0.0029846,-0.0015149,-0.0056807999999999997,-0.00026440000000000014,-0.005163400000000002,0.00075650000000000023,-0.0016681000000000001,0.00010549999999999999,0.0011589,-0.0016691,0.0018654000000000006,0.00073069999999999993,-0.0032120000000000004,-0.0011737,-0.00054549999999999998,0.00081439999999999995,-0.00026270000000000004,-0.0012936999999999998,-0.00014019999999999994,0.0016008000000000003,0.00039470000000000011,0.00099469999999999984,-0.00073249999999999964,-0.00064289999999999996,0.001258,0.0010907000000000002,-0.00083599999999999994,0.0017922999999999999,0.0016619,-0.0015096999999999999,0.00080630000000000003,-6.8599999999999933e-05,-0.0026978000000000002,-0.00024870000000000003,-0.0005754,-0.0010464999999999999,-0.0031411,-0.0030611999999999996,0.00017429999999999995,-0.0015924000000000001,-0.0020548999999999993,0.0017206000000000001,-0.0017518,0.00061059999999999999,-0.0010777999999999999,-0.0012236999999999999,-0.0011952,0.0015385000000000002,0.00085920000000000007,0.0035704999999999999,0.00051599999999999997,-0.00033099999999999981,0.0008989,-0.0010198,0.0015943999999999999,0.0014458000000000001,0.00037740000000000017,0.00066049999999999974,0.0036145999999999999,-0.0035317000000000005,-0.0013498000000000002,-0.0029452000000000002,-0.0012164000000000001,0.00046519999999999998,-0.0046525999999999998,0.0025747000000000005,0.0014916000000000003,-0.00025179999999999999,0.0054546999999999998,-0.0019175999999999998,-0.0010242999999999997,0.0019342999999999999,-0.0023133000000000003,0.0017692000000000001,-0.0013033000000000003,0.00083290000000000002,0.0026306999999999997,-0.0064687,-0.001003,-0.0019748000000000001,0.00014770000000000017,-0.00079840000000000011
aug_between_class_right_pair0052_child05,TLE,1,1,Augmented,0,0,0,0,0,0.30147940000000001,1.9730681999999999,0,-1.5999999999999999e-06,0,0.96450340000000001,0,0.039012999999999999,-0.1346154,0.020784199999999999,0.084095000000000003,-0.083768200000000001,0.075856800000000002,-0.0091525999999999986,0.010315000000000001,-0.0291918,-0.0821186,0.31672460000000002,-0.0516164,-0.0240456,0.0580928,-0.011249599999999998,-0.024335799999999998,-0.0013203999999999998,-0.0588616,0.024920399999999999,0.024072400000000001,-0.044236399999999995,0.0043810000000000003,-0.087224200000000002,0.0148854,0.0568846,-0.016370800000000001,0.0066640000000000007,0.017573599999999998,-0.053073200000000001,0.020380799999999998,-0.066882200000000003,-0.0369016,0.087190999999999991,-0.035312999999999997,0.2027426,-0.0518244,0.0060009999999999994,0.00047079999999999995,-0.010283799999999999,-0.01324,0.0024919999999999999,0.030970399999999999,-0.0028203999999999998,-0.0097351999999999994,-0.015204800000000001,-0.0212578,0.0128402,0.0277174,0.016370799999999998,0.020534,-0.0115818,-0.014920199999999998,0.0181266,-0.052914000000000003,-0.0048085999999999997,0.015276399999999999,-0.0032598000000000002,0.035329199999999998,-0.099313600000000002,-0.0076982000000000005,-0.038237599999999997,-0.0134524,0.0079026000000000027,0.0023151999999999999,0.0003076,0.0189748,0.010435800000000002,0.00094979999999999999,-0.0013925999999999999,0.0055832,0.0034062000000000007,-0.0016237999999999999,0.00038119999999999994,0.0026810000000000002,-0.019359600000000001,0.0039259999999999998,0.0061427999999999995,-0.0024570000000000017,-0.003032,-0.0085262000000000011,0.016062199999999999,-0.012137,-0.0041117999999999997,-0.0034370000000000008,-4.3200000000000183e-05,0.0091731999999999994,-0.0118458,-0.00090360000000000006,0.0067908000000000005,-0.0071452000000000009,0.0015156000000000002,0.0224262,-0.0075414000000000019,0.022302800000000001,-0.022874399999999996,0.018715199999999998,0.00039299999999999974,-0.0024873999999999999,-0.0066746000000000002,0.0107128,-0.0021301999999999996,-0.011131800000000001,-0.0026966,0.005097,-0.0088909999999999996,-0.0035642,0.0064800000000000005,0.011895600000000001,0.0055487999999999996,0.0011840000000000002,0.0091804,0.00055100000000000027,0.0011876,-0.012653600000000001,0.01107,-0.010054400000000002,-0.0028408000000000001,0.0042211999999999996,-0.00051920000000000004,0.0095739999999999992,-0.0068874000000000001,-0.0037162000000000002,0.0056524000000000001,-0.00092040000000000004,-0.00068660000000000032,-0.0012016000000000002,-0.015038799999999998,-0.0017716000000000008,-0.017426799999999999,-0.0057263999999999995,0.0028807999999999998,-0.0067479999999999979,0.0040280000000000012,0.005536000000000001,-0.0076765999999999996,-0.0020693999999999999,0.00051500000000000005,0.0011402000000000003,0.0051370000000000001,-0.0016739999999999999,-0.00017040000000000024,0.0013037999999999997,-0.00064200000000000021,0.0020547999999999999,0.0017750000000000001,0.00023859999999999984,0.0069315999999999996,-0.0016720000000000001,-0.0051354,-0.0044507999999999995,-0.0016965999999999999,-0.0011248,-0.0039906000000000004,0.00014480000000000048,0.0078410000000000007,0.001789,-0.0032109999999999999,-0.0053043999999999999,-0.0053957999999999992,-0.0056765999999999995,-0.0020190000000000004,-0.0093138000000000006,0.0043049999999999998,0.0032983999999999999,0.0024692000000000004,0.0074387999999999998,-0.0060796000000000001,0.0030160000000000005,0.013812399999999999,-0.005007199999999999,0.00024759999999999995,0.0081714000000000005,-0.0110878,0.0034059999999999993,-0.012352399999999999,0.00026019999999999971,0.0074235999999999998,-0.0053436000000000004,-6.6199999999998899e-05,0.00037200000000000015,-0.0011088000000000001,0.00038239999999999997,-0.0011746,-0.0034058000000000001,-3.7399999999999933e-05,0.0028406000000000004,-0.0023700000000000001,-0.0019748000000000001,-0.0018309999999999999,0.00050399999999999967,0.00033019999999999989,-0.0023833999999999999,0.00022239999999999998,0.00053379999999999996,-0.0058428000000000004,-0.0012643999999999999,0.0016002,-0.0016280000000000001,-0.00072320000000000001,0.0040661999999999998,0.0026569999999999996,-0.0022568000000000002,-0.0034064,0.0078271999999999994,0.0012927999999999998,-0.0010218,0.0040211999999999999,0.0051431999999999997,-0.0038373999999999999,0.0070374000000000009,-9.2400000000000078e-05,5.560000000000005e-05,-0.0011066000000000001,-0.0014817999999999997,0.0095915999999999987,-0.0037661999999999999,0.0022477999999999999,0.0020517999999999999,-0.0014849999999999989,-0.0066161999999999992,0.0041364000000000001,0.0005897999999999997,0.0023476,0.0029111999999999996,0.00082120000000000023,0.0062254000000000007,-0.011596800000000001,0.0020875999999999998,-0.015983599999999997,-0.0017452000000000001,-0.0055369999999999994,0.0009982000000000003,-0.0012898,8.8600000000000202e-05,-0.0010222,-0.00067520000000000015,-0.0021346000000000004,-0.00081060000000000019,-0.00085400000000000005,-0.00086779999999999995,-0.0018462000000000001,-0.0011430000000000001,8.5999999999999705e-05,-0.00017560000000000001,0.0012639999999999999,-0.0023416000000000001,0.0014253999999999996,-0.0017428000000000001,0.0030968000000000002,-0.0020377999999999998,0.00098020000000000008,0.0010415999999999999,0.0027729999999999999,0.0035715999999999999,-0.0039940000000000002,0.0030244,0.0023021999999999999,-0.003271,-0.0017904000000000006,0.0017682000000000002,-0.0021679999999999998,0.0024356,0.00034959999999999999,-0.00018099999999999974,-0.0055364000000000003,0.0032700000000000003,0.0054190000000000002,0.00073320000000000004,0.0002494000000000001,0.0023316000000000001,0.00067000000000000002,-0.0025807999999999998,0.00085619999999999989,-0.0045169999999999993,0.003143,-0.002405,0.0056620000000000004,0.00020600000000000002,0.00015340000000000004,-0.00056119999999999955,0.00026120000000000006,-0.0042008000000000002,0.0027936000000000002,0.0097323999999999987,0.0021066000000000001,0.0090299999999999998,-0.011536999999999999,0.0074269999999999987,-0.00051420000000000003,0.00025460000000000001,0.0013359999999999999,0.0022842000000000001,0.0024781999999999998,0.00061479999999999998,0.001918,0.00026420000000000003,0.00047079999999999973,-0.00024719999999999983,0.00037339999999999986,-0.00057240000000000004,0.0023825999999999999,-8.680000000000005e-05,0.0003279999999999999,-0.00024139999999999996,0.00098639999999999991,0.0029398000000000002,-0.00057039999999999999,-0.0027732000000000008,0.00086219999999999992,0.0022932,-0.0014583999999999999,-0.0031490000000000003,-0.0031072000000000001,0.0027160000000000001,0.0024096,0.0012991999999999999,-0.00080920000000000005,-0.0014262000000000001,-0.0020119999999999999,-0.0026728000000000003,-0.0029098000000000001,0.00039980000000000007,-0.0017211999999999998,0.0012345999999999993,0.00064979999999999997,0.0042272000000000004,-0.0025355999999999998,-0.00048640000000000001,0.00047540000000000006,0.0034233999999999996,-0.00071020000000000002,-0.00091980000000000013,0.0076909999999999999,0.00017380000000000021,-0.0013140000000000003,0.0001710000000000002,0.0033560000000000005,-0.0027000000000000001,0.0017367999999999997,-0.00052279999999999948,0.0008246000000000002,0.0015675999999999997,-0.0043409999999999994,9.3600000000000107e-05,-0.0002024000000000001,2.1799999999999717e-05,0.011119199999999999,-0.0018316000000000001,0.0021508,0.0054668,-0.0067772000000000006,-0.00059780000000000011,0.00029359999999999998,0.00097199999999999999,0.0013418000000000002,-0.0015431999999999998,0.00031079999999999986,-0.00091039999999999979,-0.00031980000000000008,-0.0032558000000000001,0.00031959999999999996,-8.7999999999999916e-05,0.0002676,0.0016649999999999996,-0.00082559999999999968,-0.00072039999999999995,-0.0027342,-7.0200000000000026e-05,-0.0023118000000000001,0.0020562000000000002,0.00047560000000000007,0.0010954000000000001,-0.00044360000000000005,-1.3600000000000114e-05,-0.00064919999999999995,-0.0017065999999999997,0.00020479999999999991,0.0014496000000000001,0.00088360000000000001,-0.00029820000000000004,-0.00091319999999999986,-0.00075939999999999992,0.0010506000000000001,0.00029980000000000002,0.0012241999999999999,-0.00089559999999999998,0.00037580000000000003,0.0015275999999999998,-0.001663,0.0021714,0.0016590000000000003,-0.0018672000000000001,-0.0033208000000000005,-0.0010152,0.0017386000000000003,-0.0011426000000000001,-0.0031049999999999997,-0.00035280000000000001,-0.00063939999999999982,-0.0023427999999999999,0.0014247999999999999,-0.0027504000000000001,0.0016584,0.0010200000000000001,-0.0014469999999999999,2.9999999999999645e-06,8.0000000000012787e-07,0.00067979999999999983,0.00048100000000000009,0.0013080000000000001,0.0039623999999999996,0.0023582000000000004,-0.0034797999999999999,0.0042427999999999997,-0.0024461999999999999,-0.0027886,0.0045800000000000007,0.0020333999999999999,0.0027286000000000003,0.0015953999999999994,3.6799999999999973e-05,0.0004574,-0.00023799999999999998,0.00059979999999999994,-0.00068819999999999992,0.00034439999999999975,-0.00069200000000000002,0.00031960000000000002,0.0020132000000000006,0.00057800000000000017,0.00077859999999999995,2.4999999999999957e-05,-0.00041079999999999996,-0.002323,0.0019548,0.0010371999999999998,-0.00073340000000000015,9.2599999999999974e-05,0.0011362,0.00051040000000000005,0.00025680000000000001,0.00060880000000000005,-0.0018130000000000004,0.0027376000000000002,0.0013108,-0.0021821999999999996,-0.00079720000000000008,-0.002215,-0.00075339999999999988,0.0014486,0.00061319999999999994,0.0010227999999999999,-0.00069859999999999996,-0.00038420000000000034,0.0031148,-0.0011914,-0.00020000000000000004,-0.00095299999999999996,-0.00080179999999999997,-0.000968,0.0024452000000000002,-0.00038739999999999982,0.0007936000000000001,0.00024699999999999999,0.0014242,0.0013556,-0.0021402000000000001,0.00028779999999999989,-0.0010525999999999999,-0.00086039999999999988,0.0034363999999999992,0.0025521999999999997,-0.0030287999999999999,0.00090079999999999999,-0.0015277999999999999,-1.8399999999999959e-05,0.0015859999999999997,-0.0012509999999999999,-0.00047059999999999995,-0.00051459999999999982,0.0012018,0.0022155999999999999,-0.0034299999999999999,-0.0046941999999999999,0.0059755999999999993,-0.0021516,0.0023082000000000003,0.0036465999999999994,0.0012576000000000002,0.0026280000000000001,-0.0032236000000000001,-0.00049079999999999968,-0.00049560000000000012,-0.00011099999999999999,0.0013703999999999999
aug_between_class_right_pair0052_child06,TLE,1,1,Augmented,0,0,0,0,0,0.29764080000000004,1.9875453999999999,0,-1.7e-06,0,0.95640079999999994,0,0.0407835,-0.1348058,0.020836400000000001,0.084912000000000001,-0.084324399999999994,0.07578660000000001,-0.011841699999999995,0.0096280000000000011,-0.027580100000000003,-0.083802699999999994,0.31354470000000001,-0.0517513,-0.027314199999999997,0.0603251,-0.0124517,-0.025420599999999998,-0.0015277999999999997,-0.057963199999999999,0.0262008,0.0229258,-0.048574299999999994,0.0049805000000000006,-0.087764899999999993,0.0134488,0.058993699999999996,-0.016584100000000001,0.007925999999999999,0.019802699999999996,-0.054022399999999998,0.017598100000000002,-0.067903900000000003,-0.037299699999999998,0.087184999999999999,-0.036995500000000001,0.20211870000000001,-0.050199300000000002,0.005921,0.00053359999999999996,-0.010681599999999999,-0.013251000000000001,0.0030059999999999991,0.0311928,-0.0020547999999999999,-0.0098614000000000011,-0.0138666,-0.021770100000000001,0.0136569,0.028131299999999998,0.014974100000000001,0.019647000000000001,-0.012148599999999999,-0.016028399999999998,0.018851699999999999,-0.052537500000000001,-0.0051831999999999989,0.0161583,-0.0046335999999999999,0.036919899999999999,-0.10036719999999999,-0.0075854,-0.037901200000000003,-0.0129648,0.0058087000000000026,0.0021343999999999998,0.0001492000000000001,0.019152599999999999,0.010081100000000001,0.00094209999999999997,-0.0029302,0.0056419,0.0034854,-0.0019135999999999997,6.7400000000000012e-05,0.002774,-0.018261700000000002,0.0046505000000000001,0.0061865999999999996,-0.0045834999999999999,-0.0026804999999999997,-0.0080263999999999995,0.0165224,-0.0118385,-0.0041866000000000004,-0.0030370000000000006,0.0013945999999999984,0.010036400000000001,-0.010560600000000002,-0.00050420000000000022,0.005602600000000001,-0.0062314000000000007,0.00029420000000000054,0.0224204,-0.006110800000000003,0.021123600000000003,-0.0237173,0.0200334,0.00084749999999999962,-0.0024808,-0.0065482000000000005,0.010409099999999999,-0.0021898999999999998,-0.011380600000000001,-0.0029182000000000001,0.0051209999999999997,-0.0088879999999999983,-0.0039429000000000001,0.0063550000000000004,0.010938700000000001,0.005826099999999999,0.0010055000000000001,0.0088538000000000002,0.00054199999999999908,0.0010737000000000003,-0.0123497,0.010489500000000001,-0.0107148,-0.0014451000000000012,0.0038519000000000001,-0.00065739999999999982,0.0105935,-0.0073362999999999996,-0.0036928999999999998,0.0055832999999999994,-0.0014443000000000008,-0.00018670000000000058,-0.0019487000000000003,-0.015265599999999999,-0.00089270000000000018,-0.018639599999999999,-0.0056762999999999996,0.0034800999999999994,-0.0073794999999999989,0.0052205000000000012,0.0066049999999999998,-0.0091152000000000004,-0.0022382999999999999,0.00058250000000000012,0.0005939000000000004,0.0050549999999999996,-0.0017045000000000001,-2.8000000000002849e-06,0.0017595999999999996,-0.00045050000000000038,0.0026285999999999996,0.0020340000000000002,-0.00029579999999999993,0.0072786999999999973,-0.0020410000000000003,-0.0049072999999999999,-0.0046300999999999998,-0.0015762,-0.0011876,-0.0036676999999999999,0.00020310000000000033,0.0077860000000000004,0.0013595,-0.0034714999999999998,-0.005593299999999999,-0.0052750999999999996,-0.0055186999999999996,-0.0010280000000000003,-0.0093331000000000004,0.0046825,0.0029328000000000002,0.0024439000000000006,0.0076701,-0.0063601999999999999,0.0030310000000000003,0.014084300000000001,-0.0052683999999999995,0.00050719999999999975,0.0078522999999999996,-0.011168600000000001,0.0040469999999999994,-0.012628299999999999,0.0013408999999999995,0.0081807000000000008,-0.0049836999999999998,5.6099999999998165e-05,0.00089200000000000021,-0.0010686000000000001,0.00043530000000000001,-0.00094470000000000014,-0.0031281,-0.0004452999999999996,0.0026427000000000004,-0.0026245000000000001,-0.0021505999999999999,-0.0023969999999999998,0.00051599999999999997,0.00041890000000000004,-0.0026757999999999999,0.00014130000000000002,0.00060260000000000001,-0.0065020999999999985,-0.0013548,0.0016593999999999999,-0.0022929999999999999,-0.00011040000000000052,0.0040178999999999996,0.0031840000000000002,-0.0021306000000000003,-0.0032018000000000003,0.0083148999999999983,0.0012575999999999998,-0.0015475999999999999,0.0050168999999999995,0.0054748999999999996,-0.0041948000000000003,0.0075258000000000009,-5.8799999999999911e-05,0.00031619999999999999,-0.0010861999999999998,-0.0016895999999999999,0.009740699999999998,-0.0039088999999999999,0.0029036000000000005,0.0018956000000000001,-0.0023039999999999992,-0.007149899999999999,0.0042938000000000004,-5.8900000000000185e-05,0.0021917000000000004,0.0032938999999999993,0.00094440000000000019,0.0056358000000000007,-0.0117666,0.0021436999999999997,-0.0167882,-0.00076639999999999955,-0.0067504999999999996,0.00082340000000000039,-0.0012490999999999999,-0.00029479999999999963,-0.00071840000000000011,-0.00040690000000000008,-0.0021246999999999998,-0.00057470000000000015,-0.0009525,-0.00065810000000000011,-0.0017064000000000001,-0.0010920000000000001,0.00019499999999999986,-0.00016220000000000001,0.0011429999999999999,-0.0022237000000000003,0.0016947999999999996,-0.0017020999999999998,0.0033391000000000002,-0.0022211000000000002,0.00063540000000000005,0.0011771999999999998,0.0025405000000000002,0.0036896999999999998,-0.003787,0.0031598000000000008,0.0021269000000000001,-0.0032664999999999999,-0.0023808000000000002,0.0014504000000000001,-0.0029360000000000002,0.0022392000000000002,0.00052570000000000004,-0.00050449999999999974,-0.0054803000000000004,0.0035640000000000003,0.0047225000000000001,0.00028390000000000002,4.5800000000000137e-05,0.0021302000000000001,0.00070599999999999981,-0.0024976,0.0017058999999999993,-0.0045764999999999998,0.0028230000000000004,-0.0025559999999999997,0.0063010000000000002,0.00033449999999999973,0.00056779999999999992,0.00061160000000000077,0.00012640000000000025,-0.0040216000000000002,0.0025747000000000001,0.010353299999999999,0.0018942000000000002,0.0103155,-0.012001999999999999,0.008142499999999997,-0.0006089,0.0001997,0.0013514999999999998,0.0024069,0.0024443999999999998,0.0005076000000000002,0.0019810000000000001,0.00049889999999999982,0.00023159999999999988,-0.00038639999999999996,0.00045929999999999989,-0.00074379999999999997,0.0025796999999999999,-0.00021259999999999996,0.0006054999999999997,-0.00034329999999999994,0.0012082999999999998,0.0029231000000000001,-0.00056329999999999987,-0.0027419000000000002,0.0011923999999999997,0.0024023999999999998,-0.0011193000000000002,-0.0033785000000000004,-0.0032393999999999999,0.0024659999999999999,0.0028297000000000001,0.0016888999999999997,-0.00083489999999999986,-0.0012194,-0.0022355000000000001,-0.0026111000000000003,-0.0028701,0.00037660000000000016,-0.0022384000000000002,0.0018421999999999991,0.0006221,0.0041919000000000001,-0.0027056999999999997,-0.00033530000000000002,0.00035030000000000011,0.0029088,-0.0008743999999999999,-0.00090210000000000008,0.0077454999999999989,-7.1399999999999676e-05,-0.00084100000000000038,-0.00032349999999999968,0.0037850000000000002,-0.0021060000000000002,0.0012381,-0.0011640999999999991,0.0013062000000000002,0.0010102000000000002,-0.0048369999999999993,0.00046669999999999991,0.0001292,0.00032859999999999975,0.0115034,-0.0019867000000000001,0.0029795999999999998,0.0057976,-0.0076118999999999996,-0.00040410000000000017,0.00030020000000000003,0.001026,0.0012716000000000001,-0.0014848999999999999,0.00015160000000000011,-0.0010882999999999997,-0.00033710000000000001,-0.0031921000000000007,0.00040719999999999998,-0.00020750000000000006,0.00029920000000000001,0.0018629999999999996,-0.0011671999999999995,-0.0010342999999999997,-0.0027409000000000001,9.059999999999998e-05,-0.0024101000000000001,0.0019808999999999998,0.00065220000000000013,0.00088130000000000023,-0.00042770000000000015,-0.00023370000000000004,-0.00083339999999999998,-0.0020661999999999998,0.00050159999999999983,0.0018021999999999999,0.0007917,-0.00020890000000000004,-0.0010768999999999996,-0.00052680000000000001,0.0010507000000000001,0.00035910000000000011,0.0012134000000000001,-0.0006822000000000001,0.00028110000000000006,0.0016067,-0.0014835,0.0018163000000000003,0.0017355000000000001,-0.0017844000000000002,-0.0033156000000000001,-0.0012618999999999998,0.0014787000000000003,-0.0012442,-0.0031639999999999997,-0.00041010000000000005,-0.00056930000000000001,-0.0025610999999999997,0.0015640999999999999,-0.0026792999999999999,0.0014867999999999999,0.00089300000000000013,-0.0016904999999999999,-0.00028800000000000001,0.0002151,0.00087909999999999996,0.0002850000000000001,0.0010520000000000002,0.0044037999999999994,0.0020134000000000003,-0.0034996000000000003,0.004911099999999999,-0.0022569000000000001,-0.0032747000000000002,0.0048160000000000008,0.0018958,0.0018667000000000004,0.0021147999999999996,3.9599999999999987e-05,0.00044930000000000002,-0.00028699999999999998,0.00064409999999999988,-0.0008499,0.00065579999999999979,-0.00058150000000000009,0.00025769999999999998,0.0018894000000000005,0.00044100000000000009,0.00086019999999999998,-0.00037899999999999945,-0.0003681,-0.0021324999999999998,0.0021481,0.0012053999999999999,-0.00084830000000000007,-4.1799999999999932e-05,0.0013284,0.00047630000000000003,0.00035909999999999995,0.00050709999999999991,-0.0018025000000000003,0.0030491999999999997,0.0012346,-0.0020673999999999996,-0.00047090000000000001,-0.0023535000000000001,-0.00079229999999999991,0.0014461999999999999,0.0003859,0.0010375999999999999,-0.00090669999999999987,-0.00013340000000000026,0.0033546000000000001,-0.0014507999999999999,-0.00012100000000000004,-0.0010820000000000001,-0.0010660999999999997,-0.00091900000000000011,0.0027669000000000001,-0.00072379999999999981,0.00075070000000000009,0.00029549999999999997,0.0014379,0.0014042,-0.0021479000000000003,0.00052809999999999966,-0.0011571999999999999,-0.0011262999999999998,0.0035932999999999989,0.0027028999999999994,-0.0032420999999999999,0.0008271000000000001,-0.0016985999999999998,-0.00015430000000000001,0.0020444999999999994,-0.0015619999999999998,-0.0005597,-0.00092369999999999974,0.0011501,0.0020722000000000002,-0.0038144999999999993,-0.0051529000000000002,0.0061001999999999992,-0.0028196999999999996,0.0027934000000000001,0.0041577000000000003,0.0011332000000000002,0.0024004999999999999,-0.0033952000000000001,-0.0012585999999999993,-0.00028570000000000011,0.00055199999999999954,0.0013153000000000001
aug_between_class_right_pair0052_child07,TLE,1,1,Augmented,0,0,0,0,0,0.29380220000000001,2.0020226000000001,-5.2939559203393771e-23,-1.8000000000000001e-06,0,0.94829819999999998,0,0.042554000000000002,-0.13499620000000001,0.0208886,0.085729,-0.0848806,0.075716400000000003,-0.0145308,0.008941000000000001,-0.025968400000000003,-0.085486800000000002,0.3103648,-0.051886199999999993,-0.030582799999999997,0.062557399999999999,-0.013653800000000001,-0.026505399999999998,-0.0017352000000000001,-0.057064799999999999,0.027481200000000001,0.021779199999999999,-0.0529122,0.0055800000000000008,-0.088305599999999998,0.012012199999999999,0.061102799999999999,-0.016797400000000001,0.0091880000000000017,0.022031799999999997,-0.054971599999999995,0.014815399999999999,-0.068925600000000004,-0.037697800000000004,0.087178999999999993,-0.038677999999999997,0.2014948,-0.048574200000000005,0.0058410000000000007,0.00059639999999999953,-0.0110794,-0.013262000000000001,0.0035200000000000001,0.031415199999999997,-0.001289199999999999,-0.009987600000000001,-0.012528399999999999,-0.022282400000000001,0.0144736,0.0285452,0.0135774,0.018759999999999999,-0.0127154,-0.017136600000000002,0.019576800000000002,-0.052160999999999999,-0.0055577999999999999,0.017040199999999998,-0.0060074000000000013,0.038510599999999999,-0.10142079999999999,-0.0074726000000000002,-0.037564800000000002,-0.012477200000000001,0.0037148000000000016,0.0019535999999999998,-9.2000000000001152e-06,0.019330399999999998,0.0097263999999999996,0.00093439999999999994,-0.0044678000000000009,0.0057006000000000001,0.0035646000000000007,-0.0022034000000000003,-0.00024640000000000035,0.0028669999999999998,-0.0171638,0.0053750000000000004,0.0062303999999999997,-0.0067100000000000016,-0.0023289999999999995,-0.0075265999999999996,0.0169826,-0.01154,-0.0042614000000000003,-0.002637,0.0028324000000000005,0.010899600000000001,-0.0092753999999999996,-0.00010479999999999995,0.0044143999999999997,-0.0053176000000000005,-0.00092720000000000042,0.0224146,-0.0046802000000000007,0.019944400000000001,-0.024560200000000001,0.021351599999999998,0.001302,-0.0024742000000000002,-0.0064218000000000001,0.010105399999999999,-0.0022496,-0.011629400000000002,-0.0031397999999999994,0.0051449999999999994,-0.0088849999999999988,-0.0043216000000000001,0.0062300000000000003,0.0099818000000000007,0.0061034000000000001,0.00082699999999999994,0.0085272000000000004,0.00053300000000000049,0.0009597999999999998,-0.012045799999999999,0.0099090000000000011,-0.011375200000000002,-4.9399999999999791e-05,0.0034825999999999998,-0.00079560000000000004,0.011613000000000002,-0.0077851999999999999,-0.0036696000000000003,0.0055141999999999995,-0.0019682000000000007,0.00031319999999999959,-0.0026958000000000008,-0.015492399999999998,-1.3799999999999576e-05,-0.019852399999999999,-0.0056261999999999996,0.0040794000000000004,-0.008010999999999999,0.006413000000000002,0.0076740000000000011,-0.010553800000000002,-0.0024072,0.00065000000000000019,4.7599999999999781e-05,0.004973,-0.0017350000000000002,0.0001648000000000001,0.0022154000000000002,-0.00025900000000000012,0.0032024000000000002,0.0022930000000000003,-0.00083020000000000034,0.0076257999999999986,-0.0024100000000000007,-0.0046791999999999997,-0.0048094000000000001,-0.0014557999999999999,-0.0012504,-0.0033447999999999998,0.00026140000000000017,0.007731,0.0009299999999999994,-0.0037319999999999996,-0.0058821999999999998,-0.0051544,-0.0053607999999999998,-3.6999999999999273e-05,-0.0093524000000000003,0.0050600000000000003,0.0025672,0.0024185999999999999,0.0079013999999999994,-0.0066408000000000005,0.0030460000000000001,0.014356200000000001,-0.0055296,0.0007668000000000001,0.0075332000000000003,-0.0112494,0.0046879999999999995,-0.012904199999999999,0.0024216000000000007,0.008937800000000001,-0.0046238,0.00017840000000000043,0.0014120000000000003,-0.0010283999999999998,0.00048820000000000005,-0.00071480000000000003,-0.0028503999999999999,-0.00085320000000000014,0.0024448000000000004,-0.0028790000000000005,-0.0023264000000000002,-0.0029630000000000004,0.00052800000000000004,0.0005076000000000002,-0.0029682000000000007,6.0199999999999945e-05,0.00067140000000000006,-0.0071614000000000001,-0.0014451999999999998,0.0017186,-0.0029580000000000006,0.00050240000000000007,0.0039696000000000002,0.0037110000000000003,-0.0020043999999999999,-0.0029971999999999998,0.0088026000000000007,0.0012223999999999998,-0.0020734000000000004,0.0060126000000000008,0.0058066000000000003,-0.0045522000000000002,0.0080142000000000008,-2.5200000000000179e-05,0.00057680000000000014,-0.0010658,-0.0018974,0.0098897999999999989,-0.0040515999999999998,0.0035593999999999995,0.0017393999999999999,-0.0031229999999999995,-0.0076836000000000005,0.0044512000000000006,-0.00070760000000000029,0.0020357999999999999,0.0036765999999999995,0.0010676000000000001,0.0050461999999999998,-0.011936400000000002,0.0021998,-0.017592800000000002,0.00021240000000000061,-0.0079639999999999989,0.00064860000000000004,-0.0012083999999999999,-0.00067820000000000001,-0.00041459999999999989,-0.00013859999999999979,-0.0021148,-0.00033879999999999989,-0.0010510000000000001,-0.00044839999999999989,-0.0015666,-0.001041,0.00030400000000000002,-0.00014879999999999998,0.0010219999999999999,-0.0021057999999999997,0.0019642000000000001,-0.0016613999999999999,0.0035814000000000002,-0.0024044000000000001,0.00029059999999999991,0.0013128000000000003,0.0023080000000000002,0.0038078000000000001,-0.0035799999999999998,0.0032951999999999999,0.0019515999999999999,-0.0032619999999999997,-0.0029712000000000011,0.0011325999999999999,-0.0037040000000000007,0.0020428,0.00070180000000000015,-0.00082800000000000018,-0.0054241999999999997,0.0038580000000000012,0.0040259999999999992,-0.00016540000000000017,-0.00015780000000000004,0.0019288,0.00074200000000000004,-0.0024143999999999997,0.0025556000000000003,-0.0046359999999999995,0.002503,-0.0027070000000000002,0.00694,0.0004630000000000003,0.00098219999999999991,0.0017844000000000015,-8.3999999999995537e-06,-0.0038424000000000002,0.0023557999999999999,0.0109742,0.0016818,0.011601000000000002,-0.012466999999999999,0.0088579999999999996,-0.00070360000000000008,0.00014479999999999997,0.0013670000000000002,0.0025295999999999999,0.0024106000000000002,0.00040039999999999987,0.0020439999999999998,0.00073360000000000027,-7.6000000000001847e-06,-0.00052560000000000009,0.00054520000000000002,-0.00091520000000000013,0.0027768000000000003,-0.00033840000000000004,0.0008830000000000001,-0.00044519999999999998,0.0014302000000000002,0.0029064,-0.00055619999999999997,-0.0027106000000000005,0.0015226000000000003,0.0025116000000000001,-0.00078019999999999999,-0.0036080000000000005,-0.0033715999999999998,0.0022160000000000001,0.0032498000000000006,0.0020785999999999999,-0.00086059999999999989,-0.0010126,-0.0024590000000000002,-0.0025494000000000003,-0.0028304000000000003,0.00035340000000000024,-0.0027556000000000004,0.0024498000000000002,0.00059439999999999992,0.0041565999999999999,-0.0028758000000000004,-0.00018419999999999987,0.00022519999999999994,0.0023942,-0.0010386,-0.00088440000000000003,0.0077999999999999996,-0.00031660000000000021,-0.00036799999999999973,-0.00081800000000000026,0.0042140000000000007,-0.0015119999999999999,0.00073939999999999976,-0.0018053999999999995,0.0017878000000000002,0.0004527999999999993,-0.0053330000000000009,0.00083980000000000003,0.00046080000000000014,0.00063540000000000005,0.011887600000000002,-0.0021418000000000001,0.0038084000000000008,0.0061284,-0.0084466000000000003,-0.00021039999999999994,0.00030680000000000003,0.00108,0.0012014,-0.0014266000000000001,-7.6000000000000763e-06,-0.0012661999999999999,-0.00035440000000000005,-0.0031283999999999999,0.0004948000000000001,-0.00032700000000000009,0.00033080000000000013,0.0020610000000000003,-0.0015088,-0.0013481999999999999,-0.0027476000000000002,0.00025140000000000026,-0.0025084,0.0019055999999999999,0.0008288000000000003,0.00066719999999999995,-0.00041180000000000003,-0.00045380000000000019,-0.0010176,-0.0024257999999999997,0.00079840000000000022,0.0021548000000000001,0.00069979999999999988,-0.00011959999999999993,-0.0012406000000000001,-0.00029419999999999989,0.0010508,0.00041840000000000009,0.0012026000000000001,-0.0004687999999999999,0.00018640000000000003,0.0016857999999999999,-0.001304,0.0014611999999999997,0.0018120000000000002,-0.0017016000000000002,-0.0033103999999999998,-0.0015086000000000001,0.0012187999999999999,-0.0013458000000000001,-0.0032230000000000002,-0.00046740000000000009,-0.00049919999999999977,-0.0027794,0.0017034000000000001,-0.0026081999999999998,0.0013151999999999999,0.00076599999999999997,-0.001934,-0.0005790000000000003,0.00042940000000000014,0.0010784000000000002,8.8999999999999914e-05,0.00079599999999999994,0.0048451999999999992,0.0016686000000000001,-0.0035193999999999998,0.0055794000000000009,-0.0020675999999999997,-0.0037608000000000003,0.0050520000000000009,0.0017582000000000001,0.0010047999999999997,0.0026342000000000002,4.2400000000000001e-05,0.00044119999999999999,-0.00033600000000000004,0.00068839999999999982,-0.0010116000000000001,0.00096720000000000009,-0.00047100000000000006,0.00019579999999999993,0.0017656,0.00030399999999999991,0.00094180000000000002,-0.00078299999999999995,-0.00032539999999999999,-0.0019420000000000001,0.0023414,0.0013736,-0.00096320000000000021,-0.00017619999999999995,0.0015206000000000004,0.00044219999999999996,0.00046139999999999999,0.00040539999999999983,-0.0017920000000000002,0.0033608000000000002,0.0011584,-0.0019525999999999999,-0.00014459999999999983,-0.0024919999999999999,-0.00083120000000000004,0.0014438000000000003,0.00015859999999999992,0.0010524,-0.0011148,0.00011740000000000003,0.0035944000000000002,-0.0017102000000000003,-4.1999999999999964e-05,-0.0012110000000000003,-0.0013304000000000002,-0.0008699999999999999,0.0030885999999999999,-0.0010602000000000001,0.00070780000000000007,0.00034400000000000001,0.0014515999999999999,0.0014528,-0.0021556000000000001,0.00076840000000000025,-0.0012618,-0.0013922000000000001,0.0037501999999999995,0.0028536,-0.0034554,0.00075339999999999999,-0.0018693999999999998,-0.00029020000000000011,0.002503,-0.0018730000000000001,-0.00064880000000000016,-0.0013328000000000003,0.0010984,0.0019288,-0.0041990000000000005,-0.0056116000000000004,0.0062247999999999991,-0.003487800000000001,0.0032786000000000004,0.0046687999999999999,0.0010088,0.0021729999999999996,-0.0035668000000000002,-0.0020264000000000002,-7.5799999999999891e-05,0.0012149999999999995,0.0012601999999999999
aug_between_class_right_pair0052_child08,TLE,1,1,Augmented,0,0,0,0,0,0.28996359999999999,2.0164998000000001,0,-1.9e-06,0,0.94019560000000002,0,0.044324499999999996,-0.13518659999999999,0.020940800000000002,0.086545999999999998,-0.085436800000000007,0.075646199999999997,-0.0172199,0.0082539999999999992,-0.024356700000000002,-0.087170900000000009,0.30718490000000004,-0.052021100000000001,-0.033851400000000004,0.064789700000000006,-0.014855899999999998,-0.027590199999999999,-0.0019426000000000001,-0.056166399999999998,0.028761599999999998,0.020632600000000001,-0.057250099999999998,0.0061795000000000001,-0.088846299999999989,0.010575599999999999,0.063211900000000001,-0.0170107,0.010450000000000001,0.024260900000000002,-0.0559208,0.012032699999999997,-0.069947300000000004,-0.038095900000000002,0.087173,-0.040360500000000001,0.20087090000000002,-0.046949100000000001,0.0057610000000000005,0.00065920000000000041,-0.0114772,-0.013273,0.0040339999999999994,0.031637600000000002,-0.00052359999999999993,-0.010113800000000001,-0.011190199999999999,-0.022794700000000001,0.0152903,0.028959099999999998,0.012180699999999999,0.017873,-0.013282200000000001,-0.018244799999999999,0.020301900000000001,-0.051784500000000004,-0.0059323999999999991,0.0179221,-0.007381200000000001,0.040101299999999999,-0.10247439999999999,-0.0073597999999999997,-0.037228400000000002,-0.0119896,0.0016208999999999998,0.0017728000000000002,-0.00016760000000000001,0.0195082,0.0093717000000000002,0.00092669999999999992,-0.006005400000000001,0.0057593000000000002,0.0036438,-0.0024932000000000001,-0.00056020000000000028,0.00296,-0.016065900000000001,0.0060994999999999999,0.0062741999999999997,-0.0088365000000000041,-0.0019775000000000001,-0.0070268000000000006,0.017442799999999998,-0.011241499999999998,-0.0043361999999999993,-0.0022370000000000003,0.0042702,0.011762800000000002,-0.0079901999999999994,0.0002945999999999999,0.0032261999999999994,-0.0044038000000000011,-0.0021485999999999996,0.0224088,-0.0032496000000000009,0.018765200000000003,-0.025403099999999998,0.0226698,0.0017564999999999998,-0.0024675999999999999,-0.0062953999999999996,0.0098017,-0.0023092999999999998,-0.011878200000000002,-0.0033613999999999996,0.005169,-0.0088819999999999993,-0.0047003000000000001,0.0061050000000000002,0.0090249000000000006,0.0063806999999999996,0.00064849999999999999,0.0082006000000000006,0.00052399999999999929,0.00084589999999999969,-0.0117419,0.0093285,-0.012035600000000002,0.0013462999999999999,0.0031133000000000003,-0.00093379999999999982,0.012632500000000001,-0.0082340999999999994,-0.0036462999999999999,0.0054450999999999996,-0.0024921000000000006,0.00081310000000000019,-0.0034429000000000005,-0.015719199999999999,0.00086509999999999972,-0.021065199999999999,-0.0055760999999999996,0.0046786999999999992,-0.0086424999999999991,0.0076055000000000011,0.0087430000000000008,-0.0119924,-0.0025761,0.00071750000000000004,-0.00049870000000000014,0.0048909999999999995,-0.0017654999999999999,0.00033239999999999962,0.0026712000000000003,-6.7500000000000285e-05,0.0037762,0.0025520000000000004,-0.0013646000000000003,0.007972899999999998,-0.0027790000000000007,-0.0044511000000000004,-0.0049887000000000004,-0.0013354,-0.0013132,-0.0030219000000000001,0.00031970000000000002,0.0076760000000000005,0.00050049999999999964,-0.0039924999999999995,-0.0061710999999999997,-0.0050336999999999995,-0.0052028999999999999,0.00095400000000000085,-0.0093717000000000002,0.0054374999999999996,0.0022015999999999997,0.0023932999999999992,0.0081326999999999997,-0.0069214000000000003,0.0030610000000000004,0.014628100000000002,-0.0057907999999999987,0.0010264,0.0072141000000000002,-0.0113302,0.0053289999999999995,-0.0131801,0.0035023000000000003,0.0096949000000000011,-0.0042639000000000002,0.00030069999999999923,0.0019319999999999999,-0.00098820000000000006,0.00054110000000000009,-0.00048489999999999991,-0.0025726999999999998,-0.0012610999999999998,0.0022469,-0.0031335,-0.0025022,-0.0035290000000000009,0.0005399999999999999,0.00059629999999999991,-0.0032606000000000007,-2.090000000000002e-05,0.00074019999999999999,-0.0078206999999999999,-0.0015356,0.0017778,-0.0036229999999999999,0.0011152000000000007,0.0039213,0.0042380000000000004,-0.0018782,-0.0027926000000000001,0.0092902999999999996,0.0011871999999999998,-0.0025992000000000003,0.0070083000000000003,0.0061383000000000002,-0.0049096000000000001,0.0085026000000000008,8.4000000000002042e-06,0.0008374000000000003,-0.0010454000000000001,-0.0021051999999999998,0.0100389,-0.0041942999999999998,0.0042152000000000005,0.0015832000000000001,-0.0039419999999999993,-0.0082172999999999986,0.0046086000000000009,-0.0013563000000000006,0.0018799000000000001,0.0040593000000000001,0.0011908000000000001,0.0044565999999999998,-0.012106200000000001,0.0022558999999999999,-0.018397400000000001,0.0011911999999999999,-0.0091774999999999982,0.00047380000000000013,-0.0011677,-0.0010615999999999998,-0.00011079999999999998,0.00012970000000000017,-0.0021049000000000003,-0.00010289999999999991,-0.0011495000000000001,-0.00023869999999999995,-0.0014268000000000002,-0.00098999999999999999,0.00041299999999999974,-0.00013540000000000001,0.00090099999999999989,-0.0019878999999999999,0.0022336000000000001,-0.0016206999999999999,0.0038237000000000002,-0.0025877000000000001,-5.4200000000000125e-05,0.0014483999999999999,0.0020755000000000001,0.0039259000000000004,-0.0033730000000000001,0.0034306000000000007,0.0017763,-0.0032575,-0.0035616000000000003,0.00081479999999999986,-0.0044719999999999994,0.0018464,0.00087789999999999993,-0.0011514999999999997,-0.0053680999999999998,0.0041520000000000003,0.0033295,-0.00061470000000000036,-0.0003614,0.0017274,0.00077799999999999983,-0.0023312000000000003,0.0034053000000000004,-0.0046955,0.002183,-0.0028579999999999999,0.0075790000000000007,0.00059150000000000001,0.0013966,0.0029572000000000014,-0.00014319999999999979,-0.0036632000000000001,0.0021368999999999997,0.011595100000000001,0.0014694,0.0128865,-0.012931999999999999,0.0095734999999999987,-0.00079830000000000005,8.989999999999999e-05,0.0013825,0.0026522999999999998,0.0023768000000000001,0.00029319999999999997,0.0021069999999999999,0.00096830000000000006,-0.00024680000000000004,-0.0006648,0.00063109999999999989,-0.0010866000000000003,0.0029738999999999998,-0.00046420000000000006,0.0011604999999999999,-0.00054710000000000002,0.0016521000000000001,0.0028897000000000003,-0.00054909999999999985,-0.0026793000000000008,0.0018528000000000004,0.0026208,-0.00044110000000000004,-0.0038375000000000002,-0.0035037999999999996,0.0019660000000000003,0.0036699000000000002,0.0024682999999999997,-0.0008862999999999997,-0.00080579999999999996,-0.0026825,-0.0024876999999999998,-0.0027907000000000001,0.00033020000000000011,-0.0032728000000000002,0.0030573999999999992,0.00056669999999999995,0.0041213000000000005,-0.0030459000000000003,-3.3099999999999883e-05,0.00010009999999999999,0.0018795999999999999,-0.0012028,-0.00086669999999999998,0.0078544999999999986,-0.00056179999999999989,0.00010500000000000006,-0.0013125000000000003,0.0046430000000000004,-0.0009180000000000002,0.00024069999999999983,-0.0024466999999999996,0.0022694000000000004,-0.00010460000000000027,-0.0058289999999999991,0.0012128999999999998,0.00079239999999999996,0.00094220000000000003,0.012271799999999999,-0.0022969000000000002,0.0046372000000000002,0.0064592,-0.009281300000000001,-1.6699999999999918e-05,0.00031340000000000003,0.001134,0.0011312000000000002,-0.0013682999999999998,-0.00016680000000000004,-0.0014441,-0.00037169999999999998,-0.0030647000000000005,0.00058240000000000006,-0.00044650000000000012,0.00036240000000000014,0.0022590000000000002,-0.0018503999999999999,-0.0016621000000000001,-0.0027543000000000003,0.00041220000000000015,-0.0026067,0.0018303,0.0010054,0.00045310000000000001,-0.00039589999999999992,-0.00067390000000000006,-0.0012018,-0.0027853999999999995,0.0010951999999999999,0.0025073999999999999,0.00060789999999999998,-3.0300000000000032e-05,-0.0014042999999999998,-6.1599999999999979e-05,0.0010509,0.00047770000000000001,0.0011918,-0.00025539999999999992,9.1699999999999952e-05,0.0017649,-0.0011245000000000001,0.0011060999999999998,0.0018885,-0.0016188000000000001,-0.0033052000000000003,-0.0017552999999999998,0.00095889999999999994,-0.0014474000000000002,-0.0032820000000000002,-0.00052470000000000012,-0.00042909999999999997,-0.0029976999999999998,0.0018426999999999999,-0.0025371,0.0011435999999999998,0.00063900000000000003,-0.0021774999999999997,-0.00087000000000000011,0.00064370000000000009,0.0012777000000000005,-0.00010700000000000004,0.0005399999999999999,0.0052865999999999998,0.0013238000000000002,-0.0035392000000000002,0.0062477000000000001,-0.0018783000000000001,-0.0042469000000000005,0.005288000000000001,0.0016205999999999998,0.00014289999999999962,0.0031536000000000003,4.5200000000000014e-05,0.00043309999999999996,-0.00038499999999999998,0.00073269999999999997,-0.0011733000000000002,0.0012785999999999995,-0.00036050000000000003,0.0001339,0.0016417999999999999,0.00016699999999999994,0.0010234000000000003,-0.0011870000000000001,-0.00028269999999999999,-0.0017515,0.0025346999999999995,0.0015417999999999999,-0.0010781000000000002,-0.00031059999999999985,0.0017128,0.0004081,0.00056369999999999988,0.0003036999999999999,-0.0017815000000000005,0.0036723999999999997,0.0010822,-0.0018377999999999997,0.00018170000000000013,-0.0026305,-0.00087010000000000006,0.0014413999999999998,-6.8700000000000016e-05,0.0010672000000000001,-0.0013229000000000001,0.00036820000000000001,0.0038342000000000003,-0.0019696000000000002,3.7000000000000018e-05,-0.00134,-0.0015947000000000001,-0.0008209999999999999,0.0034103000000000002,-0.0013966000000000002,0.00066490000000000006,0.0003925,0.0014653000000000001,0.0015014,-0.0021632999999999999,0.0010087,-0.0013664,-0.0016581,0.0039070999999999993,0.0030042999999999997,-0.0036687,0.00067969999999999988,-0.0020401999999999998,-0.00042610000000000006,0.0029615000000000002,-0.0021840000000000002,-0.00073789999999999999,-0.0017419000000000002,0.0010467,0.0017853999999999999,-0.0045834999999999999,-0.0060703000000000007,0.006349399999999999,-0.0041559000000000006,0.0037638000000000007,0.0051798999999999994,0.00088440000000000003,0.0019454999999999997,-0.0037384000000000002,-0.0027942000000000002,0.00013410000000000006,0.0018779999999999999,0.0012050999999999997
aug_between_class_right_pair0053_child05,TLE,1,1,Augmented,0,0,0,0,0,0.30590700000000004,1.8794288000000001,1.3999999999999999e-06,-9.9999999999999995e-07,9.9999999999999995e-07,0.89805699999999999,0,0.062201199999999998,-0.11368400000000001,0.011658599999999998,0.12944900000000001,-0.11492479999999999,0.12501119999999999,-0.0094382000000000008,0.00081039999999999932,-0.0076189999999999973,-0.1378364,0.336254,-0.074903200000000003,0.0239166,0.057424000000000003,0.0088436000000000018,-0.0198342,-0.0056048000000000001,-0.046960399999999999,0.0217246,0.034662399999999996,-0.047512800000000001,-0.00038639999999999985,-0.080094399999999996,0.019644999999999999,0.0598092,-0.021401799999999999,0.027000200000000002,0.0161934,-0.058464200000000001,0.040589400000000005,-0.0569128,-0.056885599999999995,0.097077200000000002,-0.052030400000000004,0.1847,-0.055176799999999998,0.013092800000000002,-0.0021172000000000001,-0.012590200000000001,-0.0025698000000000006,0.0079179999999999997,0.044877,0.00070440000000000043,-0.018641999999999999,0.001679400000000001,-0.021255400000000001,0.0043210000000000002,0.037568200000000003,0.00056240000000000109,0.021494599999999999,-0.0138084,0.0048234000000000003,0.011793000000000001,-0.0378094,0.00040760000000000015,0.00080920000000000015,0.0038498,0.032493600000000004,-0.071881399999999998,0.0028439999999999993,-0.016299400000000002,-0.031875600000000004,0.0059123999999999982,-0.0052242,0.0023938000000000002,0.011191599999999999,8.6736173798840355e-19,0.0076763999999999999,-0.014982599999999999,0.013716599999999999,0.0024016000000000003,-0.0048284000000000001,0.0067425999999999996,0.0006586000000000005,-0.0087180000000000001,0.0055334,0.0029562,0.015768999999999998,0.0027089999999999987,-0.012309400000000002,0.0307418,-0.018073800000000001,-0.0111314,-0.012253,-0.0125354,0.0076633999999999999,-0.0053784000000000002,-0.0053343999999999996,0.0068142000000000003,-0.0109888,-0.0029063999999999991,0.0020203999999999986,0.0044285999999999996,0.016693,-0.0042238000000000006,0.0030574,0.0052439999999999995,-0.0025219999999999999,-0.0053319999999999999,0.0086087999999999998,-0.0031518000000000002,-0.0049334000000000001,-0.0041707999999999997,0.011208599999999999,-0.0052024000000000003,-0.0111862,0.00992,0.011684399999999999,0.0025113999999999996,0.0027897999999999998,0.008061200000000001,-0.01234,0.0045050000000000003,-0.0074356000000000005,0.0112964,-0.00038479999999999981,0.0013966000000000004,0.0033347999999999997,0.0050969999999999991,0.010139599999999999,0.0027168000000000001,-0.0021195999999999993,-0.00054680000000000006,0.012062399999999997,0.0016872000000000007,-0.0043206,-0.0176112,-0.002714799999999999,-0.0024567999999999994,-0.0080137999999999997,0.0097014000000000006,-0.0039788000000000002,0.010419599999999999,-0.0038704000000000008,-0.0049809999999999993,0.00099439999999999988,0.0007987999999999999,-0.0036158000000000002,0.0019658000000000002,-0.00027679999999999979,-0.00040920000000000019,0.0013732000000000002,0.00095039999999999968,0.0058410000000000007,0.00042480000000000013,0.0012385999999999999,0.0015788,0.0019924000000000001,-0.0047597999999999998,0.0027924000000000004,-0.0017169999999999998,-0.0035387999999999999,0.0059055999999999978,-0.0052745999999999999,0.0065931999999999996,-0.0012465999999999992,0.0024591999999999995,-0.0039795999999999998,-0.0024918000000000002,-0.010955599999999999,0.0012355999999999999,-0.00078279999999999843,-0.0051780000000000003,0.0120032,0.0092154000000000003,0.0068190000000000004,-0.001651999999999999,0.0018008000000000004,0.0086376000000000005,-0.0013946,-0.00089939999999999996,0.0082140000000000008,-0.0013878000000000007,0.0024250000000000001,-0.010027599999999999,0.0031063999999999996,0.0036763999999999998,-0.0058169999999999993,0.0003305999999999986,-0.0075972000000000001,-0.0023741999999999999,0.00085340000000000004,-0.0013766,0.0010567999999999997,0.0015291999999999999,-0.00094039999999999976,-0.00094280000000000015,-0.0028172000000000002,-0.0036635999999999995,0.0037588000000000005,-0.0017614000000000002,-0.0019043999999999999,-0.0011429999999999999,-5.1400000000000003e-05,-0.0014702000000000001,0.00021280000000000002,-0.00038519999999999998,-0.0030150000000000003,0.0021930000000000001,-0.0027888000000000001,0.0049358000000000006,-0.0019474,-0.0051412000000000003,0.0074020000000000006,0.0015870000000000001,-0.0005401999999999999,0.0047976,0.0035079999999999998,-0.0054410000000000005,-0.0069149999999999993,-0.0052375999999999994,0.0026471999999999993,-0.00042500000000000025,8.2399999999999943e-05,0.0066806000000000001,-0.0039163999999999996,-0.0053280000000000003,0.009209199999999999,-0.0017884000000000003,-0.0046979999999999999,0.0053348000000000007,0.00068940000000000028,0.0033837999999999993,0.0015711999999999998,0.0054312000000000006,0.0042151999999999997,-0.0082958000000000007,0.0068696,-0.008536199999999999,-0.0080116000000000007,0.0033937999999999998,-0.0013584000000000005,-0.00026259999999999988,-0.0035355999999999999,-0.00068280000000000001,-0.00063539999999999994,-9.7600000000000041e-05,0.0034288000000000001,-0.0028587999999999999,0.0012899999999999999,-0.0014810000000000001,-0.0013713999999999998,0.0034784000000000004,0.0020314,0.00098959999999999998,0.00022159999999999975,0.004690999999999999,7.4800000000000002e-05,0.0030948,-0.0021220000000000002,-4.8799999999999994e-05,0.0008650000000000001,0.0025617999999999995,-0.0022025999999999999,-0.0039322000000000003,0.00028879999999999997,-0.00053620000000000035,-0.00098240000000000003,-0.0020574000000000005,0.00025079999999999981,0.0043727999999999996,-0.00037799999999999986,0.0017494000000000001,0.00063380000000000012,-0.0056151999999999999,-0.00015940000000000008,0.0034266000000000001,0.00088199999999999986,0.0016406000000000001,0.0033096000000000002,0.0011846000000000001,-0.0032522000000000002,-0.003424,0.00089300000000000013,0.0020018000000000006,0.0002396000000000004,0.0013096,-0.0023631999999999998,0.00055920000000000004,-0.0024012,0.0018204,-0.0026418000000000001,-0.0011897999999999995,0.0099959999999999997,-0.0024244000000000002,0.0084609999999999998,-0.00094200000000000013,0.0016285999999999998,-0.00044579999999999999,-0.00067819999999999979,0.0013420000000000001,-0.0015782000000000001,0.0012964000000000001,-0.00056840000000000005,-7.2799999999999926e-05,0.0023822000000000001,-0.0046886000000000002,0.0014902000000000001,0.0008655999999999999,-0.0014025999999999997,0.0026424000000000005,0.0013303999999999998,0.00085340000000000025,-3.5199999999999934e-05,-0.00027079999999999991,0.00029279999999999996,-0.0014385999999999999,0.00033660000000000005,0.0036248000000000001,0.0012296000000000002,0.0010086000000000003,0.0028196000000000007,3.6599999999999697e-05,-0.00037660000000000005,0.0015056000000000004,-0.00059719999999999988,-0.0011065999999999999,-0.0006066,-0.0014862,-0.0010212000000000001,-0.0040258000000000004,-0.0033915999999999998,0.00054179999999999983,-0.00097139999999999987,0.00045140000000000002,0.0017605999999999998,-0.0059444000000000007,-0.00033999999999999959,0.0024326,-0.0012827999999999997,0.0032413999999999998,0.0010058000000000001,0.0010558,0.0038414,-0.00022819999999999991,-0.0052994000000000001,0.0037378000000000003,-0.0013663999999999998,0.0043514000000000001,-0.0018438,-0.0038612000000000004,0.0038669999999999998,-0.00094839999999999985,0.0035206,0.00018420000000000003,0.0030016000000000001,0.0033109999999999997,-0.0032225999999999999,0.0028668000000000001,0.0033135999999999999,-0.0027030000000000001,-0.00054379999999999988,0.0012864,0.00096400000000000001,-3.319999999999994e-05,0.00073960000000000009,-0.0024021999999999997,0.00078339999999999985,-0.00066399999999999988,0.0018015999999999998,-0.0011739999999999999,0.00046159999999999994,-0.0020076,0.00046860000000000011,-0.0014088,0.0021885999999999997,0.00037299999999999963,-0.0013724000000000002,-0.0011142000000000001,-0.0015253999999999997,0.0016460000000000005,-0.0026901999999999998,0.0016142000000000001,0.0009992,-0.00013460000000000013,-0.0022030000000000001,0.0027375999999999998,-0.0016584,-0.0032919999999999998,0.0013940000000000001,0.0018868000000000001,0.00058159999999999993,-0.00014980000000000001,0.0028867999999999993,0.001201,-0.0011411999999999998,-0.00055599999999999975,0.0020363999999999998,-0.00077999999999999999,0.0034453999999999999,0.00039199999999999977,0.00021180000000000005,-0.0015076,0.00037820000000000003,-0.0015828000000000007,-0.00017899999999999991,-0.00031280000000000001,0.00057739999999999994,0.0028084,-0.0018573999999999999,-0.0020480000000000003,-0.0016096000000000001,0.00080840000000000003,0.00041619999999999982,-0.0012834000000000001,-0.0008177999999999996,0.00024100000000000003,-0.0011949999999999999,0.00042620000000000001,0.00164,0.0012838000000000003,0.0034015999999999994,0.00060539999999999986,0.0023280000000000002,-0.0012569999999999999,-0.0047453999999999994,0.0020368000000000001,-0.0043382000000000004,0.0013456000000000002,0.00019619999999999989,2.4600000000000002e-05,0.00074719999999999995,0.00043779999999999991,9.8199999999999947e-05,-0.00050620000000000005,-0.00041020000000000032,-0.00075539999999999993,-0.00043319999999999996,-0.0007048,-0.0014484000000000001,-0.0007048,0.00056260000000000001,0.00030000000000000003,-0.00056580000000000009,0.0012866000000000002,-0.00038499999999999993,-0.00062660000000000005,-0.00019800000000000004,0.00016839999999999992,-0.00079459999999999991,0.0012137999999999999,0.00085599999999999999,-0.00098979999999999988,0.0022817999999999996,0.00039740000000000006,-0.0002540000000000001,-0.0011444000000000001,-0.00011620000000000002,-0.0002152,-0.0015487999999999999,-0.00087040000000000012,0.00049300000000000006,0.0001411999999999998,0.0023866,0.001539,-0.00016920000000000005,-0.0025422000000000001,0.0012529999999999998,0.00016519999999999957,-0.00059339999999999979,-0.0013774,0.0011674000000000001,-0.0014550000000000001,-4.320000000000002e-05,-0.00018140000000000007,-0.0012469999999999992,-0.00039000000000000037,-0.002251,0.00031960000000000007,0.00022679999999999998,-0.0012558000000000001,0.00060599999999999988,-0.0019732,-0.0003118000000000001,0.0017349999999999996,-0.0018947999999999999,-3.1399999999999787e-05,-0.0019969999999999996,0.00029159999999999999,-0.00081700000000000002,-0.0027571999999999996,0.0018557999999999997,-0.000116,-0.00018279999999999989,-0.00070899999999999913,-0.00086619999999999991,0.0021917999999999998,-0.0036275999999999995,-0.00036200000000000034,0.0017600000000000001,0.00026599999999999996,0.00048100000000000009,0.00085680000000000001,0.0035098,-0.00078799999999999986
aug_between_class_right_pair0053_child06,TLE,1,1,Augmented,0,0,0,0,0,0.30587600000000004,1.8539286000000001,1.3000000000000003e-06,-9.9999999999999995e-07,9.9999999999999995e-07,0.88812500000000005,0,0.063781400000000002,-0.11356200000000001,0.0121847,0.12935750000000001,-0.1177626,0.12460840000000001,-0.0091774000000000005,0.0011097999999999993,-0.0072874999999999988,-0.1388113,0.33824949999999998,-0.0760044,0.021701700000000004,0.059783000000000003,0.0059292000000000025,-0.0194229,-0.0057126,-0.046569800000000001,0.022612699999999999,0.036159799999999999,-0.0448046,-0.0011252999999999997,-0.077877799999999997,0.021208999999999999,0.058861399999999994,-0.0199341,0.026558900000000003,0.015684799999999999,-0.0607199,0.0401368,-0.053438600000000003,-0.061095199999999995,0.093437900000000004,-0.0543673,0.183396,-0.055294599999999999,0.0134801,-0.0020214,-0.012445400000000001,-0.0013576000000000005,0.0082750000000000011,0.045513499999999998,0.00070130000000000062,-0.018732499999999999,0.0031788000000000007,-0.022695300000000002,0.0048004999999999992,0.037172400000000001,-0.001534199999999996,0.021400700000000002,-0.015598799999999999,0.003282300000000001,0.011951,-0.0380623,-0.00097629999999999896,0.0021688999999999996,0.0045506000000000001,0.035111200000000002,-0.068755800000000006,0.0012659999999999998,-0.013488300000000002,-0.034916700000000009,0.0076317999999999985,-0.0052484000000000003,0.0020791,0.010684200000000001,-0.00010749999999999996,0.0084717999999999981,-0.0142357,0.013968700000000001,0.0007652000000000006,-0.0045618000000000004,0.0072461999999999986,0.0001077000000000005,-0.0089805000000000006,0.0058932999999999998,0.0032528999999999995,0.015601500000000001,0.0024509999999999992,-0.0117178,0.031083099999999995,-0.0171491,-0.011719299999999998,-0.012045,-0.013959299999999999,0.0084793000000000004,-0.0039008000000000003,-0.0042423000000000001,0.0069268999999999997,-0.010572600000000001,-0.0024417999999999992,0.00084080000000000092,0.0042462000000000003,0.015006500000000002,-0.0040596,0.0035033,0.0053219999999999995,-0.0028125000000000003,-0.0056354999999999999,0.0083870999999999998,-0.0033726000000000003,-0.0042808000000000004,-0.0043790999999999995,0.011527199999999998,-0.0050623000000000005,-0.011691899999999998,0.010024999999999999,0.0119103,0.0028192999999999998,0.0032450999999999995,0.0075889000000000009,-0.012511999999999999,0.0043870000000000003,-0.0083192000000000006,0.011579799999999999,-0.00074509999999999984,0.0017056999999999992,0.0035640999999999997,0.0056024999999999998,0.010328699999999998,0.0037201000000000005,-0.0027146999999999996,-0.0013500999999999999,0.014161799999999999,0.0011673999999999999,-0.0040447,-0.017214400000000001,-0.0043480999999999988,-0.0013051,-0.0094855999999999985,0.0098133000000000005,-0.003276100000000001,0.0092437000000000023,-0.001820300000000001,-0.0046984999999999996,0.00089829999999999999,0.0010235999999999999,-0.0032296,0.0020820999999999999,-0.00042359999999999967,-0.0004109000000000005,0.0014943999999999999,0.0018127999999999994,0.0061765000000000014,0.00031510000000000002,0.0016396999999999998,0.0012331,0.0021997999999999996,-0.0049535999999999998,0.0032823000000000001,-0.0016134999999999999,-0.0038311000000000005,0.0061681999999999996,-0.0057657000000000003,0.0069143999999999994,-0.0017816999999999993,0.0036298999999999997,-0.0047746999999999989,-0.0021021,-0.0113092,0.0013257,-0.00016210000000000009,-0.0052379999999999996,0.012263900000000001,0.0093262999999999992,0.0067539999999999996,-0.0019220000000000001,0.0011181000000000003,0.008872699999999999,-0.0021301999999999996,-0.00096630000000000012,0.0080890000000000007,-0.0015150999999999997,0.0021535,-0.0088097000000000002,0.0035402999999999997,0.0038558000000000004,-0.0064674999999999993,0.00033620000000000004,-0.0073314000000000001,-0.0022688999999999999,0.00084579999999999996,-0.0013262,0.0012340999999999997,0.0016488999999999998,-0.0012917999999999996,-0.00085460000000000006,-0.0026478999999999999,-0.0038887000000000001,0.0036411,-0.0014123000000000002,-0.0020817999999999991,-0.0012065000000000001,-0.00024029999999999999,-0.0013899000000000001,0.00026659999999999998,-0.00037640000000000004,-0.0031320000000000002,0.0021090000000000002,-0.0022826000000000001,0.0048131000000000007,-0.0012203000000000006,-0.0054288999999999995,0.0078630000000000002,0.0015499999999999999,-0.00062839999999999999,0.0046997000000000011,0.0030360000000000005,-0.0057039999999999999,-0.0070599999999999994,-0.0056651999999999996,0.0027139000000000004,0.0001464999999999995,-0.00036969999999999993,0.0060597000000000012,-0.0036533,-0.0059319999999999998,0.0096933999999999996,-0.0021413000000000001,-0.0048745000000000004,0.0056525999999999998,0.00016830000000000057,0.0036955999999999994,0.0020878999999999997,0.0046289,0.0035599,-0.0084631000000000012,0.0074337000000000006,-0.0082463999999999992,-0.0084852,0.0035455999999999986,-0.0013018000000000001,-0.00030469999999999998,-0.0037886999999999999,-0.00055910000000000009,-0.0007072999999999999,-5.9200000000000057e-05,0.0034026000000000004,-0.0035880999999999994,0.0015219999999999995,-0.0014650000000000002,-0.0014903,0.0033508000000000001,0.0026332999999999999,0.0006527000000000002,0.00018170000000000013,0.0048199999999999996,-0.00017839999999999995,0.0031005999999999998,-0.0017700000000000001,-0.00011009999999999997,0.0010074999999999999,0.0024656000000000001,-0.0022557000000000011,-0.0034689000000000005,0.0001516,-0.00072290000000000006,-0.0010637999999999997,-0.0026777999999999997,0.00011860000000000039,0.0042281000000000003,-0.00074899999999999967,0.0023383000000000002,0.00022460000000000036,-0.0062289000000000008,0.00031769999999999975,0.0033812,0.0010739999999999999,0.0017791999999999999,0.0034432,0.00086720000000000005,-0.0037188999999999998,-0.0035205000000000002,0.00099500000000000022,0.0017866,0.00010520000000000017,0.0014612,-0.0027523999999999995,0.00052040000000000018,-0.0027328999999999999,0.0019688000000000002,-0.0024596000000000002,-0.002084599999999999,0.011005499999999998,-0.0027008000000000006,0.0095989999999999999,-0.00039950000000000055,0.0012711999999999999,-0.00039210000000000004,-0.0008393999999999998,0.001451,-0.0013269000000000002,0.0012718,-0.00020930000000000026,-0.00026409999999999986,0.0024638999999999998,-0.0047097000000000007,0.0015094000000000002,0.0006062000000000001,-0.0018261999999999994,0.0026928000000000004,0.0013233000000000001,0.00063330000000000027,-0.0002768999999999999,-0.00052209999999999995,0.00027409999999999999,-0.0014567000000000002,0.00040320000000000026,0.0035035999999999999,0.00088270000000000015,0.0011467000000000003,0.0028747000000000004,0.0003392,-0.00039470000000000011,0.00094820000000000039,-0.00033640000000000005,-0.00087069999999999997,-0.00043320000000000001,-0.0010814000000000002,-0.0012409000000000001,-0.0035236,-0.0035922000000000003,0.00091209999999999978,-0.0010682999999999999,0.00050129999999999999,0.0016072,-0.0057053000000000008,-0.00084049999999999967,0.0022257000000000002,-0.0011696000000000002,0.0035263,0.00092859999999999991,0.00050359999999999988,0.0040027999999999999,-0.00063539999999999983,-0.0051958000000000004,0.0038316000000000001,-0.0016812999999999997,0.0042303000000000002,-0.0017796000000000005,-0.0042488999999999999,0.0037959999999999999,-0.0012142999999999998,0.0040981999999999998,0.00014040000000000005,0.0030037000000000002,0.0034859999999999995,-0.0029916999999999999,0.0031565999999999999,0.0031372000000000001,-0.0026449999999999998,-0.0007365999999999998,0.0014382999999999998,0.0010625000000000001,-0.00017739999999999987,0.00085420000000000016,-0.0025049,0.00081580000000000021,-0.00042950000000000019,0.0020081999999999999,-0.0010434999999999999,0.00053770000000000001,-0.0021697000000000001,0.00068970000000000001,-0.0013860999999999999,0.0024916999999999995,0.00024250000000000009,-0.0013913000000000003,-0.00092390000000000007,-0.0016682999999999997,0.0017495000000000002,-0.0027613999999999998,0.0015348999999999998,0.0010169000000000003,0.00012530000000000006,-0.0021550000000000002,0.0032241999999999995,-0.0017778,-0.0036024999999999989,0.0015419999999999998,0.0017771000000000002,0.00063369999999999995,-0.00012310000000000001,0.0032905999999999994,0.0010950000000000001,-0.0012309,-0.00097299999999999958,0.0020252999999999998,-0.00075299999999999998,0.0033413000000000002,0.0010120000000000001,0.00033109999999999997,-0.0015322000000000001,0.00092890000000000008,-0.0019341000000000004,-0.00029100000000000003,4.1399999999999814e-05,0.00056229999999999995,0.0032138000000000002,-0.0017143,-0.0024095000000000002,-0.0016777000000000001,0.0008943,0.00026790000000000017,-0.0010818000000000002,-0.0010025999999999998,0.00014450000000000004,-0.001214,0.00041690000000000005,0.0017375000000000001,0.00084310000000000049,0.0035666999999999999,0.0007823000000000001,0.0027935,-0.0009835,-0.0056637999999999992,0.0019376,-0.0055244000000000005,0.0014047,0.00016189999999999998,4.8700000000000018e-05,0.00076190000000000003,0.00052059999999999997,0.00010090000000000001,-0.00046139999999999999,-1.3900000000000229e-05,-0.00076429999999999998,-0.00056689999999999996,-0.00093959999999999985,-0.0015478,-0.00053610000000000007,0.00082669999999999987,0.00030599999999999996,-0.00040810000000000016,0.0012512000000000001,-0.00055099999999999984,-0.00046670000000000012,-0.0003185000000000001,0.00028879999999999992,-0.00095119999999999992,0.0010735999999999999,0.0009140000000000001,-0.0011256,0.0025000999999999999,0.00043130000000000002,-0.00016550000000000007,-0.0010687999999999997,-0.00016839999999999997,-0.00014240000000000002,-0.0016056,-0.00083980000000000003,5.9500000000000267e-05,0.0004198999999999998,0.0027131999999999998,0.0014464999999999999,6.0099999999999889e-05,-0.0028538999999999999,0.001408,0.00063589999999999957,-0.00081379999999999983,-0.0018522999999999999,0.0012903000000000001,-0.0019794999999999999,8.1599999999999978e-05,-0.00032880000000000008,-0.0017094999999999994,-0.00013400000000000022,-0.0020939999999999999,0.00023570000000000004,0.00026210000000000003,-0.0014911,0.00079299999999999987,-0.0021149000000000003,-0.00027659999999999989,0.0018934999999999998,-0.0020590999999999999,-0.00029529999999999975,-0.0022784999999999997,0.00041819999999999992,-0.00076550000000000001,-0.0029773999999999998,0.0022480999999999998,-0.00022900000000000004,0.00030290000000000048,-0.0012039999999999993,-0.00091989999999999997,0.0020141,-0.0039461999999999995,-0.00061500000000000031,0.001851,0.0005874999999999997,0.00059100000000000005,0.0015875999999999996,0.0035851000000000004,-0.0010944999999999998
aug_between_class_right_pair0053_child07,TLE,1,1,Augmented,0,0,0,0,0,0.30584500000000003,1.8284284,1.1999999999999999e-06,-9.9999999999999995e-07,9.9999999999999995e-07,0.878193,0,0.065361600000000006,-0.11344000000000001,0.0127108,0.12926599999999999,-0.1206004,0.1242056,-0.0089166000000000002,0.0014091999999999998,-0.0069560000000000004,-0.1397862,0.34024499999999996,-0.077105599999999996,0.019486799999999999,0.062142000000000003,0.0030147999999999989,-0.0190116,-0.0058203999999999999,-0.046179200000000004,0.023500800000000002,0.037657200000000002,-0.042096399999999992,-0.0018642000000000003,-0.075661199999999998,0.022773000000000002,0.057913599999999996,-0.018466399999999997,0.026117599999999998,0.015176200000000001,-0.062975600000000007,0.039684200000000003,-0.049964399999999999,-0.065304799999999996,0.089798599999999992,-0.056704200000000003,0.182092,-0.055412400000000001,0.013867400000000002,-0.0019256,-0.012300600000000002,-0.00014539999999999692,0.0086320000000000008,0.046149999999999997,0.00069820000000000082,-0.018822999999999999,0.0046782000000000021,-0.024135200000000002,0.00528,0.0367766,-0.0036307999999999965,0.021306800000000001,-0.0173892,0.0017411999999999992,0.012109000000000002,-0.038315200000000001,-0.0023602000000000002,0.0035286000000000015,0.0052514000000000016,0.0377288,-0.0656302,-0.00031200000000000064,-0.010677199999999998,-0.0379578,0.0093512000000000005,-0.0052725999999999997,0.0017643999999999997,0.0101768,-0.00021500000000000078,0.0092671999999999997,-0.013488799999999999,0.014220800000000002,-0.00087120000000000079,-0.0042951999999999999,0.0077497999999999994,-0.00044320000000000036,-0.0092430000000000012,0.0062532000000000004,0.0035496,0.015434,0.0021929999999999996,-0.011126200000000001,0.031424399999999998,-0.0162244,-0.012307200000000001,-0.011837,-0.015383200000000001,0.0092952,-0.0024231999999999995,-0.0031501999999999997,0.0070396,-0.010156399999999999,-0.0019772000000000001,-0.00033880000000000021,0.0040638000000000002,0.013319999999999999,-0.0038954000000000003,0.0039491999999999999,0.0054000000000000003,-0.0031030000000000003,-0.0059389999999999998,0.0081653999999999997,-0.0035934000000000005,-0.0036281999999999994,-0.0045874000000000002,0.0118458,-0.0049221999999999998,-0.012197600000000001,0.01013,0.0121362,0.0031272000000000001,0.0037004000000000004,0.0071166000000000007,-0.012684000000000001,0.0042690000000000002,-0.0092028000000000006,0.011863200000000001,-0.0011054000000000001,0.0020148000000000006,0.0037933999999999997,0.0061080000000000006,0.010517799999999999,0.0047234000000000009,-0.0033097999999999999,-0.0021533999999999998,0.0162612,0.00064760000000000035,-0.0037688000000000001,-0.016817599999999999,-0.0059813999999999996,-0.00015339999999999972,-0.010957400000000001,0.0099252000000000003,-0.0025733999999999996,0.0080678,0.00022980000000000044,-0.0044159999999999998,0.00080219999999999977,0.0012484000000000002,-0.0028433999999999998,0.0021984000000000001,-0.00057039999999999999,-0.00041260000000000038,0.0016156,0.0026751999999999995,0.0065120000000000004,0.00020540000000000001,0.0020408000000000002,0.00088739999999999978,0.0024072,-0.0051473999999999999,0.0037721999999999999,-0.0015099999999999998,-0.004123400000000001,0.0064307999999999995,-0.0062567999999999999,0.0072356,-0.0023168000000000004,0.0048006000000000012,-0.0055697999999999998,-0.0017123999999999998,-0.011662800000000001,0.0014158,0.00045859999999999998,-0.0052979999999999989,0.012524599999999999,0.0094371999999999998,0.0066889999999999996,-0.0021919999999999995,0.00043540000000000007,0.0091077999999999992,-0.0028657999999999999,-0.0010332000000000002,0.0079640000000000006,-0.0016424,0.001882,-0.0075917999999999984,0.0039741999999999998,0.0040352000000000001,-0.0071180000000000002,0.00034179999999999801,-0.0070656,-0.0021635999999999999,0.00083819999999999999,-0.0012758000000000001,0.0014114000000000002,0.0017685999999999999,-0.0016432,-0.00076639999999999998,-0.0024786000000000001,-0.0041137999999999999,0.0035233999999999999,-0.0010631999999999998,-0.0022592000000000003,-0.0012699999999999999,-0.00042919999999999997,-0.0013096,0.00032040000000000004,-0.00036759999999999999,-0.0032490000000000002,0.0020249999999999999,-0.0017763999999999996,0.0046904,-0.00049319999999999963,-0.0057166000000000005,0.0083240000000000015,0.0015129999999999996,-0.00071660000000000007,0.0046018000000000005,0.0025639999999999999,-0.0059669999999999992,-0.0072050000000000005,-0.0060928000000000006,0.0027805999999999998,0.00071800000000000032,-0.00082180000000000035,0.0054387999999999997,-0.0033901999999999995,-0.0065360000000000001,0.010177599999999998,-0.0024942000000000007,-0.0050509999999999999,0.0059703999999999998,-0.00035280000000000012,0.0040073999999999995,0.0026046000000000003,0.0038265999999999994,0.0029045999999999994,-0.0086303999999999999,0.0079978000000000011,-0.0079565999999999994,-0.0089587999999999994,0.0036974000000000009,-0.0012451999999999997,-0.00034680000000000008,-0.0040418000000000008,-0.00043539999999999996,-0.00077920000000000007,-2.0799999999999991e-05,0.0033764000000000003,-0.0043173999999999999,0.0017539999999999995,-0.0014490000000000002,-0.0016092000000000001,0.0032232000000000003,0.0032352000000000006,0.00031579999999999987,0.00014179999999999987,0.0049490000000000003,-0.00043160000000000008,0.0031064,-0.0014179999999999998,-0.00017139999999999994,0.00115,0.0023693999999999998,-0.0023088000000000006,-0.0030055999999999998,1.4399999999999916e-05,-0.00090960000000000064,-0.0011452000000000001,-0.0032982000000000003,-1.3599999999999897e-05,0.0040834000000000001,-0.0011199999999999999,0.0029272000000000013,-0.00018460000000000026,-0.0068426000000000008,0.00079480000000000024,0.0033357999999999999,0.001266,0.0019178000000000001,0.0035767999999999998,0.00054979999999999981,-0.0041856000000000003,-0.003617,0.0010969999999999999,0.0015713999999999997,-2.9200000000000059e-05,0.0016128,-0.0031416,0.0004816,-0.0030646000000000002,0.0021172000000000001,-0.0022773999999999997,-0.0029793999999999992,0.012015000000000001,-0.0029772000000000002,0.010737000000000002,0.00014300000000000077,0.00091379999999999977,-0.00033839999999999999,-0.0010006000000000001,0.0015600000000000002,-0.0010756000000000003,0.0012472,0.00014980000000000006,-0.00045540000000000012,0.0025456000000000003,-0.0047308000000000003,0.0015286000000000002,0.00034679999999999986,-0.0022497999999999997,0.0027432000000000003,0.0013162,0.00041320000000000001,-0.00051860000000000014,-0.00077340000000000015,0.00025540000000000024,-0.0014748000000000001,0.00046980000000000004,0.0033824000000000007,0.0005357999999999999,0.0012848000000000002,0.0029298000000000002,0.00064179999999999966,-0.00041280000000000017,0.00039079999999999974,-7.5599999999999886e-05,-0.00063479999999999982,-0.00025979999999999992,-0.00067659999999999986,-0.0014606,-0.0030213999999999996,-0.0037927999999999998,0.0012824000000000002,-0.0011651999999999999,0.00055120000000000006,0.0014537999999999999,-0.0054662000000000001,-0.001341,0.0020188000000000003,-0.0010563999999999999,0.0038112000000000003,0.00085139999999999977,-4.8599999999999772e-05,0.0041641999999999998,-0.0010426000000000001,-0.0050921999999999999,0.0039253999999999999,-0.0019962000000000001,0.0041092000000000004,-0.0017153999999999997,-0.0046366000000000003,0.003725,-0.0014801999999999999,0.0046757999999999999,9.6600000000000071e-05,0.0030057999999999999,0.0036609999999999993,-0.0027607999999999999,0.0034464000000000001,0.0029607999999999995,-0.0025869999999999999,-0.00092940000000000015,0.0015902000000000002,0.0011610000000000001,-0.00032160000000000012,0.00096880000000000024,-0.0026075999999999994,0.00084819999999999991,-0.00019499999999999986,0.0022147999999999998,-0.00091299999999999986,0.00061380000000000007,-0.0023318000000000002,0.00091080000000000013,-0.0013633999999999999,0.0027948000000000001,0.0001119999999999999,-0.0014102000000000003,-0.00073360000000000005,-0.0018112000000000002,0.0018530000000000003,-0.0028326000000000002,0.0014556,0.0010346000000000001,0.00038520000000000004,-0.0021070000000000004,0.0037108000000000006,-0.0018971999999999999,-0.0039129999999999998,0.0016899999999999999,0.0016673999999999999,0.00068579999999999997,-9.6400000000000012e-05,0.0036943999999999996,0.00098900000000000008,-0.0013205999999999999,-0.0013900000000000002,0.0020141999999999998,-0.00072599999999999997,0.0032372,0.0016320000000000006,0.00045039999999999989,-0.0015568000000000001,0.0014796000000000004,-0.0022854000000000008,-0.00040299999999999993,0.00039560000000000029,0.00054719999999999997,0.0036192000000000004,-0.0015712,-0.0027710000000000005,-0.0017458,0.00098020000000000008,0.00011960000000000009,-0.00088019999999999993,-0.0011873999999999999,4.7999999999999974e-05,-0.0012330000000000002,0.00040759999999999999,0.0018350000000000003,0.00040240000000000002,0.0037318000000000004,0.0009591999999999999,0.0032590000000000002,-0.00070999999999999969,-0.0065821999999999999,0.0018384,-0.0067106000000000023,0.0014638000000000001,0.00012760000000000007,7.2800000000000035e-05,0.00077660000000000012,0.00060340000000000003,0.00010359999999999997,-0.0004166000000000001,0.00038240000000000003,-0.00077319999999999993,-0.00070060000000000001,-0.0011743999999999999,-0.0016472000000000001,-0.00036739999999999993,0.0010908000000000001,0.0003120000000000001,-0.00025039999999999991,0.0012158,-0.00071700000000000019,-0.00030679999999999992,-0.00043900000000000015,0.00040919999999999992,-0.0011078000000000001,0.00093339999999999981,0.00097199999999999999,-0.0012614000000000002,0.0027184000000000002,0.00046520000000000003,-7.7000000000000028e-05,-0.00099319999999999986,-0.00022060000000000005,-6.9599999999999957e-05,-0.0016624000000000001,-0.00080920000000000005,-0.00037400000000000015,0.00069859999999999996,0.0030398000000000005,0.001354,0.0002894000000000001,-0.0031656000000000002,0.0015630000000000002,0.0011065999999999999,-0.0010342000000000001,-0.0023271999999999998,0.0014132000000000001,-0.0025040000000000006,0.00020640000000000008,-0.00047620000000000019,-0.0021720000000000003,0.00012199999999999993,-0.0019369999999999999,0.00015179999999999998,0.00029740000000000007,-0.0017264000000000008,0.00097999999999999997,-0.0022566000000000001,-0.0002413999999999999,0.002052,-0.0022234000000000004,-0.00055920000000000004,-0.0025599999999999998,0.00054479999999999991,-0.00071400000000000001,-0.0031976000000000001,0.0026404000000000002,-0.00034200000000000029,0.00078859999999999998,-0.0016989999999999996,-0.00097360000000000003,0.0018364,-0.0042648,-0.00086800000000000028,0.0019419999999999999,0.00090900000000000074,0.00070100000000000013,0.0023184,0.0036603999999999999,-0.0014010000000000001
aug_between_class_right_pair0053_child08,TLE,1,1,Augmented,0,0,0,0,0,0.30581400000000003,1.8029282,1.1000000000000001e-06,-9.9999999999999995e-07,9.9999999999999995e-07,0.86826099999999995,0,0.066941799999999996,-0.113318,0.013236899999999999,0.1291745,-0.1234382,0.12380279999999999,-0.0086558,0.0017085999999999998,-0.0066244999999999984,-0.1407611,0.3422405,-0.078206800000000007,0.017271899999999996,0.064501000000000003,0.00010039999999999962,-0.0186003,-0.0059281999999999998,-0.045788599999999999,0.024388900000000002,0.039154599999999998,-0.039388199999999998,-0.0026031000000000001,-0.073444599999999999,0.024337000000000004,0.056965799999999997,-0.016998699999999999,0.025676299999999999,0.014667599999999999,-0.065231300000000006,0.039231599999999998,-0.046490199999999995,-0.069514400000000004,0.086159299999999994,-0.059041099999999999,0.180788,-0.055530200000000002,0.0142547,-0.0018297999999999999,-0.012155800000000001,0.0010668000000000032,0.0089890000000000005,0.046786500000000002,0.00069510000000000101,-0.018913499999999996,0.0061776000000000036,-0.0255751,0.0057594999999999999,0.036380800000000005,-0.0057274000000000005,0.0212129,-0.019179600000000002,0.00020009999999999966,0.012267,-0.038568100000000001,-0.0037441000000000006,0.0048883000000000008,0.0059522000000000012,0.040346400000000004,-0.062504599999999993,-0.0018900000000000011,-0.0078661000000000009,-0.040998900000000005,0.0110706,-0.0052968000000000008,0.0014496999999999999,0.0096693999999999999,-0.00032250000000000074,0.0100626,-0.0127419,0.0144729,-0.0025076000000000005,-0.0040286000000000002,0.0082533999999999993,-0.00099409999999999863,-0.0095055000000000001,0.0066131000000000002,0.0038463,0.015266499999999999,0.0019350000000000001,-0.0105346,0.031765699999999994,-0.015299700000000001,-0.0128951,-0.011629,-0.016807100000000002,0.010111100000000001,-0.00094559999999999957,-0.0020580999999999993,0.0071523000000000003,-0.0097402000000000009,-0.0015126000000000002,-0.0015183999999999996,0.0038814000000000001,0.011633499999999998,-0.0037312000000000005,0.0043950999999999999,0.0054779999999999994,-0.0033934999999999998,-0.0062424999999999998,0.0079436999999999997,-0.0038142000000000002,-0.0029755999999999997,-0.0047957,0.012164399999999999,-0.0047821000000000001,-0.012703300000000001,0.010235000000000001,0.012362100000000001,0.0034351,0.0041557,0.0066443000000000006,-0.012855999999999999,0.0041510000000000002,-0.010086400000000001,0.0121466,-0.0014657000000000001,0.0023239000000000003,0.0040226999999999997,0.0066134999999999996,0.010706899999999998,0.005726700000000003,-0.0039048999999999993,-0.0029566999999999996,0.018360600000000001,0.0001278000000000004,-0.0034928999999999997,-0.016420799999999999,-0.0076146999999999994,0.00099829999999999884,-0.012429200000000001,0.0100371,-0.0018706999999999999,0.0068918999999999994,0.0022799000000000001,-0.0041335,0.00070609999999999976,0.0014732,-0.0024571999999999997,0.0023146999999999998,-0.00071719999999999987,-0.00041430000000000026,0.0017368000000000001,0.0035376000000000006,0.0068475000000000012,9.5699999999999995e-05,0.0024418999999999999,0.00054169999999999978,0.0026145999999999995,-0.0053411999999999999,0.0042621000000000004,-0.0014064999999999998,-0.0044156999999999998,0.0066933999999999995,-0.0067479000000000003,0.0075567999999999998,-0.0028519000000000005,0.0059713000000000006,-0.0063648999999999997,-0.0013226999999999998,-0.0120164,0.0015058999999999997,0.0010793000000000001,-0.0053579999999999999,0.012785299999999999,0.0095481000000000003,0.0066239999999999997,-0.0024619999999999998,-0.00024729999999999999,0.0093428999999999995,-0.0036013999999999994,-0.0011001000000000001,0.0078390000000000005,-0.0017697000000000008,0.0016105,-0.0063738999999999983,0.0044081000000000007,0.0042146000000000006,-0.0077684999999999994,0.00034739999999999771,-0.0067997999999999999,-0.0020582999999999999,0.00083059999999999991,-0.0012254000000000002,0.0015886999999999993,0.0018882999999999999,-0.0019946,-0.00067820000000000001,-0.0023092999999999998,-0.0043389000000000006,0.0034057000000000002,-0.00071410000000000006,-0.0024365999999999997,-0.0013335,-0.0006180999999999999,-0.0012293,0.00037420000000000004,-0.00035879999999999999,-0.0033660000000000001,0.0019410000000000005,-0.0012702,0.0045677000000000001,0.00023390000000000043,-0.0060042999999999997,0.0087850000000000011,0.0014759999999999999,-0.00080480000000000005,0.0045038999999999999,0.0020920000000000001,-0.0062300000000000003,-0.0073499999999999998,-0.0065204,0.0028473000000000001,0.0012894999999999998,-0.0012739000000000001,0.0048179,-0.0031270999999999998,-0.0071399999999999988,0.010661799999999997,-0.0028471000000000004,-0.0052275000000000004,0.0062882000000000007,-0.00087389999999999972,0.0043191999999999996,0.0031213000000000005,0.0030242999999999989,0.0022493000000000001,-0.0087977000000000003,0.0085619000000000008,-0.0076667999999999997,-0.0094324000000000005,0.0038491999999999997,-0.0011886000000000002,-0.00038889999999999997,-0.0042948999999999999,-0.00031170000000000004,-0.00085110000000000003,1.7599999999999967e-05,0.0033502000000000007,-0.0050467000000000003,0.0019859999999999999,-0.0014329999999999998,-0.0017281,0.0030956,0.0038370999999999995,-2.1099999999999917e-05,0.00010189999999999982,0.0050779999999999992,-0.00068479999999999995,0.0031121999999999999,-0.0010659999999999999,-0.00023269999999999996,0.0012925000000000002,0.0022732,-0.002361900000000001,-0.0025422999999999999,-0.00012280000000000017,-0.0010963000000000004,-0.0012266,-0.0039185999999999995,-0.00014579999999999975,0.0039386999999999998,-0.0014909999999999997,0.0035161000000000007,-0.0005937999999999998,-0.0074563000000000008,0.0012718999999999999,0.0032904000000000002,0.0014579999999999999,0.0020563999999999999,0.0037104,0.00023239999999999979,-0.0046522999999999998,-0.0037135000000000002,0.0011990000000000004,0.0013562000000000001,-0.00016360000000000029,0.0017644,-0.0035307999999999997,0.00044280000000000003,-0.0033963000000000001,0.0022656,-0.0020952000000000002,-0.0038741999999999987,0.0130245,-0.0032535999999999997,0.011875,0.00068550000000000035,0.00055639999999999986,-0.00028469999999999998,-0.0011617999999999999,0.0016690000000000003,-0.00082430000000000003,0.0012226000000000001,0.00050889999999999985,-0.00064670000000000005,0.0026272999999999999,-0.0047518999999999999,0.0015478,8.7399999999999956e-05,-0.0026733999999999998,0.0027936000000000002,0.0013091000000000001,0.00019309999999999998,-0.00076029999999999999,-0.0010247000000000001,0.00023670000000000006,-0.0014929000000000001,0.00053640000000000024,0.0032611999999999997,0.00018889999999999998,0.0014229000000000002,0.0029849,0.00094440000000000019,-0.00043090000000000001,-0.00016660000000000004,0.00018520000000000016,-0.00039889999999999988,-8.6399999999999932e-05,-0.00027179999999999988,-0.0016803,-0.0025192000000000001,-0.0039934000000000002,0.0016527,-0.0012620999999999999,0.00060110000000000003,0.0013004,-0.0052271000000000001,-0.0018415,0.0018119,-0.00094320000000000005,0.0040961000000000001,0.00077419999999999984,-0.00060080000000000029,0.0043255999999999998,-0.0014498,-0.0049885999999999993,0.0040192000000000005,-0.0023111,0.0039880999999999996,-0.0016511999999999998,-0.0050242999999999998,0.0036539999999999997,-0.0017461,0.0052534000000000001,5.2800000000000091e-05,0.0030079000000000004,0.003836,-0.0025298999999999999,0.0037362000000000003,0.0027844000000000002,-0.002529,-0.0011222000000000001,0.0017421000000000001,0.0012595000000000002,-0.00046580000000000005,0.0010834000000000004,-0.0027103000000000001,0.00088060000000000005,3.9500000000000066e-05,0.0024214000000000002,-0.00078249999999999988,0.00068990000000000002,-0.0024939000000000003,0.0011319000000000001,-0.0013407,0.0030978999999999998,-1.850000000000007e-05,-0.0014291,-0.00054330000000000003,-0.0019541000000000003,0.0019564999999999999,-0.0029038000000000002,0.0013763,0.0010522999999999999,0.00064510000000000001,-0.0020590000000000001,0.0041974000000000004,-0.0020165999999999995,-0.0042235000000000007,0.001838,0.0015577,0.00073789999999999999,-6.9699999999999959e-05,0.0040981999999999998,0.000883,-0.0014103000000000002,-0.001807,0.0020030999999999998,-0.00069899999999999997,0.0031330999999999998,0.0022520000000000001,0.00056970000000000002,-0.0015813999999999999,0.0020303000000000001,-0.0026367000000000005,-0.00051499999999999983,0.00074980000000000012,0.00053209999999999998,0.0040246000000000006,-0.0014280999999999999,-0.0031325000000000003,-0.0018139,0.0010660999999999999,-2.8699999999999559e-05,-0.00067859999999999991,-0.0013721999999999996,-4.850000000000004e-05,-0.0012520000000000001,0.00039830000000000003,0.0019325000000000002,-3.8299999999999793e-05,0.0038969,0.0011361000000000001,0.0037244999999999999,-0.00043649999999999982,-0.0075005999999999996,0.0017392,-0.0078968000000000007,0.0015229,9.3299999999999937e-05,9.6900000000000024e-05,0.00079129999999999999,0.00068620000000000009,0.00010630000000000004,-0.00037179999999999998,0.00077870000000000001,-0.00078210000000000009,-0.00083430000000000006,-0.0014092,-0.0017466000000000003,-0.00019869999999999995,0.0013549,0.00031800000000000003,-9.2699999999999976e-05,0.0011804000000000003,-0.00088299999999999989,-0.00014689999999999994,-0.00055950000000000021,0.00052960000000000008,-0.0012643999999999999,0.00079319999999999976,0.0010300000000000001,-0.0013972000000000001,0.0029366999999999996,0.00049910000000000004,1.1500000000000008e-05,-0.00091759999999999997,-0.00027279999999999996,3.1999999999999965e-06,-0.0017192000000000002,-0.00077859999999999995,-0.00080750000000000017,0.00097730000000000017,0.0033663999999999994,0.0012614999999999998,0.00051869999999999998,-0.0034773000000000004,0.0017179999999999999,0.0015773000000000002,-0.0012546,-0.0028021000000000001,0.0015361000000000001,-0.0030285000000000008,0.00033120000000000008,-0.0006236000000000002,-0.0026344999999999997,0.00037799999999999965,-0.0017800000000000001,6.789999999999997e-05,0.00033270000000000012,-0.0019617000000000007,0.0011670000000000001,-0.0023983000000000003,-0.00020619999999999992,0.0022104999999999998,-0.0023877000000000004,-0.0008230999999999999,-0.0028415000000000003,0.00067139999999999995,-0.0006625,-0.0034178000000000004,0.0030327000000000002,-0.00045500000000000011,0.0012742999999999999,-0.0021940000000000002,-0.0010272999999999999,0.0016586999999999999,-0.0045833999999999996,-0.0011210000000000003,0.0020330000000000001,0.0012305,0.0008110000000000002,0.0030491999999999993,0.0037356999999999994,-0.0017075
aug_between_class_right_pair0054_child05,TLE,1,1,Augmented,0,0,0,0,0,0.28229340000000003,1.9609407999999999,8.0000000000000007e-07,-3.9999999999999993e-07,3.9999999999999998e-07,0.88295559999999995,0,0.035294599999999995,-0.13641780000000001,0.028408600000000003,0.077426800000000004,-0.0821186,0.058504600000000004,-0.0018730000000000001,-0.00018740000000000033,-0.0174442,-0.073375400000000007,0.35595859999999996,-0.12111440000000001,0.0293776,0.046922800000000001,0.017354000000000001,-0.0120614,0.0038346000000000009,-0.044574999999999997,0.0326976,0.022943999999999999,-0.032354599999999997,0.0019124000000000001,-0.083677000000000001,0.010271200000000001,0.040786799999999998,-0.0271262,0.026168800000000002,0.0058840000000000003,-0.047028,0.039934600000000001,-0.043853400000000001,-0.025078600000000003,0.068824400000000008,-0.029572000000000001,0.18131519999999998,-0.042778200000000002,0.0064702000000000006,-0.0057710000000000001,0.00025880000000000087,-0.017444000000000001,0.0063150000000000012,0.045024800000000004,-0.0016115999999999999,-0.0047289999999999997,-0.016592599999999999,-0.015852600000000001,0.013072199999999999,0.0069985999999999972,0.019476199999999999,0.0095795999999999989,-0.0087661999999999983,0.0145208,0.0015787999999999965,-0.021730600000000003,-0.0031502000000000001,-0.0098578000000000016,0.0014309999999999995,0.012481800000000001,-0.084540799999999999,0.0073037999999999992,-0.029495400000000001,-0.0026083999999999986,-0.0040727999999999997,-0.0071246,-0.0020944000000000002,0.013737000000000001,0.0104668,-0.0064201999999999992,-0.014219600000000001,0.0033396000000000003,0.0063702000000000003,-0.0072185999999999986,0.0109336,0.0033441999999999999,-0.0063301999999999994,0.0018390000000000001,0.0054496000000000006,0.0027965999999999993,-0.0136518,-0.0066238,0.0206532,-0.0059403999999999985,-0.00677,-0.010410200000000001,-0.0056321999999999995,0.0083075999999999983,-0.010422600000000001,0.0036647999999999993,0.0035596000000000013,-0.0014554000000000025,0.0070990000000000003,0.0010071999999999998,0.0082845999999999996,0.0128696,0.00092159999999999985,-0.0016560000000000004,-0.0023084000000000004,-0.00096759999999999988,-0.0014890000000000016,0.010444,-0.0045972000000000001,0.0064322000000000016,-4.3399999999999971e-05,0.0061192,-0.0015160000000000002,-0.0013518000000000002,0.0075431999999999999,0.0076398000000000004,0.0045437999999999997,0.0022091999999999997,0.0086002000000000006,-0.0041475999999999996,0.0067187999999999996,-0.0085109999999999995,0.010341400000000001,-0.00044499999999999997,-0.0057231999999999995,0.0090670000000000004,-0.0078933999999999983,0.0047484000000000007,-0.014474600000000001,0.0027626000000000013,0.0020910000000000008,0.0060745999999999994,-0.0045831999999999999,-0.00086399999999999953,-0.019711600000000003,-0.0047925999999999993,-0.013741,-0.0019962000000000009,0.0092679999999999985,0.0111322,0.010757399999999999,-0.0091944000000000019,-0.0072177999999999999,-0.0023067999999999999,0.00076679999999999999,0.00020499999999999986,0.0012396,0.0014981999999999999,-0.0039425999999999992,0.0010152000000000002,-0.0051248000000000005,-0.00033,0.0018924,0.0025615999999999998,0.0052653999999999999,0.00051079999999999995,-0.0016088000000000001,0.00038940000000000025,-0.0041441999999999998,0.0044111999999999997,-0.0052236000000000001,0.0010536,0.0079374000000000007,0.0055085999999999998,0.0016352000000000001,-0.0032979999999999997,-0.0027858000000000002,-0.0054587999999999998,-0.00086760000000000027,-0.0030588000000000004,0.0067478,-0.0025479999999999995,0.011183999999999999,-0.00096400000000000045,-0.010067599999999999,0.0002903999999999999,0.0088391999999999984,-0.0035653999999999998,-0.0023206000000000004,-0.0027311999999999987,-0.0057894000000000001,-0.0048885999999999999,-0.0156086,0.009183199999999999,0.0001916000000000001,0.00032640000000000013,0.0121864,-0.0044935999999999995,0.0017300000000000002,0.00090180000000000002,6.999999999999628e-06,-0.0025070000000000001,0.00042000000000000002,-0.00097760000000000034,-0.0021311999999999998,-0.0046382000000000003,0.0012271999999999999,3.6400000000000234e-05,-0.0025664000000000004,-0.0026824000000000006,0.0002988,-0.0028097999999999999,-0.00096279999999999998,-9.0799999999999971e-05,-0.00025980000000000003,0.0027956000000000005,0.00048359999999999983,0.0025118000000000002,0.0012410000000000001,-0.0035497999999999997,-0.0019740000000000001,0.0025222,0.0031154000000000004,0.00076379999999999981,0.0026968000000000001,0.0022880000000000005,0.0010663999999999999,-0.0018334000000000002,0.00092880000000000024,-0.00089019999999999995,0.00059320000000000032,0.0010797999999999999,0.0047273999999999997,0.0061268,-0.0013341999999999998,0.0016102,0.0023679999999999999,0.00061819999999999974,-0.00060479999999999996,0.0022455999999999999,-0.0052209999999999999,0.0030657999999999996,-0.0045722000000000002,-0.0032946000000000004,-0.0153066,0.0042866000000000007,-0.0104052,0.0034822000000000013,-0.0080678,-0.00016939999999999967,-0.00025000000000000011,-0.0021672000000000002,-0.0011286,-0.0016012000000000001,0.003457,6.0000000000000035e-05,0.0016031999999999999,0.0010909999999999995,0.00083759999999999998,-0.0010597999999999998,0.0039950000000000003,-0.00062640000000000016,0.00049919999999999999,0.0019375999999999998,-0.00022399999999999997,-0.0020677999999999998,-2.7800000000000567e-05,-0.0024997999999999999,-0.00062939999999999979,-0.0011306000000000001,-0.0014622000000000001,0.0010093999999999997,-0.0038324000000000001,0.0012924,0.0023468,-0.0027079999999999999,0.00028160000000000001,0.0035253999999999997,0.0020100000000000001,0.0053920000000000001,-0.0030734,-0.00046160000000000038,0.0025446000000000006,0.00069739999999999993,0.0064834000000000003,0.0025490000000000005,0.0021832000000000002,-0.00080040000000000016,-0.0002044000000000002,0.00043020000000000037,0.0028307999999999996,-0.0023227999999999999,0.0061046,0.0023562000000000006,-0.0039249999999999997,0.0020170000000000001,-0.0057460000000000002,-0.0028205999999999999,0.0052497999999999998,0.0012715999999999999,0.0058906000000000002,-0.0051418000000000002,-0.0060897999999999985,-0.0056503999999999999,-0.013094999999999999,0.00044119999999999988,-0.00084000000000000003,0.00027920000000000001,0.0023861999999999998,0.001879,-0.00025639999999999989,-0.0017832,0.00033319999999999991,0.0018698,-0.0016493999999999999,6.2399999999999999e-05,0.0018904,-0.0019928000000000003,0.0016516,0.0015938,0.0018090000000000001,-0.00022100000000000001,0.00077839999999999984,0.0020372000000000003,0.0010272,-0.0010002000000000001,-0.0003144,0.00079160000000000005,-0.0016275999999999999,-0.0010666,-0.002764,0.0022666000000000001,-0.00037180000000000004,0.0012488,-0.0011474000000000002,-0.0013851999999999998,-0.0023509999999999998,-0.00017100000000000004,-0.00065060000000000009,-7.8200000000000058e-05,0.0021839999999999997,0.00023960000000000024,0.0053573999999999983,-0.00027019999999999995,0.0014342000000000001,-0.0013066,0.0016051999999999998,0.0020225999999999998,0.0033354000000000001,0.0014155999999999999,0.0010236000000000004,-3.7999999999999839e-06,-0.0020782000000000001,0.0016153999999999999,-0.0053492000000000001,-0.0010441999999999999,-0.0012808000000000001,0.0016276000000000003,-0.00077740000000000003,0.0015668000000000004,-0.0055878000000000004,0.0019824,-0.0039514000000000007,0.0059449999999999998,0.012457199999999998,-0.0015906,0.0097955999999999998,-0.0016560000000000004,-0.0021387999999999997,0.00035159999999999993,0.00087719999999999985,0.00043419999999999998,-0.00021919999999999991,0.00039500000000000006,0.00013159999999999984,0.00030019999999999998,-0.00086059999999999999,-0.0002608,-0.00064819999999999993,0.00083780000000000009,-0.00072520000000000006,-0.00026540000000000005,0.00035740000000000001,0.00058259999999999996,-0.0013982000000000001,0.00068340000000000013,-0.0016823999999999999,0.001041,0.00024639999999999992,-0.0011335999999999998,0.0019602,0.0010759999999999997,-0.0010224000000000001,-0.00098940000000000009,3.9199999999999923e-05,-0.0022603999999999996,0.0024083999999999998,0.00018100000000000006,0.00044159999999999989,-0.002006,0.0011052,0.0017652000000000002,-0.00029980000000000002,-0.0015671999999999999,2.7399999999999961e-05,-0.0005533999999999999,-0.0010070000000000001,0.0029616,-0.0013609999999999998,-0.0018021999999999999,0.00038819999999999979,-0.00076639999999999998,0.00040220000000000013,-0.0011432,-0.00036079999999999988,-0.00139,0.0006512,-0.0014328000000000001,0.00058919999999999979,-0.0014187999999999998,0.0013619999999999999,0.0052973999999999999,-0.0039053999999999998,0.0010574,-0.0017138000000000001,0.001745,0.0010914000000000002,0.0032776000000000003,0.0041647999999999998,0.0043601999999999998,-0.0018901999999999999,0.0010823999999999999,-0.0060077999999999998,-0.0037821999999999999,-0.0012453999999999994,-0.0031759999999999996,0.0019994000000000001,0.00020039999999999988,-0.00051559999999999996,0.00063839999999999991,-0.00059419999999999991,-4.400000000000004e-05,0.00032460000000000003,-0.0027929999999999999,-0.00040519999999999998,-0.00051240000000000009,0.00030779999999999995,0.00034020000000000003,-0.00068979999999999974,0.00083679999999999996,0.00059739999999999999,-0.0013385999999999999,0.00052119999999999998,-0.00014199999999999998,0.00022679999999999993,0.00097099999999999986,-0.00039619999999999998,0.0001908,-0.00057759999999999995,-0.00070359999999999997,9.7399999999999982e-05,-0.0012529999999999998,-9.9599999999999927e-05,-0.00044220000000000001,-0.00025339999999999987,-0.00032100000000000005,-0.0012114000000000001,-0.0018297999999999999,0.00051719999999999999,-0.00052099999999999998,-0.0013622,0.0013553999999999999,6.479999999999984e-05,0.0011914000000000002,-0.00081079999999999987,-0.00042319999999999999,-0.00085719999999999991,0.0011927999999999999,0.0011995999999999999,0.0018247999999999999,0.0024476000000000003,1.1200000000000001e-05,0.0010970000000000001,0.00012140000000000002,-0.0025492000000000002,-0.0023959999999999997,-0.0014689999999999998,0.00092399999999999991,0.0017282,-0.00053359999999999996,-0.0014694,-0.0004908,-0.0020869999999999999,0.0014970000000000001,-0.0006609999999999998,-0.0037789999999999994,0.0011007999999999999,-0.0011276000000000001,0.0013033999999999997,0.0023519999999999999,-0.0035512,-4.3000000000000069e-05,-0.00028799999999999963,0.0022370000000000003,0.0015956000000000002,-0.00028319999999999962,-0.00031260000000000012,0.0030193999999999998,-0.0041994000000000007,0.0013157999999999996,-0.0047347999999999999,-0.0016611999999999998,-0.00038259999999999987
aug_between_class_right_pair0054_child06,TLE,1,1,Augmented,0,0,0,0,0,0.27393830000000002,1.9448346000000001,6.0000000000000018e-07,-2.9999999999999993e-07,3.0000000000000004e-07,0.85500770000000004,0,0.0360662,-0.1366956,0.0303287,0.0807036,-0.082146700000000003,0.059155199999999998,-0.0018055000000000002,-0.0022887999999999997,-0.018704399999999999,-0.0736898,0.35528219999999999,-0.12294730000000001,0.028552699999999997,0.046266100000000004,0.014475000000000002,-0.013176799999999999,0.0044402,-0.043269500000000002,0.033108699999999998,0.025545999999999999,-0.034231200000000003,0.0013208,-0.080080000000000012,0.0081709000000000018,0.039846100000000002,-0.027677900000000002,0.023627600000000002,0.0053690000000000005,-0.044856,0.038605200000000006,-0.041821300000000006,-0.028635700000000004,0.066926799999999995,-0.030188,0.17843139999999999,-0.0409594,0.0063949000000000002,-0.0063275000000000015,0.00059710000000000058,-0.016573500000000001,0.0054435000000000004,0.045065099999999997,-0.0022476999999999996,-0.0044914999999999998,-0.0168302,-0.016551199999999999,0.014801399999999999,0.0076216999999999986,0.019507400000000001,0.010597699999999998,-0.011431899999999998,0.0131631,0.0037855999999999966,-0.021355200000000001,-0.001188900000000001,-0.0085231000000000005,0.0040479999999999978,0.013132599999999996,-0.0812301,0.0058570999999999988,-0.028062300000000002,-0.0022187999999999999,-0.0017421000000000016,-0.0069712000000000012,-0.0021583000000000001,0.013971500000000001,0.010280600000000001,-0.0066908999999999996,-0.013719700000000001,0.0028322,0.0053979000000000006,-0.0075072000000000003,0.010463200000000001,0.0037054000000000002,-0.0071448999999999992,0.0017470000000000003,0.0044242000000000005,0.0012136999999999998,-0.013838099999999999,-0.0058215999999999997,0.018869900000000002,-0.0045882999999999983,-0.0063210000000000002,-0.010721900000000001,-0.0059573999999999998,0.009297699999999999,-0.0097266999999999996,0.0054990999999999998,0.0029042,-0.00027780000000000166,0.0064790000000000004,-7.1600000000001524e-05,0.0091227000000000009,0.012730200000000001,0.0026037000000000005,-0.0010900000000000007,-0.0025617999999999999,-0.0010002000000000001,-0.00071000000000000143,0.0104335,-0.0044688999999999996,0.0064618999999999987,-0.00028079999999999989,0.0061249,-0.0012575000000000004,-0.0011211000000000003,0.0071433999999999994,0.0069906000000000005,0.0045735999999999997,0.0022274,0.0080388999999999999,-0.0042621999999999998,0.0058956000000000008,-0.0092509999999999988,0.0102933,-0.00031000000000000016,-0.0051018999999999995,0.010026500000000001,-0.0081092999999999998,0.0036848000000000007,-0.0132592,0.0019757000000000004,0.0026420000000000003,0.0062771999999999993,-0.0049338999999999997,-0.00011099999999999977,-0.019554700000000001,-0.0060326999999999985,-0.012855500000000001,-0.0017613999999999998,0.010612499999999999,0.0124169,0.011885799999999998,-0.0095163000000000018,-0.0068531,-0.0022615999999999999,0.00091909999999999995,0.0004534999999999998,0.0011462,0.0016029,-0.0025357000000000001,0.00081840000000000016,-0.0046771,-0.00045250000000000021,0.0019627999999999998,0.0028696999999999993,0.0056992999999999992,0.00058009999999999995,-0.0014071000000000003,-0.00026869999999999976,-0.0043668999999999999,0.0047069,-0.0051387000000000004,0.0012087000000000001,0.0082472999999999991,0.0050667000000000004,0.0013164000000000003,-0.0038629999999999997,-0.0028555999999999998,-0.0060530999999999996,-0.00054570000000000052,-0.0020806000000000002,0.0077066000000000001,-0.0035074999999999989,0.011206000000000001,-0.00092000000000000068,-0.010621199999999999,0.0007352999999999995,0.0092843999999999982,-0.0044973000000000001,-0.0018862000000000002,-0.0028668999999999995,-0.0059908000000000001,-0.0062207,-0.014711200000000001,0.009323399999999999,-9.6799999999999751e-05,-0.0001161999999999986,0.0120158,-0.0050816999999999998,0.0020529999999999997,0.00077610000000000005,0.00027599999999999934,-0.0025165000000000001,0.00047199999999999998,-0.00019920000000000029,-0.0022439000000000001,-0.0044524000000000005,0.00096340000000000011,1.6799999999999975e-05,-0.0022378000000000003,-0.0028977999999999999,0.00048409999999999989,-0.0032030999999999995,-0.0011895999999999999,0.00038340000000000005,-0.00013860000000000004,0.0025727000000000002,0.00092769999999999962,0.0025016000000000001,0.00084600000000000018,-0.0039055999999999995,-0.0015960000000000002,0.0024599000000000001,0.0024783000000000001,0.0009195999999999998,0.0024696000000000002,0.0015505000000000002,0.0013427999999999995,-0.0018203000000000004,0.00043260000000000043,-0.00034190000000000012,0.00099990000000000061,0.0010896,0.0044837999999999996,0.0057591000000000014,-0.0017583999999999998,0.0018809,0.0022034999999999997,0.0012528999999999991,-0.0013825999999999995,0.0022027000000000001,-0.005378,0.0031665999999999994,-0.0046278999999999999,-0.0032996999999999996,-0.016319199999999999,0.0049376999999999997,-0.0110379,0.0032219000000000006,-0.0083066000000000008,-0.00014229999999999972,-0.00031800000000000003,-0.0021528999999999997,-0.0012412,-0.0016654,0.0031609999999999997,-0.00011099999999999993,0.0015084000000000002,0.0012474999999999995,0.00082269999999999999,-0.0010410999999999999,0.0036405000000000001,-0.00043280000000000022,0.00065789999999999989,0.0021741999999999998,-0.000107,-0.0021626000000000002,-0.00012409999999999982,-0.0022280999999999998,-0.00033030000000000006,-0.0013942000000000002,-0.0017793999999999993,0.0012532999999999997,-0.0037803000000000003,0.0012837999999999999,0.0020081000000000001,-0.0029439999999999996,8.9200000000000054e-05,0.0036048,0.0021130000000000003,0.0055794999999999994,-0.0032427999999999997,-0.00093770000000000008,0.0026432000000000005,0.00056379999999999993,0.0070248000000000003,0.0021925000000000004,0.0023479,-0.00075429999999999985,-0.00041379999999999998,0.00025590000000000074,0.0028695999999999995,-0.0030185999999999998,0.0061711999999999999,0.0018728999999999998,-0.0040995000000000007,0.0023124999999999999,-0.0063125000000000004,-0.0028717,0.0053761,0.0013666999999999998,0.0060036999999999998,-0.0049131000000000001,-0.0065675999999999998,-0.0050868000000000024,-0.0126365,0.00037840000000000009,-0.00076300000000000001,0.0003054,0.0024694000000000001,0.0016875000000000002,-0.00056179999999999989,-0.0013314000000000004,0.00040239999999999991,0.0019116000000000001,-0.0015338000000000001,9.3799999999999895e-05,0.0019062999999999997,-0.0020485999999999998,0.0018207000000000002,0.0015805999999999999,0.0018230000000000006,-0.00020800000000000001,0.00090179999999999991,0.0020029000000000002,0.00097540000000000018,-0.00084240000000000009,-0.00037830000000000003,0.00081119999999999999,-0.0016957000000000001,-0.0011666999999999999,-0.0026925000000000004,0.0021347000000000002,-0.00024960000000000021,0.0013875999999999997,-0.0013083000000000001,-0.0018148999999999997,-0.0023670000000000002,-0.00029749999999999991,-0.00030270000000000058,9.99999999998398e-08,0.0025005000000000001,-0.00029879999999999962,0.0056552999999999985,-0.0006938999999999999,0.0013189,-0.00097020000000000016,0.0019093999999999999,0.0023411999999999999,0.0036478000000000001,0.0010197000000000001,0.00046620000000000038,-0.00011160000000000033,-0.0018454000000000001,0.0022608000000000003,-0.0053289000000000001,-0.00082689999999999977,-0.0015425999999999999,0.0012182000000000002,-0.0005708,0.0010041000000000004,-0.0058271,0.0022562999999999997,-0.0035108000000000001,0.0063399999999999993,0.011723399999999998,-0.0014747,0.0093186999999999992,-0.002111,-0.0019735999999999998,0.00050819999999999988,0.00096089999999999978,0.00051239999999999999,-0.00036689999999999997,0.00034849999999999996,0.0003571999999999999,0.00029990000000000003,-0.00094720000000000004,-0.00025960000000000002,-0.00075940000000000003,0.00087810000000000015,-0.00061640000000000013,-6.8300000000000061e-05,0.00023930000000000002,0.00071119999999999994,-0.0012109,0.00062179999999999994,-0.0017427999999999999,0.00083700000000000007,0.00025830000000000004,-0.0011526999999999998,0.0019959000000000001,0.0011679999999999998,-0.00066430000000000026,-0.00093280000000000001,0.00018439999999999993,-0.0024977999999999997,0.0025127999999999999,6.5000000000001038e-06,0.00023119999999999998,-0.0017325000000000001,0.0010609,0.0020598999999999999,2.5899999999999755e-05,-0.0017539000000000001,0.00039279999999999995,-0.00090879999999999997,-0.001292,0.0032972000000000001,-0.001598,-0.0020768999999999996,0.00078439999999999955,-0.00093429999999999989,0.00025190000000000011,-0.0010359000000000002,-0.00018960000000000005,-0.0014959999999999999,0.00056340000000000003,-0.0013566000000000001,0.00024040000000000012,-0.0017405999999999999,0.0014595000000000001,0.0057863000000000003,-0.0032548000000000004,0.0016937999999999996,-0.0020306,0.00166,0.00098979999999999988,0.0027227000000000002,0.0040996000000000001,0.0041098999999999997,-0.0014999,0.0012252999999999999,-0.0063135999999999999,-0.0043369000000000003,-0.0014777999999999996,-0.0039044999999999996,0.0019743,0.00023229999999999995,-0.00046970000000000009,0.0007252999999999999,-0.00074039999999999989,6.0999999999999965e-05,0.00026520000000000005,-0.0025590000000000001,-0.00042339999999999999,-0.00045630000000000003,0.00039209999999999994,0.00022340000000000012,-0.00082609999999999997,0.00093509999999999991,0.00073179999999999979,-0.0014472,0.00060490000000000001,-0.00025699999999999985,0.00032309999999999999,0.0010949999999999998,-0.00049239999999999993,0.00016759999999999998,-0.00082169999999999986,-0.00077969999999999992,3.7800000000000051e-05,-0.001101,-0.00027820000000000004,-0.00030340000000000011,-0.00050580000000000004,-0.00025400000000000005,-0.0012598000000000002,-0.0017650999999999999,0.00033040000000000006,-0.00059000000000000003,-0.0012479000000000001,0.0012313000000000001,0.00010760000000000001,0.0012323,-0.0006670999999999999,-0.00034890000000000002,-0.0011188999999999999,0.00093510000000000012,0.0011776999999999998,0.0022370999999999997,0.0025382,0.00030689999999999982,0.00089000000000000017,0.00025080000000000002,-0.0028608999999999996,-0.0024224999999999997,-0.0017829999999999996,0.0012994999999999999,0.0019769000000000002,-0.00011419999999999985,-0.0016048000000000002,-0.00096659999999999997,-0.0022504999999999999,0.0015625000000000001,-0.00047150000000000002,-0.0040574999999999995,0.0012245999999999997,-0.0010127000000000001,0.0011113,0.0022830000000000003,-0.0034093999999999999,0.00072299999999999925,-0.00052350000000000009,0.0025470000000000002,0.0014812000000000002,-0.00094289999999999966,-0.00065669999999999986,0.0032802999999999999,-0.0036848000000000002,0.0018200999999999994,-0.0046641,-0.0014949,-0.00068920000000000006
aug_between_class_right_pair0054_child07,TLE,1,1,Augmented,0,0,0,0,0,0.26558320000000002,1.9287284,3.9999999999999993e-07,-1.9999999999999999e-07,1.9999999999999994e-07,0.8270597999999999,0,0.036837800000000004,-0.13697340000000002,0.032248800000000001,0.083980400000000011,-0.082174799999999992,0.059805799999999999,-0.001738,-0.0043902000000000004,-0.019964600000000002,-0.074004199999999992,0.35460579999999997,-0.12478020000000001,0.0277278,0.045609400000000001,0.011595999999999999,-0.0142922,0.0050457999999999996,-0.041964000000000001,0.033519799999999995,0.028147999999999999,-0.036107800000000002,0.00072920000000000016,-0.076482999999999995,0.006070599999999998,0.0389054,-0.028229600000000001,0.021086400000000002,0.0048539999999999998,-0.042684,0.037275800000000005,-0.039789199999999997,-0.032192800000000008,0.065029199999999995,-0.030804000000000002,0.17554759999999997,-0.039140599999999998,0.0063195999999999999,-0.0068840000000000012,0.00093539999999999943,-0.015703000000000002,0.0045719999999999997,0.045105399999999997,-0.0028838000000000002,-0.0042539999999999991,-0.017067800000000001,-0.017249799999999999,0.016530599999999999,0.0082448,0.0195386,0.011615799999999999,-0.0140976,0.011805400000000001,0.0059924000000000019,-0.0209798,0.00077240000000000121,-0.007188400000000001,0.0066650000000000008,0.013783399999999999,-0.0779194,0.0044103999999999966,-0.026629199999999999,-0.0018292000000000013,0.00058859999999999989,-0.0068177999999999997,-0.0022222000000000001,0.014206000000000002,0.0100944,-0.0069616000000000018,-0.0132198,0.0023248000000000001,0.0044256,-0.0077957999999999986,0.0099927999999999996,0.0040666000000000001,-0.0079596000000000007,0.0016549999999999998,0.0033988000000000004,-0.00036920000000000095,-0.014024399999999999,-0.0050193999999999976,0.0170866,-0.0032361999999999998,-0.0058720000000000005,-0.011033600000000001,-0.0062826000000000002,0.0102878,-0.0090308000000000003,0.0073334000000000003,0.0022488000000000005,0.00089980000000000095,0.0058589999999999996,-0.0011504000000000028,0.0099608000000000006,0.012590799999999999,0.0042857999999999993,-0.00052400000000000016,-0.0028152000000000008,-0.0010328,6.899999999999875e-05,0.010423,-0.0043406,0.006491600000000001,-0.00051820000000000013,0.0061305999999999999,-0.00099899999999999989,-0.00089040000000000039,0.0067435999999999989,0.0063414000000000005,0.0046033999999999997,0.0022456000000000004,0.0074776,-0.0043768000000000001,0.0050723999999999995,-0.0099909999999999999,0.010245199999999999,-0.00017500000000000024,-0.0044805999999999995,0.010986000000000001,-0.0083251999999999996,0.0026211999999999997,-0.0120438,0.0011887999999999998,0.0031930000000000005,0.0064798,-0.0052846000000000004,0.00064200000000000043,-0.0193978,-0.0072728000000000003,-0.01197,-0.0015265999999999995,0.011956999999999999,0.013701599999999998,0.013014200000000002,-0.0098382000000000001,-0.0064884000000000001,-0.0022163999999999999,0.0010713999999999999,0.00070200000000000004,0.0010528,0.0017076000000000001,-0.001128799999999999,0.00062160000000000004,-0.0042293999999999995,-0.00057499999999999999,0.0020332000000000002,0.0031777999999999997,0.0061332000000000001,0.00064940000000000006,-0.0012054000000000001,-0.00092680000000000041,-0.0045896000000000001,0.0050026000000000003,-0.0050538000000000007,0.0013638000000000005,0.0085571999999999992,0.0046248000000000001,0.00099759999999999996,-0.0044279999999999996,-0.0029253999999999999,-0.0066473999999999995,-0.00022379999999999991,-0.0011023999999999999,0.0086654000000000002,-0.0044670000000000005,0.011228,-0.00087600000000000004,-0.011174799999999999,0.0011802,0.0097295999999999997,-0.0054292000000000012,-0.0014517999999999992,-0.0030026000000000002,-0.0061922000000000001,-0.0075528000000000019,-0.013813799999999999,0.0094635999999999991,-0.00038520000000000004,-0.00055880000000000079,0.0118452,-0.0056697999999999991,0.0023759999999999992,0.00065039999999999998,0.00054499999999999991,-0.002526,0.00052400000000000005,0.00057920000000000031,-0.0023565999999999995,-0.0042665999999999997,0.00069959999999999987,-2.7999999999998512e-06,-0.0019092,-0.0031132000000000009,0.00066940000000000012,-0.0035963999999999996,-0.0014164,0.00085760000000000046,-1.7399999999999942e-05,0.0023498,0.0013717999999999998,0.0024914000000000004,0.00045100000000000001,-0.0042614000000000003,-0.0012179999999999999,0.0023975999999999997,0.0018411999999999997,0.0010754,0.0022424000000000003,0.00081299999999999862,0.0016191999999999999,-0.0018072000000000001,-6.3600000000000028e-05,0.00020640000000000025,0.0014066000000000013,0.0010993999999999999,0.0042401999999999995,0.0053914000000000011,-0.0021826000000000003,0.0021516,0.002039,0.0018876000000000001,-0.0021603999999999998,0.0021597999999999999,-0.0055350000000000009,0.0032674000000000002,-0.0046835999999999996,-0.0033048000000000005,-0.017331800000000001,0.0055888000000000005,-0.0116706,0.0029616,-0.0085453999999999999,-0.00011519999999999976,-0.00038600000000000006,-0.0021386,-0.0013538000000000001,-0.0017296,0.0028649999999999995,-0.00028200000000000008,0.0014136000000000001,0.0014039999999999994,0.00080780000000000001,-0.0010223999999999999,0.0032859999999999999,-0.00023919999999999993,0.00081660000000000001,0.0024107999999999998,1.000000000000008e-05,-0.0022574000000000001,-0.00022039999999999994,-0.0019563999999999996,-3.1199999999999837e-05,-0.0016577999999999999,-0.0020966000000000005,0.0014971999999999997,-0.0037282000000000001,0.0012752,0.0016693999999999999,-0.0031800000000000001,-0.00010320000000000007,0.0036842000000000003,0.0022160000000000001,0.0057669999999999996,-0.0034122000000000002,-0.0014138000000000002,0.0027418000000000004,0.00043019999999999994,0.0075662000000000004,0.001836,0.0025125999999999998,-0.00070819999999999998,-0.00062320000000000019,8.1599999999999815e-05,0.0029083999999999998,-0.0037144000000000005,0.0062377999999999999,0.0013895999999999999,-0.004274,0.0026080000000000005,-0.0068790000000000006,-0.0029228000000000001,0.0055023999999999993,0.0014617999999999996,0.0061167999999999995,-0.0046844,-0.0070453999999999994,-0.0045232000000000015,-0.012178,0.00031559999999999987,-0.00068599999999999998,0.00033160000000000004,0.0025526000000000004,0.0014959999999999999,-0.00086720000000000005,-0.00087959999999999991,0.00047159999999999997,0.0019534000000000001,-0.0014181999999999997,0.00012520000000000001,0.0019221999999999998,-0.0021044000000000002,0.0019898000000000003,0.0015674,0.0018369999999999999,-0.000195,0.0010252,0.0019686,0.0009235999999999999,-0.00068459999999999994,-0.00044220000000000001,0.00083080000000000003,-0.0017638,-0.0012668,-0.0026210000000000001,0.0020027999999999999,-0.00012739999999999995,0.0015263999999999998,-0.0014692000000000004,-0.0022446000000000002,-0.0023829999999999997,-0.00042400000000000001,4.5200000000000014e-05,7.8400000000000171e-05,0.0028169999999999996,-0.00083720000000000018,0.0059531999999999988,-0.0011176000000000011,0.0012035999999999998,-0.0006337999999999999,0.0022136,0.0026598000000000004,0.0039601999999999997,0.00062379999999999988,-9.1200000000000048e-05,-0.0002193999999999998,-0.0016125999999999998,0.0029062000000000007,-0.0053086000000000001,-0.00060959999999999964,-0.0018044000000000003,0.00080879999999999982,-0.00036420000000000007,0.00044139999999999978,-0.0060663999999999996,0.0025302000000000002,-0.0030701999999999999,0.0067350000000000005,0.010989599999999999,-0.0013587999999999999,0.0088418000000000004,-0.0025660000000000006,-0.0018083999999999997,0.00066480000000000011,0.0010446000000000001,0.00059060000000000004,-0.00051460000000000015,0.00030199999999999997,0.00058279999999999996,0.00029960000000000007,-0.0010337999999999999,-0.00025839999999999999,-0.00087060000000000002,0.00091840000000000021,-0.00050759999999999998,0.00012880000000000009,0.00012119999999999991,0.00083980000000000014,-0.0010235999999999999,0.00056020000000000006,-0.0018031999999999998,0.00063299999999999999,0.00027019999999999995,-0.0011717999999999998,0.0020316000000000002,0.0012599999999999998,-0.00030619999999999985,-0.00087619999999999994,0.0003296000000000001,-0.0027352000000000006,0.0026172000000000001,-0.00016800000000000007,2.0799999999999855e-05,-0.0014589999999999998,0.0010165999999999999,0.0023546000000000001,0.00035160000000000009,-0.0019406000000000002,0.00075820000000000011,-0.0012642,-0.0015770000000000003,0.0036328000000000003,-0.001835,-0.0023516000000000001,0.0011805999999999997,-0.0011022,0.00010160000000000008,-0.00092859999999999991,-1.8400000000000014e-05,-0.0016019999999999999,0.00047559999999999996,-0.0012804000000000001,-0.00010840000000000009,-0.0020624000000000003,0.0015570000000000002,0.0062752000000000007,-0.0026041999999999997,0.0023301999999999997,-0.0023474000000000004,0.001575,0.00088819999999999991,0.0021677999999999997,0.0040343999999999996,0.0038595999999999999,-0.0011095999999999996,0.0013682,-0.0066194000000000001,-0.0048916000000000003,-0.0017101999999999998,-0.004633,0.0019491999999999999,0.00026419999999999981,-0.00042380000000000011,0.0008121999999999999,-0.00088659999999999997,0.00016599999999999997,0.00020579999999999996,-0.0023249999999999998,-0.00044160000000000011,-0.00040019999999999997,0.00047639999999999998,0.00010659999999999999,-0.00096239999999999997,0.0010334000000000001,0.00086620000000000024,-0.0015557999999999998,0.00068860000000000004,-0.00037199999999999993,0.0004194,0.001219,-0.0005886000000000001,0.00014439999999999999,-0.0010658000000000002,-0.00085580000000000009,-2.1800000000000096e-05,-0.00094899999999999987,-0.00045680000000000015,-0.00016459999999999999,-0.00075820000000000032,-0.00018699999999999999,-0.0013082,-0.0017003999999999999,0.00014359999999999989,-0.00065899999999999997,-0.0011336,0.0011072,0.00015039999999999997,0.0012732000000000002,-0.00052339999999999982,-0.00027459999999999995,-0.0013806000000000001,0.00067739999999999988,0.0011557999999999998,0.0026493999999999997,0.0026288000000000006,0.00060260000000000012,0.0006829999999999999,0.00038020000000000013,-0.0031726000000000002,-0.0024489999999999998,-0.0020970000000000003,0.0016750000000000001,0.0022256000000000003,0.00030520000000000037,-0.0017402000000000003,-0.0014424000000000001,-0.0024139999999999999,0.0016280000000000001,-0.00028199999999999981,-0.0043359999999999996,0.0013484,-0.00089780000000000003,0.00091920000000000001,0.0022140000000000003,-0.0032675999999999998,0.0014889999999999999,-0.00075900000000000013,0.0028570000000000002,0.0013668,-0.0016026000000000005,-0.0010008,0.0035412,-0.0031702000000000002,0.0023244000000000003,-0.0045934000000000001,-0.0013286000000000001,-0.00099580000000000024
aug_between_class_right_pair0054_child08,TLE,1,1,Augmented,0,0,0,0,0,0.25722810000000002,1.9126221999999999,1.9999999999999999e-07,-9.9999999999999995e-08,9.9999999999999969e-08,0.79911189999999999,0,0.037609400000000001,-0.13725120000000002,0.034168900000000002,0.087257200000000007,-0.082202899999999995,0.0604564,-0.0016704999999999999,-0.0064916000000000001,-0.021224800000000002,-0.074318600000000012,0.35392940000000001,-0.12661310000000001,0.026902900000000004,0.044952699999999998,0.0087169999999999991,-0.0154076,0.0056514000000000009,-0.0406585,0.0339309,0.03075,-0.037984400000000001,0.00013759999999999901,-0.072886000000000006,0.0039702999999999995,0.037964700000000004,-0.028781299999999999,0.018545200000000001,0.0043390000000000008,-0.040511999999999999,0.035946400000000003,-0.037757100000000002,-0.035749900000000001,0.063131599999999996,-0.031420000000000003,0.17266379999999998,-0.037321800000000002,0.0062442999999999995,-0.0074405000000000009,0.0012737000000000009,-0.0148325,0.0037004999999999998,0.045145699999999997,-0.0035199000000000003,-0.0040164999999999992,-0.017305399999999999,-0.0179484,0.0182598,0.0088679000000000015,0.019569800000000002,0.0126339,-0.016763300000000002,0.010447700000000001,0.0081992000000000002,-0.020604400000000002,0.0027337000000000008,-0.0058536999999999999,0.0092820000000000021,0.014434199999999998,-0.0746087,0.0029636999999999997,-0.025196099999999999,-0.0014395999999999992,0.0029192999999999997,-0.0066644,-0.0022861000000000001,0.014440500000000002,0.009908199999999999,-0.0072323000000000005,-0.012719900000000001,0.0018173999999999994,0.0034533000000000003,-0.0080844000000000003,0.0095224000000000003,0.0044278,-0.0087743000000000005,0.0015630000000000002,0.0023734000000000003,-0.0019521000000000009,-0.0142107,-0.0042172000000000008,0.015303299999999999,-0.0018840999999999997,-0.0054229999999999999,-0.011345299999999999,-0.0066077999999999996,0.011277899999999999,-0.0083348999999999993,0.0091677000000000008,0.0015933999999999992,0.0020774000000000001,0.0052389999999999997,-0.0022292000000000006,0.0107989,0.012451400000000001,0.0059679000000000017,4.1999999999999937e-05,-0.0030686000000000003,-0.0010654,0.00084799999999999893,0.0104125,-0.0042123000000000004,0.0065212999999999998,-0.00075560000000000004,0.0061362999999999999,-0.00074050000000000027,-0.00065970000000000048,0.0063437999999999993,0.0056922000000000006,0.0046331999999999996,0.0022637999999999998,0.0069163000000000002,-0.0044913999999999996,0.0042491999999999999,-0.010731000000000001,0.010197100000000001,-3.9999999999999888e-05,-0.0038593,0.011945500000000001,-0.0085410999999999994,0.0015575999999999999,-0.0108284,0.00040189999999999974,0.0037440000000000004,0.0066823999999999998,-0.0056352999999999993,0.0013950000000000011,-0.019240900000000002,-0.0085129000000000003,-0.011084499999999999,-0.0012917999999999992,0.013301499999999999,0.014986300000000001,0.014142599999999998,-0.0101601,-0.0061237000000000002,-0.0021711999999999994,0.0012237000000000001,0.00095049999999999996,0.00095940000000000001,0.0018123,0.00027810000000000074,0.00042480000000000003,-0.0037817000000000003,-0.00069749999999999977,0.0021036000000000002,0.0034858999999999997,0.0065670999999999993,0.00071870000000000007,-0.0010037000000000004,-0.0015849000000000002,-0.0048123000000000003,0.0052982999999999997,-0.0049689000000000001,0.0015189000000000001,0.0088670999999999993,0.0041828999999999998,0.00067879999999999991,-0.0049929999999999992,-0.0029951999999999999,-0.0072416999999999994,9.8099999999999837e-05,-0.00012419999999999966,0.0096241999999999994,-0.005426499999999999,0.01125,-0.00083199999999999941,-0.0117284,0.0016250999999999998,0.010174799999999999,-0.0063611000000000006,-0.0010173999999999999,-0.003138300000000001,-0.0063936000000000002,-0.0088849000000000011,-0.0129164,0.0096037999999999991,-0.00067360000000000011,-0.0010014000000000004,0.0116746,-0.0062578999999999994,0.0026990000000000004,0.00052470000000000012,0.00081399999999999962,-0.0025355,0.00057600000000000001,0.0013576000000000003,-0.0024692999999999998,-0.0040807999999999999,0.00043579999999999986,-2.2400000000000111e-05,-0.0015806000000000001,-0.0033286000000000001,0.00085470000000000001,-0.0039896999999999997,-0.0016432,0.0013318000000000004,0.00010380000000000003,0.0021269000000000001,0.0018159000000000005,0.0024811999999999998,5.600000000000006e-05,-0.0046172000000000001,-0.00084000000000000003,0.0023352999999999998,0.0012041,0.0012311999999999998,0.0020152,7.5500000000000046e-05,0.0018955999999999995,-0.0017940999999999999,-0.00055980000000000005,0.00075470000000000008,0.0018133000000000008,0.0011091999999999999,0.0039965999999999995,0.0050237000000000007,-0.0026067999999999998,0.0024223000000000001,0.0018744999999999999,0.0025223000000000012,-0.0029382000000000002,0.0021169000000000001,-0.0056919999999999991,0.0033682,-0.0047393000000000001,-0.0033099000000000006,-0.018344399999999997,0.0062399000000000005,-0.0123033,0.0027012999999999994,-0.008784199999999999,-8.809999999999981e-05,-0.00045399999999999998,-0.0021243,-0.0014664000000000001,-0.0017937999999999999,0.0025690000000000001,-0.00045300000000000001,0.0013188000000000002,0.0015604999999999998,0.00079290000000000003,-0.0010036999999999997,0.0029314999999999996,-4.559999999999997e-05,0.00097530000000000013,0.0026473999999999998,0.000127,-0.0023522,-0.00031670000000000005,-0.0016846999999999999,0.00026790000000000012,-0.0019214,-0.0024137999999999998,0.0017410999999999998,-0.0036760999999999999,0.0012666000000000001,0.0013307,-0.0034159999999999998,-0.00029560000000000014,0.0037635999999999998,0.0023189999999999999,0.0059544999999999997,-0.0035816000000000003,-0.0018899000000000008,0.0028403999999999994,0.00029660000000000016,0.0081076000000000013,0.0014795000000000001,0.0026773000000000001,-0.0006621000000000001,-0.00083259999999999996,-9.2699999999999814e-05,0.0029471999999999996,-0.0044102000000000004,0.0063043999999999999,0.00090630000000000007,-0.0044485000000000011,0.0029035000000000003,-0.0074454999999999999,-0.0029738999999999998,0.0056287000000000004,0.0015569000000000004,0.0062299,-0.0044556999999999999,-0.007523199999999999,-0.0039596000000000006,-0.011719500000000001,0.00025279999999999986,-0.00060899999999999995,0.00035780000000000002,0.0026358000000000002,0.0013045000000000001,-0.0011726,-0.00042779999999999994,0.00054080000000000003,0.0019951999999999999,-0.0013025999999999997,0.00015660000000000001,0.0019380999999999999,-0.0021602000000000001,0.0021589000000000001,0.0015541999999999999,0.001851,-0.00018200000000000001,0.0011485999999999998,0.0019343000000000001,0.00087180000000000005,-0.00052680000000000001,-0.0005061,0.00085040000000000007,-0.0018319,-0.0013669000000000001,-0.0025495000000000001,0.0018709,-5.2000000000001264e-06,0.0016651999999999999,-0.0016301000000000002,-0.0026743000000000001,-0.0023990000000000001,-0.00055049999999999999,0.00039309999999999953,0.00015669999999999985,0.0031335,-0.0013756,0.006251099999999999,-0.0015413000000000002,0.0010882999999999999,-0.00029739999999999991,0.0025177999999999997,0.0029783999999999995,0.0042725999999999997,0.0002278999999999999,-0.00064860000000000004,-0.00032720000000000015,-0.0013798,0.0035516000000000007,-0.0052883000000000001,-0.00039229999999999994,-0.0020661999999999998,0.00039939999999999984,-0.00015759999999999993,-0.00012129999999999997,-0.0063056999999999992,0.0028040999999999999,-0.0026296000000000002,0.0071299999999999992,0.010255799999999999,-0.0012428999999999999,0.0083648999999999998,-0.0030210000000000002,-0.0016431999999999996,0.00082140000000000012,0.0011283,0.0006688000000000001,-0.00066230000000000011,0.00025549999999999998,0.00080839999999999959,0.00029930000000000001,-0.0011203999999999997,-0.00025719999999999996,-0.0009817999999999999,0.00095870000000000005,-0.00039879999999999999,0.00032590000000000006,3.0999999999999669e-06,0.00096840000000000012,-0.00083629999999999989,0.00049860000000000008,-0.0018636,0.00042899999999999991,0.00028209999999999997,-0.0011908999999999999,0.0020672999999999998,0.0013519999999999995,5.1899999999999906e-05,-0.00081959999999999997,0.00047479999999999999,-0.0029726000000000002,0.0027216000000000002,-0.00034250000000000003,-0.00018960000000000027,-0.0011854999999999999,0.00097230000000000016,0.0026493000000000003,0.00067729999999999993,-0.0021273000000000004,0.0011236000000000002,-0.0016196000000000001,-0.0018620000000000004,0.0039684000000000004,-0.0020720000000000001,-0.0026262999999999998,0.0015767999999999999,-0.0012701000000000001,-4.8700000000000045e-05,-0.00082129999999999996,0.00015280000000000024,-0.0017079999999999999,0.00038779999999999999,-0.0012042000000000001,-0.0004572,-0.0023841999999999999,0.0016545000000000002,0.0067641000000000003,-0.0019535999999999998,0.0029666000000000002,-0.0026642000000000002,0.00149,0.00078659999999999993,0.0016128999999999998,0.0039692,0.0036092999999999997,-0.00071929999999999976,0.0015111,-0.0069251999999999994,-0.0054463000000000003,-0.0019425999999999996,-0.0053614999999999999,0.0019241,0.0002961000000000001,-0.00037790000000000013,0.0008990999999999999,-0.0010328,0.00027100000000000003,0.00014639999999999998,-0.002091,-0.00045980000000000012,-0.00034409999999999996,0.00056070000000000002,-1.0199999999999977e-05,-0.0010987,0.0011317,0.0010006000000000004,-0.0016643999999999999,0.00077230000000000007,-0.0004869999999999998,0.00051570000000000001,0.001343,-0.00068479999999999995,0.00012119999999999999,-0.0013099000000000001,-0.00093190000000000005,-8.1400000000000027e-05,-0.00079699999999999986,-0.00063540000000000005,-2.5800000000000085e-05,-0.0010106000000000002,-0.00012,-0.0013565999999999999,-0.0016356999999999999,-4.3200000000000047e-05,-0.00072800000000000002,-0.0010192999999999999,0.00098309999999999977,0.00019319999999999993,0.0013141000000000001,-0.00037969999999999985,-0.00020029999999999999,-0.0016423000000000002,0.00041970000000000006,0.0011339,0.0030617000000000005,0.0027194000000000003,0.0008983000000000001,0.00047599999999999991,0.00050960000000000014,-0.0034843000000000001,-0.0024754999999999998,-0.0024109999999999999,0.0020505000000000002,0.0024743,0.00072460000000000016,-0.0018756000000000003,-0.0019181999999999999,-0.0025774999999999999,0.0016935000000000001,-9.2500000000000026e-05,-0.0046144999999999997,0.0014721999999999999,-0.0007829,0.00072710000000000006,0.0021450000000000002,-0.0031258000000000002,0.0022550000000000001,-0.00099449999999999972,0.0031670000000000005,0.0012523999999999999,-0.0022623000000000005,-0.0013449000000000004,0.0038021000000000001,-0.0026556000000000001,0.0028287,-0.0045227000000000002,-0.0011623,-0.0013023999999999998
aug_between_class_right_pair0055_child05,TLE,1,1,Augmented,0,0,0,0,0,0.27600479999999999,2.1246274000000001,0,-1.5999999999999999e-06,0,0.96688819999999998,0,0.013055400000000002,-0.12525459999999999,0.023989,0.057470800000000002,-0.072636000000000006,0.058024000000000006,-0.0085637999999999981,0.012415400000000002,-0.024701200000000003,-0.023111599999999996,0.31789000000000001,-0.13833799999999999,-0.0024256000000000017,0.0046980000000000077,0.017411599999999999,-0.021275599999999999,0.0046705999999999987,-0.068197800000000003,0.023036000000000001,-0.012602999999999996,-0.064874199999999993,-0.006796,-0.091707400000000008,0.0056727999999999995,0.0584398,-0.029547799999999999,0.024706600000000002,0.0010880000000000022,-0.043077000000000004,0.030615999999999997,-0.070570800000000003,0.054293400000000006,0.1046778,0.015387999999999999,0.1864836,-0.049505399999999998,0.0033502000000000002,-0.0037618,-0.010235600000000001,-0.019740199999999999,0.0068503999999999995,0.043289399999999999,-0.0073803999999999988,-0.0041875999999999997,-0.014219800000000001,-0.0043624000000000024,0.0194802,0.013530199999999999,0.023239200000000002,-0.0013475999999999991,-0.0058436000000000009,0.0078587999999999991,0.0068254000000000006,-0.032720199999999998,0.0032704000000000001,-0.016491200000000001,0.0078721999999999993,0.0086804000000000013,-0.087503399999999995,-0.0083465999999999992,-0.029668999999999997,0.047023199999999994,-0.012086000000000001,-0.00096179999999999996,0.00058020000000000023,0.019417400000000001,0.0077922,-0.0033778000000000002,-0.0095706000000000003,0.0050384000000000002,0.0057522000000000007,-0.0047235999999999997,0.0053097999999999999,0.00050060000000000035,-0.0084646000000000009,0.00010540000000000029,0.00015740000000000025,-0.00039279999999999871,-0.009266400000000001,-0.0074125999999999992,0.0232318,-0.0089884000000000006,-0.0049820000000000003,-0.0098539999999999999,0.0028564000000000011,0.0034220000000000001,-0.0097547999999999992,0.005101399999999999,0.0044390000000000002,0.00093160000000000118,0.0033608000000000002,0.00064979999999999725,0.012522999999999998,0.0067222000000000028,-0.0075900000000000013,0.0020893999999999999,0.0020747999999999999,-0.0047018000000000008,-0.0022446000000000002,0.0053239999999999997,-0.0020039999999999997,-0.0029518000000000001,-0.0032235999999999996,0.0044467999999999999,-0.007370599999999998,-0.0028124000000000001,0.0098887999999999997,0.0093911999999999989,0.0054628000000000003,-0.0012207999999999997,0.0050904000000000001,0.0015208000000000001,0.0038038,-0.0089943999999999996,0.013869200000000002,-0.0026555999999999997,0.0048736000000000005,0.0021326000000000001,-0.011240200000000001,0.010249399999999999,-0.014503600000000002,-0.0021013999999999998,-0.0046722000000000014,-0.0079836000000000004,-0.011794799999999999,-0.0027790000000000002,-0.020881400000000001,0.0031368000000000004,-0.014264200000000001,0.0072508000000000008,0.00015119999999999977,-0.0019508000000000004,-0.0027600000000000003,-0.0129456,-0.0065821999999999999,-0.0027924000000000004,-0.00051979999999999995,-0.0040168000000000001,-0.0034602000000000001,0.0018993999999999999,-0.0023159999999999999,-0.00023900000000000006,-0.0017764000000000002,0.0018716000000000002,0.0044944,-0.0032055999999999994,0.0056281999999999999,0.00020340000000000039,0.00065920000000000084,-0.0018933999999999999,0.0010584000000000004,0.0037280000000000004,-0.0026448000000000001,-0.00095120000000000014,0.0089870000000000002,-0.0011525999999999997,-0.0059292000000000008,-0.0036558000000000003,-0.0044641999999999998,-0.0032093999999999998,-0.0029778000000000001,-0.0068389999999999996,0.0045006000000000004,-0.0059374000000000024,0.014758,-0.0019114000000000006,-0.010951799999999999,-0.0029441999999999992,0.0079922000000000014,-0.0032426,0.0015259999999999998,-0.0055789999999999998,-0.0036357999999999998,0.00018660000000000031,-0.0196606,0.013868400000000001,-0.0013332000000000003,0.022619800000000002,0.0041494000000000001,-0.0002406000000000001,0.00055360000000000045,0.001856,-4.5800000000000137e-05,-0.00025219999999999995,0.0023254,0.00079599999999999994,-0.0013292,-0.0025262000000000001,-0.00056940000000000029,0.0032366000000000001,-0.0042275999999999998,-0.0054002000000000008,-0.0020068,-0.00017299999999999981,-0.00044519999999999998,-0.0030693999999999999,0.0025828000000000001,0.0024012,5.2599999999999652e-05,-2.7999999999998512e-06,0.0049326000000000005,-0.0073033999999999998,-0.0012667999999999998,0.0056701999999999985,0.0072513999999999999,0.0013188,0.0011646,0.0035782000000000001,0.00069139999999999989,-0.0015047999999999997,0.00059680000000000019,0.0025967999999999994,-0.0048330000000000005,0.0048499999999999993,0.0050677999999999999,-0.0027670000000000004,0.00023740000000000002,-0.0023204000000000002,0.00026740000000000054,-0.0012809999999999998,0.00099499999999999979,0.00062880000000000032,-0.0019668000000000003,0.00031779999999999959,-0.0025627999999999996,-0.0064885999999999989,-0.014473799999999998,-0.0011435999999999998,-0.011459,0.012393,-0.012578800000000001,0.0027861999999999995,-0.0013755999999999998,-0.0015061999999999996,-0.0015751999999999999,-9.7599999999999987e-05,-0.0004898000000000002,0.00039239999999999994,-0.0041753999999999993,0.00056720000000000002,-0.0015860000000000002,0.00064939999999999996,0.0020372000000000003,-0.00045680000000000004,-0.00041040000000000011,-0.00088980000000000005,0.00033359999999999998,-0.0010697999999999999,0.0059292000000000008,-0.0017102,-0.00017359999999999999,-0.00016439999999999998,-0.00088980000000000005,0.0033270000000000001,-0.0042079999999999999,0.0032474000000000001,0.0035848,0.00097639999999999966,0.0002401999999999999,0.0028,-0.0014978000000000003,0.0032680000000000001,0.00072139999999999997,0.0046480000000000002,-0.0013144000000000001,-0.0011887999999999998,0.0034803999999999998,-0.00041240000000000032,-0.00015060000000000016,-0.0014090000000000001,0.0015773999999999999,-0.00064580000000000019,0.0018151999999999999,-0.0044290000000000006,0.0054237999999999995,-0.0032515999999999999,0.0023892000000000002,-0.0019909999999999997,-0.00036820000000000001,-0.0025737999999999998,0.00042720000000000041,-0.0039421999999999999,0.0050398000000000005,-0.010199200000000002,0.0019589999999999998,-0.0044996000000000012,-0.018445,0.0032560000000000002,-0.00076499999999999995,-0.00094200000000000002,0.0018614,0.000495,-0.00051399999999999992,-0.0038046,0.00024920000000000009,0.00039020000000000005,-0.002794,0.0013318,0.0012834000000000001,-0.0018109999999999999,0.0030747999999999999,0.00035539999999999997,0.00028119999999999995,0.00053019999999999999,-0.0010173999999999999,0.0031408,0.0026023999999999999,-0.0036807999999999997,0.0010489999999999996,0.00033360000000000009,-0.00086619999999999991,0.000776,-0.0021428000000000003,-0.0005803999999999999,0.00077880000000000007,-0.0019588000000000001,-0.0023197999999999999,-0.0039491999999999999,-0.0029159999999999998,-0.0010817999999999999,-0.0014402,-0.00073999999999999999,0.0022973999999999998,0.00077779999999999993,0.0031252000000000003,0.00046920000000000035,-0.0012002,0.0018001999999999998,0.0028371999999999998,0.0026115999999999999,0.00063840000000000001,-0.00094379999999999985,0.0030490000000000001,-0.00048019999999999964,0.00036499999999999987,-0.0010688,-0.0019683999999999995,-0.0016136000000000002,0.0023622000000000001,-0.0034013999999999997,0.0017908000000000002,0.00029239999999999952,0.00016240000000000004,0.0041165999999999998,-0.0042500000000000003,0.0036571999999999993,0.0035228000000000004,-0.0073182000000000004,-0.0035836000000000002,-0.0018934000000000008,-0.0016021999999999996,-0.00079079999999999992,-0.00033880000000000005,0.0012386000000000001,0.0016939999999999998,0.00024599999999999991,0.0012945999999999999,0.00015799999999999999,0.00039019999999999994,0.00012119999999999999,0.0014374000000000001,-0.00032659999999999997,-0.00048660000000000001,5.7600000000000045e-05,0.0020639999999999999,-0.00036780000000000016,-0.0012446,-0.00029260000000000001,-0.0012442,0.00034540000000000005,0.0008791999999999999,-0.0024182000000000001,-0.00067179999999999985,-0.0021947999999999998,-0.0013587999999999999,-0.0026527999999999999,-0.0022407999999999998,-0.00060840000000000004,0.0014790000000000001,-0.0017449999999999998,0.0010446000000000001,-0.00089760000000000013,-0.00076999999999999996,0.00081320000000000003,0.0019327999999999999,-0.00069200000000000002,-0.0006651999999999998,0.0016486000000000001,-0.0039316000000000004,0.001735,-0.0019466000000000002,-0.00019320000000000014,0.00014560000000000007,4.3800000000000143e-05,0.0003169999999999999,0.00074479999999999989,-0.0018048000000000001,0.00057799999999999995,5.4600000000000135e-05,0.0015579999999999993,0.00080839999999999992,-0.0021447999999999997,-0.00049839999999999997,0.0058658000000000009,-0.0023422,-0.00013080000000000009,0.00099179999999999993,0.00031300000000000002,0.0011941999999999999,-0.0021597999999999999,0.0039064,-0.0024582000000000007,-0.0015674,0.00075339999999999977,-0.00014139999999999975,0.0030063999999999994,0.0026432000000000001,0.0054116000000000008,-0.00064979999999999986,-0.0037502000000000004,0.00012920000000000002,0.00052979999999999998,-0.0008966,4.0800000000000016e-05,0.0010839999999999999,0.00024800000000000001,0.00051199999999999998,0.00073340000000000015,-0.00064459999999999995,-0.00050960000000000003,4.0399999999999952e-05,-0.00011919999999999975,0.00044199999999999979,-0.00016059999999999997,0.00065539999999999999,0.0015578,0.00035520000000000007,-0.00032519999999999999,-0.00087160000000000015,0.00087079999999999992,0.0020477999999999998,0.00038239999999999992,-0.0009322,0.0013773999999999995,0.0013587999999999999,-0.001397,-0.0015072000000000002,-0.001444,0.00060960000000000007,-0.00043179999999999998,-0.0012462,0.0014230000000000002,-0.00096220000000000008,-0.00015079999999999992,0.00019540000000000009,-0.0013691999999999999,-0.00058960000000000013,0.00089859999999999994,-0.00051780000000000001,0.0009858,-0.00022420000000000003,0.00060779999999999992,0.0026579999999999998,-0.0017847999999999998,0.0004596,0.0019836000000000003,-0.0023836,0.00077919999999999986,0.00027479999999999996,0.00068919999999999984,-0.00047659999999999998,-0.00089520000000000008,-0.0034822,0.0012664,-0.0019402,-0.00034839999999999996,0.00084880000000000003,0.0020289999999999996,0.0017846000000000001,-0.0032451999999999997,0.00092579999999999963,-0.00027380000000000004,-0.0016584,4.1200000000000351e-05,0.0028235999999999999,0.00049560000000000001,0.001253,-0.0031038000000000003,0.0010911999999999999,-0.0024777999999999992,-0.0018196,-0.00036479999999999998,-0.0043095999999999994,0.0025831999999999995,0.0021857999999999999
aug_between_class_right_pair0055_child06,TLE,1,1,Augmented,0,0,0,0,0,0.27379959999999998,2.1168973000000002,0,-1.7e-06,0,0.96215790000000001,0,0.011849799999999997,-0.12222470000000001,0.022808499999999999,0.055668600000000006,-0.076230000000000006,0.056479000000000001,-0.012016599999999997,0.0125068,-0.022936400000000003,-0.018005199999999999,0.31319050000000004,-0.1378115,-0.00097120000000000019,-0.0027604999999999852,0.010992700000000001,-0.0224327,0.0054727000000000005,-0.069297599999999987,0.022613999999999999,-0.013512499999999997,-0.063908400000000004,-0.0069560000000000004,-0.091282800000000011,0.0058655999999999995,0.059358599999999997,-0.031008099999999997,0.024801200000000002,0.00084700000000000053,-0.0433015,0.029547,-0.068767599999999998,0.056238300000000005,0.1031291,0.0174225,0.1849142,-0.050477799999999996,0.0033778999999999997,-0.0038830999999999996,-0.0100477,-0.019490400000000001,0.0074288000000000002,0.0428288,-0.0073013000000000002,-0.0034061999999999999,-0.014964100000000001,-0.0040903000000000016,0.019285400000000001,0.012890400000000002,0.0225659,-0.0013852000000000014,-0.0061016999999999998,0.0081431000000000003,0.0075093,-0.031798899999999998,0.0029948000000000002,-0.015769399999999999,0.0082403999999999984,0.0090417999999999991,-0.0858873,-0.0091766999999999994,-0.030708999999999997,0.047941400000000002,-0.012676000000000002,-0.00090910000000000003,0.00028740000000000016,0.019465300000000001,0.0076039000000000002,-0.0042210999999999993,-0.0082152000000000006,0.0054278,0.0050068999999999999,-0.0047082000000000001,0.0063900999999999993,-0.00013529999999999879,-0.0076227000000000013,0.00081929999999999937,-0.0016201999999999987,-0.0017205999999999983,-0.0099043000000000013,-0.0063506999999999999,0.024564599999999999,-0.0094453000000000002,-0.0039470000000000009,-0.011322,0.0021573,0.0039360000000000003,-0.0102656,0.0065068000000000001,0.0053445000000000003,0.0012122000000000001,0.0028205999999999999,-9.4899999999998458e-05,0.0110355,0.0042909000000000003,-0.0056710000000000007,0.0024673,0.0020921000000000004,-0.0048961000000000005,-0.0022592000000000011,0.0052880000000000002,-0.0016840000000000002,-0.0032421000000000004,-0.0033887000000000001,0.0043930999999999996,-0.0080866999999999988,-0.0024193000000000001,0.0098586000000000003,0.0093958999999999987,0.0061010999999999999,-0.0016985999999999998,0.0055182999999999994,0.001907100000000001,0.0028541,-0.0100708,0.014010400000000001,-0.0030191999999999997,0.0048897000000000003,0.0015866999999999982,-0.0117644,0.0110688,-0.0141627,-0.0019518000000000001,-0.0061709,-0.0093671999999999991,-0.0129701,-0.0024875000000000001,-0.022196799999999999,0.003491600000000001,-0.014808399999999999,0.0068100999999999969,0.00069939999999999998,-0.0013586000000000002,-0.0019320000000000003,-0.013081699999999998,-0.0070339000000000009,-0.0025693000000000001,-0.0004861,-0.0039091000000000013,-0.0028924000000000003,0.0018828,-0.0020070000000000001,-0.00034100000000000016,-0.0013693000000000002,0.0020157,0.0044257999999999988,-0.0033977,0.0061093999999999992,-0.00039769999999999964,0.0015974000000000001,-0.0016938000000000001,0.00097480000000000028,0.0038859999999999997,-0.0017591000000000004,-0.00055640000000000008,0.0092095000000000007,-0.0018191999999999996,-0.0064999000000000003,-0.0041231000000000002,-0.0052594,-0.0035953000000000001,-0.0030515999999999998,-0.0067840000000000001,0.0048897000000000003,-0.006419300000000001,0.014144500000000001,-0.0024483000000000005,-0.0109266,-0.0036238999999999993,0.0072529000000000014,-0.0033301999999999993,0.001699,-0.0054430000000000008,-0.0040340999999999997,-0.00057229999999999955,-0.020177199999999999,0.016003799999999999,-0.0020444,0.0245166,0.0035303000000000001,3.4799999999999979e-05,0.0011216999999999998,0.0019269999999999999,-0.00020460000000000009,-0.00029439999999999978,0.0026072999999999999,0.0010784999999999998,-0.0011969000000000001,-0.0027743999999999998,-0.00027880000000000027,0.0027772000000000005,-0.0039751999999999999,-0.0054314000000000003,-0.0021376000000000004,-0.00033449999999999978,-0.00054839999999999999,-0.0032462999999999993,0.0029976000000000004,0.0023013999999999999,-7.7299999999999982e-05,9.7399999999999874e-05,0.0045396999999999998,-0.0074397999999999999,-0.0011551000000000001,0.0063703999999999992,0.0071517999999999998,0.0014551000000000002,0.00071120000000000016,0.0032789000000000004,0.00043980000000000007,-0.0019985999999999997,0.00043610000000000003,0.0032076000000000001,-0.0050985000000000006,0.0049779999999999989,0.0052360999999999996,-0.0035704999999999999,-0.00010669999999999972,-0.0022943,-0.00050019999999999926,-0.0016045,0.0015019999999999999,5.7600000000000533e-05,-0.0012916000000000006,0.00091009999999999952,-0.0030260999999999995,-0.0066956999999999989,-0.015363099999999998,-0.0016886999999999996,-0.011186999999999999,0.013106499999999998,-0.013027599999999997,0.0031033999999999996,-0.0016161999999999999,-0.0019833999999999993,-0.0015309,0.0001887999999999996,-0.0010586,0.00040980000000000004,-0.0044253000000000001,0.00028140000000000023,-0.0018905,0.00070930000000000006,0.0020763999999999999,-0.00048760000000000003,-0.00065430000000000013,-0.00095659999999999994,0.00042269999999999992,-0.0010831,0.0059424000000000005,-0.0019079000000000001,-0.00015819999999999994,0.00011769999999999988,-0.00099010000000000005,0.0035355,-0.0043685,0.0038503000000000001,0.0035326000000000003,0.0010492999999999995,-0.00011609999999999995,0.0031409999999999997,-0.0013456000000000004,0.0034045,0.00087080000000000002,0.004333,-0.0020152999999999998,-0.0011850999999999999,0.0039342999999999999,-0.00094979999999999978,0.00026779999999999968,-0.0013335,0.0017792999999999999,-0.00046410000000000071,0.0015159000000000001,-0.0044375000000000005,0.0055490999999999995,-0.0030772,0.0027569000000000001,-0.0016479999999999997,-0.00041589999999999997,-0.0020191000000000002,-0.0003080999999999993,-0.0035853999999999999,0.0052675999999999999,-0.010575400000000002,0.0018885000000000002,-0.0045532000000000003,-0.018734500000000001,0.0038755,-0.0006935,-0.0011674999999999999,0.0020222999999999999,1.9000000000000137e-05,-0.00042400000000000006,-0.0035232000000000006,0.00016390000000000008,0.00014990000000000012,-0.0025950000000000001,0.0013951,0.0012623000000000001,-0.002186,0.0030086000000000002,0.00043729999999999995,0.00029839999999999999,0.00068339999999999981,-0.0012542999999999999,0.0031936,0.0026522999999999998,-0.0037876000000000003,0.00133,0.00018220000000000009,-0.0010043999999999999,0.0010975,-0.0016506000000000005,-0.00083429999999999995,0.00074160000000000003,-0.0018175999999999999,-0.0023065999999999998,-0.0036089000000000004,-0.0028744999999999999,-0.0016945999999999999,-0.0011214,-0.00066799999999999997,0.0027158,0.00067510000000000009,0.0034633999999999997,0.00017290000000000014,-0.0013568999999999999,0.0017928999999999998,0.0029303999999999997,0.0028951999999999997,0.0006002999999999999,-0.0012420999999999999,0.0030585,-0.00098989999999999929,0.00088349999999999952,-0.0013931,-0.0019687999999999997,-0.0018827,0.0026578999999999995,-0.0038988,0.0019381000000000001,-0.00032669999999999965,1.4300000000000293e-05,0.0044771999999999998,-0.0041105000000000004,0.0043503999999999999,0.0031251000000000004,-0.0076434000000000007,-0.0040926999999999995,-0.0017898000000000002,-0.0016968999999999999,-0.00054360000000000009,-0.00021760000000000003,0.0011742,0.0018249999999999998,0.00039249999999999984,0.0016086999999999998,0.000127,0.00035740000000000001,-0.00010409999999999998,0.0013318000000000002,-0.00040619999999999984,-0.00032070000000000004,-1.8299999999999957e-05,0.0022520000000000001,-0.00029159999999999993,-0.0013266999999999999,-0.00037769999999999997,-0.0010764000000000001,0.00011630000000000017,0.00089189999999999994,-0.0022404,-0.0010825999999999995,-0.0022160999999999999,-0.0017285999999999998,-0.0025605999999999997,-0.0023936000000000001,-0.00065079999999999999,0.0014270000000000001,-0.0018010000000000001,0.00067770000000000005,-0.0005187000000000003,-0.00096250000000000003,0.00085289999999999997,0.0023515999999999997,-0.00074850000000000014,-0.00074739999999999995,0.0015387000000000001,-0.0039357000000000003,0.001802,-0.0014057000000000002,-0.00040589999999999984,-0.00029429999999999984,-0.00028239999999999982,0.00013350000000000005,0.00087710000000000002,-0.0018161000000000002,0.0006804999999999999,0.00040670000000000007,0.0016284999999999995,0.00081229999999999996,-0.0028595999999999995,-0.00095530000000000007,0.0062851000000000001,-0.0022253999999999998,5.4399999999999804e-05,0.0010991,0.00071899999999999991,0.0014479,-0.0023365999999999999,0.0036887999999999999,-0.0022113999999999997,-0.0013743000000000002,0.0011822999999999998,-0.00079279999999999954,0.0034038000000000002,0.0028024,0.0062917000000000008,-0.00083959999999999981,-0.0036389000000000005,0.00017939999999999997,0.00051909999999999999,-0.00087920000000000001,-5.8899999999999914e-05,0.0012084999999999999,0.00028150000000000001,0.00047150000000000002,0.00066630000000000031,-0.00088869999999999986,-0.0007312000000000001,5.8799999999999966e-05,-0.00029989999999999975,0.00042949999999999987,-0.0002097,0.00080479999999999994,0.0016871,0.00026990000000000011,-0.00021290000000000013,-0.00075370000000000005,0.0010031,0.0021115999999999999,0.00050729999999999981,-0.0010314,0.0017147999999999998,0.0016025999999999998,-0.0012720000000000001,-0.0018119,-0.0016135000000000001,0.00051219999999999998,-0.00049260000000000005,-0.0014574,0.0016384999999999998,-0.00082790000000000012,-0.00038909999999999975,0.00014379999999999992,-0.0014413999999999998,-0.0010957000000000002,0.0014067000000000003,-0.00041860000000000004,0.0010046,-0.00024690000000000009,0.0010036000000000001,0.0028704999999999998,-0.0019525999999999999,0.00039820000000000003,0.0023422,-0.0024061999999999998,0.00065740000000000004,0.0003256,0.00072139999999999986,-0.0005556999999999999,-0.00072989999999999991,-0.0036999000000000003,0.0013223,-0.0018939,-0.00056530000000000003,0.00090459999999999998,0.0020035000000000001,0.0018202000000000001,-0.0031434000000000002,0.0011240999999999996,-0.00027960000000000029,-0.0016098,8.5399999999999365e-05,0.0026402000000000001,0.00033619999999999993,0.0012065000000000001,-0.0033646000000000001,0.0012278999999999999,-0.0028630999999999999,-0.0012627000000000003,-0.00036460000000000003,-0.0043756999999999997,0.0024449000000000003,0.0022046000000000001
aug_between_class_right_pair0055_child07,TLE,1,1,Augmented,0,0,0,0,0,0.27159439999999996,2.1091672000000004,-5.2939559203393771e-23,-1.8000000000000001e-06,0,0.95742760000000005,0,0.010644199999999999,-0.1191948,0.021627999999999998,0.053866399999999995,-0.079824000000000006,0.054933999999999997,-0.015469400000000001,0.0125982,-0.021171600000000002,-0.012898799999999988,0.30849100000000002,-0.13728499999999999,0.0004831999999999996,-0.010218999999999992,0.0045737999999999959,-0.023589800000000001,0.0062748000000000005,-0.070397399999999999,0.022192,-0.014421999999999997,-0.062942600000000001,-0.0071159999999999991,-0.0908582,0.0060583999999999994,0.060277399999999995,-0.032468399999999994,0.024895799999999999,0.00060600000000000064,-0.043526000000000002,0.028478,-0.066964399999999993,0.058183200000000004,0.1015804,0.019457000000000002,0.1833448,-0.051450200000000001,0.0034056000000000008,-0.0040044,-0.0098597999999999984,-0.0192406,0.0080072000000000008,0.042368199999999995,-0.0072221999999999998,-0.0026247999999999983,-0.015708400000000001,-0.0038182000000000008,0.019090599999999999,0.0122506,0.021892599999999998,-0.0014228000000000001,-0.0063598000000000005,0.0084273999999999998,0.0081932000000000012,-0.030877599999999998,0.0027191999999999997,-0.0150476,0.0086085999999999992,0.0094032000000000004,-0.084271200000000004,-0.0100068,-0.031748999999999999,0.048859599999999996,-0.013265999999999998,-0.0008564,-5.400000000000077e-06,0.019513200000000001,0.0074155999999999996,-0.0050644000000000002,-0.0068597999999999992,0.0058172000000000007,0.0042615999999999999,-0.0046928000000000004,0.0074704000000000012,-0.00077119999999999966,-0.0067808000000000018,0.0015332000000000002,-0.0033977999999999994,-0.0030484000000000023,-0.010542200000000002,-0.0052887999999999989,0.025897400000000001,-0.0099021999999999999,-0.0029119999999999997,-0.012790000000000003,0.0014581999999999998,0.0044500000000000008,-0.0107764,0.0079122000000000012,0.0062500000000000003,0.0014928000000000007,0.0022803999999999993,-0.00083959999999999937,0.0095480000000000009,0.0018596000000000029,-0.003752000000000001,0.0028452,0.0021094,-0.0050904000000000001,-0.0022737999999999994,0.0052519999999999997,-0.0013639999999999998,-0.0035324000000000006,-0.0035537999999999998,0.0043394000000000002,-0.0088027999999999995,-0.0020261999999999997,0.009828400000000001,0.0094006000000000003,0.0067394000000000004,-0.0021764000000000002,0.0059461999999999996,0.0022934000000000001,0.0019043999999999995,-0.011147199999999999,0.0141516,-0.0033828,0.0049058000000000001,0.001040799999999998,-0.0122886,0.011888200000000002,-0.013821800000000002,-0.0018021999999999999,-0.0076696000000000038,-0.010750800000000001,-0.014145400000000001,-0.002196,-0.023512199999999997,0.0038464000000000016,-0.015352600000000001,0.0063693999999999982,0.0012476000000000006,-0.00076639999999999976,-0.0011039999999999997,-0.013217799999999998,-0.0074856000000000011,-0.0023462000000000001,-0.00045239999999999988,-0.0038013999999999999,-0.0023245999999999996,0.0018661999999999999,-0.0016979999999999999,-0.00044300000000000003,-0.00096219999999999986,0.0021598000000000003,0.0043572000000000003,-0.0035897999999999998,0.006590600000000002,-0.00099879999999999977,0.0025356000000000011,-0.0014942,0.0008912000000000002,0.0040439999999999999,-0.00087339999999999987,-0.00016160000000000002,0.0094319999999999994,-0.0024858000000000002,-0.0070706000000000015,-0.0045904000000000006,-0.0060546000000000003,-0.0039812000000000007,-0.0031254,-0.0067289999999999997,0.0052788000000000002,-0.0069012000000000014,0.013531000000000001,-0.0029852000000000004,-0.010901399999999999,-0.0043036000000000003,0.0065135999999999996,-0.0034178000000000004,0.001872,-0.0053070000000000001,-0.0044324000000000004,-0.0013312000000000005,-0.020693799999999998,0.018139200000000001,-0.0027556000000000004,0.026413400000000004,0.0029112000000000001,0.00031019999999999984,0.0016898000000000004,0.0019979999999999998,-0.00036340000000000005,-0.00033659999999999983,0.0028891999999999998,0.001361,-0.0010646,-0.0030226000000000003,1.1799999999999962e-05,0.0023178000000000001,-0.0037227999999999996,-0.0054626000000000006,-0.0022684000000000003,-0.00049599999999999991,-0.00065160000000000001,-0.0034231999999999999,0.0034123999999999999,0.0022015999999999997,-0.00020720000000000027,0.00019760000000000003,0.0041467999999999991,-0.0075761999999999999,-0.0010433999999999999,0.0070705999999999998,0.0070521999999999998,0.0015914,0.00025779999999999944,0.0029795999999999998,0.0001881999999999998,-0.0024924000000000005,0.00027539999999999986,0.0038184,-0.0053639999999999998,0.0051059999999999994,0.0054044000000000002,-0.0043740000000000012,-0.00045080000000000012,-0.0022681999999999997,-0.0012678000000000004,-0.0019280000000000002,0.0020090000000000004,-0.00051360000000000012,-0.0006163999999999998,0.0015024000000000003,-0.0034894000000000001,-0.0069027999999999989,-0.0162524,-0.0022338000000000002,-0.010914999999999999,0.013820000000000001,-0.013476399999999999,0.0034206000000000002,-0.0018568,-0.0024606000000000003,-0.0014865999999999998,0.00047520000000000006,-0.0016274000000000004,0.00042720000000000003,-0.0046752,-4.400000000000107e-06,-0.0021950000000000003,0.00076920000000000005,0.0021156,-0.00051840000000000002,-0.00089820000000000037,-0.0010234,0.00051179999999999997,-0.0010964,0.0059556000000000001,-0.0021056000000000004,-0.00014279999999999995,0.00039980000000000012,-0.0010904000000000003,0.0037439999999999999,-0.004529,0.0044532,0.0034804000000000007,0.0011222000000000003,-0.0004724000000000001,0.0034820000000000007,-0.0011934000000000001,0.0035409999999999999,0.0010202000000000002,0.0040179999999999999,-0.0027162000000000006,-0.0011814,0.0043882000000000001,-0.0014872000000000004,0.00068619999999999998,-0.001258,0.0019811999999999998,-0.00028239999999999993,0.0012165999999999995,-0.0044460000000000003,0.0056743999999999996,-0.0029027999999999997,0.0031245999999999999,-0.0013049999999999997,-0.00046360000000000005,-0.0014643999999999994,-0.0010434000000000005,-0.0032285999999999999,0.0054954000000000001,-0.010951599999999999,0.0018180000000000002,-0.0046068000000000012,-0.019023999999999999,0.0044950000000000007,-0.00062199999999999994,-0.0013930000000000001,0.0021832000000000002,-0.00045700000000000016,-0.00033399999999999993,-0.0032418000000000004,7.8600000000000067e-05,-9.0400000000000029e-05,-0.0023959999999999997,0.0014584000000000001,0.0012412,-0.0025609999999999999,0.0029424,0.00051920000000000004,0.00031560000000000014,0.00083659999999999984,-0.0014912000000000003,0.0032464,0.0027021999999999997,-0.0038944000000000001,0.001611,3.0799999999999881e-05,-0.0011425999999999999,0.0014189999999999997,-0.0011584,-0.0010882000000000001,0.00070439999999999999,-0.0016764,-0.0022933999999999997,-0.0032686,-0.0028329999999999996,-0.0023074000000000002,-0.00080259999999999967,-0.00059599999999999996,0.0031341999999999997,0.00057240000000000004,0.0038016000000000005,-0.00012340000000000051,-0.0015135999999999999,0.0017855999999999998,0.0030236000000000004,0.0031787999999999999,0.0005621999999999999,-0.0015404000000000001,0.003068,-0.0014995999999999994,0.0014019999999999998,-0.0017174000000000004,-0.0019691999999999999,-0.0021518000000000002,0.0029535999999999998,-0.0043962000000000011,0.0020854000000000011,-0.00094580000000000098,-0.00013379999999999989,0.0048377999999999997,-0.0039709999999999997,0.0050436000000000005,0.0027273999999999996,-0.007968600000000001,-0.0046018000000000005,-0.0016861999999999997,-0.0017916,-0.00029639999999999983,-9.6399999999999904e-05,0.0011098,0.0019559999999999998,0.0005390000000000002,0.0019228000000000001,9.6000000000000002e-05,0.00032459999999999998,-0.00032940000000000004,0.0012262000000000002,-0.00048579999999999994,-0.00015479999999999997,-9.4199999999999986e-05,0.0024399999999999999,-0.00021539999999999992,-0.0014088,-0.00046280000000000003,-0.00090859999999999986,-0.00011279999999999971,0.00090459999999999998,-0.0020625999999999995,-0.0014934000000000002,-0.0022373999999999996,-0.0020984000000000003,-0.0024683999999999999,-0.0025463999999999999,-0.00069320000000000004,0.0013749999999999999,-0.0018570000000000001,0.00031079999999999997,-0.00013979999999999982,-0.0011550000000000002,0.00089260000000000001,0.0027704000000000006,-0.00080500000000000005,-0.00082959999999999989,0.0014288,-0.0039398000000000002,0.001869,-0.00086479999999999977,-0.00061859999999999997,-0.00073420000000000028,-0.00060860000000000016,-5.0000000000000023e-05,0.0010094000000000001,-0.0018274000000000001,0.00078300000000000006,0.00075880000000000034,0.0016990000000000002,0.0008162,-0.0035744000000000001,-0.0014122000000000002,0.0067044000000000001,-0.0021086,0.00023960000000000002,0.0012063999999999998,0.0011250000000000001,0.0017016000000000002,-0.0025134000000000011,0.0034711999999999998,-0.0019646000000000004,-0.0011811999999999999,0.0016112000000000001,-0.0014442000000000003,0.0038012000000000002,0.0029616,0.007171799999999999,-0.0010293999999999998,-0.0035276000000000005,0.00022960000000000002,0.0005084,-0.00086180000000000002,-0.00015859999999999998,0.0013330000000000002,0.00031500000000000001,0.00043099999999999996,0.00059920000000000025,-0.0011328000000000004,-0.00095280000000000028,7.7199999999999979e-05,-0.00048059999999999997,0.00041699999999999973,-0.0002588,0.00095420000000000021,0.0018164000000000001,0.00018459999999999999,-0.00010059999999999995,-0.00063579999999999995,0.0011354,0.0021754000000000001,0.00063220000000000008,-0.0011306000000000003,0.0020522000000000001,0.0018464000000000002,-0.001147,-0.0021166000000000002,-0.0017830000000000003,0.0004148,-0.00055340000000000001,-0.0016686000000000001,0.0018540000000000002,-0.00069359999999999995,-0.00062740000000000007,9.2199999999999964e-05,-0.0015136000000000001,-0.0016018000000000007,0.0019148000000000008,-0.00031939999999999996,0.0010234,-0.00026959999999999994,0.0013994000000000001,0.0030830000000000002,-0.0021204000000000001,0.0003368,0.0027008000000000006,-0.0024288000000000001,0.00053559999999999979,0.00037640000000000004,0.00075359999999999989,-0.00063480000000000003,-0.00056459999999999995,-0.0039176000000000002,0.0013782,-0.0018476,-0.00078220000000000015,0.00096040000000000003,0.0019779999999999997,0.0018557999999999999,-0.0030415999999999998,0.0013223999999999998,-0.00028540000000000011,-0.0015612,0.00012960000000000011,0.0024567999999999999,0.00017679999999999985,0.00116,-0.0036254000000000004,0.0013646000000000001,-0.0032483999999999998,-0.0007057999999999997,-0.00036440000000000002,-0.0044417999999999992,0.0023066000000000002,0.0022234000000000004
aug_between_class_right_pair0055_child08,TLE,1,1,Augmented,0,0,0,0,0,0.2693892,2.1014371000000001,0,-1.9e-06,0,0.95269729999999997,0,0.0094386000000000053,-0.1161649,0.0204475,0.052064200000000005,-0.083418000000000006,0.053388999999999999,-0.0189222,0.012689600000000001,-0.019406800000000002,-0.0077924000000000049,0.30379149999999999,-0.13675850000000001,0.0019375999999999994,-0.017677499999999985,-0.0018451000000000023,-0.024746900000000002,0.0070769000000000006,-0.071497199999999997,0.021769999999999998,-0.015331499999999998,-0.061976799999999999,-0.0072760000000000012,-0.090433600000000003,0.0062511999999999993,0.061196199999999992,-0.033928699999999999,0.024990399999999999,0.00036500000000000074,-0.043750499999999998,0.027408999999999999,-0.065161200000000002,0.060128100000000018,0.1000317,0.021491499999999997,0.1817754,-0.0524226,0.0034333000000000002,-0.0041256999999999995,-0.0096718999999999989,-0.018990800000000002,0.0085856000000000005,0.041907599999999996,-0.0071430999999999994,-0.0018433999999999994,-0.016452700000000001,-0.0035460999999999999,0.018895799999999997,0.011610800000000001,0.0212193,-0.0014604000000000023,-0.0066179000000000003,0.008711700000000001,0.0088770999999999989,-0.029956299999999998,0.0024435999999999998,-0.014325800000000001,0.0089767999999999983,0.0097645999999999983,-0.082655099999999995,-0.0108369,-0.032788999999999999,0.049777800000000004,-0.013855999999999999,-0.00080369999999999997,-0.00029819999999999993,0.019561100000000001,0.0072272999999999999,-0.0059076999999999984,-0.0055043999999999996,0.0062066000000000005,0.0035163000000000004,-0.0046774,0.0085507000000000014,-0.0014071000000000005,-0.0059389000000000004,0.0022471000000000001,-0.0051753999999999984,-0.0043762000000000011,-0.0111801,-0.0042268999999999987,0.027230200000000003,-0.0103591,-0.0018769999999999993,-0.014258000000000003,0.00075909999999999953,0.0049639999999999997,-0.011287200000000001,0.0093176000000000023,0.0071555000000000004,0.0017733999999999996,0.0017401999999999997,-0.0015843000000000003,0.0080604999999999982,-0.00057169999999999443,-0.0018330000000000013,0.0032231000000000004,0.0021267,-0.0052846999999999998,-0.0022884000000000003,0.0052160000000000002,-0.0010439999999999998,-0.0038227000000000005,-0.0037189000000000002,0.0042856999999999999,-0.0095188999999999985,-0.0016331000000000002,0.0097982,0.0094053000000000001,0.0073777000000000009,-0.0026541999999999998,0.0063741000000000006,0.002679700000000001,0.00095469999999999973,-0.012223599999999999,0.014292800000000001,-0.0037464,0.0049219000000000016,0.00049489999999999951,-0.012812799999999999,0.012707600000000003,-0.013480900000000001,-0.0016525999999999997,-0.0091683000000000025,-0.0121344,-0.015320700000000003,-0.0019044999999999999,-0.024827599999999998,0.0042012000000000004,-0.015896800000000003,0.0059286999999999977,0.0017958000000000004,-0.0001741999999999999,-0.00027599999999999988,-0.0133539,-0.0079373000000000013,-0.0021231000000000002,-0.00041869999999999999,-0.0036937000000000003,-0.0017567999999999998,0.0018496000000000001,-0.0013889999999999998,-0.00054499999999999991,-0.00055509999999999978,0.0023039000000000002,0.0042886000000000001,-0.0037819000000000004,0.0070717999999999996,-0.0015998999999999996,0.0034738000000000013,-0.0012945999999999999,0.00080760000000000011,0.0042020000000000009,1.2299999999999811e-05,0.00023320000000000025,0.0096544999999999999,-0.0031524000000000001,-0.0076413000000000019,-0.0050577,-0.0068498000000000014,-0.0043671000000000005,-0.0031992000000000001,-0.0066739999999999994,0.0056679,-0.0073831000000000018,0.0129175,-0.0035221000000000002,-0.010876199999999999,-0.0049832999999999995,0.0057743000000000004,-0.0035054000000000005,0.0020449999999999999,-0.0051710000000000011,-0.0048307000000000003,-0.0020901000000000001,-0.021210400000000001,0.020274599999999997,-0.0034667999999999999,0.028310200000000001,0.0022921,0.00058560000000000014,0.0022579000000000002,0.0020690000000000001,-0.00052220000000000022,-0.0003788000000000001,0.0031710999999999996,0.0016435,-0.00093230000000000006,-0.0032707999999999999,0.00030240000000000003,0.0018584000000000001,-0.0034703999999999998,-0.0054938000000000001,-0.0023992000000000002,-0.00065749999999999988,-0.00075480000000000002,-0.0036000999999999997,0.0038272000000000002,0.0021018,-0.0003370999999999999,0.00029780000000000019,0.0037538999999999993,-0.0077126,-0.00093170000000000015,0.0077707999999999996,0.0069525999999999998,0.0017277000000000002,-0.00019560000000000042,0.0026802999999999996,-6.3400000000000023e-05,-0.0029862000000000001,0.00011469999999999991,0.0044291999999999995,-0.0056295,0.0052339999999999991,0.0055726999999999999,-0.0051775000000000007,-0.00079490000000000008,-0.0022421000000000003,-0.0020354000000000001,-0.0022515,0.002516,-0.0010847999999999997,5.8800000000000128e-05,0.0020947000000000001,-0.0039527,-0.0071098999999999989,-0.017141699999999999,-0.0027788999999999999,-0.010643,0.014533500000000003,-0.013925199999999999,0.0037377999999999995,-0.0020974000000000001,-0.0029378,-0.0014422999999999999,0.00076159999999999986,-0.0021962000000000001,0.00044460000000000002,-0.0049251,-0.00029020000000000006,-0.0024995,0.00082909999999999993,0.0021548000000000001,-0.00054920000000000001,-0.0011421000000000001,-0.0010901999999999999,0.00060090000000000002,-0.0011097000000000001,0.0059687999999999998,-0.0023033000000000003,-0.00012740000000000001,0.00068190000000000004,-0.0011907,0.0039525000000000003,-0.0046895000000000001,0.0050561000000000009,0.0034282000000000002,0.0011951000000000002,-0.00082870000000000003,0.003823,-0.0010412000000000002,0.0036775000000000002,0.0011696000000000005,0.0037030000000000001,-0.0034171000000000006,-0.0011776999999999998,0.0048421000000000002,-0.0020246000000000001,0.0011046000000000003,-0.0011825,0.0021830999999999999,-0.00010070000000000044,0.00091730000000000002,-0.0044545000000000001,0.0057996999999999996,-0.0027283999999999997,0.0034923000000000003,-0.00096199999999999975,-0.00051130000000000001,-0.0009096999999999994,-0.0017786999999999996,-0.0028717999999999999,0.0057231999999999995,-0.011327800000000002,0.0017475000000000001,-0.004660400000000002,-0.019313499999999997,0.005114500000000001,-0.00055049999999999999,-0.0016184999999999999,0.0023441,-0.00093300000000000024,-0.00024399999999999991,-0.0029604000000000002,-6.6999999999998918e-06,-0.00033070000000000018,-0.0021970000000000002,0.0015217,0.0012201,-0.0029360000000000007,0.0028761999999999998,0.00060110000000000003,0.00033280000000000001,0.0009898000000000001,-0.0017281,0.0032991999999999995,0.0027520999999999999,-0.0040011999999999999,0.001892,-0.0001206,-0.0012807999999999999,0.0017404999999999999,-0.00066620000000000004,-0.0013420999999999997,0.00066719999999999995,-0.0015352,-0.0022802,-0.0029283,-0.0027914999999999997,-0.0029202000000000004,-0.00048379999999999994,-0.00052399999999999994,0.0035526000000000004,0.00046970000000000003,0.0041398000000000008,-0.00041969999999999985,-0.0016703000000000002,0.0017782999999999994,0.0031168000000000003,0.0034624000000000005,0.0005241,-0.0018387,0.0030774999999999999,-0.0020092999999999995,0.0019204999999999997,-0.0020417000000000005,-0.0019696000000000002,-0.0024209000000000001,0.0032492999999999997,-0.0048936000000000006,0.0022327000000000007,-0.0015649000000000001,-0.00028190000000000008,0.0051983999999999997,-0.0038314999999999998,0.0057368000000000002,0.0023296999999999997,-0.0082938000000000005,-0.005110899999999999,-0.0015826000000000008,-0.0018863,-4.9199999999999895e-05,2.4800000000000061e-05,0.0010454000000000001,0.0020869999999999999,0.00068550000000000002,0.0022369,6.5000000000000062e-05,0.00029179999999999999,-0.00055469999999999998,0.0011206000000000002,-0.00056539999999999997,1.1099999999999999e-05,-0.00017009999999999999,0.0026280000000000006,-0.00013919999999999991,-0.0014908999999999999,-0.00054790000000000004,-0.00074080000000000001,-0.00034190000000000002,0.00091730000000000002,-0.0018847999999999998,-0.0019042,-0.0022587000000000002,-0.0024682000000000003,-0.0023762000000000002,-0.0026992000000000001,-0.0007356000000000001,0.001323,-0.0019129999999999998,-5.6100000000000117e-05,0.00023910000000000001,-0.0013475000000000002,0.00093229999999999995,0.0031892000000000005,-0.00086150000000000018,-0.00091180000000000005,0.0013189,-0.0039439000000000002,0.001936,-0.00032389999999999996,-0.00083130000000000009,-0.0011741000000000002,-0.00093480000000000006,-0.0002335000000000002,0.0011417000000000003,-0.0018387,0.00088550000000000011,0.0011109000000000002,0.0017694999999999996,0.00082009999999999993,-0.0042892,-0.0018691000000000007,0.0071237000000000002,-0.0019918000000000002,0.00042480000000000003,0.0013136999999999999,0.0015310000000000002,0.0019552999999999997,-0.0026902000000000007,0.0032535999999999997,-0.0017178000000000002,-0.0009881,0.0020401,-0.0020956000000000004,0.0041985999999999994,0.0031208,0.0080519000000000007,-0.0012191999999999997,-0.0034163000000000002,0.00027980000000000002,0.00049770000000000001,-0.00084440000000000003,-0.00025829999999999999,0.0014575,0.00034850000000000001,0.00039050000000000001,0.00053209999999999998,-0.0013769000000000001,-0.0011744000000000001,9.5600000000000047e-05,-0.00066129999999999976,0.0004044999999999998,-0.0003079,0.0011036000000000002,0.0019456999999999999,9.9300000000000001e-05,1.1699999999999959e-05,-0.00051789999999999996,0.0012677000000000001,0.0022392000000000002,0.00075709999999999992,-0.0012298000000000001,0.0023895999999999995,0.0020902,-0.0010219999999999999,-0.0024213000000000004,-0.0019525,0.00031739999999999996,-0.00061420000000000008,-0.0018798,0.0020695000000000002,-0.00055929999999999999,-0.00086569999999999985,4.0600000000000011e-05,-0.0015857999999999998,-0.0021079000000000002,0.0024229,-0.00022019999999999988,0.0010422000000000001,-0.0002923,0.0017952000000000001,0.0032954999999999998,-0.0022882000000000002,0.00027539999999999997,0.0030594000000000003,-0.0024514000000000003,0.00041379999999999992,0.00042719999999999998,0.00078580000000000013,-0.00071389999999999995,-0.0003993,-0.0041353000000000006,0.0014341,-0.0018013,-0.00099910000000000016,0.0010162000000000001,0.0019525000000000005,0.0018913999999999999,-0.0029398000000000002,0.0015206999999999998,-0.00029120000000000036,-0.0015126,0.0001738,0.0022734000000000001,1.7399999999999989e-05,0.0011134999999999999,-0.0038861999999999998,0.0015012999999999999,-0.0036336999999999997,-0.00014889999999999977,-0.00036420000000000002,-0.0045078999999999996,0.0021682999999999993,0.0022421999999999997
aug_between_class_right_pair0056_child05,TLE,1,1,Augmented,0,0,0,0,0,0.29047420000000002,2.0459985999999999,2.000000000000001e-07,-9.9999999999999995e-07,-1.9999999999999991e-07,1.0365651999999999,0,0.040643000000000006,-0.16090019999999999,0.0416792,0.057428000000000007,-0.023127800000000011,0.054465,0.036009199999999991,0.022364599999999998,-0.025991199999999999,-0.0899668,0.38998719999999998,-0.12677099999999999,-0.029216599999999999,0.1084386,0.036814399999999997,-0.010967800000000002,-0.0039144000000000002,-0.062459799999999996,0.038067799999999999,0.042020199999999994,-0.046575199999999997,0.0115126,-0.1028116,0.020295599999999997,0.042395600000000006,-0.0076836000000000005,0.012794200000000002,0.023683000000000003,-0.032807799999999998,0.040718400000000002,-0.059455800000000003,-0.061927800000000005,0.14402239999999999,-0.034722200000000002,0.20894279999999998,-0.037387799999999999,0.011931799999999999,-0.0027491999999999998,-0.0074530000000000004,-0.017732999999999999,-0.014502199999999996,0.035386600000000004,-0.0087118000000000004,-0.0089671999999999998,-0.024219000000000001,-0.024320000000000001,0.0070092000000000002,0.019482599999999999,0.033302799999999994,0.010357,0.004967400000000002,-0.0042859999999999999,0.016577999999999999,-0.043597400000000001,0.0132476,0.0067550000000000006,-0.004797,0.051273600000000003,-0.09034819999999999,-0.015012000000000001,-0.033202999999999996,-0.043177800000000002,0.0247204,0.00063120000000000006,0.0019619999999999998,0.019048800000000001,0.020743000000000001,-0.0024759999999999999,-0.0126736,0.0032628000000000006,0.0050538000000000007,0.0030070000000000006,0.0014046,0.0027756,-0.011635,-0.0054178000000000004,0.0071707999999999997,0.0065605999999999998,-0.019170400000000001,-0.0148512,0.0242752,-0.012531799999999999,-0.0091281999999999995,0.0072751999999999999,-0.0087060000000000019,0.0045529999999999998,-0.016973599999999998,0.0040613999999999997,0.019289400000000002,-0.0220904,-0.014026600000000002,0.015934399999999998,-0.0036084000000000003,0.027835200000000001,0.0079811999999999973,-0.00057939999999999988,0.00069880000000000007,-0.0019333999999999998,-0.0093396,0.010944600000000001,-0.00086240000000000015,0.0020777999999999994,0.00032740000000000015,0.0050171999999999994,-0.0033066000000000003,-0.0072434000000000005,0.012437799999999999,0.017646799999999997,0.005587,0.0016358,0.0046709999999999998,-0.0077577999999999996,0.008687799999999999,-0.0092714000000000008,0.0079710000000000007,0.0038101999999999988,-0.013650200000000001,0.011372800000000001,-0.0096232000000000019,-0.0051196000000000011,-0.018459400000000001,-0.00030899999999999938,0.014641600000000001,0.0037622000000000003,-0.0025517999999999999,0.00042100000000000015,-0.016230599999999998,-0.0042103999999999996,-0.0160286,-0.0118984,0.013890600000000001,0.0022871999999999997,0.0029920000000000003,0.0012814000000000002,0.0037889999999999998,-0.000834,-0.0021818000000000002,0.0015621999999999999,-0.0039319999999999997,0.0066950000000000013,-0.0087256000000000018,0.0022804000000000001,-0.0039757999999999998,0.00060799999999999982,0.0015926,5.7600000000000099e-05,-0.0007105999999999996,-0.0024253999999999999,-0.0027862,-0.0028003999999999998,0.0015115999999999994,-0.0020869999999999999,-0.013077999999999999,-0.0057895999999999989,0.0089553999999999988,0.0032384000000000002,-0.0013743999999999998,-0.0010234,-0.0016537999999999995,-0.0043040000000000005,-0.0028452,-0.0154152,0.006182,0.0037949999999999998,0.0072870000000000001,0.010760200000000001,-0.0117964,0.0057139999999999995,0.0054669999999999996,0.0080955999999999997,-0.0038815999999999998,0.014279,-0.0044046000000000007,0.00233,-0.017337999999999999,0.00049939999999999989,-0.0059283999999999986,-0.0175278,0.019239600000000003,0.0026626000000000002,0.00026219999999999998,0.00082579999999999991,-0.0031831999999999997,-1.000000000000046e-05,0.0012214000000000001,0.00025999999999999998,-0.000571,-0.0020629999999999997,0.001304,0.0030415999999999998,-0.0026483999999999995,0.0015410000000000001,0.0029458000000000006,0.00030720000000000009,0.00054739999999999954,0.00027240000000000022,-0.0016384000000000004,0.00067299999999999999,-0.0023682,0.0034932000000000001,-0.0017696000000000001,-0.003901,-0.0055186000000000002,-0.0020779999999999996,-0.0023907999999999998,-0.0028516000000000001,0.00030639999999999986,0.0048262000000000001,0.00068719999999999968,-0.00071400000000000012,-0.00026340000000000022,-0.0023186000000000001,-0.0046844,-0.0051010000000000005,0.0070213999999999997,0.0025647999999999999,0.0055274,0.0026416,0.0033433999999999998,-0.0054622000000000004,0.0021511999999999998,0.0021245999999999999,0.0055734000000000001,0.00039639999999999988,0.0022966000000000006,0.010476599999999997,-0.015376000000000001,0.0068938000000000003,-2.3600000000000357e-05,-0.0089586000000000006,-0.0036692000000000001,0.0025263999999999998,-0.00044059999999999998,0.0024806000000000003,-0.0018586,-0.0028863999999999999,-1.2199999999999754e-05,-0.0028894000000000003,-0.00022919999999999996,-0.0029338000000000003,-0.0040461999999999998,0.0014433999999999998,-0.00064379999999999993,0.0004551999999999999,0.00061620000000000002,-0.00097559999999999986,-0.0007007999999999999,-9.4599999999999996e-05,0.0024978000000000001,0.00077360000000000016,-0.0017882000000000002,0.00040220000000000007,0.00052280000000000002,0.0020005999999999999,-0.0033052000000000003,0.0019946,0.0023998000000000001,-0.0046928000000000004,0.0042701999999999992,5.680000000000008e-05,0.0013116,0.0037661999999999999,-0.00053760000000000006,0.0024754,-0.0027163999999999999,-5.8799999999999803e-05,-0.00035040000000000071,-0.0023816000000000002,0.0022867999999999999,0.0021770000000000001,-5.0399999999999707e-05,-0.0051006000000000003,-0.0033150000000000002,-0.0010412000000000002,0.007892999999999999,-0.0029399999999999999,0.0019426000000000001,-0.005173800000000001,-0.0022898000000000003,-0.0046436000000000003,-0.0013343999999999997,-0.0033,0.0016800000000000001,0.014374999999999999,0.0043171999999999993,0.0072916000000000005,-0.016659999999999998,0.0021656000000000002,-0.00058799999999999998,0.0020467999999999997,-0.0007708000000000002,0.0049394,-0.0012798,0.00072659999999999999,0.00025540000000000008,0.0010660000000000001,0.00090239999999999982,0.0012108000000000002,0.00063119999999999995,0.0015205999999999998,-0.00038659999999999996,-0.00037820000000000003,-0.0039607999999999996,-0.0026220000000000002,-0.0015352,0.0052528000000000002,0.0018586000000000002,-0.0015614000000000001,-0.0013550000000000003,-0.0015014000000000004,-0.0017068000000000001,-0.0019097999999999999,-0.0012908000000000002,0.0015679999999999999,0.00080739999999999978,-0.0027493999999999999,0.0027211999999999996,-0.0024628000000000002,-0.00078380000000000008,0.0017926000000000001,-0.0034313999999999998,-0.0022078000000000002,0.0014886000000000001,0.00078399999999999976,0.0017087999999999999,0.0024007999999999998,0.0020159999999999996,0.00010400000000000014,0.0021064,-0.0031374000000000003,0.00015140000000000002,0.00055580000000000017,0.0051270000000000005,0.0037037999999999997,-0.0046692000000000001,0.0046627999999999999,-0.0042482000000000006,-0.0042889999999999994,-0.0051520000000000003,0.0053507999999999993,-0.0019764000000000001,0.0023216000000000001,-0.0025948,-0.0012764,-0.00028899999999999998,-0.0031051999999999998,0.013391200000000001,3.6000000000000875e-06,0.0048426000000000007,0.0076976000000000006,-0.0020509999999999999,-0.0011617999999999999,-0.0013897999999999998,0.0011770000000000001,0.00019059999999999986,0.00030560000000000006,-0.0015154000000000001,-0.00038699999999999997,0.00056999999999999998,-0.00041280000000000001,0.0001942,0.0010793999999999999,-0.00034160000000000001,0.00045179999999999992,0.0016516000000000002,0.00016959999999999989,-0.0014706000000000001,2.2799999999999958e-05,-0.0015901999999999999,0.00044960000000000009,-0.00067540000000000005,0.0015900000000000001,0.002588,0.00056380000000000004,0.0013361999999999996,-0.00041279999999999995,6.4399999999999885e-05,0.00012820000000000008,0.0015269999999999999,-0.0014664000000000001,-0.00034199999999999986,0.00089439999999999995,-0.0018954,0.00063840000000000012,-0.0021494000000000001,0.0021157999999999997,-0.0028743999999999996,0.00097740000000000001,0.00025020000000000001,-0.0027073999999999996,-0.0039199999999999999,-0.00067119999999999994,-0.0019116000000000001,-0.0028255999999999997,3.0000000000001813e-06,-0.0032992000000000004,-0.00017559999999999993,0.0017876000000000003,-0.0030317999999999994,-0.0022431999999999999,3.1199999999999945e-05,0.0016499999999999998,0.0047235999999999997,0.0024825999999999997,0.0021650000000000003,0.0037735999999999998,-0.0015804,-0.00098979999999999988,0.0011582000000000001,0.0022766000000000002,0.00013319999999999999,0.0037038000000000001,0.00072460000000000016,0.0023107999999999996,-0.0023464000000000002,-0.0063639999999999999,0.00018999999999999985,-0.0065702,0.0082500000000000004,-0.0031702000000000002,0.00026400000000000002,0.00033060000000000001,-0.0014710000000000001,-0.0018778000000000002,0.00074060000000000011,0.00059420000000000002,0.00022400000000000002,-0.00094079999999999988,0.001884,-0.00020380000000000002,-0.00095759999999999986,0.0023679999999999999,-0.0003876000000000001,-0.0012515999999999998,-0.0015070000000000001,0.0010286,0.00044359999999999994,0.00031499999999999996,-0.00059639999999999997,0.0026612000000000003,-0.0018817999999999999,-0.0011098,-7.9999999999991103e-07,-0.0024131999999999999,-0.00046380000000000021,-0.00077260000000000002,0.0023402000000000002,0.0023864000000000003,-0.0021777999999999997,-0.0023100000000000004,0.00039960000000000001,-0.00078819999999999997,0.00034979999999999999,0.0014280000000000002,0.00077319999999999993,0.0016312000000000002,0.0013287999999999998,-0.0021875999999999996,-0.00077080000000000009,-8.8999999999999995e-05,0.0010046,-0.00089280000000000002,0.00065019999999999987,-0.0010143999999999999,0.00049019999999999999,0.00051240000000000009,-0.0032093999999999998,0.0011927999999999997,-8.6799999999999996e-05,0.00092040000000000004,0.0013303999999999998,-0.0012758000000000001,-0.00049359999999999996,-0.0024397999999999998,-0.0021118,0.0010747999999999999,0.0014133999999999998,-0.003888,0.0026780000000000003,0.00059140000000000017,0.0012154000000000002,0.002212,-0.0034086000000000003,-0.0016764,0.0011697999999999999,0.00050579999999999993,-0.00057980000000000011,-0.0017553999999999998,0.0034735999999999999,0.0060137999999999997,-0.0042605999999999998,0.0050137999999999988,0.0014120000000000003,-0.0055341999999999995,-0.00062239999999999995
aug_between_class_right_pair0056_child06,TLE,1,1,Augmented,0,0,0,0,0,0.29039389999999998,2.0452012000000002,-9.9999999999999784e-08,-9.9999999999999995e-07,-3.9999999999999977e-07,1.0428184,0,0.039723000000000001,-0.16162589999999999,0.044963400000000001,0.055064500000000009,-0.016465600000000011,0.050801499999999999,0.0384684,0.0232412,-0.0262949,-0.087085599999999999,0.39227489999999998,-0.13551250000000001,-0.027735199999999998,0.1115237,0.042444799999999998,-0.010104600000000002,-0.0036293000000000002,-0.061330099999999999,0.038840100000000002,0.042462899999999998,-0.048002399999999994,0.0112167,-0.10346619999999999,0.022746200000000001,0.043000700000000003,-0.0094292000000000004,0.011872400000000002,0.022880500000000002,-0.0313931,0.0415663,-0.060273100000000003,-0.057604100000000005,0.14989930000000001,-0.030587900000000001,0.20935309999999999,-0.038173600000000002,0.012917599999999998,-0.0023668999999999999,-0.0080394999999999998,-0.018196499999999997,-0.015171899999999999,0.0354072,-0.0082836000000000003,-0.0092733999999999994,-0.024549500000000002,-0.0252655,0.0070514000000000002,0.019881699999999999,0.034721099999999998,0.0101505,0.0077623000000000015,-0.0047530000000000003,0.014941000000000001,-0.043422299999999997,0.013679699999999998,0.0054225000000000011,-0.0041360000000000008,0.052042699999999997,-0.092249899999999996,-0.015567000000000001,-0.034613999999999999,-0.044043600000000002,0.024728800000000002,0.00045240000000000015,0.0016465000000000002,0.019883600000000001,0.020757500000000002,-0.0037509999999999991,-0.0126052,0.0031701000000000008,0.0056760999999999999,0.003114,0.0011996999999999999,0.0025812000000000001,-0.0117845,-0.0062960999999999989,0.0071726000000000003,0.0064866999999999998,-0.019408300000000003,-0.0155844,0.025961399999999999,-0.012737100000000001,-0.0103404,0.007594899999999999,-0.0076685000000000008,0.0048974999999999991,-0.016235199999999998,0.0046797999999999996,0.019532300000000002,-0.021824299999999998,-0.016821699999999995,0.017614299999999999,-0.0023993000000000009,0.030070400000000004,0.011657399999999998,-0.00018830000000000019,0.00059410000000000008,-0.0026283000000000001,-0.0099351999999999999,0.010861200000000001,-0.00056730000000000018,0.0034796000000000002,0.0005838000000000001,0.0051024,-0.0028667000000000002,-0.0075168000000000006,0.0132056,0.018708099999999998,0.0054064999999999998,0.0013711000000000001,0.0051959999999999992,-0.0075551000000000004,0.0087650999999999996,-0.0085883000000000001,0.0069795000000000013,0.0046643999999999982,-0.0133099,0.011373600000000001,-0.009821400000000001,-0.0058691999999999989,-0.018644300000000003,0.00042250000000000013,0.014404199999999999,0.0028289000000000014,-0.0025126000000000002,-4.5000000000000118e-05,-0.0162507,-0.0039617999999999997,-0.017007700000000001,-0.0117663,0.012783200000000002,0.0027903999999999993,0.0021315000000000006,0.00077630000000000017,0.003393000000000001,-0.00091499999999999991,-0.0022191000000000003,0.0014589,-0.0047320000000000001,0.0076500000000000005,-0.0086522000000000005,0.0023468,-0.0044780999999999996,0.00088799999999999968,0.0018931999999999998,-0.00012929999999999973,-0.0011086999999999994,-0.0023297999999999999,-0.0025539,-0.0026733,0.0016856999999999994,-0.001686,-0.0137725,-0.0057637000000000001,0.0098832999999999976,0.0032198000000000001,-0.0019152999999999998,-0.0014272999999999996,-0.0011870999999999997,-0.0041050000000000001,-0.0023094000000000001,-0.015573399999999999,0.0060630000000000007,0.0034285000000000001,0.0074155000000000002,0.010232900000000001,-0.0127203,0.0057644999999999997,0.0051365000000000004,0.0087516999999999994,-0.0040526999999999994,0.0145065,-0.0036287000000000003,0.002777,-0.017889499999999999,0.0017517999999999995,-0.0067877999999999983,-0.016310600000000001,0.019795199999999999,0.0036246999999999998,0.00039439999999999983,0.0012166,-0.0031909,0.00025949999999999931,0.0013933000000000001,0.00023900000000000001,-0.00053350000000000001,-0.0020455,0.0013994999999999999,0.0033131999999999997,-0.0030907999999999995,0.0015564999999999999,0.0026926000000000003,0.00056139999999999998,0.0011347999999999992,-5.369999999999972e-05,-0.0018748000000000005,0.00074849999999999992,-0.0024009000000000001,0.0033684000000000001,-0.0021746999999999995,-0.0041324999999999999,-0.0057092000000000002,-0.0024050000000000005,-0.0024696000000000002,-0.0031376999999999993,0.00054079999999999992,0.0050504,0.0011678999999999995,-0.00066450000000000005,-0.00034629999999999991,-0.0018982000000000001,-0.0046128000000000002,-0.0054915000000000007,0.0074478000000000001,0.0027931000000000006,0.0061948000000000003,0.0024101999999999999,0.0037802999999999999,-0.0055168999999999999,0.0024038999999999996,0.0021427,0.0060273000000000002,0.00036030000000000003,0.0024472000000000005,0.010818199999999998,-0.016625499999999998,0.0065926000000000005,0.00053329999999999957,-0.0089602000000000015,-0.0035358999999999998,0.0023703000000000001,-0.00041470000000000016,0.0022542,-0.0018172000000000002,-0.0028298000000000004,-0.00037539999999999964,-0.0026108000000000004,-0.0001629,-0.0031065999999999997,-0.0040268999999999999,0.0013002999999999999,-0.00062610000000000009,0.00068189999999999982,0.0005509,-0.0001552000000000003,-0.00079659999999999985,-0.00024969999999999994,0.0026690999999999998,0.00047170000000000024,-0.0021498999999999997,0.00024290000000000005,0.00053909999999999993,0.0018637,-0.0029914,0.0021297,0.0019611000000000003,-0.0044416000000000004,0.0048063999999999997,0.00032910000000000014,0.00099320000000000029,0.0040143999999999996,-0.00082269999999999999,0.0027892999999999998,-0.0028507999999999997,6.590000000000003e-05,-0.0002168000000000005,-0.0023632000000000006,0.0024120999999999999,0.0021485000000000002,-0.00010530000000000023,-0.0052762,-0.0034654999999999998,-0.00088140000000000028,0.0084849999999999995,-0.002065,0.0021172000000000001,-0.0057751,-0.0025471000000000001,-0.0050991999999999999,-0.0017772999999999997,-0.0030135000000000001,0.0021414999999999997,0.013831,0.0048269000000000003,0.0067061999999999998,-0.017978499999999998,0.0021511999999999998,-0.00081949999999999992,0.0022275999999999997,-0.00094109999999999973,0.0050063,-0.0011686000000000003,0.0005327000000000001,0.00017080000000000014,0.0013074999999999999,0.0013002999999999999,0.0011811,0.00085889999999999979,0.0017667000000000002,-0.00065569999999999973,-0.00051589999999999991,-0.0042461,-0.002568,-0.0019043999999999997,0.0059465999999999998,0.0018676999999999999,-0.0015707999999999998,-0.0011880000000000003,-0.0013978000000000003,-0.0016021000000000002,-0.0018321000000000001,-0.0009961000000000002,0.0014375,0.00049379999999999975,-0.0030638000000000002,0.0026469000000000002,-0.0023500999999999999,-0.00056809999999999999,0.0021892000000000001,-0.0031963,-0.0019471000000000002,0.0015027,0.00086849999999999991,0.0012406000000000001,0.0024911,0.0024589999999999994,0.00043000000000000004,0.0019558000000000002,-0.0033213000000000001,0.00031079999999999991,0.00041610000000000003,0.0045380000000000004,0.0037045999999999997,-0.0048133999999999998,0.0049110999999999998,-0.0042659000000000004,-0.0044774999999999997,-0.0053109999999999997,0.005574599999999999,-0.0015323000000000001,0.0023216999999999999,-0.0022706000000000002,-0.0010893000000000001,-0.00029100000000000003,-0.0032003999999999999,0.013581900000000001,-0.0001648000000000001,0.0045292000000000006,0.0080216999999999997,-0.0014675000000000001,-0.0011761,-0.0014330999999999994,0.0011095,-0.00012430000000000004,0.00031519999999999996,-0.0014458000000000001,-0.00038699999999999997,0.00062750000000000002,-0.00051159999999999997,0.00028139999999999996,0.0011223000000000001,-7.5700000000000214e-05,0.00056359999999999993,0.0018981999999999998,-0.00010280000000000001,-0.0011196999999999999,0.0001430999999999999,-0.0017053999999999999,0.00025220000000000017,-0.00069430000000000002,0.001846,0.0024775000000000001,0.00063910000000000008,0.0015168999999999998,-0.00060809999999999998,0.00030679999999999976,0.00010040000000000006,0.001402,-0.0013603000000000001,-0.00042800000000000021,0.00085379999999999994,-0.0019163000000000001,0.00052829999999999999,-0.0019248000000000004,0.0020035999999999999,-0.0028248000000000001,0.0012308,0.00050789999999999982,-0.0028703000000000001,-0.0041735000000000001,-0.00056590000000000015,-0.0021371999999999997,-0.0029121999999999998,-0.00035949999999999979,-0.0031149000000000003,-0.00016470000000000005,0.0020097000000000001,-0.0032970999999999999,-0.0021324,0.00016289999999999989,0.0019074999999999997,0.0050637000000000008,0.0024857,0.0025104999999999997,0.0035467000000000003,-0.0014238000000000002,-0.0012101,0.0013124000000000002,0.0020442000000000004,0.00049290000000000011,0.0037881,0.00075370000000000038,0.0019480999999999999,-0.0027962999999999998,-0.0063695000000000002,0.00049350000000000002,-0.0068969000000000009,0.0091655000000000018,-0.0033694000000000003,0.00013750000000000006,0.00023120000000000006,-0.0013140000000000001,-0.0019400999999999999,0.00066870000000000005,0.00032240000000000008,0.00036549999999999994,-0.0010950999999999999,0.0017045000000000001,-0.00027910000000000001,-0.0012312,0.0024195000000000002,-0.0001332000000000002,-0.0011312000000000002,-0.0016765,0.0011156999999999999,0.00033520000000000002,0.00033199999999999994,-0.0005463,0.0029369000000000001,-0.0017685999999999999,-0.00095710000000000001,-0.00012259999999999989,-0.0028584000000000001,-0.00042410000000000006,-0.00051220000000000009,0.0018214000000000001,0.0024147999999999999,-0.0020346000000000001,-0.0023249999999999998,0.00025670000000000001,-0.00074589999999999997,0.00059360000000000012,0.0012710000000000002,0.00096489999999999987,0.0016023999999999999,0.0012251,-0.0021486999999999999,-0.00063210000000000013,-2.0000000000000486e-06,0.0010692,-0.0011460999999999997,0.00086589999999999996,-0.0010817999999999999,0.00031740000000000002,0.0004548000000000001,-0.0029948000000000002,0.0014296000000000001,0.00012689999999999994,0.00067380000000000022,0.0017702999999999998,-0.0013001000000000002,-0.0005082000000000001,-0.0022761000000000005,-0.0020810999999999998,0.0012385999999999999,0.0015972999999999996,-0.004189,0.0026915000000000003,0.00039880000000000004,0.0014158,0.0023730000000000001,-0.0033692000000000001,-0.0015393,0.00099209999999999988,0.00024010000000000014,-0.00031410000000000021,-0.0021977999999999998,0.0035462000000000002,0.0060426000000000004,-0.0042091999999999997,0.0057210999999999998,0.00066300000000000061,-0.006032899999999999,-0.00062879999999999989
aug_between_class_right_pair0056_child07,TLE,1,1,Augmented,0,0,0,0,0,0.2903136,2.0444038,-4.0000000000000009e-07,-9.9999999999999995e-07,-5.9999999999999987e-07,1.0490716,0,0.038803000000000004,-0.16235160000000001,0.048247600000000002,0.052701000000000005,-0.0098034000000000038,0.047137999999999999,0.040927599999999995,0.024117800000000002,-0.0265986,-0.084204399999999999,0.39456259999999999,-0.14425399999999999,-0.026253799999999997,0.1146088,0.048075199999999998,-0.0092414000000000003,-0.0033441999999999999,-0.060200400000000001,0.039612399999999999,0.042905600000000002,-0.049429599999999997,0.0109208,-0.1041208,0.025196799999999998,0.0436058,-0.0111748,0.010950600000000001,0.022078,-0.029978399999999995,0.042414200000000006,-0.061090400000000003,-0.053280399999999999,0.15577620000000003,-0.026453599999999997,0.20976339999999999,-0.038959399999999998,0.0139034,-0.0019845999999999996,-0.008626,-0.01866,-0.015841599999999997,0.035427800000000002,-0.0078554000000000002,-0.0095796000000000006,-0.024879999999999999,-0.026210999999999998,0.0070936000000000011,0.020280800000000002,0.036139399999999995,0.0099439999999999997,0.010557200000000008,-0.0052199999999999998,0.013304,-0.0432472,0.014111799999999999,0.0040899999999999999,-0.0034749999999999994,0.052811800000000006,-0.094151600000000002,-0.016122000000000004,-0.036025000000000001,-0.044909400000000002,0.024737200000000001,0.00027359999999999993,0.0013309999999999999,0.020718400000000001,0.020772000000000002,-0.005026000000000001,-0.012536799999999999,0.003077400000000001,0.0062984000000000009,0.0032210000000000003,0.00099479999999999989,0.0023868000000000006,-0.011934,-0.0071743999999999992,0.0071744,0.0064127999999999998,-0.019646199999999999,-0.016317600000000002,0.027647600000000001,-0.0129424,-0.0115526,0.0079146000000000008,-0.0066309999999999997,0.0052420000000000001,-0.015496799999999998,0.0052982000000000012,0.0197752,-0.0215582,-0.019616800000000004,0.019294200000000001,-0.0011901999999999989,0.032305600000000004,0.015333599999999999,0.00020280000000000016,0.00048939999999999986,-0.0033232000000000005,-0.0105308,0.010777800000000001,-0.00027220000000000022,0.0048814000000000019,0.00084020000000000004,0.0051875999999999997,-0.0024267999999999998,-0.0077902000000000006,0.0139734,0.019769399999999999,0.0052259999999999997,0.0011064,0.0057210000000000004,-0.0073523999999999994,0.0088424000000000003,-0.0079051999999999994,0.0059879999999999994,0.0055186000000000002,-0.0129696,0.0113744,-0.0100196,-0.0066188000000000019,-0.018829200000000001,0.0011540000000000009,0.0141668,0.0018956000000000003,-0.0024733999999999997,-0.00051100000000000017,-0.016270799999999998,-0.0037131999999999998,-0.017986800000000004,-0.011634200000000001,0.0116758,0.0032935999999999998,0.0012709999999999996,0.00027119999999999976,0.0029969999999999997,-0.00099599999999999992,-0.0022564,0.0013556,-0.0055320000000000005,0.0086050000000000015,-0.008578800000000001,0.0024131999999999999,-0.0049804000000000003,0.001168,0.0021938000000000001,-0.00031619999999999977,-0.0015068,-0.0022342,-0.0023215999999999996,-0.0025462000000000002,0.0018598000000000002,-0.0012849999999999997,-0.014467000000000001,-0.0057377999999999995,0.0108112,0.0032012,-0.0024562,-0.0018312000000000001,-0.00072039999999999951,-0.0039059999999999997,-0.0017735999999999997,-0.015731600000000002,0.0059439999999999996,0.0030619999999999996,0.0075439999999999995,0.0097056,-0.013644200000000002,0.0058149999999999999,0.0048059999999999995,0.0094078000000000009,-0.0042237999999999998,0.014734000000000001,-0.0028528,0.0032240000000000003,-0.018440999999999999,0.0030042000000000011,-0.0076471999999999981,-0.0150934,0.020350799999999999,0.0045868000000000003,0.00052660000000000033,0.0016074000000000004,-0.0031986000000000002,0.00052899999999999996,0.0015652000000000001,0.00021799999999999999,-0.00049600000000000002,-0.0020279999999999999,0.001495,0.0035848,-0.0035332000000000002,0.001572,0.0024394000000000004,0.0008156000000000002,0.0017221999999999997,-0.00037979999999999996,-0.0021112000000000001,0.00082399999999999986,-0.0024336000000000002,0.0032436000000000001,-0.0025798000000000006,-0.0043639999999999998,-0.0058998000000000002,-0.0027319999999999996,-0.0025483999999999997,-0.0034238000000000003,0.00077520000000000019,0.0052745999999999999,0.0016486000000000001,-0.00061499999999999977,-0.00042920000000000024,-0.0014777999999999998,-0.0045412000000000004,-0.0058820000000000009,0.0078742000000000013,0.0030214000000000005,0.0068621999999999989,0.0021787999999999998,0.0042172000000000008,-0.0055716000000000003,0.0026565999999999998,0.0021608,0.0064812000000000003,0.00032419999999999997,0.0025978000000000008,0.011159799999999999,-0.017875000000000002,0.0062913999999999991,0.0010902000000000004,-0.0089618000000000007,-0.0034025999999999995,0.0022141999999999999,-0.00038880000000000002,0.0020278000000000002,-0.0017757999999999999,-0.0027732,-0.00073860000000000017,-0.0023321999999999996,-9.6599999999999963e-05,-0.0032794000000000005,-0.0040076000000000001,0.0011571999999999997,-0.00060840000000000026,0.00090860000000000008,0.00048559999999999999,0.00066520000000000056,-0.00089239999999999979,-0.00040480000000000019,0.0028404000000000003,0.00016980000000000033,-0.0025116000000000006,8.3599999999999864e-05,0.00055539999999999995,0.0017267999999999999,-0.0026775999999999996,0.0022648,0.0015223999999999997,-0.0041903999999999995,0.0053425999999999994,0.0006014000000000002,0.00067479999999999992,0.0042626000000000001,-0.0011078000000000001,0.0031032000000000004,-0.0029851999999999999,0.00019060000000000008,-8.319999999999942e-05,-0.0023448000000000002,0.0025374,0.0021199999999999999,-0.00016020000000000032,-0.0054517999999999997,-0.0036160000000000003,-0.00072159999999999976,0.009077,-0.001189999999999999,0.0022918000000000001,-0.0063764000000000008,-0.0028043999999999999,-0.0055548000000000004,-0.0022201999999999994,-0.0027269999999999998,0.0026029999999999998,0.013287,0.0053366000000000004,0.0061208000000000009,-0.019296999999999998,0.0021367999999999999,-0.0010510000000000001,0.0024083999999999998,-0.0011114000000000002,0.0050731999999999999,-0.0010574,0.00033879999999999989,8.6200000000000035e-05,0.001549,0.0016982,0.0011514000000000001,0.0010866000000000001,0.0020127999999999999,-0.00092479999999999993,-0.00065360000000000006,-0.0045314000000000005,-0.0025140000000000002,-0.0022735999999999998,0.0066404000000000003,0.0018767999999999999,-0.0015801999999999999,-0.001021,-0.0012942000000000001,-0.0014973999999999999,-0.0017543999999999999,-0.00070139999999999992,0.001307,0.00018019999999999983,-0.0033782000000000005,0.0025726,-0.0022373999999999996,-0.00035239999999999989,0.0025858000000000005,-0.0029611999999999998,-0.0016864,0.0015167999999999998,0.00095299999999999985,0.0007723999999999998,0.0025814000000000002,0.0029019999999999996,0.00075600000000000038,0.0018051999999999999,-0.0035052,0.00047019999999999999,0.00027640000000000005,0.0039489999999999994,0.0037054000000000002,-0.0049575999999999995,0.0051593999999999998,-0.0042836000000000003,-0.004666,-0.0054699999999999992,0.0057984000000000004,-0.0010881999999999999,0.0023217999999999997,-0.0019463999999999996,-0.00090219999999999992,-0.00029300000000000002,-0.0032956000000000001,0.013772599999999999,-0.00033320000000000008,0.0042157999999999996,0.0083458000000000004,-0.0008839999999999998,-0.0011903999999999999,-0.0014763999999999997,0.001042,-0.00043920000000000038,0.00032480000000000009,-0.0013762000000000002,-0.00038699999999999997,0.00068500000000000006,-0.00061040000000000009,0.00036859999999999996,0.0011652000000000001,0.00019019999999999996,0.00067540000000000005,0.0021448000000000001,-0.00037520000000000023,-0.00076879999999999982,0.00026340000000000001,-0.0018205999999999999,5.4800000000000031e-05,-0.00071319999999999999,0.0021020000000000001,0.0023669999999999997,0.00071440000000000002,0.0016976000000000001,-0.00080340000000000001,0.00054920000000000012,7.2599999999999922e-05,0.0012769999999999999,-0.0012542,-0.00051400000000000013,0.00081319999999999993,-0.0019371999999999998,0.00041819999999999992,-0.0017001999999999998,0.0018913999999999997,-0.0027752000000000002,0.0014842000000000002,0.00076560000000000007,-0.0030331999999999998,-0.0044270000000000004,-0.00046059999999999981,-0.0023628,-0.0029987999999999998,-0.0007220000000000002,-0.0029306000000000002,-0.00015379999999999994,0.0022318000000000008,-0.0035624000000000003,-0.0020216000000000001,0.00029460000000000001,0.0021650000000000003,0.0054038000000000003,0.0024887999999999998,0.002856,0.0033197999999999995,-0.0012672,-0.0014304000000000001,0.0014666000000000002,0.0018117999999999999,0.00085260000000000023,0.0038724000000000002,0.00078280000000000016,0.0015853999999999996,-0.0032462000000000007,-0.0063750000000000005,0.00079700000000000007,-0.0072236000000000002,0.010081000000000001,-0.0035686000000000003,1.0999999999999942e-05,0.00013179999999999998,-0.001157,-0.0020023999999999997,0.00059679999999999998,5.0599999999999983e-05,0.00050700000000000007,-0.0012494000000000001,0.0015249999999999999,-0.00035440000000000005,-0.0015048000000000001,0.0024709999999999997,0.00012120000000000002,-0.0010108000000000001,-0.001846,0.0012028,0.00022679999999999987,0.00034900000000000003,-0.00049620000000000003,0.0032125999999999999,-0.0016553999999999998,-0.00080440000000000004,-0.00024440000000000003,-0.0033036000000000003,-0.00038440000000000013,-0.00025179999999999972,0.0013025999999999999,0.0024432000000000004,-0.0018913999999999997,-0.0023400000000000001,0.00011379999999999995,-0.00070359999999999997,0.00083740000000000008,0.001114,0.0011566,0.0015736000000000001,0.0011213999999999998,-0.0021097999999999998,-0.00049339999999999996,8.5000000000000006e-05,0.0011337999999999999,-0.0013994000000000001,0.0010816000000000001,-0.0011492000000000002,0.00014459999999999994,0.00039720000000000011,-0.0027802,0.0016664,0.00034060000000000015,0.00042719999999999987,0.0022102000000000003,-0.0013244000000000003,-0.00052279999999999991,-0.0021123999999999995,-0.0020503999999999995,0.0014023999999999998,0.0017811999999999997,-0.0044900000000000001,0.0027049999999999999,0.00020619999999999992,0.0016162000000000006,0.0025339999999999998,-0.0033297999999999999,-0.0014021999999999999,0.00081439999999999963,-2.560000000000008e-05,-4.8399999999999875e-05,-0.0026402000000000001,0.0036187999999999997,0.0060713999999999994,-0.0041577999999999997,0.0064283999999999999,-8.6000000000000085e-05,-0.0065316000000000003,-0.00063520000000000004
aug_between_class_right_pair0056_child08,TLE,1,1,Augmented,0,0,0,0,0,0.29023329999999997,2.0436064000000003,-7.0000000000000007e-07,-9.9999999999999995e-07,-7.9999999999999965e-07,1.0553248,0,0.037883,-0.16307730000000001,0.051531800000000003,0.0503375,-0.0031412000000000107,0.043474499999999999,0.043386800000000003,0.0249944,-0.026902300000000001,-0.081323199999999998,0.39685029999999999,-0.15299550000000001,-0.0247724,0.11769389999999999,0.053705599999999999,-0.0083782000000000006,-0.0030590999999999999,-0.059070699999999997,0.040384699999999996,0.043348299999999992,-0.050856799999999994,0.0106249,-0.10477539999999999,0.027647399999999999,0.044210900000000004,-0.012920399999999999,0.010028800000000001,0.021275500000000003,-0.028563699999999997,0.043262100000000005,-0.061907700000000003,-0.048956699999999999,0.16165310000000002,-0.022319299999999997,0.21017369999999999,-0.039745199999999994,0.0148892,-0.0016022999999999996,-0.0092125000000000002,-0.019123500000000002,-0.0165113,0.035448399999999998,-0.0074272000000000001,-0.0098858000000000001,-0.025210500000000004,-0.0271565,0.0071358000000000012,0.020679900000000001,0.037557699999999999,0.0097374999999999996,0.013352100000000007,-0.0056870000000000002,0.011667,-0.043072099999999995,0.0145439,0.0027575,-0.0028139999999999997,0.053580900000000001,-0.096053300000000008,-0.016677000000000001,-0.037435999999999997,-0.045775200000000002,0.0247456,9.4799999999999946e-05,0.0010154999999999999,0.021553200000000002,0.020786499999999999,-0.006301000000000001,-0.012468399999999999,0.0029847000000000007,0.0069207000000000001,0.0033279999999999998,0.00078989999999999963,0.0021924000000000002,-0.0120835,-0.0080527000000000012,0.0071762000000000006,0.0063388999999999997,-0.019884100000000002,-0.017050800000000001,0.0293338,-0.0131477,-0.0127648,0.0082343,-0.0055935000000000004,0.0055864999999999995,-0.014758399999999998,0.005916600000000001,0.020018100000000004,-0.021292100000000001,-0.022411899999999998,0.020974100000000002,1.8900000000000514e-05,0.034540800000000003,0.0190098,0.00059390000000000007,0.00038469999999999997,-0.0040181000000000001,-0.011126400000000002,0.0106944,2.2900000000000177e-05,0.0062832000000000001,0.0010966000000000001,0.0052728000000000002,-0.0019868999999999998,-0.0080636000000000006,0.014741200000000001,0.020830700000000001,0.0050455000000000005,0.00084169999999999991,0.0062459999999999998,-0.0071497000000000002,0.0089196999999999992,-0.0072220999999999995,0.0049964999999999992,0.0063727999999999988,-0.0126293,0.0113752,-0.010217799999999999,-0.0073683999999999998,-0.019014099999999999,0.0018855000000000018,0.0139294,0.00096230000000000013,-0.0024342000000000001,-0.000977,-0.016290900000000001,-0.0034646,-0.018965900000000001,-0.011502099999999999,0.0105684,0.0037967999999999999,0.00041049999999999989,-0.00023390000000000005,0.002601,-0.001077,-0.0022937000000000005,0.0012523,-0.0063320000000000008,0.0095600000000000008,-0.0085053999999999998,0.0024796000000000002,-0.0054827000000000001,0.0014480000000000001,0.0024944000000000003,-0.00050310000000000003,-0.0019048999999999997,-0.0021386,-0.0020892999999999997,-0.0024191000000000004,0.0020338999999999999,-0.0008839999999999998,-0.015161499999999998,-0.0057118999999999998,0.011739099999999999,0.0031826000000000003,-0.0029970999999999999,-0.0022350999999999998,-0.0002536999999999995,-0.0037069999999999998,-0.0012377999999999998,-0.015889799999999999,0.0058250000000000003,0.0026955,0.0076724999999999996,0.0091783000000000003,-0.0145681,0.0058655000000000001,0.0044755000000000003,0.010063900000000001,-0.0043948999999999993,0.014961500000000003,-0.0020769000000000004,0.0036709999999999998,-0.018992499999999999,0.0042565999999999993,-0.0085065999999999996,-0.0138762,0.020906399999999999,0.0055489000000000007,0.00065880000000000018,0.0019981999999999999,-0.0032062999999999996,0.00079850000000000016,0.0017371000000000001,0.00019699999999999996,-0.00045849999999999998,-0.0020105000000000001,0.0015904999999999999,0.0038564000000000003,-0.0039756000000000001,0.0015875000000000002,0.0021862000000000001,0.0010698000000000001,0.0023095999999999993,-0.00070589999999999997,-0.0023476000000000005,0.00089950000000000002,-0.0024662999999999998,0.0031188000000000001,-0.0029849000000000008,-0.0045954999999999998,-0.0060904000000000002,-0.0030590000000000005,-0.0026271999999999992,-0.0037099000000000004,0.0010096000000000003,0.0054987999999999999,0.0021293000000000002,-0.00056549999999999992,-0.00051210000000000014,-0.0010573999999999998,-0.0044695999999999998,-0.0062724999999999994,0.0083006,0.0032496999999999995,0.0075295999999999991,0.0019474,0.0046541000000000004,-0.0056263000000000007,0.0029093000000000001,0.0021789000000000001,0.0069351000000000013,0.0002880999999999999,0.0027484000000000007,0.011501399999999998,-0.019124499999999999,0.0059901999999999993,0.0016471000000000012,-0.0089633999999999998,-0.0032693000000000002,0.0020581000000000002,-0.00036290000000000009,0.0018013999999999999,-0.0017344000000000001,-0.0027166,-0.0011018,-0.0020536,-3.0299999999999978e-05,-0.0034522000000000003,-0.0039883000000000002,0.0010140999999999998,-0.00059069999999999956,0.0011353000000000001,0.00042029999999999997,0.0014856000000000005,-0.00098819999999999984,-0.0005599,0.0030117,-0.00013210000000000001,-0.0028733000000000001,-7.5700000000000051e-05,0.00057169999999999996,0.0015899,-0.0023638000000000001,0.0023998999999999999,0.0010836999999999997,-0.0039392000000000003,0.0058788,0.00087370000000000026,0.0003564000000000001,0.0045108000000000006,-0.0013929000000000001,0.0034171000000000002,-0.0031196000000000002,0.00031530000000000013,5.0400000000000791e-05,-0.0023264000000000006,0.0026627000000000009,0.0020915,-0.00021509999999999997,-0.0056274000000000003,-0.0037665000000000003,-0.0005618000000000001,0.0096689999999999988,-0.00031499999999999931,0.0024664000000000001,-0.0069776999999999999,-0.0030616999999999997,-0.0060104000000000008,-0.002663099999999999,-0.0024405,0.0030645000000000004,0.012743000000000001,0.0058462999999999996,0.0055354000000000002,-0.020615499999999998,0.0021224,-0.0012825,0.0025891999999999994,-0.0012817000000000002,0.0051400999999999999,-0.00094619999999999991,0.00014489999999999989,1.6000000000001473e-06,0.0017905,0.0020961,0.0011217,0.0013143,0.0022589000000000003,-0.0011938999999999999,-0.00079129999999999999,-0.0048166999999999993,-0.0024599999999999999,-0.0026428000000000003,0.0073342000000000008,0.0018859,-0.0015895999999999998,-0.00085399999999999994,-0.0011906000000000004,-0.0013927,-0.0016767000000000002,-0.00040669999999999986,0.0011765,-0.00013340000000000053,-0.0036925999999999999,0.0024983000000000002,-0.0021246999999999998,-0.00013669999999999991,0.0029824000000000001,-0.0027261,-0.0014257,0.0015309000000000002,0.0010374999999999998,0.00030419999999999986,0.0026716999999999999,0.0033449999999999999,0.0010820000000000003,0.0016546,-0.0036890999999999998,0.00062959999999999991,0.00013669999999999996,0.0033600000000000001,0.0037061999999999998,-0.0051018000000000001,0.0054076999999999997,-0.0043013000000000001,-0.0048544999999999994,-0.0056290000000000003,0.0060222000000000001,-0.00064409999999999999,0.0023219,-0.0016221999999999999,-0.00071509999999999998,-0.00029500000000000007,-0.0033908000000000002,0.013963300000000001,-0.00050160000000000005,0.0039024000000000003,0.0086699000000000012,-0.00030049999999999955,-0.0012047,-0.0015196999999999999,0.0009745,-0.00075410000000000028,0.00033440000000000011,-0.0013066000000000002,-0.00038699999999999997,0.0007425000000000001,-0.00070920000000000011,0.00045580000000000002,0.0012080999999999999,0.00045610000000000008,0.00078719999999999994,0.0023914000000000006,-0.00064760000000000035,-0.0004178999999999997,0.00038369999999999995,-0.0019358000000000001,-0.00014259999999999989,-0.00073209999999999996,0.0023580000000000003,0.0022564999999999998,0.00078970000000000006,0.0018782999999999998,-0.00099869999999999994,0.00079159999999999994,4.4799999999999896e-05,0.0011519999999999998,-0.0011481,-0.00060000000000000027,0.00077259999999999991,-0.0019580999999999999,0.00030810000000000006,-0.0014756000000000001,0.0017791999999999999,-0.0027256000000000003,0.0017376000000000002,0.0010233000000000004,-0.0031961000000000003,-0.0046805000000000006,-0.00035530000000000002,-0.0025884000000000002,-0.0030853999999999999,-0.0010844999999999997,-0.0027463000000000001,-0.00014289999999999984,0.0024539000000000002,-0.0038276999999999999,-0.0019107999999999998,0.00042630000000000001,0.0024225000000000002,0.0057438999999999997,0.0024919,0.0032015000000000004,0.0030929,-0.0011106000000000002,-0.0016507000000000002,0.0016208000000000001,0.0015794000000000001,0.0012123000000000001,0.0039567000000000005,0.00081190000000000038,0.0012226999999999997,-0.0036961000000000003,-0.0063805000000000008,0.0011005000000000001,-0.0075503000000000011,0.010996500000000001,-0.0037678000000000004,-0.00011550000000000004,3.2400000000000001e-05,-0.001,-0.0020647,0.00052490000000000002,-0.00022120000000000001,0.0006485000000000001,-0.0014036999999999999,0.0013454999999999999,-0.00042970000000000004,-0.0017783999999999999,0.0025225,0.00037559999999999991,-0.00089039999999999985,-0.0020155000000000004,0.0012899000000000001,0.00011839999999999995,0.00036600000000000001,-0.0004461,0.0034883000000000002,-0.0015421999999999999,-0.00065169999999999996,-0.00036620000000000001,-0.0037488,-0.00034469999999999998,8.6000000000001006e-06,0.00078379999999999986,0.0024716,-0.0017482000000000001,-0.0023549999999999999,-2.9100000000000026e-05,-0.00066129999999999997,0.0010812000000000003,0.00095700000000000006,0.0013483,0.0015448,0.0010177000000000001,-0.0020708999999999997,-0.00035469999999999995,0.00017200000000000006,0.0011984000000000001,-0.0016527,0.0012973000000000001,-0.0012166,-2.8200000000000035e-05,0.00033960000000000001,-0.0025655999999999999,0.0019031999999999996,0.00055430000000000008,0.00018059999999999994,0.0026500999999999999,-0.0013487000000000004,-0.00053739999999999994,-0.0019486999999999996,-0.0020196999999999997,0.0015662000000000002,0.0019651,-0.0047910000000000001,0.0027185,1.3599999999999965e-05,0.0018166000000000005,0.0026950000000000003,-0.0032903999999999997,-0.0012650999999999999,0.00063669999999999981,-0.00029130000000000009,0.00021730000000000005,-0.0030825999999999996,0.0036913999999999996,0.0061002000000000001,-0.0041063999999999996,0.0071357,-0.00083500000000000002,-0.0070302999999999997,-0.00064159999999999998
aug_between_class_right_pair0057_child05,TLE,1,1,Augmented,0,0,0,0,0,0.28142460000000002,2.0351878000000001,1.6000000000000001e-06,-3.9999999999999993e-07,9.9999999999999995e-07,0.91715600000000008,0,0.055655200000000002,-0.1223992,0.018786400000000002,0.1139308,-0.099031400000000006,0.075562400000000002,-0.0042307999999999998,-0.00084420000000000068,-0.014939000000000004,-0.14153080000000001,0.31939139999999999,-0.076563599999999996,0.021826800000000004,0.0879302,0.0292404,-0.015875400000000001,-0.00059320000000000032,-0.0468166,0.021277799999999999,0.032908800000000002,-0.029303800000000001,0.0094158000000000002,-0.081256999999999996,0.0061268,0.046552400000000001,-0.0259454,0.0031400000000000022,0.011523,-0.036308399999999998,0.044945199999999998,-0.035061800000000004,-0.059204600000000003,0.075373400000000007,-0.058294600000000002,0.19499420000000001,-0.052853999999999998,0.0087705999999999999,-0.0069324,-0.0103298,-0.0095896000000000002,-0.0041298000000000003,0.041483600000000002,-0.0021665999999999999,-0.011221200000000001,-0.0095137999999999993,-0.026416599999999998,0.020115000000000001,0.0296604,0.017433199999999999,0.010965800000000001,-0.023826,-0.0029494000000000009,0.0087391999999999991,-0.042908200000000001,-0.0047023999999999989,0.0011946000000000001,0.0031325999999999997,0.013825799999999997,-0.081470600000000004,0.0031745999999999996,-0.012705999999999999,0.0037969999999999983,0.0074683999999999992,0.0011661999999999998,0.0023362000000000001,0.018967000000000001,0.0056974,0.0012169999999999995,-0.0056509999999999998,0.0046105999999999994,0.0043390000000000008,0.00037780000000000018,0.0062571999999999992,-0.0027967999999999986,-0.017259399999999998,0.0038560000000000001,0.00063180000000000007,0.004545200000000001,-0.010706199999999999,-0.01179,0.014762000000000001,-0.0090116000000000016,-0.0074428000000000003,-0.020943400000000001,-0.013896200000000001,0.0063794000000000003,-0.010692399999999999,-0.0013747999999999998,0.0111386,-0.0102732,0.0022721999999999998,0.020079,0.0073259999999999992,0.016288,-0.0036873999999999987,0.012461199999999999,0.00042960000000000003,-0.0014268000000000002,-0.0057708000000000004,0.013852399999999999,-0.0026727999999999995,-0.0046794000000000002,-0.00016139999999999991,0.003068,0.00022900000000000004,-0.0047289999999999997,0.0064709999999999993,0.0150744,0.00092300000000000021,0.0042851999999999994,0.0072849999999999998,-0.012803999999999999,0.0033588000000000003,-0.0060874000000000006,0.0054998000000000009,-0.0034936000000000004,-0.0046042000000000001,0.008406799999999999,-0.0062204000000000001,0.0058580000000000004,-0.0078300000000000002,-0.0074218000000000001,0.0009760000000000003,0.0057664000000000005,-0.0045146000000000006,-0.0060488,-0.0098674000000000001,-0.0058975999999999994,-0.011214,-0.0065058000000000008,0.0192442,0.0054998000000000009,0.013973799999999998,-0.0020639999999999999,-0.0029123999999999999,0.00070960000000000001,-7.0599999999999995e-05,-0.0035424000000000002,0.0027812000000000002,0.0026698,-0.002703000000000001,0.0034771999999999997,0.00011739999999999971,0.0024200000000000003,0.00071400000000000001,0.0027406000000000002,0.0039733999999999993,0.0025628000000000001,-0.0058571999999999999,-0.0013755999999999996,-0.0033572000000000003,0.00069680000000000024,0.0010496000000000004,-0.0033763999999999999,0.0066577999999999993,-0.0021334000000000001,-0.00022099999999999941,-0.0026316,-0.0016249999999999997,-0.0085646000000000003,-0.0018001999999999998,-0.0055399999999999998,0.0042509999999999996,0.0021066000000000001,0.0042987999999999993,0.000998199999999999,-0.0075072000000000003,0.0086251999999999995,0.0050913999999999994,0.00064800000000000079,-0.0043094000000000006,0.0095890000000000003,-0.0079620000000000003,-0.00018059999999999929,-0.015215999999999999,0.0012222000000000001,0.0024136000000000001,-0.0037528000000000006,0.0096746000000000002,-0.0085123999999999998,0.0014515999999999999,-1.3999999999999256e-06,-0.0030924000000000004,-0.0070196000000000008,0.0009371999999999999,0.0033346000000000001,-0.0018997999999999997,-0.0017982,0.0012097999999999998,0.0010498000000000003,-0.00072099999999999985,0.0015263999999999998,-0.0030601999999999999,-0.00037679999999999989,-0.0023492000000000001,0.00056000000000000006,-0.0018792000000000001,0.00098299999999999993,-0.0034120000000000001,0.0011660000000000002,0.0016741999999999998,-0.0034903999999999998,-0.0009415999999999999,0.0056109999999999997,0.0092325999999999988,-0.0025179999999999994,0.00029940000000000023,0.0034918000000000006,0.00074159999999999992,0.0024274000000000001,0.005622600000000001,-0.00082960000000000011,3.8399999999999632e-05,-0.00074300000000000017,0.0033745999999999997,-0.0015402,-0.0068336000000000004,0.0041612000000000003,0.0050929999999999994,8.000000000000021e-05,-0.0038180000000000002,0.0025559999999999997,-0.0059182000000000002,0.0054398000000000007,0.0017458,0.0073162000000000001,-0.0103392,0.0046909999999999999,-0.0112736,-0.012781999999999998,-0.0065014000000000001,0.0022604000000000001,-0.00034539999999999994,-0.0022066,-0.0022569999999999995,-0.0018276,-0.00035840000000000004,0.0015928000000000001,-0.0023508000000000001,-0.00068659999999999999,-0.0028189999999999999,-0.0016672000000000004,0.0054542000000000002,-0.0023310000000000002,0.00044180000000000001,0.0029662,-0.00060519999999999997,-0.00018720000000000013,0.0046370000000000005,-0.0040271999999999999,0.00067020000000000003,0.00066700000000000006,-0.0017021999999999999,0.0012553999999999998,-0.0079623999999999997,5.1599999999999953e-05,0.0032995999999999998,-0.0047564,0.00053879999999999976,0.0030081999999999999,-0.0033467999999999996,0.0012192000000000001,-0.00014580000000000013,0.002578,0.00047940000000000005,0.00047460000000000015,0.0043866,0.0019094000000000001,-0.0022939999999999996,-0.0019119999999999996,0.0014058,-0.0042710000000000005,0.0045068,-0.0018012,0.00091919999999999979,-0.00032280000000000026,-0.0015667999999999999,-0.0012662000000000001,0.003663200000000001,-0.0013993999999999999,0.0036727999999999995,-0.002921,0.0049499999999999995,0.0050208000000000006,-0.0060727999999999989,0.0045409999999999999,-0.0119866,0.0028972000000000004,-9.0000000000001103e-06,-0.0010926,0.0014698000000000001,-8.1999999999999825e-05,0.0023487999999999998,0.00088719999999999945,0.0010710000000000001,0.0014147999999999999,-0.0010777999999999999,0.00071460000000000035,0.00093119999999999997,-0.002088,0.0018706,0.0010361999999999999,0.00050759999999999976,-0.0009054,0.00046860000000000001,-0.00027139999999999998,0.0014769999999999998,-0.00098780000000000005,-0.00080479999999999994,-0.00065640000000000002,-0.0013803999999999999,-0.00081239999999999991,-0.00066260000000000017,0.00012459999999999988,0.00092800000000000001,-0.001616,-0.0013052000000000001,0.00053279999999999994,-0.0015709999999999999,-0.00065200000000000002,-0.0023314,-0.0012346,-0.00043200000000000004,-0.0012706000000000002,-0.0030736000000000006,0.0046494000000000006,0.0014313999999999998,0.0017608000000000001,0.0036310000000000001,-0.0028903999999999996,0.0022788000000000001,-0.0025890000000000002,0.00055960000000000037,0.0010243999999999997,0.0025525999999999995,-0.0004658000000000001,0.0027676000000000003,-0.0012316000000000004,0.00084079999999999984,-0.0012271999999999995,-0.0014170000000000003,0.0065864000000000001,0.00031159999999999998,0.00076439999999999982,0.00045180000000000003,0.0011041999999999998,0.0013860000000000001,-0.0042131999999999994,0.00053179999999999981,0.0054002,-0.0048374000000000004,-0.00067239999999999997,0.0014606,-0.00057579999999999979,0.0012623999999999999,0.00045300000000000006,-0.0014662,0.00058879999999999978,0.0020181999999999999,-0.00066620000000000004,0.00081039999999999986,-0.0005801999999999999,0.00040620000000000001,-0.0010046,0.00037340000000000002,0.0020162000000000001,-0.0010717999999999999,-0.00017679999999999999,-0.0015919999999999999,0.00033020000000000011,-0.0014562000000000002,-0.00074599999999999981,0.0012023999999999997,0.00074660000000000004,-0.001916,-0.00079619999999999995,-0.0017911999999999997,-0.0022230000000000001,0.0016881999999999999,0.00076879999999999982,0.0004672000000000003,-0.00050679999999999996,-1.2999999999999937e-05,0.00078919999999999999,-0.0038329999999999992,0.00014560000000000002,0.0015258000000000003,0.003032,-0.00041060000000000001,0.0012174,-0.0024644000000000003,-0.0011816000000000001,-0.0008026000000000001,-1.3999999999999365e-05,0.0010732000000000001,-0.00080100000000000017,0.00093539999999999986,-0.00093080000000000007,0.00067560000000000016,-0.0025512,3.9400000000000036e-05,-0.0026249999999999997,0.0024676000000000003,0.0021443999999999999,-0.0018356000000000002,0.00085779999999999982,0.0014281999999999997,-0.00061339999999999984,0.0022796000000000001,0.0052624000000000004,0.0041205999999999994,0.0050504,-0.0042059999999999997,0.0031213999999999999,-0.0014363999999999998,-0.0081918000000000008,-0.00024459999999999977,-0.0061937999999999993,0.0031195999999999997,0.0045744000000000002,0.00028079999999999999,0.00073279999999999981,-0.0012358,-0.0014534000000000001,1.7399999999999935e-05,-0.00081220000000000012,0.00015099999999999998,0.00035319999999999997,-0.00029079999999999991,-0.0012244000000000001,0.00040579999999999994,0.0020801999999999999,-0.0023928,-0.00046960000000000003,-0.00066339999999999997,-0.00020919999999999988,-0.00024399999999999999,0.00047880000000000004,0.00029099999999999975,-0.0010760000000000001,0.00066900000000000011,0.00040499999999999992,-0.00052360000000000004,0.0017962,0.0020460000000000001,-0.0021004000000000001,0.00077959999999999987,0.0006602,-0.00032899999999999997,-0.0013523999999999999,0.00017959999999999997,0.0023744,-0.0013643999999999998,0.00096180000000000007,0.00052360000000000004,-0.0022334,-0.0028155999999999997,-0.00058980000000000002,1.5399999999999941e-05,0.00030360000000000012,0.00020999999999999995,-0.00036700000000000003,0.0019333999999999998,-0.0010303999999999999,-0.0016593999999999997,-9.1799999999999955e-05,-0.0017965999999999998,0.0020508000000000002,0.0012296,-0.0010187999999999998,-0.00012500000000000003,0.00183,-0.0013252000000000001,-4.1199999999999917e-05,-0.0020923999999999999,-0.00037260000000000006,0.004359,0.00039579999999999997,-0.0020388000000000003,-0.0010139999999999999,-0.0010754,0.0025709999999999999,-0.0021722,-0.00076860000000000036,0.0022937999999999999,-0.00034979999999999994,-0.0018400000000000001,-0.00080199999999999987,-0.0012499999999999998,0.0046858000000000004,-0.0010104000000000003,0.0023925999999999999,-0.0011325999999999999,0.0021534000000000011,0.0026176000000000003
aug_between_class_right_pair0057_child06,TLE,1,1,Augmented,0,0,0,0,0,0.27676870000000003,2.0300201000000002,1.6999999999999998e-06,-2.9999999999999993e-07,9.9999999999999995e-07,0.90243300000000004,0,0.056523400000000001,-0.1213384,0.018645299999999997,0.1162926,-0.099781800000000004,0.073790800000000004,-0.0036296000000000002,-0.00097640000000000053,-0.012127500000000003,-0.1456626,0.31623630000000003,-0.075500700000000004,0.022021599999999999,0.088094900000000004,0.025222300000000003,-0.016549299999999999,-0.00052890000000000012,-0.045260700000000001,0.0213081,0.035834099999999994,-0.029661599999999996,0.0099760999999999999,-0.079607999999999998,0.0048231000000000003,0.047308799999999998,-0.0253478,0.0019015000000000004,0.010871499999999999,-0.0352518,0.045768900000000001,-0.0352641,-0.065451700000000002,0.07474030000000001,-0.060007699999999997,0.19386239999999999,-0.050310500000000001,0.0092516999999999999,-0.008070299999999999,-0.0109906,-0.0097261999999999991,-0.0046646000000000005,0.041652700000000001,-0.0013537000000000002,-0.011470899999999999,-0.010030599999999999,-0.028190199999999999,0.021108000000000002,0.031341800000000003,0.0180704,0.0110656,-0.026154499999999997,-0.0042018000000000012,0.010374399999999999,-0.042100900000000004,-0.0060812999999999996,0.0023582,0.0041031999999999996,0.015343099999999998,-0.0805067,0.0014806999999999997,-0.011934499999999997,0.0027044999999999986,0.010380799999999999,0.0013353999999999998,0.0021929000000000002,0.019109000000000001,0.0062807999999999996,0.00028299999999999983,-0.0050750000000000005,0.0044586999999999995,0.004333,0.00025460000000000023,0.0067538999999999993,-0.0032425999999999983,-0.017710799999999999,0.0038579999999999999,-0.00034890000000000008,0.003825900000000001,-0.0110419,-0.011026000000000001,0.01387,-0.0080727000000000021,-0.007174100000000001,-0.021450799999999999,-0.015714400000000003,0.0061783000000000003,-0.0100588,-0.00075310000000000004,0.010374700000000001,-0.0099419,0.0014599000000000001,0.020553499999999999,0.0085199999999999998,0.016257000000000001,-0.0036347999999999997,0.013708899999999998,0.00049869999999999992,-0.0014546000000000001,-0.0055346000000000006,0.0136753,-0.0023471,-0.0048513000000000002,-0.00023129999999999993,0.0030325,-0.00025699999999999985,-0.0055055,0.0067134999999999998,0.014814299999999999,0.001225,0.0051254000000000004,0.0074614999999999994,-0.013107499999999999,0.0025891000000000004,-0.0070418000000000008,0.0049766000000000003,-0.0038167000000000001,-0.0038794000000000003,0.0100156,-0.0065317999999999999,0.0044984999999999999,-0.007111000000000001,-0.0078696000000000009,0.0012230000000000001,0.0067892999999999998,-0.0047257000000000002,-0.0057186000000000008,-0.0089018000000000014,-0.0067816999999999999,-0.0115625,-0.0080590999999999996,0.020278399999999999,0.0075946,0.014102600000000002,-0.00064100000000000008,-0.0032087999999999999,0.00078720000000000016,-3.4700000000000017e-05,-0.0035203000000000001,0.0029014000000000002,0.0025056000000000002,-0.0015510000000000005,0.0036914000000000001,5.4299999999999748e-05,0.002454,0.00081250000000000007,0.0029207,0.0043797999999999997,0.0023411,-0.0055653999999999999,-0.0020751999999999993,-0.0040794000000000004,0.0015066000000000001,0.001184199999999999,-0.0026188000000000001,0.0071575999999999992,-0.0028728000000000004,-0.00070299999999999931,-0.0029056999999999998,-0.0020829999999999998,-0.0087197000000000004,-0.0019673999999999998,-0.0038665000000000019,0.0051919999999999987,0.0015492000000000006,0.0036970999999999992,0.00020090000000000038,-0.0075884000000000004,0.0090983999999999995,0.0053407999999999997,-0.0010409999999999992,-0.0038368000000000005,0.0094015000000000001,-0.0074910000000000011,-0.0016866999999999991,-0.014471999999999999,0.0012233999999999999,0.0028571999999999998,-0.0050020999999999998,0.0085942000000000015,-0.0092578000000000001,0.0015821999999999998,-0.00013729999999999992,-0.0027998000000000003,-0.0072202000000000013,0.00074890000000000004,0.0039921999999999996,-0.0022255999999999995,-0.0019353999999999999,0.0013110999999999999,0.00087610000000000032,-2.5000000000003318e-06,0.0014383,-0.0033228999999999997,-0.00071009999999999975,-0.0027848999999999999,0.00063199999999999997,-0.0018623999999999999,-5.4999999999997542e-06,-0.0033899999999999998,0.00079900000000000023,0.0012903999999999999,-0.0029678,-0.0007197000000000002,0.0055805000000000004,0.0095391999999999994,-0.0030264999999999997,-3.8699999999999802e-05,0.0031401000000000007,0.00047970000000000011,0.0031527999999999994,0.0051082000000000002,-0.00049970000000000017,-2.0699999999999798e-05,-0.00076600000000000019,0.0029372000000000001,-0.0016294,-0.0076436999999999998,0.0041999000000000003,0.005025,0.00020499999999999989,-0.0041395,0.0026829999999999996,-0.0059088999999999999,0.0058855999999999995,0.0024415999999999999,0.0075123999999999998,-0.010077900000000001,0.0041735000000000001,-0.0109622,-0.013558499999999998,-0.0063498000000000001,0.0023408000000000001,-0.00036879999999999997,-0.0021641999999999998,-0.0025819999999999997,-0.0018411999999999999,-0.00026630000000000008,0.0014861000000000002,-0.0023016000000000004,-0.00067319999999999999,-0.003248,-0.0019124000000000001,0.0055158999999999998,-0.0025570000000000002,0.00042559999999999999,0.0029993999999999997,-0.00063940000000000004,-5.4400000000000157e-05,0.0041220000000000007,-0.0037239,0.00065090000000000005,0.00060499999999999996,-0.0019779000000000003,0.0012163,-0.0083818,0.00018920000000000005,0.0031876999999999999,-0.0044153000000000005,0.0012255999999999999,0.0030683999999999998,-0.0036265999999999998,0.00077790000000000021,-0.00047659999999999998,0.0022100000000000002,0.00085179999999999935,0.00048420000000000017,0.0051266999999999997,0.0019177999999999999,-0.0024944999999999998,-0.0027554999999999993,0.00090260000000000015,-0.0043290000000000004,0.0047066,-0.0015459,0.0014793999999999996,-0.00048510000000000003,-0.0026795999999999999,-0.0010199,0.0036549,-0.0016703,0.0042045999999999993,-0.0025245000000000003,0.0052139999999999999,0.0040331000000000013,-0.0064940999999999992,0.0044964999999999996,-0.0123727,0.0020349000000000009,0.00023599999999999977,-0.0012421999999999999,0.0014631000000000002,-0.0002834999999999999,0.0025260999999999999,0.0014313999999999996,0.0009810000000000001,0.0014701,-0.0010421,0.00027720000000000034,0.00092840000000000002,-0.0018915,0.0019832000000000001,0.0013078999999999999,0.00029520000000000007,-0.0009613,0.00044169999999999995,-0.0005193000000000001,0.0016975,-0.00088260000000000009,-0.00077709999999999997,-0.00033780000000000019,-0.0013028,-0.00094779999999999984,-0.00050070000000000019,0.00020770000000000001,0.00099199999999999983,-0.0015409999999999998,-0.0012784000000000001,0.00096610000000000012,-0.0016004999999999999,-0.00082100000000000001,-0.0021393000000000002,-0.0013327,-0.00021500000000000008,-0.0014302000000000002,-0.0029812000000000007,0.0044513,0.0016302999999999999,0.0015805999999999995,0.0035430000000000001,-0.0029117999999999995,0.0024136000000000001,-0.0026235,0.00011420000000000007,0.00063929999999999998,0.0024651999999999999,-0.00068510000000000001,0.0028766999999999994,-0.00079570000000000031,0.00037260000000000017,-0.0018163999999999988,-0.0010795000000000002,0.0064138000000000008,0.00055520000000000005,0.0012277999999999998,0.00054259999999999985,0.0013408999999999999,0.00066849999999999982,-0.0042928999999999997,0.00053009999999999993,0.0048993999999999999,-0.0046803000000000001,-0.00074580000000000002,0.0015971999999999998,-0.00059959999999999983,0.0012893,0.00065399999999999996,-0.0013624000000000002,0.00067509999999999988,0.0021193999999999996,-0.00048940000000000019,0.00070279999999999995,-0.00047240000000000004,0.00030040000000000004,-0.0011267,0.00024130000000000009,0.0021634000000000002,-0.00088460000000000003,-0.00011110000000000004,-0.0017044999999999999,0.0002193999999999998,-0.0014059000000000001,-0.0010119999999999999,0.0015532999999999996,0.00067820000000000001,-0.0019109999999999999,-0.00076040000000000005,-0.0017533999999999998,-0.0022834999999999999,0.0018484,0.0010850999999999999,0.00020840000000000008,-0.00051059999999999994,-0.00015199999999999987,0.00078140000000000002,-0.0040645000000000004,-7.2999999999999606e-06,0.0017131,0.0032764999999999995,-0.00031720000000000001,0.0011288000000000001,-0.0025953,-0.0011762000000000001,-0.00055570000000000001,-0.00068899999999999929,0.0009544,-0.00061100000000000021,0.0012563000000000001,-0.00099760000000000018,0.00042420000000000012,-0.0027769000000000005,4.8000000000000625e-06,-0.0029775000000000001,0.0024637000000000001,0.0022272999999999998,-0.0017922000000000003,0.00066609999999999998,0.0016598999999999997,-0.00094829999999999979,0.0026106999999999997,0.0055628000000000014,0.0041647000000000003,0.0053153000000000002,-0.004472499999999999,0.0028577999999999998,-0.0018917999999999997,-0.0080846000000000008,-0.00064619999999999955,-0.0061726000000000003,0.0037196999999999994,0.0050302999999999997,0.00027460000000000001,0.00086359999999999996,-0.0013591,-0.0013978000000000003,0.00011579999999999991,-0.00057590000000000017,0.00014999999999999999,0.0002139,1.3900000000000067e-05,-0.0012618,0.00042109999999999994,0.0023749000000000001,-0.0025885999999999999,-0.0004237,-0.00058779999999999998,-0.00037189999999999977,-0.00038749999999999999,0.00037610000000000003,0.00058899999999999968,-0.001196,0.00044700000000000008,0.00054649999999999989,-0.00049720000000000005,0.0019408999999999997,0.0021105,-0.0020353000000000003,0.00056670000000000006,0.00052740000000000003,-0.00039100000000000002,-0.0013638000000000001,-0.00026829999999999991,0.0023438000000000001,-0.0013102999999999999,0.0012241000000000001,0.00058569999999999998,-0.0024592999999999998,-0.0029077,-0.00061410000000000002,9.3799999999999895e-05,0.00027020000000000006,0.00015949999999999997,-0.00021800000000000007,0.0022813,-0.00091179999999999994,-0.0016963,1.890000000000008e-05,-0.0019801999999999997,0.0024300999999999997,0.00080470000000000021,-0.0012740999999999998,-0.00060149999999999982,0.0017360000000000001,-0.0011974000000000002,-0.00036039999999999987,-0.0021928,-0.00022170000000000013,0.0041035000000000004,0.00036660000000000013,-0.0017136000000000002,-0.0014664999999999999,-0.0010038,0.0026119999999999997,-0.0018679000000000002,-0.00047670000000000004,0.0023325999999999998,-0.00050609999999999989,-0.0023434999999999992,-0.0014109999999999999,-0.0010665,0.0039386000000000004,-0.00081330000000000009,0.0027496999999999999,-0.00057570000000000006,0.0028083000000000001,0.0025532000000000003
aug_between_class_right_pair0057_child07,TLE,1,1,Augmented,0,0,0,0,0,0.27211279999999999,2.0248523999999999,1.8000000000000001e-06,-1.9999999999999999e-07,9.9999999999999995e-07,0.88771,0,0.057391600000000001,-0.1202776,0.018504199999999998,0.11865440000000001,-0.1005322,0.072019199999999992,-0.0030283999999999997,-0.0011086000000000004,-0.0093160000000000014,-0.14979439999999999,0.3130812,-0.074437799999999998,0.022216400000000001,0.088259599999999994,0.021204199999999996,-0.017223200000000001,-0.00046460000000000034,-0.043704799999999995,0.0213384,0.038759399999999999,-0.030019399999999998,0.0105364,-0.077959000000000001,0.0035193999999999989,0.048065200000000002,-0.0247502,0.00066300000000000039,0.01022,-0.034195200000000002,0.046592599999999998,-0.035466400000000002,-0.071698800000000007,0.074107200000000012,-0.061720799999999999,0.1927306,-0.047767000000000004,0.0097327999999999998,-0.0092082000000000015,-0.011651399999999999,-0.0098627999999999997,-0.0051994000000000007,0.041821799999999999,-0.0005407999999999997,-0.011720600000000001,-0.0105474,-0.029963799999999999,0.022101000000000003,0.033023200000000003,0.018707600000000001,0.011165399999999999,-0.028483000000000001,-0.0054542000000000011,0.0120096,-0.0412936,-0.0074602000000000002,0.0035218000000000011,0.0050738000000000016,0.016860399999999998,-0.079542799999999997,-0.00021320000000000193,-0.011162999999999999,0.0016119999999999989,0.013293200000000002,0.0015046000000000003,0.0020495999999999999,0.019251000000000001,0.0068642,-0.00065100000000000097,-0.0044990000000000004,0.0043067999999999995,0.0043270000000000001,0.00013140000000000027,0.0072506000000000003,-0.0036883999999999997,-0.0181622,0.0038599999999999997,-0.0013296000000000002,0.0031065999999999997,-0.011377600000000002,-0.010262,0.012978,-0.0071337999999999992,-0.0069053999999999999,-0.021958200000000001,-0.017532600000000002,0.0059772000000000002,-0.0094251999999999999,-0.00013140000000000027,0.0096107999999999992,-0.0096106000000000004,0.00064759999999999948,0.021027999999999998,0.0097140000000000004,0.016226000000000001,-0.0035821999999999998,0.014956599999999999,0.00056780000000000003,-0.0014824,-0.0052984,0.0134982,-0.0020213999999999996,-0.0050232000000000002,-0.00030119999999999995,0.0029970000000000001,-0.00074300000000000017,-0.0062820000000000003,0.0069560000000000004,0.0145542,0.0015270000000000001,0.0059655999999999997,0.0076379999999999998,-0.013410999999999999,0.0018193999999999994,-0.0079962000000000019,0.0044534000000000006,-0.0041398000000000008,-0.0031545999999999996,0.0116244,-0.0068432000000000007,0.0031389999999999994,-0.0063920000000000001,-0.0083174000000000026,0.00147,0.0078122000000000018,-0.0049367999999999999,-0.0053884000000000007,-0.0079362000000000009,-0.0076658000000000004,-0.011911,-0.0096124000000000001,0.021312599999999998,0.0096894000000000025,0.0142314,0.00078200000000000123,-0.0035052,0.0008648000000000001,1.2000000000000088e-06,-0.0034981999999999999,0.0030216000000000002,0.0023413999999999996,-0.00039900000000000005,0.0039056000000000004,-8.8000000000006476e-06,0.0024880000000000002,0.00091100000000000013,0.0031007999999999999,0.0047862,0.0021194,-0.0052735999999999998,-0.0027748,-0.0048016000000000005,0.0023164000000000006,0.0013187999999999993,-0.0018611999999999997,0.0076574,-0.0036122000000000016,-0.0011849999999999999,-0.0031798,-0.0025410000000000003,-0.0088748000000000004,-0.0021346,-0.0021929999999999988,0.0061329999999999996,0.00099179999999999993,0.003095399999999999,-0.00059640000000000127,-0.0076696000000000004,0.0095715999999999996,0.0055902,-0.0027300000000000007,-0.0033642000000000003,0.009214,-0.0070200000000000002,-0.0031928,-0.013727999999999999,0.0012246000000000002,0.0033008000000000004,-0.0062514000000000016,0.0075137999999999993,-0.010003200000000002,0.0017128000000000004,-0.00027320000000000014,-0.0025071999999999998,-0.0074208000000000017,0.00056059999999999975,0.0046497999999999999,-0.0025514000000000005,-0.0020726,0.0014123999999999999,0.00070239999999999994,0.00071600000000000027,0.0013501999999999998,-0.0035856000000000004,-0.0010433999999999997,-0.0032206000000000001,0.00070400000000000009,-0.0018456,-0.00099400000000000074,-0.0033679999999999995,0.00043199999999999966,0.00090659999999999959,-0.0024451999999999998,-0.00049780000000000007,0.0055499999999999994,0.0098457999999999983,-0.0035349999999999999,-0.00037680000000000027,0.0027883999999999999,0.00021779999999999987,0.0038782000000000005,0.0045938000000000003,-0.0001697999999999999,-7.9800000000000097e-05,-0.00078899999999999999,0.0024997999999999991,-0.0017186,-0.0084538000000000009,0.0042386000000000004,0.0049569999999999996,0.00033,-0.0044609999999999997,0.00281,-0.0058995999999999996,0.0063314,0.0031374000000000003,0.0077085999999999995,-0.0098166,0.003656,-0.0106508,-0.014335000000000001,-0.0061982000000000001,0.0024212000000000001,-0.00039219999999999999,-0.0021218000000000001,-0.0029069999999999999,-0.0018548,-0.00017419999999999995,0.0013793999999999998,-0.0022523999999999999,-0.00065979999999999999,-0.0036770000000000006,-0.0021576000000000004,0.0055776000000000003,-0.0027830000000000003,0.00040939999999999998,0.0030326000000000003,-0.00067360000000000011,7.8400000000000008e-05,0.0036069999999999995,-0.0034206000000000002,0.00063159999999999996,0.00054299999999999997,-0.0022535999999999997,0.0011771999999999998,-0.0088011999999999986,0.00032680000000000003,0.0030758000000000001,-0.0040742,0.0019124000000000007,0.0031286,-0.0039064,0.0003365999999999994,-0.00080740000000000033,0.0018419999999999999,0.0012242000000000004,0.00049380000000000018,0.0058668000000000001,0.0019262000000000001,-0.0026950000000000003,-0.0035989999999999989,0.00039939999999999963,-0.0043870000000000003,0.0049064,-0.0012905999999999998,0.0020395999999999999,-0.00064740000000000023,-0.0037924000000000005,-0.00077359999999999994,0.0036466000000000007,-0.0019412000000000001,0.0047364,-0.0021279999999999997,0.0054780000000000002,0.0030453999999999993,-0.0069154000000000004,0.0044519999999999994,-0.012758800000000001,0.0011725999999999998,0.00048100000000000009,-0.0013918000000000001,0.0014564000000000001,-0.00048500000000000019,0.0027033999999999999,0.0019756000000000001,0.00089100000000000008,0.0015254000000000001,-0.0010064,-0.00016019999999999999,0.00092560000000000006,-0.0016949999999999999,0.0020958000000000001,0.0015796000000000002,8.279999999999979e-05,-0.0010172,0.0004148,-0.00076720000000000022,0.0019180000000000002,-0.00077739999999999992,-0.00074939999999999989,-1.9199999999999816e-05,-0.0012251999999999999,-0.0010832000000000001,-0.00033879999999999978,0.00029080000000000002,0.0010560000000000001,-0.0014659999999999999,-0.0012516000000000001,0.0013993999999999999,-0.0016299999999999999,-0.00098999999999999999,-0.0019471999999999998,-0.0014308000000000001,2.0000000000001028e-06,-0.0015898000000000004,-0.0028888,0.0042532000000000004,0.0018291999999999996,0.0014003999999999998,0.0034549999999999997,-0.0029332,0.0025484000000000001,-0.0026579999999999998,-0.00033120000000000068,0.00025419999999999978,0.0023777999999999994,-0.00090440000000000019,0.0029858000000000003,-0.00035979999999999996,-9.5600000000000372e-05,-0.0024055999999999991,-0.00074199999999999993,0.0062412000000000006,0.00079880000000000055,0.0016912000000000003,0.00063340000000000011,0.0015776,-4.8999999999999565e-05,-0.0043725999999999999,0.00052840000000000005,0.0043985999999999999,-0.0045231999999999998,-0.00081919999999999996,0.0017338,-0.00062340000000000008,0.0013162,0.00085500000000000018,-0.0012586000000000001,0.00076139999999999975,0.0022205999999999997,-0.00031259999999999995,0.00059519999999999994,-0.00036459999999999992,0.00019459999999999996,-0.0012488,0.00010919999999999997,0.0023106000000000003,-0.00069739999999999993,-4.5399999999999965e-05,-0.001817,0.00010859999999999971,-0.0013556,-0.0012780000000000003,0.0019042,0.00060980000000000008,-0.0019059999999999999,-0.00072459999999999994,-0.0017155999999999999,-0.0023440000000000002,0.0020086000000000001,0.0014013999999999999,-5.0399999999999924e-05,-0.00051440000000000004,-0.00029100000000000003,0.00077360000000000005,-0.0042960000000000003,-0.0001602000000000001,0.0019004,0.0035209999999999998,-0.00022380000000000002,0.0010402000000000002,-0.0027262000000000002,-0.0011708000000000001,-0.0003087999999999997,-0.0013639999999999998,0.00083559999999999993,-0.00042099999999999993,0.0015772000000000004,-0.0010643999999999999,0.00017279999999999986,-0.0030026000000000002,-2.9799999999999965e-05,-0.0033300000000000005,0.0024598000000000003,0.0023102000000000001,-0.0017488,0.00047439999999999988,0.0018916000000000002,-0.0012832,0.0029418000000000001,0.0058632000000000007,0.0042087999999999995,0.0055802000000000004,-0.0047390000000000002,0.0025941999999999996,-0.0023471999999999998,-0.0079773999999999991,-0.0010478000000000002,-0.0061513999999999978,0.0043198000000000004,0.0054862000000000001,0.00026839999999999996,0.00099439999999999988,-0.0014824,-0.0013422,0.00021420000000000003,-0.00033959999999999985,0.00014899999999999999,7.4599999999999916e-05,0.00031860000000000026,-0.0012991999999999999,0.00043639999999999993,0.0026696000000000003,-0.0027844000000000002,-0.00037779999999999997,-0.00051219999999999998,-0.00053459999999999988,-0.00053100000000000011,0.00027339999999999992,0.0008870000000000002,-0.0013160000000000001,0.00022499999999999989,0.00068800000000000003,-0.00047080000000000001,0.0020856,0.0021749999999999999,-0.0019702000000000001,0.00035379999999999993,0.00039459999999999989,-0.00045300000000000006,-0.0013752,-0.00071620000000000039,0.0023131999999999996,-0.0012562000000000001,0.0014864000000000004,0.00064780000000000003,-0.0026852,-0.0029997999999999995,-0.00063840000000000001,0.00017219999999999996,0.0002367999999999999,0.00010899999999999994,-6.8999999999999942e-05,0.0026291999999999999,-0.00079319999999999976,-0.0017331999999999998,0.00012960000000000011,-0.0021638,0.0028094000000000005,0.00037979999999999969,-0.0015294000000000002,-0.0010780000000000004,0.001642,-0.0010696,-0.00067960000000000026,-0.0022932,-7.0799999999999986e-05,0.0038479999999999999,0.00033739999999999985,-0.0013883999999999999,-0.0019190000000000006,-0.0009322,0.002653,-0.0015635999999999998,-0.00018479999999999972,0.0023713999999999996,-0.00066240000000000005,-0.0028469999999999997,-0.0020199999999999997,-0.00088299999999999989,0.0031913999999999996,-0.00061619999999999991,0.0031068000000000003,-1.879999999999959e-05,0.0034632000000000009,0.0024888000000000002
aug_between_class_right_pair0057_child08,TLE,1,1,Augmented,0,0,0,0,0,0.2674569,2.0196847,1.9e-06,-9.9999999999999995e-08,9.9999999999999995e-07,0.87298700000000007,0,0.0582598,-0.1192168,0.0183631,0.1210162,-0.1012826,0.070247599999999993,-0.0024271999999999996,-0.0012408000000000002,-0.0065044999999999999,-0.15392620000000001,0.30992610000000004,-0.073374900000000007,0.022411200000000003,0.088424299999999997,0.017186099999999999,-0.017897099999999999,-0.00040030000000000057,-0.042148899999999996,0.021368700000000001,0.041684699999999998,-0.0303772,0.011096700000000001,-0.076310000000000003,0.0022156999999999975,0.0488216,-0.0241526,-0.00057549999999999962,0.0095685000000000006,-0.033138599999999997,0.047416299999999995,-0.035668699999999998,-0.077945900000000012,0.073474100000000014,-0.063433900000000001,0.19159879999999999,-0.0452235,0.0102139,-0.0103461,-0.012312200000000001,-0.0099993999999999986,-0.0057342000000000001,0.041990900000000005,0.00027210000000000038,-0.0119703,-0.0110642,-0.031737399999999999,0.023094000000000003,0.034704600000000002,0.019344799999999999,0.0112652,-0.030811499999999999,-0.0067066000000000018,0.0136448,-0.040486299999999996,-0.008839099999999999,0.004685400000000001,0.0060444000000000001,0.0183777,-0.078578900000000007,-0.001907100000000001,-0.010391500000000001,0.00051949999999999566,0.016205600000000001,0.0016738000000000002,0.0019062999999999999,0.019393000000000001,0.0074476000000000004,-0.0015850000000000009,-0.0039230000000000003,0.0041548999999999996,0.0043210000000000002,8.2000000000003077e-06,0.0077473000000000004,-0.0041341999999999976,-0.018613599999999998,0.003862,-0.0023103000000000012,0.0023872999999999998,-0.011713299999999999,-0.0094979999999999995,0.012086,-0.0061948999999999997,-0.0066367000000000006,-0.022465599999999999,-0.019350800000000001,0.0057761000000000002,-0.0087916000000000001,0.0004903000000000008,0.0088468999999999996,-0.009279299999999999,-0.0001647000000000007,0.021502500000000001,0.010907999999999999,0.016195000000000001,-0.0035295999999999991,0.016204299999999998,0.00063690000000000003,-0.0015102000000000002,-0.0050622000000000002,0.013321099999999999,-0.0016956999999999996,-0.0051951000000000011,-0.00037109999999999997,0.0029615000000000002,-0.0012290000000000001,-0.0070585000000000005,0.0071985,0.014294100000000001,0.0018290000000000001,0.0068058000000000007,0.0078145000000000003,-0.013714499999999999,0.0010496999999999998,-0.0089506000000000013,0.0039302,-0.0044629000000000005,-0.0024297999999999993,0.013233200000000001,-0.0071546000000000005,0.0017794999999999998,-0.0056730000000000001,-0.0087652000000000008,0.0017170000000000006,0.0088351000000000002,-0.0051479000000000004,-0.0050582000000000014,-0.0069706000000000004,-0.0085499000000000009,-0.0122595,-0.011165700000000001,0.022346800000000003,0.0117842,0.0143602,0.0022050000000000004,-0.0038016000000000005,0.00094240000000000003,3.7100000000000001e-05,-0.0034761000000000002,0.0031418000000000001,0.0021771999999999998,0.0007530000000000002,0.0041197999999999999,-7.1900000000000609e-05,0.0025219999999999999,0.0010095,0.0032809000000000007,0.0051926000000000003,0.0018977,-0.0049817999999999998,-0.0034743999999999999,-0.0055238000000000006,0.0031262000000000009,0.0014533999999999997,-0.0011035999999999999,0.0081571999999999999,-0.0043516000000000006,-0.0016669999999999994,-0.0034539000000000002,-0.0029989999999999999,-0.0090299000000000004,-0.0023018000000000001,-0.00051949999999999913,0.0070740000000000004,0.00043440000000000015,0.0024936999999999989,-0.0013937000000000003,-0.0077508000000000004,0.0100448,0.0058396000000000003,-0.0044190000000000011,-0.0028916000000000002,0.0090264999999999998,-0.0065490000000000001,-0.0046989000000000006,-0.012983999999999999,0.0012258,0.0037444000000000002,-0.0075007000000000016,0.0064333999999999997,-0.010748600000000001,0.0018434000000000002,-0.00040910000000000013,-0.0022146000000000002,-0.0076214000000000004,0.0003723,0.0053074000000000003,-0.0028771999999999999,-0.0022098,0.0015136999999999998,0.00052870000000000022,0.0014345000000000002,0.0012620999999999999,-0.0038483000000000002,-0.0013766999999999998,-0.0036563000000000003,0.00077600000000000011,-0.0018287999999999998,-0.0019825000000000003,-0.003346,6.4999999999999954e-05,0.00052279999999999991,-0.0019225999999999998,-0.0002758999999999995,0.0055195000000000001,0.010152400000000001,-0.0040434999999999994,-0.00071489999999999987,0.0024367,-4.410000000000015e-05,0.0046036000000000002,0.0040794000000000004,0.00016009999999999961,-0.00013890000000000018,-0.000812,0.0020623999999999998,-0.0018078,-0.009263900000000002,0.0042773000000000004,0.0048889999999999992,0.00045500000000000011,-0.0047824999999999994,0.0029369999999999995,-0.0058903000000000011,0.0067771999999999997,0.0038332000000000001,0.0079048,-0.0095552999999999992,0.0031384999999999998,-0.0103394,-0.015111499999999998,-0.0060466000000000001,0.0025016000000000001,-0.00041560000000000002,-0.0020793999999999999,-0.0032319999999999996,-0.0018684000000000001,-8.2100000000000017e-05,0.0012726999999999999,-0.0022032000000000002,-0.00064639999999999999,-0.0041060000000000003,-0.0024028000000000005,0.0056392999999999999,-0.0030090000000000004,0.00039320000000000002,0.0030657999999999992,-0.00070779999999999997,0.00021119999999999998,0.0030919999999999997,-0.0031172999999999999,0.00061229999999999998,0.00048099999999999998,-0.0025293,0.0011381,-0.0092205999999999989,0.00046440000000000001,0.0029639000000000002,-0.0037331,0.0025992000000000003,0.0031888000000000003,-0.0041861999999999993,-0.00010470000000000011,-0.0011382000000000002,0.0014739999999999998,0.0015965999999999997,0.00050339999999999998,0.0066069000000000006,0.0019346000000000001,-0.0028955000000000001,-0.0044425000000000003,-0.00010380000000000003,-0.0044450000000000002,0.0051062,-0.0010352999999999998,0.0025998000000000002,-0.00080970000000000044,-0.0049052000000000011,-0.00052730000000000029,0.0036383000000000006,-0.0022120999999999998,0.0052681999999999998,-0.0017314999999999997,0.0057420000000000006,0.0020577,-0.0073366999999999981,0.0044075,-0.013144899999999999,0.00031030000000000012,0.00072599999999999987,-0.0015414000000000001,0.0014497000000000002,-0.00068650000000000048,0.0028806999999999999,0.0025197999999999991,0.00080100000000000006,0.0015807,-0.0009706999999999999,-0.00059760000000000011,0.00092279999999999999,-0.0014984999999999998,0.0022084000000000001,0.0018513,-0.00012960000000000011,-0.0010731,0.00038789999999999994,-0.0010151000000000003,0.0021385000000000002,-0.00067219999999999997,-0.00072169999999999992,0.00029940000000000007,-0.0011475999999999999,-0.0012186,-0.00017690000000000002,0.00037389999999999998,0.0011199999999999999,-0.0013909999999999999,-0.0012248000000000001,0.0018327,-0.0016595,-0.0011590000000000001,-0.0017550999999999999,-0.0015288999999999999,0.00021900000000000006,-0.0017494000000000003,-0.0027964000000000001,0.0040551000000000007,0.0020280999999999997,0.0012201999999999996,0.0033669999999999998,-0.0029545999999999999,0.0026832000000000002,-0.0026925,-0.00077659999999999925,-0.0001309000000000002,0.0022903999999999997,-0.0011237,0.0030949000000000003,7.6099999999999952e-05,-0.00056380000000000015,-0.0029947999999999997,-0.00040450000000000002,0.0060686000000000004,0.0010424000000000002,0.0021546000000000004,0.00072419999999999993,0.0018142999999999998,-0.00076649999999999982,-0.0044523000000000002,0.00052670000000000017,0.0038977999999999999,-0.0043660999999999995,-0.0008925999999999999,0.0018704000000000001,-0.0006471999999999999,0.0013430999999999998,0.0010560000000000005,-0.0011548000000000001,0.00084769999999999984,0.0023218000000000002,-0.00013579999999999997,0.00048759999999999998,-0.00025680000000000001,8.8800000000000098e-05,-0.0013709000000000002,-2.2900000000000015e-05,0.0024578000000000004,-0.00051019999999999972,2.0300000000000006e-05,-0.0019295,-2.2000000000001619e-06,-0.0013053000000000001,-0.0015440000000000002,0.0022550999999999999,0.00054140000000000004,-0.0019009999999999999,-0.00068880000000000005,-0.0016778000000000001,-0.0024045,0.0021688000000000002,0.0017176999999999997,-0.00030919999999999971,-0.00051820000000000002,-0.00042999999999999999,0.00076579999999999997,-0.0045275000000000003,-0.00031309999999999997,0.0020877000000000001,0.0037654999999999998,-0.00013039999999999992,0.00095160000000000015,-0.0028571000000000004,-0.0011654,-6.1899999999999933e-05,-0.0020389999999999996,0.00071679999999999997,-0.00023100000000000009,0.0018980999999999998,-0.0011312000000000002,-7.8600000000000067e-05,-0.0032283000000000008,-6.4399999999999939e-05,-0.0036825,0.0024559,0.0023931,-0.0017054000000000001,0.00028269999999999988,0.0021232999999999998,-0.0016180999999999999,0.0032729,0.0061636,0.0042528999999999996,0.0058451000000000006,-0.0050054999999999995,0.0023305999999999995,-0.0028026000000000001,-0.0078702000000000008,-0.0014493999999999996,-0.0061301999999999988,0.0049198999999999996,0.0059421000000000005,0.00026219999999999998,0.0011251999999999998,-0.0016057000000000001,-0.0012866000000000002,0.00031260000000000001,-0.00010329999999999991,0.00014799999999999999,-6.4700000000000055e-05,0.00062330000000000013,-0.0013365999999999999,0.00045170000000000003,0.0029643,-0.0029802000000000001,-0.00033189999999999999,-0.00043660000000000004,-0.00069729999999999987,-0.00067450000000000008,0.00017069999999999998,0.0011849999999999999,-0.0014360000000000002,2.9999999999999103e-06,0.00082950000000000016,-0.00044440000000000001,0.0022303000000000002,0.0022395000000000002,-0.0019050999999999998,0.0001408999999999999,0.00026179999999999997,-0.00051500000000000005,-0.0013866,-0.0011641000000000002,0.0022825999999999996,-0.0012020999999999998,0.0017487000000000006,0.00070989999999999996,-0.0029110999999999998,-0.0030918999999999999,-0.00066270000000000001,0.00025060000000000002,0.00020339999999999996,5.8499999999999958e-05,8.0000000000000047e-05,0.0029771000000000003,-0.00067460000000000003,-0.0017701000000000001,0.00024029999999999993,-0.0023473999999999999,0.0031887,-4.5100000000000148e-05,-0.0017847000000000002,-0.0015544999999999999,0.0015479999999999999,-0.00094180000000000002,-0.00099879999999999999,-0.0023936000000000001,8.0099999999999941e-05,0.0035925000000000002,0.00030820000000000023,-0.0010632,-0.0023715000000000003,-0.00086059999999999999,0.0026940000000000002,-0.0012592999999999999,0.00010709999999999973,0.0024101999999999999,-0.0008187,-0.0033505000000000002,-0.0026290000000000003,-0.00069949999999999982,0.0024441999999999997,-0.00041909999999999994,0.0034639000000000007,0.00053810000000000012,0.0041181000000000013,0.0024244000000000002
aug_between_class_right_pair0058_child05,TLE,1,1,Augmented,0,0,0,0,0,0.319386,2.0696750000000002,1.6000000000000001e-06,-9.9999999999999995e-07,9.9999999999999995e-07,0.91927399999999992,0,0.055748999999999993,-0.12999920000000001,0.041910200000000002,0.1390932,-0.1099702,0.089597400000000008,-0.0023056000000000001,-0.026997800000000002,-0.0059254000000000008,-0.12986120000000001,0.32916860000000003,-0.076924599999999996,0.00019520000000000301,0.081052800000000008,-0.0030358,-0.0290628,-0.0034741999999999998,-0.036296599999999998,0.025271999999999999,0.047253000000000003,-0.056227800000000001,0.011334799999999999,-0.081937200000000002,0.0097783999999999996,0.057619199999999995,-0.0265244,0.031209800000000003,0.017358999999999999,-0.057509999999999999,0.039854199999999999,-0.023419200000000001,-0.089956599999999998,0.1062568,-0.065211600000000008,0.1674686,-0.039548,0.006454399999999999,-0.0063832000000000003,-0.0081136000000000003,-0.0179022,0.0043680000000000004,0.037625400000000003,-0.0059982000000000004,-0.0019555999999999992,-0.0141972,-0.017735800000000003,0.0079013999999999994,0.046421599999999993,0.0059301999999999983,0.018920200000000002,-0.017419199999999999,-0.0020371999999999999,0.0147726,-0.034277999999999996,0.0011023999999999999,0.0075585999999999987,-0.0089914000000000001,0.040849999999999997,-0.0735156,-0.0046271999999999997,-0.017380400000000001,-0.031519000000000005,0.015133199999999999,-0.0020387999999999999,0.0025921999999999998,0.014476800000000001,0.0056073999999999994,9.0599999999999709e-05,-0.0098300000000000002,0.0067202,0.010531199999999999,-0.0045617999999999995,0.007896799999999999,0.0029916000000000001,-0.016754999999999999,0.0080801999999999992,0.0051762000000000006,0.0044922,-0.0061429999999999992,-0.0088343999999999992,0.022974399999999999,-0.0098639999999999995,-0.001542,-0.0090772000000000005,-0.0066028000000000007,0.0082072000000000013,-0.0086314000000000009,-0.0090792000000000008,0.017438200000000001,-0.0146234,-0.0034131999999999999,0.0079828000000000017,0.00024799999999999996,0.0105512,-0.0051992000000000002,0.00066699999999999984,-0.0010098000000000002,-0.00076819999999999992,-0.0025920000000000001,0.0057539999999999996,-0.0049849999999999998,-0.0070307999999999994,-0.0030456000000000003,0.0070652000000000006,-0.0012946000000000001,-0.0051000000000000004,0.0100964,0.0093538000000000007,0.0035937999999999999,0.0028018000000000001,0.010599000000000001,-0.0039229999999999994,0.0016910000000000002,-0.010907199999999999,0.015033000000000001,-0.0025347999999999998,-0.0035560000000000001,0.0067461999999999999,0.0010767999999999993,0.0085222000000000006,-0.0030732000000000008,-0.0018280000000000002,0.0054438000000000004,0.0115992,-0.00098339999999999929,-0.0011386,-0.012397200000000001,0.00090339999999999952,-0.010374,-0.016673,0.0040961999999999995,0.0022440000000000003,-0.00027619999999999977,0.00072579999999999889,-0.0022317999999999991,-0.0022726000000000001,0.0014201999999999999,-0.00030399999999999996,0.0027992,-0.00018360000000000034,-0.005803599999999999,0.0025991999999999999,-0.0044372000000000005,0.0060789999999999993,0.0013298000000000001,0.0042345999999999998,0.0053378000000000002,-0.0012388,-0.0022129999999999997,-0.00074779999999999996,-0.0051080000000000006,-0.0026086,-0.00064060000000000158,-0.0037959999999999999,0.0075852000000000003,2.0000000000000052e-05,-8.0400000000000165e-05,-0.0023381999999999995,-0.0080000000000000002,-0.0036243999999999998,-0.0010252,-0.0092490000000000003,-0.00037380000000000009,0.0063962000000000003,0.0079915999999999997,0.0043226000000000002,-0.0057754,0.0033134000000000006,0.0028406000000000004,0.0074070000000000004,0.00070580000000000003,0.015171800000000003,-0.0019019999999999996,-0.00064720000000000034,-0.0099918000000000003,0.0040666000000000009,-0.00072340000000000013,-0.0072639999999999996,0.014833799999999998,0.0012191999999999999,-0.0034705999999999999,-0.00039839999999999993,-0.0011608,-0.0010040000000000001,0.0020054000000000001,-0.0037328000000000005,-0.0024213999999999998,-0.0016103999999999999,0.00098759999999999994,0.0060613999999999998,-0.0042934000000000002,-0.0023411999999999999,-0.0014732,-0.0018392,-0.0038208000000000001,-0.0018711999999999997,0.0011887999999999998,8.4199999999999932e-05,0.0015361999999999997,-0.0011843999999999999,0.0021406000000000003,-0.0076408000000000005,-0.0040371999999999995,0.0079114000000000007,0.0050863999999999996,-0.0021685999999999997,0.0055034000000000012,0.0014469999999999995,-0.0012514000000000002,-0.0014160000000000002,-0.00030800000000000011,0.0025209999999999998,0.00084000000000000047,0.0026579999999999998,0.0093957999999999993,-0.0061259999999999995,-0.0013166,0.0064558000000000003,0.0019672000000000001,-0.0061753999999999993,0.0093162000000000002,0.0012383999999999997,0.0023812,-0.00023900000000000006,0.00066600000000000014,0.0077427999999999993,-0.0080782000000000007,0.0095371999999999992,-0.0054246000000000008,-0.0068135999999999995,0.0031118000000000005,0.0016754000000000001,-0.0018706,-0.0021184000000000003,0.0010624,-0.0038770000000000002,0.00077300000000000003,0.00020840000000000002,0.0015219999999999999,0.0013800000000000002,-0.0015062000000000001,-0.0008345999999999999,0.004666,-0.00083559999999999993,-0.00050940000000000046,-0.0024846,0.0016664,4.1000000000000034e-05,0.00061579999999999968,-0.0012756,0.0024535999999999998,0.00021659999999999995,0.00035000000000000005,0.00066579999999999981,-0.0060121999999999997,0.0028555999999999998,0.0022941999999999997,-0.0039414000000000003,-0.00070400000000000009,0.00021800000000000031,0.0017590000000000001,0.00051679999999999999,-0.0014792,-0.00019319999999999993,0.00035540000000000007,-0.0016169999999999999,0.0052018000000000003,-0.0015243999999999995,-0.00047160000000000008,0.0020163999999999998,0.0018694,-0.0016596,-0.00075060000000000014,0.0021691999999999996,0.0019381999999999999,0.0018366000000000003,-0.00096900000000000003,-0.00068939999999999974,0.00011740000000000014,0.0011578000000000001,0.0014402,-0.0030813999999999998,-0.0035949999999999992,0.0087898000000000004,2.6800000000000326e-05,0.0047689999999999998,-0.0059417999999999997,0.0011788,-0.0016266000000000002,6.4199999999999988e-05,1.7600000000000103e-05,-0.00098780000000000005,0.00064980000000000007,-0.0004996,0.00017720000000000002,0.0022973999999999998,-0.0024808,-0.0013006000000000003,0.0042405999999999998,0.0010190000000000002,0.0031320000000000002,-6.259999999999995e-05,-0.00057759999999999995,-0.0011542,-0.00050659999999999995,0.0028719999999999996,0.0011153999999999999,-8.1199999999999914e-05,0.00050000000000000012,0.0031511999999999998,-0.0016992000000000001,-0.00010360000000000013,-0.003271,0.0012878,0.0028361999999999997,0.0021635999999999999,-0.0027074,-0.0014559999999999998,-0.0018295999999999998,-0.0024794000000000005,-0.0050238000000000001,-5.2200000000000076e-05,-0.00099619999999999982,-0.0014142,0.00056259999999999991,0.0021562,-0.0012518000000000004,-0.00090440000000000008,0.0016186,-0.0029868,0.00084840000000000002,-0.00019100000000000033,0.0042443999999999997,0.0022837999999999999,0.0012711999999999999,-0.0039959999999999996,0.00044079999999999987,-8.44000000000001e-05,0.0035834,0.0037381999999999997,-0.0091254000000000005,0.0012670000000000001,-0.0015375999999999999,0.00036319999999999994,0.0011616000000000003,-0.0014096000000000002,0.0080909999999999992,0.0034734000000000006,0.0049981999999999995,0.0032393999999999999,-0.0044741999999999994,-0.0005176,0.0011684,0.0007890000000000001,0.00073459999999999986,0.00040640000000000001,0.0013361999999999996,6.2800000000000063e-05,-0.0019626000000000001,0.00095899999999999978,-0.0002098,0.0011210000000000003,-0.0020165999999999995,0.00020100000000000001,-0.00085840000000000005,-0.00071160000000000017,-0.0040321999999999997,0.0016044000000000002,0.00018280000000000011,0.00051159999999999986,0.00038060000000000004,-0.00058219999999999995,0.0018368,0.0009228000000000002,-0.0018724000000000002,-0.0010813999999999999,-0.00010159999999999998,-0.00021779999999999998,-0.00052599999999999978,-0.00047300000000000006,0.0027144000000000001,0.00037280000000000006,-0.0016423999999999998,0.0019158000000000001,0.00013359999999999999,0.00087760000000000008,0.00098420000000000018,0.001712,-0.00069559999999999978,-0.00011559999999999956,0.00072039999999999995,-0.0027677999999999999,-0.00078400000000000019,-0.0033270000000000001,0.00096259999999999998,-0.00072219999999999988,-0.0033804,0.00019180000000000003,0.0031761999999999997,-0.00075559999999999993,0.00057459999999999998,-0.0043353999999999997,0.00097040000000000017,0.0024637999999999999,0.0010071999999999995,0.001488,0.00011299999999999987,0.00056380000000000004,0.0025119999999999999,0.0024803999999999998,-0.00059859999999999948,0.0044340000000000004,-0.0028830000000000001,0.0046590000000000008,-0.0032369999999999999,-0.0034675999999999999,0.00072019999999999994,-0.0017192000000000002,0.0056698,0.00061659999999999948,-0.00065819999999999984,-0.00034099999999999999,-0.00026419999999999997,0.0009953999999999998,0.00060880000000000005,-0.00065519999999999988,-0.00058999999999999992,0.00054999999999999992,0.00055499999999999994,0.001129,-0.0021380000000000001,-0.00073940000000000019,-0.0018303999999999998,-0.00016640000000000003,-5.6399999999999948e-05,0.00075860000000000001,-0.00010460000000000001,0.00049719999999999994,0.00026479999999999999,-1.8799999999999969e-05,0.0024045999999999998,3.1199999999999999e-05,-0.00059060000000000004,0.0023699999999999997,0.0014553999999999999,-0.0010414000000000001,-0.00057320000000000027,-0.00043619999999999998,0.00014780000000000001,-0.0019334,0.00013559999999999985,0.00044039999999999992,-0.0015286000000000002,-0.0025580000000000004,0.0026854000000000001,0.0016524,-0.00037499999999999995,0.00024020000000000009,-0.0012178,-0.0020696000000000004,0.0034610000000000001,-0.0025372000000000003,0.00099500000000000001,0.00069340000000000005,-0.00048579999999999999,0.0021042000000000001,-0.0021505999999999999,-0.0028847999999999999,-6.3199999999999991e-05,-0.0016728000000000001,0.00026480000000000004,0.0033192,0.0016642000000000002,0.00063079999999999994,-6.1799999999999984e-05,-0.0019568000000000003,0.00098160000000000001,-0.00081660000000000001,-0.0020629999999999997,0.0016841999999999998,-0.0030228,0.00078139999999999991,-0.0038272000000000002,-0.0064375999999999991,-0.00092300000000000064,6.7999999999999484e-06,-0.0015116000000000005,0.0029977999999999993,0.00056780000000000003,0.0056900000000000006,-0.0019678,0.00091920000000000001,0.0030053999999999992,-0.0029156,-0.0028133999999999998
aug_between_class_right_pair0058_child06,TLE,1,1,Augmented,0,0,0,0,0,0.31686999999999999,2.0625655000000003,1.6999999999999998e-06,-9.9999999999999995e-07,9.9999999999999995e-07,0.91774549999999999,0,0.056781999999999999,-0.13298390000000002,0.041329900000000003,0.14070240000000001,-0.1124209,0.085324300000000006,-0.0025746999999999996,-0.027180600000000006,-0.0023718000000000038,-0.1337904,0.33983370000000002,-0.0777867,-0.0048125999999999976,0.086847599999999997,-0.0068890999999999978,-0.030196100000000003,-0.0044793999999999997,-0.035007200000000002,0.027290999999999999,0.050028000000000003,-0.056711600000000001,0.011063099999999999,-0.080675899999999995,0.0083017999999999998,0.058261399999999998,-0.026240300000000001,0.031341599999999997,0.017108500000000002,-0.057070999999999997,0.041935399999999998,-0.023878900000000005,-0.090666700000000003,0.1046281,-0.062945200000000007,0.1674657,-0.036534000000000004,0.0071272999999999996,-0.0071929000000000003,-0.0084156999999999999,-0.0180109,0.0051889999999999992,0.037199300000000005,-0.0062269000000000005,-0.0021271999999999992,-0.0132859,-0.019409599999999999,0.0081408000000000001,0.044175699999999998,0.0064194000000000005,0.019535400000000001,-0.017943399999999998,-0.0023013999999999999,0.015988200000000001,-0.034629,0.0013548,0.0093301999999999986,-0.0086408000000000006,0.042867999999999996,-0.073413200000000012,-0.0048179,-0.014834300000000003,-0.034859000000000001,0.015071399999999999,-0.0019816,0.0028579,0.0141656,0.0054202999999999994,0.00015919999999999997,-0.010961,0.0064118999999999999,0.011146400000000001,-0.0051060999999999997,0.0090136000000000001,0.0027287000000000001,-0.017133499999999999,0.0090834000000000002,0.0043524000000000011,0.0041994000000000007,-0.0057844999999999997,-0.0094742999999999997,0.0234188,-0.0094009999999999996,-0.0017009999999999994,-0.0081203999999999998,-0.0060306000000000005,0.0072709000000000003,-0.0093063,-0.0093154000000000015,0.016627400000000001,-0.013161300000000001,-0.0027474000000000005,0.008325599999999999,0.00044150000000000005,0.010225899999999998,-0.0049613999999999995,0.0010265000000000001,-0.0012006,-0.00077589999999999994,-0.0022765000000000007,0.0058655000000000001,-0.0054640000000000001,-0.0070290999999999999,-0.0033122,0.0061254000000000005,-0.0011877000000000003,-0.0049855000000000003,0.010706799999999999,0.008867100000000001,0.0039040999999999998,0.0034995999999999994,0.0106575,-0.0039269999999999999,0.0016615000000000002,-0.011178399999999998,0.015393,-0.0027441000000000002,-0.0034635,0.0066848999999999997,0.0011365999999999998,0.0085619000000000008,-0.0033509000000000004,-0.0021740000000000002,0.0055441000000000006,0.012159400000000001,-0.0030652999999999982,-0.00098620000000000001,-0.013114899999999999,0.00050329999999999993,-0.0098030000000000009,-0.017381500000000001,0.0028204000000000003,0.0019470000000000004,-0.0016543999999999999,0.0018980999999999989,-0.0035050999999999993,-0.0024211999999999997,0.0013254,5.9999999999998663e-06,0.0028584000000000005,0.00039129999999999959,-0.0062241999999999992,0.0026474000000000003,-0.0044213999999999998,0.0051324999999999999,0.0011106000000000002,0.0036977000000000008,0.0054351,-0.0010296000000000001,-0.0017805,-9.310000000000004e-05,-0.0049955000000000008,-0.0024582000000000002,-0.0010696999999999998,-0.0037715000000000001,0.0075239,0.00024100000000000033,0.0001996999999999997,-0.0029543999999999998,-0.0077879999999999998,-0.0037033000000000001,-0.0011738999999999999,-0.0085749999999999993,-0.0010170999999999995,0.0063528999999999999,0.0087446999999999993,0.0039927000000000001,-0.0064332999999999994,0.002618800000000001,0.0026362,0.0078954999999999997,0.00058060000000000013,0.015931600000000001,-0.0027914999999999993,-0.00029490000000000007,-0.010136599999999999,0.0033777000000000004,8.6199999999999602e-05,-0.0077035000000000003,0.015825599999999999,0.0019438999999999999,-0.0032517000000000002,-0.00052879999999999984,-0.0010351000000000002,-0.00089100000000000008,0.0019223000000000001,-0.0044696000000000007,-0.0024627999999999994,-0.0015098000000000002,0.0010742,0.0060943000000000004,-0.0046192999999999998,-0.0027618999999999994,-0.0013969,-0.0019728999999999997,-0.0039226,-0.0023633999999999999,0.0014660999999999997,0.00017939999999999992,0.0017253999999999998,-0.00081430000000000001,0.0020081999999999999,-0.0081566,-0.0041888999999999997,0.0076042999999999996,0.0050923000000000001,-0.0022177,0.0052532999999999998,0.0018029999999999995,-0.0012748,-0.0017145000000000003,0.00015049999999999981,0.0025024999999999995,0.00088749999999999983,0.0026949999999999999,0.0091545999999999988,-0.0057325000000000006,-0.00099219999999999994,0.0063721000000000003,0.0013074,-0.0061582999999999994,0.0092323999999999982,0.0016147999999999998,0.0015524000000000002,-0.00047950000000000011,-3.0999999999999561e-05,0.0081060999999999998,-0.0075039,0.0097563999999999984,-0.0047357000000000007,-0.008062699999999999,0.0029356,0.0016207999999999999,-0.0016872000000000002,-0.0019808,0.0012782999999999998,-0.0039280000000000001,0.00056650000000000005,0.00016630000000000003,0.0016765,0.0010815,-0.0014088999999999998,-0.0005687,0.0049379999999999997,-0.0004412000000000001,-0.0011632999999999999,-0.0021852,0.0017672999999999999,-0.00023399999999999997,0.00041010000000000005,-0.0013277,0.0024276999999999996,0.00073269999999999976,5.2500000000000246e-05,0.00079609999999999967,-0.0056844,0.0029451999999999994,0.0022104,-0.0039638,-0.000562,8.1000000000000343e-05,0.0013895000000000001,0.00021560000000000069,-0.0013809,-7.5900000000000273e-05,0.0008223000000000002,-0.0017634999999999999,0.0046676000000000009,-0.0019137999999999998,-0.00078319999999999996,0.0020333,0.0021892999999999999,-0.0017312,-0.0003767000000000001,0.0024863999999999997,0.0015358999999999998,0.0022767,-0.00098949999999999971,-0.0013232999999999997,0.00077930000000000002,0.0011286,0.0017513999999999997,-0.0031833,-0.0039504999999999992,0.0091250999999999988,-0.00068939999999999952,0.0049725000000000004,-0.0065420999999999995,0.00039660000000000042,-0.0018596999999999999,5.9399999999999994e-05,0.00010019999999999994,-0.00085809999999999966,0.00048010000000000012,-0.00048070000000000003,-3.4099999999999907e-05,0.0016333000000000001,-0.0021231000000000002,-0.0013046999999999998,0.0046571999999999994,0.0011900000000000003,0.0033140000000000001,-0.00011419999999999996,-0.00084570000000000001,-0.0012228999999999999,-0.00048069999999999997,0.0030229999999999996,0.0011712999999999999,-0.00013440000000000001,0.0001330000000000002,0.0030453999999999998,-0.0015694000000000001,-0.00044219999999999991,-0.0032274999999999999,0.0013920999999999998,0.0029088999999999999,0.0023907000000000004,-0.0025373000000000001,-0.0016209999999999998,-0.0017796999999999999,-0.0030603000000000002,-0.0052711000000000008,6.559999999999986e-05,-0.0012443999999999999,-0.00075840000000000022,0.00020120000000000001,0.0022843999999999998,-0.00077310000000000031,-0.0011473000000000002,0.0014492000000000001,-0.0027045999999999997,0.00079029999999999997,0.00024999999999999973,0.0038148000000000001,0.0026446,0.0013629,-0.0043189999999999999,0.00051859999999999992,8.7700000000000018e-05,0.0034533000000000003,0.0039094000000000004,-0.0091197999999999991,0.0012815000000000001,-0.0017246999999999998,0.00040190000000000007,0.0014857,-0.0012292,0.0075399999999999998,0.0035358000000000004,0.0046649000000000005,0.0037082999999999999,-0.0047193999999999995,-0.00042719999999999998,0.0011098000000000002,0.00058950000000000007,0.0010781999999999999,0.00062379999999999998,0.0011364000000000001,-0.00012989999999999988,-0.0018972000000000004,0.00094450000000000003,-0.00031259999999999995,0.00062900000000000022,-0.0016746999999999999,0.0002285,-0.00059430000000000008,-0.00065220000000000013,-0.0044743999999999999,0.0016128000000000002,0.00045260000000000005,0.00071619999999999984,0.0004127,-0.00078289999999999979,0.0021100999999999997,0.00034060000000000036,-0.0019763000000000003,-0.0011068,-5.4199999999999996e-05,-0.00019759999999999995,-0.00072899999999999983,-0.00026100000000000011,0.0028303,0.00041910000000000027,-0.0019147999999999997,0.0021151,0.0001217,0.00073920000000000019,0.0010939000000000001,0.0016815000000000001,-0.00093769999999999964,-0.00030919999999999993,0.00057679999999999993,-0.0027431000000000001,-0.00049150000000000018,-0.003375,0.00091620000000000004,-0.00086289999999999978,-0.0035287999999999999,0.0001361,0.0037774000000000002,-0.00081569999999999993,0.00052170000000000005,-0.0046902999999999997,0.00055330000000000006,0.0023471,0.00081039999999999997,0.0011695000000000002,0.00060599999999999955,0.00036910000000000035,0.0025915000000000001,0.0030972999999999994,-0.00091919999999999979,0.004705,-0.0029745000000000001,0.0048820000000000001,-0.0022079999999999999,-0.0033172000000000002,0.00072689999999999994,-0.0018034000000000001,0.0054235999999999998,0.0010306999999999998,-0.00078439999999999998,-0.00038950000000000003,-0.00030939999999999999,0.0011703,0.00043810000000000008,-0.00080689999999999994,-0.00055999999999999995,0.00080449999999999988,0.00055749999999999994,0.0012929999999999999,-0.0022845000000000001,-0.0008788,-0.0018773000000000001,0.00026369999999999974,-0.00028429999999999986,0.00078470000000000005,-3.7700000000000049e-05,0.00062389999999999993,0.00022510000000000005,0.00015690000000000002,0.0023676999999999999,-5.5999999999999735e-06,-0.00056420000000000005,0.0024015,0.0013343000000000001,-0.0010717999999999999,-0.00028640000000000013,-0.00065789999999999989,2.0999999999999968e-06,-0.0021478000000000001,0.00030419999999999986,0.00083579999999999961,-0.0014052000000000001,-0.0023804999999999998,0.0028688000000000003,0.0015668000000000001,-0.000241,0.00027939999999999996,-0.0011371,-0.0019912000000000003,0.0032309999999999999,-0.0024954,0.0009475000000000001,0.00063730000000000004,-0.0005721000000000003,0.0020368999999999999,-0.0022772000000000001,-0.0031195999999999997,-6.1399999999999975e-05,-0.0019916000000000005,0.00012160000000000003,0.0038019000000000004,0.0015984000000000003,0.0008525999999999998,-1.6100000000000012e-05,-0.0022965999999999998,0.0007672,-0.0011766999999999999,-0.0020704999999999999,0.0020798999999999995,-0.0033381000000000001,0.00091829999999999993,-0.0038308999999999999,-0.007569199999999999,-0.00072400000000000068,0.00035909999999999968,-0.00098770000000000021,0.0034815999999999992,0.00014709999999999994,0.0056645000000000003,-0.0017656000000000002,0.00057190000000000019,0.0036672999999999992,-0.0032421999999999998,-0.0027677999999999999
aug_between_class_right_pair0058_child07,TLE,1,1,Augmented,0,0,0,0,0,0.31435399999999997,2.0554559999999999,1.8000000000000001e-06,-9.9999999999999995e-07,9.9999999999999995e-07,0.91621699999999995,0,0.057814999999999998,-0.1359686,0.040749599999999997,0.14231159999999998,-0.1148716,0.081051200000000004,-0.0028438000000000001,-0.027363400000000003,0.0011818000000000002,-0.1377196,0.35049880000000005,-0.078648800000000005,-0.0098204000000000017,0.092642400000000014,-0.010742400000000003,-0.0313294,-0.0054846000000000009,-0.033717800000000006,0.029310000000000003,0.052803000000000003,-0.0571954,0.0107914,-0.079414600000000002,0.0068251999999999991,0.0589036,-0.025956200000000002,0.031473399999999999,0.016857999999999998,-0.056632000000000002,0.044016600000000003,-0.024338599999999998,-0.091376800000000008,0.10299939999999999,-0.060678800000000005,0.16746279999999999,-0.033519999999999994,0.0078002000000000002,-0.0080026000000000021,-0.0087178000000000012,-0.0181196,0.0060100000000000006,0.036773199999999999,-0.0064555999999999997,-0.0022987999999999993,-0.012374599999999999,-0.021083400000000002,0.0083802000000000008,0.041929800000000003,0.0069085999999999991,0.020150600000000001,-0.018467600000000001,-0.0025656000000000003,0.017203800000000002,-0.034979999999999997,0.0016072000000000003,0.0111018,-0.008290200000000001,0.044886000000000002,-0.073310800000000009,-0.0050086000000000002,-0.012288200000000003,-0.038199000000000011,0.0150096,-0.0019244000000000002,0.0031235999999999998,0.013854400000000001,0.0052331999999999995,0.00022779999999999979,-0.012092,0.006103599999999999,0.011761600000000001,-0.0056503999999999999,0.010130399999999999,0.0024657999999999998,-0.017512,0.010086599999999999,0.0035285999999999989,0.0039065999999999997,-0.0054259999999999985,-0.0101142,0.023863200000000001,-0.008937999999999998,-0.0018599999999999997,-0.0071635999999999991,-0.0054584000000000004,0.0063345999999999993,-0.0099812000000000008,-0.0095516000000000004,0.0158166,-0.0116992,-0.0020815999999999986,0.0086683999999999997,0.00063499999999999971,0.009900599999999999,-0.0047235999999999988,0.0013860000000000001,-0.0013914000000000001,-0.00078359999999999996,-0.0019610000000000001,0.0059769999999999988,-0.0059430000000000004,-0.0070273999999999996,-0.0035788000000000009,0.0051855999999999994,-0.0010808000000000003,-0.0048710000000000003,0.011317200000000001,0.0083803999999999997,0.0042144000000000001,0.0041974000000000004,0.010716,-0.0039310000000000005,0.0016320000000000006,-0.011449599999999999,0.015753000000000003,-0.0029534000000000001,-0.0033709999999999999,0.0066236000000000003,0.0011964000000000002,0.0086015999999999992,-0.0036286000000000009,-0.0025200000000000001,0.0056444000000000008,0.012719600000000001,-0.0051472000000000011,-0.0008338000000000001,-0.0138326,0.00010319999999999947,-0.0092319999999999989,-0.018090000000000002,0.0015445999999999993,0.00165,-0.0030326000000000007,0.0030703999999999996,-0.0047784000000000004,-0.0025698000000000001,0.0012306000000000001,0.00031600000000000004,0.0029176000000000002,0.00096620000000000018,-0.0066447999999999993,0.0026956000000000003,-0.0044056,0.0041859999999999996,0.00089139999999999998,0.0031607999999999996,0.0055324000000000007,-0.00082039999999999978,-0.0013479999999999996,0.00056160000000000021,-0.0048830000000000002,-0.0023078,-0.0014988000000000007,-0.0037469999999999999,0.0074625999999999998,0.00046200000000000017,0.00047980000000000006,-0.0035706000000000002,-0.0075760000000000011,-0.0037821999999999999,-0.0013225999999999997,-0.007901,-0.0016604000000000002,0.0063096000000000003,0.0094978000000000007,0.0036627999999999999,-0.0070911999999999998,0.0019241999999999998,0.0024318000000000005,0.0083840000000000008,0.00045540000000000001,0.016691400000000002,-0.0036810000000000002,5.7399999999999986e-05,-0.0102814,0.0026887999999999999,0.00089580000000000031,-0.0081430000000000009,0.0168174,0.002668600000000001,-0.0030328,-0.00065919999999999998,-0.0009094000000000001,-0.00077800000000000005,0.0018392,-0.0052064000000000008,-0.0025041999999999998,-0.0014092,0.0011608,0.0061271999999999993,-0.0049452000000000003,-0.0031825999999999998,-0.0013205999999999999,-0.0021065999999999997,-0.0040244,-0.0028556000000000007,0.0017434000000000002,0.00027460000000000006,0.0019146000000000002,-0.00044419999999999963,0.0018758,-0.0086724000000000002,-0.0043406,0.0072972000000000002,0.0050981999999999998,-0.0022668000000000002,0.0050032000000000002,0.0021589999999999999,-0.0012982,-0.002013,0.00060900000000000017,0.0024839999999999992,0.00093499999999999963,0.0027320000000000001,0.0089133999999999984,-0.005339,-0.00066779999999999964,0.0062883999999999995,0.00064759999999999991,-0.0061411999999999994,0.0091485999999999998,0.0019911999999999998,0.00072359999999999959,-0.00072000000000000037,-0.00072800000000000046,0.0084694000000000002,-0.0069295999999999993,0.0099755999999999994,-0.0040467999999999997,-0.0093117999999999986,0.0027594000000000004,0.0015661999999999998,-0.0015037999999999998,-0.0018432000000000001,0.0014942,-0.0039790000000000008,0.00035999999999999986,0.00012419999999999998,0.0018310000000000002,0.00078299999999999973,-0.0013115999999999998,-0.00030279999999999982,0.0052099999999999994,-4.6799999999999728e-05,-0.0018172000000000006,-0.0018858,0.0018682000000000004,-0.00050900000000000023,0.00020439999999999955,-0.0013798,0.0024017999999999999,0.0012488000000000002,-0.00024500000000000021,0.00092639999999999997,-0.0053565999999999996,0.0030347999999999998,0.0021265999999999998,-0.0039861999999999996,-0.00041999999999999991,-5.6000000000000494e-05,0.0010199999999999996,-8.5599999999999912e-05,-0.0012825999999999998,4.1400000000000031e-05,0.0012892000000000003,-0.0019100000000000002,0.0041333999999999997,-0.0023032,-0.0010948000000000002,0.0020501999999999999,0.0025092000000000001,-0.0018028,-2.7999999999997428e-06,0.0028036000000000007,0.0011335999999999998,0.0027167999999999997,-0.0010100000000000003,-0.0019572000000000005,0.0014412000000000001,0.0010993999999999991,0.0020625999999999999,-0.0032851999999999998,-0.0043059999999999991,0.0094604000000000008,-0.0014056000000000001,0.005176,-0.0071424000000000001,-0.00038560000000000027,-0.0020928000000000001,5.4599999999999992e-05,0.00018280000000000011,-0.00072839999999999971,0.00031039999999999996,-0.0004618,-0.00024540000000000022,0.00096919999999999981,-0.0017654000000000001,-0.0013088000000000002,0.0050738000000000007,0.0013610000000000002,0.0034960000000000004,-0.00016580000000000002,-0.0011138000000000003,-0.0012916,-0.0004548,0.0031739999999999997,0.0012271999999999999,-0.00018760000000000001,-0.00023400000000000027,0.0029395999999999997,-0.0014396000000000001,-0.00078080000000000022,-0.0031840000000000002,0.0014963999999999999,0.0029816,0.0026178,-0.0023672000000000003,-0.0017859999999999998,-0.0017297999999999999,-0.0036412000000000003,-0.0055183999999999997,0.00018340000000000001,-0.0014926,-0.00010259999999999957,-0.00016020000000000021,0.0024126,-0.00029439999999999989,-0.0013902000000000003,0.0012798,-0.0024223999999999999,0.00073220000000000002,0.00069100000000000021,0.0033851999999999997,0.0030054000000000001,0.0014545999999999997,-0.0046420000000000003,0.00059639999999999997,0.00025980000000000013,0.0033232000000000001,0.0040806000000000002,-0.0091141999999999977,0.0012959999999999998,-0.0019118,0.00044060000000000008,0.0018098000000000003,-0.0010487999999999999,0.0069889999999999996,0.0035982000000000011,0.0043315999999999997,0.0041771999999999998,-0.0049645999999999996,-0.00033679999999999995,0.0010512000000000002,0.00038999999999999988,0.0014218000000000002,0.00084120000000000017,0.00093659999999999978,-0.00032260000000000004,-0.0018317999999999997,0.00092999999999999984,-0.00041540000000000012,0.00013699999999999983,-0.0013327999999999997,0.00025600000000000004,-0.00033019999999999995,-0.0005928000000000001,-0.0049166000000000001,0.0016212000000000002,0.00072240000000000021,0.00092080000000000005,0.00044480000000000008,-0.00098359999999999984,0.0023833999999999999,-0.00024160000000000021,-0.0020801999999999999,-0.0011322000000000001,-6.7999999999999722e-06,-0.0001774,-0.0009320000000000001,-4.899999999999989e-05,0.0029461999999999999,0.00046540000000000025,-0.0021871999999999998,0.0023144000000000003,0.00010980000000000001,0.00060079999999999997,0.0012036,0.0016510000000000001,-0.0011797999999999999,-0.0005028000000000003,0.0004331999999999999,-0.0027184000000000002,-0.00019899999999999996,-0.0034230000000000003,0.0008698,-0.0010035999999999999,-0.0036772000000000003,8.0399999999999976e-05,0.0043785999999999999,-0.00087579999999999993,0.00046879999999999996,-0.0050451999999999997,0.00013619999999999995,0.0022304,0.00061359999999999974,0.00085099999999999976,0.0010990000000000002,0.0001743999999999999,0.0026709999999999998,0.0037142,-0.0012398000000000001,0.0049760000000000004,-0.0030660000000000001,0.0051050000000000002,-0.0011789999999999993,-0.0031668,0.00073360000000000016,-0.0018876000000000001,0.0051773999999999995,0.0014448000000000004,-0.00091060000000000012,-0.00043800000000000008,-0.0003546,0.0013452,0.00026739999999999989,-0.0009586000000000001,-0.00052999999999999998,0.001059,0.00055999999999999995,0.001457,-0.002431,-0.0010181999999999999,-0.0019242,0.00069380000000000006,-0.0005122000000000002,0.00081079999999999998,2.9200000000000005e-05,0.00075059999999999992,0.00018540000000000001,0.00033260000000000012,0.0023308000000000001,-4.2400000000000028e-05,-0.00053779999999999995,0.0024330000000000003,0.0012131999999999998,-0.0011022,4.0000000000000972e-07,-0.00087960000000000024,-0.00014360000000000008,-0.0023622000000000001,0.0004728,0.0012312,-0.0012818,-0.0022030000000000001,0.0030522000000000006,0.0014812,-0.0001069999999999999,0.00031860000000000005,-0.0010563999999999999,-0.0019127999999999999,0.0030009999999999998,-0.0024536000000000002,0.00089999999999999998,0.00058120000000000003,-0.00065840000000000017,0.0019696000000000002,-0.0024038000000000002,-0.0033544,-5.9599999999999985e-05,-0.0023104000000000006,-2.1600000000000091e-05,0.0042846000000000013,0.0015325999999999998,0.0010744000000000001,2.9600000000000069e-05,-0.0026364000000000001,0.00055279999999999999,-0.0015368000000000001,-0.002078,0.0024756000000000001,-0.0036534000000000002,0.0010552000000000001,-0.0038345999999999996,-0.0087008000000000016,-0.00052499999999999986,0.00071139999999999994,-0.00046379999999999978,0.0039654,-0.00027360000000000036,0.0056389999999999999,-0.0015633999999999999,0.00022459999999999985,0.0043292000000000001,-0.0035688,-0.0027222000000000001
aug_between_class_right_pair0058_child08,TLE,1,1,Augmented,0,0,0,0,0,0.311838,2.0483465000000001,1.9e-06,-9.9999999999999995e-07,9.9999999999999995e-07,0.91468850000000002,0,0.058847999999999998,-0.1389533,0.040169300000000005,0.14392079999999999,-0.1173223,0.076778100000000002,-0.0031129,-0.0275462,0.0047354000000000007,-0.14164880000000002,0.36116390000000004,-0.079510899999999995,-0.014828200000000001,0.098437200000000002,-0.014595700000000003,-0.032462699999999997,-0.0064898000000000004,-0.032428399999999996,0.031329000000000003,0.055578000000000002,-0.0576792,0.0105197,-0.078153300000000009,0.0053486000000000002,0.059545799999999996,-0.025672100000000003,0.0316052,0.016607500000000001,-0.056193,0.046097800000000001,-0.024798299999999999,-0.092086899999999999,0.10137069999999999,-0.058412400000000003,0.16745989999999999,-0.030505999999999998,0.008473099999999999,-0.0088123000000000003,-0.0090199000000000008,-0.018228299999999999,0.0068310000000000003,0.0363471,-0.0066842999999999998,-0.0024703999999999993,-0.011463300000000001,-0.022757200000000002,0.0086196000000000016,0.039683900000000001,0.0073977999999999995,0.020765800000000001,-0.0189918,-0.0028297999999999999,0.018419399999999999,-0.035331000000000001,0.0018596000000000003,0.0128734,-0.0079395999999999998,0.046904000000000001,-0.073208400000000007,-0.0051993000000000004,-0.0097421000000000001,-0.041539000000000006,0.014947800000000001,-0.0018672000000000001,0.0033893,0.013543200000000002,0.0050460999999999995,0.00029640000000000005,-0.013223,0.0057952999999999998,0.0123768,-0.0061946999999999992,0.011247199999999999,0.0022028999999999998,-0.0178905,0.0110898,0.0027047999999999994,0.0036138000000000003,-0.0050674999999999991,-0.010754100000000001,0.024307599999999999,-0.0084749999999999999,-0.002019,-0.0062068000000000002,-0.0048862000000000003,0.0053983,-0.010656100000000002,-0.0097877999999999993,0.0150058,-0.010237099999999999,-0.0014158,0.0090112000000000005,0.00082849999999999981,0.0095752999999999984,-0.004485799999999999,0.0017455000000000001,-0.0015822000000000002,-0.00079129999999999999,-0.0016455000000000003,0.0060885000000000002,-0.0064220000000000006,-0.0070257000000000002,-0.0038454000000000001,0.0042458000000000001,-0.0009739000000000002,-0.0047565000000000003,0.0119276,0.0078937,0.0045246999999999996,0.0048952000000000006,0.010774499999999999,-0.0039349999999999993,0.0016025000000000002,-0.0117208,0.016113000000000002,-0.0031627000000000001,-0.0032785000000000002,0.0065623000000000001,0.0012561999999999999,0.0086412999999999993,-0.0039063000000000006,-0.0028660000000000001,0.0057447000000000002,0.013279800000000001,-0.0072290999999999996,-0.00068139999999999997,-0.0145503,-0.00029690000000000098,-0.0086610000000000003,-0.018798499999999999,0.00026879999999999959,0.001353,-0.0044107999999999994,0.0042427000000000003,-0.006051700000000001,-0.0027184000000000002,0.0011358000000000002,0.00062600000000000004,0.0029768000000000004,0.0015411000000000001,-0.0070653999999999995,0.0027438000000000002,-0.0043898000000000001,0.0032394999999999998,0.00067219999999999997,0.0026238999999999998,0.0056297000000000014,-0.0006112,-0.00091549999999999965,0.0012163000000000007,-0.0047704999999999996,-0.0021574000000000003,-0.0019279000000000006,-0.0037225000000000001,0.0074013000000000004,0.00068300000000000001,0.00075989999999999988,-0.0041868000000000001,-0.007363999999999999,-0.0038611000000000001,-0.0014713,-0.0072269999999999999,-0.0023037000000000005,0.0062663000000000007,0.0102509,0.0033329000000000002,-0.0077491000000000001,0.0012296,0.0022274,0.0088725000000000002,0.00033019999999999989,0.0174512,-0.0045704999999999999,0.00040970000000000004,-0.0104262,0.0019998999999999998,0.0017054000000000001,-0.0085824999999999999,0.017809199999999997,0.0033933000000000001,-0.0028139000000000003,-0.00078959999999999989,-0.00078370000000000002,-0.00066500000000000023,0.0017561,-0.0059432000000000009,-0.0025455999999999994,-0.0013086000000000003,0.0012474000000000001,0.0061601,-0.0052710999999999999,-0.0036033000000000003,-0.0012442999999999998,-0.0022403000000000002,-0.0041262,-0.0033478000000000002,0.0020207000000000003,0.00036980000000000004,0.0021038000000000003,-7.4099999999999904e-05,0.0017434,-0.0091882000000000005,-0.0044922999999999994,0.0069900999999999991,0.0051041000000000003,-0.0023159000000000001,0.0047531000000000006,0.0025149999999999999,-0.0013216,-0.0023114999999999998,0.0010675000000000001,0.0024654999999999994,0.00098249999999999987,0.0027690000000000002,0.0086721999999999997,-0.0049455000000000002,-0.0003434,0.0062046999999999988,-1.2200000000000405e-05,-0.0061240999999999995,0.0090647999999999996,0.0023676000000000001,-0.00010520000000000017,-0.0009605000000000002,-0.0014250000000000003,0.0088326999999999989,-0.0063552999999999995,0.0101948,-0.0033579000000000009,-0.010560899999999998,0.0025832000000000008,0.0015116000000000001,-0.0013204,-0.0017055999999999998,0.0017101000000000002,-0.0040300000000000006,0.00015349999999999991,8.2100000000000003e-05,0.0019854999999999999,0.0004844999999999998,-0.0012142999999999998,-3.6899999999999935e-05,0.005481999999999999,0.00034760000000000021,-0.0024710999999999999,-0.0015864,0.0019691000000000001,-0.00078400000000000019,-1.3000000000000858e-06,-0.0014319000000000001,0.0023759000000000002,0.0017649,-0.00054250000000000001,0.0010566999999999998,-0.0050287999999999999,0.0031243999999999994,0.0020428,-0.0040085999999999993,-0.00027799999999999993,-0.00019300000000000003,0.00065049999999999993,-0.00038679999999999964,-0.0011843000000000001,0.00015870000000000012,0.0017561000000000005,-0.0020565000000000002,0.0035992000000000003,-0.0026925999999999999,-0.0014064000000000001,0.0020671000000000001,0.0028291000000000002,-0.0018744,0.00037110000000000018,0.0031208,0.00073129999999999983,0.0031568999999999994,-0.0010305000000000004,-0.0025911000000000003,0.0021031000000000005,0.0010701999999999999,0.0023738000000000001,-0.0033871000000000001,-0.004661499999999999,0.0097956999999999992,-0.0021218000000000001,0.0053795000000000006,-0.0077426999999999999,-0.0011677999999999997,-0.0023259000000000001,4.9799999999999991e-05,0.00026540000000000005,-0.00059869999999999975,0.00014069999999999998,-0.00044289999999999998,-0.0004567000000000002,0.00030509999999999977,-0.0014077,-0.0013129000000000001,0.0054903999999999994,0.0015320000000000002,0.0036780000000000003,-0.00021739999999999992,-0.0013818999999999999,-0.0013603000000000001,-0.00042889999999999996,0.0033249999999999998,0.0012830999999999999,-0.0002408,-0.00060100000000000019,0.0028338,-0.0013098000000000001,-0.0011194000000000002,-0.0031405000000000001,0.0016007,0.0030542999999999998,0.0028449,-0.0021971,-0.001951,-0.0016799,-0.0042221000000000003,-0.0057656999999999995,0.00030120000000000017,-0.0017407999999999998,0.00055320000000000022,-0.00052160000000000032,0.0025408000000000002,0.00018430000000000009,-0.0016331000000000002,0.0011103999999999999,-0.0021402000000000001,0.00067409999999999996,0.001132,0.0029556000000000001,0.0033662000000000002,0.0015463000000000002,-0.0049649999999999998,0.0006741999999999998,0.00043189999999999982,0.0031930999999999999,0.0042518,-0.0091085999999999979,0.0013105,-0.0020988999999999999,0.0004793000000000001,0.0021339000000000002,-0.00086840000000000029,0.0064379999999999993,0.0036606000000000008,0.0039982999999999998,0.0046461000000000002,-0.0052097999999999997,-0.00024639999999999997,0.00099260000000000017,0.00019050000000000002,0.0017653999999999999,0.0010586000000000003,0.00073680000000000002,-0.0005153,-0.0017664,0.00091549999999999986,-0.00051820000000000002,-0.00035500000000000012,-0.00099089999999999985,0.00028350000000000001,-6.6099999999999926e-05,-0.00053340000000000006,-0.0053588000000000004,0.0016296000000000001,0.00099220000000000037,0.0011253999999999999,0.00047689999999999994,-0.0011843000000000001,0.0026566999999999997,-0.00082379999999999997,-0.0021841,-0.0011575999999999999,4.0600000000000018e-05,-0.00015719999999999997,-0.0011349999999999997,0.00016300000000000017,0.0030620999999999999,0.00051170000000000002,-0.0024596000000000002,0.0025137000000000002,9.7900000000000022e-05,0.00046240000000000002,0.0013132999999999999,0.0016205,-0.0014218999999999998,-0.00069640000000000023,0.00028959999999999988,-0.0026936999999999998,9.3499999999999833e-05,-0.0034710000000000001,0.00082339999999999996,-0.0011443,-0.0038256000000000002,2.4699999999999977e-05,0.0049798000000000004,-0.00093589999999999993,0.00041589999999999997,-0.0054001000000000006,-0.00028090000000000038,0.0021137,0.00041679999999999994,0.00053249999999999988,0.0015920000000000001,-2.0300000000000006e-05,0.0027504999999999999,0.0043311000000000001,-0.0015603999999999995,0.0052469999999999999,-0.0031575000000000006,0.0053280000000000003,-0.00014999999999999963,-0.0030163999999999998,0.00074030000000000005,-0.0019718000000000001,0.0049312000000000002,0.0018588999999999993,-0.0010368,-0.0004864999999999999,-0.00039979999999999996,0.0015200999999999999,9.6699999999999965e-05,-0.0011103,-0.00050000000000000001,0.0013135,0.00056249999999999996,0.001621,-0.0025774999999999999,-0.0011575999999999999,-0.0019710999999999999,0.0011239000000000004,-0.00074010000000000005,0.00083690000000000001,9.6100000000000032e-05,0.00087729999999999991,0.00014569999999999996,0.00050830000000000016,0.0022938999999999998,-7.9200000000000028e-05,-0.00051140000000000007,0.0024645000000000001,0.0010920999999999999,-0.0011325999999999999,0.00028719999999999999,-0.0011013000000000002,-0.00028930000000000004,-0.0025766000000000001,0.00064139999999999987,0.0016266000000000004,-0.0011584,-0.0020255000000000004,0.0032355999999999999,0.0013955999999999999,2.700000000000006e-05,0.00035780000000000002,-0.00097569999999999992,-0.0018343999999999999,0.002771,-0.0024118000000000004,0.00085250000000000007,0.00052510000000000002,-0.00074470000000000027,0.0019023,-0.0025304000000000004,-0.0035892000000000003,-5.7799999999999995e-05,-0.0026292000000000008,-0.00016480000000000005,0.0047673000000000004,0.0014667999999999999,0.0012962000000000002,7.5300000000000041e-05,-0.0029762,0.00033839999999999993,-0.0018969,-0.0020854999999999997,0.0028712999999999998,-0.0039687000000000004,0.0011921000000000002,-0.0038383000000000002,-0.0098324000000000016,-0.0003259999999999999,0.0010636999999999999,6.0100000000000051e-05,0.0044491999999999995,-0.00069430000000000034,0.0056135000000000004,-0.0013611999999999999,-0.00012270000000000006,0.0049911000000000001,-0.0038954000000000003,-0.0026766000000000003
aug_between_class_right_pair0059_child05,TLE,1,1,Augmented,0,0,0,0,0,0.27751959999999998,1.9787196,-3.9999999999999988e-07,-1.5999999999999999e-06,0,1.0243918000000001,0,0.036509399999999997,-0.14271499999999998,0.0438302,0.063050999999999996,-0.091123400000000007,0.0618644,-0.0014135999999999997,0.0088430000000000002,-0.021297800000000002,-0.074382200000000009,0.35393160000000001,-0.14978899999999998,-0.019533000000000002,0.0998608,0.0035768000000000002,-0.0213618,0.0016186000000000009,-0.057158,0.041637199999999999,0.024117599999999996,-0.054833400000000004,0.00044639999999999957,-0.096088000000000007,0.015575199999999999,0.057283000000000001,-0.0163436,0.014573000000000001,0.020410999999999999,-0.068294599999999997,0.031062199999999998,-0.064615199999999998,-0.042354999999999997,0.12418,-0.017494200000000001,0.19726159999999998,-0.036522600000000002,0.0073408000000000006,-0.0051199999999999996,-0.0073454000000000002,-0.0045861999999999986,0.0036784000000000001,0.038739599999999999,-0.0054526000000000002,-0.0026998000000000005,-0.0070625999999999996,-0.017684800000000001,0.017014000000000001,0.0180938,0.025910799999999998,0.0055184000000000014,-0.0073140000000000002,0.0061451999999999991,0.019197599999999999,-0.027476200000000003,0.0063517999999999995,-0.0099624000000000015,-0.0033534000000000007,0.038199799999999999,-0.099840999999999999,-0.0053597999999999996,-0.045032799999999998,-0.026361799999999998,0.010267199999999999,-0.00072320000000000001,0.00080920000000000005,0.013377199999999999,0.013551799999999999,-0.0043570000000000006,-0.0135814,0.0045084000000000001,0.0070602000000000009,-0.0061574000000000004,0.0089627999999999999,0.0036427999999999999,-0.0093453999999999985,0.0050185999999999998,0.0083484000000000006,0.0020803999999999996,-0.013261999999999999,-0.0085120000000000005,0.033184000000000005,-0.014630400000000002,-0.012067399999999999,0.0039099999999999994,-0.0024996000000000003,-0.0014848000000000005,-0.010462200000000001,-0.0107312,0.0099042000000000002,-0.0111482,0.0027705999999999998,0.017566600000000002,0.0055051999999999992,0.025160200000000001,-0.016971,-0.0065866000000000015,0.0039204000000000001,-0.0062491999999999999,-0.0086990000000000001,0.0081400000000000014,-0.0064510000000000001,0.005713199999999999,0.0020557999999999996,0.0045452000000000001,-0.0051312000000000007,-0.0069043999999999998,0.0087705999999999999,0.013849199999999999,0.0058012000000000003,-0.00058979999999999992,0.0103476,-0.008654199999999999,0.0081803999999999991,-0.0004209999999999995,0.010715199999999999,0.0049592000000000004,-0.0049441999999999993,0.0073201999999999998,-0.0107858,-0.0028157999999999994,-0.019233,0.0065588000000000009,0.0097943999999999982,0.0047919999999999994,-0.012163999999999998,-0.0057538000000000008,-0.026726799999999998,-0.0019409999999999996,-0.0167286,-0.0002168000000000005,0.00043540000000000028,0.0083683999999999998,-0.0062912000000000003,-0.011669200000000003,-0.010925600000000001,-0.0027190000000000005,-0.0014764000000000001,-0.0018909999999999999,-0.0059800000000000009,0.0068890000000000002,-0.0064806000000000004,0.003744400000000001,-0.0029206000000000002,-0.0012123999999999998,0.0020918,0.0030994000000000004,0.00090160000000000023,0.0031977999999999998,-0.0042686,0.0066092,-0.0017522,-0.0017360000000000001,-0.007757,-0.0033784000000000002,0.013824200000000002,0.0063030000000000004,-0.0042175999999999993,0.00010179999999999998,-0.0070282000000000001,-0.0067808,0.0017041999999999999,-0.0103518,0.0037399999999999994,-0.0030141999999999994,0.0085430000000000002,0.0029624,-0.0106704,-0.0028462000000000001,0.015073799999999998,0.0048936000000000014,0.0019981999999999999,0.0039448,-0.0093153999999999997,-0.0013004,-0.022219599999999999,0.0095652000000000011,0.0012106,3.6600000000000348e-05,0.014657799999999999,0.00036260000000000003,-0.00051780000000000001,0.0013684000000000001,0.00019720000000000024,-0.0020577999999999998,0.0019010000000000001,0.0022582000000000001,3.9599999999999987e-05,-0.0042538000000000003,0.0015214,0.00032739999999999983,-0.0006068,-0.00039860000000000009,-0.00066200000000000005,0.00087179999999999994,-0.0015956,-0.0017108,0.0011733999999999998,-0.0023148000000000001,-0.0027340000000000003,0.0028406,0.00296,-0.0025558,-0.0018950000000000002,-0.0012460000000000001,0.0026974,-0.0040464000000000003,0.0035848,0.0073075999999999992,0.0016754000000000005,-9.0799999999999822e-05,0.0042330000000000007,-0.0015185999999999999,-0.0014976,0.0046248000000000001,0.011774400000000001,-0.00063140000000000006,0.0010117999999999998,-0.0031679999999999998,0.0046834000000000008,-0.0042762,0.0065424000000000003,0.0021827999999999999,0.0012114000000000001,0.004334199999999999,-0.00088260000000000009,0.0038681999999999996,-0.019493999999999997,0.0013503999999999999,-0.015890000000000001,0.0049166000000000001,-0.0080475999999999985,-0.00035620000000000009,-0.00059039999999999993,-0.00054359999999999999,-2.3999999999998415e-06,-0.00069859999999999996,-0.00090299999999999983,0.00081979999999999998,-0.0023278000000000001,0.00037859999999999988,-0.00011559999999999999,-0.0012378000000000001,0.0025758000000000001,0.00037380000000000009,0.00076480000000000005,0.00010080000000000006,0.0022547999999999999,-0.00016819999999999994,0.0026308,-0.0041844000000000004,-0.0031735999999999999,0.0017479999999999996,0.0022773999999999997,0.001049,-0.0027926000000000001,-0.0012124,0.00033420000000000021,-0.0044689999999999999,0.00045379999999999997,0.0047207999999999998,-0.00043539999999999985,0.006561599999999999,-0.0014494,0.00029400000000000021,-0.002379,0.00094659999999999992,0.0036312000000000002,0.0044607999999999991,-0.0017389999999999999,0.0023736,0.0016634000000000002,-0.0046870000000000002,-0.00053320000000000006,-0.0034449999999999993,0.0067936000000000003,-0.00060459999999999984,0.0014069999999999998,-0.0049392000000000004,0.00064620000000000009,-0.0051944000000000001,0.0016605999999999999,-0.0022204000000000004,0.0038141999999999998,0.0059090000000000002,0.0010407999999999999,-0.0012954000000000008,-0.0190846,0.0010578000000000002,-0.0024363999999999996,9.7799999999999992e-05,0.0021992000000000001,-0.00032519999999999988,0.0016592000000000002,-0.0024294,0.00070580000000000003,0.0011381999999999998,-0.00057680000000000003,0.0025890000000000002,-0.00089680000000000001,-0.0028957999999999996,-0.00092759999999999978,0.00084279999999999989,-0.00099500000000000001,-0.00043459999999999999,-0.00024219999999999992,0.0030376000000000001,0.0012988000000000001,-0.00022799999999999996,-0.0011986000000000002,0.00092939999999999993,-0.0039262000000000003,-0.00088800000000000001,-0.0022827999999999998,0.00066580000000000003,-6.0000000000000157e-05,0.00037479999999999979,0.00034039999999999993,-0.00091,-0.0022098,-0.0018168000000000001,-0.0013054,-0.0019348,-0.0015821999999999998,0.0020068,0.0028805999999999997,0.0037546000000000003,0.0024792,-0.00049719999999999994,-0.00083120000000000004,0.00026880000000000019,-0.00046840000000000016,1.3000000000000045e-05,0.0042744000000000002,-0.00055879999999999949,-0.003424,0.0021252000000000007,-0.0026091999999999999,-0.0046872000000000007,-0.0016795999999999998,0.0036003999999999997,0.0011295999999999999,0.0036374000000000003,0.00061180000000000002,-0.0030441999999999999,0.0007176000000000001,0.00083800000000000009,0.0098256000000000003,-0.0021478000000000001,0.0040628000000000001,0.0093828000000000002,-0.0028888,-0.0018224000000000001,0.0012362,-0.00051440000000000014,-0.00086400000000000008,0.00017700000000000007,-0.00036459999999999992,0.00049939999999999989,0.0010908000000000001,0.00039879999999999994,0.0015902000000000004,-0.00075340000000000021,-7.9000000000000077e-05,0.00085099999999999998,0.0016038000000000001,-0.00020859999999999987,-0.001181,0.00097919999999999995,-0.00042339999999999999,0.0017782,0.0025144,-0.0023272000000000002,0.0014146,-0.00076639999999999998,-0.0011607999999999998,-0.0028055999999999997,0.0024589999999999998,-0.0015709999999999999,5.0000000000000131e-05,-0.0019285999999999999,6.1599999999999979e-05,-0.0020808000000000003,0.00046559999999999982,0.00034179999999999996,-0.0010742,0.00050279999999999997,0.0012522000000000002,0.0019118000000000002,6.5200000000000067e-05,0.0032804000000000002,-0.0039266000000000006,-0.0019951999999999999,-4.5600000000000024e-05,-0.0016986,0.00093740000000000002,-0.0020730000000000002,-0.0023625999999999999,-0.0028358000000000003,0.0019276,-0.0035712000000000001,0.00023739999999999997,-0.0024526000000000001,0.0035195999999999999,0.0025945999999999999,4.8199999999999979e-05,-0.00097880000000000016,-0.00077700000000000002,-0.0020950000000000001,0.0028295999999999998,0.000977,0.0044419999999999998,0.002379,-0.0041225999999999997,0.0025476000000000001,-0.0034445999999999999,-0.00095800000000000052,0.0019704000000000002,0.0051129999999999995,0.0040268000000000005,-0.0018016,-0.00062180000000000015,0.0008116,-0.00065819999999999984,0.0002426000000000001,0.00072679999999999999,-0.0017114000000000001,0.0014416000000000001,3.8400000000000012e-05,0.00011420000000000012,0.00047599999999999997,0.0010455999999999998,-0.0014507999999999999,0.000486,0.0014308000000000001,-0.00057520000000000032,0.0015772,-0.00032200000000000002,0.0013178,-0.0014008,-0.00019880000000000001,0.0018160000000000001,-0.00038639999999999996,0.00092520000000000005,0.0027185999999999998,0.0002279999999999999,-0.0014338,-0.00027540000000000008,-0.00028240000000000014,0.00075940000000000003,-0.002238,0.0013929999999999999,0.00030620000000000002,-0.0013963999999999999,-0.00046259999999999997,0.0012386000000000001,-0.00073760000000000004,-0.0020019999999999999,-0.0004416,-4.9200000000000003e-05,-0.0018477999999999999,0.001119,-0.0022853999999999999,0.0001785999999999999,0.0022920000000000002,0.00030799999999999973,0.0025224000000000002,-0.0020324000000000002,-0.0019467999999999998,0.00058659999999999995,0.00084559999999999995,-0.0028092,0.0021260000000000003,-0.001371,0.00072199999999999999,-0.0023257999999999998,-0.00044419999999999996,-0.00010299999999999979,-0.0017566000000000001,0.00043199999999999993,0.00086399999999999997,0.00093700000000000012,0.0020937999999999998,-1.0999999999999942e-05,-0.0054602000000000001,0.0038890000000000001,-0.0029494000000000005,0.00067579999999999984,0.0029980000000000002,0.0010172,0.0072569999999999996,-0.002575,-0.00034440000000000002,-0.0037912000000000006,-0.0080824,0.00050100000000000003
aug_between_class_right_pair0059_child06,TLE,1,1,Augmented,0,0,0,0,0,0.27071819999999996,1.9766261999999999,-3.0000000000000009e-07,-1.7e-06,0,1.0138091,0,0.038142799999999998,-0.1451885,0.043464900000000001,0.062084500000000001,-0.093484800000000007,0.060862300000000001,-0.0023486999999999991,0.0082205000000000021,-0.0199626,-0.076110400000000009,0.35910819999999999,-0.1461075,-0.021129499999999999,0.1012446,0.0041091000000000001,-0.022700600000000001,0.0013156999999999999,-0.056591999999999996,0.042880399999999999,0.026845199999999996,-0.054604800000000002,0.0015767999999999997,-0.094934500000000005,0.015744399999999999,0.059218,-0.015118699999999999,0.012848500000000002,0.021603999999999998,-0.0702517,0.030751399999999998,-0.062317900000000002,-0.046889500000000001,0.12546200000000002,-0.018969399999999997,0.1956512,-0.036782200000000001,0.0066546000000000001,-0.0058484999999999995,-0.0064783000000000002,-0.0047343999999999997,0.0042967999999999999,0.036492700000000003,-0.0047087000000000006,-0.0027341000000000006,-0.0063431999999999994,-0.017927100000000001,0.018290500000000001,0.018096599999999997,0.0259116,0.005931800000000001,-0.0077120000000000001,0.0061129000000000001,0.019145699999999998,-0.026581900000000002,0.0058726000000000004,-0.0092463000000000007,-0.0028643000000000006,0.041858599999999996,-0.099804999999999991,-0.0063995999999999992,-0.043398600000000002,-0.029934099999999998,0.0105384,-0.00086039999999999999,0.00078490000000000005,0.013886899999999999,0.013716099999999998,-0.0047280000000000004,-0.014630300000000001,0.0044363000000000007,0.0059469000000000006,-0.0058658000000000009,0.0091876000000000006,0.0038405999999999996,-0.0098327999999999992,0.0050031999999999993,0.0084762999999999991,0.0019582999999999996,-0.0135675,-0.0081065000000000009,0.034071000000000004,-0.015010300000000001,-0.012817800000000001,0.005065499999999998,-0.0016392000000000004,-0.0018831000000000004,-0.0091609000000000013,-0.012193400000000002,0.0094704000000000003,-0.0110589,0.0027117,0.018646700000000002,0.0062558999999999991,0.025459900000000001,-0.017698000000000002,-0.0055902,0.0036752999999999998,-0.0067083999999999998,-0.009049999999999999,0.0076509999999999998,-0.0069244999999999992,0.0049518999999999995,0.0020380999999999997,0.0045059000000000002,-0.0048089000000000005,-0.0071563,0.009018700000000001,0.013592400000000001,0.0061563999999999994,-0.00034909999999999997,0.0101467,-0.0087753999999999992,0.0092583000000000006,-0.0011280000000000005,0.011024899999999999,0.0044478999999999994,-0.0055788999999999995,0.0078674000000000001,-0.0119591,-0.0026401000000000003,-0.018882000000000003,0.0068545999999999998,0.0099197999999999995,0.0050994999999999999,-0.012824,-0.0051956000000000007,-0.027967100000000002,-0.0023179999999999993,-0.016593699999999999,-0.0013996,-0.00054819999999999999,0.0087573000000000008,-0.0070148999999999993,-0.0102769,-0.0119662,-0.0023495000000000005,-0.0015073,-0.0019924999999999999,-0.0051415000000000011,0.0066535000000000006,-0.0069762000000000001,0.0034923000000000003,-0.0023182000000000003,-0.0011692999999999994,0.0018411,0.0033917999999999999,0.00078270000000000011,0.0035350999999999994,-0.0044081999999999993,0.0060339000000000009,-0.0025574,-0.0017799999999999999,-0.0072434999999999999,-0.0026818000000000002,0.014828900000000002,0.0069219999999999993,-0.004700199999999999,-0.00014389999999999976,-0.0075373999999999997,-0.0070815999999999995,0.0023859000000000003,-0.0092440999999999999,0.0040754999999999993,-0.0030994,0.007809,0.0027668000000000002,-0.0108358,-0.0029624000000000004,0.016081099999999997,0.003650200000000001,0.0020588999999999998,0.0045650999999999999,-0.0099992999999999992,-0.0018748000000000005,-0.022257699999999998,0.0084509000000000008,0.0020946999999999997,-0.001868799999999999,0.015345099999999999,-9.1299999999999888e-05,-0.00054560000000000014,0.0014023,-0.00024159999999999958,-0.0022560999999999996,0.0018485000000000001,0.0031808999999999995,0.00012019999999999999,-0.0040796000000000001,0.0013348000000000001,0.00030579999999999974,-0.00010360000000000013,-6.220000000000013e-05,-0.00048750000000000003,0.0007601000000000001,-0.0015261999999999999,-0.0017811000000000001,0.0014002999999999997,-0.0027816,-0.0026925,0.0028276999999999998,0.0027715000000000001,-0.0025701000000000001,-0.0014530000000000003,-0.0009794999999999999,0.0023993,-0.0036677999999999997,0.0040561,0.0074276999999999998,0.0013578000000000002,-0.00035659999999999978,0.0041240000000000001,-0.0015307000000000001,-0.0011697000000000001,0.0050550999999999999,0.0124958,-0.00089879999999999995,0.0010825999999999995,-0.0035145000000000003,0.0040433000000000005,-0.0048333999999999998,0.0066672999999999993,0.0017406000000000001,0.00061930000000000015,0.0053623999999999989,-0.0010272,0.0047858999999999992,-0.020792999999999999,0.00030429999999999997,-0.017084999999999999,0.0050407000000000004,-0.0085246999999999996,-0.0006858999999999997,-0.00069929999999999992,-0.00063269999999999993,-0.00022229999999999982,-0.0005352,-0.0010899999999999996,0.00095910000000000006,-0.0027350999999999999,6.6700000000000049e-05,0.00015029999999999991,-0.0013481000000000001,0.0022571000000000002,0.00050009999999999996,0.00085509999999999991,-9.8899999999999856e-05,0.0025780999999999998,-0.00039039999999999995,0.0027526,-0.0042483,-0.0036761999999999993,0.0021679999999999998,0.0024942999999999996,0.0015374999999999998,-0.0027377,-0.0012467999999999999,-0.00012259999999999962,-0.0042950000000000002,0.00050210000000000001,0.0046721000000000002,-0.0007293,0.0067666999999999996,-0.0017332999999999997,0.00021700000000000018,-0.0024275,0.0011612000000000003,0.0034159000000000004,0.0043566000000000004,-0.0021050000000000001,0.0025396999999999998,0.0014188,-0.0047220000000000005,-0.00071739999999999998,-0.0042919999999999989,0.0073186999999999992,-0.00056220000000000011,0.001529,-0.0047894000000000009,0.00025190000000000021,-0.0055192999999999996,0.0017751999999999998,-0.0027867999999999999,0.0030859000000000008,0.0065160000000000001,0.0010000999999999999,-0.00043230000000000091,-0.019438199999999999,0.00063760000000000032,-0.0025702999999999998,0.00016009999999999999,0.0021229,-0.00073840000000000017,0.0015844000000000001,-0.0022773000000000003,0.00079459999999999991,0.0010679000000000001,-0.00058310000000000002,0.0025735000000000003,-0.0012615999999999999,-0.0029295999999999992,-0.00095719999999999963,0.00088609999999999991,-0.0011385,-0.00011920000000000016,-0.00038739999999999988,0.0026896999999999997,0.0014200999999999999,-0.00015400000000000006,-0.0013906999999999999,0.0011527999999999998,-0.0043448999999999996,-0.0011130000000000001,-0.0025445999999999997,0.00065010000000000003,0.00018349999999999996,0.00069609999999999984,0.00048729999999999997,-0.00062150000000000009,-0.0023356000000000002,-0.0023776000000000001,-0.0007308000000000002,-0.0019400999999999999,-0.0015258999999999997,0.0023085999999999996,0.0036216999999999998,0.0036972000000000003,0.0021508999999999999,-0.0010479,-0.0010228999999999998,0.00073760000000000015,-0.00015030000000000024,-1.8499999999999962e-05,0.0043752999999999995,-0.00088009999999999998,-0.0037235000000000002,0.0017809000000000002,-0.0032414000000000002,-0.0045109,-0.0017507,0.0032193,0.0019236999999999993,0.0030603000000000002,0.00027760000000000024,-0.0031838999999999999,0.00051270000000000005,-4.6999999999999787e-05,0.010213699999999999,-0.0021851000000000001,0.0038745999999999997,0.0097931000000000008,-0.0029111000000000002,-0.0019352999999999998,0.0013384,-0.00029680000000000028,-0.0011969999999999997,0.00015499999999999997,-0.00060419999999999983,0.0006337999999999999,0.0015310999999999996,4.1600000000000144e-05,0.0015929000000000002,-0.00072030000000000011,-0.000107,0.00092649999999999991,0.0015996000000000001,-0.00032620000000000001,-0.0013684999999999999,0.0010193999999999997,-0.00040479999999999997,0.0016114,0.0025633000000000001,-0.0019884000000000004,0.0016226999999999999,-0.00091130000000000009,-0.0013685999999999998,-0.0028161999999999996,0.0027604999999999995,-0.0015744999999999999,0.00016550000000000007,-0.0017967,0.00031619999999999999,-0.0020886000000000004,0.00097219999999999967,0.00013460000000000002,-0.0009029000000000001,9.5600000000000047e-05,0.0010074000000000003,0.0019251000000000001,7.0399999999999976e-05,0.0035447999999999999,-0.0037821999999999999,-0.0021638999999999999,-4.220000000000005e-05,-0.0013427000000000003,0.00077130000000000005,-0.002349,-0.0026987000000000001,-0.0030000999999999995,0.0021002,-0.0036474000000000003,-1.6200000000000014e-05,-0.0024597,0.0033562000000000002,0.0025227000000000001,0.00042289999999999993,-0.0012721,-0.00068050000000000001,-0.0019200000000000003,0.0028076999999999998,0.0010945,0.0043664999999999997,0.0026179999999999997,-0.0041282000000000003,0.0024362000000000003,-0.0035732000000000003,-0.0011310000000000001,0.0017873000000000001,0.0045149999999999999,0.0035941000000000002,-0.0014407000000000003,-0.0006016000000000002,0.00077019999999999996,-0.00034039999999999998,0.00049120000000000001,0.00072110000000000002,-0.0013788000000000001,0.0013017000000000003,0.00012130000000000002,4.2400000000000055e-05,0.00054600000000000004,0.0012701999999999998,-0.0017130999999999995,0.000522,0.0012241000000000001,-0.0008964000000000001,0.0015468999999999999,-0.00025100000000000003,0.0010841000000000002,-0.0011661000000000002,-0.00026609999999999996,0.0016975,-0.00042229999999999996,0.0010939000000000001,0.0029061999999999998,5.1500000000000005e-05,-0.0012856,-6.9300000000000112e-05,-0.00053180000000000002,0.00083579999999999982,-0.0020544999999999999,0.001518,0.00041689999999999994,-0.0014612999999999998,-0.00033470000000000006,0.0011757,-0.00071170000000000001,-0.0021499999999999996,-0.00011020000000000013,-8.8999999999999453e-06,-0.0019126,0.0010430000000000001,-0.0022553,-3.5300000000000045e-05,0.0022235000000000002,0.00072649999999999972,0.0026313,-0.0022223,-0.0019475999999999999,0.0004952,0.00068369999999999998,-0.0027779000000000007,0.0025135000000000001,-0.001797,0.00072999999999999996,-0.0026200999999999998,-0.00063489999999999987,-0.00059499999999999993,-0.0020361999999999997,0.0006469999999999999,0.00079050000000000008,0.0011175,0.0020525999999999999,0.00011800000000000005,-0.0057964000000000002,0.0041460000000000004,-0.0032713,0.00095209999999999989,0.0031250000000000002,0.0011023999999999999,0.0079834999999999993,-0.0024269999999999999,-0.00065830000000000001,-0.0036729000000000006,-0.0083222999999999995,0.00043100000000000007
aug_between_class_right_pair0059_child07,TLE,1,1,Augmented,0,0,0,0,0,0.26391679999999995,1.9745328,-1.9999999999999999e-07,-1.8000000000000001e-06,0,1.0032264,0,0.039776199999999998,-0.14766199999999999,0.043099599999999995,0.061118000000000006,-0.095846200000000006,0.059860200000000002,-0.0032837999999999999,0.0075980000000000006,-0.018627399999999999,-0.077838600000000008,0.36428480000000002,-0.142426,-0.022726000000000003,0.10262840000000001,0.0046414000000000004,-0.024039399999999999,0.0010127999999999999,-0.056025999999999999,0.044123599999999999,0.0295728,-0.0543762,0.0027072000000000003,-0.093781000000000003,0.0159136,0.061152999999999999,-0.013893799999999998,0.011124,0.022797000000000001,-0.07220879999999999,0.030440599999999998,-0.0600206,-0.051423999999999997,0.126744,-0.0204446,0.19404079999999999,-0.0370418,0.0059683999999999996,-0.0065770000000000004,-0.0056111999999999993,-0.0048825999999999991,0.0049151999999999998,0.0342458,-0.0039647999999999992,-0.0027683999999999999,-0.0056237999999999982,-0.018169399999999999,0.019567000000000001,0.018099400000000002,0.025912399999999999,0.0063452000000000005,-0.0081100000000000009,0.0060805999999999994,0.019093800000000001,-0.025687600000000001,0.0053933999999999996,-0.0085301999999999999,-0.0023752000000000001,0.0455174,-0.099768999999999997,-0.0074394000000000005,-0.0417644,-0.033506400000000006,0.010809599999999999,-0.00099760000000000018,0.00076059999999999995,0.014396599999999999,0.013880400000000001,-0.0050990000000000011,-0.015679200000000004,0.0043641999999999995,0.0048335999999999987,-0.0055741999999999996,0.0094123999999999996,0.0040384000000000001,-0.010320199999999998,0.0049877999999999997,0.0086041999999999993,0.0018362000000000005,-0.013873,-0.0077010000000000004,0.034958000000000003,-0.015390200000000001,-0.013568200000000002,0.006221,-0.00077879999999999963,-0.0022814000000000003,-0.0078595999999999996,-0.013655600000000002,0.0090365999999999988,-0.010969599999999999,0.0026527999999999999,0.019726800000000003,0.0070066,0.025759600000000001,-0.018425,-0.0045938000000000003,0.0034302,-0.0071675999999999997,-0.0094009999999999996,0.007162,-0.0073980000000000001,0.0041905999999999992,0.0020203999999999999,0.0044666000000000003,-0.0044865999999999994,-0.0074082000000000002,0.0092668000000000004,0.0133356,0.0065115999999999993,-0.00010839999999999992,0.0099458000000000012,-0.0088965999999999993,0.0103362,-0.0018350000000000007,0.0113346,0.0039365999999999993,-0.0062136000000000005,0.0084145999999999995,-0.013132400000000001,-0.0024643999999999994,-0.018530999999999999,0.0071504000000000003,0.010045200000000001,0.0054069999999999995,-0.013483999999999999,-0.0046373999999999999,-0.029207400000000001,-0.0026949999999999995,-0.016458799999999999,-0.0025824000000000012,-0.0015318000000000007,0.0091462000000000002,-0.0077386,-0.0088845999999999994,-0.013006800000000002,-0.00198,-0.0015382,-0.0020940000000000004,-0.0043029999999999995,0.0064179999999999992,-0.0074718000000000007,0.0032402000000000004,-0.0017157999999999997,-0.0011261999999999999,0.0015903999999999996,0.0036842000000000003,0.00066379999999999998,0.0038723999999999998,-0.0045477999999999994,0.0054586000000000001,-0.0033626000000000003,-0.0018240000000000001,-0.0067299999999999999,-0.0019851999999999999,0.015833600000000003,0.0075410000000000008,-0.0051828000000000004,-0.00038960000000000036,-0.008046600000000001,-0.0073823999999999999,0.0030676000000000006,-0.0081363999999999985,0.004411,-0.0031845999999999997,0.0070749999999999997,0.0025712,-0.011001200000000001,-0.0030785999999999999,0.017088399999999997,0.0024067999999999997,0.0021195999999999997,0.0051854000000000006,-0.010683199999999999,-0.0024492000000000003,-0.022295800000000001,0.0073365999999999995,0.0029788000000000006,-0.003774200000000001,0.016032399999999999,-0.00054520000000000024,-0.00057339999999999995,0.0014361999999999999,-0.00068040000000000006,-0.0024543999999999998,0.0017959999999999999,0.0041036000000000006,0.0002008,-0.0039053999999999998,0.0011481999999999998,0.00028419999999999964,0.00039960000000000061,0.00027420000000000021,-0.00031299999999999991,0.00064839999999999993,-0.0014567999999999998,-0.0018514,0.0016272000000000001,-0.0032484000000000007,-0.0026510000000000001,0.0028148000000000001,0.0025830000000000002,-0.0025843999999999997,-0.0010110000000000002,-0.00071300000000000053,0.0021012000000000001,-0.0032891999999999999,0.0045274,0.0075478000000000003,0.0010401999999999998,-0.00062240000000000006,0.0040149999999999995,-0.0015428,-0.00084179999999999975,0.0054854000000000005,0.0132172,-0.0011662,0.0011533999999999997,-0.0038610000000000007,0.0034031999999999999,-0.0053906000000000006,0.0067921999999999991,0.0012983999999999997,2.7199999999999631e-05,0.0063905999999999998,-0.0011718000000000002,0.0057035999999999996,-0.022092000000000001,-0.00074179999999999992,-0.018280000000000001,0.0051648000000000006,-0.0090018000000000008,-0.0010156000000000006,-0.00080820000000000002,-0.00072179999999999998,-0.00044220000000000001,-0.00037179999999999982,-0.0012769999999999999,0.0010984,-0.0031424000000000001,-0.00024520000000000011,0.00041620000000000025,-0.0014583999999999999,0.0019383999999999998,0.00062640000000000005,0.0009454000000000001,-0.00029860000000000021,0.0029014000000000006,-0.00061260000000000015,0.0028744,-0.0043122000000000004,-0.0041788000000000007,0.002588,0.0027111999999999995,0.002026,-0.0026827999999999999,-0.0012811999999999999,-0.0005794000000000001,-0.0041209999999999997,0.00055040000000000004,0.0046233999999999997,-0.0010231999999999999,0.0069718000000000002,-0.0020172000000000002,0.00014000000000000015,-0.0024760000000000003,0.0013758000000000004,0.0032006000000000001,0.0042523999999999999,-0.0024710000000000005,0.0027058,0.0011741999999999998,-0.0047569999999999999,-0.00090160000000000023,-0.0051389999999999995,0.0078437999999999997,-0.00051979999999999995,0.0016510000000000001,-0.0046395999999999998,-0.00014240000000000015,-0.0058441999999999999,0.0018897999999999999,-0.0033532000000000006,0.0023575999999999996,0.0071230000000000009,0.00095940000000000001,0.00043080000000000028,-0.019791799999999998,0.00021740000000000019,-0.0027041999999999995,0.00022240000000000004,0.0020466,-0.0011516000000000005,0.0015095999999999998,-0.0021251999999999998,0.00088340000000000011,0.00099759999999999996,-0.00058940000000000002,0.0025579999999999999,-0.0016263999999999996,-0.0029633999999999997,-0.00098679999999999992,0.00092939999999999993,-0.0012819999999999999,0.00019620000000000011,-0.00053260000000000004,0.0023417999999999998,0.0015414000000000001,-7.9999999999999885e-05,-0.0015828000000000001,0.0013762000000000002,-0.0047635999999999998,-0.0013380000000000002,-0.0028063999999999997,0.00063440000000000002,0.00042700000000000008,0.0010174000000000003,0.00063420000000000013,-0.00033299999999999985,-0.0024613999999999999,-0.0029384000000000007,-0.0001562,-0.0019453999999999999,-0.0014695999999999999,0.0026104000000000001,0.0043628,0.0036397999999999999,0.0018225999999999997,-0.0015986000000000006,-0.0012146000000000001,0.0012064000000000007,0.00016780000000000012,-4.9999999999999969e-05,0.0044761999999999996,-0.0012014,-0.0040230000000000005,0.0014365999999999997,-0.0038736000000000005,-0.0043346000000000001,-0.0018218000000000002,0.0028381999999999999,0.0027178000000000003,0.0024832000000000001,-5.6600000000000183e-05,-0.0033235999999999999,0.0003078,-0.00093200000000000075,0.0106018,-0.0022224000000000002,0.0036863999999999998,0.010203400000000001,-0.0029334000000000001,-0.0020482,0.0014406,-7.9199999999999974e-05,-0.0015300000000000001,0.00013299999999999998,-0.00084380000000000002,0.00076819999999999992,0.0019714000000000008,-0.00031560000000000019,0.0015956000000000002,-0.00068720000000000001,-0.00013499999999999997,0.0010020000000000001,0.0015954000000000001,-0.00044380000000000005,-0.0015560000000000001,0.0010596,-0.00038619999999999974,0.0014445999999999999,0.0026122000000000003,-0.0016496,0.0018308,-0.0010562000000000002,-0.0015763999999999999,-0.0028268,0.0030620000000000001,-0.001578,0.00028100000000000011,-0.0016647999999999999,0.00057080000000000011,-0.0020964,0.0014787999999999999,-7.2600000000000138e-05,-0.0007316,-0.0003116000000000002,0.0007626,0.0019384000000000003,7.5600000000000103e-05,0.0038092,-0.0036378000000000001,-0.0023326000000000002,-3.8800000000000076e-05,-0.00098679999999999992,0.00060519999999999986,-0.0026250000000000002,-0.0030348000000000003,-0.0031644000000000004,0.0022728000000000002,-0.0037235999999999997,-0.00026980000000000022,-0.0024667999999999999,0.0031928,0.0024507999999999999,0.00079760000000000052,-0.0015654000000000002,-0.00058399999999999999,-0.001745,0.0027857999999999997,0.001212,0.0042909999999999997,0.0028570000000000002,-0.0041338,0.0023248000000000001,-0.0037017999999999999,-0.0013040000000000005,0.0016041999999999999,0.0039169999999999986,0.0031614,-0.0010797999999999999,-0.00058140000000000004,0.00072879999999999993,-2.2599999999999899e-05,0.00073980000000000031,0.00071539999999999993,-0.0010462,0.0011617999999999999,0.00020420000000000014,-2.9400000000000064e-05,0.00061600000000000001,0.0014947999999999999,-0.0019754,0.00055800000000000001,0.0010174000000000001,-0.0012176000000000005,0.0015165999999999999,-0.00017999999999999998,0.00085039999999999996,-0.00093139999999999998,-0.00033340000000000003,0.0015790000000000001,-0.00045820000000000002,0.0012626,0.0030938000000000003,-0.00012500000000000022,-0.0011374,0.00013680000000000007,-0.00078120000000000023,0.00091219999999999995,-0.0018709999999999998,0.0016430000000000001,0.00052760000000000003,-0.0015262000000000001,-0.00020679999999999988,0.0011127999999999999,-0.00068579999999999997,-0.0022980000000000001,0.00022120000000000006,3.1400000000000004e-05,-0.0019773999999999998,0.00096699999999999998,-0.0022251999999999997,-0.00024920000000000042,0.0021549999999999998,0.0011450000000000002,0.0027402000000000004,-0.0024122000000000002,-0.0019483999999999997,0.00040379999999999995,0.0005218,-0.0027466000000000005,0.0029009999999999999,-0.0022230000000000001,0.00073800000000000005,-0.0029144000000000002,-0.00082560000000000012,-0.0010870000000000003,-0.0023158000000000002,0.00086200000000000003,0.00071699999999999997,0.0012980000000000003,0.0020114,0.00024699999999999982,-0.0061326000000000002,0.0044030000000000007,-0.0035932000000000004,0.0012284000000000002,0.0032520000000000001,0.0011876,0.008709999999999999,-0.0022789999999999998,-0.00097220000000000021,-0.0035545999999999998,-0.0085622000000000007,0.00036099999999999999
aug_between_class_right_pair0059_child08,TLE,1,1,Augmented,0,0,0,0,0,0.25711539999999999,1.9724393999999998,-9.999999999999989e-08,-1.9e-06,0,0.99264369999999991,0,0.041409599999999998,-0.15013550000000001,0.042734299999999996,0.060151499999999997,-0.098207600000000006,0.058858099999999997,-0.0042188999999999994,0.0069755000000000008,-0.017292200000000001,-0.079566800000000007,0.36946140000000005,-0.13874449999999999,-0.024322500000000004,0.1040122,0.0051736999999999998,-0.0253782,0.00070989999999999985,-0.055459999999999995,0.045366799999999999,0.0323004,-0.054147600000000004,0.0038376,-0.092627500000000002,0.016082799999999998,0.063088000000000005,-0.0126689,0.0093994999999999999,0.023990000000000004,-0.074165900000000007,0.030129799999999998,-0.057723300000000005,-0.055958500000000001,0.128026,-0.0219198,0.1924304,-0.037301399999999998,0.0052821999999999999,-0.0073054999999999995,-0.0047440999999999994,-0.0050308000000000002,0.0055335999999999996,0.031998899999999997,-0.0032208999999999996,-0.0028027,-0.0049043999999999997,-0.0184117,0.020843500000000001,0.018102199999999999,0.025913199999999997,0.0067586,-0.0085079999999999999,0.0060482999999999995,0.0190419,-0.024793300000000001,0.0049141999999999996,-0.0078141000000000009,-0.0018860999999999999,0.049176200000000003,-0.099732999999999988,-0.0084791999999999992,-0.040130200000000005,-0.037078700000000006,0.0110808,-0.0011348,0.00073629999999999995,0.014906299999999999,0.0140447,-0.0054700000000000009,-0.016728100000000003,0.0042921000000000001,0.0037202999999999993,-0.0052826000000000001,0.0096371999999999985,0.0042361999999999999,-0.010807599999999999,0.0049723999999999992,0.0087320999999999996,0.0017141000000000005,-0.0141785,-0.0072954999999999999,0.035845000000000002,-0.015770100000000002,-0.014318600000000001,0.0073764999999999985,8.1600000000000249e-05,-0.0026797000000000001,-0.0065582999999999995,-0.015117800000000002,0.008602799999999999,-0.010880300000000001,0.0025939000000000001,0.0208069,0.0077572999999999991,0.026059300000000001,-0.019152000000000002,-0.0035974000000000002,0.0031850999999999997,-0.0076267999999999996,-0.0097520000000000003,0.0066730000000000001,-0.0078715,0.0034292999999999997,0.0020026999999999996,0.0044273000000000003,-0.0041643000000000001,-0.0076601000000000004,0.0095148999999999997,0.0130788,0.0068667999999999993,0.00013230000000000002,0.0097449000000000008,-0.0090177999999999994,0.0114141,-0.002542,0.0116443,0.0034253,-0.0068482999999999999,0.0089618000000000007,-0.014305700000000001,-0.0022886999999999994,-0.018180000000000002,0.0074461999999999992,0.0101706,0.0057145,-0.014144,-0.0040791999999999998,-0.030447700000000001,-0.0030719999999999996,-0.016323899999999999,-0.0037652000000000007,-0.002515400000000001,0.0095351000000000012,-0.008462299999999999,-0.0074922999999999995,-0.014047399999999998,-0.0016105,-0.0015691000000000001,-0.0021955,-0.0034644999999999997,0.0061824999999999996,-0.0079674000000000012,0.0029881000000000005,-0.0011133999999999996,-0.0010830999999999996,0.0013396999999999999,0.0039766000000000003,0.00054490000000000007,0.0042097000000000002,-0.0046873999999999996,0.0048833000000000001,-0.0041678000000000002,-0.0018680000000000001,-0.0062164999999999998,-0.0012885999999999998,0.016838300000000004,0.0081600000000000006,-0.0056653999999999993,-0.00063529999999999967,-0.0085558000000000006,-0.0076831999999999994,0.003749300000000001,-0.0070286999999999997,0.004746499999999999,-0.0032698000000000002,0.0063410000000000003,0.0023756000000000003,-0.0111666,-0.0031948000000000002,0.018095699999999999,0.0011634,0.0021803,0.0058057000000000004,-0.011367100000000002,-0.0030236000000000013,-0.022333899999999997,0.0062222999999999992,0.0038629000000000007,-0.0056796000000000008,0.016719699999999997,-0.00099910000000000016,-0.00060119999999999987,0.0014701,-0.0011191999999999999,-0.0026527,0.0017435,0.0050263,0.00028140000000000012,-0.0037311999999999996,0.00096159999999999995,0.00026259999999999999,0.00090279999999999983,0.0006106000000000001,-0.00013849999999999992,0.00053669999999999998,-0.0013874,-0.0019216999999999999,0.0018540999999999998,-0.0037152000000000014,-0.0026094999999999998,0.0028018999999999995,0.0023944999999999999,-0.0025986999999999998,-0.00056899999999999963,-0.00044649999999999985,0.0018031,-0.0029105999999999997,0.0049987,0.0076679000000000001,0.00072259999999999978,-0.00088819999999999991,0.0039059999999999997,-0.0015549000000000001,-0.00051389999999999986,0.0059156999999999994,0.013938599999999999,-0.0014336000000000002,0.0012241999999999999,-0.0042074999999999994,0.0027631000000000001,-0.0059478000000000005,0.0069170999999999998,0.00085619999999999978,-0.00056490000000000012,0.0074187999999999997,-0.0013164000000000001,0.0066213000000000001,-0.023391000000000002,-0.0017879000000000003,-0.019474999999999999,0.0052889000000000009,-0.0094789000000000002,-0.0013452999999999998,-0.00091710000000000001,-0.00081090000000000003,-0.00066209999999999999,-0.00020839999999999997,-0.0014639999999999998,0.0012377,-0.0035496999999999998,-0.00055710000000000004,0.00068210000000000015,-0.0015687000000000001,0.0016197,0.00075270000000000003,0.0010357000000000001,-0.00049830000000000013,0.0032246999999999996,-0.00083480000000000002,0.0029962000000000001,-0.0043761000000000008,-0.0046813999999999996,0.0030079999999999994,0.0029280999999999995,0.0025145000000000002,-0.0026278999999999999,-0.0013155999999999999,-0.0010361999999999999,-0.003947,0.00059869999999999997,0.0045747000000000001,-0.0013170999999999997,0.0071768999999999999,-0.0023010999999999999,6.3000000000000122e-05,-0.0025245000000000003,0.0015904000000000005,0.0029852999999999998,0.0041481999999999995,-0.0028370000000000005,0.0028718999999999997,0.00092960000000000004,-0.0047919999999999994,-0.0010858,-0.005986,0.0083689000000000003,-0.00047740000000000022,0.0017730000000000001,-0.0044898000000000004,-0.00053670000000000009,-0.0061691000000000003,0.0020043999999999999,-0.0039196000000000005,0.0016292999999999998,0.0077300000000000008,0.00091869999999999994,0.0012939000000000006,-0.020145400000000001,-0.00020279999999999973,-0.0028380999999999997,0.00028469999999999998,0.0019702999999999999,-0.0015648000000000003,0.0014348,-0.0019730999999999998,0.0009722000000000001,0.00092729999999999983,-0.00059570000000000001,0.0025425000000000005,-0.0019912000000000003,-0.0029971999999999993,-0.0010163999999999998,0.00097269999999999995,-0.0014255000000000001,0.00051160000000000008,-0.0006778,0.0019938999999999998,0.0016627,-5.999999999999929e-06,-0.0017749000000000003,0.0015996000000000001,-0.0051822999999999999,-0.0015630000000000002,-0.0030682000000000001,0.00061870000000000002,0.00067050000000000009,0.0013387,0.00078110000000000007,-4.4499999999999835e-05,-0.0025872000000000004,-0.0034992000000000005,0.0004184000000000002,-0.0019506999999999999,-0.0014132999999999997,0.0029122000000000002,0.0051038999999999998,0.0035823999999999999,0.0014942999999999996,-0.0021493000000000007,-0.0014063000000000001,0.0016752000000000004,0.0004859000000000001,-8.1500000000000029e-05,0.0045770999999999997,-0.0015226999999999997,-0.0043225,0.0010923,-0.0045057999999999999,-0.0041583000000000002,-0.0018929000000000003,0.0024571000000000003,0.0035118999999999992,0.0019061000000000002,-0.00039080000000000007,-0.0034632999999999999,0.00010289999999999995,-0.0018170000000000005,0.0109899,-0.0022596999999999999,0.0034981999999999999,0.0106137,-0.0029557000000000003,-0.0021611,0.0015428000000000002,0.0001384,-0.0018630000000000001,0.00011099999999999999,-0.0010834,0.00090259999999999993,0.0024117000000000001,-0.0006728000000000002,0.0015983000000000004,-0.00065410000000000012,-0.00016299999999999995,0.0010775000000000001,0.0015912000000000001,-0.00056139999999999988,-0.0017435,0.0010997999999999997,-0.00036760000000000004,0.0012777999999999999,0.0026611,-0.0013108,0.0020389000000000002,-0.0012011000000000001,-0.0017842000000000001,-0.0028373999999999995,0.0033634999999999993,-0.0015815,0.00039650000000000004,-0.0015329,0.00082540000000000001,-0.0021042000000000001,0.0019854,-0.00027980000000000019,-0.00056030000000000001,-0.00071880000000000002,0.00051780000000000001,0.0019517000000000002,8.0800000000000012e-05,0.0040736000000000001,-0.0034933999999999998,-0.0025013000000000001,-3.5400000000000102e-05,-0.00063089999999999989,0.00043909999999999994,-0.0029009999999999999,-0.0033709,-0.0033287000000000004,0.0024454000000000004,-0.0037997999999999999,-0.00052340000000000004,-0.0024739000000000002,0.0030293999999999998,0.0023789000000000002,0.0011723,-0.0018587000000000005,-0.00048749999999999998,-0.0015699999999999998,0.0027639000000000001,0.0013295,0.0042154999999999996,0.0030959999999999998,-0.0041393999999999997,0.0022133999999999999,-0.0038303999999999999,-0.001477,0.0014211,0.0033189999999999995,0.0027286999999999997,-0.00071889999999999996,-0.00056120000000000009,0.00068740000000000001,0.00029520000000000024,0.00098840000000000039,0.00070969999999999996,-0.00071359999999999989,0.0010219000000000001,0.00028710000000000015,-0.00010119999999999997,0.00068600000000000019,0.0017193999999999996,-0.0022376999999999996,0.0005939999999999998,0.00081070000000000014,-0.0015388000000000003,0.0014862999999999999,-0.00010899999999999998,0.00061669999999999997,-0.00069669999999999997,-0.00040069999999999998,0.0014605000000000002,-0.00049410000000000003,0.0014313000000000004,0.0032813999999999999,-0.00030150000000000001,-0.00098919999999999998,0.00034290000000000004,-0.0010306000000000002,0.00098860000000000007,-0.0016874999999999998,0.0017680000000000003,0.00063829999999999996,-0.0015910999999999998,-7.8899999999999912e-05,0.0010499000000000001,-0.00065989999999999994,-0.0024460000000000003,0.00055259999999999999,7.1700000000000062e-05,-0.0020422000000000001,0.00089099999999999987,-0.0021950999999999997,-0.00046310000000000014,0.0020864999999999998,0.0015634999999999998,0.0028491000000000002,-0.0026021000000000004,-0.0019491999999999999,0.00031239999999999995,0.00035990000000000002,-0.0027152999999999999,0.0032885000000000002,-0.0026490000000000003,0.00074599999999999992,-0.0032087000000000001,-0.0010162999999999999,-0.0015789999999999997,-0.0025953999999999999,0.001077,0.00064349999999999997,0.0014785,0.0019702000000000001,0.00037600000000000003,-0.0064688000000000002,0.0046600000000000009,-0.0039151000000000004,0.0015047000000000001,0.0033790000000000001,0.0012728000000000001,0.0094365000000000004,-0.0021310000000000001,-0.0012861000000000003,-0.0034363000000000006,-0.0088021000000000002,0.00029099999999999992
aug_between_class_right_pair0060_child05,TLE,1,1,Augmented,0,0,0,0,0,0.31455280000000002,2.0631854000000001,4.0000000000000003e-07,5.9999999999999997e-07,3.9999999999999998e-07,0.96010839999999997,0,0.039704799999999998,-0.1587026,0.046353800000000001,0.1019306,-0.099415199999999995,0.078480599999999998,0.0019969999999999996,0.022960600000000001,-0.027201200000000002,-0.0804372,0.41727759999999997,-0.14888860000000001,0.018513400000000003,0.050243200000000002,0.039924000000000008,-0.019742800000000001,-0.0094199999999999996,-0.043333799999999999,0.022499400000000003,0.020935000000000002,-0.056227999999999993,-0.0023453999999999997,-0.082270999999999997,0.0190946,0.0474148,-0.030962799999999999,0.0074489999999999999,0.019805799999999998,-0.0359832,0.045504799999999998,-0.063438999999999995,-0.022112,0.096353399999999992,-0.0356444,0.211975,-0.078667000000000001,0.011417999999999999,-0.00072199999999999999,-0.0087968000000000005,-0.013377,-0.004650399999999999,0.040703400000000001,-0.0065412000000000005,-0.013431800000000001,-0.0050393999999999994,-0.023209,0.0151018,0.0097675999999999978,0.016666,0.0120952,-0.024152,-0.0073307999999999993,0.014647199999999999,-0.040705200000000004,0.0050901999999999996,0.007674799999999999,0.0066484000000000005,0.0051241999999999954,-0.077138799999999993,0.0008496000000000007,-0.0230876,0.0082042000000000018,0.0077702000000000005,-0.00075759999999999955,0.0031051999999999994,0.0150668,0.0085433999999999996,0.00024299999999999973,-0.0046592000000000005,0.0028556000000000007,0.0059096000000000001,-0.0034355999999999996,0.00037799999999999986,0.0009304000000000005,-0.012966,0.0019478000000000004,0.0013978000000000011,0.0024276000000000002,-0.013655,-0.0089386000000000014,0.015740200000000003,-0.0080876000000000003,-0.0041487999999999994,-0.019122,-0.0052859999999999999,0.0080537999999999998,-0.0217544,0.00033759999999999953,0.0130174,-0.0029698000000000016,0.0036638,0.015280200000000001,0.0033476000000000001,0.019000400000000001,0.0015393999999999998,0.0102868,0.0024131999999999999,-0.0030252,-0.001727199999999999,0.015926599999999999,-0.00413,0.0026405999999999999,-0.0019323999999999999,0.0047631999999999996,-0.00049320000000000006,-0.0038368,0.0060019999999999995,0.0063176000000000005,-0.0019697999999999998,0.0010552000000000001,0.004058,-0.007011400000000001,0.0083171999999999986,-0.0148576,0.010294000000000001,-0.00091999999999999992,-0.0068790000000000006,0.0037169999999999998,-0.0041504000000000003,0.00095299999999999985,-0.0095152000000000014,-0.00089240000000000001,0.0063330000000000001,9.7199999999999544e-05,-0.0048120000000000003,-0.0066860000000000001,-0.0085845999999999995,-0.0037535999999999997,-0.0071805999999999997,-0.003080600000000001,0.0067241999999999996,0.00043499999999999989,0.0069941999999999999,-0.0086644000000000009,0.00028479999999999998,-0.0041356000000000006,0.001227,-0.0036002000000000004,0.0022832,0.0048347999999999993,-0.0030782000000000001,0.0040660000000000002,-0.00167,0.0041317999999999997,0.0038269999999999997,-0.00032900000000000008,0.0057120000000000001,0.00056519999999999997,-0.0034667999999999999,0.0027802,0.0010859999999999999,-0.0020238000000000001,-0.0053287999999999999,-0.0070298000000000001,0.0063038,-0.0042112000000000017,0.0043033999999999989,-0.0032652000000000002,-0.0065003999999999999,-0.0081735999999999996,0.00025120000000000003,-0.0089540000000000002,-0.0011948000000000002,0.00077340000000000026,0.011969800000000001,0.0073672000000000008,-0.011880999999999999,0.0062713999999999999,0.0053208000000000005,0.0005598000000000006,-0.0032324000000000007,0.0089271999999999997,-0.0072318,0.0064785999999999993,-0.0179512,0.0038602000000000007,-0.0059840000000000006,0.0051405999999999986,0.0086962000000000012,-0.0070875999999999986,-0.00082400000000000019,0.00060300000000000002,0.00064780000000000003,-0.001879,0.0019246000000000001,0.00038860000000000001,-0.0025088000000000003,-0.0014787999999999999,0.00097520000000000007,0.0027315999999999998,-0.0013871999999999999,-0.0022379999999999995,0.00011079999999999987,0.00065860000000000007,-0.0038712,0.0013296000000000002,-0.00048860000000000006,-0.0010146000000000001,0.00060639999999999956,0.0013805999999999998,5.6599999999999966e-05,-0.0062805999999999999,-0.0012974000000000002,0.0073057999999999994,0.0050559999999999997,-0.0050206000000000001,0.0023982000000000001,0.0061246,-0.0019142,-0.00017239999999999985,0.0035479999999999999,-0.0038824000000000003,-2.400000000000492e-06,0.0033327999999999999,0.0019953999999999996,-0.0012586000000000001,-0.005380600000000001,0.0030609999999999995,0.0014348000000000002,-4.4800000000000655e-05,0.00025500000000000002,-0.0028151999999999995,-0.0046645999999999996,0.0022989999999999998,-0.0046541999999999998,0.00084400000000000013,-0.009421800000000001,0.0076064000000000001,0.0023909999999999999,-0.0050905999999999998,-0.0062377999999999999,0.00181,-0.00072519999999999995,-0.0037115999999999998,0.00017319999999999987,-0.0022981999999999998,-0.00034039999999999998,-0.00054360000000000009,-0.0016809999999999998,0.0012041999999999999,-0.0010782000000000003,-0.00078579999999999991,0.0050597999999999997,0.00038239999999999997,0.00088579999999999996,-3.7600000000000047e-05,-0.0018349999999999998,-0.00061959999999999999,0.0028890000000000001,-0.0020181999999999999,0.0019247999999999999,-0.0029659999999999999,0.00036479999999999998,0.0010636,-0.0068032000000000006,0.0011410000000000001,0.0006778000000000001,-0.0032489999999999997,0.00067000000000000002,0.0054777999999999997,0.0045873999999999993,0.0031992000000000001,1.6200000000000028e-05,0.0029307999999999999,-0.0023718000000000003,-0.0024590000000000002,0.0061852000000000001,-7.9999999999999993e-05,-0.0011925999999999998,0.0036903999999999999,0.0053105999999999995,-0.0035403999999999995,0.0016274000000000002,-0.0010328,0.0031472000000000002,-0.0039136000000000006,0.00036700000000000014,-0.00039839999999999971,-0.0025951999999999998,-0.0029573999999999998,0.0036710000000000002,-0.0039550000000000002,0.0019861999999999996,0.0010772000000000004,-0.0037201999999999999,-0.0041878000000000019,-0.0119998,0.0073207999999999997,0.00012200000000000004,-0.00024540000000000006,0.0015673999999999998,0.0029331999999999995,-0.0013251999999999999,-0.0012312,-0.00083540000000000003,0.0017009999999999998,-0.0003656,-0.00050060000000000002,0.00079219999999999996,-0.0018804000000000002,0.0022564,0.00065639999999999991,-0.0027138000000000002,-0.0035025999999999998,0.00064400000000000004,0.0029106000000000002,0.0019140000000000001,0.00013979999999999993,0.00016720000000000016,0.0011253999999999999,0.00015259999999999991,-0.0018024,-0.0021299999999999999,8.6999999999999946e-05,0.00052339999999999993,-0.00014199999999999998,-0.0011214000000000003,-0.0019854,-0.0024451999999999998,-4.8799999999999885e-05,3.1399999999999571e-05,0.00025440000000000011,0.0027836000000000002,0.0030493999999999999,0.0011286,0.0037904000000000002,-0.0014315999999999999,-0.00095680000000000005,0.0022437999999999998,-0.00036879999999999997,-0.00048139999999999994,0.00051859999999999992,0.0017275999999999999,-0.0025796000000000005,0.00013380000000000011,0.0015027999999999999,-0.0014191999999999998,-0.0041767999999999996,0.00045379999999999986,-2.2599999999999574e-05,-0.0035728000000000001,0.0054023999999999999,-0.00036799999999999995,0.0017383999999999998,-0.0037139999999999999,0.0038454000000000001,0.0040286000000000002,-0.0049374000000000006,-0.0020902000000000004,0.00081099999999999966,-0.0033516000000000002,-0.0010796,0.00072400000000000003,-0.00022659999999999976,0.0016478,0.00025739999999999997,0.00074679999999999983,0.00057140000000000012,0.00047479999999999994,0.00043439999999999993,0.00081979999999999998,-0.00037480000000000006,0.0018545999999999999,0.0010409999999999998,-0.00064759999999999991,0.00028480000000000004,-0.000379,0.00060740000000000002,-0.0017136,0.0012983999999999999,-0.0014295999999999998,-0.0031626000000000002,-0.00017760000000000009,-0.00031299999999999996,-0.0027602,-0.0030682000000000001,0.0021907999999999997,0.0022569999999999999,0.0011062000000000001,-0.00089079999999999997,-0.0003487999999999998,-0.0020116000000000001,-0.0013159999999999999,0.0026836,-0.00059639999999999997,0.00041160000000000003,-0.00044780000000000004,0.0019882000000000003,-0.0007316,0.0034646,-0.0023772000000000003,-0.0021438000000000004,0.00014260000000000032,-0.00031059999999999996,0.0016170000000000002,-0.00095799999999999998,0.0010308000000000001,-0.0019836000000000003,0.0016196000000000001,-0.0018724000000000002,0.0012823999999999997,-0.0039914,0.00044680000000000024,0.0020287999999999999,-0.0028869999999999998,-0.0003634,-0.00061360000000000006,0.00026860000000000024,0.00020979999999999998,0.0036183999999999999,0.0051324000000000005,0.0053541999999999999,-0.0055294000000000003,0.0014751999999999999,-0.002176599999999999,-0.0013616000000000001,0.0014138,-0.00025419999999999978,0.0027500000000000003,0.00013459999999999991,-0.00014720000000000005,-0.00014960000000000006,9.8000000000000105e-05,-0.0014278000000000001,0.0006115999999999999,-0.0011762000000000001,-6.5599999999999941e-05,-0.00095679999999999984,0.00022219999999999998,-0.0010096,-0.00050880000000000001,0.00089640000000000021,-0.00094280000000000004,0.00088699999999999998,-0.0014289999999999997,0.0022862000000000004,0.00051959999999999994,1.0200000000000031e-05,-7.5199999999999931e-05,0.00042700000000000002,-8.7999999999999429e-06,0.00032440000000000002,-0.00051939999999999994,-0.00095800000000000019,0.0017179999999999999,-0.0016396,0.0011474,-0.00032719999999999988,-0.0011768,-0.00068900000000000005,-0.00013820000000000005,-0.00092220000000000019,0.0016864000000000007,-0.00051680000000000009,0.00061820000000000006,-0.0011434000000000001,4.6799999999999938e-05,-0.00038079999999999999,-0.0023857999999999996,-0.00036120000000000005,-9.0800000000000039e-05,0.00075279999999999987,-8.7399999999999956e-05,0.0027423999999999999,0.00015340000000000026,0.0014616,-0.0022006,-0.00090959999999999978,-0.00024280000000000007,-0.00088560000000000006,0.0014997999999999995,0.0011770000000000001,-0.0018166000000000002,0.0022281999999999996,-0.00078760000000000006,0.00064519999999999996,0.0022428000000000001,-0.00044280000000000003,0.0028355999999999998,-0.0017014,0.0024612000000000002,0.0034568000000000003,-0.0034743999999999999,-3.9999999999979288e-07,0.0011843999999999997,-0.00087379999999999988,-0.0012152,-0.0027130000000000006,0.00062200000000000005,0.0036216,-0.0019750000000000002,0.0024646000000000004,-0.00038180000000000012,-0.0028116,-0.00034620000000000028
aug_between_class_right_pair0060_child06,TLE,1,1,Augmented,0,0,0,0,0,0.31251010000000001,2.0603072999999998,3.0000000000000004e-07,6.9999999999999986e-07,3.0000000000000004e-07,0.94059130000000002,0,0.039034600000000003,-0.15904669999999999,0.050647600000000001,0.10656669999999999,-0.1028554,0.082646200000000003,-0.00033199999999999929,0.0230467,-0.027611400000000001,-0.079726400000000003,0.41497869999999998,-0.1547692,0.0184368,0.044495900000000005,0.036959000000000006,-0.020691600000000001,-0.0095054999999999983,-0.041061599999999997,0.021636300000000001,0.0207805,-0.059400499999999995,-0.0030982999999999987,-0.080783500000000008,0.017955699999999998,0.047581100000000001,-0.030741600000000001,0.0066160000000000004,0.0186581,-0.033806900000000001,0.045517599999999998,-0.064763999999999988,-0.020913000000000001,0.094331299999999993,-0.032353300000000002,0.20957100000000001,-0.078230999999999995,0.011372999999999999,-0.00058650000000000022,-0.0078861000000000001,-0.012956000000000001,-0.0042803000000000008,0.042282300000000002,-0.0068729000000000004,-0.013397599999999999,-0.0051288000000000011,-0.023997999999999998,0.015463600000000001,0.009910200000000001,0.017006,0.012664399999999999,-0.025112500000000003,-0.0086660999999999978,0.0155984,-0.040199400000000003,0.0053978999999999997,0.0083505999999999997,0.0082518000000000001,0.0054623999999999992,-0.076267100000000004,0.0016486999999999995,-0.023998699999999998,0.0098908999999999976,0.0076708999999999996,-0.0015641999999999995,0.0028378999999999995,0.015233099999999999,0.0079007999999999995,0.00055249999999999982,-0.0059363999999999997,0.0027267000000000003,0.0059762000000000001,-0.0041061999999999991,0.0014059999999999995,0.00067080000000000091,-0.013600000000000001,0.0013811000000000001,0.00048260000000000143,0.0019462000000000004,-0.013644,-0.0082502000000000009,0.015153400000000001,-0.0070862000000000008,-0.0048701000000000005,-0.020650000000000002,-0.0060850000000000001,0.0092035999999999993,-0.020715299999999999,0.0011576999999999994,0.012479799999999999,-0.0010066000000000016,0.0030906000000000002,0.014847900000000001,0.0038362000000000001,0.0181003,0.0030168,0.012047099999999998,0.0023813999999999997,-0.0031203999999999997,-0.0015779000000000001,0.0168752,-0.0046769999999999997,0.0020317,-0.0024897999999999995,0.0052808999999999998,-0.00042540000000000069,-0.0040550999999999999,0.0056885,0.005639700000000001,-0.0028325999999999994,0.00093840000000000004,0.0039195000000000002,-0.0068338000000000001,0.0075739000000000015,-0.015549200000000001,0.0107075,-0.0011604999999999999,-0.0056315000000000002,0.0041205,-0.0033263000000000004,0.0012959999999999998,-0.0083114,-0.0011862999999999999,0.0065354999999999996,0.00063839999999999991,-0.0048415000000000003,-0.0059575000000000001,-0.0078021999999999996,-0.0039941999999999998,-0.0066072000000000006,-0.0023742000000000008,0.0066338999999999999,0.0009264999999999997,0.0069578999999999995,-0.0092347999999999996,0.0004791000000000001,-0.0047637000000000001,0.0012405000000000001,-0.0034878999999999999,0.0021729000000000002,0.0049845999999999996,-0.0031679,0.003692,-0.0018385000000000001,0.0044625999999999997,0.0043909999999999991,0.00039299999999999969,0.0061945000000000004,0.00047040000000000005,-0.0032861000000000001,0.0022319000000000002,0.00078799999999999986,-0.0019816,-0.0047621,-0.0061146000000000004,0.0059321,-0.0047404000000000005,0.0052842999999999987,-0.0037479000000000002,-0.0073778000000000003,-0.0083327000000000002,0.00066339999999999975,-0.0076295,-0.00082659999999999982,0.00024430000000000068,0.012393599999999999,0.0070094000000000007,-0.011936499999999999,0.0062293000000000001,0.0048190999999999998,-0.00050039999999999872,-0.0033118000000000002,0.0089759000000000002,-0.0075001,0.0061781999999999991,-0.018390899999999998,0.0043233999999999998,-0.0058335000000000001,0.006121699999999999,0.0086384000000000009,-0.0081476999999999973,-0.0010825000000000001,0.00053149999999999996,0.0011705999999999995,-0.0016400000000000002,0.0019136999999999999,0.0003457,-0.0026240999999999999,-0.0021010999999999998,0.0009683999999999999,0.0027682000000000002,-0.0013638999999999999,-0.0027039999999999998,0.00037459999999999989,0.00063020000000000003,-0.0046008999999999998,0.00081620000000000022,-0.00018620000000000016,-0.0010972,0.00085629999999999951,0.0015366999999999998,-5.7299999999999929e-05,-0.0066566999999999998,-0.0010578000000000002,0.0078875999999999981,0.0050435000000000002,-0.0050171999999999994,0.0025709000000000001,0.0058937,-0.0024343999999999998,-0.00018979999999999995,0.0033400000000000001,-0.0040603000000000002,0.00097869999999999902,0.0042201000000000001,0.0019258000000000009,-0.0013936999999999999,-0.004833200000000001,0.00332,0.00076360000000000035,0.001229399999999999,0.00012899999999999977,-0.0031929000000000003,-0.0044777000000000003,0.0026890000000000004,-0.0043233999999999998,0.00081149999999999972,-0.0091671000000000009,0.0083442999999999989,0.0031354999999999985,-0.0057226999999999998,-0.0059525999999999997,0.0017545,-0.00090489999999999993,-0.0037721999999999994,0.0001294,-0.0022848999999999999,-0.00051929999999999988,-0.00051870000000000009,-0.0014595000000000001,0.0014868999999999998,-0.00057690000000000042,-0.0010126,0.0051850999999999998,0.00050529999999999998,0.00069209999999999996,-0.00039270000000000006,-0.0018975000000000001,-0.00079719999999999997,0.0032225000000000001,-0.0017634,0.0019156000000000002,-0.0029789999999999999,0.00018809999999999996,0.0011961999999999999,-0.0071754000000000002,0.00101,0.00044710000000000019,-0.0026245000000000001,0.00074850000000000003,0.0061175999999999991,0.0047862999999999994,0.0031894000000000002,-0.00051059999999999994,0.0024996000000000003,-0.0028056000000000001,-0.0019905000000000001,0.0068483999999999993,-0.00034349999999999989,-0.00089970000000000013,0.0040677999999999999,0.0052772000000000001,-0.0036677999999999997,0.0019603000000000003,-0.0012470999999999997,0.0028174000000000003,-0.0036387000000000004,0.00045750000000000001,-0.00038529999999999988,-0.0030108999999999999,-0.0029597999999999998,0.0037910000000000001,-0.0043354999999999999,0.0024743999999999994,0.00043140000000000019,-0.0037898999999999997,-0.0045921000000000017,-0.0121601,0.0068896000000000001,9.6999999999999973e-05,-0.00021780000000000009,0.0016137999999999999,0.0029183999999999998,-0.0016213999999999998,-0.0012024,-0.0011027999999999999,0.0019759999999999999,-0.00056969999999999992,-0.00059119999999999995,0.00090689999999999987,-0.0021702999999999996,0.0021603,0.00071579999999999994,-0.0029241000000000002,-0.0035362000000000002,0.00064150000000000003,0.0027222000000000001,0.0020525000000000001,0.00014559999999999996,0.00029740000000000007,0.0013208,0.00058870000000000016,-0.0017527999999999999,-0.001993,0.00013349999999999994,0.00062779999999999986,-0.00011649999999999996,-0.0013543000000000003,-0.0024993000000000003,-0.0026124,-0.00022309999999999995,0.00041179999999999949,0.00012979999999999979,0.0025337000000000003,0.0029817999999999997,0.0010122,0.0036893000000000004,-0.0021896999999999993,-0.00094459999999999998,0.0023996,-0.00038710000000000003,-0.00050980000000000003,0.00075269999999999981,0.0012751999999999998,-0.0024212000000000001,0.00023010000000000023,0.0018931,-0.0019753999999999996,-0.0042255999999999995,0.0011270999999999998,-0.00024519999999999989,-0.0033001000000000003,0.0056258000000000002,-0.00053299999999999984,0.0018827999999999996,-0.0036599999999999996,0.0040133,0.0038897000000000003,-0.004981300000000001,-0.0019374000000000014,0.00039500000000000039,-0.0030507000000000004,-0.0011152,0.00089700000000000001,-0.00047169999999999981,0.0019965999999999999,0.00033279999999999996,0.00077060000000000008,0.00057229999999999998,0.00051059999999999994,0.00042579999999999994,0.00090959999999999988,-0.00027410000000000005,0.0017831999999999998,0.0011785000000000001,-0.00076419999999999982,0.00030410000000000002,-0.00028650000000000008,0.00057929999999999993,-0.0014622000000000001,0.0014302999999999998,-0.0014666999999999998,-0.0031936999999999998,-0.00054469999999999963,-0.00041149999999999987,-0.0028238999999999998,-0.0033578999999999996,0.0024491000000000001,0.0024789999999999999,0.0010604,-0.0008451,-0.00065259999999999971,-0.0022427000000000002,-0.0010475,0.0024717000000000003,-0.00036530000000000015,9.7200000000000194e-05,-0.00053560000000000012,0.0018559000000000002,-0.00076970000000000001,0.0036292,-0.0022163999999999999,-0.0021056,0.00045420000000000009,-0.0003457,0.0011650000000000005,-0.00017250000000000013,0.0010720999999999999,-0.0022811999999999997,0.0021412000000000002,-0.0016263000000000002,0.0016137999999999999,-0.0042163000000000001,-0.00022089999999999957,0.0022380999999999998,-0.0030960000000000002,-0.00026879999999999997,-0.00031720000000000023,0.00010120000000000007,0.00025109999999999998,0.0038002999999999999,0.0051137999999999999,0.0053613999999999997,-0.0054218000000000001,0.0011483999999999999,-0.0027246999999999992,-0.0014841999999999998,0.0013526,-0.00042589999999999978,0.002797,0.00010819999999999992,-0.00011640000000000001,-0.00012270000000000006,0.00025549999999999998,-0.0015161,0.00062819999999999998,-0.0010614000000000001,-0.00023169999999999991,-0.0011895999999999999,0.00030389999999999996,-0.0010177000000000001,-0.0003811000000000001,0.00057180000000000035,-0.00098160000000000001,0.00097499999999999996,-0.001578,0.0022529000000000004,0.00058469999999999996,-0.00022859999999999992,0.00026609999999999975,0.00031000000000000005,-0.00015759999999999995,0.00043629999999999998,-0.00053879999999999998,-0.00065350000000000033,0.0017290000000000001,-0.0015931999999999999,0.0010288000000000001,-0.00045789999999999991,-0.0010516,-0.0006845,-0.00032489999999999998,-0.00086140000000000001,0.0020223000000000003,-0.00056859999999999983,0.00066790000000000003,-0.0012828,0.00010959999999999993,-0.00054060000000000002,-0.0027200999999999996,-0.00021890000000000012,-0.00017310000000000014,0.00087609999999999988,0.00029169999999999983,0.0029502999999999999,-0.00032919999999999965,0.0014996999999999999,-0.0022607,-0.0011551999999999999,-0.00049560000000000001,-0.00070370000000000003,0.0020145999999999996,0.0015599999999999998,-0.0018192000000000002,0.0020404000000000004,-0.00057419999999999997,0.00073789999999999999,0.0020720999999999999,-0.00059309999999999994,0.0029121999999999998,-0.0017973000000000002,0.0024899000000000006,0.0033131000000000002,-0.0031977999999999998,0.00055219999999999965,0.0011707999999999998,-0.00056709999999999985,-0.0011553999999999998,-0.0031660000000000008,0.00071449999999999997,0.0039871999999999998,-0.0014165000000000007,0.0029942000000000007,-8.8600000000000148e-05,-0.0031251999999999999,3.9599999999999878e-05
aug_between_class_right_pair0060_child07,TLE,1,1,Augmented,0,0,0,0,0,0.3104674,2.0574292000000001,1.9999999999999994e-07,7.9999999999999996e-07,1.9999999999999994e-07,0.92107420000000007,0,0.0383644,-0.1593908,0.054941400000000001,0.1112028,-0.1062956,0.086811800000000008,-0.0026610000000000015,0.023132799999999999,-0.028021600000000001,-0.079015599999999991,0.41267979999999999,-0.16064980000000001,0.0183602,0.038748599999999994,0.033993999999999996,-0.021640400000000001,-0.0095909999999999988,-0.038789399999999995,0.020773200000000002,0.020626000000000002,-0.06257299999999999,-0.0038512000000000004,-0.079296000000000005,0.0168168,0.047747399999999995,-0.0305204,0.0057829999999999999,0.017510399999999999,-0.031630599999999995,0.045530399999999999,-0.066088999999999995,-0.019713999999999999,0.092309199999999994,-0.0290622,0.20716700000000002,-0.077795000000000003,0.011328,-0.00045100000000000045,-0.0069753999999999997,-0.012535000000000001,-0.0039102,0.043861200000000003,-0.0072046000000000002,-0.013363400000000001,-0.005218200000000001,-0.024787,0.0158254,0.010052800000000001,0.017346,0.0132336,-0.026073000000000006,-0.010001399999999999,0.016549600000000001,-0.039693600000000002,0.0057055999999999999,0.0090264000000000004,0.0098551999999999997,0.0058005999999999995,-0.075395400000000001,0.0024478,-0.024909799999999999,0.011577600000000004,0.0075715999999999995,-0.0023708000000000002,0.0025705999999999997,0.015399400000000001,0.0072581999999999994,0.00086200000000000014,-0.0072136000000000006,0.0025977999999999999,0.0060428000000000001,-0.0047768000000000003,0.0024340000000000004,0.00041119999999999959,-0.014234,0.00081439999999999941,-0.0004326,0.0014647999999999996,-0.013632999999999999,-0.0075617999999999996,0.014566599999999999,-0.0060847999999999996,-0.0055914000000000007,-0.022178000000000003,-0.0068840000000000004,0.0103534,-0.019676199999999998,0.0019778,0.0119422,0.00095660000000000189,0.0025173999999999995,0.014415600000000001,0.0043248000000000002,0.017200199999999999,0.0044942000000000003,0.013807400000000001,0.0023495999999999994,-0.0032156000000000003,-0.0014285999999999995,0.017823800000000001,-0.0052240000000000003,0.0014227999999999992,-0.0030472000000000003,0.0057986000000000001,-0.00035760000000000002,-0.0042734000000000001,0.0053749999999999996,0.0049617999999999997,-0.0036954000000000006,0.00082159999999999991,0.0037809999999999996,-0.0066562000000000001,0.0068305999999999992,-0.0162408,0.011121000000000001,-0.0014010000000000001,-0.004383999999999999,0.0045240000000000002,-0.0025022,0.001639,-0.0071075999999999995,-0.0014802000000000001,0.0067380000000000001,0.0011796000000000003,-0.0048710000000000003,-0.0052290000000000001,-0.0070197999999999979,-0.0042347999999999995,-0.0060337999999999998,-0.0016677999999999997,0.0065436000000000001,0.001418,0.0069216,-0.0098052,0.00067339999999999978,-0.0053918000000000004,0.0012539999999999999,-0.0033755999999999999,0.0020626000000000004,0.0051343999999999999,-0.0032575999999999998,0.0033179999999999998,-0.0020070000000000001,0.0047933999999999997,0.0049549999999999993,0.0011150000000000005,0.0066770000000000006,0.00037559999999999997,-0.0031053999999999999,0.0016835999999999997,0.00048999999999999977,-0.0019394,-0.0041954000000000002,-0.0051993999999999999,0.0055604000000000001,-0.005269600000000001,0.0062651999999999994,-0.0042306000000000002,-0.008255199999999999,-0.0084918000000000007,0.0010755999999999999,-0.0063049999999999998,-0.00045839999999999943,-0.00028479999999999998,0.0128174,0.0066516000000000006,-0.011991999999999999,0.0061871999999999995,0.004317399999999999,-0.0015605999999999999,-0.0033912000000000005,0.0090246000000000007,-0.0077684,0.005877799999999999,-0.018830599999999999,0.0047866000000000002,-0.0056829999999999988,0.0071028000000000011,0.0085806000000000007,-0.0092077999999999986,-0.0013410000000000002,0.00046000000000000001,0.0016934000000000003,-0.0014009999999999999,0.0019028000000000001,0.00030279999999999999,-0.0027394000000000003,-0.0027234000000000004,0.00096159999999999995,0.0028048000000000001,-0.0013406,-0.0031700000000000001,0.00063840000000000012,0.00060179999999999999,-0.0053305999999999996,0.00030279999999999982,0.00011620000000000009,-0.0011798000000000002,0.0011061999999999999,0.0016927999999999999,-0.00017120000000000004,-0.0070328000000000005,-0.00081819999999999983,0.0084694000000000002,0.0050310000000000007,-0.0050137999999999997,0.0027436000000000001,0.0056628,-0.0029545999999999999,-0.00020719999999999994,0.0031320000000000002,-0.0042382000000000001,0.0019598000000000003,0.0051074000000000007,0.0018561999999999997,-0.0015288000000000001,-0.0042858000000000002,0.0035789999999999997,9.2399999999999861e-05,0.0025036000000000004,2.9999999999995308e-06,-0.0035706000000000002,-0.0042908,0.0030790000000000006,-0.0039925999999999998,0.00077899999999999974,-0.0089124000000000009,0.0090822000000000021,0.0038799999999999989,-0.0063548000000000007,-0.0056673999999999995,0.001699,-0.0010846,-0.0038327999999999995,8.5599999999999695e-05,-0.0022715999999999999,-0.00069820000000000006,-0.00049379999999999997,-0.001238,0.0017696000000000005,-7.5599999999999886e-05,-0.0012394000000000001,0.0053103999999999998,0.00062820000000000009,0.00049839999999999986,-0.00074780000000000029,-0.0019599999999999999,-0.00097480000000000006,0.0035560000000000001,-0.0015085999999999999,0.0019063999999999997,-0.0029919999999999999,1.1399999999999518e-05,0.0013288,-0.0075476000000000015,0.00087900000000000001,0.00021639999999999984,-0.0019999999999999992,0.00082700000000000004,0.0067574000000000002,0.0049851999999999995,0.0031795999999999999,-0.0010374000000000004,0.0020683999999999998,-0.0032394000000000008,-0.0015219999999999999,0.0075116000000000002,-0.00060700000000000012,-0.00060679999999999979,0.0044451999999999998,0.0052437999999999999,-0.0037951999999999999,0.0022932,-0.0014613999999999999,0.0024876,-0.0033638000000000001,0.00054800000000000009,-0.00037219999999999961,-0.0034266000000000001,-0.0029621999999999999,0.0039109999999999995,-0.0047160000000000006,0.0029626000000000001,-0.00021440000000000001,-0.0038595999999999995,-0.0049964000000000015,-0.012320399999999999,0.0064583999999999996,7.2000000000000015e-05,-0.00019019999999999996,0.0016601999999999999,0.0029036000000000001,-0.0019176000000000004,-0.0011736000000000001,-0.0013702000000000002,0.0022510000000000004,-0.00077380000000000016,-0.00068180000000000009,0.0010216000000000001,-0.0024602000000000001,0.0020642,0.00077519999999999998,-0.0031343999999999999,-0.0035698000000000001,0.00063900000000000003,0.0025338000000000001,0.0021910000000000007,0.00015139999999999999,0.00042760000000000009,0.0015162000000000001,0.0010248000000000004,-0.0017032,-0.001856,0.00018000000000000004,0.00073220000000000002,-9.0999999999999935e-05,-0.0015872000000000004,-0.0030132000000000006,-0.0027796000000000001,-0.00039740000000000012,0.00079219999999999985,5.1999999999996927e-06,0.0022837999999999999,0.0029141999999999992,0.00089579999999999998,0.0035882000000000002,-0.0029478000000000004,-0.0009323999999999999,0.0025554000000000002,-0.00040539999999999999,-0.00053820000000000007,0.00098680000000000013,0.0008227999999999994,-0.0022627999999999997,0.00032640000000000034,0.0022834000000000001,-0.0025316000000000002,-0.0042744000000000002,0.0018004000000000002,-0.00046779999999999999,-0.0030274,0.0058491999999999997,-0.00069800000000000005,0.0020272000000000003,-0.0036059999999999994,0.0041812000000000004,0.0037508000000000003,-0.0050252000000000014,-0.0017845999999999999,-2.1000000000000185e-05,-0.0027497999999999997,-0.0011507999999999998,0.00107,-0.00071680000000000008,0.0023454000000000005,0.00040819999999999995,0.0007943999999999999,0.00057320000000000005,0.00054640000000000005,0.00041719999999999995,0.0009993999999999999,-0.00017339999999999993,0.0017118000000000005,0.0013160000000000001,-0.00088079999999999994,0.0003234,-0.00019399999999999995,0.00055119999999999995,-0.0012107999999999999,0.0015621999999999999,-0.0015038,-0.0032247999999999999,-0.00091180000000000026,-0.00051000000000000004,-0.0028875999999999997,-0.0036476,0.0027074,0.0027010000000000003,0.0010146000000000001,-0.00079940000000000002,-0.00095640000000000005,-0.0024738,-0.00077899999999999985,0.0022598000000000002,-0.00013419999999999993,-0.00021720000000000008,-0.00062340000000000019,0.0017236,-0.00080780000000000001,0.0037938,-0.0020556000000000003,-0.0020674000000000001,0.00076580000000000007,-0.00038080000000000004,0.00071299999999999988,0.0006130000000000007,0.0011134000000000001,-0.0025788,0.0026628000000000008,-0.0013802,0.0019452,-0.004441200000000001,-0.00088859999999999981,0.0024474000000000002,-0.0033049999999999998,-0.00017419999999999995,-2.0799999999999855e-05,-6.6199999999999983e-05,0.00029240000000000001,0.0039822,0.0050952000000000002,0.0053685999999999994,-0.0053141999999999998,0.00082159999999999959,-0.0032727999999999998,-0.0016067999999999998,0.0012913999999999998,-0.00059760000000000011,0.0028440000000000002,8.1799999999999928e-05,-8.5599999999999912e-05,-9.5800000000000052e-05,0.00041300000000000017,-0.0016044000000000002,0.00064480000000000006,-0.00094659999999999992,-0.00039780000000000002,-0.0014224000000000001,0.00038560000000000005,-0.0010258000000000001,-0.00025339999999999993,0.00024720000000000015,-0.0010204000000000001,0.0010629999999999999,-0.0017270000000000002,0.0022196000000000004,0.00064980000000000007,-0.0004674000000000003,0.00060740000000000013,0.00019299999999999995,-0.00030640000000000002,0.00054820000000000021,-0.00055820000000000002,-0.00034900000000000003,0.0017399999999999998,-0.0015468000000000001,0.0009101999999999999,-0.0005886,-0.00092639999999999997,-0.00068000000000000005,-0.00051160000000000008,-0.00080059999999999994,0.0023582000000000004,-0.00062040000000000001,0.00071759999999999999,-0.0014222000000000002,0.00017240000000000002,-0.00070040000000000011,-0.0030544000000000005,-7.6599999999999965e-05,-0.00025540000000000014,0.0009993999999999999,0.00067080000000000015,0.0031582000000000003,-0.00081180000000000011,0.0015378,-0.0023208,-0.0014008000000000002,-0.00074840000000000019,-0.00052179999999999989,0.0025294000000000002,0.0019430000000000003,-0.0018218000000000002,0.0018525999999999998,-0.00036079999999999988,0.00083060000000000002,0.0019013999999999997,-0.00074340000000000007,0.0029887999999999998,-0.0018932000000000003,0.0025186000000000002,0.0031694000000000002,-0.0029211999999999997,0.0011048000000000004,0.0011571999999999999,-0.0002603999999999995,-0.0010956,-0.0036190000000000011,0.0008070000000000001,0.0043528000000000004,-0.00085800000000000004,0.0035238000000000001,0.0002046000000000002,-0.0034388000000000001,0.00042540000000000004
aug_between_class_right_pair0060_child08,TLE,1,1,Augmented,0,0,0,0,0,0.3084247,2.0545510999999999,9.9999999999999995e-08,8.9999999999999964e-07,9.9999999999999969e-08,0.9015571,0,0.037694200000000004,-0.15973490000000001,0.059235200000000002,0.11583889999999999,-0.10973579999999999,0.0909774,-0.0049900000000000005,0.023218900000000001,-0.0284318,-0.078304799999999994,0.41038089999999999,-0.16653040000000002,0.018283600000000001,0.033001300000000004,0.031029000000000001,-0.0225892,-0.0096764999999999993,-0.0365172,0.0199101,0.020471500000000004,-0.065745499999999998,-0.0046040999999999999,-0.077808500000000003,0.015677899999999998,0.047913699999999997,-0.030299199999999998,0.0049499999999999995,0.016362699999999997,-0.029454299999999999,0.045543199999999999,-0.067414000000000002,-0.018515,0.090287099999999995,-0.025771099999999998,0.204763,-0.077359000000000011,0.011283,-0.00031549999999999981,-0.0060646999999999993,-0.012114,-0.0035401,0.045440099999999997,-0.007536300000000001,-0.013329199999999999,-0.0053076000000000009,-0.025576000000000002,0.016187200000000002,0.0101954,0.017686,0.0138028,-0.027033500000000002,-0.011336699999999998,0.0175008,-0.039187800000000002,0.0060132999999999992,0.0097022000000000011,0.011458600000000003,0.0061388000000000033,-0.074523699999999998,0.0032468999999999987,-0.025820900000000001,0.013264300000000003,0.0074723000000000003,-0.0031773999999999999,0.0023032999999999999,0.0155657,0.0066156000000000001,0.0011715,-0.0084908000000000015,0.0024688999999999996,0.0061094000000000001,-0.0054473999999999998,0.0034620000000000002,0.00015160000000000087,-0.014867999999999999,0.00024769999999999957,-0.0013477999999999997,0.00098339999999999973,-0.013621999999999999,-0.0068734,0.013979800000000001,-0.0050834000000000018,-0.0063127000000000009,-0.023706000000000005,-0.0076829999999999997,0.011503199999999998,-0.018637099999999997,0.002797899999999999,0.011404600000000001,0.0029197999999999984,0.0019441999999999997,0.013983300000000001,0.0048134000000000007,0.016300099999999998,0.0059716000000000005,0.0155677,0.0023178000000000001,-0.0033108,-0.0012792999999999988,0.018772400000000002,-0.0057710000000000001,0.00081389999999999935,-0.0036046000000000003,0.0063163000000000004,-0.00028979999999999978,-0.0044916999999999995,0.0050615,0.0042838999999999993,-0.004558200000000001,0.0007048,0.0036424999999999999,-0.0064786000000000002,0.0060872999999999995,-0.0169324,0.0115345,-0.0016415000000000002,-0.0031364999999999995,0.0049274999999999996,-0.0016781000000000001,0.0019819999999999998,-0.005903799999999999,-0.0017741,0.0069405000000000005,0.0017208000000000002,-0.0049005000000000003,-0.0045005000000000002,-0.0062374000000000006,-0.0044754,-0.0054603999999999998,-0.00096139999999999941,0.0064533000000000004,0.0019095000000000002,0.0068852999999999996,-0.010375600000000002,0.00086769999999999989,-0.0060199000000000008,0.0012675,-0.0032632999999999998,0.0019523000000000003,0.0052842000000000002,-0.0033473000000000001,0.0029439999999999996,-0.0021755000000000004,0.0051242000000000006,0.0055189999999999996,0.0018370000000000003,0.0071595000000000009,0.00028079999999999999,-0.0029247000000000001,0.0011353000000000003,0.0001919999999999999,-0.0018972000000000001,-0.0036286999999999999,-0.0042842000000000002,0.0051887000000000001,-0.0057987999999999998,0.0072461000000000001,-0.0047133000000000001,-0.0091325999999999994,-0.0086508999999999996,0.0014878000000000001,-0.0049804999999999988,-9.0199999999999916e-05,-0.00081390000000000021,0.013241200000000002,0.0062938000000000004,-0.012047499999999999,0.0061450999999999997,0.0038157,-0.0026207999999999995,-0.0034706000000000008,0.0090732999999999994,-0.0080366999999999991,0.0055773999999999997,-0.019270299999999997,0.0052497999999999998,-0.0055324999999999992,0.0080839000000000015,0.0085228000000000005,-0.010267899999999998,-0.0015995000000000002,0.00038849999999999996,0.0022161999999999998,-0.0011620000000000001,0.0018919000000000002,0.00025989999999999997,-0.0028546999999999999,-0.0033457000000000005,0.00095480000000000001,0.0028414,-0.0013173,-0.0036359999999999995,0.00090220000000000003,0.00057340000000000006,-0.0060602999999999994,-0.00021060000000000008,0.00041860000000000004,-0.0012624000000000001,0.0013560999999999998,0.0018488999999999999,-0.00028510000000000015,-0.0074088999999999995,-0.00057859999999999986,0.0090511999999999988,0.0050185000000000004,-0.0050103999999999999,0.0029163000000000001,0.0054318999999999999,-0.0034748000000000001,-0.00022460000000000004,0.0029240000000000004,-0.0044161000000000001,0.0029409000000000006,0.0059946999999999995,0.0017866000000000002,-0.0016639000000000001,-0.0037384000000000002,0.0038379999999999998,-0.00057879999999999997,0.0037778,-0.00012300000000000028,-0.0039483000000000001,-0.0041038999999999997,0.0034690000000000003,-0.0036618000000000002,0.00074649999999999977,-0.0086577000000000008,0.0098201000000000017,0.0046244999999999993,-0.0069869000000000007,-0.0053822000000000002,0.0016435,-0.0012643000000000001,-0.0038934,4.1799999999999823e-05,-0.0022583,-0.00087710000000000012,-0.00046889999999999996,-0.0010165,0.0020523,0.00042569999999999978,-0.0014662,0.0054356999999999999,0.0007511000000000001,0.00030469999999999993,-0.0011029000000000002,-0.0020225,-0.0011523999999999998,0.0038895000000000002,-0.0012538,0.0018971999999999997,-0.003004999999999999,-0.00016530000000000017,0.0014613999999999999,-0.0079198000000000011,0.00074799999999999997,-1.4300000000000293e-05,-0.0013754999999999996,0.00090550000000000005,0.0073972000000000013,0.0051840999999999996,0.0031698,-0.0015642,0.0016371999999999999,-0.0036732000000000006,-0.0010535,0.0081747999999999994,-0.00087049999999999996,-0.00031389999999999988,0.0048225999999999998,0.0052104000000000004,-0.0039226,0.0026261000000000001,-0.0016757,0.0021577999999999996,-0.0030888999999999999,0.00063850000000000007,-0.00035909999999999978,-0.0038423000000000007,-0.0029646,0.0040309999999999999,-0.0050965000000000003,0.0034508,-0.00086020000000000107,-0.0039292999999999993,-0.0054007000000000013,-0.012480699999999999,0.0060271999999999999,4.7000000000000058e-05,-0.00016260000000000005,0.0017066,0.0028888,-0.0022138000000000001,-0.0011448000000000001,-0.0016375999999999999,0.002526,-0.0009779000000000003,-0.00077239999999999958,0.0011363,-0.0027501000000000005,0.0019681,0.00083460000000000001,-0.0033446999999999999,-0.0036034000000000001,0.00063650000000000002,0.0023454000000000001,0.0023295000000000004,0.00015719999999999992,0.00055780000000000011,0.0017116000000000002,0.0014609000000000004,-0.0016535999999999999,-0.001719,0.00022650000000000003,0.00083660000000000006,-6.550000000000002e-05,-0.0018201000000000005,-0.0035271000000000005,-0.0029468000000000003,-0.00057170000000000007,0.0011725999999999998,-0.00011939999999999997,0.0020338999999999999,0.0028465999999999999,0.00077939999999999997,0.0034870999999999999,-0.0037059000000000003,-0.00092019999999999992,0.0027112000000000004,-0.00042370000000000005,-0.0005666,0.0012209,0.0003703999999999999,-0.0021044000000000002,0.00042270000000000025,0.0026737000000000002,-0.0030877999999999999,-0.0043232000000000001,0.0024736999999999997,-0.00069039999999999987,-0.0027546999999999997,0.0060726,-0.00086300000000000005,0.0021716000000000001,-0.003552,0.0043490999999999998,0.0036119000000000004,-0.0050691000000000009,-0.0016318000000000001,-0.00043700000000000076,-0.0024488999999999999,-0.0011864,0.001243,-0.00096189999999999991,0.0026941999999999999,0.00048360000000000005,0.00081819999999999994,0.00057409999999999991,0.00058219999999999995,0.00040859999999999996,0.0010892,-7.2699999999999978e-05,0.0016404,0.0014535000000000001,-0.00099739999999999985,0.00034269999999999998,-0.00010149999999999981,0.00052309999999999998,-0.00095940000000000001,0.0016941,-0.0015409,-0.0032558999999999995,-0.0012789000000000003,-0.00060849999999999988,-0.0029512999999999996,-0.0039373000000000003,0.0029656999999999999,0.0029229999999999998,0.00096880000000000002,-0.00075369999999999994,-0.0012601999999999995,-0.0027049000000000001,-0.00051049999999999989,0.0020479000000000001,9.6900000000000051e-05,-0.00053159999999999991,-0.00071120000000000005,0.0015912999999999999,-0.00084590000000000002,0.0039583999999999999,-0.0018948000000000001,-0.0020292000000000001,0.0010774000000000003,-0.00041590000000000003,0.00026099999999999995,0.0013985,0.0011547000000000003,-0.0028763999999999994,0.0031844000000000004,-0.0011341000000000001,0.0022766000000000002,-0.0046661000000000003,-0.0015563,0.0026567000000000001,-0.0035139999999999998,-7.9599999999999929e-05,0.00027560000000000009,-0.00023360000000000004,0.00033369999999999998,0.0041641000000000004,0.0050766000000000006,0.0053758,-0.0052066000000000005,0.00049479999999999988,-0.0038208999999999999,-0.0017293999999999999,0.0012301999999999999,-0.0007693,0.0028909999999999999,5.5399999999999937e-05,-5.4799999999999977e-05,-6.8899999999999994e-05,0.00057050000000000004,-0.0016927000000000001,0.00066140000000000003,-0.00083179999999999994,-0.0005639000000000001,-0.0016551999999999999,0.00046730000000000003,-0.0010338999999999999,-0.00012569999999999999,-7.739999999999993e-05,-0.0010591999999999999,0.0011509999999999999,-0.0018760000000000001,0.0021863000000000004,0.00071489999999999998,-0.00070620000000000004,0.00094870000000000024,7.6000000000000004e-05,-0.00045520000000000001,0.00066010000000000027,-0.00057759999999999995,-4.4499999999999943e-05,0.001751,-0.0015004,0.00079159999999999994,-0.00071929999999999997,-0.00080119999999999996,-0.00067549999999999999,-0.00069830000000000011,-0.00073980000000000009,0.0026941000000000005,-0.00067219999999999997,0.00076730000000000006,-0.0015616,0.0002352,-0.00086020000000000009,-0.0033887000000000001,6.5699999999999916e-05,-0.00033770000000000013,0.0011226999999999999,0.0010499000000000001,0.0033661000000000003,-0.0012943999999999996,0.0015758999999999999,-0.0023809,-0.0016464000000000001,-0.0010012,-0.00033989999999999997,0.0030441999999999999,0.0023259999999999999,-0.0018243999999999999,0.0016647999999999999,-0.0001473999999999999,0.00092330000000000005,0.0017306999999999995,-0.00089370000000000009,0.0030653999999999998,-0.0019891000000000006,0.0025472999999999997,0.0030257000000000001,-0.0026445999999999996,0.0016573999999999998,0.0011436,4.6300000000000204e-05,-0.0010357999999999999,-0.0040720000000000001,0.00089950000000000013,0.0047184000000000002,-0.00029950000000000007,0.0040534000000000004,0.00049780000000000007,-0.0037524000000000004,0.00081119999999999999
aug_between_class_right_pair0061_child05,TLE,1,1,Augmented,0,0,0,0,0,0.29369040000000002,1.9014774000000001,4.0000000000000003e-07,-5.9999999999999997e-07,0,0.89919859999999996,0,0.044726399999999999,-0.1420758,0.024378799999999999,0.094114599999999993,-0.1047776,0.073552599999999996,-0.0062460000000000007,-0.0013785999999999998,-0.010090799999999999,-0.091580400000000006,0.36358860000000004,-0.072857399999999989,-0.042935399999999999,0.086201600000000003,-0.018827800000000002,-0.018316200000000001,-0.0014558000000000004,-0.0483098,0.028462399999999999,0.044171200000000001,-0.031092000000000002,0.0033269999999999997,-0.073417200000000002,0.0189182,0.041574,-0.0197652,-0.0046481999999999982,-0.0072014000000000019,-0.048725400000000002,0.034409800000000004,-0.053455799999999998,-0.061896199999999998,0.092045000000000002,-0.024875000000000001,0.19188380000000002,-0.058710999999999999,0.0103246,-0.0034952000000000004,-0.0058614000000000001,-0.0059736000000000008,0.0046972000000000003,0.0240818,-0.0014594000000000007,-0.0063490000000000005,-0.0100354,-0.027075599999999998,0.006003399999999999,0.024852600000000002,0.0174898,0.022324,-0.013788199999999997,-0.0048269999999999997,0.012111200000000001,-0.043578600000000002,-0.006601199999999998,0.013831999999999999,0.0037699999999999995,0.039750199999999999,-0.065098199999999995,-0.014577,-0.0074798000000000017,-0.043695999999999999,0.0082064000000000008,-0.0011971999999999998,0.00018459999999999982,0.015313999999999999,0.0093355999999999995,0.004852200000000001,-0.0074231999999999996,0.0096042000000000002,0.0012435999999999992,-0.00065939999999999966,0.0086926,0.0057561999999999995,-0.020662199999999999,0.0063757999999999992,0.0040266000000000008,0.010261599999999999,-0.011672600000000002,-0.010696600000000001,0.0235912,-0.0159604,-0.0067995999999999994,-0.0067413999999999998,-0.014852799999999998,0.0040409999999999995,-0.0096912000000000005,0.00023499999999999997,0.012829799999999999,-0.0116752,-0.015962799999999999,0.0201304,-0.0064458000000000015,0.017490599999999999,0.0088948000000000013,-0.00099199999999999983,0.0029818000000000002,-0.0030863999999999996,-0.0121704,0.012031399999999999,-0.0045371999999999999,0.0013175999999999995,-0.00093860000000000005,0.0042206000000000006,-0.0086855999999999982,-0.0074104000000000001,0.0084787999999999999,0.016512599999999999,0.0053156000000000002,0.0003520000000000001,0.01636,-0.010606600000000001,0.0049351999999999998,-0.011383799999999999,0.015316399999999999,-0.0050500000000000007,-0.0056020000000000002,0.0061619999999999999,-0.0020406000000000005,-0.0020124000000000001,-0.0059299999999999995,0.0010628000000000005,0.0073894,0.0105246,-0.0048081999999999995,-0.0040813999999999989,-0.018666799999999997,-0.007921000000000001,-0.0034626000000000006,-0.012142199999999999,0.0057932000000000001,0.0068518000000000008,0.0050309999999999999,0.0015964,0.0042969999999999996,0.00091560000000000003,-0.00085960000000000008,0.0041686000000000006,0.0028582000000000004,0.00050340000000000009,-0.0019137999999999998,-0.00038100000000000005,-0.0018522000000000002,0.0023419999999999999,0.0026455999999999997,0.0058288000000000003,-0.0025942000000000009,-0.0022485999999999999,-0.0065228000000000005,-0.0015944000000000002,-0.0030641999999999996,-0.0019141999999999998,-0.0035799999999999994,0.002002799999999999,0.0082194,0.0022783999999999999,-0.0028288000000000002,-0.0046080000000000001,-0.0010864,-0.011718800000000001,0.0013456000000000002,-0.0026124000000000008,0.0040051999999999996,0.0069093999999999996,-0.00091839999999999804,0.0056532000000000006,-0.0082984000000000009,0.00074459999999999999,0.0057026000000000004,0.0069244000000000007,-0.0046517999999999993,0.015048599999999999,-0.010626600000000002,0.0045756000000000008,-0.0047790000000000003,-0.0044150000000000005,0.0005978,-0.0086633999999999999,0.012499400000000001,-0.0012794,-0.00095060000000000001,0.0020460000000000001,-0.0063717999999999995,-0.00045240000000000015,0.0030953999999999999,0.0033433999999999998,-0.0016229999999999999,-0.0013521999999999998,0.0014038,-0.00025380000000000021,-0.0021474000000000003,0.0069046000000000003,-0.00049219999999999993,0.00055700000000000009,0.00035399999999999993,0.00015860000000000001,-0.00015340000000000007,-0.0021662000000000001,-0.0014951999999999999,0.0014088,0.00036240000000000003,0.0037281999999999992,-0.0040184000000000001,0.0017638,-2.9999999999995308e-06,-0.0059184000000000007,0.0053644000000000009,0.0021793999999999997,-0.0026940000000000002,0.0010678,0.0058373999999999995,-0.0012504,-0.0026985999999999998,-0.0044096000000000014,0.0064209999999999996,-2.2400000000000544e-05,0.0007040000000000002,0.0034328000000000006,0.0051955999999999999,-0.0009628000000000002,0.0044314000000000003,-0.0026919999999999999,0.0018308,0.0066445999999999996,0.0022736000000000002,0.0065669999999999999,-0.015356599999999998,0.0036716000000000001,-0.0030361999999999993,-0.013462200000000001,-0.0032742000000000001,0.0016532000000000001,-0.0018471999999999998,0.00085900000000000006,-0.0013762000000000002,0.00044220000000000001,-0.0032584000000000003,6.2599999999999963e-05,-0.0026213999999999999,0.0010088000000000002,-0.0020227999999999999,0.0011099999999999999,0.0020847999999999999,4.0200000000000001e-05,0.0023700000000000001,-0.0037365999999999996,-0.0010776,-0.0011149999999999999,0.00054140000000000004,-0.0049379999999999997,0.001013,0.0019507999999999999,0.0026556000000000001,9.5999999999997997e-06,-0.0046940000000000003,0.00084040000000000004,-0.0026133999999999992,-0.0025604,0.0014128000000000001,0.0033468,0.0029331999999999995,0.0057612000000000002,-0.0015674,0.00045279999999999995,-0.0068240000000000002,0.0038929999999999998,0.0071109999999999993,0.0031387999999999997,-0.00065660000000000035,0.0049087999999999996,-0.0012233999999999997,-0.0048840000000000003,-0.0027122000000000001,-0.0015791999999999998,0.0038439999999999998,0.0026742000000000003,0.0030006,-0.0068894000000000004,-0.00066699999999999984,-0.0086795999999999991,0.0042566000000000001,-0.0040672,-0.0030736000000000001,0.0115298,0.00032279999999999999,-0.0013996000000000004,-0.0095607999999999995,0.00080000000000000015,-0.00092800000000000011,0.001341,-0.0016414000000000003,0.0012792000000000001,0.0010614000000000001,-0.0012672000000000002,0.0018340000000000001,0.0022472,-8.0199999999999998e-05,0.0008562000000000001,-0.00098860000000000007,0.00076520000000000039,0.0021716000000000001,0.0011676000000000002,-4.0000000000003683e-07,-0.00065260000000000003,0.0010582000000000002,0.00034100000000000037,-0.0012517999999999997,-0.00078620000000000003,-0.00040460000000000002,0.00053239999999999993,-0.0013703999999999999,-0.0003380000000000003,-0.0027318000000000004,0.0030236000000000004,-0.0021911999999999999,0.0030605999999999993,-0.00016420000000000006,0.0020915999999999999,-0.0012767999999999998,-0.0034386,0.00012979999999999979,-0.0028080000000000002,0.00050039999999999991,-0.0032830000000000003,0.00063860000000000002,0.0043893999999999999,0.00038499999999999993,-0.0038539999999999998,0.0020933999999999996,-0.0021390000000000003,0.0023228000000000003,-0.0011068,0.00073380000000000016,0.0043477999999999998,-0.0012057999999999999,0.00085799999999999971,-0.00096659999999999997,-0.0061434000000000002,0.0024361999999999999,0.0047796000000000002,-0.0025139999999999997,0.0040894,9.3999999999999032e-06,-0.0043501999999999994,0.0022857999999999997,-0.0033522000000000009,0.011765600000000001,0.0014666000000000004,0.0027992,0.011060199999999999,-0.0033325999999999998,0.00091359999999999987,-0.00097740000000000023,0.00025119999999999993,-0.00045940000000000011,0.00045080000000000012,-0.00061019999999999998,-7.4799999999999948e-05,0.00056100000000000008,0.00030500000000000004,-0.0012298000000000001,0.0014854,-7.8400000000000008e-05,0.0022681999999999997,0.00055159999999999996,0.00092939999999999993,-0.0016004000000000001,-0.0013257999999999998,-0.00070960000000000001,0.0022017999999999999,0.00064760000000000002,-0.00071699999999999997,0.00063460000000000014,0.00022160000000000002,-0.00035359999999999992,-0.0016106,-2.8800000000000043e-05,-0.00032160000000000001,0.0010158000000000001,0.00043139999999999975,0.0029426000000000001,-0.00077620000000000011,-0.00072200000000000009,0.0018905999999999999,-0.00024300000000000011,0.00032739999999999999,0.00050819999999999999,0.0011646,-0.00062359999999999987,0.0031923999999999998,0.00015600000000000011,-0.0034632,-0.0015231999999999999,-0.0034328000000000002,0.0022729999999999998,0.0021690000000000004,0.0006954000000000001,-0.0027603999999999997,-0.00026939999999999961,-0.0014990000000000001,-0.0013774000000000002,-0.0027329999999999998,0.0021741999999999998,0.0031711999999999999,0.00028259999999999982,0.0032746000000000003,-6.4999999999999954e-05,-0.0039498000000000007,-0.0038887999999999995,0.0086876000000000002,0.0020788,0.0079082000000000006,0.0004553999999999999,0.0020111999999999999,0.00020019999999999977,-0.0082583999999999991,-0.00048480000000000007,-0.0092817999999999998,0.002098,0.0007442000000000002,0.0003522,0.00046520000000000003,-0.0015992000000000001,0.00046539999999999977,-0.0010277999999999999,0.00038919999999999987,0.00021300000000000003,0.0001716,-0.00053760000000000006,0.0007134000000000001,-9.3199999999999961e-05,0.00083560000000000004,0.00060719999999999991,-0.0020140000000000002,-0.0002206,3.5599999999999998e-05,-0.0002694000000000001,0.0022199999999999998,-0.00095580000000000014,0.00073899999999999986,-0.00087999999999999992,-0.00012440000000000004,-0.00069559999999999999,0.00057660000000000003,2.1200000000000082e-05,-0.0012015999999999999,0.00022260000000000004,-0.00085300000000000003,0.00071719999999999976,-0.0030361999999999997,-0.00025819999999999993,-0.0013277999999999999,0.00039479999999999989,-0.00067159999999999984,0.0016807999999999999,-0.00069559999999999999,0.0013079999999999999,0.0010470000000000002,-0.0013640000000000002,0.00076460000000000005,6.0000000000000374e-06,-0.00053639999999999981,-0.0012195999999999999,0.0021800000000000001,0.0008744,0.0013182000000000001,-0.0021534000000000002,-0.00052000000000000006,0.00063980000000000005,-0.0012715999999999999,-0.001539,0.0022176000000000001,-0.00095099999999999991,0.0011712000000000001,0.0016310000000000001,-0.0010348000000000002,0.0019002000000000003,-0.0031747999999999998,0.0013107999999999998,0.00059140000000000017,-0.00024040000000000002,0.0029842000000000002,0.00099759999999999975,-0.0032076000000000001,0.00016599999999999991,-0.000116,-0.0022549999999999996,0.0024986000000000001,0.0001875999999999999,0.0075522000000000002,-0.0029952000000000004,0.00081680000000000001,0.0031853999999999997,-0.0080809999999999996,0.00090160000000000001
aug_between_class_right_pair0061_child06,TLE,1,1,Augmented,0,0,0,0,0,0.29057280000000002,1.8880763,3.0000000000000004e-07,-6.9999999999999986e-07,0,0.89514269999999996,0,0.0429253,-0.14451359999999999,0.026175599999999997,0.093303699999999989,-0.10496420000000001,0.072316199999999997,-0.0063505000000000002,-0.0015256999999999996,-0.0083546000000000002,-0.089018300000000009,0.37006120000000003,-0.076740299999999997,-0.044991299999999998,0.084935200000000002,-0.023577600000000001,-0.018821899999999999,-0.0019741000000000003,-0.045556599999999996,0.028158300000000001,0.045796400000000001,-0.031009499999999999,0.0016959999999999992,-0.073709400000000008,0.017860399999999998,0.042608500000000001,-0.021621399999999999,-0.0071098999999999989,-0.0081557999999999995,-0.048811300000000002,0.0361806,-0.053563599999999996,-0.060215400000000002,0.088624000000000008,-0.0208845,0.19258060000000002,-0.058556999999999998,0.0103222,-0.0036514,-0.0042608000000000004,-0.0063892000000000011,0.0036989000000000006,0.023214100000000001,-0.00018180000000000062,-0.0064010000000000004,-0.011000299999999999,-0.027779699999999997,0.0060457999999999987,0.022871200000000001,0.017878100000000001,0.0225495,-0.016712399999999999,-0.005215,0.0098984000000000016,-0.042298700000000002,-0.0084953999999999984,0.014532,0.0053965000000000003,0.038931899999999998,-0.064411899999999994,-0.013559,-0.0082185999999999995,-0.044472999999999999,0.0083642999999999999,-0.0017288999999999998,0.00052919999999999974,0.0158715,0.0097272000000000001,0.0045814000000000011,-0.0080418999999999994,0.0093754000000000007,0.0013272000000000006,-0.0011647999999999993,0.0092857000000000009,0.0061608999999999995,-0.020897900000000001,0.0069585999999999988,0.002849700000000001,0.0108077,-0.013271700000000001,-0.0107312,0.023977399999999999,-0.0147168,-0.0075981999999999994,-0.0063763000000000005,-0.017351599999999995,0.0045184999999999999,-0.0097224000000000008,0.0011350000000000006,0.013532599999999999,-0.010995400000000001,-0.017557099999999999,0.019097300000000001,-0.0078531000000000017,0.0163692,0.0112646,-0.0010410000000000003,0.0033056000000000001,-0.0032637999999999999,-0.0120053,0.012167799999999999,-0.0039619,0.0027981999999999998,-0.00075670000000000012,0.0048032000000000005,-0.0086926999999999994,-0.0078878000000000004,0.0092370999999999998,0.0161332,0.0050067000000000002,0.00012800000000000018,0.016962499999999998,-0.0103582,0.0053133999999999994,-0.0117121,0.015159300000000001,-0.0055440000000000003,-0.0054680000000000006,0.0062050000000000004,-0.0015962000000000005,-0.0016353000000000001,-0.0064829999999999992,0.0015381000000000006,0.0062802999999999999,0.010298699999999999,-0.0054748999999999996,-0.0050647999999999995,-0.018649599999999999,-0.0077075000000000008,-0.0038046999999999994,-0.012005399999999999,0.0059668999999999998,0.0071376000000000009,0.0071414999999999985,0.0013088000000000002,0.0050904999999999995,0.00094669999999999986,-0.00092320000000000011,0.0041197000000000004,0.0025749000000000002,0.00077379999999999994,-0.0021475999999999995,-0.00039249999999999984,-0.0019384000000000001,0.002617,0.0030571999999999995,0.0060526,-0.0029834000000000011,-0.0024332000000000004,-0.0063926,-0.0016827999999999999,-0.0029978999999999995,-0.0010139000000000003,-0.0027959999999999999,0.0030765999999999988,0.0086902999999999998,0.0026772999999999996,-0.0028105999999999999,-0.0053270000000000001,-0.0010213000000000002,-0.012071100000000001,0.0013717,-0.0011643000000000018,0.0051643999999999995,0.0065027999999999996,-0.0024762999999999973,0.0053398999999999999,-0.0083972999999999999,0.00059370000000000017,0.0051326999999999996,0.006667300000000001,-0.0048075999999999995,0.0149607,-0.010874700000000001,0.0042282000000000005,-0.004415500000000001,-0.0042919999999999998,4.6000000000000034e-06,-0.0081233,0.012601299999999999,-0.0012453,-0.00086020000000000009,0.0018200000000000002,-0.0060730999999999997,-0.00057179999999999991,0.0029997999999999999,0.0039012999999999999,-0.001637,-0.0016403999999999998,0.0012871,-0.00014310000000000017,-0.0019398000000000002,0.0063122000000000004,-0.00041840000000000003,0.00063350000000000006,0.0005914999999999998,0.00014520000000000006,3.1999999999998745e-06,-0.0023564000000000002,-0.0013139,0.0016481,0.00058179999999999994,0.0040053999999999992,-0.0039843000000000005,0.0019911,-0.00026349999999999985,-0.006092300000000001,0.0061052999999999993,0.0019918000000000002,-0.0027125000000000001,0.00097060000000000007,0.0055493000000000001,-0.0011853,-0.0029861999999999996,-0.0052192000000000002,0.0061310000000000002,0.00086719999999999961,0.00066000000000000043,0.0031311000000000004,0.0058151999999999995,-0.00041060000000000011,0.0040838000000000003,-0.0033179999999999998,0.0019036000000000001,0.006327199999999999,0.0021832000000000002,0.0058445000000000007,-0.016468699999999999,0.0039027000000000003,-0.0038973999999999996,-0.0136384,-0.0033949000000000002,0.0016289000000000002,-0.0018443999999999999,0.00084049999999999999,-0.0013219,0.00027189999999999983,-0.0034913000000000001,0.00032969999999999994,-0.0027723000000000001,0.0011500999999999998,-0.0021026,0.0012779999999999998,0.0021900999999999999,-2.0600000000000013e-05,0.0026820000000000004,-0.0038506999999999999,-0.00070120000000000013,-0.0012734999999999999,0.00021330000000000047,-0.0053234999999999992,0.0004500000000000002,0.0023445999999999996,0.0029167000000000004,-0.00024180000000000013,-0.0043595000000000005,0.00078279999999999995,-0.0030437999999999993,-0.0022178000000000002,0.0011226000000000001,0.0032021000000000003,0.0029474000000000002,0.0057754,-0.0015207999999999999,-8.9400000000000113e-05,-0.0070300000000000015,0.0043054999999999994,0.0070305000000000003,0.0038530999999999999,-4.0200000000000537e-05,0.0043225999999999994,-0.0018002999999999993,-0.0047020000000000005,-0.0038813999999999997,-0.0014429,0.0042094999999999997,0.0032043999999999992,0.0027432000000000003,-0.0074183000000000009,-0.0010054999999999997,-0.0091776999999999987,0.0043281999999999999,-0.0040894,-0.0036587000000000008,0.010493599999999999,0.00052209999999999984,-0.0025967,-0.0089271000000000003,0.00050150000000000021,-0.00081900000000000007,0.001397,-0.0013003000000000003,0.0014759,0.00093980000000000018,-0.0017233999999999999,0.0019495000000000001,0.0021529000000000001,-0.00012589999999999992,0.00051590000000000002,-0.00098419999999999975,0.00027290000000000024,0.0019177,0.0013137000000000001,-0.00033129999999999987,-0.00048070000000000008,0.0011099,-0.00011799999999999983,-0.0013236000000000001,-0.00085939999999999996,-0.0004482,0.00059230000000000003,-0.0016277999999999998,0.00014549999999999958,-0.0022946000000000004,0.0031992000000000001,-0.0021218999999999995,0.0029406999999999997,-0.00029040000000000001,0.0026351999999999999,-0.0014975999999999998,-0.0031017000000000002,0.00055509999999999978,-0.0027515000000000005,0.0008127999999999997,-0.0035325,0.00056770000000000008,0.0042097999999999997,0.00075549999999999988,-0.0039880000000000002,0.0023587999999999999,-0.0023159999999999999,0.0029235999999999997,-0.0011626,0.00039310000000000039,0.0044335999999999993,-0.0015715999999999998,0.0012189999999999996,-0.0012546999999999997,-0.0063327999999999995,0.0025579000000000001,0.0052986999999999999,-0.0023380000000000002,0.0040723000000000001,0.00053780000000000017,-0.0048563999999999986,0.0020385999999999998,-0.0035539000000000009,0.0128702,0.0015697000000000005,0.0032854,0.0113729,-0.0028992000000000002,0.00093169999999999993,-0.00089330000000000008,8.4899999999999949e-05,-0.00067230000000000013,0.00046010000000000007,-0.00059390000000000007,-0.00017709999999999994,0.00064149999999999993,0.00028249999999999998,-0.0011831000000000001,0.0016642999999999999,2.0199999999999949e-05,0.0020249000000000001,0.00062069999999999996,0.00080179999999999997,-0.0014883000000000001,-0.0013450999999999997,-0.00070669999999999999,0.0021911000000000001,0.00077419999999999995,-0.00097249999999999984,0.00046420000000000012,0.00030220000000000008,-0.00025970000000000008,-0.0015282,-0.00023709999999999996,-0.00044769999999999999,0.00076760000000000001,0.00069279999999999971,0.0030382,-0.0008899,-0.00063750000000000005,0.0020942000000000001,-0.00012000000000000015,0.00042429999999999996,0.00047140000000000002,0.0011571999999999999,-0.00080669999999999993,0.0033132999999999999,-0.00034049999999999977,-0.0035688999999999999,-0.0016088999999999999,-0.0039175999999999994,0.0021819999999999999,0.0026139999999999996,0.0010528,-0.0029623000000000002,-0.0010537999999999999,-0.0013985000000000002,-0.0013358000000000003,-0.0030199999999999997,0.0025998999999999996,0.0033308999999999999,0.00031669999999999984,0.0036941999999999999,-0.00019149999999999994,-0.0044115999999999999,-0.0038830999999999996,0.0089936999999999986,0.0020165999999999999,0.0080189000000000024,0.00031329999999999986,0.0022913999999999999,0.00074490000000000016,-0.0085907999999999991,-0.00078759999999999985,-0.010207099999999998,0.0020585,0.00064590000000000025,0.00036690000000000003,0.00042040000000000003,-0.0015104000000000003,0.00057679999999999993,-0.0011330999999999997,0.00036240000000000008,2.5500000000000024e-05,0.00038369999999999979,-0.0004347000000000001,0.00082930000000000005,2.6099999999999984e-05,0.00057420000000000008,0.00053039999999999999,-0.0021594999999999995,-0.00036919999999999992,3.5699999999999946e-05,-0.00011930000000000007,0.0021695,-0.00079510000000000019,0.00106,-0.0012825,-3.3299999999999996e-05,-0.00080719999999999989,0.00064919999999999995,4.4400000000000103e-05,-0.0012787,0.00033969999999999996,-0.00076250000000000005,0.00074039999999999989,-0.0029199,-0.00037789999999999997,-0.0015721000000000001,0.0005960999999999998,-0.00078219999999999982,0.0015020999999999999,-0.00045070000000000006,0.0012950000000000001,0.00098649999999999996,-0.0013935,0.00077520000000000019,-0.00010650000000000004,-0.00079229999999999991,-0.00091520000000000034,0.0023954999999999996,0.00092630000000000013,0.0013359000000000001,-0.0018722999999999999,-0.00075900000000000002,0.00052960000000000008,-0.0010852000000000001,-0.0012300000000000002,0.0017747000000000001,-0.0010859999999999999,0.0012174,0.0013429999999999996,-0.00077210000000000017,0.0020593999999999999,-0.0035675999999999998,0.0015170999999999997,0.00044430000000000012,-0.00020730000000000002,0.0030603999999999996,0.0012356999999999995,-0.0030112000000000003,-0.00028499999999999966,8.4999999999999356e-06,-0.0024275,0.0021742000000000003,0.00030519999999999994,0.0077324000000000004,-0.0037269000000000004,0.0012890999999999998,0.0026373000000000004,-0.0090765000000000012,0.00096419999999999991
aug_between_class_right_pair0061_child07,TLE,1,1,Augmented,0,0,0,0,0,0.28745520000000002,1.8746752,1.9999999999999994e-07,-7.9999999999999996e-07,0,0.89108679999999996,0,0.0411242,-0.14695139999999998,0.027972399999999998,0.0924928,-0.10515080000000002,0.071079799999999999,-0.0064549999999999998,-0.0016728000000000003,-0.0066184,-0.086456199999999997,0.37653380000000003,-0.080623199999999992,-0.047047200000000011,0.083668800000000002,-0.028327400000000013,-0.0193276,-0.0024924000000000005,-0.042803399999999998,0.027854199999999999,0.047421600000000001,-0.030927,6.4999999999997785e-05,-0.074001600000000001,0.016802600000000001,0.043643000000000001,-0.023477600000000001,-0.0095715999999999996,-0.0091102000000000006,-0.048897200000000002,0.037951400000000003,-0.053671400000000001,-0.058534599999999999,0.085203000000000001,-0.016893999999999999,0.19327740000000002,-0.058402999999999997,0.010319799999999999,-0.0038076000000000004,-0.0026601999999999997,-0.0068048000000000006,0.0027006,0.022346399999999999,0.0010958000000000005,-0.0064530000000000004,-0.0119652,-0.028483799999999997,0.0060881999999999993,0.0208898,0.018266400000000002,0.022775,-0.019636599999999997,-0.0056030000000000003,0.007685599999999999,-0.041018800000000001,-0.010389600000000002,0.015232000000000002,0.0070230000000000015,0.038113599999999997,-0.063725599999999993,-0.012541,-0.0089574000000000008,-0.045249999999999999,0.0085222000000000006,-0.0022606000000000002,0.0008738000000000001,0.016428999999999999,0.010118800000000001,0.0043106000000000004,-0.0086606000000000009,0.0091466000000000013,0.0014107999999999994,-0.0016701999999999999,0.0098788000000000001,0.0065655999999999996,-0.021133599999999999,0.0075413999999999993,0.0016727999999999995,0.011353800000000001,-0.014870800000000003,-0.010765799999999999,0.024363599999999999,-0.013473199999999999,-0.0083967999999999994,-0.0060111999999999995,-0.019850399999999997,0.0049960000000000004,-0.0097535999999999994,0.0020350000000000012,0.014235399999999999,-0.010315599999999999,-0.019151399999999999,0.018064199999999999,-0.009260400000000002,0.015247799999999999,0.013634399999999998,-0.0010900000000000007,0.0036294000000000005,-0.0034412000000000002,-0.011840199999999999,0.0123042,-0.0033865999999999996,0.0042788000000000019,-0.00057479999999999999,0.0053858000000000005,-0.0086997999999999989,-0.0083651999999999997,0.0099953999999999998,0.015753799999999998,0.0046978000000000002,-9.6000000000000057e-05,0.017564999999999997,-0.0101098,0.0056915999999999998,-0.0120404,0.0150022,-0.006038,-0.0053340000000000002,0.0062480000000000001,-0.0011517999999999999,-0.0012581999999999992,-0.0070360000000000006,0.0020134000000000011,0.0051711999999999991,0.0100728,-0.0061416000000000005,-0.0060481999999999992,-0.0186324,-0.0074940000000000007,-0.0041468000000000008,-0.0118686,0.0061405999999999995,0.0074234000000000001,0.0092520000000000033,0.0010211999999999999,0.0058839999999999995,0.00097779999999999959,-0.00098679999999999992,0.0040707999999999994,0.0022916,0.0010442000000000003,-0.0023814000000000001,-0.00040400000000000006,-0.0020246000000000001,0.0028920000000000005,0.0034688000000000002,0.0062764000000000006,-0.0033726000000000003,-0.0026177999999999996,-0.0062623999999999996,-0.0017712000000000001,-0.0029315999999999999,-0.00011359999999999951,-0.0020119999999999999,0.0041504000000000003,0.0091611999999999996,0.0030761999999999999,-0.0027924000000000004,-0.0060460000000000002,-0.00095619999999999993,-0.012423400000000001,0.0013978000000000003,0.00028380000000000072,0.0063236000000000021,0.0060961999999999995,-0.0040342000000000017,0.0050266,-0.0084962000000000006,0.00044280000000000035,0.0045627999999999997,0.0064101999999999996,-0.0049633999999999998,0.014872799999999999,-0.0111228,0.0038808000000000002,-0.004052,-0.004169,-0.0005886000000000001,-0.0075832,0.012703200000000001,-0.0012112,-0.00076979999999999995,0.0015939999999999999,-0.0057744000000000007,-0.0006912000000000001,0.0029042,0.0044592,-0.0016510000000000001,-0.0019285999999999999,0.0011703999999999998,-3.2400000000000137e-05,-0.0017322000000000001,0.0057197999999999988,-0.00034459999999999997,0.00071000000000000013,0.00082900000000000031,0.00013180000000000001,0.00015980000000000004,-0.0025466,-0.0011325999999999999,0.0018874,0.00080120000000000007,0.0042826000000000001,-0.0039502000000000001,0.0022184000000000006,-0.00052399999999999973,-0.0062661999999999995,0.0068462000000000011,0.0018041999999999993,-0.0027309999999999999,0.00087339999999999998,0.0052612000000000006,-0.0011202,-0.0032738000000000003,-0.0060288000000000008,0.0058409999999999998,0.0017568000000000004,0.00061600000000000023,0.0028294000000000001,0.0064348000000000009,0.00014160000000000041,0.0037361999999999994,-0.0039439999999999996,0.0019764000000000001,0.0060097999999999992,0.0020927999999999997,0.0051219999999999998,-0.017580800000000001,0.0041338,-0.0047586,-0.0138146,-0.0035156000000000002,0.0016046000000000001,-0.0018416000000000001,0.00082199999999999992,-0.0012676,0.00010159999999999987,-0.0037242,0.00059680000000000019,-0.0029232000000000004,0.0012914000000000003,-0.0021824000000000001,0.0014460000000000002,0.0022954,-8.1400000000000054e-05,0.0029940000000000001,-0.0039648000000000001,-0.00032479999999999982,-0.0014319999999999999,-0.00011479999999999997,-0.0057089999999999997,-0.00011300000000000025,0.0027384000000000002,0.0031777999999999997,-0.00049319999999999985,-0.0040249999999999999,0.00072520000000000006,-0.0034742000000000002,-0.0018752,0.00083239999999999985,0.0030574,0.0029616,0.0057896000000000006,-0.0014742000000000002,-0.00063160000000000039,-0.0072360000000000011,0.0047180000000000008,0.0069499999999999996,0.0045674000000000001,0.00057620000000000002,0.0037363999999999995,-0.0023771999999999995,-0.0045199999999999997,-0.0050506000000000006,-0.0013065999999999998,0.0045750000000000001,0.0037345999999999998,0.0024857999999999998,-0.0079471999999999998,-0.0013439999999999997,-0.0096757999999999983,0.0043997999999999997,-0.0041116,-0.0042438000000000007,0.0094573999999999995,0.00072140000000000008,-0.0037938000000000013,-0.0082933999999999994,0.00020299999999999984,-0.00071000000000000002,0.0014529999999999999,-0.0009592,0.0016726000000000002,0.00081820000000000005,-0.0021796000000000003,0.002065,0.0020585999999999998,-0.00017160000000000011,0.0001755999999999995,-0.00097979999999999986,-0.00021940000000000024,0.0016637999999999998,0.0014598000000000002,-0.00066220000000000027,-0.00030879999999999992,0.0011616,-0.00057700000000000047,-0.0013953999999999998,-0.00093260000000000012,-0.00049180000000000003,0.00065220000000000002,-0.0018852000000000001,0.000629,-0.0018573999999999999,0.0033748000000000003,-0.002052599999999999,0.0028208,-0.00041660000000000015,0.0031787999999999999,-0.0017184000000000001,-0.0027647999999999995,0.00098040000000000063,-0.0026950000000000003,0.0011252000000000002,-0.0037819999999999998,0.00049679999999999993,0.0040301999999999994,0.0011260000000000003,-0.0041220000000000007,0.0026242000000000001,-0.0024930000000000004,0.0035244000000000004,-0.0012183999999999999,5.2400000000000189e-05,0.0045193999999999998,-0.0019374000000000001,0.0015800000000000002,-0.0015428,-0.0065222000000000006,0.0026796000000000003,0.0058178000000000006,-0.0021619999999999999,0.0040552000000000001,0.0010662000000000002,-0.0053625999999999995,0.0017913999999999999,-0.0037556000000000017,0.013974800000000001,0.0016728000000000005,0.0037716,0.011685600000000001,-0.0024657999999999998,0.00094979999999999999,-0.00080919999999999994,-8.1400000000000135e-05,-0.00088520000000000037,0.00046940000000000013,-0.00057760000000000005,-0.00027940000000000007,0.00072200000000000009,0.00026000000000000003,-0.0011363999999999999,0.0018431999999999999,0.00011879999999999996,0.0017815999999999997,0.00068980000000000007,0.00067419999999999991,-0.0013761999999999999,-0.0013644,-0.00070380000000000009,0.0021803999999999999,0.00090080000000000021,-0.0012279999999999999,0.00029379999999999999,0.00038280000000000009,-0.0001657999999999998,-0.0014457999999999999,-0.00044540000000000015,-0.00057380000000000007,0.00051939999999999983,0.00095419999999999967,0.0031338,-0.0010036000000000001,-0.000553,0.0022978,3.000000000000017e-06,0.00052120000000000009,0.00043459999999999999,0.0011497999999999999,-0.0009898000000000001,0.0034342000000000001,-0.00083700000000000029,-0.0036746000000000001,-0.0016946000000000001,-0.0044024000000000008,0.002091,0.0030590000000000005,0.0014102000000000003,-0.0031641999999999998,-0.0018382000000000001,-0.0012980000000000001,-0.0012942000000000001,-0.0033069999999999992,0.0030256000000000003,0.0034906,0.00035080000000000007,0.0041137999999999999,-0.00031800000000000003,-0.0048734,-0.0038773999999999996,0.0092998000000000004,0.0019544000000000002,0.0081296000000000007,0.00017120000000000004,0.0025715999999999998,0.0012896000000000006,-0.0089231999999999992,-0.0010904000000000005,-0.011132399999999999,0.002019,0.00054760000000000008,0.00038160000000000006,0.00037559999999999997,-0.0014216000000000001,0.00068819999999999992,-0.0012383999999999997,0.00033559999999999997,-0.00016200000000000012,0.00059580000000000006,-0.00033180000000000004,0.00094520000000000021,0.00014540000000000006,0.00031279999999999969,0.00045359999999999986,-0.0023050000000000002,-0.00051780000000000012,3.5800000000000003e-05,3.0800000000000071e-05,0.0021189999999999994,-0.00063440000000000002,0.0013810000000000003,-0.0016850000000000005,5.780000000000005e-05,-0.00091880000000000011,0.00072180000000000009,6.7600000000000125e-05,-0.0013558000000000001,0.00045680000000000004,-0.00067200000000000007,0.00076359999999999991,-0.0028035999999999998,-0.00049759999999999995,-0.0018164000000000003,0.00079740000000000019,-0.00089280000000000002,0.0013233999999999998,-0.00020579999999999985,0.0012820000000000002,0.00092600000000000007,-0.001423,0.00078580000000000013,-0.00021900000000000001,-0.0010482,-0.00061079999999999988,0.002611,0.00097820000000000003,0.0013535999999999999,-0.0015911999999999999,-0.00099800000000000019,0.00041939999999999989,-0.00089879999999999995,-0.00092099999999999994,0.0013317999999999997,-0.0012209999999999999,0.0012635999999999999,0.0010549999999999999,-0.00050939999999999991,0.0022186000000000003,-0.0039604000000000002,0.0017234000000000001,0.00029719999999999996,-0.00017419999999999998,0.0031365999999999998,0.0014738000000000002,-0.0028148000000000001,-0.00073600000000000011,0.00013299999999999998,-0.0025999999999999999,0.0018498,0.00042279999999999998,0.0079125999999999988,-0.0044586000000000009,0.0017614000000000002,0.0020891999999999994,-0.010072000000000003,0.0010268
aug_between_class_right_pair0061_child08,TLE,1,1,Augmented,0,0,0,0,0,0.28433760000000002,1.8612741000000002,9.9999999999999995e-08,-8.9999999999999996e-07,0,0.88703089999999996,0,0.0393231,-0.1493892,0.029769199999999999,0.091681899999999997,-0.10533740000000001,0.0698434,-0.0065594999999999994,-0.0018199000000000002,-0.0048821999999999997,-0.083894099999999999,0.38300640000000002,-0.084506100000000001,-0.049103100000000011,0.082402400000000001,-0.033077200000000001,-0.019833299999999998,-0.0030107000000000003,-0.040050199999999994,0.027550100000000001,0.049046800000000002,-0.0308445,-0.001566000000000001,-0.074293799999999993,0.0157448,0.044677500000000002,-0.0253338,-0.0120333,-0.010064600000000002,-0.048983100000000002,0.039722199999999999,-0.053779199999999999,-0.056853800000000003,0.081781999999999994,-0.012903500000000002,0.19397420000000001,-0.058249000000000002,0.010317399999999999,-0.0039638000000000008,-0.0010596,-0.0072204000000000009,0.0017022999999999999,0.021478700000000003,0.0023733999999999999,-0.0065050000000000004,-0.0129301,-0.029187899999999999,0.0061305999999999991,0.018908400000000002,0.0186547,0.0230005,-0.022560799999999999,-0.0059910000000000007,0.0054727999999999999,-0.039738900000000001,-0.012283799999999999,0.015932000000000002,0.0086495000000000009,0.037295300000000003,-0.063039299999999993,-0.011523,-0.0096961999999999986,-0.046026999999999998,0.0086800999999999996,-0.0027923000000000002,0.0012183999999999999,0.016986500000000002,0.0105104,0.0040397999999999996,-0.0092793000000000007,0.0089178,0.0014943999999999999,-0.0021755999999999998,0.010471900000000001,0.0069703000000000005,-0.021369300000000001,0.0081241999999999981,0.00049589999999999877,0.011899900000000001,-0.016469900000000003,-0.0108004,0.024749799999999999,-0.0122296,-0.0091953999999999994,-0.0056461000000000003,-0.0223492,0.0054735000000000001,-0.0097847999999999997,0.0029350000000000001,0.014938199999999999,-0.0096357999999999999,-0.020745699999999999,0.017031099999999997,-0.010667700000000002,0.014126399999999997,0.0160042,-0.0011389999999999998,0.0039532000000000005,-0.0036185999999999996,-0.011675100000000001,0.0124406,-0.0028113000000000001,0.0057594000000000005,-0.00039289999999999996,0.0059684000000000004,-0.0087068999999999983,-0.0088425999999999991,0.010753700000000001,0.0153744,0.0043889000000000003,-0.00032000000000000019,0.018167499999999996,-0.0098613999999999993,0.0060698000000000002,-0.0123687,0.0148451,-0.0065319999999999996,-0.0051999999999999998,0.0062909999999999997,-0.00070739999999999996,-0.00088110000000000011,-0.0075890000000000003,0.0024887000000000008,0.004062099999999999,0.0098468999999999987,-0.0068082999999999998,-0.0070315999999999998,-0.018615199999999998,-0.0072805000000000005,-0.0044889000000000005,-0.011731800000000001,0.0063143000000000001,0.0077092000000000011,0.011362500000000001,0.00073359999999999983,0.0066775000000000003,0.0010088999999999996,-0.0010504000000000002,0.0040219000000000001,0.0020083000000000002,0.0013146000000000002,-0.0026151999999999998,-0.00041550000000000007,-0.0021108000000000003,0.0031670000000000001,0.0038804,0.0065002000000000002,-0.0037618000000000005,-0.0028024,-0.0061322,-0.0018596000000000001,-0.0028652999999999999,0.0007867000000000002,-0.0012279999999999991,0.0052242,0.0096320999999999993,0.0034751000000000001,-0.0027742000000000005,-0.0067650000000000002,-0.00089110000000000014,-0.012775700000000001,0.0014239000000000001,0.0017318999999999998,0.0074828000000000013,0.0056895999999999995,-0.0055920999999999992,0.0047133000000000001,-0.0085950999999999996,0.0002919000000000001,0.0039928999999999997,0.0061531000000000008,-0.0051192,0.0147849,-0.011370900000000001,0.0035333999999999999,-0.0036884999999999991,-0.0040459999999999992,-0.0011818000000000004,-0.0070431000000000001,0.0128051,-0.0011770999999999999,-0.00067940000000000014,0.0013679999999999999,-0.0054757,-0.0008106000000000003,0.0028085999999999996,0.0050171000000000009,-0.0016649999999999998,-0.0022167999999999997,0.0010536999999999999,7.8299999999999897e-05,-0.0015246000000000001,0.0051273999999999998,-0.00027079999999999997,0.00078650000000000009,0.0010664999999999997,0.00011840000000000002,0.00031640000000000005,-0.0027367999999999997,-0.00095129999999999987,0.0021267,0.0010206,0.0045598000000000001,-0.0039161000000000005,0.0024457000000000003,-0.00078450000000000004,-0.0064401000000000007,0.0075871000000000003,0.0016165999999999993,-0.0027495000000000002,0.0007762,0.0049730999999999994,-0.0010551,-0.0035614000000000002,-0.0068384000000000014,0.0055510000000000004,0.0026464000000000001,0.00057200000000000046,0.0025276999999999999,0.0070544000000000006,0.00069380000000000006,0.0033885999999999999,-0.0045700000000000003,0.0020492000000000002,0.0056923999999999994,0.0020024000000000001,0.0043994999999999998,-0.018692899999999998,0.0043649000000000006,-0.0056197999999999994,-0.013990800000000001,-0.0036362999999999999,0.0015803000000000002,-0.0018387999999999998,0.00080350000000000007,-0.0012133000000000001,-6.8700000000000098e-05,-0.0039571000000000007,0.00086390000000000013,-0.0030741000000000002,0.0014327000000000003,-0.0022621999999999998,0.001614,0.0024007,-0.00014220000000000007,0.0033060000000000008,-0.0040788999999999999,5.1600000000000089e-05,-0.0015904999999999999,-0.00044289999999999998,-0.0060944999999999992,-0.00067600000000000039,0.0031321999999999999,0.0034388999999999999,-0.00074460000000000043,-0.0036905000000000002,0.00066760000000000007,-0.0039046000000000003,-0.0015326000000000001,0.00054219999999999995,0.0029126999999999998,0.0029758000000000007,0.0058038000000000005,-0.0014276000000000002,-0.0011738000000000005,-0.0074420000000000007,0.0051305000000000005,0.0068694999999999997,0.0052817000000000003,0.0011926000000000003,0.0031501999999999997,-0.0029540999999999994,-0.0043379999999999998,-0.006219800000000001,-0.0011702999999999998,0.0049404999999999996,0.0042647999999999991,0.0022284000000000002,-0.0084761000000000003,-0.0016825,-0.010173899999999998,0.0044714000000000004,-0.0041338,-0.0048289000000000006,0.0084212000000000002,0.00092069999999999999,-0.0049909000000000012,-0.0076596999999999993,-9.5499999999999665e-05,-0.00060099999999999997,0.0015089999999999999,-0.00061810000000000001,0.0018693,0.00069660000000000002,-0.0026358000000000006,0.0021805000000000001,0.0019643,-0.00021730000000000002,-0.00016470000000000015,-0.00097539999999999986,-0.00071170000000000011,0.0014099,0.0016059000000000002,-0.00099310000000000023,-0.00013689999999999997,0.0012133000000000003,-0.0010360000000000002,-0.0014672000000000001,-0.0010058000000000001,-0.0005354,0.00071210000000000002,-0.0021425999999999997,0.0011125000000000002,-0.0014201999999999999,0.0035504,-0.0019832999999999995,0.0027008999999999996,-0.00054280000000000007,0.0037224000000000007,-0.0019391999999999999,-0.0024279000000000002,0.0014057000000000002,-0.0026385000000000002,0.0014376,-0.0040315000000000004,0.00042589999999999994,0.0038505999999999996,0.0014965,-0.0042560000000000002,0.0028896,-0.0026700000000000001,0.0041251999999999999,-0.0012741999999999999,-0.00028830000000000001,0.0046052000000000003,-0.0023032,0.001941,-0.0018308999999999999,-0.0067115999999999999,0.0028012999999999996,0.0063369000000000003,-0.0019859999999999999,0.0040381000000000002,0.0015946000000000003,-0.0058687999999999995,0.0015441999999999999,-0.0039572999999999995,0.015079400000000001,0.0017759000000000002,0.0042578,0.0119983,-0.0020324000000000002,0.00096789999999999984,-0.00072510000000000001,-0.00024770000000000022,-0.0010981000000000003,0.0004787000000000002,-0.00056130000000000004,-0.00038170000000000001,0.00080250000000000004,0.00023750000000000005,-0.0010897000000000001,0.0020221000000000002,0.00021740000000000008,0.0015382999999999998,0.00075890000000000007,0.00054659999999999995,-0.0012641,-0.0013836999999999999,-0.00070090000000000007,0.0021697000000000001,0.0010274000000000001,-0.0014835000000000002,0.00012340000000000007,0.0004634000000000001,-7.1899999999999959e-05,-0.0013634000000000001,-0.00065370000000000001,-0.00069990000000000004,0.00027119999999999998,0.0012155999999999998,0.0032294000000000003,-0.0011173000000000001,-0.0004685,0.0025014,0.000126,0.00061810000000000012,0.00039779999999999997,0.0011424,-0.0011728999999999999,0.0035551000000000003,-0.0013335,-0.0037802999999999995,-0.0017803000000000001,-0.0048871999999999995,0.002,0.0035040000000000006,0.0017676000000000002,-0.0033661000000000003,-0.002622600000000001,-0.0011975,-0.0012526,-0.0035939999999999991,0.0034513,0.0036503,0.00038490000000000009,0.0045333999999999999,-0.00044450000000000002,-0.0053352000000000009,-0.0038716999999999996,0.0096059000000000005,0.0018922000000000001,0.0082403000000000025,2.9099999999999786e-05,0.0028517999999999998,0.0018343000000000001,-0.0092555999999999992,-0.0013931999999999998,-0.012057699999999999,0.0019795000000000004,0.00044929999999999992,0.00039630000000000004,0.00033080000000000002,-0.0013328000000000001,0.00079959999999999992,-0.0013437000000000002,0.00030879999999999997,-0.0003495000000000002,0.00080790000000000007,-0.00022890000000000009,0.0010611000000000002,0.00026470000000000004,5.1399999999999948e-05,0.00037679999999999994,-0.0024505,-0.00066640000000000004,3.5900000000000059e-05,0.00018090000000000006,0.0020685,-0.00047369999999999997,0.0017020000000000002,-0.0020875000000000004,0.00014889999999999999,-0.0010304000000000001,0.00079440000000000001,9.0800000000000147e-05,-0.0014329,0.00057390000000000002,-0.00058150000000000009,0.00078679999999999993,-0.0026873000000000001,-0.00061729999999999999,-0.0020606999999999999,0.00099869999999999994,-0.0010034,0.0011446999999999998,3.9100000000000029e-05,0.0012689999999999999,0.00086550000000000006,-0.0014525,0.00079639999999999984,-0.00033150000000000009,-0.0013041000000000001,-0.00030639999999999986,0.0028265,0.0010301000000000002,0.0013713,-0.0013101,-0.0012370000000000003,0.00030919999999999998,-0.00071239999999999997,-0.00061199999999999991,0.00088889999999999976,-0.001356,0.0013098000000000001,0.00076699999999999978,-0.00024669999999999998,0.0023778000000000002,-0.0043531999999999998,0.0019296999999999997,0.00015009999999999996,-0.00014109999999999999,0.0032128,0.0017118999999999999,-0.0026183999999999999,-0.0011870000000000001,0.00025750000000000024,-0.0027724999999999998,0.0015254000000000001,0.00054039999999999991,0.0080928000000000007,-0.005190300000000001,0.0022337000000000004,0.0015410999999999999,-0.011067500000000001,0.0010893999999999999
aug_between_class_right_pair0062_child05,TLE,1,1,Augmented,0,0,0,0,0,0.31215719999999997,1.9914292,9.9999999999999995e-07,-5.9999999999999997e-07,0,0.86428879999999997,0,0.054925399999999999,-0.12784220000000002,0.016742,0.14052300000000001,-0.12622539999999999,0.0884654,-0.0088806000000000006,-0.016282599999999998,-0.0087077999999999999,-0.11581379999999999,0.35225319999999999,-0.060180200000000003,-0.014906399999999998,0.071261199999999997,-0.0106202,-0.029949400000000001,-0.0029869999999999996,-0.0389288,0.027150399999999998,0.036974800000000002,-0.040862599999999999,0.0030081999999999999,-0.0628692,0.0097103999999999992,0.053724399999999999,-0.0190688,0.0173286,0.019910999999999998,-0.051633399999999996,0.024451199999999999,-0.026922599999999998,-0.07053319999999999,0.087090799999999996,-0.060026399999999994,0.172209,-0.0370756,0.0069331999999999996,-0.0098837999999999999,-0.0067238000000000003,-0.0112874,0.0050993999999999996,0.035328200000000004,-0.0018938,-0.0074018,-0.0077610000000000005,-0.017067800000000001,0.019372199999999999,0.0312184,0.0068725999999999995,0.0189976,-0.0137672,0.00055619999999999986,0.028078399999999996,-0.038232600000000005,0.0058035999999999999,-0.0061464000000000015,0.0047345999999999985,0.023557399999999999,-0.071707199999999999,-0.0019171999999999991,-0.015907399999999999,-0.0193236,0.0155982,-0.001874,-0.0027573999999999997,0.0104536,0.0022520000000000005,0.0039696000000000002,-0.0074029999999999999,0.0054826000000000007,0.00080280000000000021,-0.0063114,0.0071332000000000001,0.0008479999999999998,-0.0114818,0.0082126000000000005,0.0049022000000000007,0.0057292000000000003,-0.0044050000000000001,-0.0050476000000000002,0.015778,-0.0086643999999999992,-0.0061986000000000003,-0.011431,-0.010430399999999999,0.0064613999999999991,-0.0041094,-0.0089015999999999991,0.012594399999999999,-0.0014988000000000015,0.008007199999999999,0.0011070000000000003,-0.0010791999999999998,0.0032879999999999993,-0.014512799999999999,0.0054634000000000002,0.0020536,-0.0019694000000000001,-0.0048082000000000003,0.0094789999999999996,-0.0057726000000000001,-0.0059985999999999998,-0.00045779999999999996,0.0071408000000000001,-0.0046744000000000004,-0.0088812000000000006,0.0080110000000000008,0.012425,0.0044219999999999997,0.0017391999999999998,0.011921600000000001,-0.0118566,0.0037721999999999999,-0.0155932,0.013253000000000001,0.0013391999999999996,-0.0025027999999999995,0.0092046000000000003,-0.0044717999999999997,0.0079697999999999991,0.00044079999999999987,-0.0068907999999999999,0.0096699999999999998,0.0172906,0.0027016000000000002,0.00063539999999999972,-0.011251199999999999,-0.0046309999999999997,-0.0055656000000000004,-0.0089990000000000001,0.011729999999999999,0.0005082000000000001,0.016193199999999998,-0.0039487999999999997,-0.00084920000000000026,-0.00038499999999999993,0.0040459999999999992,0.00085559999999999987,0.00069159999999999968,-0.0026284000000000004,-8.0000000000001945e-06,-0.00035460000000000005,-0.0020132000000000001,0.0057216000000000003,0.0017556000000000002,0.0041970000000000002,0.0052461999999999995,-6.5199999999999918e-05,-0.0041683999999999992,-0.0041557999999999994,-0.0058961999999999999,-0.0057225999999999996,-0.00028979999999999891,-0.0031438,0.0089213999999999995,-0.0012011999999999999,-0.00068179999999999955,0.0022225999999999999,-0.0030505999999999997,-0.0055551999999999997,-0.0026237999999999999,-0.0041925999999999995,0.0011024000000000001,0.0066237999999999991,0.0066140000000000001,0.0077193999999999995,-0.003637,0.0087912000000000007,0.0109534,0.00029559999999999981,0.0016431999999999998,0.012497199999999998,-0.0096988000000000005,0.00016019999999999988,-0.0049721999999999995,-2.3999999999998957e-06,0.0048481999999999996,-0.0128544,0.0067552000000000003,-0.0079019999999999993,-0.0017012000000000004,-0.00092240000000000009,-0.0023888,-0.0024948000000000001,-6.2599999999999895e-05,0.0045427999999999996,-0.00059119999999999995,-0.0036486000000000001,-0.0015001999999999999,0.0015858000000000003,-0.0006732000000000001,0.00077680000000000002,-0.0002788,-0.00066419999999999977,0.00094200000000000013,0.0016012000000000001,0.0026768,-0.0047435999999999989,-0.0037209999999999999,-0.00053380000000000007,0.0025281999999999995,-0.0050641999999999996,-0.0027555999999999995,0.0045435999999999992,0.0043394000000000002,-0.00040440000000000007,0.0040772000000000004,0.0028041999999999997,-0.0061049999999999993,0.0018692000000000001,-0.0030578000000000003,-0.0013812000000000002,-0.0042668000000000003,0.0049334000000000001,0.0114974,0.0014341999999999998,-0.0013472,0.0063649999999999991,0.0028195999999999998,0.0043400000000000001,0.0053997999999999997,-0.0020542000000000008,0.0026049999999999997,-0.0026476,0.0052480000000000001,0.0023769999999999998,-0.0056133999999999993,0.0075405999999999997,-0.0039897999999999999,-0.0074143999999999998,0.0014851999999999999,0.0019816,-0.0020462000000000002,-0.0024228000000000001,0.0012401999999999997,0.0013399999999999998,-0.0010127999999999999,0.0012800000000000001,-0.0015376000000000001,0.0028317999999999998,-0.00018139999999999996,-0.0025643999999999997,0.0037396,-0.0032393999999999999,0.0012496,-0.00010499999999999984,-0.0006958,-7.1600000000000033e-05,0.0040626000000000004,-0.0016442000000000002,0.0032249999999999996,0.0011868,-0.00092560000000000016,-0.00075719999999999976,-0.0059198000000000002,-0.0012499999999999996,0.0023297999999999999,-0.0060023999999999997,0.0016137999999999999,0.0019028000000000001,0.00035000000000000038,0.0027774000000000002,-0.0021245999999999995,0.0023366000000000003,0.0014886000000000001,-0.0025799999999999998,0.0071128000000000007,-0.00037979999999999985,-0.0016611999999999998,0.0079632000000000001,0.0044402,-0.0021489999999999999,0.0011756,-0.0013615999999999997,-0.0011287999999999997,-0.00088159999999999974,-0.0046182000000000003,-0.00058159999999999983,0.0045707999999999999,-0.0051507999999999996,0.0083347999999999981,-0.0029662,0.00082160000000000013,0.0059412000000000006,-3.5399999999999885e-05,0.0012424000000000003,-0.010997399999999999,0.0021148,0.00031900000000000006,0.0008206,-0.00028860000000000008,0.00053819999999999996,-0.00076439999999999972,0.0011374000000000002,-0.00098819999999999963,0.001647,-0.001016,-0.00097460000000000005,0.0026937999999999997,-0.00053860000000000008,0.0022474000000000001,0.0016253999999999999,0.0016643999999999999,-0.0016505999999999999,-2.2800000000000026e-05,-0.0018113999999999997,0.0018017999999999999,-0.0022047999999999998,-0.00087100000000000003,-6.3399999999999915e-05,-0.00015980000000000009,0.0026477999999999996,-0.0023930000000000002,0.00056400000000000005,0.00029920000000000001,-0.00036839999999999996,-0.0020362000000000002,0.00059699999999999987,-0.0038578000000000006,0.00048179999999999989,0.0012605999999999997,0.0029274000000000001,-0.0013654000000000003,-0.0037498000000000002,-0.0026864000000000002,0.0023484000000000005,-0.0030418000000000003,-0.0028728,0.00045719999999999984,5.920000000000003e-05,0.0028084,0.0043505999999999987,0.00021700000000000018,6.2000000000000423e-06,-0.0043096000000000002,0.00011899999999999953,0.00042679999999999975,-0.0013439999999999999,-0.00085519999999999997,0.0012019999999999999,-0.0031278,0.0037944000000000003,-0.0034414000000000003,0.0031472000000000002,0.0025166000000000003,0.00036339999999999973,0.0084416000000000005,-0.00025740000000000008,0.0071041999999999998,0.0017128,-0.0017021999999999999,0.00091339999999999998,0.00074639999999999993,0.0007674,0.0018333999999999998,-0.0013492000000000001,-0.0031286,-0.00058599999999999993,-0.00069519999999999998,0.00044719999999999992,-0.0008206,-5.7599999999999936e-05,0.00081420000000000017,-0.0020485999999999994,-8.7000000000000055e-05,0.0016970000000000002,-0.0028614000000000001,-0.0021410000000000001,0.00063199999999999975,-0.00025920000000000001,0.0010518000000000001,-0.0029608000000000004,-0.00081800000000000004,0.0012872000000000001,-0.0012385999999999999,0.0025085999999999997,-0.00057400000000000007,-0.0031877999999999997,-0.00021420000000000011,0.0018477999999999999,0.00046779999999999999,0.0014438000000000003,0.0014490000000000002,0.0033904,-0.00087639999999999994,0.00095580000000000003,-0.00091920000000000012,0.0019352,-0.00067439999999999991,0.0050124000000000002,0.0015323999999999997,-0.0035914000000000007,-0.0031080000000000001,-0.0020014,0.0034055999999999999,-0.001021,0.00036079999999999966,0.0012318000000000001,0.0043661999999999998,-0.0021584000000000004,0.00050479999999999991,-0.0021109999999999996,0.0021158000000000001,0.0011901999999999998,-0.0018025999999999997,0.00073799999999999994,0.00097440000000000016,0.00056159999999999988,0.00021919999999999966,0.0031266000000000002,0.0027683999999999999,0.0054878000000000001,-0.0023734000000000003,0.0022850000000000001,0.00090840000000000018,-0.0022832,0.00022080000000000016,-0.0013678,0.0054445999999999991,-0.0035967999999999998,0.00032439999999999997,-0.00043039999999999989,-0.0013912,0.00059939999999999993,-2.4200000000000046e-05,-3.4999999999999929e-05,-0.00012379999999999989,-0.00028699999999999998,-0.00091259999999999996,-0.00040479999999999997,-5.1799999999999985e-05,0.0013259999999999999,-0.001021,-0.00017799999999999996,0.00058419999999999989,-0.0010213999999999996,0.00017519999999999998,0.00022380000000000002,0.0011600000000000002,0.00012960000000000001,0.0015390000000000002,0.00056919999999999996,-0.00097740000000000001,0.00091379999999999999,0.00055780000000000001,-0.0013076000000000001,0.0027881999999999998,0.0011506000000000003,-0.0018288,-0.00036280000000000004,-0.0017322000000000001,-0.001145,-5.6399999999999989e-05,0.00016000000000000009,0.0019352000000000002,-0.00076420000000000004,-0.0004015999999999999,0.0027566000000000005,-0.0014536000000000002,-0.0013657999999999999,0.0018668000000000001,0.0022476000000000002,0.0031210000000000005,-0.0011819999999999999,-0.0010387999999999999,-0.0016282,0.0010173999999999997,0.0018217999999999995,0.0023171999999999997,-0.0011130000000000001,-0.00057780000000000006,0.0025611999999999996,-0.0013892000000000002,0.00036859999999999996,-0.00030259999999999998,-0.0015956,0.0011677999999999997,0.00074560000000000013,0.0013179999999999997,-0.0023276000000000004,-0.0014484000000000001,0.0022074,-0.0013139999999999998,-0.00034039999999999982,0.0017664,-0.00050460000000000001,0.0024516,-0.00078359999999999964,-0.00010979999999999996,0.0026413999999999999,-0.0045639999999999995,0.0018102000000000001,-0.00078380000000000008,-0.00099199999999999983,0.0023975999999999997
aug_between_class_right_pair0062_child06,TLE,1,1,Augmented,0,0,0,0,0,0.31309689999999996,1.9891464000000001,9.9999999999999995e-07,-6.9999999999999986e-07,0,0.85606660000000001,0,0.055776300000000001,-0.12882689999999999,0.016414500000000002,0.14262350000000001,-0.13131479999999998,0.087624800000000003,-0.0085982000000000003,-0.018976699999999996,-0.0073766000000000005,-0.1124431,0.35828840000000001,-0.059305400000000008,-0.017756299999999996,0.06858439999999999,-0.0100249,-0.031213299999999999,-0.0024449999999999997,-0.038068600000000001,0.0280953,0.040865100000000001,-0.039735699999999999,0.0027209000000000001,-0.060375899999999996,0.0110128,0.055389300000000002,-0.020379600000000001,0.0185542,0.019481000000000002,-0.055205299999999992,0.025704899999999999,-0.022113200000000006,-0.073047899999999999,0.086355600000000005,-0.060347799999999993,0.17126550000000001,-0.035838700000000001,0.0072903999999999998,-0.0104896,-0.0066001000000000002,-0.010977300000000001,0.0053537999999999997,0.0354224,-0.0019206,-0.0074050999999999995,-0.0071989999999999988,-0.0178006,0.020881400000000001,0.031784300000000001,0.0064507000000000019,0.020012200000000001,-0.0152084,-0.00083960000000000013,0.028281299999999995,-0.036978200000000003,0.0060061999999999997,-0.0068233000000000009,0.0057246999999999992,0.024624299999999998,-0.070737400000000006,-0.0033373999999999982,-0.016098299999999999,-0.019822699999999999,0.015417400000000001,-0.0020355000000000004,-0.0033072999999999996,0.010112200000000002,0.0028964999999999993,0.0038367000000000002,-0.0065044999999999999,0.0049997000000000002,0.00010610000000000133,-0.0063673000000000002,0.0066384,-4.8499999999999065e-05,-0.0111371,0.0088906999999999996,0.0052719000000000004,0.0054259,-0.0044244999999999996,-0.0048437000000000011,0.015305000000000001,-0.0074073000000000003,-0.0055376999999999996,-0.011812,-0.0101998,0.0077642999999999992,-0.0038327999999999999,-0.0088851999999999993,0.0128538,-0.0005686000000000007,0.0074523999999999996,0.0012289999999999975,-2.6900000000000708e-05,0.0026380000000000015,-0.0140141,0.0062237999999999998,0.0019541999999999997,-0.0021822999999999999,-0.0046129000000000005,0.0095475000000000004,-0.0060911999999999997,-0.0063856999999999994,-0.00033460000000000006,0.0074630999999999994,-0.0043363000000000004,-0.0092139000000000006,0.0073445000000000003,0.012839,0.0043439999999999998,0.0022274,0.011964199999999999,-0.012151200000000001,0.0040739000000000001,-0.015835399999999999,0.013434,0.0022938999999999998,-0.0023760999999999999,0.0097251999999999998,-0.0048545999999999997,0.0078015999999999997,0.0014025999999999986,-0.0071451000000000006,0.0089484999999999999,0.017313699999999998,0.0028721999999999992,0.0011257999999999999,-0.0109649,-0.0047409999999999996,-0.0055846999999999997,-0.0096000000000000009,0.011882,0.0002764000000000001,0.0164464,-0.0032111000000000002,-0.00068789999999999997,-0.00042549999999999993,0.0045275000000000003,0.0012091999999999997,0.0012356999999999997,-0.0023478000000000006,-0.00018899999999999993,0.00022979999999999962,-0.0019789,0.0058302000000000007,0.0020201999999999998,0.0043210000000000002,0.0057613999999999999,0.00033109999999999986,-0.0044637999999999995,-0.0042190999999999999,-0.0063918999999999998,-0.0057056999999999993,-0.00038909999999999986,-0.0037916,0.0094763,-0.0010979000000000002,-0.0011310999999999993,0.0016937000000000002,-0.0033647,-0.0054383999999999995,-0.0017276000000000001,-0.0042012000000000004,0.0010298000000000002,0.0062796000000000006,0.0063210000000000002,0.0073068000000000004,-0.0035399999999999997,0.008896900000000001,0.011997799999999999,0.0010406999999999994,0.0010724000000000003,0.013862399999999999,-0.010267099999999999,0.00026189999999999991,-0.0041308999999999998,0.0015146999999999995,0.0045684000000000002,-0.0120743,0.0076194000000000001,-0.0072999999999999992,-0.0011789000000000003,-0.0008902999999999999,-0.0024210999999999998,-0.0024226,8.5800000000000026e-05,0.0050815999999999995,-0.0006898999999999998,-0.0038151999999999999,-0.0012624000000000003,0.0011096000000000001,-0.0007094,0.0007111000000000001,-0.00010610000000000011,-0.0010268999999999999,0.0011519999999999998,0.0015559,0.0027346000000000002,-0.0048791999999999985,-0.0035909999999999996,-0.00091760000000000019,0.0019934000000000002,-0.0052399000000000005,-0.0025322000000000001,0.0048461999999999993,0.0042478000000000004,-0.00070430000000000004,0.0043373999999999999,0.0028193999999999997,-0.0065250000000000004,0.0018844000000000001,-0.0035135999999999995,-0.0011789000000000001,-0.0038790999999999999,0.0049973000000000005,0.0119688,0.0013908999999999998,-0.0011879,0.0069664999999999996,0.0028976999999999996,0.0047155000000000009,0.0056750999999999998,-0.0029543999999999994,0.0023059999999999999,-0.0027997000000000005,0.0054184999999999988,0.0028809999999999999,-0.0066187999999999993,0.0080901999999999988,-0.0046710999999999992,-0.0086637999999999993,0.0011774000000000003,0.0021471999999999997,-0.0022193999999999998,-0.0025841000000000002,0.0016513999999999997,0.0012180000000000001,-0.00083310000000000003,0.0010380000000000001,-0.0013957000000000002,0.0031651000000000001,-0.00019480000000000018,-0.0028002999999999995,0.0035872,-0.0029692999999999998,0.0011562,-7.6999999999999812e-05,-0.00099909999999999994,7.2299999999999914e-05,0.0043072000000000006,-0.0012839000000000001,0.0033724999999999996,0.0010300999999999999,-0.0011217,-0.0004358999999999997,-0.0054461000000000006,-0.0016329999999999997,0.0022396,-0.0061988,0.0016651000000000001,0.0021846000000000001,-0.00018049999999999945,0.0030412999999999998,-0.0022566999999999995,0.0020972,0.0014091999999999998,-0.0030539999999999999,0.0065336000000000005,-0.00055259999999999988,-0.0017743999999999998,0.0078348999999999988,0.0048224000000000001,-0.0024835,0.0012887,-0.0019561999999999995,-0.0016325999999999992,-0.00034320000000000054,-0.0045084000000000009,-0.00066069999999999974,0.0043066000000000007,-0.0051586000000000002,0.0092295999999999975,-0.0030974000000000002,0.00056470000000000023,0.0055229000000000007,-0.00069579999999999946,0.00076430000000000031,-0.011523799999999999,0.0024120999999999999,0.00046700000000000018,0.00081569999999999993,-0.00041319999999999996,0.00049390000000000002,-0.00091679999999999995,0.0014488000000000003,-0.0011203999999999995,0.0017755000000000002,-0.00083350000000000004,-0.0012102000000000003,0.0026646,-0.00057170000000000007,0.0019732999999999999,0.0019693000000000002,0.0015328,-0.0020621999999999997,4.1899999999999975e-05,-0.0018902999999999995,0.0019551,-0.0019481000000000001,-0.0009639999999999999,0.00018419999999999992,2.3899999999999876e-05,0.0023246,-0.0024705,0.00050700000000000007,0.00038939999999999982,9.6999999999999647e-06,-0.0021938999999999999,0.00057749999999999989,-0.0041946000000000006,0.00051360000000000012,0.0020656999999999997,0.0027468000000000006,-0.0018198000000000001,-0.0036261000000000002,-0.0030302999999999997,0.0017793000000000004,-0.0027556,-0.0033660999999999995,0.00065189999999999985,0.0002053999999999999,0.0032172999999999998,0.0046566999999999997,-0.00017549999999999987,-0.00044059999999999976,-0.0045487000000000001,0.00056699999999999969,0.0010800999999999996,-0.001276,-0.0013113999999999999,0.0013334999999999998,-0.0033430999999999999,0.0032533000000000002,-0.0034292999999999997,0.0035563999999999999,0.0027047,0.0011962999999999998,0.0085231999999999999,-0.00061329999999999978,0.0073818999999999994,0.0018860999999999999,-0.0019978999999999999,0.00097579999999999997,0.00084229999999999982,0.00077379999999999994,0.0023008,-0.0010689000000000002,-0.0030962000000000003,-0.00043750000000000006,-0.00082989999999999995,0.00045389999999999992,-0.00039770000000000013,-8.92e-05,0.0008343999999999999,-0.0022296999999999998,-5.1500000000000059e-05,0.0017585000000000001,-0.0032992999999999998,-0.0024174999999999999,0.0010059999999999995,-0.00026739999999999989,0.0013530999999999999,-0.0028856000000000003,-0.0014024999999999997,0.0012404,-0.0012501999999999999,0.0026622,-0.00061700000000000004,-0.0036111000000000003,-7.6899999999999972e-05,0.0021945999999999997,0.00080409999999999987,0.0013066000000000002,0.0016599999999999998,0.0038332999999999996,-0.0007023000000000001,0.0011191,-0.00092340000000000011,0.0019059000000000001,-0.00062429999999999994,0.0053638000000000002,0.0018622999999999999,-0.0036132999999999998,-0.0034650000000000002,-0.0022797999999999998,0.0035861999999999995,-0.0010479999999999999,0.00026059999999999972,0.0012291000000000001,0.0045973999999999998,-0.0023722999999999999,0.00068859999999999993,-0.0024569999999999991,0.0020341000000000001,0.0016348999999999995,-0.0021806999999999994,0.0011139999999999998,0.00088430000000000019,0.00060220000000000011,0.0006098999999999997,0.0035057,0.0033077999999999996,0.0061186000000000001,-0.0028552999999999999,0.002369,0.00053930000000000037,-0.0021793999999999997,0.00057059999999999988,-0.0010426000000000001,0.0058417,-0.0039720999999999992,0.00037829999999999998,-0.00044829999999999984,-0.0013868999999999999,0.00069580000000000011,3.959999999999996e-05,-0.00014699999999999989,-0.00022309999999999992,-0.00031700000000000001,-0.0010127000000000001,-0.00048059999999999992,-7.0099999999999996e-05,0.001438,-0.0012495,-0.00024149999999999996,0.0007093999999999999,-0.0014752999999999995,0.00030789999999999989,0.0002521,0.0010695000000000001,0.00020519999999999995,0.0011920000000000004,0.0008098999999999999,-0.0011132999999999998,0.00052710000000000018,0.0005911,-0.0014972,0.0029104000000000001,0.0017447000000000001,-0.0020985999999999999,-0.00015660000000000012,-0.0015774000000000001,-0.001549,0.00015469999999999997,3.1500000000000061e-05,0.0020154000000000001,-0.00077789999999999999,-0.00024820000000000002,0.0030532000000000003,-0.0013422,-0.0013960999999999999,0.0016556000000000001,0.0020412,0.0030395000000000001,-0.0011685000000000001,-0.0013161,-0.0016153999999999997,0.0012427999999999999,0.0019630999999999997,0.0023784000000000001,-0.0012344999999999999,-0.00070060000000000001,0.0030563999999999999,-0.0015289000000000001,0.00046769999999999993,-0.00044669999999999991,-0.0018642000000000003,0.0015955999999999998,0.00016320000000000071,0.0016139999999999995,-0.0021582000000000003,-0.0014808,0.0023742999999999998,-0.0015514999999999999,-0.00032880000000000019,0.0017063,-0.00080769999999999985,0.0024931999999999997,-0.0011746999999999999,-6.510000000000001e-05,0.0032337999999999993,-0.0039120000000000005,0.0017068999999999999,-0.00072459999999999994,-0.0018914999999999995,0.0025677
aug_between_class_right_pair0062_child07,TLE,1,1,Augmented,0,0,0,0,0,0.3140366,1.9868636,9.9999999999999995e-07,-7.9999999999999996e-07,0,0.84784440000000005,0,0.056627200000000003,-0.1298116,0.016087000000000001,0.14472400000000002,-0.1364042,0.086784199999999992,-0.0083157999999999999,-0.0216708,-0.0060453999999999994,-0.1090724,0.36432360000000003,-0.058430600000000006,-0.020606199999999998,0.065907599999999997,-0.0094295999999999998,-0.032477199999999998,-0.0019029999999999995,-0.037208400000000003,0.029040199999999999,0.044755400000000001,-0.038608799999999999,0.0024335999999999997,-0.057882599999999992,0.0123152,0.057054199999999999,-0.021690400000000002,0.0197798,0.019050999999999998,-0.058777199999999995,0.026958599999999999,-0.017303799999999994,-0.075562599999999994,0.085620399999999999,-0.060669199999999993,0.170322,-0.034601799999999995,0.0076476000000000001,-0.0110954,-0.0064764000000000002,-0.0106672,0.0056081999999999989,0.035516600000000002,-0.0019474000000000002,-0.0074083999999999999,-0.0066369999999999979,-0.018533399999999998,0.0223906,0.032350199999999996,0.0060287999999999991,0.021026800000000002,-0.016649600000000001,-0.0022354000000000011,0.028484200000000001,-0.0357238,0.0062088000000000004,-0.007500200000000002,0.0067148000000000017,0.025691200000000001,-0.069767599999999999,-0.0047575999999999998,-0.016289199999999997,-0.020321799999999998,0.015236599999999999,-0.0021969999999999997,-0.0038572000000000003,0.0097708000000000014,0.0035410000000000007,0.0037038000000000001,-0.0056059999999999999,0.0045167999999999996,-0.00059059999999999929,-0.0064232000000000004,0.0061435999999999991,-0.00094500000000000053,-0.010792400000000001,0.0095688000000000006,0.005641600000000001,0.0051225999999999997,-0.004444,-0.0046397999999999995,0.014832000000000001,-0.0061501999999999998,-0.0048767999999999997,-0.012192999999999999,-0.009969200000000001,0.009067200000000001,-0.0035562000000000007,-0.0088687999999999996,0.013113200000000002,0.00036160000000000012,0.0068976000000000003,0.0013509999999999998,0.0010254000000000003,0.0019880000000000002,-0.0135154,0.0069842000000000012,0.0018548,-0.0023952000000000001,-0.0044175999999999998,0.0096159999999999995,-0.0064098000000000002,-0.0067728000000000007,-0.00021139999999999993,0.0077854000000000005,-0.0039981999999999995,-0.0095466000000000006,0.0066779999999999999,0.013253000000000001,0.0042659999999999998,0.0027156000000000003,0.0120068,-0.0124458,0.0043756000000000003,-0.016077600000000001,0.013615,0.0032485999999999999,-0.0022493999999999995,0.010245799999999999,-0.0052373999999999997,0.0076333999999999994,0.0023643999999999991,-0.0073993999999999996,0.0082269999999999999,0.017336799999999999,0.0030428,0.0016162000000000006,-0.0106786,-0.0048510000000000003,-0.0056038000000000008,-0.010201,0.012034,4.4599999999999946e-05,0.016699600000000002,-0.0024733999999999997,-0.0005265999999999999,-0.00046599999999999994,0.0050090000000000004,0.0015627999999999998,0.0017798000000000002,-0.0020671999999999999,-0.0003700000000000001,0.00081420000000000006,-0.0019445999999999999,0.0059388000000000002,0.0022848,0.0044450000000000002,0.0062766000000000002,0.00072740000000000033,-0.0047591999999999999,-0.0042823999999999996,-0.0068876000000000007,-0.0056887999999999999,-0.00048839999999999995,-0.0044394000000000005,0.010031200000000001,-0.0009946,-0.0015803999999999998,0.0011647999999999997,-0.0036788000000000003,-0.0053216000000000001,-0.00083139999999999972,-0.0042097999999999997,0.00095720000000000006,0.0059353999999999995,0.0060279999999999995,0.0068941999999999996,-0.0034429999999999999,0.0090026000000000012,0.0130422,0.0017858000000000001,0.00050159999999999962,0.015227599999999997,-0.010835400000000002,0.00036359999999999995,-0.0032895999999999984,0.0030318000000000007,0.0042885999999999992,-0.011294200000000001,0.0084836000000000009,-0.006698,-0.00065660000000000013,-0.00085820000000000015,-0.0024533999999999997,-0.0023503999999999999,0.00023420000000000016,0.0056204000000000002,-0.00078859999999999998,-0.0039818000000000006,-0.0010245999999999999,0.00063340000000000011,-0.00074560000000000013,0.00064539999999999997,6.6600000000000047e-05,-0.0013896000000000002,0.0013620000000000004,0.0015106000000000002,0.0027924,-0.0050147999999999998,-0.0034609999999999997,-0.0013013999999999999,0.0014585999999999998,-0.0054156000000000004,-0.0023087999999999997,0.0051487999999999994,0.0041561999999999997,-0.0010042000000000002,0.0045976000000000003,0.0028346000000000001,-0.0069450000000000007,0.0018996,-0.0039694000000000005,-0.00097659999999999999,-0.0034913999999999995,0.0050612000000000001,0.012440200000000002,0.0013475999999999998,-0.0010286000000000002,0.0075680000000000001,0.0029757999999999998,0.005091,0.0059503999999999998,-0.0038546000000000006,0.0020070000000000001,-0.0029518000000000001,0.0055890000000000002,0.0033850000000000004,-0.0076242000000000002,0.0086397999999999996,-0.0053524000000000002,-0.0099132000000000005,0.00086959999999999989,0.0023128000000000003,-0.0023925999999999999,-0.0027454000000000003,0.0020626000000000004,0.0010960000000000004,-0.00065339999999999994,0.00079599999999999994,-0.0012538,0.0034983999999999996,-0.0002082000000000004,-0.0030361999999999997,0.0034348,-0.0026991999999999997,0.0010628,-4.8999999999999998e-05,-0.0013024,0.00021620000000000005,0.0045518000000000008,-0.00092360000000000012,0.0035199999999999997,0.00087339999999999987,-0.0013178000000000003,-0.00011459999999999964,-0.0049724000000000001,-0.0020159999999999996,0.0021493999999999997,-0.0063952000000000002,0.0017164000000000003,0.0024664000000000001,-0.00071099999999999983,0.0033051999999999999,-0.0023888,0.0018577999999999999,0.0013297999999999995,-0.0035279999999999999,0.0059543999999999995,-0.00072539999999999974,-0.0018875999999999999,0.0077066000000000001,0.0052046000000000002,-0.0028180000000000002,0.0014017999999999999,-0.0025508000000000002,-0.0021363999999999997,0.00019520000000000041,-0.004398599999999999,-0.00073979999999999988,0.0040423999999999998,-0.0051663999999999998,0.0101244,-0.0032286000000000003,0.0003078,0.0051045999999999999,-0.0013562000000000003,0.00028619999999999948,-0.0120502,0.0027094000000000003,0.00061500000000000031,0.00081079999999999998,-0.00053780000000000006,0.00044959999999999998,-0.0010692,0.0017602000000000006,-0.0012525999999999998,0.0019040000000000003,-0.00065099999999999989,-0.0014458000000000001,0.0026353999999999995,-0.00060480000000000006,0.0016991999999999999,0.0023132000000000005,0.0014011999999999998,-0.0024738,0.0001066,-0.0019691999999999999,0.0021084000000000003,-0.0016914,-0.001057,0.00043180000000000009,0.00020759999999999984,0.0020013999999999995,-0.0025479999999999999,0.00044999999999999999,0.00047960000000000006,0.00038780000000000043,-0.0023516000000000001,0.0005579999999999999,-0.0045314000000000014,0.00054539999999999992,0.0028708000000000015,0.0025662000000000003,-0.0022742000000000001,-0.0035024000000000001,-0.0033741999999999995,0.0012101999999999996,-0.0024694000000000001,-0.0038593999999999998,0.00084659999999999998,0.00035160000000000009,0.0036262000000000004,0.0049627999999999999,-0.0005680000000000008,-0.00088739999999999999,-0.0047878,0.0010149999999999998,0.0017334000000000002,-0.0012079999999999999,-0.0017676000000000002,0.0014649999999999999,-0.0035583999999999998,0.0027121999999999997,-0.0034172000000000004,0.0039656000000000005,0.0028928000000000001,0.0020292000000000005,0.0086047999999999993,-0.00096920000000000025,0.0076595999999999999,0.0020593999999999999,-0.0022936000000000002,0.0010381999999999998,0.00093819999999999993,0.00078019999999999999,0.0027682000000000006,-0.00078859999999999987,-0.0030638000000000002,-0.00028899999999999992,-0.00096460000000000014,0.00046059999999999992,2.5200000000000159e-05,-0.00012080000000000001,0.00085459999999999985,-0.0024107999999999998,-1.6000000000000009e-05,0.00182,-0.0037372000000000004,-0.0026940000000000002,0.0013800000000000006,-0.00027559999999999998,0.0016544000000000003,-0.0028103999999999998,-0.0019870000000000001,0.0011936000000000004,-0.0012618,0.0028158000000000002,-0.0006600000000000001,-0.0040344000000000005,6.0400000000000167e-05,0.0025414000000000001,0.0011404000000000002,0.0011693999999999997,0.0018710000000000001,0.0042762000000000008,-0.00052819999999999983,0.0012823999999999999,-0.0009276000000000001,0.0018766,-0.00057419999999999997,0.0057152000000000001,0.0021922000000000001,-0.0036351999999999999,-0.0038220000000000007,-0.0025582000000000001,0.0037667999999999998,-0.001075,0.00016039999999999978,0.0012264000000000001,0.0048286000000000006,-0.0025862000000000003,0.00087239999999999996,-0.0028029999999999999,0.0019524,0.0020796,-0.0025587999999999995,0.0014900000000000002,0.0007941999999999999,0.0006427999999999999,0.0010006000000000001,0.0038848000000000003,0.0038472000000000003,0.0067494000000000009,-0.0033372000000000002,0.0024530000000000003,0.00017019999999999991,-0.0020755999999999999,0.00092040000000000015,-0.00071739999999999987,0.0062388000000000001,-0.0043473999999999995,0.00043220000000000004,-0.00046619999999999989,-0.0013825999999999999,0.00079220000000000007,0.00010340000000000005,-0.00025900000000000001,-0.00032240000000000003,-0.00034700000000000003,-0.0011128000000000002,-0.00055639999999999997,-8.8400000000000007e-05,0.0015500000000000002,-0.0014780000000000001,-0.00030499999999999999,0.00083460000000000001,-0.0019292000000000001,0.00044060000000000008,0.00028039999999999999,0.00097900000000000005,0.00028080000000000005,0.00084499999999999983,0.0010506000000000001,-0.0012492,0.00014039999999999994,0.0006244,-0.0016868,0.0030325999999999999,0.0023388000000000007,-0.0023684000000000005,4.9600000000000121e-05,-0.0014226000000000002,-0.0019530000000000003,0.00036580000000000016,-9.7000000000000027e-05,0.0020956000000000004,-0.00079159999999999994,-9.479999999999996e-05,0.0033498000000000004,-0.0012308,-0.0014264,0.0014444,0.0018347999999999999,0.0029580000000000001,-0.001155,-0.0015934000000000005,-0.0016025999999999998,0.0014682,0.0021043999999999998,0.0024396000000000001,-0.001356,-0.00082340000000000017,0.0035516000000000002,-0.0016686000000000003,0.00056680000000000001,-0.00059080000000000005,-0.0021328000000000002,0.0020233999999999999,-0.00041920000000000032,0.00191,-0.0019888000000000002,-0.0015132000000000001,0.0025412,-0.001789,-0.00031720000000000012,0.0016462,-0.0011108000000000001,0.0025348000000000002,-0.0015658,-2.0399999999999845e-05,0.0038262000000000001,-0.0032599999999999994,0.0016035999999999999,-0.00066539999999999991,-0.0027910000000000009,0.0027378000000000003
aug_between_class_right_pair0062_child08,TLE,1,1,Augmented,0,0,0,0,0,0.31497629999999999,1.9845807999999998,9.9999999999999995e-07,-8.9999999999999996e-07,0,0.83962219999999999,0,0.057478100000000004,-0.1307963,0.015759499999999999,0.1468245,-0.1414936,0.085943599999999995,-0.0080333999999999996,-0.024364899999999998,-0.0047142000000000017,-0.10570170000000001,0.37035879999999999,-0.057555800000000004,-0.023456100000000001,0.06323079999999999,-0.0088342999999999998,-0.033741100000000003,-0.0013609999999999996,-0.036348199999999997,0.029985100000000001,0.0486457,-0.037481899999999999,0.0021463000000000003,-0.055389299999999995,0.013617599999999999,0.058719100000000003,-0.023001199999999999,0.0210054,0.018620999999999999,-0.062349099999999991,0.028212299999999999,-0.012494399999999996,-0.078077300000000002,0.084885199999999994,-0.060990599999999999,0.16937849999999999,-0.033364899999999996,0.0080047999999999994,-0.0117012,-0.0063527000000000002,-0.010357099999999999,0.0058625999999999999,0.035610799999999998,-0.0019741999999999997,-0.0074116999999999994,-0.0060749999999999988,-0.019266200000000001,0.023899799999999999,0.032916099999999997,0.0056068999999999997,0.022041400000000003,-0.018090800000000001,-0.0036312000000000011,0.028687099999999997,-0.034469399999999997,0.0064114000000000003,-0.0081771000000000014,0.0077048999999999989,0.0267581,-0.068797799999999992,-0.0061777999999999998,-0.016480099999999998,-0.0208209,0.015055799999999999,-0.0023584999999999999,-0.0044070999999999989,0.009429400000000001,0.0041855,0.0035709000000000001,-0.0047074999999999999,0.0040339,-0.0012872999999999999,-0.0064790999999999998,0.0056487999999999998,-0.0018415000000000003,-0.010447700000000001,0.0102469,0.0060113000000000007,0.0048193000000000003,-0.0044635000000000005,-0.0044359000000000013,0.014359,-0.0048930999999999992,-0.0042158999999999999,-0.012573999999999998,-0.0097386,0.0103701,-0.0032795999999999997,-0.0088523999999999999,0.013372599999999998,0.0012917999999999992,0.0063427999999999991,0.0014729999999999986,0.0020777,0.0013379999999999989,-0.013016699999999999,0.0077446000000000008,0.0017553999999999998,-0.0026081000000000003,-0.0042223,0.0096845000000000004,-0.0067284000000000007,-0.0071599000000000003,-8.8199999999999975e-05,0.0081077000000000007,-0.0036600999999999999,-0.0098793000000000006,0.0060114999999999995,0.013667,0.0041879999999999999,0.0032037999999999997,0.0120494,-0.012740399999999999,0.0046773000000000006,-0.016319799999999999,0.013795999999999999,0.004203300000000001,-0.0021226999999999999,0.010766400000000001,-0.0056202000000000005,0.0074652,0.0033261999999999996,-0.0076537000000000003,0.0075055,0.017359899999999998,0.0032133999999999991,0.0021066000000000001,-0.0103923,-0.0049610000000000001,-0.0056229000000000001,-0.010801999999999999,0.012186000000000001,-0.0001872,0.016952800000000001,-0.0017357,-0.00036530000000000026,-0.00050650000000000001,0.0054904999999999997,0.0019164,0.0023239000000000003,-0.0017866,-0.00055100000000000027,0.0013985999999999998,-0.0019103000000000002,0.0060474000000000014,0.0025494000000000003,0.0045690000000000001,0.0067918000000000006,0.0011237000000000003,-0.0050545999999999994,-0.0043457000000000001,-0.0073833000000000006,-0.0056718999999999997,-0.00058770000000000003,-0.0050872000000000001,0.010586099999999999,-0.00089130000000000025,-0.0020296999999999997,0.00063590000000000001,-0.0039929000000000006,-0.0052047999999999999,6.4800000000000274e-05,-0.0042183999999999998,0.00088459999999999993,0.0055911999999999993,0.0057350000000000005,0.0064815999999999997,-0.003346,0.0091082999999999997,0.014086600000000001,0.0025309,-6.9200000000000273e-05,0.016592799999999998,-0.011403699999999999,0.00046530000000000009,-0.0024483000000000005,0.0045489000000000007,0.0040087999999999999,-0.010514099999999998,0.0093478000000000016,-0.006095999999999999,-0.00013429999999999996,-0.00082610000000000018,-0.0024857,-0.0022782000000000002,0.00038260000000000008,0.0061592000000000001,-0.00088729999999999994,-0.0041484,-0.00078679999999999983,0.0001571999999999997,-0.00078180000000000003,0.00057970000000000005,0.00023930000000000012,-0.0017523000000000005,0.001572,0.0014653000000000001,0.0028502000000000002,-0.0051503999999999994,-0.0033309999999999998,-0.0016852,0.00092379999999999979,-0.0055913000000000004,-0.0020854000000000003,0.0054513999999999995,0.0040645999999999998,-0.0013041000000000001,0.0048577999999999998,0.0028498,-0.007365,0.0019147999999999999,-0.0044251999999999998,-0.0007742999999999999,-0.0031037,0.0051251000000000005,0.012911600000000001,0.0013042999999999998,-0.00086930000000000004,0.0081694999999999997,0.0030539,0.0054664999999999991,0.0062256999999999998,-0.0047548,0.0017079999999999999,-0.0031039000000000006,0.0057594999999999999,0.0038890000000000001,-0.0086295999999999994,0.0091894000000000003,-0.0060336999999999995,-0.011162599999999998,0.00056180000000000032,0.0024784,-0.0025658,-0.0029066999999999999,0.0024738,0.00097399999999999982,-0.00047369999999999997,0.00055399999999999991,-0.0011119000000000001,0.0038317000000000004,-0.00022160000000000018,-0.0032720999999999996,0.0032824,-0.0024290999999999996,0.00096940000000000004,-2.0999999999999968e-05,-0.0016057000000000003,0.00036010000000000003,0.004796400000000001,-0.00056330000000000009,0.0036675000000000002,0.00071669999999999991,-0.0015139000000000001,0.0002067000000000002,-0.0044986999999999996,-0.0023990000000000001,0.0020591999999999997,-0.0065915999999999995,0.0017677000000000001,0.0027482000000000001,-0.0012415000000000002,0.0035691,-0.0025209,0.0016183999999999999,0.0012503999999999996,-0.0040020000000000003,0.0053752000000000001,-0.00089819999999999982,-0.0020008000000000001,0.0075782999999999996,0.0055868000000000003,-0.0031525000000000004,0.0015149,-0.0031453999999999996,-0.0026401999999999992,0.00073360000000000048,-0.0042887999999999997,-0.00081890000000000001,0.0037782000000000007,-0.0051742000000000003,0.011019199999999998,-0.0033598,5.0899999999999774e-05,0.0046863,-0.0020165999999999995,-0.00019189999999999962,-0.0125766,0.0030067000000000002,0.00076300000000000022,0.00080589999999999991,-0.00066240000000000016,0.00040529999999999993,-0.0012216,0.0020716000000000007,-0.0013847999999999998,0.0020325,-0.00046849999999999995,-0.0016814,0.0026061999999999995,-0.00063790000000000006,0.0014250999999999999,0.0026571000000000003,0.0012695999999999999,-0.0028853999999999998,0.00017130000000000004,-0.0020480999999999997,0.0022617000000000002,-0.0014346999999999999,-0.00115,0.00067940000000000003,0.00039129999999999981,0.0016781999999999999,-0.0026255000000000002,0.00039299999999999996,0.00056980000000000008,0.00076590000000000013,-0.0025092999999999999,0.00053849999999999992,-0.0048682000000000013,0.00057720000000000015,0.0036759000000000002,0.0023856000000000007,-0.0027286000000000007,-0.0033786999999999997,-0.0037180999999999998,0.00064109999999999992,-0.0021831999999999997,-0.0043526999999999993,0.0010413,0.00049780000000000007,0.0040350999999999998,0.0052689,-0.00096050000000000085,-0.0013342000000000002,-0.0050269000000000008,0.0014629999999999999,0.0023866999999999994,-0.00114,-0.0022238000000000006,0.0015965,-0.0037737000000000005,0.0021710999999999996,-0.0034051000000000003,0.0043747999999999999,0.0030809000000000006,0.0028621000000000002,0.0086864000000000004,-0.0013251000000000001,0.0079373000000000013,0.0022327000000000002,-0.0025893000000000001,0.0011006,0.0010340999999999998,0.00078660000000000004,0.0032356000000000004,-0.00050829999999999994,-0.0030314000000000001,-0.00014049999999999992,-0.0010993000000000001,0.00046729999999999992,0.00044810000000000005,-0.00015240000000000002,0.00087480000000000001,-0.0025919000000000003,1.950000000000004e-05,0.0018815000000000001,-0.0041750999999999993,-0.0029705000000000001,0.0017540000000000004,-0.00028379999999999985,0.0019556999999999999,-0.0027352000000000006,-0.0025715,0.0011468000000000003,-0.0012733999999999998,0.0029694000000000005,-0.00070300000000000007,-0.0044577000000000002,0.00019770000000000009,0.0028881999999999996,0.0014767000000000001,0.0010322,0.0020820000000000005,0.0047190999999999995,-0.00035409999999999993,0.0014457000000000003,-0.0009318000000000001,0.0018472999999999999,-0.0005241,0.0060666000000000001,0.0025221000000000006,-0.0036570999999999999,-0.0041790000000000004,-0.0028366000000000003,0.0039473999999999993,-0.0011020000000000001,6.019999999999962e-05,0.0012237000000000003,0.0050597999999999997,-0.0028001000000000002,0.0010562,-0.0031489999999999999,0.0018706999999999999,0.0025242999999999997,-0.0029368999999999997,0.001866,0.00070410000000000004,0.00068339999999999991,0.0013913,0.0042639000000000002,0.0043866,0.0073802,-0.0038191000000000002,0.0025370000000000002,-0.00019890000000000001,-0.0019717999999999997,0.0012702,-0.0003922000000000001,0.0066359000000000001,-0.0047226999999999998,0.00048609999999999994,-0.00048409999999999984,-0.0013782999999999998,0.00088860000000000002,0.0001672,-0.00037100000000000002,-0.0004217,-0.000377,-0.0012128999999999998,-0.00063219999999999997,-0.00010670000000000002,0.0016620000000000001,-0.0017065000000000001,-0.00036850000000000001,0.00095979999999999991,-0.0023831,0.0005733,0.00030870000000000002,0.00088849999999999997,0.00035639999999999999,0.00049799999999999996,0.0012913,-0.0013851,-0.00024629999999999997,0.00065769999999999999,-0.0018764000000000003,0.0031547999999999997,0.0029329000000000004,-0.0026382000000000003,0.00025580000000000004,-0.0012677999999999999,-0.0023570000000000002,0.0005769000000000002,-0.00022550000000000006,0.0021758000000000003,-0.0008053,5.8600000000000042e-05,0.0036463999999999997,-0.0011194,-0.0014567,0.0012331999999999998,0.0016284000000000001,0.0028765000000000006,-0.0011415000000000002,-0.0018707000000000003,-0.0015897999999999999,0.0016936000000000002,0.0022456999999999998,0.0025008000000000001,-0.0014775000000000001,-0.00094620000000000001,0.0040467999999999997,-0.0018083000000000001,0.00066589999999999987,-0.00073490000000000003,-0.0024014000000000001,0.0024512000000000002,-0.0010016000000000001,0.0022059999999999996,-0.0018193999999999999,-0.0015455999999999998,0.0027080999999999997,-0.0020265000000000001,-0.00030560000000000006,0.0015861,-0.0014139000000000001,0.0025764,-0.0019568999999999997,2.4299999999999994e-05,0.0044186,-0.0026079999999999996,0.0015003,-0.00060619999999999999,-0.0036905000000000006,0.0029078999999999997
aug_between_class_right_pair0063_child05,TLE,1,1,Augmented,0,0,0,0,0,0.31936579999999998,2.0184806000000002,4.0000000000000003e-07,-1.1999999999999999e-06,0,0.98367780000000005,0,0.037219599999999999,-0.14204600000000001,0.026030999999999999,0.083241599999999999,-0.075312400000000002,0.0728158,0.00097220000000000054,0.011784000000000001,-0.0290926,-0.105811,0.3562478,-0.09706300000000001,0.063498600000000002,0.073635800000000001,0.027637199999999997,-0.0175616,0.00017679999999999996,-0.048584799999999997,0.019112399999999998,0.0054827999999999995,-0.059381400000000001,0.0059626000000000002,-0.088184600000000002,0.023951200000000002,0.046226999999999997,-0.019695999999999998,0.024941400000000002,0.0070126000000000016,-0.041922000000000001,0.042849600000000002,-0.055420200000000003,0.0035195999999999977,0.073324799999999996,-0.035030800000000001,0.20675679999999999,-0.0585344,0.0045287999999999995,0.0017573999999999997,-0.005757,-0.0042870000000000026,0.0014855999999999995,0.041700799999999996,-0.0038914000000000002,-0.0116408,-0.0100132,-0.015241399999999999,0.016162799999999998,0.027532399999999999,0.011511,0.011465599999999999,-0.0077975999999999991,0.0037442000000000009,0.0107422,-0.042695799999999999,0.0056584000000000001,-0.0020136000000000004,0.0025339999999999998,0.012240600000000001,-0.083351400000000006,-0.0035587999999999991,-0.0299606,0.0090082000000000009,0.0078402000000000003,0.00012919999999999997,-0.0046413999999999995,0.020458200000000003,-0.0002213999999999992,-0.0036750000000000003,-0.010165200000000001,0.0046366000000000003,-0.00020759999999999876,-0.011254800000000001,0.0046618000000000007,0.00030339999999999968,-0.011021400000000001,0.0057038000000000002,0.0071766,0.0053890000000000006,-0.010938999999999999,-0.014282,0.012072599999999999,-0.012794999999999997,-0.0066543999999999996,-0.0089955999999999994,0.0024209999999999995,0.0027212000000000004,-0.014758199999999999,-0.00085540000000000008,0.0019666000000000006,-0.0039005999999999989,0.0118634,0.012212999999999998,0.0114438,0.027726199999999999,-0.021621599999999998,-0.0011069999999999999,0.00077060000000000008,-0.0039500000000000004,-0.0061960000000000001,0.0095549999999999993,-0.0070133999999999995,0.0013434000000000007,-0.0022434,0.0108404,-0.0022964000000000001,-0.0036508000000000001,-0.0003259999999999999,0.0090462000000000008,0.0016948,0.00091779999999999987,0.0036326000000000006,-0.0058316000000000002,0.0033955999999999999,-0.0052735999999999998,0.0138934,-0.0017677999999999999,-0.0066936000000000009,0.0041376,-0.0035083999999999996,0.0081491999999999988,-0.0027194000000000003,-0.0022216000000000002,0.006071,0.0012154000000000002,-0.0043759999999999997,-0.0050613999999999998,-0.0122986,-0.0060657999999999997,-0.0066075999999999999,-0.0019123999999999999,-0.0022902,0.0012094000000000002,0.0092510000000000005,-0.0085220000000000018,-0.0055259999999999997,-0.0023442000000000003,0.0046112000000000002,-0.0037880000000000001,0.0034244000000000002,0.00027340000000000003,-0.0016414000000000001,0.00045979999999999995,0.0066379999999999998,0.0032314000000000002,0.0038917999999999999,0.0063894000000000008,0.0067535999999999985,0.0034156000000000004,-0.0035348000000000003,-0.00016620000000000025,0.0014360000000000004,-0.0004054000000000002,-0.006951999999999999,-0.0028409999999999998,0.0088006000000000004,0.0048617999999999995,-0.0023537999999999996,0.0011676,-0.0053296000000000003,-0.0067225999999999987,-0.00027959999999999986,-0.0092864000000000002,4.2000000000002105e-06,-0.0021854000000000001,0.013382799999999999,0.0036616000000000001,-0.0070363999999999999,-0.0036321999999999995,0.010154,-0.0017090000000000007,0.00081899999999999996,0.0017343999999999997,-0.0090466000000000001,0.00060760000000000013,-0.013970399999999999,0.0065188000000000008,0.005066600000000001,0.0045126000000000003,0.0036384,0.00020579999999999969,-0.00077559999999999988,0.0046709999999999998,0.00076399999999999992,-0.0032289999999999997,0.0031409999999999997,-0.00040959999999999998,-0.0016098,-0.0073757999999999983,-0.00048059999999999986,0.0021726000000000002,0.0024530000000000003,0.00020999999999999987,-0.0018818000000000003,0.0017794000000000002,-0.0035378000000000002,0.00022780000000000006,-0.00069280000000000003,-0.0024344000000000002,0.00099459999999999956,-0.0010686000000000003,0.0044354000000000008,-0.0036378000000000001,-0.0011513999999999999,0.0063819999999999997,0.0041697999999999995,0.00020140000000000002,0.0019045999999999998,0.0066864000000000003,-0.0009012,0.00081420000000000017,-0.0016118,-0.00079160000000000016,-0.0021778000000000001,0.0012994,0.0044608,0.0021822000000000005,-0.0042255999999999995,0.0014594,0.0023398,-0.0062471999999999996,0.0035730000000000002,0.0016934000000000001,-0.0027568000000000002,0.0030686000000000003,-0.0019978000000000001,-0.0050141999999999999,-0.0074844000000000004,0.0020581999999999996,-0.012673199999999999,0.0020852000000000006,-0.0051821999999999997,0.0027033999999999999,-0.0030634,-0.0027524000000000003,-0.0014564000000000003,-0.0023180000000000002,0.0028421999999999996,0.0011111999999999997,-0.0057423999999999999,0.0013747999999999998,-0.0021826000000000003,-0.0055180000000000003,0.0051009999999999996,-0.00096840000000000023,-0.0016045999999999999,0.0016870000000000001,-0.00052999999999999998,0.0020761999999999998,0.0021734000000000002,-0.0013794000000000002,-0.00097579999999999997,-0.0011869999999999999,-0.0015856000000000006,0.0013624000000000002,-0.0071313999999999995,0.0029503999999999997,0.0029215999999999999,-0.0012303999999999998,0.00069399999999999996,0.0028242000000000002,-0.0004680000000000001,0.0012511999999999998,-0.00062520000000000002,0.0030252,0.0019299999999999999,-0.00061800000000000006,0.0052031999999999998,-0.00041700000000000011,0.0017042000000000001,0.0034277999999999999,0.0047289999999999997,-0.0052509999999999996,0.0016518000000000001,-0.0033959999999999988,0.0024454000000000004,-0.0024740000000000001,0.00028220000000000014,0.00066200000000000026,0.0029729999999999999,-0.0045211999999999995,0.0073176000000000005,-0.0034572000000000001,0.0075668000000000003,-0.00050219999999999952,-0.00073360000000000005,0.0016881999999999999,-0.012373199999999999,0.0027309999999999999,-0.00014179999999999998,-0.0029106000000000002,0.0021244000000000002,-0.0010597999999999996,0.00020659999999999998,-0.0015010000000000002,0.0013035999999999998,0.0049674000000000003,-0.00041820000000000003,0.0012065999999999999,-0.0017737999999999999,-0.0018791999999999999,0.0024574000000000002,-0.00097680000000000011,8.600000000000003e-05,0.00050299999999999987,-0.00073640000000000001,0.0010945999999999998,0.0010407999999999999,0.00080459999999999993,0.0012867999999999998,0.0006778,-0.0022131999999999998,3.199999999999991e-05,-0.0010946,0.0003799999999999997,0.00099359999999999987,-0.0013322,0.0010713999999999999,-0.0018686,0.00056379999999999972,-0.00010639999999999998,-0.0047138000000000006,-0.0018508000000000001,0.0029234,0.0011114,0.001601,0.0023603999999999999,0.0014002000000000003,2.4800000000000061e-05,0.0010914,0.0012642,-0.00043879999999999988,-0.00065159999999999979,0.0040978000000000004,0.0042075999999999988,-0.0032050000000000004,-0.00079660000000000017,0.00038959999999999982,-0.0031136000000000002,0.0014141999999999998,0.0021144000000000002,-0.0023032,0.0052332000000000004,-0.00091479999999999968,-0.00011559999999999999,-0.0044182000000000006,0.0038286000000000001,0.0040479999999999995,-0.0052497999999999998,0.0014834,-0.0015059999999999995,-0.0034015999999999998,-0.00069280000000000003,0.0021067999999999998,0.00019739999999999992,0.00030159999999999963,-0.0010338000000000001,-0.00067200000000000007,-0.0005754,0.0037047999999999998,0.0003478,0.0010272,0.0017881999999999998,0.0013566000000000001,0.00033100000000000002,0.00094600000000000001,0.00089199999999999989,-0.0011635999999999999,-0.00023720000000000007,-0.0022144,0.0011058000000000001,0.00049919999999999999,-0.00044600000000000005,0.00075199999999999996,0.0013041999999999997,-0.0023725999999999999,-0.0019230000000000002,-0.00077979999999999987,0.0017113999999999996,0.0011697999999999999,-0.0031770000000000001,0.0028966,-0.0011927999999999999,-0.00078760000000000006,0.00044300000000000003,0.00081839999999999994,-0.0020493999999999998,0.0019894000000000001,0.0013240000000000001,-0.0031971999999999999,0.00022279999999999999,-0.0012666000000000001,-0.00011960000000000009,-0.00086839999999999986,0.0017497999999999999,0.0011412000000000002,-0.0013142000000000002,-0.0025766000000000001,0.00080559999999999996,0.00026820000000000001,0.00078720000000000027,0.00045240000000000015,-0.0017767999999999998,0.0022122000000000001,0.0018630000000000001,-0.0036411999999999998,-0.00055480000000000004,-0.0005886,-4.4600000000000217e-05,0.0028631999999999998,-0.00043639999999999998,0.0027469999999999999,0.0017409999999999999,-0.0037883999999999999,0.0001734000000000002,-0.0016086,-0.0034125999999999996,0.002588,0.0003795999999999999,0.0031209999999999996,-0.0015964,0.00030699999999999993,0.001134,0.0010865999999999996,-0.00042160000000000016,0.00081520000000000008,-0.0016359999999999999,0.00017859999999999998,-0.0031375999999999999,0.00028539999999999994,-0.00087339999999999998,0.0025417999999999999,-0.00047439999999999993,-0.0011338000000000001,0.00086479999999999999,-0.00062199999999999994,-0.00065459999999999997,-0.00024019999999999996,0.00021600000000000005,-0.0014109999999999999,-0.0010198,0.0015674,-0.00080300000000000011,-0.00054680000000000006,0.0021876,0.00060179999999999999,0.00028479999999999998,-0.00052340000000000004,0.00060980000000000008,-0.00039339999999999997,-0.0029838,0.00024040000000000004,0.00024180000000000008,-0.0012874,-0.0003302,0.0016156,-0.0019578,-0.0011372000000000001,-0.0016986000000000002,0.0028159999999999995,-0.00095660000000000005,5.0000000000000131e-06,-0.0012708000000000001,0.0014406,-0.00050440000000000012,0.0026649999999999994,0.00086260000000000004,-0.00040799999999999994,-0.0010596,-0.00026480000000000004,0.0013384000000000002,-0.0019889999999999999,0.00083580000000000004,-0.00034400000000000001,0.0037415999999999994,-0.0025844000000000002,0.0011389999999999994,0.00011620000000000001,-0.0016559999999999999,-0.000203,-0.0012331999999999998,-0.00050560000000000004,0.0017106000000000001,-0.0019564000000000001,-0.00042500000000000003,0.0033869999999999994,0.00022860000000000014,0.0048951999999999997,-0.0030567999999999997,-0.00036059999999999977,0.0024596000000000002,-0.00063560000000000027,-0.0002834,-0.0051899999999999993,-0.00036920000000000008,0.00056380000000000004
aug_between_class_right_pair0063_child06,TLE,1,1,Augmented,0,0,0,0,0,0.32201560000000001,2.0138562000000002,3.0000000000000004e-07,-1.3999999999999997e-06,0,0.97676660000000004,0,0.037939199999999999,-0.14071550000000002,0.024158499999999999,0.0856957,-0.080384300000000006,0.073272099999999993,-0.0010470999999999994,0.011323,-0.027164199999999999,-0.105988,0.35357109999999997,-0.097433000000000006,0.058607200000000012,0.073389599999999999,0.028507899999999999,-0.0176007,0.00013310000000000015,-0.048466599999999999,0.021663299999999996,0.0046110999999999999,-0.060304300000000005,0.0056776999999999999,-0.085795700000000003,0.0253209,0.047765999999999996,-0.021647499999999997,0.026141299999999999,0.0047687000000000016,-0.045813,0.043304700000000002,-0.055421400000000003,0.005245699999999999,0.076471600000000001,-0.034748100000000004,0.20678459999999999,-0.060945800000000001,0.005260599999999999,0.0013338,-0.0075434999999999999,-0.0028195000000000026,0.0027836999999999992,0.042788099999999996,-0.0038158000000000003,-0.0123886,-0.0098338999999999996,-0.0155213,0.0168746,0.030201800000000001,0.010998000000000001,0.0113147,-0.008843199999999999,0.0013799000000000012,0.0107469,-0.042250599999999999,0.0045648000000000008,-0.00091570000000000063,0.0021805000000000006,0.012671200000000004,-0.083573800000000004,-0.0071025999999999997,-0.032505199999999998,0.010196400000000001,0.0073454000000000002,0.00096539999999999972,-0.0048497999999999996,0.020062900000000002,-0.00098929999999999938,-0.0039629999999999995,-0.0078789000000000012,0.0051181999999999998,-0.001599699999999999,-0.011106599999999999,0.0041446,-0.0004461999999999999,-0.011640299999999999,0.0056965999999999996,0.0076746999999999996,0.0057775000000000005,-0.010718,-0.0148145,0.012352200000000001,-0.015002499999999997,-0.0066143,-0.010680200000000001,0.0029599999999999991,0.0019529000000000005,-0.0144744,-0.0015342999999999993,0.0017577000000000009,-0.0039452000000000011,0.012089299999999999,0.013863499999999997,0.012154099999999999,0.030005400000000002,-0.023640700000000001,-0.0019380000000000001,0.00039770000000000007,-0.0039970000000000006,-0.0066955000000000001,0.009689999999999999,-0.0074703,0.00062480000000000088,-0.0023923,0.011326300000000001,-0.0026382999999999997,-0.0035186000000000002,-0.00039400000000000025,0.010081400000000001,0.0011446000000000004,0.0013375999999999996,0.0034682000000000003,-0.0058097000000000001,0.0034846999999999999,-0.0049642000000000002,0.0144888,-0.0021305999999999999,-0.0074362000000000004,0.0047312000000000005,-0.0037317999999999995,0.0073779000000000006,-0.0019347999999999995,-0.0021882,0.0052265000000000002,0.00098979999999999988,-0.0041714999999999999,-0.0051272999999999996,-0.012839699999999999,-0.0054930999999999999,-0.0063731999999999999,-0.0022452999999999996,-0.0028814000000000001,0.00095830000000000025,0.0089619999999999995,-0.0086375000000000011,-0.0067495000000000003,-0.0021079000000000002,0.0049578999999999995,-0.0035815,0.0035582999999999999,0.00014730000000000006,-0.0013003000000000001,0.00034960000000000004,0.0072980000000000007,0.0028738000000000001,0.0035245999999999997,0.0071377999999999997,0.0070641999999999996,0.0035472000000000004,-0.0033591000000000003,0.00027509999999999991,0.0011975,-0.00043280000000000011,-0.0078824999999999989,-0.0025445000000000003,0.0087986999999999996,0.0050955999999999996,-0.0023890999999999999,0.0013296999999999996,-0.0055761999999999999,-0.0078161999999999988,0.00027829999999999999,-0.0090422999999999996,-0.0002900999999999993,-0.0022653,0.013973599999999999,0.0035042000000000003,-0.0075702999999999994,-0.0044013999999999998,0.0102355,-0.0010275000000000009,0.0014929999999999998,0.0020158000000000008,-0.0096916999999999993,5.9700000000000421e-05,-0.013284800000000001,0.0058945999999999998,0.0052332000000000004,0.0043817000000000023,0.0031553000000000006,0.00053809999999999947,-0.00073169999999999995,0.0047545,0.00060550000000000014,-0.0034324999999999998,0.0039550000000000002,-0.00064869999999999978,-0.0015246000000000001,-0.0075750999999999995,-0.00039820000000000003,0.0020857000000000002,0.002575,0.00044199999999999979,-0.0019930999999999998,0.0015383000000000003,-0.0035326000000000003,0.00040110000000000005,-0.00044860000000000017,-0.0025683000000000004,0.0011002,-0.0013576999999999999,0.0040642999999999999,-0.0036620999999999997,-0.0011077999999999999,0.006824499999999999,0.0041460999999999998,0.00022830000000000007,0.0021926999999999997,0.0066583000000000007,-0.00088239999999999998,0.0011199000000000003,-0.0015060999999999998,-0.00052420000000000027,-0.0022201,0.0015487999999999999,0.0041840999999999996,0.0014314000000000009,-0.0045821999999999998,0.0015153,0.0020771000000000001,-0.0067803999999999989,0.0040544999999999999,0.0012933000000000003,-0.0029106000000000002,0.0029422000000000003,-0.0025151000000000001,-0.0057944000000000016,-0.0073068000000000004,0.0018939,-0.012847399999999998,0.0031754000000000001,-0.0053159000000000001,0.0030567999999999997,-0.0032592999999999997,-0.0032163000000000001,-0.00083630000000000043,-0.002294,0.0027419000000000002,0.0013113999999999997,-0.0057997999999999991,0.0011005999999999998,-0.0024971999999999998,-0.0060730000000000003,0.0055559999999999993,-0.0011478,-0.0019662,0.0015505000000000002,-0.00047699999999999999,0.0020189000000000001,0.0022478000000000003,-0.0016113,-0.0011115999999999999,-0.00070349999999999992,-0.0014577000000000004,0.0015938,-0.0070612999999999995,0.0028008,0.0026246999999999998,-0.0010413000000000002,0.0007695,0.0028504000000000003,-0.00068199999999999988,0.0017868999999999999,-0.00081789999999999988,0.0031944,0.0018924999999999997,-0.00070950000000000006,0.0050638999999999997,-0.00030250000000000009,0.0017289,0.0037260999999999996,0.0043769999999999998,-0.0054704999999999997,0.0016351,-0.0043634999999999993,0.0029763000000000003,-0.0021000000000000003,4.2400000000000163e-05,0.00047600000000000029,0.0027900000000000004,-0.0046973999999999991,0.0082932000000000006,-0.0036064000000000001,0.0080086000000000011,-0.0011378999999999981,-0.0008407,0.0013633999999999999,-0.012879399999999999,0.0027479999999999996,-0.00013109999999999999,-0.0029411999999999997,0.0022043000000000002,-0.0017705999999999998,0.00033919999999999995,-0.0010245000000000002,0.0013827000000000002,0.0050268000000000005,-0.00047639999999999998,0.0011107000000000001,-0.0016435999999999998,-0.0019934000000000002,0.0026508,-0.0009456,1.9500000000000013e-05,0.0010894999999999998,-0.0011213,0.00086219999999999992,0.0006211000000000003,0.00094769999999999989,0.0017260999999999995,0.00074559999999999991,-0.0022599,0.00018449999999999977,-0.00092270000000000004,0.00070399999999999976,0.0010161999999999999,-0.0013724,0.0011728000000000001,-0.0020052,0.00096359999999999957,-8.6799999999999941e-05,-0.0051211,-0.0020661,0.0031328000000000003,0.00085730000000000008,0.0016645000000000002,0.0025187999999999999,0.0013259000000000001,1.2599999999999981e-05,0.0010288000000000001,0.0015179000000000002,-0.00072809999999999975,-0.00074869999999999982,0.0038081,0.004465199999999999,-0.0035904999999999999,-0.00059520000000000016,0.00057219999999999992,-0.0037616999999999998,0.0019263999999999998,0.0027073000000000002,-0.0026278999999999999,0.0050009,-0.0014170999999999997,-0.00018419999999999998,-0.0042629,0.0035766999999999999,0.0042379999999999996,-0.0054301000000000002,0.0015688,-0.0012429999999999993,-0.0034196999999999999,-0.00070609999999999998,0.0022675999999999998,0.00032429999999999997,-5.5800000000000164e-05,-0.00094709999999999998,-0.00061050000000000004,-0.00044480000000000002,0.0035325999999999999,0.00031409999999999999,0.0010429,0.0020028999999999997,0.0016152,0.00015900000000000015,0.0012294999999999999,0.0012665,-0.0014416999999999998,-0.0003769,-0.0018868000000000001,0.0010235999999999999,0.00056439999999999995,-0.00030700000000000009,0.00069200000000000002,0.0014589,-0.0026476999999999994,-0.0016505000000000001,-0.00065409999999999991,0.0012083000000000003,0.0013720999999999998,-0.0032000000000000006,0.0027651999999999998,-0.0018175999999999999,-0.00072020000000000005,0.00030200000000000008,0.00088979999999999984,-0.0023213000000000001,0.0019817999999999997,0.0013210000000000001,-0.0034789,0.00047110000000000012,-0.0011647000000000001,-7.7699999999999991e-05,-0.00059780000000000011,0.0020250999999999997,0.00067890000000000029,-0.0011649,-0.0027862,0.00092120000000000006,0.00029340000000000003,0.00078689999999999988,0.00023280000000000018,-0.0017366,0.0019574000000000002,0.0021725,-0.0040409,-0.00035560000000000002,-0.00065370000000000001,0.00033579999999999971,0.0028674000000000004,-0.00052030000000000002,0.0024445000000000001,0.0021284999999999997,-0.0036608000000000001,-0.0003221999999999997,-0.0020161999999999997,-0.0037481999999999997,0.0022255,0.00053169999999999975,0.0034674999999999997,-0.0016432999999999999,0.00036799999999999995,0.0010655,0.0013826999999999999,-9.2200000000000181e-05,0.00098740000000000004,-0.0023454999999999995,0.00036069999999999993,-0.0034741999999999998,0.00050929999999999986,-0.00099780000000000008,0.0026806,-0.00056279999999999991,-0.0010746,0.0009725999999999999,-0.00060549999999999992,-0.00089869999999999989,-5.3400000000000065e-05,0.00013450000000000007,-0.0015045,-0.00093059999999999974,0.0015057999999999996,-0.00046850000000000006,-0.00064609999999999993,0.0021092000000000003,0.00046560000000000004,0.00012310000000000012,-0.00072080000000000017,0.00055160000000000007,-0.0004687999999999999,-0.0028276,0.00019030000000000002,0.00020360000000000002,-0.0013537999999999998,-0.00090039999999999999,0.0019016999999999997,-0.0018111000000000002,-0.0012314000000000001,-0.0016862000000000001,0.0029965,-0.00088370000000000007,-0.00020649999999999987,-0.0015995999999999996,0.0013782,-0.00079529999999999987,0.0029189999999999997,0.0011557,-0.00028000000000000008,-0.0010822,-0.00012910000000000013,0.0014288000000000003,-0.0021744999999999998,0.00057810000000000001,-0.00031800000000000003,0.0039131999999999995,-0.0023448000000000002,0.0015179999999999994,9.900000000000078e-06,-0.001735,-0.00023749999999999997,-0.0011529000000000001,-0.00053870000000000003,0.0017772,-0.0019543,-0.00064700000000000001,0.0038284999999999994,0.00030069999999999999,0.0053708999999999996,-0.0035821,-0.00022420000000000014,0.0023912000000000004,-0.00025920000000000023,-0.00031479999999999995,-0.0054805000000000001,-0.0007894,0.00059509999999999999
aug_between_class_right_pair0063_child07,TLE,1,1,Augmented,0,0,0,0,0,0.32466539999999999,2.0092318000000002,1.9999999999999994e-07,-1.5999999999999999e-06,0,0.96985540000000003,0,0.0386588,-0.13938500000000001,0.022285999999999997,0.0881498,-0.08545620000000001,0.073728399999999999,-0.0030664000000000004,0.010862,-0.025235799999999999,-0.106165,0.3508944,-0.097803000000000001,0.053715799999999994,0.073143399999999997,0.029378599999999998,-0.017639800000000001,8.9399999999999896e-05,-0.0483484,0.024214200000000002,0.0037394000000000004,-0.061227200000000002,0.0053927999999999997,-0.083406800000000003,0.026690600000000002,0.049305000000000002,-0.023598999999999998,0.027341200000000003,0.0025248000000000007,-0.049704000000000005,0.043759800000000001,-0.055422600000000002,0.0069718000000000072,0.079618400000000006,-0.0344654,0.20681240000000001,-0.063357200000000002,0.0059924000000000002,0.00091020000000000033,-0.0093299999999999998,-0.0013520000000000008,0.0040818,0.043875400000000002,-0.0037401999999999999,-0.013136399999999999,-0.0096545999999999993,-0.015801200000000001,0.017586399999999999,0.032871200000000003,0.010485,0.0111638,-0.0098887999999999997,-0.00098440000000000073,0.0107516,-0.0418054,0.0034711999999999994,0.00018220000000000063,0.0018269999999999996,0.013101799999999999,-0.083796200000000001,-0.010646400000000002,-0.035049800000000006,0.011384600000000005,0.0068505999999999992,0.0018016000000000004,-0.0050582000000000005,0.0196676,-0.0017571999999999996,-0.0042509999999999996,-0.0055925999999999997,0.0055998000000000003,-0.0029917999999999993,-0.010958399999999998,0.0036273999999999998,-0.0011958000000000003,-0.012259200000000001,0.0056894000000000007,0.0081728000000000009,0.0061660000000000005,-0.010496999999999999,-0.015347,0.0126318,-0.01721,-0.0065741999999999997,-0.012364800000000002,0.0034989999999999995,0.0011845999999999998,-0.014190599999999999,-0.0022132000000000002,0.0015488000000000004,-0.0039897999999999999,0.012315200000000002,0.015514,0.012864400000000002,0.032284599999999997,-0.025659800000000003,-0.0027690000000000011,2.4800000000000061e-05,-0.0040440000000000007,-0.007195,0.0098250000000000004,-0.0079271999999999988,-9.380000000000022e-05,-0.0025412,0.0118122,-0.0029802000000000001,-0.0033864000000000003,-0.0004620000000000006,0.011116600000000001,0.0005943999999999997,0.0017574000000000001,0.0033038000000000008,-0.0057878000000000001,0.0035738000000000002,-0.0046547999999999997,0.015084200000000002,-0.0024934000000000007,-0.0081788,0.0053248000000000011,-0.0039551999999999999,0.0066065999999999998,-0.0011501999999999997,-0.0021548000000000001,0.0043820000000000005,0.0007641999999999996,-0.003967,-0.0051932000000000002,-0.0133808,-0.0049204000000000001,-0.0061387999999999998,-0.0025781999999999992,-0.0034726000000000002,0.00070719999999999995,0.0086729999999999984,-0.0087530000000000004,-0.0079730000000000009,-0.0018716000000000002,0.0053045999999999996,-0.003375,0.0036922000000000001,2.1199999999999865e-05,-0.0009591999999999999,0.00023939999999999996,0.0079579999999999998,0.0025161999999999997,0.0031573999999999994,0.0078862000000000012,0.0073747999999999991,0.0036788000000000007,-0.0031833999999999999,0.0007164000000000005,0.000959,-0.00046020000000000024,-0.0088129999999999997,-0.002248,0.0087968000000000005,0.0053293999999999998,-0.0024244000000000002,0.0014917999999999997,-0.0058227999999999995,-0.008909799999999999,0.00083620000000000092,-0.0087981999999999991,-0.00058440000000000011,-0.0023452,0.014564400000000002,0.0033467999999999996,-0.0081042000000000006,-0.0051706000000000009,0.010317,-0.00034599999999999974,0.0021670000000000005,0.0022972000000000001,-0.0103368,-0.00048820000000000005,-0.0125992,0.0052703999999999989,0.0053998000000000006,0.0042508000000000025,0.0026721999999999996,0.00087039999999999969,-0.0006877999999999998,0.0048380000000000003,0.00044699999999999991,-0.0036359999999999999,0.0047690000000000007,-0.0008877999999999999,-0.0014394,-0.007774399999999999,-0.00031579999999999998,0.0019988000000000002,0.0026969999999999997,0.0006739999999999999,-0.0021044000000000002,0.0012971999999999999,-0.0035274000000000004,0.00057440000000000019,-0.00020439999999999987,-0.0027022000000000001,0.0012057999999999999,-0.0016468000000000003,0.0036931999999999998,-0.0036864000000000003,-0.0010641999999999995,0.0072669999999999992,0.0041224,0.00025520000000000013,0.0024808,0.0066302000000000002,-0.00086359999999999996,0.0014256000000000004,-0.0014004,-0.00025679999999999995,-0.0022623999999999999,0.0017982000000000002,0.0039074000000000001,0.00068059999999999996,-0.0049388000000000001,0.0015712,0.0018143999999999999,-0.0073136,0.0045360000000000001,0.00089320000000000003,-0.003064400000000001,0.0028158000000000002,-0.0030324000000000002,-0.0065745999999999999,-0.0071292000000000005,0.0017295999999999998,-0.013021599999999999,0.0042656000000000013,-0.0054495999999999998,0.0034102,-0.0034552000000000003,-0.0036802000000000007,-0.00021619999999999983,-0.0022700000000000003,0.0026415999999999996,0.0015116000000000001,-0.0058571999999999999,0.00082639999999999981,-0.0028118000000000001,-0.0066280000000000002,0.0060109999999999999,-0.0013272000000000002,-0.0023278000000000001,0.0014139999999999999,-0.0004239999999999999,0.0019616,0.0023222,-0.0018432000000000001,-0.0012474000000000003,-0.0002199999999999996,-0.0013298000000000001,0.0018252000000000003,-0.0069911999999999995,0.0026511999999999998,0.0023277999999999997,-0.00085220000000000001,0.00084500000000000005,0.0028766,-0.00089599999999999988,0.0023226000000000002,-0.0010106000000000002,0.0033636,0.0018549999999999994,-0.00080100000000000006,0.0049246000000000003,-0.00018799999999999996,0.0017536000000000001,0.0040244,0.0040249999999999999,-0.0056900000000000006,0.0016183999999999999,-0.0053309999999999998,0.0035072000000000007,-0.0017260000000000001,-0.00019739999999999992,0.00028999999999999989,0.0026069999999999995,-0.0048735999999999996,0.0092688000000000006,-0.0037556000000000004,0.0084504000000000003,-0.0017735999999999984,-0.00094779999999999994,0.0010386000000000002,-0.013385600000000001,0.0027650000000000001,-0.00012040000000000011,-0.0029717999999999997,0.0022842000000000001,-0.0024814000000000008,0.00047180000000000008,-0.00054799999999999977,0.0014618000000000001,0.0050862000000000008,-0.00053459999999999998,0.0010147999999999999,-0.0015133999999999998,-0.0021076000000000003,0.0028441999999999999,-0.00091439999999999989,-4.7000000000000031e-05,0.001676,-0.0015062000000000003,0.00062979999999999991,0.00020139999999999972,0.0010907999999999996,0.0021654000000000001,0.00081340000000000004,-0.0023065999999999998,0.00033700000000000006,-0.00075079999999999993,0.0010279999999999998,0.0010387999999999999,-0.0014126,0.0012742000000000001,-0.0021418000000000001,0.0013634000000000001,-6.7200000000000007e-05,-0.0055284000000000002,-0.0022814000000000003,0.0033422,0.00060319999999999992,0.0017280000000000002,0.0026772000000000002,0.0012515999999999996,4.0000000000000972e-07,0.00096619999999999996,0.0017716000000000003,-0.0010173999999999999,-0.00084579999999999985,0.0035184000000000001,0.0047228000000000001,-0.0039760000000000004,-0.00039379999999999992,0.00075479999999999992,-0.0044098000000000002,0.0024386,0.0033002000000000005,-0.0029526000000000005,0.0047685999999999996,-0.0019194000000000001,-0.00025280000000000007,-0.0041076000000000003,0.0033247999999999997,0.0044279999999999996,-0.0056103999999999998,0.0016542000000000002,-0.00097999999999999997,-0.0034378,-0.00071940000000000003,0.0024283999999999998,0.00045120000000000007,-0.00041320000000000061,-0.00086039999999999988,-0.00054900000000000001,-0.00031419999999999994,0.0033603999999999999,0.00028039999999999999,0.0010586,0.0022176000000000001,0.0018738000000000003,-1.3000000000000018e-05,0.001513,0.0016410000000000001,-0.0017198000000000001,-0.0005166000000000002,-0.0015591999999999997,0.00094140000000000001,0.00062960000000000002,-0.00016799999999999994,0.00063199999999999997,0.0016135999999999998,-0.0029227999999999997,-0.0013779999999999999,-0.00052839999999999983,0.00070519999999999969,0.0015743999999999999,-0.0032230000000000002,0.0026337999999999995,-0.0024424000000000004,-0.00065280000000000004,0.0001609999999999999,0.00096119999999999995,-0.0025931999999999999,0.0019741999999999997,0.0013179999999999999,-0.0037606000000000002,0.00071940000000000025,-0.0010628,-3.5799999999999894e-05,-0.00032719999999999982,0.0023004000000000002,0.00021659999999999963,-0.0010156,-0.0029958000000000003,0.0010368,0.00031859999999999999,0.00078659999999999993,1.3199999999999941e-05,-0.0016964,0.0017025999999999999,0.0024820000000000003,-0.0044406000000000003,-0.00015639999999999984,-0.00071880000000000002,0.00071620000000000028,0.0028716000000000002,-0.00060420000000000005,0.0021419999999999998,0.0025160000000000004,-0.0035332000000000002,-0.00081780000000000025,-0.0024238000000000003,-0.0040837999999999994,0.0018629999999999999,0.00068380000000000003,0.0038140000000000001,-0.0016902000000000002,0.00042899999999999991,0.00099699999999999984,0.0016788,0.00023720000000000018,0.0011596,-0.0030550000000000004,0.00054280000000000007,-0.0038108000000000005,0.00073320000000000015,-0.0011222000000000003,0.0028194000000000001,-0.00065119999999999989,-0.0010154000000000001,0.0010804000000000002,-0.0005889999999999999,-0.0011428000000000002,0.0001334000000000001,5.2999999999999933e-05,-0.001598,-0.00084139999999999996,0.0014441999999999997,-0.00013399999999999979,-0.00074540000000000001,0.0020308000000000001,0.00032939999999999998,-3.8599999999999962e-05,-0.00091820000000000009,0.00049340000000000007,-0.00054419999999999989,-0.0026714,0.00014019999999999999,0.00016540000000000001,-0.0014202000000000002,-0.0014706000000000001,0.0021878000000000002,-0.0016643999999999999,-0.0013256000000000001,-0.0016738,0.0031769999999999993,-0.00081079999999999998,-0.00041800000000000008,-0.0019284000000000003,0.0013158000000000002,-0.0010862000000000003,0.0031729999999999996,0.0014488000000000001,-0.00015200000000000001,-0.0011048,6.6000000000000249e-06,0.0015191999999999998,-0.0023599999999999997,0.00032039999999999976,-0.00029200000000000005,0.0040847999999999995,-0.0021052000000000002,0.0018969999999999998,-9.6400000000000066e-05,-0.0018140000000000001,-0.000272,-0.0010725999999999999,-0.00057180000000000002,0.0018438,-0.0019522000000000001,-0.00086899999999999998,0.0042699999999999995,0.00037280000000000006,0.0058466000000000004,-0.0041073999999999998,-8.7799999999999749e-05,0.0023227999999999999,0.00011720000000000025,-0.00034620000000000001,-0.0057710000000000001,-0.0012096000000000001,0.00062640000000000005
aug_between_class_right_pair0063_child08,TLE,1,1,Augmented,0,0,0,0,0,0.32731520000000003,2.0046074000000003,9.9999999999999995e-08,-1.8000000000000001e-06,0,0.96294420000000003,0,0.039378400000000001,-0.1380545,0.020413499999999998,0.090603900000000001,-0.0905281,0.074184700000000006,-0.0050856999999999994,0.010400999999999999,-0.023307399999999999,-0.10634200000000001,0.34821769999999996,-0.09817300000000001,0.048824400000000004,0.072897199999999995,0.0302493,-0.017678900000000001,4.5700000000000081e-05,-0.048230200000000001,0.0267651,0.0028677000000000008,-0.0621501,0.0051078999999999994,-0.081017900000000004,0.028060300000000003,0.050844,-0.025550499999999997,0.0285411,0.00028090000000000059,-0.053595000000000004,0.044214900000000001,-0.055423800000000002,0.0086979000000000084,0.082765200000000011,-0.034182699999999996,0.2068402,-0.06576860000000001,0.0067241999999999996,0.00048660000000000023,-0.0111165,0.00011549999999999755,0.0053799,0.044962700000000001,-0.0036646000000000001,-0.013884199999999999,-0.009475299999999999,-0.016081100000000001,0.018298200000000001,0.035540599999999999,0.009972,0.011012900000000001,-0.0109344,-0.0033487000000000005,0.0107563,-0.0413602,0.0023775999999999997,0.0012801000000000002,0.0014734999999999995,0.0135324,-0.084018599999999999,-0.014190200000000002,-0.0375944,0.012572800000000005,0.0063558,0.0026378000000000009,-0.0052665999999999998,0.019272300000000003,-0.0025251000000000015,-0.0045390000000000005,-0.0033063000000000007,0.0060814000000000007,-0.0043839000000000013,-0.010810200000000001,0.0031101999999999996,-0.0019453999999999999,-0.0128781,0.0056822000000000001,0.0086709000000000005,0.0065545000000000004,-0.010276,-0.015879500000000001,0.0129114,-0.019417499999999997,-0.0065341000000000002,-0.014049400000000004,0.0040379999999999999,0.00041629999999999966,-0.0139068,-0.0028920999999999999,0.0013399000000000006,-0.0040344000000000005,0.012541099999999999,0.017164499999999999,0.013574700000000002,0.034563799999999999,-0.027678899999999999,-0.0035999999999999995,-0.00034810000000000006,-0.0040910000000000009,-0.0076945,0.0099600000000000001,-0.0083840999999999985,-0.00081240000000000001,-0.0026901,0.012298099999999999,-0.0033221000000000001,-0.0032542000000000005,-0.00052999999999999922,0.012151800000000001,4.4200000000000315e-05,0.0021771999999999998,0.0031394000000000005,-0.0057659,0.0036629000000000002,-0.0043454000000000001,0.015679600000000002,-0.0028562000000000006,-0.0089214000000000012,0.0059184000000000007,-0.0041785999999999993,0.0058352999999999999,-0.00036560000000000065,-0.0021213999999999998,0.0035374999999999994,0.00053860000000000019,-0.0037624999999999998,-0.0052591000000000001,-0.013921900000000001,-0.0043477000000000003,-0.0059043999999999998,-0.0029110999999999989,-0.0040638000000000002,0.00045609999999999997,0.0083839999999999991,-0.0088685000000000014,-0.0091964999999999998,-0.0016353000000000001,0.0056513000000000006,-0.0031684999999999999,0.0038261000000000002,-0.0001049,-0.0006180999999999999,0.0001292,0.0086180000000000007,0.0021586000000000001,0.0027901999999999996,0.008634600000000001,0.0076854000000000002,0.0038103999999999998,-0.0030076999999999999,0.0011577,0.0007205,-0.00048760000000000014,-0.0097435000000000004,-0.0019514999999999999,0.0087949000000000013,0.0055631999999999999,-0.0024596999999999996,0.0016539000000000007,-0.0060694,-0.010003399999999999,0.0013941000000000005,-0.0085541000000000002,-0.00087870000000000005,-0.0024250999999999999,0.015155200000000001,0.0031894000000000002,-0.0086380999999999993,-0.0059398000000000003,0.0103985,0.00033550000000000008,0.0028410000000000002,0.0025786000000000003,-0.010981900000000001,-0.0010361000000000001,-0.0119136,0.0046461999999999996,0.0055664,0.004119900000000001,0.0021890999999999994,0.0012026999999999999,-0.00064389999999999988,0.0049214999999999997,0.00028850000000000013,-0.0038395,0.0055829999999999994,-0.0011268999999999997,-0.0013541999999999998,-0.0079737000000000002,-0.00023340000000000004,0.0019119,0.0028190000000000003,0.0009059999999999999,-0.0022157000000000001,0.0010560999999999999,-0.0035222000000000001,0.00074770000000000001,3.9800000000000032e-05,-0.0028360999999999998,0.0013113999999999999,-0.0019359000000000004,0.0033221000000000001,-0.0037106999999999999,-0.0010206,0.0077094999999999993,0.0040986999999999994,0.00028209999999999997,0.0027688999999999999,0.0066021000000000005,-0.00084480000000000004,0.0017313000000000003,-0.0012946999999999998,1.0600000000000149e-05,-0.0023047000000000002,0.0020476000000000001,0.0036306999999999997,-7.020000000000008e-05,-0.0052953999999999996,0.0016271,0.0015516999999999998,-0.007846800000000001,0.0050175000000000011,0.00049310000000000001,-0.0032182000000000001,0.0026894000000000002,-0.0035497000000000007,-0.0073548000000000016,-0.0069515999999999996,0.0015652999999999999,-0.013195800000000001,0.0053558000000000008,-0.0055832999999999994,0.0037635999999999998,-0.0036511,-0.0041440999999999995,0.00040389999999999979,-0.0022459999999999997,0.0025412999999999998,0.0017117999999999999,-0.0059145999999999999,0.00055219999999999998,-0.0031264000000000001,-0.007183000000000001,0.0064659999999999995,-0.0015066000000000001,-0.0026894000000000002,0.0012775,-0.00037099999999999991,0.0019043,0.0023966,-0.0020751000000000003,-0.0013832000000000002,0.00026350000000000028,-0.0012018999999999999,0.0020566,-0.0069211000000000003,0.0025015999999999997,0.0020309,-0.0006630999999999998,0.00092049999999999999,0.0029028000000000001,-0.0011100000000000001,0.0028583000000000003,-0.0012033000000000002,0.0035328,0.0018175000000000001,-0.00089250000000000006,0.0047853000000000001,-7.3499999999999998e-05,0.0017782999999999998,0.0043227000000000005,0.003673,-0.0059094999999999998,0.0016017000000000002,-0.0062985000000000003,0.0040381000000000002,-0.0013519999999999999,-0.00043719999999999978,0.00010399999999999993,0.0024239999999999999,-0.0050498000000000001,0.010244399999999999,-0.0039048000000000004,0.0088922000000000011,-0.0024092999999999996,-0.0010548999999999997,0.00071379999999999968,-0.013891799999999999,0.0027819999999999998,-0.00010970000000000001,-0.0030024000000000001,0.0023641000000000001,-0.0031922000000000005,0.00060440000000000005,-7.1499999999999841e-05,0.0015409,0.0051456000000000002,-0.00059279999999999999,0.00091889999999999995,-0.0013831999999999998,-0.0022218000000000003,0.0030376000000000001,-0.0008832,-0.00011350000000000003,0.0022625000000000002,-0.0018911000000000004,0.00039739999999999958,-0.0002183000000000001,0.0012339,0.0026046999999999997,0.00088119999999999995,-0.0023533,0.00048949999999999992,-0.00057889999999999981,0.0013519999999999999,0.0010613999999999999,-0.0014528,0.0013756,-0.0022783999999999999,0.0017631999999999997,-4.7600000000000073e-05,-0.0059356999999999995,-0.0024967000000000001,0.0035515999999999998,0.00034909999999999992,0.0017915000000000001,0.0028356000000000002,0.0011773,-1.180000000000007e-05,0.00090359999999999995,0.0020253000000000003,-0.0013067000000000003,-0.00094289999999999999,0.0032287000000000001,0.0049803999999999994,-0.0043614999999999999,-0.00019239999999999996,0.00093739999999999991,-0.0050579000000000006,0.0029508,0.0038931000000000009,-0.0032773000000000004,0.0045363000000000001,-0.0024217000000000002,-0.00032140000000000001,-0.0039523000000000006,0.0030728999999999995,0.0046179999999999997,-0.0057906999999999993,0.0017396,-0.00071699999999999976,-0.0034559,-0.00073269999999999997,0.0025892000000000003,0.00057810000000000001,-0.0007706000000000003,-0.0007737,-0.00048749999999999998,-0.00018359999999999996,0.0031882,0.00024669999999999998,0.0010743,0.0024323000000000001,0.0021324000000000004,-0.00018499999999999997,0.0017965000000000001,0.0020155000000000004,-0.0019978999999999999,-0.00065630000000000007,-0.0012315999999999998,0.00085919999999999996,0.00069480000000000008,-2.8999999999999973e-05,0.00057200000000000003,0.0017683,-0.0031978999999999996,-0.0011054999999999999,-0.00040269999999999998,0.00020209999999999998,0.0017767,-0.0032460000000000006,0.0025024000000000001,-0.0030672,-0.00058540000000000003,1.9999999999999944e-05,0.0010325999999999998,-0.0028650999999999998,0.0019666000000000002,0.001315,-0.0040423000000000004,0.00096770000000000016,-0.00096089999999999999,6.0999999999999856e-06,-5.6599999999999749e-05,0.0025756999999999998,-0.00024570000000000017,-0.00086629999999999986,-0.0032053999999999997,0.0011524,0.00034380000000000001,0.00078629999999999998,-0.00020639999999999998,-0.0016562,0.0014478,0.0027915000000000001,-0.0048403000000000005,4.2800000000000119e-05,-0.00078390000000000024,0.0010966000000000001,0.0028758000000000004,-0.00068810000000000008,0.0018395,0.0029035000000000003,-0.0034055999999999999,-0.0013133999999999999,-0.0028314,-0.0044193999999999995,0.0015004999999999999,0.0008359000000000001,0.0041605000000000001,-0.0017371000000000001,0.00048999999999999998,0.00092850000000000007,0.0019748999999999999,0.0005666,0.0013318,-0.0037645000000000001,0.00072490000000000011,-0.0041473999999999999,0.00095710000000000001,-0.0012466000000000001,0.0029582000000000002,-0.00073959999999999987,-0.00095620000000000004,0.0011881999999999999,-0.00057249999999999998,-0.0013869000000000004,0.00032020000000000003,-2.8499999999999988e-05,-0.0016915000000000001,-0.00075219999999999996,0.0013825999999999999,0.00020050000000000021,-0.00084469999999999999,0.0019524,0.00019319999999999993,-0.00020030000000000004,-0.0011156000000000002,0.00043520000000000006,-0.00061959999999999999,-0.0025152,9.0099999999999995e-05,0.0001272,-0.0014865999999999998,-0.0020407999999999997,0.0024739000000000002,-0.0015177000000000003,-0.0014198000000000001,-0.0016613999999999999,0.0033575000000000002,-0.00073789999999999999,-0.00062950000000000018,-0.0022572,0.0012534,-0.0013771000000000002,0.0034269999999999999,0.0017419,-2.3999999999999933e-05,-0.0011274,0.00014230000000000002,0.0016095999999999999,-0.0025455,6.2699999999999735e-05,-0.00026599999999999996,0.0042563999999999996,-0.0018656,0.0022760000000000002,-0.0002027000000000001,-0.0018929999999999997,-0.00030649999999999991,-0.00099230000000000021,-0.00060490000000000001,0.0019104,-0.0019501000000000002,-0.001091,0.0047114999999999995,0.00044490000000000013,0.0063222999999999994,-0.0046327,4.8599999999999989e-05,0.0022544000000000002,0.00049360000000000007,-0.00037759999999999996,-0.0060615,-0.0016298000000000003,0.00065769999999999999
aug_between_class_right_pair0064_child05,TLE,1,1,Augmented,0,0,0,0,0,0.3087548,2.1368937999999997,1.6000000000000001e-06,-7.9999999999999996e-07,5.9999999999999997e-07,0.90681800000000001,0,0.031383999999999995,-0.1275318,0.0142632,0.096673800000000004,-0.10308880000000001,0.0642094,-0.020836999999999998,0.007111000000000001,-0.054889199999999999,-0.072276399999999991,0.28566720000000001,-0.061590199999999998,0.017159400000000002,0.032554800000000002,-0.043557400000000003,-0.022790200000000004,0.003802600000000001,-0.049533400000000005,0.0046581999999999978,0.0089524000000000027,-0.035355999999999999,-0.0059413999999999995,-0.083070400000000003,0.010689199999999999,0.054761599999999994,-0.023551800000000001,0.0059069999999999991,0.00086420000000000073,-0.051843399999999998,0.023816199999999999,-0.0580098,-0.043475599999999996,0.077892600000000006,-0.032040600000000002,0.18085580000000001,-0.061875800000000002,0.0078945999999999999,0.00033979999999999948,-0.015359399999999999,-0.015924000000000001,0.011078600000000001,0.036224399999999997,0.0053887999999999991,-0.0055281999999999996,-0.018742399999999999,-0.022985000000000002,0.026223400000000001,0.028433400000000001,0.020618999999999998,0.0079162,-0.012247399999999999,0.0029841999999999998,0.026856200000000004,-0.0390012,-0.0070787999999999979,0.0035726,0.0014989999999999999,0.010921,-0.083937000000000012,-0.018233799999999998,-0.025175200000000002,0.021492799999999999,0.0051635999999999991,0.0028080000000000006,-0.0040639999999999999,0.018966,0.0048890000000000001,0.0041721999999999992,-0.0084966,0.002675799999999999,0.0039129999999999998,-0.0066294000000000006,0.0032014000000000001,0.0042526000000000005,-0.022438200000000002,0.0022368000000000002,0.0116308,-0.0031203999999999997,-0.0036848000000000002,-0.008306400000000002,0.0126082,-0.0062666000000000006,-0.0036438,-0.014436399999999999,-0.0099969999999999989,0.013513200000000001,0.0020293999999999989,-0.00013799999999999967,-0.0051053999999999995,-0.0074323999999999996,0.014531000000000001,0.0059420000000000011,0.011548000000000003,0.010978999999999999,-0.0257748,0.016449000000000002,0.00048079999999999992,-0.00085900000000000017,-0.0071979999999999995,0.015185199999999999,-0.0050213999999999996,-0.0036413999999999999,-0.00099219999999999994,0.004287,-0.0027797999999999998,-0.0033203999999999998,-0.0015551999999999996,0.015374199999999999,-0.0013164000000000006,-0.0039021999999999993,0.0091728000000000001,-0.0027735999999999998,-0.0045195999999999986,-0.0083999999999999995,0.011112,-0.0046541999999999998,-0.0025746000000000002,0.0032477999999999995,-0.0014289999999999999,0.0013732,-0.0017099999999999997,-0.002591,0.0051208,-0.0090861999999999991,-0.00056040000000000039,-0.0088707999999999981,-0.017521800000000001,-0.00087419999999999946,-0.011524400000000001,-0.004025599999999999,0.0013485999999999999,0.0022863999999999996,0.00080299999999999989,-0.0027155999999999999,-0.0026527999999999999,-0.0014977999999999999,2.6600000000000016e-05,0.00094779999999999994,0.0028089999999999999,-0.00094120000000000011,-0.001418,-0.0012693999999999997,-0.0036158000000000002,0.0020252,0.0013481999999999999,0.0006914,0.0066838000000000002,0.0040386000000000007,-0.0037142,-0.0045465999999999996,-0.0064508000000000005,0.0046863999999999994,-0.0066338000000000005,0.0025329999999999997,0.0063654000000000002,0.0008192000000000004,-0.00027620000000000005,-0.0026535999999999999,-0.0093505999999999988,-0.0097590000000000003,0.0021210000000000001,-0.00080900000000000069,0.0118852,-0.0055066000000000004,0.0038753999999999993,-0.0028233999999999993,-0.0060400000000000002,0.0024364,0.016915400000000001,-0.012577,0.011144599999999999,0.0023274000000000003,-0.0088000000000000005,-0.0037282000000000001,-0.020287199999999998,0.0025186000000000002,0.0021620000000000003,0.0037403999999999996,0.0082486,-0.0024052000000000001,-0.00038480000000000025,0.00074260000000000016,0.0021698000000000004,-0.0046053999999999999,0.0023452000000000004,0.0029202,-0.00026059999999999999,-0.0067607999999999991,-0.00021799999999999999,0.00041400000000000009,0.00016460000000000021,-0.0039702000000000001,-0.0033290000000000004,0.00067460000000000003,-0.0050221999999999992,0.00098160000000000001,0.0024388000000000001,-0.0018776000000000001,0.00034979999999999994,0.0045434000000000004,-0.0025479999999999999,-0.0022634,-0.0043029999999999995,0.0025003999999999998,0.0073743999999999997,0.00060200000000000032,-0.0018932,0.0020801999999999999,0.00050560000000000004,0.0031801999999999998,0.00023899999999999985,-0.0026451999999999999,-0.00084740000000000011,0.0010864000000000004,0.0094529999999999996,-0.00022799999999999969,-0.0051168000000000003,-0.0010762000000000002,0.0060928000000000006,0.0023596000000000003,-0.0025777999999999999,-0.005471199999999999,-0.006398199999999998,0.002588,-0.0035424000000000002,-0.0039455999999999988,-0.003993,-0.0030379999999999999,-0.0072297999999999998,0.0067302000000000022,-0.012655400000000001,0.0011408,0.00019159999999999989,-0.0023663999999999998,-0.0017275999999999997,0.0025332000000000002,0.00087220000000000006,0.00093739999999999991,0.0018740000000000002,0.0016673999999999994,-0.0010522000000000001,-0.00018599999999999997,0.0047816000000000004,-0.00014799999999999997,-4.7599999999999856e-05,-0.0028311999999999999,-0.0012665999999999999,-0.003934599999999999,0.0077477999999999991,-0.0043785999999999999,-0.00031360000000000014,0.0012397999999999999,0.00181,0.0019004,-0.0085278000000000003,-0.00053700000000000015,-0.0011556000000000003,-0.0013279999999999998,0.002477,0.0027702,-0.0046844,0.0055289999999999992,-0.0019610000000000001,-0.00045920000000000032,-0.0051839999999999994,0.0014667999999999999,0.0094027999999999994,0.0019400000000000001,-0.0014059999999999999,-0.0011592,0.00048380000000000016,5.539999999999972e-05,0.00043420000000000004,-0.0034723999999999996,0.0055218000000000003,-0.0039833999999999998,-0.0035262000000000002,-0.0056924000000000002,-0.0018717999999999999,-0.00086979999999999957,0.0029659999999999999,-0.0019257999999999999,0.0070811999999999993,-0.0043771999999999995,0.0032242,-0.0033719999999999996,-0.016910000000000001,-0.0018527999999999995,-0.00085300000000000003,0.00014340000000000007,0.00057440000000000008,0.0044764000000000002,-0.0013887999999999999,0.0011803999999999996,-0.00046640000000000006,0.003676,-0.00053679999999999993,0.0010734,0.0018741999999999999,-0.0018428000000000001,-8.8399999999999763e-05,0.00071639999999999996,0.0027045999999999997,-0.00014720000000000022,0.0012003999999999999,-0.0017966,0.0029916000000000001,-0.0031808000000000001,0.00013339999999999999,-0.0017887999999999997,0.0023013999999999995,0.0020494000000000003,-0.00057480000000000009,0.0015342000000000001,0.0027965999999999998,-0.0020518000000000003,-0.00048499999999999997,-0.00072799999999999991,-0.0069484000000000004,-0.0014658000000000002,0.0018054000000000004,0.0020563999999999999,-0.0033012000000000002,-0.0030354000000000006,-0.00032020000000000009,0.0032320000000000001,-0.0033199999999999996,0.002500200000000001,0.00085580000000000009,0.0020068,0.0054989999999999995,-0.0017674000000000004,0.0018636000000000002,-0.00035659999999999989,0.00079099999999999982,0.0026348000000000005,-0.0010164,-0.00133,0.0011922,-0.0067009999999999995,0.00062300000000000007,-0.00063020000000000003,-0.0032494000000000004,-0.0003968,0.00011759999999999971,0.0019781999999999998,0.010684800000000001,-0.0025300000000000001,0.0063081999999999999,-0.00090099999999999989,-0.0042686,-2.0200000000000003e-05,6.9599999999999957e-05,0.00088179999999999986,0.0025219999999999999,-0.0011471999999999999,-0.00057019999999999998,-0.0010349999999999999,-0.00074759999999999996,-0.00055039999999999993,0.00054580000000000004,-0.0010198000000000002,-0.00022719999999999999,-0.0026254000000000004,-1.9999999999999944e-06,0.0010969999999999999,-0.0014972,0.00017480000000000002,-0.0020308000000000001,0.0024335999999999997,-0.0010144000000000002,-0.00056920000000000017,0.0011207999999999999,-0.0011498000000000001,-0.0040959999999999989,-0.00072440000000000004,0.0016961999999999999,-0.0012664,0.0025361999999999997,0.00019900000000000007,0.0040435999999999996,-0.00023500000000000007,0.00043500000000000006,-5.9999999999998206e-06,-0.00080920000000000015,0.0017435999999999997,0.0045085999999999998,0.0037882000000000002,-0.0018820000000000004,0.0023983999999999998,-0.0011379999999999999,-0.0011012000000000001,-0.0018319999999999999,-0.0011144,0.0003592,0.0026226000000000005,-0.0011039999999999999,0.0011748000000000001,-0.002184600000000001,-0.0016791999999999994,0.0011822,-0.0013496000000000001,0.0025601999999999999,-3.7999999999999839e-06,-0.0023220000000000003,-0.0034059999999999997,0.0013982000000000001,-0.0028046,0.00054679999999999996,0.00022159999999999997,0.0060802,0.0012846000000000001,-0.0017455999999999999,-0.00069300000000000026,-0.0034981999999999999,-0.0015646000000000002,0.00071060000000000003,0.0047933999999999997,0.0038543999999999996,-0.0020796,0.0016035999999999999,0.00042220000000000007,-0.0016988000000000001,0.00062220000000000005,0.0014721999999999997,0.0013816000000000002,6.8199999999999977e-05,-0.0012226000000000001,0.00057079999999999989,-0.0021803999999999999,-0.00036320000000000005,-0.00039359999999999992,-0.0010487999999999999,0.00059539999999999994,-3.5200000000000137e-05,0.00098900000000000008,-0.0015934,-0.00010380000000000003,0.0007260000000000003,0.0024505999999999998,-0.0023552,-0.00021560000000000001,-0.0033593999999999998,0.0024687999999999997,-0.0006240000000000001,-0.0021462,0.0017172000000000001,0.0029091999999999998,-0.0011150000000000001,-0.0019545999999999999,-0.0021457999999999998,-0.00056240000000000001,0.0004036,0.001915,0.0025814000000000002,-0.0031584,0.0025282,-0.00041700000000000022,-0.0036368000000000004,-0.0032896000000000002,0.0019008000000000002,-4.0200000000000056e-05,0.0023222,0.00080199999999999998,0.00038899999999999986,0.00073620000000000011,-0.0012540000000000001,0.0017861999999999997,-0.0030083999999999996,-0.00045140000000000002,0.0025672,0.0026587999999999998,-0.0030493999999999999,0.00081379999999999994,-0.0023755999999999998,-0.001258,-0.0006420000000000001,-0.0021072,0.00041439999999999994,0.0010661999999999998,-0.00042759999999999999,0.0011735999999999999,-0.0016668,-0.0038257999999999999,0.0063049999999999998,-0.00077960000000000008,0.0011931999999999999,0.0027755999999999996,0.0035073999999999999,-0.00076220000000000064,-0.0018166,-0.0021873999999999999,-0.0039703999999999998,-9.8800000000000016e-05,0.0027425999999999996
aug_between_class_right_pair0064_child06,TLE,1,1,Augmented,0,0,0,0,0,0.30335509999999999,2.1244405999999998,1.6999999999999998e-06,-5.9999999999999997e-07,6.9999999999999986e-07,0.89736100000000008,0,0.031185999999999998,-0.12818009999999999,0.012820400000000001,0.096321100000000007,-0.1016601,0.0622003,-0.021511999999999996,0.0079570000000000023,-0.054314399999999999,-0.075527299999999992,0.28731889999999999,-0.059966399999999989,0.012714300000000001,0.036045099999999997,-0.047450799999999994,-0.023050400000000002,0.0034197000000000008,-0.050437300000000004,0.0050434,0.0071818000000000021,-0.032661000000000003,-0.0055222999999999991,-0.083381800000000006,0.0111194,0.0549107,-0.021334100000000002,0.0041794999999999992,0.0006414000000000003,-0.053248799999999999,0.0239954,-0.058356600000000002,-0.042696199999999997,0.078239700000000009,-0.032670700000000004,0.1807271,-0.061063600000000003,0.0084162000000000004,0.0001935999999999995,-0.016201799999999995,-0.0156495,0.011310199999999999,0.0344818,0.0058776000000000002,-0.0055733999999999992,-0.019354299999999998,-0.0229065,0.026788300000000001,0.0298198,0.020002499999999999,0.0060849000000000007,-0.0102913,0.0012914000000000003,0.025424900000000004,-0.038508399999999998,-0.0091420999999999968,0.0035617000000000001,0.0023939999999999994,0.009783,-0.08542050000000001,-0.019356599999999998,-0.0261809,0.0225881,0.0026766999999999989,0.0024675000000000001,-0.0046534999999999997,0.018960000000000001,0.0048704999999999998,0.0049943999999999995,-0.0069662000000000005,0.002496599999999999,0.0036960000000000001,-0.0065193000000000004,0.0038482999999999998,0.0038412000000000003,-0.023291900000000001,0.0018996000000000002,0.0119636,-0.0033368,-0.0035825999999999992,-0.0090962999999999999,0.012854899999999999,-0.0068751999999999997,-0.0036585999999999997,-0.014723799999999999,-0.011406499999999998,0.012738900000000001,0.0020722999999999991,-0.00070999999999999969,-0.0041802999999999979,-0.007622799999999999,0.01274,0.0053539999999999994,0.010822000000000002,0.010838499999999999,-0.025018600000000002,0.017915999999999998,0.00048409999999999995,-0.00097550000000000002,-0.00779,0.015264900000000001,-0.0048292999999999999,-0.0050417999999999999,-0.00093789999999999998,0.0042490000000000002,-0.0031005999999999998,-0.0036698,-0.0012848999999999994,0.016178399999999999,-0.0013598000000000004,-0.0039583999999999991,0.0097310999999999995,-0.0023467000000000002,-0.0046476999999999994,-0.0084869999999999998,0.0111615,-0.0044913999999999996,-0.0024186999999999998,0.0025626000000000008,-0.001745,0.0011769,-0.0015539999999999998,-0.0023045000000000001,0.0035586000000000003,-0.0096374000000000008,-0.00054030000000000007,-0.0098885999999999991,-0.0182031,-0.00018639999999999976,-0.0118043,-0.0031482000000000003,0.0030906999999999992,0.0014043000000000007,0.0015354999999999998,-0.0027471999999999996,-0.0026765999999999999,-0.0018246,-7.5299999999999933e-05,0.0010615999999999998,0.0033704999999999994,-0.0009544,-0.0016089999999999998,-0.0014257999999999999,-0.0035056000000000002,0.0017519,0.0019423999999999999,0.00082129999999999996,0.0060791000000000005,0.0040971999999999996,-0.0035304000000000004,-0.0052521999999999994,-0.0070105999999999996,0.0047548,-0.005939100000000001,0.0023959999999999997,0.0060838000000000003,0.00022740000000000043,-3.1400000000000153e-05,-0.0032797,-0.0094191999999999991,-0.010333999999999999,0.0019834999999999996,-0.0014234999999999994,0.0122729,-0.0049687000000000012,0.0032687999999999997,-0.0025332999999999987,-0.0062570000000000004,0.0019743000000000004,0.016087300000000002,-0.013091499999999999,0.0118607,0.0029907999999999996,-0.0095235000000000007,-0.0028514000000000005,-0.021514399999999999,0.0017092000000000006,0.0017765000000000003,0.0031038000000000003,0.0084391999999999991,-0.0030179000000000004,-0.00019060000000000019,0.00044920000000000019,0.0018336000000000008,-0.0049262999999999998,0.0020409,0.0028744,-0.0005736999999999998,-0.0070190999999999995,-0.00027399999999999994,-0.00021599999999999961,0.00070820000000000019,-0.0037114000000000001,-0.0033224999999999999,0.00066419999999999999,-0.0056138999999999998,0.0014387,0.0023816000000000002,-0.0022011999999999995,0.00078309999999999968,0.0045088000000000003,-0.0028280000000000002,-0.0014668000000000001,-0.0051304999999999996,0.0025228,0.0070227999999999992,0.00025650000000000022,-0.0019208999999999999,0.0019984,0.0004502000000000001,0.0028874,0.00047750000000000006,-0.0024353999999999999,-0.00053530000000000049,0.00019430000000000055,0.0097935000000000001,-0.0009339999999999995,-0.0047816000000000004,-0.00074040000000000043,0.0057225999999999996,0.0019382000000000006,-0.0022401000000000001,-0.0061588999999999993,-0.0068868999999999979,0.0023135,-0.0033988,-0.0046606999999999985,-0.0042034999999999998,-0.0025895000000000007,-0.0070965999999999998,0.0067264000000000022,-0.012842800000000001,0.0012455999999999999,0.0002076999999999999,-0.0023497999999999995,-0.0015872,0.0029159000000000008,0.00069490000000000003,0.00083830000000000016,0.0019005000000000003,0.0012258,-0.0012643999999999999,-0.000176,0.0049867000000000002,-8.3500000000000024e-05,-0.00021469999999999985,-0.0030099000000000002,-0.0013262,-0.0043691999999999993,0.0086835999999999997,-0.0045162000000000006,-0.00041669999999999999,0.0015410999999999999,0.0017829999999999999,0.0021343,-0.0088180999999999989,-0.00045300000000000006,-0.00092370000000000017,-0.0015914999999999998,0.0024000000000000002,0.0029768999999999998,-0.0049313000000000004,0.0061144999999999984,-0.001755,-0.00086890000000000014,-0.0048905000000000007,0.0016136000000000002,0.0093320999999999994,0.0018160000000000001,-0.0015029999999999998,-0.00063290000000000004,0.00039260000000000011,-0.00057470000000000004,0.00038240000000000008,-0.0041147999999999992,0.0056065999999999998,-0.0044843000000000001,-0.0038843999999999997,-0.0058643000000000002,-0.0020341000000000001,-0.00040460000000000019,0.0031405000000000001,-0.0020990999999999996,0.0074969000000000008,-0.0034194000000000013,0.0025309000000000004,-0.0027275000000000003,-0.017717500000000001,-0.0014775999999999999,-0.00082350000000000001,1.9800000000000048e-05,0.00045580000000000002,0.0043253000000000007,-0.0013256000000000003,0.0017592999999999994,-0.00048330000000000009,0.0036189999999999998,-0.00073059999999999987,0.0010998,0.0017458999999999999,-0.0019061000000000002,-0.00014829999999999986,0.0006133,0.0029521999999999999,0.00018309999999999968,0.0015552999999999997,-0.0016616999999999997,0.0030306999999999999,-0.0033836000000000005,0.00024279999999999994,-0.0024670999999999998,0.0024922999999999994,0.0026507999999999996,-0.00038909999999999986,0.0015628999999999999,0.0027177,-0.0018701,-0.00054199999999999995,-0.0010895,-0.0072508,-0.0017801000000000002,0.0015753,0.0025608000000000002,-0.0035084000000000005,-0.0035463000000000005,-8.4900000000000166e-05,0.003176,-0.0041624999999999995,0.0023024000000000005,0.0012671000000000002,0.0019831000000000002,0.0054885000000000003,-0.0016023000000000001,0.0020752000000000001,-0.00033819999999999987,0.00073449999999999991,0.0025901000000000001,-0.0010587999999999999,-0.0018354999999999997,0.0016708999999999999,-0.0070444999999999995,0.00063900000000000003,-0.00088140000000000007,-0.0037347999999999999,-0.00037510000000000001,0.0002951999999999998,0.0014004000000000002,0.010929600000000001,-0.0025300000000000001,0.0066128999999999997,-0.0003265000000000004,-0.0045171999999999999,4.1600000000000035e-05,0.00013669999999999996,0.0010835999999999997,0.0024385000000000001,-0.0011634,-0.00056840000000000005,-0.0012689999999999999,-0.00062169999999999999,-0.00067529999999999988,0.0004481,-0.00089659999999999978,-0.00029690000000000001,-0.0025003,-0.00011499999999999998,0.0010434999999999999,-0.0014254000000000001,-8.1399999999999919e-05,-0.0019721000000000001,0.0027151999999999996,-0.0010808,-0.00031840000000000026,0.00081010000000000012,-0.0011161000000000001,-0.0043309999999999998,-0.00086379999999999985,0.0018379,-0.0014252999999999996,0.0027859,0.0001805,0.0037301999999999999,-0.00010500000000000017,0.00023550000000000014,0.00017549999999999998,-0.00046390000000000011,0.0019242,0.0046067,0.0037123999999999998,-0.0022695000000000002,0.0030007999999999996,-0.0013759999999999996,-0.0011439,-0.0015020000000000001,-0.00094680000000000003,8.3400000000000076e-05,0.0025487000000000014,-0.0011165000000000001,0.0008671000000000001,-0.0020851999999999997,-0.0023258999999999992,0.0009789,-0.0013137000000000001,0.0023629000000000002,-0.0002006,-0.0023020000000000002,-0.0030424999999999996,0.0015173999999999999,-0.0032811999999999997,0.00046860000000000001,0.00039119999999999997,0.0060123999999999993,0.0018487,-0.0016997,-0.00040450000000000013,-0.0036278999999999994,-0.002694199999999999,0.00037669999999999999,0.0045123000000000003,0.0040237999999999993,-0.0016732000000000001,0.0014507000000000001,0.00052890000000000001,-0.0015931000000000001,0.00046489999999999992,0.0013359000000000001,0.0016276999999999997,0.00010289999999999998,-0.0013782,0.00071359999999999989,-0.0022282999999999999,-0.00038140000000000005,-0.00049720000000000005,-0.0015025999999999998,0.00086479999999999999,0.00033559999999999975,0.0012764999999999999,-0.0017572999999999998,2.4399999999999997e-05,0.00044600000000000027,0.0024681999999999998,-0.0024768999999999998,-0.00020670000000000001,-0.0037272999999999998,0.0027801000000000002,-0.00062550000000000008,-0.0021569000000000002,0.0015959000000000001,0.0030703999999999996,-0.00090100000000000032,-0.0023821999999999992,-0.0019495999999999999,-0.00061530000000000005,0.00032470000000000009,0.0018115,0.0027263000000000001,-0.0033453000000000003,0.0027773999999999997,0.00012899999999999967,-0.0037006000000000001,-0.0032047,0.0017141000000000001,0.00010509999999999995,0.0019678999999999999,0.00070800000000000008,0.00082949999999999994,0.0012689000000000001,-0.0015884999999999999,0.0021034000000000001,-0.0030062999999999999,-0.00055980000000000005,0.0022863999999999996,0.0028685999999999998,-0.0029207999999999999,0.00076209999999999993,-0.0018697000000000002,-0.0014369999999999999,-0.00097149999999999982,-0.0023363999999999998,0.00049779999999999985,0.00083790000000000004,-0.00048470000000000002,0.0011417,-0.0014846,-0.0037956000000000001,0.0064950000000000008,-0.00088170000000000002,0.0010289000000000001,0.0028086999999999999,0.0035337999999999997,3.4099999999999582e-05,-0.0012862000000000004,-0.0020628000000000001,-0.0039402999999999999,-0.00036209999999999975,0.0027381999999999997
aug_between_class_right_pair0064_child07,TLE,1,1,Augmented,0,0,0,0,0,0.29795540000000004,2.1119873999999998,1.8000000000000001e-06,-3.9999999999999988e-07,8.0000000000000007e-07,0.88790400000000003,0,0.030988000000000002,-0.12882839999999998,0.0113776,0.095968399999999995,-0.1002314,0.0601912,-0.022187000000000002,0.0088030000000000018,-0.053739599999999998,-0.078778199999999993,0.28897059999999997,-0.058342599999999994,0.0082692000000000009,0.039535400000000005,-0.0513442,-0.023310600000000001,0.0030367999999999997,-0.051341200000000004,0.0054286000000000022,0.0054112000000000014,-0.029966,-0.0051031999999999987,-0.083693199999999995,0.0115496,0.055059799999999999,-0.019116399999999999,0.0024519999999999976,0.00041860000000000161,-0.0546542,0.024174600000000001,-0.058703399999999996,-0.041916799999999997,0.078586800000000012,-0.033300799999999998,0.18059839999999999,-0.060251399999999997,0.008937800000000001,4.7399999999999526e-05,-0.017044200000000002,-0.015375,0.011541800000000001,0.032739199999999996,0.0063663999999999995,-0.0056185999999999996,-0.0199662,-0.022828000000000001,0.027353200000000001,0.031206200000000003,0.019386,0.004253599999999998,-0.0083351999999999992,-0.00040140000000000087,0.0239936,-0.038015600000000004,-0.011205399999999999,0.0035508000000000002,0.0032889999999999998,0.0086449999999999964,-0.086904000000000009,-0.020479399999999998,-0.027186600000000002,0.0236834,0.00018979999999999865,0.002127,-0.0052430000000000003,0.018954000000000002,0.0048520000000000004,0.0058165999999999999,-0.0054357999999999993,0.0023173999999999998,0.0034789999999999999,-0.0064092000000000003,0.0044952000000000013,0.0034297999999999993,-0.024145600000000003,0.0015623999999999998,0.012296400000000001,-0.0035532000000000003,-0.0034803999999999998,-0.0098862000000000012,0.0131016,-0.0074838000000000005,-0.0036734000000000003,-0.015011199999999999,-0.012816000000000003,0.011964600000000001,0.0021151999999999994,-0.0012820000000000006,-0.0032551999999999998,-0.0078131999999999993,0.010949,0.0047659999999999994,0.010096000000000001,0.010697999999999999,-0.0242624,0.019383000000000001,0.00048740000000000003,-0.0010920000000000001,-0.0083820000000000006,0.0153446,-0.0046371999999999993,-0.0064422000000000004,-0.0008835999999999999,0.0042109999999999995,-0.0034213999999999998,-0.0040192000000000005,-0.0010145999999999992,0.0169826,-0.0014032000000000003,-0.0040146000000000001,0.010289399999999999,-0.0019198000000000002,-0.0047757999999999984,-0.008574,0.011211,-0.0043286000000000002,-0.0022627999999999997,0.0018773999999999996,-0.0020610000000000003,0.00098059999999999966,-0.0013980000000000008,-0.0020179999999999998,0.001996399999999998,-0.010188600000000003,-0.00052020000000000018,-0.0109064,-0.018884400000000003,0.00050139999999999994,-0.012084200000000002,-0.002270799999999999,0.0048328000000000008,0.00052219999999999957,0.0022679999999999996,-0.0027787999999999997,-0.0027003999999999999,-0.0021514000000000004,-0.00017720000000000008,0.0011754000000000001,0.0039319999999999997,-0.0009676000000000001,-0.0018,-0.0015822,-0.0033953999999999998,0.0014785999999999998,0.0025366000000000004,0.00095120000000000014,0.0054743999999999991,0.0041558000000000003,-0.0033465999999999999,-0.0059578000000000009,-0.0075704000000000006,0.0048232000000000006,-0.0052443999999999998,0.0022589999999999997,0.0058021999999999995,-0.00036439999999999997,0.00021340000000000009,-0.0039058000000000009,-0.0094877999999999994,-0.010909,0.0018459999999999991,-0.0020379999999999999,0.012660599999999999,-0.0044307999999999986,0.0026621999999999991,-0.0022431999999999981,-0.0064740000000000006,0.0015121999999999998,0.015259200000000001,-0.013606,0.012576800000000003,0.0036542000000000007,-0.010246999999999999,-0.0019746,-0.022741600000000001,0.00089979999999999965,0.0013909999999999999,0.0024671999999999993,0.0086298,-0.0036306000000000003,3.6000000000000875e-06,0.00015579999999999988,0.0014974000000000003,-0.0052472000000000005,0.0017366,0.0028285999999999997,-0.00088680000000000009,-0.0072773999999999998,-0.00033,-0.00084599999999999996,0.0012518000000000006,-0.0034526000000000001,-0.0033159999999999999,0.00065379999999999995,-0.0062056000000000004,0.0018958000000000002,0.0023244000000000003,-0.0025248000000000002,0.0012164000000000003,0.0044742000000000002,-0.0031080000000000001,-0.00067019999999999927,-0.0059580000000000006,0.0025452000000000001,0.0066711999999999995,-8.9000000000000103e-05,-0.0019486000000000002,0.0019165999999999996,0.00039480000000000016,0.0025945999999999999,0.00071600000000000006,-0.0022255999999999999,-0.00022320000000000022,-0.00069780000000000037,0.010134000000000001,-0.0016400000000000004,-0.0044463999999999997,-0.00040460000000000019,0.0053524000000000002,0.0015168,-0.0019024000000000003,-0.0068466000000000004,-0.0073755999999999987,0.002039,-0.0032552000000000002,-0.0053758,-0.0044140000000000004,-0.0021410000000000005,-0.0069633999999999998,0.0067226000000000005,-0.013030200000000002,0.0013503999999999999,0.00022379999999999969,-0.0023332000000000001,-0.0014467999999999998,0.0032986000000000005,0.0005175999999999999,0.00073920000000000008,0.0019269999999999999,0.00078419999999999976,-0.0014766000000000002,-0.00016599999999999997,0.0051917999999999999,-1.899999999999996e-05,-0.00038180000000000006,-0.0031886000000000002,-0.0013858,-0.0048038000000000004,0.0096194000000000002,-0.0046538000000000005,-0.00051980000000000017,0.0018424000000000001,0.001756,0.0023682,-0.0091083999999999991,-0.00036899999999999997,-0.00069180000000000044,-0.0018549999999999999,0.002323,0.0031836,-0.0051782,0.0066999999999999994,-0.001549,-0.0012786000000000004,-0.0045969999999999995,0.0017604000000000001,0.0092613999999999995,0.0016919999999999999,-0.0016000000000000001,-0.00010659999999999966,0.00030140000000000006,-0.0012048000000000002,0.00033060000000000001,-0.0047572000000000005,0.0056914000000000001,-0.0049852000000000004,-0.0042426,-0.0060362000000000002,-0.0021964000000000003,6.059999999999963e-05,0.0033150000000000002,-0.0022723999999999999,0.0079125999999999988,-0.0024615999999999996,0.0018375999999999998,-0.0020830000000000002,-0.018525,-0.0011023999999999995,-0.000794,-0.00010380000000000004,0.0003371999999999999,0.0041742000000000003,-0.0012623999999999999,0.0023382000000000003,-0.00050019999999999991,0.0035620000000000001,-0.00092440000000000013,0.0011261999999999999,0.0016175999999999999,-0.0019694000000000005,-0.00020819999999999975,0.00051019999999999993,0.0031998,0.00051340000000000012,0.0019102000000000001,-0.0015267999999999998,0.0030698000000000006,-0.0035864,0.00035219999999999989,-0.0031454000000000009,0.0026832000000000002,0.0032522000000000007,-0.00020339999999999985,0.0015916000000000001,0.0026387999999999997,-0.0016883999999999998,-0.00059899999999999992,-0.0014510000000000002,-0.0075532000000000004,-0.0020944000000000006,0.0013452,0.0030651999999999997,-0.0037155999999999999,-0.0040572000000000004,0.00015040000000000008,0.0031199999999999999,-0.0050050000000000008,0.0021046000000000007,0.0016784000000000005,0.0019594,0.0054779999999999994,-0.0014372,0.0022868000000000003,-0.00031979999999999986,0.000678,0.0025454000000000002,-0.0011012000000000001,-0.0023410000000000002,0.0021496000000000002,-0.0073879999999999996,0.00065499999999999955,-0.0011326000000000001,-0.0042202000000000003,-0.00035339999999999997,0.0004728,0.00082259999999999972,0.011174400000000001,-0.0025300000000000001,0.0069175999999999994,0.00024799999999999996,-0.0047658000000000006,0.00010340000000000013,0.00020380000000000002,0.0012854000000000001,0.0023549999999999999,-0.0011796,-0.0005666,-0.0015030000000000002,-0.00049580000000000002,-0.00080020000000000004,0.00035039999999999995,-0.00077339999999999983,-0.00036660000000000007,-0.0023752000000000001,-0.00022800000000000007,0.00098999999999999999,-0.0013535999999999999,-0.00033760000000000018,-0.0019134,0.0029967999999999996,-0.0011472000000000001,-6.7600000000000044e-05,0.00049939999999999989,-0.0010823999999999999,-0.0045659999999999989,-0.0010032000000000001,0.0019795999999999998,-0.0015842,0.0030356000000000003,0.00016200000000000003,0.0034167999999999998,2.5000000000000066e-05,3.5999999999999953e-05,0.00035700000000000022,-0.00011859999999999985,0.0021048,0.0047048000000000003,0.0036365999999999998,-0.0026570000000000005,0.0036032,-0.001614,-0.0011865999999999999,-0.0011719999999999999,-0.00077919999999999986,-0.00019240000000000012,0.0024748000000000005,-0.001129,0.00055939999999999983,-0.0019858000000000002,-0.0029725999999999997,0.00077559999999999999,-0.0012777999999999999,0.0021655999999999997,-0.00039740000000000044,-0.0022820000000000002,-0.0026789999999999991,0.0016365999999999998,-0.0037578000000000004,0.0003904,0.00056080000000000008,0.0059446000000000004,0.0024128000000000001,-0.0016538,-0.000116,-0.0037575999999999998,-0.0038238000000000005,4.2799999999999739e-05,0.0042311999999999992,0.0041931999999999994,-0.0012667999999999998,0.0012977999999999998,0.00063560000000000005,-0.0014873999999999998,0.00030759999999999994,0.0011995999999999999,0.0018738000000000001,0.00013759999999999998,-0.0015338000000000001,0.0008564,-0.0022761999999999999,-0.00039960000000000001,-0.00060080000000000018,-0.0019564000000000001,0.0011342000000000001,0.00070640000000000004,0.0015639999999999999,-0.0019212000000000001,0.00015260000000000008,0.00016599999999999997,0.0024857999999999998,-0.0025986,-0.00019780000000000001,-0.0040952000000000002,0.0030914000000000002,-0.00062699999999999984,-0.0021676,0.0014746,0.0032315999999999998,-0.000687,-0.0028098000000000003,-0.0017533999999999998,-0.00066820000000000009,0.00024579999999999996,0.0017079999999999999,0.0028712,-0.0035322000000000001,0.0030266,0.00067500000000000036,-0.0037644000000000002,-0.0031197999999999998,0.0015274000000000002,0.00025039999999999996,0.0016135999999999998,0.00061399999999999996,0.0012700000000000003,0.0018016000000000004,-0.0019230000000000002,0.0024206000000000002,-0.0030041999999999998,-0.00066820000000000009,0.0020055999999999997,0.0030783999999999998,-0.0027922000000000003,0.00071039999999999992,-0.0013637999999999996,-0.0016160000000000002,-0.0013010000000000001,-0.0025656000000000003,0.00058120000000000003,0.00060959999999999986,-0.00054180000000000005,0.0011098,-0.0013024,-0.0037653999999999999,0.006685,-0.00098380000000000017,0.00086459999999999998,0.0028418000000000002,0.0035601999999999995,0.00083040000000000024,-0.00075579999999999961,-0.0019381999999999999,-0.0039102,-0.00062540000000000013,0.0027337999999999998
aug_between_class_right_pair0064_child08,TLE,1,1,Augmented,0,0,0,0,0,0.29255570000000003,2.0995341999999999,1.9e-06,-1.9999999999999989e-07,9.0000000000000007e-07,0.87844699999999998,0,0.030790000000000001,-0.1294767,0.0099348000000000006,0.095615699999999998,-0.098802700000000007,0.0581821,-0.022861999999999997,0.0096490000000000013,-0.053164799999999998,-0.082029099999999994,0.2906223,-0.0567188,0.0038240999999999987,0.0430257,-0.055237599999999991,-0.023570800000000003,0.0026539000000000011,-0.052245100000000003,0.0058137999999999974,0.0036406000000000008,-0.027270999999999997,-0.0046841000000000001,-0.084004599999999999,0.011979799999999999,0.055208899999999998,-0.016898699999999999,0.00072449999999999945,0.00019579999999999945,-0.056059600000000001,0.024353800000000002,-0.059050199999999997,-0.041137399999999998,0.078933900000000001,-0.0339309,0.18046970000000001,-0.059439199999999998,0.0094593999999999998,-9.8800000000000016e-05,-0.017886600000000002,-0.015100500000000001,0.0117734,0.030996599999999999,0.0068552000000000005,-0.0056638000000000001,-0.020578099999999998,-0.022749499999999999,0.027918100000000001,0.032592599999999999,0.018769499999999998,0.0024223000000000005,-0.0063790999999999995,-0.0020942000000000005,0.0225623,-0.037522800000000002,-0.013268699999999998,0.0035398999999999999,0.0041840000000000002,0.0075069999999999998,-0.088387500000000008,-0.021602200000000002,-0.0281923,0.024778700000000001,-0.0022971000000000033,0.0017864999999999999,-0.0058325,0.018948,0.0048334999999999993,0.0066388000000000003,-0.003905399999999999,0.0021381999999999998,0.0032619999999999997,-0.0062991000000000002,0.0051421000000000001,0.0030184000000000001,-0.024999300000000002,0.0012252000000000005,0.0126292,-0.0037696000000000006,-0.0033781999999999996,-0.010676100000000001,0.0133483,-0.0080923999999999996,-0.0036882,-0.015298599999999999,-0.0142255,0.0111903,0.0021580999999999996,-0.0018540000000000002,-0.0023300999999999981,-0.0080035999999999996,0.0091579999999999995,0.0041779999999999977,0.0093699999999999999,0.010557499999999997,-0.023506199999999998,0.020849999999999997,0.00049069999999999995,-0.0012084999999999999,-0.0089739999999999993,0.0154243,-0.0044450999999999996,-0.0078425999999999999,-0.00082929999999999994,0.0041729999999999996,-0.0037422000000000002,-0.0043686000000000003,-0.00074429999999999982,0.017786799999999998,-0.0014466000000000001,-0.0040707999999999994,0.0108477,-0.0014929000000000001,-0.004903900000000001,-0.0086610000000000003,0.011260500000000001,-0.004165799999999999,-0.0021068999999999997,0.0011921999999999992,-0.0023770000000000002,0.00078429999999999993,-0.0012420000000000009,-0.0017315,0.00043420000000000004,-0.010739800000000001,-0.00050010000000000028,-0.011924200000000001,-0.019565700000000002,0.0011892000000000005,-0.012364100000000001,-0.0013933999999999995,0.0065749000000000007,-0.00035990000000000024,0.0030004999999999997,-0.0028103999999999994,-0.0027242,-0.0024781999999999998,-0.00027910000000000006,0.0012892000000000001,0.0044935000000000001,-0.00098079999999999999,-0.0019909999999999997,-0.0017386000000000001,-0.0032851999999999998,0.0012052999999999999,0.0031308,0.0010811000000000002,0.0048696999999999994,0.0042144000000000001,-0.0031627999999999999,-0.0066633999999999999,-0.0081302000000000006,0.0048916000000000012,-0.0045497000000000003,0.0021219999999999998,0.0055205999999999996,-0.0009561999999999995,0.00045819999999999997,-0.0045319000000000002,-0.0095563999999999979,-0.011484000000000001,0.0017084999999999991,-0.0026524999999999995,0.013048300000000001,-0.0038928999999999999,0.0020556000000000003,-0.0019530999999999993,-0.0066909999999999999,0.0010501,0.014431100000000001,-0.014120499999999999,0.013292900000000002,0.0043176000000000004,-0.010970500000000001,-0.0010978000000000001,-0.023968799999999998,9.0399999999999839e-05,0.0010054999999999999,0.0018305999999999999,0.0088203999999999991,-0.0042433000000000002,0.00019779999999999993,-0.00013760000000000009,0.0011612000000000007,-0.0055681000000000003,0.0014323000000000001,0.0027827999999999998,-0.0011999000000000001,-0.0075356999999999993,-0.00038599999999999984,-0.0014759999999999999,0.0017954000000000002,-0.0031938000000000001,-0.0033095000000000004,0.00064340000000000003,-0.0067972999999999992,0.0023529000000000002,0.0022672,-0.0028483999999999996,0.0016497,0.0044396000000000001,-0.003388,0.00012640000000000047,-0.0067854999999999999,0.0025675999999999997,0.0063195999999999999,-0.0004345000000000001,-0.0019763000000000011,0.0018348000000000001,0.00033940000000000001,0.0023017999999999997,0.00095450000000000005,-0.0020157999999999999,8.889999999999983e-05,-0.0015899,0.010474499999999999,-0.002346,-0.0041112000000000006,-6.8800000000000154e-05,0.0049822,0.0010954000000000003,-0.0015646999999999996,-0.0075342999999999999,-0.0078642999999999994,0.0017645,-0.0031116,-0.0060908999999999998,-0.0046245000000000001,-0.0016924999999999996,-0.0068301999999999998,0.0067188000000000005,-0.013217599999999999,0.0014552,0.00023989999999999992,-0.0023165999999999998,-0.0013063999999999999,0.0036813000000000002,0.00034029999999999987,0.00064010000000000011,0.0019534999999999995,0.00034259999999999987,-0.0016888000000000001,-0.00015599999999999994,0.0053969000000000005,4.5500000000000029e-05,-0.00054889999999999984,-0.0033673000000000002,-0.0014454000000000001,-0.0052383999999999998,0.010555200000000001,-0.0047913999999999995,-0.00062290000000000012,0.0021437000000000001,0.0017290000000000001,0.0026021,-0.0093986999999999994,-0.00028500000000000031,-0.00045990000000000007,-0.0021185000000000002,0.0022460000000000002,0.0033902999999999997,-0.0054251000000000004,0.0072854999999999986,-0.001343,-0.0016883000000000002,-0.0043035,0.0019072,0.0091906999999999996,0.0015680000000000002,-0.0016969999999999999,0.00041970000000000028,0.00021020000000000001,-0.0018349000000000004,0.00027879999999999995,-0.0053996000000000001,0.0057762000000000004,-0.0054861000000000007,-0.0046008000000000004,-0.0062081000000000011,-0.0023587,0.00052580000000000031,0.0034895000000000004,-0.0024456999999999999,0.0083283000000000003,-0.0015037999999999996,0.0011442999999999998,-0.0014385000000000001,-0.019332500000000002,-0.0007271999999999999,-0.00076449999999999999,-0.0002274,0.0002186,0.0040230999999999999,-0.0011992000000000001,0.0029170999999999997,-0.00051709999999999994,0.0035050000000000003,-0.0011182000000000002,0.0011525999999999999,0.0014892999999999998,-0.0020327000000000006,-0.00026809999999999985,0.00040709999999999997,0.0034473999999999998,0.00084369999999999996,0.0022650999999999999,-0.0013919,0.0031088999999999999,-0.0037892000000000004,0.00046160000000000005,-0.0038236999999999998,0.0028741000000000001,0.0038536,-1.7699999999999834e-05,0.0016203000000000003,0.0025598999999999999,-0.0015066999999999999,-0.00065600000000000001,-0.0018125000000000003,-0.0078556000000000008,-0.0024087000000000006,0.0011150999999999995,0.0035696,-0.0039227999999999997,-0.0045681000000000003,0.00038570000000000005,0.0030639999999999999,-0.0058474999999999994,0.0019068000000000004,0.0020897000000000008,0.0019357000000000003,0.0054674999999999993,-0.0012721,0.0024984000000000004,-0.00030139999999999985,0.00062149999999999966,0.0025006999999999998,-0.0011435999999999998,-0.0028465000000000001,0.0026283000000000001,-0.0077314999999999997,0.00067099999999999994,-0.0013838000000000001,-0.0047056000000000008,-0.00033169999999999999,0.00065039999999999998,0.00024479999999999982,0.011419200000000001,-0.0025300000000000001,0.0072223000000000001,0.00082249999999999945,-0.0050144000000000005,0.00016520000000000006,0.00027089999999999997,0.0014872000000000002,0.0022714999999999996,-0.0011957999999999999,-0.00056480000000000007,-0.001737,-0.00036989999999999994,-0.00092509999999999999,0.00025269999999999996,-0.00065020000000000008,-0.00043630000000000003,-0.0022501000000000001,-0.00034099999999999999,0.00093649999999999994,-0.0012818,-0.00059380000000000001,-0.0018546999999999999,0.0032783999999999999,-0.0012136000000000002,0.00018320000000000001,0.00018869999999999998,-0.0010487000000000001,-0.0048009999999999997,-0.0011425999999999999,0.0021212999999999996,-0.0017431,0.0032852999999999997,0.00014350000000000007,0.0031033999999999996,0.00015500000000000008,-0.00016350000000000002,0.00053850000000000013,0.00022670000000000006,0.0022853999999999995,0.0048028999999999997,0.0035607999999999998,-0.0030444999999999999,0.0042056000000000003,-0.0018519999999999999,-0.0012293,-0.00084199999999999987,-0.0006115999999999999,-0.00046820000000000021,0.0024008999999999996,-0.0011415000000000002,0.00025169999999999988,-0.0018864000000000005,-0.0036192999999999998,0.00057229999999999998,-0.0012419,0.0019683000000000001,-0.00059420000000000002,-0.0022620000000000001,-0.0023154999999999994,0.0017557999999999996,-0.0042344000000000001,0.00031219999999999995,0.00073040000000000008,0.0058767999999999997,0.0029769000000000002,-0.0016079,0.00017250000000000013,-0.0038872999999999998,-0.0049534000000000002,-0.00029110000000000008,0.0039500999999999998,0.0043625999999999995,-0.00086039999999999988,0.0011448999999999999,0.00074230000000000021,-0.0013817,0.00015029999999999997,0.0010632999999999999,0.0021199000000000001,0.00017229999999999999,-0.0016894000000000002,0.0009992,-0.0023241,-0.00041780000000000007,-0.0007044000000000001,-0.0024101999999999999,0.0014036000000000003,0.0010771999999999999,0.0018515000000000001,-0.0020851000000000003,0.00028079999999999999,-0.00011400000000000001,0.0025033999999999998,-0.0027203000000000001,-0.00018889999999999998,-0.0044631000000000002,0.0034027000000000003,-0.00062850000000000026,-0.0021783000000000002,0.0013533,0.0033928000000000001,-0.000473,-0.0032374000000000001,-0.0015572000000000001,-0.00072110000000000002,0.00016689999999999994,0.0016044999999999998,0.0030160999999999999,-0.0037191000000000004,0.0032757999999999997,0.0012210000000000003,-0.0038282000000000004,-0.0030348999999999997,0.0013407,0.00039569999999999997,0.0012593000000000001,0.00051999999999999995,0.0017105000000000002,0.0023343000000000001,-0.0022575,0.0027378000000000003,-0.0030021000000000002,-0.00077660000000000001,0.0017248000000000003,0.0032881999999999998,-0.0026636000000000003,0.00065869999999999991,-0.00085789999999999977,-0.0017950000000000002,-0.0016305000000000004,-0.0027948000000000001,0.0006646,0.00038129999999999989,-0.00059890000000000008,0.0010779000000000001,-0.0011202,-0.0037352000000000002,0.0068750000000000009,-0.0010859000000000001,0.00070029999999999995,0.0028749000000000001,0.0035866000000000001,0.0016266999999999996,-0.00022539999999999995,-0.0018135999999999998,-0.0038801,-0.00088870000000000008,0.0027293999999999999
aug_between_class_right_pair0065_child05,TLE,1,1,Augmented,0,0,0,0,0,0.31502619999999998,2.1126412000000001,9.9999999999999995e-07,0,0,0.98758840000000003,0,0.047690999999999997,-0.15015239999999999,0.0268732,0.066373399999999999,-0.078978599999999996,0.084413799999999997,-0.0084593999999999989,-0.0060915999999999991,-0.023669800000000001,-0.10949879999999999,0.3512518,-0.09641799999999999,-0.071689600000000006,0.1013526,-0.024112199999999993,-0.025093999999999998,-0.00088960000000000037,-0.057829600000000002,0.032415800000000002,0.031722399999999998,-0.050022400000000002,0.0032140000000000003,-0.085094400000000001,-0.0020099999999999996,0.053084800000000001,-0.010907999999999999,-0.0015880000000000009,0.0050498000000000001,-0.048210200000000002,0.034853799999999997,-0.062290200000000004,-0.078733599999999987,0.1013452,-0.062271199999999999,0.19593820000000001,-0.01115,0.0095543999999999994,-0.0032905999999999994,-0.0155874,-0.0063248000000000002,0.0027865999999999998,0.035072599999999995,-0.003179,-0.00085540000000000008,-0.0074981999999999991,-0.024085200000000001,0.0215634,0.025081200000000001,0.022331799999999999,0.013098200000000001,-0.0024807999999999992,0.0016184000000000003,0.021579000000000001,-0.037593599999999998,0.0090206000000000001,-0.0054663999999999997,0.0037467999999999993,0.028244200000000001,-0.072513800000000003,-0.0188942,-0.013086800000000003,-0.025024199999999996,0.0011102000000000004,-0.00089260000000000001,0.00027299999999999997,0.0148174,0.020854400000000002,-0.0028071999999999993,-0.0048851999999999993,0.0013544000000000004,0.0039818000000000006,-0.0082298000000000007,0.0069257999999999993,0.011489600000000001,-0.015755000000000002,0.0131258,0.0041056000000000009,0.0028648000000000002,-0.018017799999999997,-0.0099089999999999994,0.019897399999999999,-0.0056905999999999988,-0.0077090000000000006,0.014293399999999998,-0.0073810000000000004,0.0065726000000000005,-0.016969600000000001,-0.0041791999999999984,0.019141999999999999,-0.015609000000000001,0.0099288000000000015,-0.0034931999999999984,-0.0033444000000000008,0.0057389999999999993,-0.013469999999999999,-0.0044409999999999988,0.0056702000000000002,-0.0065726000000000005,-0.0113738,0.011926599999999999,-0.0028565999999999999,0.0013343999999999995,0.0012315999999999998,0.0033283999999999996,-0.0054578000000000005,-0.013542799999999999,0.01137,0.0120676,0.0072867999999999995,-0.00066419999999999999,0.013795399999999999,-0.0083979999999999992,0.0032281999999999996,-0.0090805999999999994,0.0109202,0.00069000000000000008,0.0049709999999999997,0.014419400000000001,-0.0120362,-0.0028926000000000004,-0.019189000000000001,-0.0022288,0.0048424000000000002,0.011313400000000001,-0.0030293999999999998,0.0024524000000000004,-0.019559199999999999,-0.010179800000000001,-0.0123486,0.00023099999999999943,0.027462999999999998,0.0067055999999999999,0.013349400000000001,-0.010944199999999999,0.0076522000000000022,-0.0017228,-0.0029369999999999995,0.0012015999999999999,-0.0050841999999999997,0.0019492000000000001,-0.0037688000000000001,0.0022821999999999999,-0.0032989999999999998,7.4600000000000187e-05,0.0021908000000000001,0.0010150000000000001,0.00084979999999999995,0.0023596000000000003,-0.0022519999999999997,0.0037325999999999991,0.0021089999999999998,-0.0036540000000000001,-0.0082354000000000004,-0.0051549999999999999,0.0096585999999999998,0.0093137999999999988,0.0076479999999999985,-0.0019004,-0.0032527999999999993,-0.0081460000000000005,-0.006267,-0.010799599999999999,0.0012103999999999997,0.0058023999999999992,0.012765200000000001,0.011082400000000001,-0.012829399999999999,0.00056520000000000019,0.0030262000000000006,0.0067976000000000009,0.0015915999999999999,0.0078743999999999984,-0.0013595999999999999,-0.0010146000000000003,-0.0209838,-0.0075611999999999997,-0.0058420000000000008,-0.021499799999999999,0.021169,0.00054740000000000019,-0.0026306000000000003,0.00040979999999999999,0.00057379999999999974,-0.0033695999999999999,0.0021451999999999999,0.0015523999999999998,0.0014084,-0.0037291999999999998,-0.0014675999999999997,0.0017892000000000001,-0.0013892000000000002,-0.0031456000000000001,0.0011020000000000001,0.00054920000000000001,0.0013922000000000001,0.0016374000000000002,0.0026383999999999995,-0.0057756000000000005,-0.0049454,0.0046312000000000002,0.0038514000000000005,-0.0022675999999999998,-0.0058317999999999998,-0.00059400000000000034,0.0018392000000000003,-0.0020201999999999998,0.00067120000000000005,0.0049663999999999993,-0.0018016,0.0045557999999999996,0.0050953999999999999,0.0019296000000000005,-0.0068561999999999998,-0.00099780000000000008,0.0098232000000000007,-0.0023061999999999996,-0.0025558,0.0038844000000000001,0.0041278,0.0023208,0.00088759999999999989,0.0019820000000000007,0.0028738000000000001,0.0010192000000000001,0.0010966000000000001,0.0056693999999999998,-0.0084639999999999993,0.0074353999999999991,-0.0011806000000000004,-0.0093530000000000002,-0.0025387999999999995,0.0023996,-0.0014315999999999999,0.0023487999999999998,-0.00012820000000000008,-0.00038500000000000014,-0.0049771999999999993,0.0017518000000000004,9.17999999999999e-05,-0.0017737999999999999,-0.0019464,-5.5799999999999988e-05,-0.00072659999999999999,-0.00044840000000000006,0.00036799999999999984,0.0032852000000000007,-0.00035740000000000012,-0.00045419999999999976,0.0031202000000000001,-0.0038111999999999998,0.0047557999999999993,0.0026372000000000001,-0.00072060000000000006,0.00059559999999999995,-0.0053128000000000003,0.0025662000000000003,0.0015864,-0.006574,0.00036760000000000004,0.00096920000000000014,0.0018715999999999997,0.0017841999999999999,0.0039529999999999999,-0.0020246000000000001,-0.0013468,-0.0013188000000000002,0.0048338000000000001,-0.0006071999999999998,-0.0010741999999999995,0.0057601999999999992,0.0022005999999999996,-0.0038494000000000002,-0.0013904,0.00020040000000000032,0.0022002000000000002,-0.0038355999999999998,0.00022479999999999993,-0.001817,0.00083659999999999952,-0.0030718,0.00040480000000000008,-0.0022274,0.0086286000000000002,0.0158792,-0.00049060000000000011,0.0030713999999999993,-0.013328599999999999,8.7599999999999961e-05,-0.0014284,0.00027600000000000004,0.0028988,0.0022817999999999996,-0.00067679999999999997,-0.0012137999999999997,-0.00050179999999999995,0.00041659999999999983,0.0012033999999999997,0.0022394000000000003,0.0017336000000000001,-0.0037766000000000002,0.0010294,0.0013122000000000001,-0.0013054,-0.0026478000000000001,0.0005128,-0.0010282000000000002,0.0038143999999999999,0.00028239999999999982,-0.0032367999999999997,0.00098200000000000002,-0.0020086000000000001,-0.0011090000000000002,-0.0020660000000000001,0.00064079999999999996,0.0016733999999999998,1.9799999999999722e-05,8.7999999999999971e-06,0.00012019999999999999,-0.0029535999999999998,-0.0030945999999999999,-0.0024418,6.1200000000000187e-05,0.0025225999999999994,-0.0035668000000000002,0.0027783999999999999,0.0021058000000000001,0.0018887999999999999,-0.0044637999999999995,0.0019657999999999998,-0.00077979999999999987,-0.0016600000000000002,0.0025599999999999998,0.002617,0.0030136,-0.0013134000000000002,-0.0017291999999999997,-0.0031780000000000003,-0.0043633999999999999,-0.00017679999999999996,0.0032121999999999997,-0.0014810000000000001,0.0048625999999999999,-2.259999999999979e-05,-0.0012624000000000001,-0.00067940000000000003,-0.00081060000000000008,0.0074336000000000003,0.0014509999999999998,0.0068870000000000008,0.0052536000000000006,-0.0034161999999999999,-0.00099500000000000001,-3.1600000000000009e-05,-0.00033979999999999991,-9.9399999999999922e-05,0.00030499999999999993,-0.0027965999999999998,0.00046700000000000002,0.00060880000000000005,0.0016471999999999999,0.00087519999999999991,-0.00041400000000000003,0.0014568000000000001,-0.00093340000000000003,0.00059120000000000006,0.00028039999999999999,0.0010267999999999996,0.00017159999999999994,0.0010404000000000004,0.0013714,3.5200000000000015e-05,-0.0015822,0.0010147999999999999,-0.0018103999999999998,-0.0027206000000000005,0.00033620000000000004,-0.0014490000000000002,-0.00075460000000000002,0.00022080000000000005,-0.00031839999999999999,-0.00011739999999999993,-0.00082399999999999986,-0.0011898,0.0014012,-0.0016904000000000001,0.0030300000000000001,-0.0022948000000000009,0.0019043999999999999,-0.0024147999999999999,0.0033908000000000002,-0.0013508000000000001,-0.0020776000000000002,-0.00093359999999999992,-0.0027085999999999998,0.0033816000000000002,-0.0024564000000000001,-0.00046779999999999999,-0.00032439999999999997,0.0015005999999999999,-0.0011078000000000001,-0.0001431999999999999,-0.0013166,0.0033335999999999999,0.00068080000000000007,0.0013082,0.0044681999999999994,-0.0013749999999999999,-0.0020956,-0.0011031999999999997,0.0044992000000000001,0.0036839999999999998,0.0018824,0.0008707999999999997,0.0040607999999999998,0.00082479999999999967,-0.0049518000000000001,0.00089740000000000002,-0.0031954000000000001,0.00035600000000000041,0.00051340000000000023,-0.0005177999999999999,-0.00049580000000000002,-0.00012560000000000013,-0.0013487999999999998,0.00030519999999999999,-0.00033359999999999998,-0.00050160000000000005,5.200000000000018e-06,0.00047839999999999997,0.00025999999999999992,0.0008604000000000001,-0.00015319999999999993,-0.0003037999999999999,0.0020622000000000001,-0.0029927999999999999,0.0013554000000000001,0.0002233999999999999,0.0011244,0.00082900000000000009,-0.00043639999999999993,0.00049120000000000001,-0.00037960000000000001,4.4000000000000094e-05,0.0036075999999999999,0.0011885999999999997,-0.0017612000000000001,0.0029137999999999998,-3.7000000000000018e-05,-8.2000000000000638e-06,-0.0026922000000000005,-0.00032220000000000008,8.1599999999999774e-05,-0.00052479999999999996,0.00020540000000000009,0.0011962000000000001,0.00063259999999999987,-0.00090879999999999997,-0.0008476,-0.0027128,0.0005493999999999998,-0.0012904000000000001,-6.1999999999999339e-06,-6.1399999999999975e-05,0.00093500000000000007,0.00068240000000000011,0.0012872000000000001,-0.0022636000000000002,-0.001946,-0.00075980000000000004,-0.00035439999999999999,-0.0012999999999999999,0.0017603999999999999,-9.2599999999999974e-05,0.00035360000000000014,0.0001075999999999999,-0.00063360000000000001,0.00038240000000000008,-0.0013304,0.0018308,0.0016259999999999998,0.00041419999999999998,0.0027124000000000002,-0.00068860000000000004,-0.0015693999999999999,0.0037282000000000001,-0.00089940000000000007,0.00012899999999999999,0.0034688000000000002,0.0016752000000000002,0.0085444000000000006,-0.0022358,-0.0023143999999999999,0.0034037999999999994,-0.0028952000000000001,-0.0015085999999999999
aug_between_class_right_pair0065_child06,TLE,1,1,Augmented,0,0,0,0,0,0.30896190000000001,2.0965148999999998,9.9999999999999995e-07,0,0,0.98342930000000006,0,0.048730499999999996,-0.1538148,0.022875900000000001,0.064204299999999992,-0.081931199999999996,0.081838099999999997,-0.011865299999999999,-0.0077511999999999998,-0.019878100000000003,-0.1104221,0.36323610000000001,-0.091943999999999998,-0.074659700000000009,0.1056507,-0.033319899999999986,-0.0255715,-9.7700000000000044e-05,-0.057517699999999998,0.032686099999999996,0.031808299999999998,-0.048519300000000001,0.0021675000000000002,-0.084576800000000008,-0.0026540000000000001,0.052247100000000005,-0.011169999999999999,-0.0028514999999999999,0.0046686000000000002,-0.048571900000000001,0.032750100000000004,-0.0601989,-0.083288699999999993,0.099130899999999994,-0.063875899999999999,0.19569539999999999,-0.0087530000000000038,0.0096582999999999999,-0.0045271999999999995,-0.016434799999999999,-0.0055896000000000001,0.0029546999999999998,0.0346302,-0.0034069999999999999,-0.00070179999999999982,-0.0078574000000000005,-0.0240439,0.023154799999999996,0.024180400000000001,0.022059099999999998,0.0125159,-0.0040320999999999994,0.00016780000000000053,0.021645499999999998,-0.035769200000000001,0.0084157000000000017,-0.0046613000000000002,0.0061720999999999998,0.0276484,-0.070350099999999999,-0.021969399999999997,-0.011211100000000005,-0.024878899999999999,-0.0012925999999999979,-0.00064020000000000006,0.00014350000000000005,0.014047800000000001,0.022228299999999996,-0.0020258999999999997,-0.0050028999999999994,0.0008208,0.0039081000000000003,-0.0091025999999999989,0.007329099999999999,0.011738700000000001,-0.015865000000000001,0.0140211,0.0028772000000000008,0.0023191000000000006,-0.019520599999999999,-0.0099294999999999991,0.0194608,-0.0058157,-0.0061065000000000008,0.015349299999999996,-0.0075275000000000003,0.0061162000000000005,-0.018240699999999999,-0.0057833999999999993,0.019868999999999998,-0.016344500000000001,0.0085591,-0.0048373999999999986,-0.0027508000000000003,0.0038910000000000021,-0.013150999999999999,-0.0053209999999999993,0.0063433999999999999,-0.0069816999999999995,-0.011557100000000001,0.012288199999999999,-0.0025517000000000001,0.0021127999999999997,0.0010657000000000002,0.0032737999999999999,-0.0058370999999999996,-0.014550599999999999,0.0115815,0.011214200000000001,0.0077050999999999994,-0.00054940000000000002,0.014434799999999998,-0.0087814999999999994,0.0036538999999999999,-0.0093417000000000014,0.0119869,0.00098149999999999973,0.0046639999999999997,0.0149298,-0.012404399999999999,-0.0041906999999999986,-0.019966000000000001,-0.0023355999999999997,0.0038478000000000002,0.0114378,-0.0035362999999999996,0.0018318000000000004,-0.020365399999999999,-0.0103526,-0.011911700000000001,-0.00073599999999999968,0.030742499999999999,0.0050972000000000014,0.015005300000000003,-0.0090674000000000015,0.0084869000000000021,-0.0015935999999999999,-0.0029544999999999997,0.0013607000000000001,-0.0051278999999999995,0.0018874,-0.0037131000000000004,0.0021844000000000004,-0.0032459999999999998,-0.00031229999999999973,0.0019041000000000004,0.0011724999999999999,0.0013340999999999997,0.0026551999999999999,-0.0024294999999999998,0.0041776999999999986,0.0022665000000000003,-0.0038894999999999997,-0.0085973000000000004,-0.0047629999999999999,0.0096291999999999992,0.010020100000000001,0.0082045,-0.0018503,-0.0043955999999999995,-0.0084500000000000009,-0.0067585000000000006,-0.010574200000000001,0.0014427999999999999,0.0067413000000000004,0.012919399999999999,0.011305800000000001,-0.0130668,-8.1599999999999598e-05,0.0019453999999999999,0.0075462000000000012,0.0014101999999999999,0.0087507999999999996,-0.0017017,-0.00074569999999999997,-0.0203476,-0.0098078999999999979,-0.0063890000000000006,-0.023703599999999998,0.021173999999999998,0.00017580000000000004,-0.0025856999999999998,0.0001401000000000001,0.0011300999999999998,-0.0036372000000000002,0.0023168999999999998,0.0016968,0.0013797999999999996,-0.0036308999999999998,-0.0013372,0.0013184000000000004,-0.0011669000000000002,-0.0036861999999999989,0.0011199999999999999,0.00024440000000000009,0.0016848999999999996,0.0015973000000000003,0.0028232999999999995,-0.0057437000000000009,-0.0051938000000000002,0.0047273999999999997,0.0036093000000000006,-0.0018997000000000003,-0.0057571000000000002,-0.00087300000000000095,0.0017639000000000001,-0.0020203999999999999,0.00048040000000000018,0.0050832999999999998,-0.0021202,0.0046445999999999996,0.0053522999999999991,0.0025182,-0.0074918999999999993,-0.0014695999999999997,0.0101999,-0.0030848999999999994,-0.0024596000000000002,0.0039368000000000007,0.0039475999999999999,0.0026535999999999994,0.0012446999999999998,0.0010725000000000008,0.0031941000000000001,0.00017990000000000042,0.0010812,0.0067997999999999999,-0.0087479999999999988,0.0075723000000000006,0.00045479999999999913,-0.011394499999999998,-0.0024550999999999996,0.0022847000000000002,-0.0017916999999999998,0.0024866000000000003,-0.0002454,-0.00010150000000000024,-0.0049573999999999998,0.0021275999999999999,0.00015459999999999991,-0.0017775999999999998,-0.0019403000000000001,1.6399999999999965e-05,-0.00082720000000000016,-0.00036479999999999998,0.00069599999999999979,0.0034043999999999997,-0.00027180000000000005,-0.00077139999999999967,0.0024314000000000002,-0.0040033999999999998,0.0051786000000000002,0.0028183999999999996,-0.00076820000000000013,0.00078119999999999991,-0.0049801000000000003,0.0028419000000000001,0.0015927999999999999,-0.0067784999999999998,0.00028020000000000003,0.00079890000000000017,0.0023471999999999998,0.0014783999999999999,0.0041480000000000006,-0.0019656999999999999,-0.0010336000000000002,-0.0011201000000000002,0.0045725999999999996,-0.00092939999999999971,-0.0018718999999999995,0.0062443999999999998,0.0014742000000000002,-0.0036522999999999998,-0.0015333,0.00033379999999999998,0.0019124000000000001,-0.0036267000000000001,7.0100000000000023e-05,-0.001768,0.0012821999999999994,-0.0029331000000000001,0.00066359999999999987,-0.0025647999999999999,0.0090262000000000016,0.016934899999999999,-0.00025870000000000027,0.0037112999999999994,-0.0131702,1.3200000000000104e-05,-0.0016228000000000002,0.00016950000000000005,0.0031555999999999993,0.0023940999999999997,-0.00031710000000000023,-0.0016120999999999998,-0.00052559999999999977,0.0002232,0.0014747999999999996,0.0022533000000000002,0.0017802,-0.0041757000000000001,0.00098930000000000003,0.0014189000000000001,-0.0013133000000000001,-0.0026941000000000001,0.00054760000000000008,-0.0012189000000000004,0.0042052999999999995,0.00061329999999999957,-0.0032131,0.0011804999999999999,-0.0021137,-0.001126,-0.0018450000000000003,0.0006466,0.0019352999999999998,0.00052709999999999975,0.00010509999999999994,0.00028389999999999991,-0.0034042000000000005,-0.0035006999999999998,-0.0022991000000000001,-3.6099999999999847e-05,0.0027361999999999998,-0.0033346000000000005,0.0027837999999999999,0.0019285999999999999,0.0017511000000000002,-0.0052135999999999988,0.0018896,-0.00086909999999999971,-0.0015060000000000004,0.0030744999999999995,0.0019570000000000004,0.0034246999999999997,-0.0011103,-0.0017124000000000002,-0.0034720000000000003,-0.0047448000000000004,-2.6100000000000038e-05,0.0033939,-0.001438,0.0052157000000000002,2.1799999999999988e-05,-0.0016178000000000004,-0.00028730000000000004,-0.0011692,0.0079337000000000001,0.0015694999999999999,0.0070885000000000002,0.0058291999999999997,-0.0031919000000000001,-0.00089900000000000006,3.3299999999999942e-05,-0.00030460000000000014,-0.00021679999999999996,0.00044099999999999999,-0.0026876999999999995,0.00063999999999999994,0.00051510000000000011,0.0015688999999999996,0.00068740000000000012,-0.0004909999999999999,0.0012851,-0.0012512999999999999,0.0008384,0.00031879999999999994,0.0010260999999999994,0.0002501999999999999,0.00057580000000000044,0.0012253000000000001,1.7400000000000016e-05,-0.0014349,0.00096509999999999999,-0.0020012999999999997,-0.0023382000000000003,0.00031839999999999993,-0.0014295,-0.00074869999999999993,0.00022459999999999993,-0.00018530000000000006,5.2699999999999926e-05,-0.00094499999999999988,-0.00099960000000000023,0.0014639,-0.0013863000000000002,0.0031389999999999999,-0.0030566,0.0018893,-0.0024800999999999998,0.0033850999999999998,-0.00089860000000000016,-0.0019177,-0.0011052,-0.0027076999999999995,0.0034992000000000001,-0.0025458,-0.0001801000000000001,-0.00042129999999999989,0.0017292,-0.0013491,-0.00031539999999999981,-0.0009827000000000002,0.0029252000000000002,0.0006221,0.0017489000000000001,0.0044123999999999995,-0.0013165000000000004,-0.0021882,-0.0013948999999999997,0.0044564000000000001,0.0037019999999999996,0.0018298000000000001,0.00075409999999999974,0.0043936000000000001,0.0014345999999999999,-0.0051380999999999996,0.00095380000000000009,-0.0043828000000000009,-0.00010049999999999989,0.00066079999999999958,-0.00045910000000000005,-0.00038610000000000006,-0.00024469999999999998,-0.0014860999999999997,0.00032489999999999998,-0.00041569999999999997,-0.00054169999999999999,-0.00016059999999999989,0.0004573,0.0003169999999999999,0.00089529999999999992,-8.3900000000000142e-05,-0.00047809999999999986,0.0021333999999999997,-0.0032136000000000001,0.0013477999999999999,1.780000000000004e-05,0.0010398,0.00080650000000000014,-0.00043580000000000002,0.00054440000000000001,-0.00037219999999999999,-3.6499999999999966e-05,0.0036202000000000001,0.0012086999999999998,-0.0018939,0.0031871,1.3999999999999954e-05,0.0002051,-0.0027219000000000002,-0.00025040000000000001,0.00048619999999999984,-0.00056510000000000002,-8.8699999999999879e-05,0.0011799,0.00073769999999999977,-0.00092460000000000014,-0.00074520000000000012,-0.0028230999999999998,0.00053279999999999983,-0.0012558000000000001,-7.6899999999999972e-05,-0.0001297999999999999,0.0008365,0.0011213,0.0013359000000000001,-0.0025027000000000001,-0.0018905000000000003,-0.0010100999999999999,-0.00047979999999999995,-0.0013584999999999999,0.0019202999999999998,-0.00011169999999999995,0.0006692,5.8200000000000005e-05,-0.00065170000000000007,0.00021030000000000007,-0.0013397999999999999,0.0017080999999999999,0.001601,0.00044490000000000003,0.0023438000000000005,-0.0006202,-0.0017848,0.0040008999999999999,-0.0010088,0.00063499999999999982,0.0037205999999999997,0.0015719000000000002,0.008353300000000001,-0.0023230999999999998,-0.0026432999999999999,0.0041425999999999998,-0.0024984,-0.0012371999999999999
aug_between_class_right_pair0065_child07,TLE,1,1,Augmented,0,0,0,0,0,0.30289759999999999,2.0803886,9.9999999999999995e-07,0,0,0.97927019999999998,0,0.049770000000000002,-0.15747720000000001,0.018878599999999999,0.062035199999999999,-0.084883799999999995,0.079262399999999997,-0.015271200000000002,-0.0094107999999999987,-0.016086399999999997,-0.1113454,0.37522040000000001,-0.087469999999999992,-0.077629799999999999,0.1099488,-0.042527599999999992,-0.026049000000000003,0.00069420000000000029,-0.057205800000000001,0.032956399999999997,0.031894199999999998,-0.047016200000000001,0.0011209999999999996,-0.084059200000000001,-0.0032979999999999988,0.051409400000000001,-0.011431999999999999,-0.0041150000000000041,0.0042874000000000002,-0.048933600000000001,0.030646400000000001,-0.058107600000000002,-0.0878438,0.096916600000000006,-0.0654806,0.1954526,-0.0063560000000000005,0.0097622000000000004,-0.0057638000000000003,-0.017282200000000001,-0.0048544,0.0031228000000000002,0.034187799999999997,-0.0036350000000000002,-0.00054820000000000042,-0.008216600000000001,-0.024002599999999999,0.024746200000000003,0.023279600000000001,0.021786400000000001,0.011933600000000001,-0.0055834000000000005,-0.001282800000000001,0.021712000000000002,-0.033944799999999997,0.0078107999999999997,-0.003856200000000001,0.0085974000000000016,0.0270526,-0.068186400000000008,-0.0250446,-0.0093354000000000006,-0.024733600000000001,-0.0036954000000000015,-0.00038779999999999989,1.3999999999999798e-05,0.013278199999999999,0.0236022,-0.0012445999999999994,-0.0051205999999999995,0.00028719999999999961,0.0038344,-0.0099754000000000006,0.0077323999999999995,0.0119878,-0.015975,0.0149164,0.0016488000000000006,0.0017734000000000005,-0.021023399999999998,-0.0099500000000000005,0.019024200000000002,-0.0059407999999999996,-0.0045039999999999993,0.016405199999999998,-0.0076740000000000003,0.0056597999999999996,-0.019511800000000003,-0.0073875999999999994,0.020596,-0.017080000000000001,0.0071894000000000003,-0.0061815999999999989,-0.0021572000000000006,0.0020429999999999997,-0.012832,-0.0062010000000000016,0.0070166000000000004,-0.0073907999999999995,-0.011740400000000002,0.012649799999999999,-0.0022468000000000002,0.0028912000000000009,0.00089979999999999975,0.0032192000000000002,-0.0062164000000000004,-0.0155584,0.011792999999999998,0.0103608,0.0081233999999999994,-0.00043460000000000005,0.015074199999999999,-0.0091649999999999995,0.0040796000000000001,-0.0096028000000000016,0.013053600000000002,0.0012729999999999998,0.0043569999999999998,0.015440200000000001,-0.0127726,-0.0054887999999999994,-0.020743000000000001,-0.0024424,0.0028532000000000002,0.011562200000000002,-0.0040432000000000003,0.0012111999999999997,-0.021171599999999999,-0.010525400000000001,-0.0114748,-0.0017030000000000014,0.034022000000000004,0.0034887999999999989,0.016661200000000004,-0.0071905999999999984,0.0093216000000000028,-0.0014643999999999998,-0.0029720000000000002,0.0015198000000000002,-0.0051716000000000002,0.0018255999999999999,-0.0036573999999999999,0.0020866000000000001,-0.0031930000000000001,-0.00069919999999999965,0.0016174,0.00133,0.0018184000000000002,0.0029508000000000004,-0.0026069999999999999,0.0046227999999999998,0.0024239999999999999,-0.0041250000000000002,-0.0089592000000000005,-0.0043709999999999999,0.0095997999999999986,0.010726399999999999,0.0087610000000000014,-0.0018002000000000001,-0.0055383999999999997,-0.0087540000000000014,-0.0072500000000000012,-0.0103488,0.0016752,0.0076802000000000016,0.013073599999999999,0.011529200000000002,-0.013304199999999999,-0.00072840000000000036,0.00086460000000000009,0.0082948000000000015,0.0012287999999999999,0.009627199999999999,-0.0020438000000000001,-0.0004768000000000001,-0.0197114,-0.0120546,-0.0069360000000000012,-0.025907400000000004,0.021179,-0.0001958000000000001,-0.0025408000000000002,-0.00012960000000000033,0.0016863999999999994,-0.0039047999999999999,0.0024886000000000001,0.0018411999999999999,0.0013511999999999997,-0.0035325999999999999,-0.0012067999999999998,0.0008476,-0.00094460000000000019,-0.004226800000000001,0.0011380000000000001,-6.0400000000000221e-05,0.0019776000000000004,0.0015571999999999999,0.0030081999999999995,-0.0057118000000000013,-0.0054422000000000003,0.0048235999999999999,0.0033671999999999999,-0.0015318,-0.0056823999999999998,-0.0011519999999999998,0.0016886,-0.0020206,0.00028960000000000032,0.0052001999999999994,-0.0024388000000000005,0.0047333999999999996,0.0056091999999999999,0.0031068000000000003,-0.0081275999999999987,-0.0019414000000000002,0.0105766,-0.0038636,-0.0023634000000000003,0.0039892,0.0037673999999999997,0.0029864000000000006,0.0016018000000000002,0.00016299999999999995,0.0035144,-0.00065940000000000074,0.0010658,0.0079302000000000001,-0.0090320000000000001,0.0077092000000000003,0.0020902000000000013,-0.013436000000000002,-0.0023713999999999996,0.0021697999999999999,-0.0021518000000000002,0.0026243999999999998,-0.00036260000000000003,0.00018200000000000009,-0.0049376000000000003,0.0025034000000000002,0.00021740000000000003,-0.0017814000000000003,-0.0019342000000000001,8.8600000000000039e-05,-0.00092780000000000033,-0.0002812,0.001024,0.0035236000000000013,-0.00018619999999999997,-0.0010885999999999999,0.0017425999999999997,-0.0041955999999999999,0.0056014000000000003,0.0029995999999999998,-0.00081579999999999999,0.00096680000000000008,-0.0046474000000000003,0.0031175999999999999,0.0015991999999999998,-0.0069829999999999996,0.00019279999999999997,0.00062859999999999978,0.0028228000000000003,0.0011725999999999998,0.0043430000000000014,-0.0019067999999999997,-0.00072039999999999995,-0.00092139999999999995,0.0043114,-0.0012515999999999998,-0.0026695999999999998,0.0067286000000000004,0.0007477999999999992,-0.0034551999999999999,-0.0016762000000000003,0.00046720000000000008,0.0016245999999999999,-0.0034177999999999999,-8.4600000000000213e-05,-0.001719,0.0017277999999999998,-0.0027943999999999998,0.00092240000000000009,-0.0029022000000000002,0.0094237999999999995,0.017990599999999999,-2.6799999999999892e-05,0.0043511999999999995,-0.0130118,-6.119999999999997e-05,-0.0018172000000000002,6.2999999999999959e-05,0.0034123999999999995,0.0025063999999999998,4.2600000000000168e-05,-0.0020103999999999999,-0.00054940000000000002,2.9799999999999965e-05,0.0017461999999999998,0.0022672,0.0018268,-0.0045748000000000004,0.00094919999999999998,0.0015256000000000002,-0.0013212,-0.0027404,0.00058239999999999995,-0.0014096000000000007,0.0045961999999999999,0.00094419999999999986,-0.0031894000000000002,0.001379,-0.0022187999999999999,-0.0011430000000000001,-0.001624,0.00065240000000000003,0.0021972000000000003,0.0010344000000000002,0.00020140000000000004,0.00044760000000000025,-0.0038548000000000002,-0.0039068000000000002,-0.0021564000000000002,-0.00013339999999999988,0.0029498000000000003,-0.0031024000000000004,0.0027891999999999999,0.0017514000000000002,0.0016133999999999996,-0.0059634000000000006,0.0018133999999999997,-0.00095839999999999977,-0.0013519999999999999,0.0035889999999999997,0.0012969999999999995,0.0038357999999999999,-0.00090719999999999993,-0.0016956000000000002,-0.0037660000000000003,-0.0051262,0.0001246000000000001,0.0035756,-0.001395,0.0055688000000000005,6.6199999999999983e-05,-0.0019732000000000005,0.00010480000000000027,-0.0015278000000000002,0.0084338,0.001688,0.0072899999999999996,0.0064048000000000004,-0.0029675999999999999,-0.00080299999999999989,9.8200000000000002e-05,-0.00026939999999999993,-0.0003342000000000001,0.00057700000000000004,-0.0025787999999999991,0.00081300000000000014,0.00042139999999999994,0.0014905999999999997,0.00049959999999999989,-0.00056799999999999993,0.0011133999999999998,-0.0015692000000000002,0.0010856000000000001,0.00035720000000000001,0.0010253999999999997,0.00032879999999999997,0.00011119999999999988,0.0010792,-4.0000000000000972e-07,-0.0012876000000000001,0.00091540000000000002,-0.0021922000000000001,-0.0019557999999999997,0.00030059999999999983,-0.00141,-0.00074280000000000006,0.00022839999999999991,-5.2199999999999968e-05,0.00022279999999999999,-0.0010659999999999999,-0.00080940000000000005,0.0015266000000000001,-0.0010822,0.0032480000000000005,-0.0038184000000000017,0.0018741999999999999,-0.0025454000000000002,0.0033793999999999999,-0.00044639999999999979,-0.0017577999999999999,-0.0012768,-0.0027068000000000001,0.0036168000000000007,-0.0026352000000000003,0.00010760000000000023,-0.00051820000000000002,0.0019578,-0.0015904000000000001,-0.00048759999999999998,-0.00064879999999999994,0.0025167999999999996,0.00056340000000000036,0.0021895999999999999,0.0043565999999999995,-0.001258,-0.0022807999999999999,-0.0016866000000000001,0.0044136000000000002,0.0037199999999999998,0.0017772,0.00063739999999999977,0.0047264000000000004,0.0020444,-0.0053244,0.0010102000000000002,-0.0055702000000000008,-0.0005570000000000002,0.0008081999999999998,-0.00040039999999999997,-0.00027639999999999994,-0.00036380000000000006,-0.0016234000000000001,0.00034460000000000003,-0.00049780000000000007,-0.00058180000000000005,-0.00032640000000000002,0.00043619999999999998,0.00037399999999999998,0.00093019999999999995,-1.4599999999999921e-05,-0.00065240000000000003,0.0022046000000000001,-0.0034343999999999998,0.0013401999999999999,-0.00018780000000000012,0.00095520000000000002,0.00078399999999999997,-0.00043520000000000001,0.0005976,-0.00036479999999999998,-0.00011700000000000002,0.0036327999999999998,0.0012287999999999999,-0.0020266000000000004,0.0034604000000000002,6.5000000000000008e-05,0.0004184000000000002,-0.0027515999999999999,-0.00017859999999999998,0.00089080000000000029,-0.00060539999999999997,-0.00038279999999999998,0.0011636000000000001,0.0008428000000000001,-0.00094040000000000009,-0.00064280000000000001,-0.0029334000000000005,0.00051619999999999986,-0.0012212,-0.00014760000000000001,-0.00019820000000000005,0.00073799999999999994,0.0015602000000000003,0.0013846000000000002,-0.0027418,-0.0018349999999999998,-0.0012604000000000001,-0.00060519999999999997,-0.0014169999999999999,0.0020801999999999999,-0.00013080000000000004,0.00098480000000000009,8.7999999999998886e-06,-0.00066980000000000002,3.8199999999999844e-05,-0.0013492000000000001,0.0015853999999999998,0.0015759999999999999,0.00047560000000000007,0.0019751999999999999,-0.00055179999999999986,-0.0020002000000000002,0.0042736000000000007,-0.0011182000000000002,0.0011410000000000001,0.0039724000000000001,0.0014686,0.0081621999999999997,-0.0024104,-0.0029721999999999999,0.004881400000000001,-0.0021015999999999999,-0.00096579999999999995
aug_between_class_right_pair0065_child08,TLE,1,1,Augmented,0,0,0,0,0,0.29683330000000002,2.0642622999999998,9.9999999999999995e-07,0,0,0.97511110000000001,0,0.0508095,-0.16113959999999999,0.0148813,0.059866099999999998,-0.087836399999999995,0.076686699999999997,-0.018677099999999999,-0.011070399999999998,-0.012294699999999999,-0.1122687,0.38720470000000001,-0.082996,-0.080599900000000002,0.1142469,-0.051735299999999984,-0.026526500000000001,0.0014860999999999993,-0.056893899999999997,0.033226699999999998,0.031980099999999997,-0.045513100000000001,7.449999999999948e-05,-0.083541599999999994,-0.0039419999999999976,0.050571699999999997,-0.011694,-0.0053785000000000013,0.0039062000000000003,-0.0492953,0.028542700000000001,-0.056016299999999998,-0.092398900000000006,0.094702300000000003,-0.0670853,0.19520979999999999,-0.0039590000000000042,0.0098660999999999992,-0.0070004000000000004,-0.018129600000000003,-0.0041191999999999982,0.0032909000000000002,0.033745400000000002,-0.0038630000000000001,-0.00039459999999999929,-0.0085757999999999997,-0.023961300000000001,0.026337600000000003,0.022378800000000001,0.0215137,0.0113513,-0.0071346999999999999,-0.0027334000000000004,0.021778499999999999,-0.0321204,0.0072058999999999995,-0.0030510999999999997,0.011022700000000002,0.026456799999999999,-0.066022700000000004,-0.0281198,-0.0074596999999999997,-0.0245883,-0.0060981999999999998,-0.00013539999999999998,-0.0001155000000000001,0.0125086,0.024976099999999998,-0.00046329999999999982,-0.0052382999999999996,-0.00024640000000000079,0.0037607000000000001,-0.010848200000000001,0.0081356999999999992,0.0122369,-0.016085000000000002,0.015811700000000001,0.00042040000000000046,0.0012277000000000008,-0.0225262,-0.0099705000000000002,0.018587599999999999,-0.0060658999999999991,-0.0029014999999999996,0.017461099999999997,-0.0078205000000000011,0.0052034000000000004,-0.0207829,-0.0089917999999999994,0.021323000000000002,-0.017815500000000001,0.0058196999999999997,-0.0075257999999999992,-0.0015636000000000001,0.00019500000000000073,-0.012513,-0.0070809999999999988,0.0076898000000000001,-0.0077999000000000002,-0.011923699999999999,0.013011399999999999,-0.0019418999999999999,0.0036696000000000012,0.0007338999999999999,0.0031646000000000001,-0.0065957000000000003,-0.0165662,0.012004500000000001,0.0095073999999999992,0.0085416999999999993,-0.00031979999999999986,0.015713600000000001,-0.0095484999999999997,0.0045053000000000003,-0.0098639000000000001,0.014120300000000002,0.0015645000000000004,0.004049999999999998,0.015950600000000002,-0.013140800000000001,-0.0067868999999999994,-0.021519999999999997,-0.0025492000000000002,0.0018585999999999993,0.0116866,-0.0045500999999999996,0.00059059999999999994,-0.021977799999999999,-0.010698200000000001,-0.0110379,-0.0026700000000000005,0.037301500000000001,0.0018803999999999995,0.018317100000000003,-0.0053137999999999987,0.010156300000000004,-0.0013351999999999999,-0.0029895000000000004,0.0016788999999999999,-0.0052152999999999991,0.0017637999999999998,-0.0036017000000000002,0.0019887999999999998,-0.00314,-0.0010861,0.0013307,0.0014875000000000001,0.0023027,0.0032464000000000004,-0.0027844999999999996,0.0050679000000000002,0.0025815000000000005,-0.0043604999999999998,-0.0093211000000000006,-0.0039789999999999999,0.0095703999999999997,0.011432700000000002,0.0093174999999999994,-0.0017500999999999999,-0.0066812,-0.0090580000000000001,-0.0077415000000000019,-0.010123400000000001,0.0019076,0.0086190999999999993,0.0132278,0.0117526,-0.013541599999999999,-0.0013752000000000003,-0.00021619999999999973,0.0090434000000000018,0.0010474,0.0105036,-0.0023859000000000003,-0.0002078999999999998,-0.0190752,-0.014301300000000001,-0.0074830000000000018,-0.028111200000000003,0.021184000000000001,-0.00056740000000000002,-0.0024959000000000001,-0.0003993,0.0022426999999999994,-0.0041724000000000006,0.0026603,0.0019856000000000001,0.0013225999999999997,-0.0034342999999999999,-0.0010763999999999999,0.00037680000000000027,-0.00072230000000000016,-0.0047673999999999998,0.0011559999999999999,-0.00036520000000000015,0.0022703000000000003,0.0015171000000000004,0.0031930999999999999,-0.0056799000000000016,-0.0056905999999999997,0.0049197999999999993,0.0031251,-0.0011639,-0.0056077000000000002,-0.0014310000000000004,0.0016132999999999998,-0.0020207999999999997,9.8800000000000016e-05,0.0053171,-0.0027574000000000001,0.0048221999999999996,0.0058661,0.0036954000000000002,-0.0087632999999999982,-0.0024131999999999999,0.010953299999999999,-0.0046423000000000002,-0.0022672,0.0040416000000000011,0.0035871999999999996,0.0033192,0.0019589,-0.00074649999999999955,0.0038346999999999999,-0.0014987000000000002,0.0010503999999999999,0.0090606000000000003,-0.0093159999999999996,0.0078460999999999999,0.0037255999999999999,-0.0154775,-0.0022876999999999993,0.0020549000000000001,-0.0025119000000000001,0.0027621999999999998,-0.00047979999999999995,0.00046549999999999998,-0.0049177999999999999,0.0028792000000000002,0.00028019999999999993,-0.0017851999999999998,-0.0019281000000000001,0.00016080000000000001,-0.0010284000000000001,-0.00019760000000000001,0.0013519999999999999,0.0036428000000000003,-0.00010059999999999998,-0.0014058,0.0010537999999999999,-0.0043877999999999999,0.0060242000000000004,0.0031808000000000001,-0.00086340000000000028,0.0011524,-0.0043147000000000003,0.003393300000000001,0.0016056,-0.0071875000000000003,0.00010539999999999996,0.00045830000000000003,0.0032983999999999999,0.0008667999999999996,0.0045380000000000004,-0.0018479,-0.00040719999999999992,-0.00072270000000000006,0.0040501999999999995,-0.0015737999999999998,-0.0034672999999999995,0.0072128000000000001,2.1399999999999544e-05,-0.0032580999999999999,-0.0018191000000000001,0.00060060000000000018,0.0013367999999999995,-0.0032088999999999998,-0.00023930000000000002,-0.00167,0.0021734000000000002,-0.0026557,0.0011811999999999999,-0.0032396,0.009821400000000001,0.019046299999999995,0.0002051,0.0049911000000000001,-0.012853399999999999,-0.00013560000000000004,-0.0020115999999999997,-4.3500000000000041e-05,0.0036691999999999996,0.0026186999999999998,0.00040230000000000008,-0.0024086999999999997,-0.00057319999999999984,-0.00016360000000000029,0.0020176,0.0022811000000000003,0.0018734000000000001,-0.004973899999999999,0.00090910000000000003,0.0016322999999999999,-0.0013290999999999999,-0.0027867,0.00061719999999999993,-0.0016003000000000005,0.0049871000000000004,0.0012750999999999999,-0.0031657,0.0015774999999999999,-0.0023239000000000003,-0.00116,-0.001403,0.00065820000000000006,0.0024591000000000001,0.0015417,0.00029770000000000003,0.00061129999999999995,-0.0043054,-0.0043128999999999997,-0.0020137000000000002,-0.00023069999999999992,0.0031633999999999998,-0.0028702000000000003,0.0027945999999999999,0.0015742,0.0014756999999999999,-0.0067131999999999999,0.0017371999999999999,-0.0010476999999999999,-0.0011980000000000001,0.0041034999999999995,0.00063699999999999955,0.0042468999999999996,-0.00070410000000000004,-0.0016788000000000003,-0.0040600000000000002,-0.0055076000000000005,0.00027530000000000008,0.0037572999999999999,-0.0013520000000000001,0.0059218999999999999,0.00011059999999999998,-0.0023286000000000005,0.00049690000000000042,-0.0018864000000000003,0.0089338999999999998,0.0018065000000000002,0.0074915000000000008,0.0069804000000000003,-0.0027432999999999997,-0.00070699999999999995,0.00016310000000000003,-0.00023419999999999995,-0.00045160000000000003,0.00071299999999999998,-0.0024698999999999997,0.00098600000000000011,0.00032769999999999994,0.0014122999999999998,0.00031179999999999994,-0.00064499999999999996,0.00094169999999999974,-0.0018871000000000003,0.0013328000000000001,0.00039559999999999997,0.0010246999999999999,0.00040739999999999993,-0.00035340000000000002,0.00093309999999999997,-1.8200000000000009e-05,-0.0011402999999999999,0.00086569999999999995,-0.0023831,-0.0015734,0.00028279999999999972,-0.0013905,-0.00073689999999999997,0.00023220000000000001,8.0900000000000069e-05,0.00039290000000000006,-0.0011869999999999999,-0.00061920000000000009,0.0015893000000000001,-0.00077809999999999989,0.0033569999999999997,-0.0045802000000000013,0.0018590999999999998,-0.0026107000000000001,0.0033737000000000003,5.8000000000000326e-06,-0.0015979,-0.0014483999999999999,-0.0027059000000000002,0.0037344000000000006,-0.0027246000000000002,0.00039530000000000012,-0.00061510000000000004,0.0021864000000000002,-0.0018317000000000003,-0.0006598000000000001,-0.00031490000000000001,0.0021083999999999999,0.00050470000000000029,0.0026303000000000003,0.0043007999999999996,-0.0011995,-0.0023733999999999999,-0.0019782999999999997,0.0043708000000000002,0.003738,0.0017246000000000002,0.00052069999999999981,0.0050591999999999998,0.0026542000000000007,-0.0055107000000000003,0.0010666,-0.0067576000000000008,-0.0010135000000000001,0.00095560000000000003,-0.00034170000000000001,-0.00016670000000000004,-0.00048290000000000003,-0.0017607,0.00036430000000000002,-0.00057990000000000006,-0.00062189999999999999,-0.00049220000000000004,0.00041509999999999995,0.00043099999999999996,0.0009651000000000002,5.4699999999999866e-05,-0.00082669999999999998,0.0022758000000000001,-0.0036551999999999999,0.0013326,-0.00039340000000000008,0.00087060000000000002,0.00076150000000000024,-0.00043459999999999988,0.00065079999999999999,-0.00035740000000000001,-0.00019750000000000003,0.0036453999999999996,0.0012488999999999998,-0.0021593000000000003,0.0037337000000000004,0.000116,0.00063170000000000001,-0.0027813000000000004,-0.00010679999999999999,0.0012954000000000002,-0.00064569999999999992,-0.00067689999999999992,0.0011473,0.0009479,-0.00095620000000000004,-0.00054040000000000002,-0.0030437000000000003,0.00049959999999999989,-0.0011866000000000003,-0.00021829999999999997,-0.00026659999999999987,0.00063949999999999999,0.0019991000000000002,0.0014333,-0.0029809000000000003,-0.0017795,-0.0015107,-0.00073059999999999998,-0.0014755000000000002,0.0022401000000000001,-0.00014990000000000001,0.0013004000000000002,-4.0600000000000011e-05,-0.00068790000000000008,-0.00013390000000000006,-0.0013586000000000002,0.0014626999999999999,0.0015510000000000001,0.0005063,0.0016066000000000001,-0.00048339999999999993,-0.0022155999999999999,0.0045462999999999996,-0.0012276000000000001,0.001647,0.0042242,0.0013653000000000001,0.0079711000000000001,-0.0024977000000000003,-0.0033010999999999995,0.0056201999999999997,-0.0017047999999999998,-0.00069439999999999997
aug_between_class_right_pair0066_child05,TLE,1,1,Augmented,0,0,0,0,0,0.27041140000000002,2.0785486,4.0000000000000003e-07,-9.9999999999999995e-07,3.9999999999999998e-07,0.90793580000000007,0,0.045531000000000002,-0.1398066,0.009633199999999998,0.1259644,-0.094232200000000002,0.052174800000000007,-0.0046452000000000012,-0.0061502000000000015,-0.018631200000000001,-0.096753999999999993,0.35002800000000001,-0.053324999999999997,-0.0057721999999999999,0.067695599999999995,-0.025258600000000003,-0.022248199999999999,0.0026397999999999999,-0.058607600000000003,0.037731199999999999,0.036276799999999998,-0.021452799999999998,-0.0023979999999999995,-0.0781588,0.0081540000000000015,0.0590672,-0.019342999999999999,0.0041043999999999994,-0.010857599999999997,-0.051686799999999998,0.035657799999999996,-0.045238399999999998,-0.055082600000000002,0.098768599999999998,-0.0208016,0.18952820000000001,-0.045314800000000002,0.0061050000000000002,-0.0052864000000000001,-0.0117462,-0.0207542,0.0047527999999999997,0.032189599999999999,-0.00082759999999999952,-0.0078848000000000008,-0.0228002,-0.020408599999999999,0.0162144,0.032532199999999997,0.034218199999999997,0.011502399999999999,-0.0046306000000000003,-0.0054803999999999999,0.019466799999999999,-0.032208000000000001,-0.0052115999999999985,0.0077338000000000007,0.018369,0.039508000000000001,-0.077638200000000004,-0.0273686,-0.035026000000000002,-0.024846199999999999,0.0095390000000000006,0.0017156000000000001,-0.00012340000000000002,0.021069999999999998,0.0087008000000000016,0.0045928000000000002,-0.011348199999999999,0.0060147999999999998,0.0032838000000000003,0.00034660000000000073,0.0089221999999999999,0.0026456000000000001,-0.026395800000000004,0.0066917999999999995,0.0048086000000000005,0.0081834000000000004,-0.0074390000000000003,-0.0052574000000000015,0.023115399999999998,-0.0085226000000000017,-0.0073071999999999998,-0.0057539999999999996,-0.017835200000000002,0.012740200000000002,-0.0051688000000000003,0.0011536000000000003,0.0084302000000000005,-0.0055802000000000004,0.0070742000000000001,-0.0019635999999999994,0.0019970000000000001,0.0110904,-0.0043348000000000006,0.0093593999999999986,-8.1600000000000032e-05,-0.0036445999999999996,-0.0098081999999999996,0.011415999999999999,-0.0052804000000000002,0.00066759999999999996,0.00036360000000000027,0.0060061999999999997,-0.0044892000000000005,-0.0058830000000000002,0.0100138,0.015587400000000001,0.0060419999999999996,0.0012616000000000003,0.012194999999999999,-0.0027965999999999998,0.0031088000000000001,-0.011610200000000001,0.0096418000000000007,-0.0059521999999999995,-0.0032456,0.012711,-0.0082549999999999985,-0.0022953999999999995,-0.011282200000000001,0.00074919999999999978,0.0038566,0.0121706,-0.0103976,0.0063304000000000008,-0.019112000000000001,-0.0049608000000000005,-0.016987800000000001,-0.0039269999999999999,0.0057251999999999997,0.010584400000000001,0.00098840000000000017,-0.0177602,-0.00047659999999999977,-0.00065720000000000004,0.0001529999999999999,0.0062328000000000001,0.0021090000000000006,-5.1800000000000066e-05,-0.011343800000000001,-0.0014823999999999998,-0.0026256000000000001,-0.0020957999999999997,-0.0012756,-0.00084500000000000005,-0.0065253999999999989,-0.0020746000000000002,-0.0029916000000000001,-0.0032651999999999998,-0.010086999999999999,-0.00015760000000000036,-0.0063956000000000004,-0.00067700000000000008,0.0094590000000000004,0.0050921999999999999,0.00017699999999999997,-0.009695200000000001,-0.0014778,-0.0094409999999999997,-0.00081079999999999954,-0.0067487999999999992,0.011731400000000001,0.00054680000000000093,0.01043,-0.001405,-0.013346199999999999,0.00016559999999999969,0.016071000000000002,0.00081999999999999998,0.0044299999999999999,0.0144536,-0.013237799999999997,-0.0046468000000000004,-0.023499800000000001,0.0030740000000000003,-0.0038554000000000001,-0.0071146000000000004,0.0244546,-0.0028584000000000001,-0.00049339999999999996,8.7800000000000074e-05,-0.0020638000000000002,-0.0032423999999999999,0.0044113999999999993,0.0033081999999999999,0.00043599999999999997,-0.0057388000000000005,0.0023327999999999999,0.00099120000000000002,-0.0030222000000000001,0.0017332000000000003,-0.00013759999999999996,0.0012999999999999999,-0.00044040000000000008,0.0014994000000000001,0.00060080000000000008,-0.0018888000000000004,-0.0027750000000000006,0.0027921999999999999,-0.00080560000000000007,-0.0028901999999999999,-0.0039115999999999995,0.0025806000000000002,0.001446,-0.0006695999999999999,-0.0021964000000000003,-0.0010323999999999984,-0.00036939999999999987,0.00097759999999999991,0.0057234,0.0034649999999999998,-0.0028442000000000003,-0.00021119999999999971,0.0098247999999999999,-0.0015206000000000006,0.00078319999999999996,0.0019108,0.0020347999999999998,-0.0026138000000000003,0.00464,0.0037347999999999999,-0.0026931999999999998,0.0031520000000000007,-0.0033774,0.0093842000000000005,-0.018401799999999999,0.0015428,-0.0062430000000000003,-0.0070066,-0.0079711999999999995,0.00079239999999999975,-0.00070239999999999994,-0.00011499999999999998,-0.0015976000000000002,3.5400000000000102e-05,-0.00316,-0.0023084000000000004,-0.0031791999999999996,-0.0010964,-0.00072079999999999996,0.0013627999999999999,0.0015900000000000001,0.0024387999999999996,0.00010099999999999991,-0.0034151999999999997,0.00074240000000000005,0.0012895999999999999,0.0033184,-0.0018562000000000001,0.0025769999999999999,0.0013603999999999999,0.00084859999999999992,0.0026436000000000003,-0.0044734000000000006,0.0011498000000000001,0.0010048000000000001,-0.00077379999999999984,0.0017513999999999997,0.0036287999999999997,0.00052360000000000004,0.0074942000000000012,-0.0011902000000000002,-0.0033367999999999991,-0.0038557999999999995,-0.00079160000000000005,0.0077558000000000002,0.0017749999999999999,0.0031999999999999997,0.0013824000000000002,-0.0011391999999999997,-0.0030216000000000002,-0.0054522000000000008,-0.0028704000000000008,0.0067880000000000006,-0.0036661999999999997,-0.00093499999999999942,-0.00023879999999999995,-0.0011075999999999998,-0.0066606,0.0016084000000000001,-0.0056913999999999992,0.0074599999999999996,0.0072367999999999998,0.0030330000000000001,0.0011584,-0.016384200000000002,0.0044764000000000002,-0.00084420000000000003,0.0013557999999999999,0.0010386000000000002,0.0024571999999999997,-0.00040459999999999991,0.00025739999999999997,-0.000174,0.0031230000000000008,-0.00022199999999999998,0.0019874000000000003,5.3400000000000105e-05,0.0015957999999999999,0.0020705999999999997,0.00085979999999999997,-0.0035334000000000003,-0.00058739999999999986,-0.0013436000000000001,0.0013432000000000001,0.00018879999999999998,-0.0025303999999999999,-0.0017148,-0.00099060000000000033,-0.00096660000000000008,-0.0017006,-0.00081039999999999997,0.0020604,0.0024463999999999996,-0.0021102,0.00025740000000000002,-0.0012742000000000001,-0.0022953999999999995,-0.00071460000000000002,-0.00018159999999999986,-0.00048599999999999989,0.00019979999999999998,-0.00069220000000000002,-0.0010831999999999999,0.00085819999999999994,0.00055880000000000014,0.0012253999999999995,0.0015387999999999999,0.0011258000000000002,0.0015957999999999999,-0.0027691999999999999,0.0023584000000000001,0.0034761999999999996,-0.001513,0.00041760000000000007,0.00081819999999999983,-0.0033682,-0.00040819999999999962,-0.0029614000000000003,0.00019699999999999991,0.0037010000000000003,-0.0044153999999999999,0.00096359999999999968,-0.0030673999999999996,-0.00095500000000000012,0.0091382000000000008,0.00056599999999999988,0.0032223999999999994,0.0078566,-0.0014452,0.00062559999999999981,0.00028419999999999997,0.0015047999999999999,0.0009637999999999999,-0.0023438000000000001,0.0014378000000000004,-0.00032580000000000006,0.0014238,0.00020420000000000006,-0.0005884000000000001,0.000204,-0.0012538,9.1800000000000009e-05,0.0017856,0.0021304000000000002,-0.0028219999999999999,-0.0025412000000000004,0.0013592000000000001,0.0034954000000000001,-0.00064080000000000007,0.00034840000000000012,0.0024381999999999997,-0.0012268000000000001,4.2400000000000163e-05,-0.0017696000000000001,-0.0018402000000000004,-0.0025530000000000001,0.0029804000000000002,-0.00025559999999999998,0.00086560000000000022,-0.0013748,-0.0015630000000000002,0.00048040000000000002,-0.0019562,-0.00038520000000000004,0.0008657999999999999,0.0038915999999999998,-0.0006332,0.002885,-9.2000000000000068e-05,-0.0012306000000000001,-0.0043864000000000004,-0.0016641999999999998,0.0015499999999999999,-0.0010982000000000001,-0.0027572000000000004,0.00051560000000000006,0.00022079999999999989,-0.0033340000000000002,0.0015359999999999996,-0.0024502,0.0038906000000000001,0.0029792,-0.0031530000000000004,0.0029648000000000001,0.0006688000000000001,-0.00011660000000000002,0.00099419999999999977,0.0011002,0.0013895999999999999,0.0082264,-0.0011609999999999997,0.00090480000000000009,-0.0066128000000000003,-0.0023010000000000001,0.001665,-0.0070079999999999986,0.0072382000000000002,-0.00083660000000000006,-9.5799999999999998e-05,0.00056280000000000002,-0.00049179999999999992,-0.0024763999999999997,-0.00022759999999999995,-0.00055040000000000004,-0.0009368,-0.00019319999999999995,-0.00024899999999999998,0.0010582,-0.0015286,0.0016844,-0.0015365999999999999,-0.0019788000000000002,-0.0022359999999999997,0.0010143999999999999,-0.00041660000000000004,0.0016156,-0.00093720000000000001,0.00076280000000000011,6.1000000000000073e-05,-0.00012199999999999996,-0.00070419999999999988,-0.0016283999999999999,0.00096860000000000002,-0.0021061999999999999,0.0024450000000000001,-7.540000000000022e-05,-0.00046320000000000004,-0.0016895999999999999,-0.00083279999999999986,0.00015100000000000004,0.0017258,0.0014037999999999998,0.0021776,-1.8000000000000004e-05,0.0016581999999999999,-0.00055159999999999986,-0.0023279999999999998,-8.4399999999999937e-05,-0.0015232000000000002,0.0025988000000000001,0.0030269999999999997,0.0010679999999999999,-0.0017789999999999998,-0.00033879999999999978,-0.0022948000000000001,0.0003232,-0.00073819999999999984,0.00078239999999999994,-0.00085060000000000008,0.00059199999999999997,1.1999999999999966e-05,0.00050080000000000003,-0.0025233999999999994,-0.00014580000000000002,0.0023684000000000001,-0.0034197999999999997,0.00091900000000000011,0.0017232,-0.0051872000000000003,0.0022428000000000005,0.0008832,0.0013259999999999995,0.0023059999999999999,-0.0027299999999999998,0.0037408000000000003,-0.0037567999999999998,-0.00076439999999999972,0.0064579999999999993,0.0034583999999999995,0.0028531999999999997,0.0018917999999999997,-0.0030469999999999998,3.6200000000000121e-05
aug_between_class_right_pair0066_child06,TLE,1,1,Augmented,0,0,0,0,0,0.26478780000000002,2.1069336999999999,3.0000000000000004e-07,-9.9999999999999995e-07,3.0000000000000004e-07,0.90571660000000009,0,0.045346499999999998,-0.1419087,0.0083949000000000003,0.12621379999999999,-0.096607399999999996,0.048392600000000008,-0.0058474000000000009,-0.0080024000000000015,-0.014659900000000002,-0.098559499999999994,0.35667900000000002,-0.053635499999999996,-0.0065468999999999996,0.068741700000000003,-0.027811200000000005,-0.0236939,0.0039350999999999987,-0.058855700000000004,0.038242400000000003,0.036181600000000001,-0.0213911,-0.0029114999999999996,-0.0793716,0.0074710000000000011,0.061321400000000005,-0.020974,0.0035848000000000008,-0.013985699999999995,-0.050617099999999998,0.036991099999999999,-0.046217300000000003,-0.056346199999999999,0.096909700000000001,-0.021418699999999999,0.19129789999999999,-0.0450196,0.0063400000000000001,-0.0059898,-0.012121400000000001,-0.021412900000000002,0.0038451000000000002,0.033289699999999998,-0.0005792000000000002,-0.0084600999999999999,-0.023125400000000001,-0.020654699999999998,0.017254800000000001,0.034156400000000003,0.034827400000000001,0.0107508,-0.0051152000000000003,-0.0072102999999999985,0.019339100000000001,-0.031783499999999999,-0.0068491999999999997,0.0077791000000000006,0.020322999999999994,0.040286000000000002,-0.079910400000000006,-0.029231199999999999,-0.038221500000000005,-0.022979900000000001,0.0088330000000000006,0.0016847000000000001,-7.3800000000000059e-05,0.021624499999999998,0.010691599999999999,0.0039916000000000005,-0.0126614,0.0051856000000000003,0.0036981000000000002,0.00011919999999999986,0.0099808999999999991,0.0019051999999999997,-0.027247100000000003,0.0068006000000000004,0.0032732000000000008,0.0078978,-0.0084674999999999993,-0.0041473000000000013,0.023434299999999998,-0.0067537000000000014,-0.0074958999999999998,-0.0073079999999999994,-0.020054900000000001,0.0143319,-0.0048031000000000003,0.0021036999999999991,0.0088059000000000002,-0.0039338999999999989,0.0058604,-0.0029306999999999979,0.0025529999999999997,0.0095378000000000008,-0.0036165999999999993,0.010746299999999999,0.00020779999999999974,-0.0037866999999999996,-0.0095963999999999997,0.0118695,-0.0053723,0.0013531999999999997,-0.00013629999999999979,0.0067308999999999997,-0.0050054000000000001,-0.0058949999999999992,0.010825599999999999,0.0161028,0.0054420000000000007,0.00081920000000000029,0.012156500000000001,-0.0026451999999999999,0.0028251000000000001,-0.012885399999999998,0.0101806,-0.0063323999999999984,-0.0025902000000000008,0.0126745,-0.0084589999999999995,-0.0033847999999999994,-0.010957900000000001,0.0011418999999999995,0.0031362000000000004,0.012449700000000001,-0.0101942,0.0070017999999999999,-0.017577000000000002,-0.0042076000000000006,-0.0179326,-0.0047345,0.0058353999999999993,0.011775800000000001,0.0013788000000000001,-0.018679899999999999,0.00051929999999999988,-0.00070489999999999995,0.00032499999999999988,0.0061345999999999996,0.0031930000000000001,0.0002298999999999999,-0.0111926,-0.0016257999999999995,-0.0022377000000000005,-0.0021001000000000001,-0.0012322000000000001,-0.00056450000000000011,-0.0066618000000000007,-0.0021716999999999999,-0.0028587,-0.0031568999999999998,-0.010572499999999999,0.00019129999999999972,-0.0054061999999999999,-0.00045550000000000018,0.0098484999999999996,0.0043613999999999997,-3.2999999999999894e-05,-0.0098369000000000009,-0.0017301,-0.0098750000000000001,-0.00010960000000000006,-0.0060321000000000003,0.012828299999999999,-0.00038189999999999925,0.010561500000000001,-0.0022550000000000001,-0.014471399999999999,0.00036619999999999969,0.016760499999999998,0.0011524999999999999,0.0043175000000000002,0.0140822,-0.013595099999999999,-0.0046731000000000003,-0.0239381,0.0035865000000000003,-0.0043447999999999994,-0.0063212000000000008,0.024789200000000001,-0.0029002999999999998,-0.00012430000000000037,-0.00023289999999999986,-0.0019526000000000001,-0.0037727999999999998,0.0046458000000000003,0.0034708999999999999,0.00022400000000000013,-0.0057725999999999993,0.0024070999999999997,0.00034840000000000023,-0.0027613999999999998,0.0015939000000000001,-0.00022769999999999995,0.0015229999999999998,-0.00072429999999999988,0.0019718000000000001,0.00078360000000000007,-0.0025831000000000005,-0.0024305000000000004,0.0026659000000000001,-0.00095070000000000007,-0.0028863999999999999,-0.0038157,0.0024086999999999997,0.0016115000000000001,-0.00081119999999999988,-0.0025048000000000006,-0.0012018000000000003,-0.00076329999999999974,0.0016481999999999998,0.0059702999999999996,0.0034575000000000001,-0.0025424000000000002,-0.0010524,0.0095500999999999989,-0.00084320000000000055,0.00029440000000000022,0.0018991000000000001,0.0020141,-0.0017476000000000006,0.0043375000000000002,0.0034765999999999998,-0.0033543999999999996,0.0021820000000000008,-0.0036147999999999996,0.0092788999999999996,-0.0184321,0.0016446,-0.0059945000000000007,-0.0067767000000000001,-0.008360900000000001,0.00088680000000000009,-0.00076829999999999997,-0.00021249999999999996,-0.0013377000000000003,-8.6999999999999404e-06,-0.0032569999999999999,-0.0025468000000000001,-0.0032564,-0.0010793000000000001,-0.00072009999999999999,0.0012141000000000001,0.0017569999999999999,0.0026195999999999997,0.00022149999999999991,-0.0037863999999999997,0.00072230000000000016,0.0012687000000000002,0.0032377999999999999,-0.0017869000000000001,0.0027059999999999996,0.0012463000000000001,0.0010497,0.0026657,-0.0046448000000000001,0.0011850999999999999,0.0010021000000000001,-6.4100000000000094e-05,0.0022177999999999998,0.0031720999999999997,0.00030170000000000012,0.0072274000000000001,-0.0010794000000000001,-0.0033715999999999998,-0.0035425999999999999,-0.00070320000000000007,0.0078025999999999998,0.0019,0.0033774999999999999,0.0010048000000000001,-0.0019664000000000001,-0.0025652000000000001,-0.0054178999999999998,-0.0019278000000000008,0.0068830000000000002,-0.0038913999999999997,-0.0017999999999999997,-8.560000000000078e-05,-0.0012217,-0.0069882,0.0017063,-0.0058187999999999998,0.0076020000000000003,0.0072795999999999998,0.0030344999999999999,0.00094080000000000032,-0.016941899999999999,0.0046032999999999994,-0.00069539999999999999,0.0011516,0.00096220000000000008,0.0024279000000000002,-0.00064269999999999952,0.00031979999999999997,-0.0001674999999999999,0.0030035000000000001,-0.00022350000000000001,0.0019098000000000001,5.5800000000000055e-05,0.0016805999999999998,0.0026336999999999997,0.00080360000000000002,-0.0037108000000000006,-0.00084879999999999982,-0.0010862000000000001,0.0012849000000000001,0.0003480999999999999,-0.0026912999999999998,-0.0017375999999999997,-0.0010382000000000004,-0.00053370000000000023,-0.0019662,-0.0010577999999999998,0.0018587999999999999,0.0026587999999999994,-0.0019919,0.00045029999999999983,-0.00077290000000000019,-0.0028627999999999995,-0.00015820000000000027,0.00022079999999999995,-0.00044950000000000003,4.5599999999999997e-05,-0.00064139999999999998,-0.0013078999999999999,0.0013284,0.00048459999999999996,0.0015692999999999994,0.0017565999999999997,0.00058460000000000033,0.0020466,-0.0027544000000000002,0.0018523000000000005,0.0039773999999999999,-0.0016305,0.00064819999999999993,0.0011623999999999994,-0.0031348999999999999,-0.00077339999999999961,-0.0036343,-8.2499999999999891e-05,0.0040455000000000005,-0.0046552999999999994,0.0012826999999999999,-0.0030742999999999999,-0.00088050000000000021,0.0092354000000000012,0.0008234999999999998,0.0035352999999999995,0.0073967000000000008,-0.0014254000000000003,0.00077419999999999984,0.00038839999999999995,0.0016360999999999999,0.0010720999999999999,-0.0022761000000000001,0.0015801000000000001,-0.00012460000000000016,0.0013596000000000001,0.00025489999999999996,-0.00076380000000000003,0.00021100000000000001,-0.0011906,0.00022810000000000001,0.0016207000000000001,0.0022623000000000001,-0.003003,-0.0024604000000000002,0.0010858999999999999,0.0035842999999999995,-0.00067459999999999992,0.00033830000000000004,0.0025884000000000002,-0.0012645999999999998,-0.00012319999999999974,-0.0016107000000000001,-0.0017949000000000001,-0.0025989999999999997,0.0030303000000000001,-0.00021819999999999999,0.00060770000000000041,-0.0012626,-0.0017690000000000002,0.00066629999999999999,-0.0019764000000000001,-0.00055340000000000001,0.0011080999999999999,0.0034177000000000001,-0.00061440000000000008,0.0027420000000000001,-0.00044650000000000001,-0.0010637000000000001,-0.0041298000000000003,-0.0018123999999999998,0.001794,-0.0012759,-0.0025793999999999999,0.00044070000000000003,-0.00015439999999999996,-0.00332,0.0017929999999999995,-0.0019364,0.0045522000000000002,0.0028523999999999997,-0.0036129999999999999,0.0033945999999999998,0.00044460000000000013,-0.00032419999999999997,0.0016099,0.0011494000000000001,0.0015152,0.008495299999999999,-0.0019494999999999994,0.0011621000000000001,-0.006612100000000001,-0.0021330000000000003,0.0015995,-0.0073034999999999992,0.0074403999999999998,-0.0007622000000000001,-9.7599999999999987e-05,0.00060409999999999999,-0.00049359999999999996,-0.0026207999999999995,-1.0699999999999989e-05,-0.00021080000000000019,-0.00094509999999999993,-0.00029989999999999992,-7.8000000000000053e-05,0.0011859000000000001,-0.0014082000000000001,0.0016418000000000001,-0.0013072000000000001,-0.0019725999999999997,-0.002287,0.00095730000000000001,-0.00034620000000000007,0.0019732,-0.0010429,0.00069160000000000011,0.00011600000000000011,-0.00025549999999999992,-0.00098989999999999972,-0.0017347999999999999,0.00079620000000000005,-0.0018169000000000002,0.0025839999999999999,0.00022669999999999971,-0.0005059000000000001,-0.0021711999999999999,-0.00092909999999999998,9.9000000000000008e-05,0.0018236000000000003,0.0017635999999999997,0.0020436999999999999,4.7999999999999974e-05,0.0016203999999999999,-0.00074869999999999993,-0.0026475000000000001,-0.00032379999999999985,-0.0015579000000000001,0.0025011,0.0035409999999999999,0.0011759999999999997,-0.0021429999999999999,-0.00062809999999999993,-0.0022496,0.00031889999999999995,-0.00054140000000000004,0.00097079999999999974,-0.0010152,0.00055949999999999999,6.1999999999999989e-05,0.00038409999999999996,-0.0029512999999999996,-4.8100000000000085e-05,0.0029443,-0.0037770999999999994,0.0009425000000000002,0.0013659000000000002,-0.0052773999999999989,0.0021726000000000002,0.0007599000000000002,0.0018529999999999996,0.0023275000000000001,-0.002728,0.0040100999999999999,-0.0038241,-0.00098279999999999982,0.0069469999999999992,0.0033753000000000003,0.0029719,0.0018540999999999998,-0.0031099999999999999,-0.00016509999999999984
aug_between_class_right_pair0066_child07,TLE,1,1,Augmented,0,0,0,0,0,0.25916420000000001,2.1353188000000003,1.9999999999999994e-07,-9.9999999999999995e-07,1.9999999999999994e-07,0.90349740000000001,0,0.045162000000000001,-0.14401080000000002,0.0071565999999999991,0.1264632,-0.098982600000000004,0.044610400000000008,-0.0070496000000000005,-0.0098546000000000033,-0.010688599999999998,-0.100365,0.36333000000000004,-0.053945999999999994,-0.007321600000000001,0.069787799999999997,-0.030363800000000007,-0.025139600000000002,0.0052303999999999996,-0.059103799999999998,0.038753599999999999,0.036086399999999998,-0.021329399999999995,-0.0034249999999999997,-0.0805844,0.0067879999999999989,0.06357560000000001,-0.022605,0.0030652000000000006,-0.017113799999999998,-0.049547399999999998,0.038324400000000002,-0.047196200000000001,-0.057609800000000003,0.095050800000000005,-0.022035800000000001,0.19306760000000001,-0.044724399999999997,0.0065750000000000001,-0.0066931999999999998,-0.0124966,-0.0220716,0.0029373999999999989,0.034389799999999998,-0.00033079999999999958,-0.0090354000000000007,-0.023450600000000002,-0.020900800000000001,0.018295199999999998,0.035780600000000003,0.035436599999999999,0.0099991999999999998,-0.0055998000000000003,-0.0089402000000000006,0.0192114,-0.031358999999999998,-0.0084868000000000009,0.0078244000000000005,0.022276999999999998,0.041064000000000003,-0.082182599999999995,-0.031093799999999998,-0.041417000000000009,-0.0211136,0.0081269999999999988,0.0016538,-2.4199999999999992e-05,0.022178999999999997,0.012682400000000003,0.0033903999999999996,-0.0139746,0.0043563999999999999,0.0041124000000000004,-0.0001081999999999997,0.0110396,0.0011647999999999993,-0.028098400000000003,0.0069093999999999996,0.0017377999999999994,0.0076122000000000004,-0.009496000000000001,-0.0030371999999999986,0.023753199999999999,-0.004984800000000001,-0.0076845999999999998,-0.0088620000000000018,-0.022274600000000006,0.0159236,-0.0044374000000000002,0.0030538000000000015,0.0091816000000000016,-0.002287599999999999,0.004646599999999999,-0.0038977999999999999,0.0031090000000000002,0.0079851999999999979,-0.0028984000000000006,0.0121332,0.00049720000000000005,-0.0039287999999999997,-0.0093845999999999999,0.012323000000000001,-0.0054642000000000007,0.0020387999999999995,-0.00063620000000000018,0.0074555999999999997,-0.0055215999999999998,-0.0059069999999999999,0.011637400000000001,0.0166182,0.0048419999999999991,0.00037679999999999983,0.012118,-0.0024937999999999991,0.0025414000000000001,-0.014160600000000001,0.0107194,-0.0067125999999999983,-0.0019347999999999995,0.012638,-0.0086630000000000006,-0.0044742000000000002,-0.0106336,0.0015345999999999997,0.0024157999999999992,0.0127288,-0.0099907999999999993,0.0076732000000000007,-0.016041999999999997,-0.0034543999999999998,-0.018877400000000003,-0.0055420000000000001,0.0059455999999999997,0.012967200000000002,0.0017692000000000003,-0.019599600000000002,0.0015152000000000004,-0.00075260000000000008,0.00049700000000000005,0.0060363999999999991,0.0042770000000000004,0.00051160000000000029,-0.0110414,-0.0017691999999999996,-0.0018498000000000002,-0.0021044000000000006,-0.0011888000000000003,-0.00028399999999999975,-0.0067982000000000008,-0.0022688000000000001,-0.0027258,-0.0030485999999999998,-0.011058,0.00054020000000000001,-0.0044167999999999994,-0.00023400000000000027,0.010238000000000001,0.0036305999999999995,-0.00024300000000000011,-0.0099786000000000007,-0.0019824,-0.010308999999999999,0.00059160000000000029,-0.0053153999999999996,0.013925200000000002,-0.0013106000000000003,0.010693000000000001,-0.0031050000000000019,-0.015596599999999999,0.00056680000000000001,0.01745,0.0014850000000000002,0.0042049999999999995,0.013710799999999999,-0.0139524,-0.0046994000000000003,-0.024376399999999999,0.0040990000000000011,-0.0048342000000000003,-0.0055277999999999994,0.025123800000000002,-0.0029421999999999999,0.00024479999999999966,-0.00055360000000000023,-0.0018414,-0.0043032000000000001,0.0048802000000000003,0.0036335999999999999,1.1999999999999966e-05,-0.0058063999999999998,0.0024813999999999999,-0.00029440000000000065,-0.0025005999999999995,0.0014546000000000001,-0.00031779999999999997,0.0017460000000000002,-0.0010082000000000001,0.0024442000000000001,0.00096640000000000007,-0.0032774000000000006,-0.0020859999999999997,0.0025395999999999999,-0.0010958000000000001,-0.0028825999999999999,-0.0037197999999999997,0.0022368000000000002,0.0017770000000000002,-0.00095279999999999996,-0.0028132000000000001,-0.0013711999999999995,-0.0011571999999999999,0.0023188000000000002,0.0062172,0.0034500000000000004,-0.0022406000000000001,-0.0018936000000000005,0.0092753999999999996,-0.00016580000000000024,-0.00019440000000000039,0.0018874,0.0019933999999999998,-0.00088139999999999963,0.0040349999999999995,0.0032183999999999997,-0.0040156000000000002,0.0012119999999999998,-0.0038522000000000001,0.0091735999999999988,-0.018462400000000004,0.0017463999999999999,-0.0057460000000000002,-0.0065468000000000002,-0.0087506000000000007,0.00098120000000000021,-0.0008342,-0.00031000000000000005,-0.0010778000000000001,-5.2799999999999982e-05,-0.0033540000000000002,-0.0027852000000000003,-0.0033336000000000004,-0.0010622000000000001,-0.00071939999999999981,0.0010653999999999998,0.0019239999999999999,0.0028003999999999998,0.00034200000000000002,-0.0041575999999999991,0.00070220000000000005,0.0012478000000000001,0.0031571999999999998,-0.0017176000000000001,0.0028349999999999994,0.0011321999999999999,0.0012508,0.0026878000000000002,-0.0048162000000000005,0.0012204,0.00099940000000000011,0.00064560000000000051,0.0026841999999999999,0.0027153999999999998,7.9799999999999988e-05,0.0069606000000000008,-0.00096860000000000002,-0.0034064000000000004,-0.0032293999999999995,-0.00061479999999999998,0.0078493999999999994,0.0020249999999999999,0.0035550000000000004,0.00062720000000000007,-0.0027936000000000002,-0.0021087999999999997,-0.0053836000000000005,-0.00098519999999999988,0.0069779999999999998,-0.0041165999999999998,-0.0026649999999999998,6.7599999999999692e-05,-0.0013358000000000001,-0.0073158000000000008,0.0018042000000000002,-0.0059462000000000004,0.007744,0.0073223999999999997,0.0030360000000000005,0.0007231999999999998,-0.017499600000000001,0.0047302000000000004,-0.00054659999999999995,0.00094739999999999993,0.00088579999999999996,0.0023985999999999999,-0.00088079999999999994,0.00038219999999999997,-0.00016100000000000001,0.0028840000000000003,-0.00022499999999999999,0.0018322,5.8200000000000005e-05,0.0017654000000000005,0.0031967999999999996,0.00074740000000000006,-0.0038882000000000005,-0.0011102,-0.00082879999999999987,0.0012266,0.00050739999999999997,-0.0028522,-0.0017604000000000001,-0.0010858,-0.00010080000000000006,-0.0022317999999999999,-0.0013052000000000003,0.0016571999999999999,0.0028712,-0.0018736,0.00064320000000000002,-0.00027159999999999999,-0.0034302000000000004,0.00039820000000000025,0.00062319999999999997,-0.00041300000000000017,-0.00010860000000000011,-0.00059059999999999994,-0.0015326000000000003,0.0017986000000000002,0.0004104,0.0019132000000000001,0.0019743999999999999,4.3399999999999754e-05,0.0024974000000000003,-0.0027396,0.0013462000000000001,0.004478600000000001,-0.001748,0.00087880000000000022,0.0015066000000000001,-0.0029015999999999998,-0.0011386,-0.0043072000000000006,-0.00036200000000000013,0.0043899999999999998,-0.0048951999999999997,0.0016018,-0.0030812000000000001,-0.00080599999999999986,0.0093325999999999999,0.0010809999999999997,0.0038481999999999995,0.0069367999999999999,-0.0014056000000000001,0.00092279999999999988,0.00049260000000000005,0.0017674000000000001,0.0011804000000000001,-0.0022084000000000001,0.0017224000000000002,7.6599999999999965e-05,0.0012953999999999999,0.00030560000000000006,-0.00093920000000000017,0.00021800000000000001,-0.0011273999999999998,0.00036440000000000008,0.0014557999999999999,0.0023942000000000004,-0.0031840000000000002,-0.0023795999999999999,0.00081259999999999969,0.0036731999999999997,-0.00070840000000000009,0.00032820000000000006,0.0027385999999999999,-0.0013024,-0.00028880000000000008,-0.0014518000000000001,-0.0017496000000000002,-0.0026449999999999998,0.0030802,-0.00018079999999999995,0.00034979999999999994,-0.0011504,-0.0019750000000000002,0.00085220000000000022,-0.0019966000000000003,-0.00072160000000000008,0.0013503999999999999,0.0029437999999999999,-0.00059560000000000006,0.0025989999999999997,-0.00080100000000000017,-0.0008967999999999999,-0.0038732000000000003,-0.0019606000000000003,0.0020380000000000003,-0.0014536000000000002,-0.0024016000000000003,0.0003658,-0.0005296000000000003,-0.0033059999999999999,0.0020499999999999997,-0.0014225999999999996,0.0052138000000000011,0.0027255999999999999,-0.0040730000000000002,0.0038244000000000004,0.00022039999999999991,-0.00053180000000000013,0.0022256000000000003,0.0011986,0.0016408,0.0087641999999999998,-0.0027380000000000004,0.0014194000000000001,-0.0066113999999999999,-0.0019650000000000002,0.001534,-0.0075989999999999999,0.0076426000000000011,-0.00068779999999999991,-9.9400000000000031e-05,0.00064540000000000008,-0.00049540000000000001,-0.0027652000000000002,0.00020620000000000013,0.00012880000000000026,-0.00095340000000000008,-0.00040660000000000002,9.3000000000000092e-05,0.0013136000000000001,-0.0012878,0.0015991999999999998,-0.0010777999999999999,-0.0019664000000000001,-0.0023379999999999998,0.00090019999999999987,-0.00027579999999999998,0.0023308000000000001,-0.0011486000000000001,0.00062040000000000012,0.00017100000000000004,-0.00038900000000000002,-0.0012756,-0.0018411999999999999,0.00062379999999999988,-0.0015275999999999998,0.0027230000000000002,0.00052879999999999995,-0.0005486,-0.0026527999999999999,-0.0010253999999999999,4.6999999999999963e-05,0.0019214000000000002,0.0021234000000000001,0.0019098000000000001,0.00011400000000000006,0.0015826,-0.00094580000000000011,-0.002967,-0.00056320000000000014,-0.0015926000000000004,0.0024034,0.0040549999999999996,0.001284,-0.0025070000000000005,-0.00091740000000000029,-0.0022044,0.0003146,-0.00034459999999999992,0.0011592,-0.0011797999999999999,0.00052699999999999991,0.00011200000000000001,0.00026739999999999989,-0.0033792000000000002,4.9600000000000013e-05,0.0035202000000000007,-0.0041343999999999999,0.00096600000000000017,0.0010085999999999999,-0.0053675999999999993,0.0021024000000000004,0.00063659999999999997,0.0023800000000000002,0.002349,-0.0027259999999999997,0.0042794,-0.003891400000000001,-0.0012011999999999999,0.0074359999999999999,0.0032922000000000003,0.0030906000000000002,0.0018163999999999999,-0.003173,-0.00036640000000000023
aug_between_class_right_pair0066_child08,TLE,1,1,Augmented,0,0,0,0,0,0.2535406,2.1637039000000002,9.9999999999999995e-08,-9.9999999999999995e-07,9.9999999999999969e-08,0.90127820000000003,0,0.044977499999999997,-0.14611290000000002,0.0059183000000000013,0.12671259999999998,-0.1013578,0.040828200000000002,-0.0082518000000000018,-0.011706800000000005,-0.006717299999999999,-0.1021705,0.369981,-0.054256499999999999,-0.0080963000000000007,0.070833900000000005,-0.032916399999999998,-0.026585299999999999,0.0065256999999999989,-0.059351899999999999,0.039264800000000002,0.035991200000000001,-0.021267699999999997,-0.0039384999999999993,-0.0817972,0.0061050000000000002,0.065829800000000008,-0.024236000000000001,0.0025456000000000003,-0.0202419,-0.048477699999999999,0.039657699999999997,-0.048175100000000005,-0.058873400000000006,0.093191899999999994,-0.022652899999999997,0.19483730000000002,-0.044429200000000002,0.0068100000000000001,-0.0073965999999999997,-0.012871799999999999,-0.022730300000000002,0.0020296999999999997,0.035489899999999998,-8.2399999999999834e-05,-0.0096106999999999998,-0.0237758,-0.0211469,0.019335599999999998,0.037404800000000002,0.036045800000000003,0.0092475999999999999,-0.0060844000000000002,-0.0106701,0.019083700000000002,-0.0309345,-0.010124399999999999,0.0078697000000000003,0.024230999999999999,0.041841999999999997,-0.084454799999999997,-0.032956400000000004,-0.044612499999999999,-0.019247300000000002,0.0074209999999999996,0.0016229000000000003,2.5400000000000021e-05,0.0227335,0.014673200000000001,0.0027891999999999995,-0.015287800000000001,0.0035271999999999994,0.0045266999999999998,-0.00033560000000000013,0.012098300000000001,0.00042439999999999926,-0.028949700000000002,0.0070181999999999996,0.00020240000000000015,0.0073266,-0.010524500000000001,-0.0019270999999999993,0.024072099999999999,-0.0032159000000000007,-0.0078732999999999997,-0.010416000000000002,-0.024494300000000004,0.017515300000000004,-0.0040716999999999993,0.0040039000000000012,0.0095573000000000012,-0.00064129999999999743,0.0034327999999999997,-0.0048649000000000019,0.0036650000000000003,0.0064326000000000001,-0.0021801999999999985,0.0135201,0.00078659999999999993,-0.0040708999999999997,-0.0091728000000000001,0.0127765,-0.0055560999999999996,0.0027244000000000001,-0.0011361000000000001,0.0081802999999999997,-0.0060378000000000003,-0.0059189999999999998,0.012449200000000001,0.017133600000000002,0.0042419999999999992,-6.5600000000000185e-05,0.0120795,-0.0023423999999999988,0.0022577000000000005,-0.015435800000000001,0.011258199999999999,-0.0070927999999999989,-0.0012793999999999991,0.0126015,-0.0088669999999999999,-0.005563600000000001,-0.0103093,0.0019272999999999998,0.0016953999999999997,0.013007899999999999,-0.0097874000000000017,0.0083446000000000006,-0.014506999999999999,-0.0027012,-0.019822200000000002,-0.006349500000000001,0.0060558000000000001,0.0141586,0.0021596000000000007,-0.020519299999999997,0.0025111000000000005,-0.00080029999999999999,0.00066900000000000011,0.0059381999999999994,0.0053610000000000003,0.00079330000000000004,-0.010890200000000001,-0.0019125999999999998,-0.0014619000000000001,-0.0021086999999999994,-0.0011454,-3.5000000000000309e-06,-0.0069345999999999991,-0.0023658999999999998,-0.0025929,-0.0029402999999999999,-0.011543499999999998,0.00088910000000000009,-0.0034273999999999993,-1.2499999999999924e-05,0.010627500000000002,0.0028997999999999997,-0.00045300000000000006,-0.0101203,-0.0022347000000000001,-0.010742999999999999,0.0012928000000000011,-0.0045986999999999998,0.015022100000000002,-0.0022392999999999992,0.010824500000000001,-0.0039550000000000019,-0.016721800000000002,0.0007674,0.018139499999999999,0.0018175000000000001,0.0040924999999999998,0.013339400000000001,-0.014309699999999998,-0.0047257000000000002,-0.024814700000000002,0.0046114999999999993,-0.0053236000000000004,-0.0047343999999999997,0.025458400000000003,-0.0029840999999999999,0.00061389999999999969,-0.00087429999999999995,-0.0017301999999999999,-0.0048336000000000004,0.0051146000000000004,0.0037962999999999998,-0.00020000000000000004,-0.0058402000000000003,0.0025557000000000002,-0.00093720000000000045,-0.0022397999999999997,0.0013152999999999999,-0.00040789999999999999,0.0019689999999999998,-0.0012921,0.0029166000000000005,0.0011492,-0.0039717000000000016,-0.0017415,0.0024133000000000002,-0.0012409000000000005,-0.0028787999999999999,-0.0036238999999999998,0.0020649000000000002,0.0019425000000000002,-0.0010943999999999999,-0.0031215999999999995,-0.0015405999999999996,-0.0015510999999999999,0.0029894000000000001,0.0064641000000000004,0.0034425000000000007,-0.0019388000000000001,-0.0027347999999999999,0.0090007000000000004,0.00051159999999999986,-0.00068320000000000013,0.0018756999999999999,0.0019727,-1.5199999999999502e-05,0.0037324999999999997,0.0029601999999999996,-0.0046767999999999992,0.00024199999999999981,-0.0040896000000000005,0.0090682999999999996,-0.018492700000000001,0.0018481999999999999,-0.0054975000000000007,-0.0063169000000000003,-0.0091403000000000005,0.0010756000000000001,-0.00090010000000000003,-0.00040750000000000004,-0.00081789999999999999,-9.6900000000000024e-05,-0.0034510000000000001,-0.0030236000000000009,-0.0034108000000000003,-0.0010451,-0.00071869999999999985,0.0009167,0.002091,0.0029811999999999998,0.00046250000000000002,-0.0045287999999999995,0.00068209999999999994,0.0012269000000000002,0.0030766000000000001,-0.0016483000000000001,0.0029640000000000001,0.0010181000000000001,0.0014518999999999999,0.0027098999999999999,-0.0049876,0.0012557,0.0009967000000000001,0.0013553000000000003,0.0031505999999999999,0.0022586999999999998,-0.00014210000000000004,0.0066937999999999998,-0.00085780000000000003,-0.0034411999999999993,-0.0029161999999999999,-0.0005264,0.0078962000000000008,0.00215,0.0037325000000000001,0.00024959999999999978,-0.0036208000000000013,-0.0016523999999999998,-0.0053493000000000013,-4.2599999999999843e-05,0.0070729999999999994,-0.0043417999999999998,-0.0035299999999999993,0.00022079999999999973,-0.0014499000000000001,-0.0076433999999999998,0.0019021000000000001,-0.0060736000000000002,0.0078860000000000006,0.0073651999999999997,0.0030374999999999994,0.00050559999999999971,-0.018057299999999998,0.0048570999999999996,-0.00039779999999999997,0.00074319999999999996,0.00080940000000000005,0.0023693,-0.0011188999999999999,0.00044459999999999986,-0.00015449999999999991,0.0027645000000000005,-0.00022650000000000003,0.0017546,6.0599999999999955e-05,0.0018502,0.0037598999999999996,0.0006912,-0.0040656000000000008,-0.0013715999999999999,-0.00057140000000000001,0.0011683000000000002,0.0006667,-0.0030131000000000003,-0.0017832,-0.0011334000000000006,0.0003321000000000001,-0.0024973999999999999,-0.0015526000000000001,0.0014556,0.0030835999999999997,-0.0017553,0.0008361000000000001,0.0002297,-0.0039975999999999996,0.00095460000000000033,0.0010256000000000002,-0.0003765000000000001,-0.00026280000000000005,-0.0005398,-0.0017572999999999998,0.0022688000000000001,0.00033620000000000004,0.0022570999999999997,0.0021922000000000001,-0.00049780000000000017,0.0029482000000000002,-0.0027247999999999999,0.00084009999999999987,0.0049797999999999995,-0.0018655,0.0011094,0.0018507999999999999,-0.0026683000000000002,-0.0015038,-0.0049801000000000003,-0.00064150000000000014,0.0047345,-0.0051351000000000001,0.0019208999999999997,-0.0030881000000000003,-0.00073150000000000016,0.0094298000000000003,0.0013385000000000001,0.0041610999999999992,0.0064768999999999998,-0.0013858000000000002,0.0010714000000000001,0.00059679999999999998,0.0018987000000000001,0.0012887,-0.0021407000000000002,0.0018647000000000004,0.00027779999999999998,0.0012312,0.00035630000000000004,-0.0011146000000000001,0.00022499999999999999,-0.0010642,0.00050070000000000008,0.0012909,0.0025260999999999999,-0.0033650000000000004,-0.0022987999999999997,0.00053929999999999994,0.0037621,-0.00074220000000000004,0.00031809999999999998,0.0028888,-0.0013402000000000002,-0.00045439999999999999,-0.0012929,-0.0017043000000000002,-0.0026910000000000002,0.0031301000000000002,-0.00014340000000000002,9.1899999999999794e-05,-0.0010382,-0.0021809999999999998,0.0010381000000000001,-0.0020168000000000004,-0.00088980000000000016,0.0015926999999999998,0.0024698999999999997,-0.00057680000000000003,0.0024559999999999998,-0.0011555000000000003,-0.00072989999999999991,-0.0036166000000000002,-0.0021088000000000001,0.0022820000000000002,-0.0016313,-0.0022237999999999997,0.00029089999999999997,-0.00090480000000000031,-0.0032920000000000007,0.002307,-0.00090879999999999976,0.0058754000000000011,0.0025987999999999996,-0.0045329999999999997,0.0042541999999999996,-3.8000000000000382e-06,-0.00073940000000000008,0.0028413000000000002,0.0012478000000000001,0.0017664,0.0090330999999999988,-0.0035265000000000001,0.0016767000000000002,-0.0066106999999999997,-0.001797,0.0014685,-0.0078944999999999987,0.0078448000000000007,-0.00061339999999999995,-0.00010119999999999997,0.00068670000000000016,-0.00049719999999999994,-0.0029095999999999996,0.00042310000000000004,0.00046839999999999995,-0.00096170000000000023,-0.00051329999999999995,0.00026400000000000007,0.0014413,-0.0011673999999999999,0.0015566,-0.00084839999999999991,-0.0019601999999999996,-0.0023890000000000001,0.00084309999999999995,-0.00020540000000000001,0.0026884000000000001,-0.0012543000000000001,0.00054920000000000001,0.00022600000000000013,-0.00052250000000000007,-0.0015612999999999998,-0.0019475999999999999,0.00045140000000000002,-0.0012382999999999999,0.002862,0.00083089999999999987,-0.00059130000000000012,-0.0031343999999999999,-0.0011217,-5.0000000000000267e-06,0.0020192000000000001,0.0024831999999999996,0.0017759,0.00018000000000000004,0.0015447999999999998,-0.0011429000000000001,-0.0032864999999999999,-0.0008026000000000001,-0.0016273000000000004,0.0023056999999999999,0.0045690000000000001,0.001392,-0.0028710000000000003,-0.0012067,-0.0021592,0.00031029999999999995,-0.00014779999999999993,0.0013476000000000002,-0.0013443999999999999,0.00049449999999999982,0.00016200000000000014,0.00015070000000000003,-0.0038070999999999999,0.00014730000000000006,0.0040961000000000001,-0.0044917000000000004,0.00098949999999999993,0.00065129999999999995,-0.0054577999999999996,0.0020322000000000001,0.00051329999999999974,0.0029069999999999999,0.0023705000000000002,-0.0027239999999999999,0.0045487000000000001,-0.0039587000000000008,-0.0014196,0.0079249999999999998,0.0032091000000000012,0.0032093,0.0017786999999999996,-0.0032359999999999997,-0.00056769999999999998
aug_between_class_right_pair0067_child05,TLE,1,1,Augmented,0,0,0,0,0,0.32570440000000001,1.9006882,1.9999999999999996e-07,-3.9999999999999993e-07,5.9999999999999997e-07,0.96413260000000001,0,0.054410399999999998,-0.13697800000000002,0.034080399999999997,0.056643799999999994,-0.093703599999999998,0.088800999999999991,-0.0063913999999999993,0.0149964,-0.0269906,-0.13512280000000002,0.32991160000000003,-0.061142600000000005,-0.021096200000000002,0.1095506,-0.0321392,-0.018394600000000001,-0.00026319999999999989,-0.063683600000000007,0.018522,0.041353000000000001,-0.028658200000000002,0.0041607999999999992,-0.081535399999999994,0.033969199999999998,0.041358399999999997,-0.011263200000000001,0.013743400000000001,0.019484000000000001,-0.054979399999999998,0.027647000000000001,-0.050329600000000002,-0.080246800000000007,0.10773039999999999,-0.052127800000000002,0.1948722,-0.0454016,0.011154000000000001,0.0036355999999999988,-0.0095855999999999997,-0.0097885999999999997,0.0079591999999999996,0.028017799999999999,-0.0042616000000000008,-0.0074488000000000002,-0.0080491999999999994,-0.026018800000000002,0.0095586000000000004,0.035410399999999995,0.016154599999999998,0.013622199999999999,-0.011011,-0.0064711999999999999,0.024203599999999999,-0.0474884,0.0068037999999999987,-0.001558599999999999,-0.0038722000000000006,0.045321200000000006,-0.069518799999999992,-0.0068598000000000001,-0.0211358,-0.044994400000000004,0.021991,-0.0010970000000000001,-0.00076559999999999996,0.0106228,0.0070650000000000001,0.0058183999999999996,0.0023348000000000015,0.0047402,0.0017415999999999994,-6.559999999999986e-05,0.0054996000000000003,0.0011806,-0.0141402,0.0072670000000000009,0.0103132,0.0046873999999999996,-0.00049459999999999955,-0.009555000000000001,0.025442800000000002,-0.0144712,-0.012938400000000001,0.0054114000000000011,-0.0088652000000000002,0.0056723999999999993,-0.0107396,-0.0040172000000000003,0.0076947999999999999,-0.018886799999999999,-0.0019788000000000002,0.020163199999999999,-0.0040690000000000014,0.028402199999999999,-0.007385199999999998,0.0034587999999999993,0.0023341999999999998,-0.0037507999999999999,-0.01251,0.0098598000000000002,-0.0059693999999999997,-0.0031183999999999999,-0.0007004,0.0074009999999999996,-0.0079197999999999994,-0.0078499999999999993,0.0029443999999999998,0.0205428,0.0071133999999999998,0.0025436000000000009,0.0174396,-0.0024283999999999998,0.00080299999999999989,-0.0062096,0.0086053999999999992,0.0008091999999999995,-0.0011387999999999997,0.005499200000000001,0.0029458000000000002,0.0037935999999999998,-0.0043241999999999994,0.0027935999999999994,0.0105136,0.007203600000000001,0.0053582000000000005,-0.00090079999999999999,-0.008166399999999999,-0.0075507999999999999,-0.0099118000000000001,-0.0097213999999999998,-0.0017222000000000001,0.00098939999999999922,-0.0014410000000000004,0.0046702000000000011,0.00092580000000000006,-0.0002722,0.00052540000000000009,0.0033343999999999995,-0.00056659999999999979,0.00021020000000000001,0.0001420000000000002,0.0022391999999999998,-0.0010058000000000003,-0.00041579999999999959,0.0028617999999999998,0.0048922000000000002,0.0017408,-0.0015196000000000001,-0.0044242000000000005,-0.0011571999999999999,0.00099119999999999959,-0.0062169999999999994,-0.0043441999999999995,-0.0048719999999999996,0.0087308000000000004,0.0080528000000000006,-0.0023930000000000002,-0.0031828,-0.0023540000000000002,-0.0086198000000000004,0.00090580000000000044,-0.0118406,-0.0029123999999999999,0.0078014,0.0085990000000000007,0.0091469999999999989,-0.0039330000000000007,0.0043423999999999997,0.015859999999999999,0.0030677999999999999,2.1999999999999451e-06,0.012623199999999999,-0.012515199999999997,0.0088134000000000007,-0.0051397999999999999,-0.0026398000000000007,0.0078708000000000007,-0.019154000000000001,0.0036921999999999988,-0.0019764000000000001,-0.0026731999999999997,0.0013263999999999999,-0.0044197999999999998,0.0024531999999999996,0.0017262000000000002,-0.0011676000000000004,0.0021996000000000003,-0.0051567999999999996,-0.0025934,0.0019380000000000001,-0.00090619999999999991,0.0032192000000000002,-0.00087939999999999991,0.0016502000000000001,0.00051600000000000018,-0.0009502,-0.0012148000000000003,-0.0027271999999999995,-0.0048999999999999998,0.0019629999999999999,0.0022407999999999994,-0.0020975999999999998,-0.0055428000000000005,0.0055674000000000001,0.00078699999999999994,-0.0029220000000000001,0.0010792000000000002,8.2399999999999834e-05,-0.0010330000000000001,-0.00080439999999999993,0.0050444000000000001,0.00033880000000000021,-0.0046202000000000005,0.0034456000000000001,0.009562600000000001,-0.0065733999999999992,-0.0006644000000000001,0.00093220000000000022,0.006537600000000001,-0.0052931999999999996,0.00021140000000000004,0.0012533999999999998,0.00071580000000000038,0.0033403999999999994,0.0040220000000000004,0.003728,-0.0082979999999999998,0.0066461999999999997,-0.0075257999999999992,-0.0051120000000000002,-0.0049601999999999997,0.00084400000000000013,-0.00056260000000000001,0.0015356000000000002,0.00067219999999999975,-0.00099020000000000011,-0.00050839999999999989,-0.00087880000000000011,-0.0010876,-0.00021739999999999992,-0.0026614,-0.00015780000000000004,-0.00012659999999999928,-0.00031500000000000007,-0.00048660000000000012,-0.0016350000000000002,0.0014568000000000003,-0.00033699999999999995,0.0031611999999999999,-0.0024270000000000003,-0.0007176000000000001,0.001176,0.0014697999999999998,0.0022548000000000004,-0.0058546000000000006,0.00069719999999999992,-0.00046680000000000029,-0.0066818000000000008,-0.0030489999999999996,-0.0027083999999999993,0.0014986000000000001,-0.00027840000000000026,0.0029886000000000001,0.00034660000000000008,-0.0049534000000000002,0.00030999999999999995,0.0044348,0.0028693999999999998,0.0018382000000000001,0.0033468000000000005,0.0036026000000000001,-0.0067621999999999995,0.0023465999999999995,0.0023770000000000006,0.001637,0.00080180000000000008,0.0031111999999999997,0.00028640000000000002,0.00043840000000000014,-0.0045018000000000002,0.0026642000000000002,-0.0026143999999999998,-0.0065570000000000003,0.0112762,0.0008426000000000001,0.0099112000000000002,-0.0031120000000000011,0.0044809999999999997,-0.0019784,0.00016860000000000003,0.00042579999999999994,0.0028939999999999994,0.0022825999999999996,0.0011999999999999999,0.0011253999999999999,0.0034764000000000001,0.00060840000000000004,0.0021752,-0.00050640000000000027,-0.00014080000000000001,0.0011222000000000001,0.0014147999999999999,0.0030246000000000001,-0.0010473999999999998,0.0043958000000000001,0.0011762000000000001,0.00028440000000000003,-0.00048100000000000009,-0.0038111999999999998,-0.0002099999999999999,-0.0039064,-0.0016183999999999997,-0.001578,0.0012852,0.0018619999999999999,0.0010992000000000003,-0.00070339999999999997,0.00084159999999999964,-0.0019849999999999998,-0.0024058,-0.0031964000000000003,6.7999999999999484e-06,0.00011940000000000002,-0.0033086000000000005,0.0015161999999999999,0.0066864000000000003,-0.0026936,-0.0010964,0.0016304000000000002,-0.0024667999999999999,0.0018477999999999999,-0.00083160000000000005,0.0083049999999999999,0.0028168000000000004,-0.0024625999999999997,-0.00054020000000000012,0.0018477999999999995,-0.00010440000000000015,0.0012158,0.0062261999999999994,0.00022480000000000026,0.0020017999999999998,3.3999999999999742e-06,-0.0012685999999999999,-0.00043140000000000002,0.00098099999999999988,0.0048906000000000002,0.0011614000000000001,-0.0023718000000000003,0.0047781999999999998,-0.0031283999999999999,-0.00011140000000000005,-0.00057659999999999981,0.00045879999999999998,0.00082780000000000006,-0.0010685999999999998,-0.0033648000000000003,-0.00042900000000000002,-0.00059919999999999993,-0.0023716000000000002,0.00011820000000000003,0.0011193999999999998,-0.00025679999999999995,0.0021428000000000003,0.0021912000000000004,0.0012534,-0.0020538000000000002,0.00019479999999999996,0.00077499999999999965,0.0018896,0.0017074000000000002,0.0016844,0.00072000000000000005,0.0015516000000000002,-0.0021188000000000001,0.00024039999999999999,0.0010992,-0.00058819999999999999,0.0014128000000000001,-0.00015559999999999982,0.0040394000000000003,-2.1199999999999973e-05,0.0001699999999999999,0.0013573999999999999,-0.0011472000000000001,0.00093219999999999978,-0.0014729999999999999,-0.00023919999999999996,-0.0014082000000000001,0.00018860000000000036,-3.7200000000000037e-05,-0.0010606000000000001,-0.0020617999999999999,0.00043239999999999983,0.0025739999999999999,-0.0005847999999999999,-0.0036220000000000002,-0.0027964000000000001,-0.00060859999999999994,-0.0014444,0.0011919999999999997,-0.00072179999999999998,0.0026294000000000001,0.0003041999999999997,0.00026140000000000017,-0.00077859999999999995,-7.1199999999999942e-05,-0.00041520000000000006,-0.0001302000000000004,0.0011815999999999997,0.0019513999999999998,0.0018954000000000002,-0.0045512,0.0027203999999999996,-0.00071359999999999989,-0.003921,0.0035392000000000002,-0.0012597999999999999,0.00077239999999999991,-0.0021432000000000001,-0.00043219999999999999,0.00010299999999999998,-0.00076340000000000002,-0.00101,-0.0012780000000000001,0.00066619999999999982,-0.0002947999999999999,0.0019298000000000004,0.00017579999999999999,0.0015582,0.0011097999999999998,0.00042740000000000025,0.00078479999999999989,-0.0014385999999999997,-0.00098739999999999982,0.0020460000000000001,3.4599999999999919e-05,0.00066599999999999993,-0.00041399999999999982,0.00012019999999999999,-0.001403,0.00025120000000000003,-8.8000000000000025e-05,0.00067460000000000003,0.0003102,-0.0024007999999999998,0.003441,0.000106,0.00078779999999999974,0.00067480000000000014,0.0024518000000000001,-0.0015844000000000001,-7.7999999999999917e-05,-0.00024039999999999999,0.0018741999999999999,-0.0011742000000000002,-0.0010602000000000001,-0.00022579999999999958,-0.0015016000000000001,-0.0002184,0.0013396000000000003,-0.0049109999999999996,-0.004104,0.00059120000000000006,0.0013154,0.00075479999999999992,-0.0049367999999999999,0.0019596000000000001,-0.00053420000000000008,-0.0023086000000000001,-0.00074879999999999999,0.00049440000000000009,-0.003107,0.0028923999999999998,-0.0013270000000000001,0.0013179999999999997,-0.0002859999999999999,-0.0023625999999999999,3.2599999999999993e-05,8.6600000000000018e-05,-0.00085020000000000039,0.0022155999999999999,-0.0023384,-0.0021136000000000002,0.0029107999999999998,-0.0043309999999999989,0.00010080000000000001,0.0023016,0.00068800000000000003,0.0024973999999999999,-0.0025277999999999998,0.000222,0.0021958000000000004,-0.0039872000000000006,0.0017824000000000002
aug_between_class_right_pair0067_child06,TLE,1,1,Augmented,0,0,0,0,0,0.32412730000000001,1.9003789,3.9999999999999993e-07,-2.9999999999999993e-07,6.9999999999999986e-07,0.96012469999999994,0,0.054488299999999996,-0.13522150000000002,0.033665299999999995,0.050342600000000001,-0.0911497,0.0905305,-0.0073787999999999987,0.017758299999999998,-0.0272132,-0.13593810000000001,0.32218570000000002,-0.059993199999999997,-0.0191109,0.1067457,-0.031468400000000001,-0.017737700000000002,0.00049309999999999979,-0.063032199999999997,0.01719,0.038464999999999999,-0.027705400000000002,0.0043631,-0.082246299999999994,0.035384399999999996,0.041819299999999997,-0.011097900000000001,0.014653800000000002,0.019582000000000002,-0.054485800000000001,0.026919999999999999,-0.051044199999999998,-0.07714710000000001,0.10626379999999999,-0.056304100000000003,0.19547239999999999,-0.044722200000000004,0.0107575,0.0042716999999999998,-0.010085700000000001,-0.0088537000000000008,0.008620899999999999,0.027891599999999999,-0.0035332000000000007,-0.0073761,-0.0074879000000000005,-0.024641099999999999,0.0097402000000000009,0.035581300000000003,0.016616199999999998,0.012000899999999998,-0.0099900000000000006,-0.0057043999999999992,0.024474700000000002,-0.047255800000000001,0.0065161000000000004,-0.0029736999999999988,-0.0044159000000000004,0.043417900000000002,-0.071548100000000003,-0.0066401000000000003,-0.022559099999999999,-0.040759299999999998,0.021713999999999997,-0.0013085,-0.0011501999999999999,0.0108611,0.0072824999999999999,0.0057618000000000001,0.0017621000000000008,0.0043644000000000009,0.0017366999999999999,-3.0700000000000258e-05,0.0051312000000000007,0.0013841999999999995,-0.013621900000000001,0.0071374999999999997,0.0110639,0.0050983000000000001,-0.00062469999999999973,-0.0094920000000000004,0.0246281,-0.0139994,-0.0137228,0.0066587999999999986,-0.0080414000000000006,0.0072492999999999993,-0.0105957,-0.0046814000000000005,0.0069586000000000005,-0.018464100000000001,-0.0012561000000000004,0.0194299,-0.003144000000000001,0.026861400000000001,-0.0096278999999999983,0.0043335999999999982,0.0020699000000000004,-0.0036946000000000001,-0.012529999999999999,0.0101881,-0.0064463000000000003,-0.0032598000000000002,-0.00052730000000000008,0.0077764999999999987,-0.0071751000000000002,-0.0079054999999999993,0.0027703000000000003,0.0207391,0.0070807999999999999,0.0018937000000000005,0.017788200000000001,-0.00087830000000000113,0.0010800000000000002,-0.0058937,0.0081247999999999997,0.0012553999999999994,-0.0007155999999999994,0.0050494000000000008,0.0028296000000000007,0.0046996999999999994,-0.0054828999999999989,0.0030261999999999989,0.011028700000000001,0.0055922000000000012,0.0052974000000000007,-0.0013300999999999999,-0.0084668,-0.0063891,-0.0115961,-0.0089293000000000011,-0.0015414000000000001,-0.00074769999999999947,-0.00076650000000000047,0.0042184000000000006,-0.00021939999999999937,-0.00015990000000000015,0.00025330000000000025,0.0034258000000000001,-0.0014051999999999997,0.00035389999999999998,-0.00017499999999999981,0.0020363999999999998,-0.00093360000000000014,-0.00056909999999999947,0.0027466000000000001,0.0052748999999999999,0.0015221000000000002,-0.0013906999999999997,-0.0043834,-0.0014284,0.0014708999999999992,-0.0060625000000000002,-0.0046714,-0.0046079999999999992,0.0083546000000000002,0.0094670999999999991,-0.0022434999999999998,-0.0034361000000000001,-0.0020065,-0.0090291,0.0013331000000000007,-0.011753199999999998,-0.0034348,0.0075268000000000002,0.0088135000000000002,0.0091514999999999999,-0.0030435000000000002,0.0036213000000000009,0.016399499999999997,0.0026921000000000002,2.4899999999999901e-05,0.012403399999999998,-0.013129399999999999,0.0091632999999999992,-0.0058920999999999999,-0.0017811000000000007,0.0085355999999999991,-0.0187265,0.0037783999999999986,-0.0017748000000000002,-0.0027318999999999998,0.0013262999999999999,-0.0043051000000000001,0.0031593999999999993,0.0013939000000000002,-0.00054620000000000027,0.0026927000000000001,-0.0057815999999999996,-0.0029338000000000003,0.0020510000000000003,-0.00064389999999999998,0.0029158999999999999,-0.00057030000000000004,0.0015899,0.00019850000000000033,-0.0010644000000000001,-0.0015736000000000001,-0.0034854,-0.0054039999999999991,0.0023419999999999999,0.0030540999999999997,-0.0018692000000000001,-0.0054576,0.0057528000000000006,0.00073650000000000018,-0.0024590000000000002,0.00081240000000000045,8.5799999999999592e-05,-0.0011754999999999999,-0.0010052999999999998,0.0051317999999999989,0.00048609999999999994,-0.0051403999999999998,0.0030492000000000002,0.0098017,-0.0068817999999999995,-0.00028429999999999992,0.0005744000000000003,0.0062772000000000001,-0.0051794000000000007,0.00011530000000000004,0.00080480000000000016,5.9100000000000515e-05,0.0029848000000000001,0.0043060000000000008,0.003558,-0.0089309999999999997,0.0066999,-0.0089775999999999988,-0.0046615000000000007,-0.0055823999999999995,0.00067250000000000014,-0.00060470000000000001,0.0021302000000000001,0.00091689999999999979,-0.00065640000000000023,-0.00096230000000000003,-0.00085360000000000004,-0.0011367,-0.00043179999999999982,-0.0028402999999999996,-5.0100000000000066e-05,-0.00090519999999999967,-0.00015100000000000012,-0.00048720000000000002,-0.0016095,0.0015076,-0.00039849999999999998,0.0033633999999999995,-0.0021285000000000002,-0.0010301999999999998,0.0014069999999999998,0.0015425999999999999,0.0018036000000000005,-0.005362200000000001,0.00079639999999999995,-0.00053210000000000019,-0.0065395999999999996,-0.0031459999999999995,-0.0033137999999999991,0.0013807000000000001,-0.00057330000000000011,0.0025977000000000001,-0.0002092999999999995,-0.0046122999999999997,0.00033699999999999984,0.0036786000000000006,0.0027937999999999995,0.0020994,0.0032320999999999999,0.0033931999999999999,-0.0065164000000000003,0.0026891999999999992,0.0020680000000000004,0.0019959999999999999,0.0011560999999999997,0.0026959000000000002,0.00040130000000000027,-0.00018569999999999985,-0.0044356000000000005,0.0027574000000000001,-0.0029067999999999997,-0.0062474999999999996,0.010868900000000001,0.00056870000000000022,0.0106304,-0.003705,0.0043619999999999996,-0.0020857999999999996,0.00046019999999999991,0.00034359999999999995,0.0032219999999999996,0.0024927,0.0013975000000000001,0.0011523,0.0037353,0.00049379999999999997,0.0026568999999999994,-0.00095679999999999995,-0.00016409999999999998,0.0012133999999999999,0.0012876000000000001,0.0029677000000000002,-0.0012907999999999997,0.0046395999999999998,0.0012463999999999999,0.00067579999999999984,-0.00035900000000000011,-0.0042018999999999997,-0.00038850000000000006,-0.0040233000000000005,-0.0020957999999999997,-0.0016849999999999999,0.00099090000000000007,0.0022114999999999999,0.0010944000000000001,-0.00069230000000000008,0.00097670000000000005,-0.0024819999999999998,-0.0023410999999999996,-0.0034333000000000002,-5.9399999999999818e-05,8.8800000000000017e-05,-0.0030727000000000003,0.0017408999999999999,0.0069457999999999985,-0.0030376999999999995,-0.0012898,0.0014838000000000002,-0.0028465999999999995,0.0020446000000000006,-0.00071370000000000005,0.0084864999999999993,0.0025846000000000003,-0.0028617,-0.00095889999999999994,0.0019475999999999996,0.00017620000000000005,0.00044060000000000041,0.0061294000000000001,0.00027360000000000015,0.0018181000000000002,-0.00019220000000000001,-0.0011142000000000001,-0.00064130000000000003,0.0012534999999999998,0.0049741999999999998,0.0010398000000000002,-0.0022876000000000007,0.0041473999999999999,-0.0032502999999999998,-2.6300000000000043e-05,-0.00084019999999999993,0.00058310000000000002,0.00074310000000000001,-0.0012446999999999998,-0.0035225999999999999,-0.00043000000000000004,-0.00040689999999999997,-0.0025766999999999999,4.9400000000000049e-05,0.0016112999999999993,-0.00044109999999999993,0.0022770999999999998,0.0022929000000000001,0.0010448,-0.0019341000000000002,0.00026659999999999998,0.00094049999999999993,0.0020987000000000002,0.0018858000000000002,0.0018887999999999995,0.00086600000000000002,0.0014222000000000002,-0.0020915999999999999,0.0003068000000000003,0.0010639,-0.0006979,0.0015061,-0.00041719999999999984,0.0042017999999999995,-0.0001024,0.00047100000000000006,0.0013098000000000001,-0.0010679000000000001,0.0012013999999999996,-0.0016270000000000004,-0.00034239999999999965,-0.0014193999999999999,-0.00035479999999999973,-0.00011089999999999993,-0.0010547,-0.0017436000000000001,0.00058679999999999995,0.0024889999999999999,-0.00039509999999999979,-0.0041285000000000002,-0.0027278000000000007,-0.00098769999999999956,-0.0013313000000000001,0.0014714999999999997,-0.00065060000000000009,0.0025433000000000001,0.00059790000000000017,-0.00044369999999999978,-0.00094469999999999992,-0.00020189999999999987,-0.00013840000000000022,0.00063909999999999954,0.0018571999999999996,0.0022367999999999997,0.0018043000000000002,-0.0050559000000000003,0.0028772999999999997,-0.00083619999999999983,-0.0041025000000000002,0.0035909000000000002,-0.0012620999999999999,0.0011992999999999997,-0.0020474,-0.00049689999999999988,0.00019299999999999997,-0.00061430000000000013,-0.0012049999999999999,-0.0014840000000000003,0.00078289999999999979,-0.00035909999999999989,0.0019106000000000004,0.00012409999999999993,0.0017224000000000002,0.0012175999999999999,0.00014830000000000019,0.0010815999999999998,-0.0015931999999999997,-0.0011443,0.0023509999999999998,-0.00019479999999999996,0.00082249999999999988,-0.00055449999999999987,0.00018189999999999995,-0.0015270000000000001,0.00022590000000000002,5.2499999999999921e-05,0.00059420000000000002,0.00012990000000000007,-0.0020956,0.0036235000000000004,0.00013799999999999997,0.00091209999999999989,0.00039110000000000013,0.0027355999999999999,-0.0016538000000000002,-0.00041099999999999991,-5.0300000000000193e-05,0.0019104,-0.00095140000000000014,-0.0010509,-0.00071009999999999953,-0.0014247000000000001,-0.00017429999999999998,0.0016282000000000002,-0.0052735000000000004,-0.0043775000000000003,0.00047590000000000002,0.0012987999999999999,0.00083309999999999992,-0.0050105999999999996,0.0018946999999999998,-0.0006489,-0.0021932000000000002,-0.00072210000000000004,-9.0199999999999482e-05,-0.0031050000000000001,0.0029237999999999998,-0.0016809999999999998,0.0013354999999999999,-0.00063499999999999982,-0.0026457,5.9200000000000016e-05,-0.00014479999999999997,-0.00029340000000000041,0.0018882,-0.0027407999999999998,-0.0018162,0.0033065999999999998,-0.0046674999999999989,0.00051809999999999985,0.0018127,0.00065800000000000006,0.0026148,-0.0032220999999999994,0.00027499999999999996,0.0012301000000000002,-0.0037984000000000004,0.0020572999999999998
aug_between_class_right_pair0067_child07,TLE,1,1,Augmented,0,0,0,0,0,0.32255020000000001,1.9000695999999999,6.0000000000000018e-07,-1.9999999999999999e-07,8.0000000000000007e-07,0.95611679999999999,0,0.054566200000000002,-0.133465,0.033250199999999994,0.044041400000000001,-0.088595800000000002,0.092259999999999995,-0.0083662000000000007,0.020520199999999999,-0.0274358,-0.13675340000000002,0.31445980000000001,-0.058843800000000002,-0.017125600000000001,0.1039408,-0.030797599999999998,-0.0170808,0.0012494000000000008,-0.0623808,0.015858000000000001,0.035576999999999998,-0.026752600000000001,0.0045653999999999998,-0.082957199999999995,0.036799600000000002,0.042280199999999997,-0.010932600000000001,0.015564200000000002,0.019680000000000003,-0.053992199999999997,0.026193000000000001,-0.051758800000000001,-0.074047400000000013,0.10479719999999999,-0.060480400000000004,0.19607260000000001,-0.0440428,0.010361,0.0049078000000000004,-0.010585800000000001,-0.0079188000000000001,0.0092825999999999985,0.027765399999999999,-0.0028047999999999997,-0.0073033999999999998,-0.0069265999999999998,-0.0232634,0.0099218000000000015,0.035752199999999998,0.017077800000000001,0.010379599999999999,-0.0089689999999999995,-0.0049376000000000003,0.024745800000000002,-0.047023200000000001,0.0062284000000000003,-0.0043888,-0.0049596000000000006,0.041514599999999999,-0.073577400000000001,-0.0064203999999999997,-0.023982400000000001,-0.036524199999999993,0.021436999999999998,-0.0015200000000000003,-0.0015348000000000002,0.011099400000000001,0.0074999999999999997,0.0057051999999999997,0.0011894000000000002,0.0039886000000000001,0.0017317999999999995,4.1999999999997768e-06,0.0047627999999999993,0.0015877999999999999,-0.0131036,0.0070080000000000003,0.011814600000000001,0.0055092000000000006,-0.00075479999999999905,-0.0094289999999999999,0.023813399999999998,-0.013527599999999999,-0.014507200000000001,0.0079062000000000021,-0.0072176000000000002,0.0088261999999999993,-0.010451799999999999,-0.0053456000000000007,0.0062223999999999995,-0.018041399999999999,-0.00053339999999999985,0.018696600000000001,-0.0022189999999999996,0.025320599999999999,-0.0118706,0.0052083999999999993,0.0018055999999999997,-0.0036384,-0.01255,0.0105164,-0.0069232,-0.0034012000000000001,-0.00035419999999999999,0.0081519999999999995,-0.0064303999999999993,-0.0079609999999999993,0.0025961999999999999,0.0209354,0.0070481999999999993,0.0012437999999999998,0.018136800000000002,0.00067179999999999931,0.0013569999999999997,-0.0055777999999999999,0.0076441999999999994,0.0017015999999999997,-0.00029239999999999995,0.0045995999999999997,0.0027134000000000012,0.0056058000000000011,-0.0066416000000000001,0.0032587999999999992,0.0115438,0.0039807999999999996,0.0052365999999999992,-0.0017594000000000004,-0.0087671999999999993,-0.0052273999999999992,-0.013280400000000001,-0.0081371999999999989,-0.0013606,-0.0024848000000000014,-9.1999999999999824e-05,0.0037666000000000002,-0.0013646000000000003,-4.7599999999999964e-05,-1.8800000000000105e-05,0.0035172000000000003,-0.0022438000000000002,0.00049760000000000017,-0.00049200000000000025,0.0018335999999999999,-0.00086140000000000045,-0.00072239999999999978,0.0026313999999999999,0.0056576000000000005,0.0013033999999999999,-0.0012618,-0.0043426000000000003,-0.0016996000000000001,0.0019506,-0.0059080000000000001,-0.0049986000000000006,-0.0043439999999999998,0.0079784000000000001,0.010881400000000001,-0.0020940000000000004,-0.0036894000000000002,-0.0016589999999999999,-0.0094384000000000013,0.0017604000000000009,-0.0116658,-0.0039572000000000001,0.0072522000000000003,0.0090279999999999996,0.0091560000000000009,-0.0021539999999999988,0.0029001999999999999,0.016939000000000003,0.0023163999999999997,4.7599999999999964e-05,0.012183599999999999,-0.013743599999999998,0.0095131999999999994,-0.0066444,-0.00092239999999999998,0.0092003999999999992,-0.018298999999999999,0.0038646000000000002,-0.0015731999999999999,-0.0027905999999999999,0.0013262,-0.0041903999999999995,0.0038655999999999999,0.0010615999999999998,7.5200000000000364e-05,0.0031858000000000008,-0.0064064000000000005,-0.0032742000000000005,0.0021640000000000001,-0.00038159999999999995,0.0026125999999999996,-0.00026119999999999979,0.0015295999999999999,-0.00011900000000000018,-0.0011785999999999999,-0.0019324000000000001,-0.0042436000000000001,-0.0059080000000000009,0.0027209999999999999,0.0038674,-0.0016407999999999998,-0.0053724000000000003,0.0059382000000000011,0.00068600000000000041,-0.0019959999999999995,0.00054560000000000003,8.9200000000000217e-05,-0.0013180000000000002,-0.0012061999999999997,0.0052192000000000002,0.00063340000000000011,-0.0056606,0.0026528000000000003,0.010040800000000001,-0.007190199999999999,9.5800000000000052e-05,0.00021659999999999995,0.0060168000000000001,-0.0050656,1.9200000000000033e-05,0.00035619999999999988,-0.0005976,0.0026291999999999999,0.0045900000000000003,0.003388,-0.0095639999999999996,0.0067536000000000002,-0.0104294,-0.0042110000000000003,-0.0062046000000000002,0.00050099999999999993,-0.00064679999999999989,0.0027247999999999999,0.0011615999999999994,-0.00032259999999999971,-0.0014162000000000003,-0.00082839999999999997,-0.0011857999999999999,-0.00064619999999999999,-0.0030192000000000001,5.7600000000000058e-05,-0.0016837999999999996,1.3000000000000045e-05,-0.00048779999999999993,-0.0015839999999999999,0.0015584000000000001,-0.00046000000000000001,0.0035655999999999995,-0.00183,-0.0013428000000000003,0.0016380000000000001,0.0016153999999999999,0.0013524000000000001,-0.0048697999999999996,0.00089560000000000009,-0.00059739999999999988,-0.0063974000000000001,-0.0032430000000000002,-0.0039191999999999994,0.0012627999999999999,-0.00086819999999999953,0.0022067999999999996,-0.0007652000000000006,-0.0042712000000000002,0.00036399999999999996,0.0029223999999999999,0.0027181999999999996,0.0023606,0.0031174000000000002,0.0031837999999999997,-0.0062705999999999994,0.0030317999999999994,0.0017590000000000001,0.0023550000000000003,0.0015104000000000007,0.0022805999999999998,0.00051620000000000008,-0.00080980000000000028,-0.0043693999999999998,0.0028506000000000004,-0.0031992000000000001,-0.0059379999999999997,0.0104616,0.0002947999999999999,0.011349600000000001,-0.0042979999999999997,0.0042430000000000002,-0.0021932000000000002,0.00075180000000000017,0.0002613999999999999,0.0035499999999999998,0.0027028,0.0015950000000000003,0.0011792,0.0039941999999999998,0.00037920000000000011,0.0031386000000000001,-0.0014072000000000004,-0.0001874,0.0013045999999999999,0.0011604,0.0029108000000000003,-0.0015342000000000001,0.0048834000000000004,0.0013166,0.0010672000000000004,-0.00023700000000000001,-0.0045926000000000005,-0.0005669999999999999,-0.0041402000000000001,-0.0025732000000000003,-0.001792,0.00069659999999999991,0.0025610000000000003,0.0010896,-0.00068119999999999997,0.0011118,-0.0029789999999999999,-0.0022763999999999996,-0.0036702000000000006,-0.00012560000000000002,5.8199999999999992e-05,-0.0028368,0.0019656000000000005,0.0072052000000000001,-0.0033817999999999995,-0.0014832000000000001,0.0013372,-0.0032263999999999999,0.0022414000000000002,-0.00059579999999999995,0.0086680000000000004,0.0023523999999999997,-0.0032608000000000003,-0.0013776000000000001,0.0020473999999999996,0.00045680000000000026,-0.00033460000000000054,0.0060325999999999991,0.00032240000000000025,0.0016343999999999998,-0.00038779999999999999,-0.00095980000000000002,-0.00085120000000000009,0.0015260000000000002,0.0050577999999999994,0.00091819999999999988,-0.0022034000000000003,0.0035165999999999995,-0.0033721999999999997,5.880000000000002e-05,-0.0011038000000000001,0.00070740000000000006,0.00065839999999999996,-0.0014208000000000003,-0.0036804000000000003,-0.00043100000000000001,-0.0002145999999999998,-0.0027818000000000001,-1.9400000000000038e-05,0.0021031999999999999,-0.00062540000000000013,0.0024114000000000002,0.0023946000000000002,0.00083619999999999983,-0.0018144000000000001,0.00033840000000000009,0.0011059999999999998,0.0023078,0.0020642,0.0020931999999999999,0.0010120000000000001,0.0012928000000000002,-0.0020644000000000001,0.00037320000000000018,0.0010286,-0.0008075999999999999,0.0015994000000000002,-0.00067880000000000002,0.0043642000000000004,-0.00018360000000000013,0.00077200000000000012,0.0012622,-0.00098859999999999985,0.0014705999999999999,-0.001781,-0.00044559999999999999,-0.0014306000000000002,-0.00089819999999999961,-0.00018460000000000004,-0.0010487999999999999,-0.0014253999999999998,0.00074120000000000024,0.0024039999999999999,-0.0002053999999999999,-0.0046350000000000002,-0.0026592000000000005,-0.0013668,-0.0012182,0.0017509999999999997,-0.0005794000000000001,0.0024572000000000001,0.0008916000000000002,-0.0011488000000000006,-0.0011108000000000001,-0.00033260000000000006,0.00013839999999999989,0.0014084,0.0025328,0.0025222,0.0017132000000000002,-0.0055606000000000006,0.0030341999999999999,-0.0009588,-0.0042840000000000005,0.0036426000000000002,-0.0012643999999999999,0.0016262000000000002,-0.0019515999999999999,-0.0005616000000000001,0.00028300000000000005,-0.00046519999999999998,-0.0014000000000000002,-0.0016900000000000003,0.00089959999999999997,-0.00042339999999999999,0.0018914000000000003,7.2400000000000025e-05,0.0018866,0.0013254000000000002,-0.00013080000000000004,0.0013784000000000001,-0.0017477999999999999,-0.0013011999999999998,0.0026560000000000004,-0.00042420000000000017,0.00097899999999999984,-0.00069499999999999987,0.00024360000000000001,-0.0016510000000000001,0.00020060000000000005,0.00019300000000000003,0.00051380000000000002,-5.0400000000000032e-05,-0.0017903999999999997,0.0038059999999999999,0.00017000000000000001,0.0010363999999999998,0.0001073999999999999,0.0030193999999999998,-0.0017232,-0.00074400000000000009,0.00013980000000000004,0.0019466000000000002,-0.00072859999999999993,-0.0010415999999999999,-0.0011944,-0.0013477999999999999,-0.00013019999999999997,0.0019168000000000006,-0.0056360000000000004,-0.0046510000000000006,0.00036059999999999993,0.0012821999999999998,0.00091139999999999993,-0.0050843999999999993,0.0018298000000000001,-0.00076360000000000024,-0.0020778000000000003,-0.00069539999999999999,-0.00067480000000000036,-0.0031030000000000003,0.0029551999999999998,-0.0020350000000000004,0.001353,-0.00098400000000000007,-0.0029287999999999996,8.5800000000000026e-05,-0.00037620000000000015,0.00026340000000000001,0.0015607999999999998,-0.0031432000000000005,-0.0015187999999999998,0.0037023999999999998,-0.0050039999999999998,0.00093540000000000019,0.0013237999999999995,0.00062799999999999998,0.0027322000000000002,-0.0039164000000000004,0.00032800000000000006,0.0002643999999999996,-0.0036096000000000001,0.0023322000000000004
aug_between_class_right_pair0067_child08,TLE,1,1,Augmented,0,0,0,0,0,0.32097310000000001,1.8997603000000001,7.9999999999999996e-07,-9.9999999999999995e-08,9.0000000000000007e-07,0.95210889999999992,0,0.054644100000000001,-0.13170850000000001,0.032835099999999999,0.037740200000000008,-0.086041900000000004,0.093989500000000004,-0.0093536000000000001,0.0232821,-0.0276584,-0.13756870000000002,0.3067339,-0.0576944,-0.015140299999999999,0.1011359,-0.030126799999999999,-0.016423900000000002,0.0020057000000000005,-0.061729400000000004,0.014526000000000001,0.032689000000000003,-0.025799799999999998,0.0047676999999999997,-0.083668099999999995,0.0382148,0.042741099999999997,-0.0107673,0.016474600000000002,0.019778,-0.0534986,0.025465999999999999,-0.052473399999999996,-0.070947700000000002,0.10333059999999999,-0.064656700000000011,0.19667280000000001,-0.043363399999999996,0.0099644999999999994,0.0055438999999999992,-0.011085900000000001,-0.0069839000000000004,0.0099442999999999997,0.027639199999999999,-0.0020763999999999999,-0.0072307000000000005,-0.0063652999999999991,-0.021885699999999998,0.010103400000000002,0.035923099999999999,0.0175394,0.0087582999999999984,-0.0079480000000000002,-0.0041707999999999997,0.025016900000000002,-0.046790600000000002,0.0059407000000000001,-0.005803899999999999,-0.0055033000000000009,0.039611300000000002,-0.075606699999999999,-0.0062007,-0.0254057,-0.032289100000000001,0.021159999999999998,-0.0017315000000000002,-0.0019193999999999997,0.011337699999999999,0.0077174999999999995,0.0056486000000000001,0.00061669999999999954,0.0036128000000000002,0.0017268999999999991,3.9100000000000246e-05,0.0043943999999999997,0.0017913999999999999,-0.012585300000000001,0.0068785000000000001,0.012565300000000001,0.0059201000000000002,-0.00088490000000000096,-0.0093660000000000011,0.022998699999999997,-0.013055799999999999,-0.015291599999999999,0.0091536000000000013,-0.0063937999999999998,0.0104031,-0.0103079,-0.0060098000000000009,0.0054862000000000001,-0.017618700000000001,0.00018929999999999989,0.017963299999999998,-0.0012939999999999991,0.023779799999999997,-0.014113299999999999,0.0060831999999999987,0.0015412999999999998,-0.0035821999999999998,-0.01257,0.010844700000000001,-0.0074000999999999997,-0.0035426000000000003,-0.00018110000000000001,0.0085275000000000004,-0.0056857000000000001,-0.0080164999999999993,0.0024220999999999999,0.0211317,0.0070155999999999994,0.00059389999999999985,0.018485399999999999,0.0022218999999999997,0.0016339999999999996,-0.0052618999999999999,0.0071635999999999991,0.0021477999999999996,0.00013080000000000036,0.0041498000000000004,0.0025972,0.0065118999999999993,-0.0078003000000000005,0.0034913999999999995,0.012058900000000001,0.0023693999999999994,0.0051758000000000012,-0.0021887,-0.0090675999999999986,-0.0040656999999999993,-0.014964700000000001,-0.0073451000000000002,-0.0011797999999999999,-0.0042218999999999998,0.00058250000000000034,0.0033148000000000001,-0.0025098000000000004,6.4700000000000001e-05,-0.00029090000000000008,0.0036086,-0.0030824000000000003,0.00064130000000000003,-0.00080900000000000026,0.0016308,-0.00078919999999999988,-0.00087570000000000009,0.0025161999999999997,0.0060403000000000002,0.0010846999999999999,-0.0011328999999999998,-0.0043017999999999997,-0.0019708,0.0024302999999999998,-0.0057534999999999999,-0.0053258000000000003,-0.0040800000000000003,0.0076021999999999999,0.012295700000000001,-0.0019444999999999998,-0.0039427000000000004,-0.0013114999999999997,-0.0098477000000000009,0.0021877000000000012,-0.011578399999999999,-0.0044796000000000011,0.0069776000000000005,0.0092425000000000007,0.0091605000000000002,-0.0012645000000000009,0.0021790999999999998,0.017478500000000001,0.0019407000000000001,7.0300000000000028e-05,0.0119638,-0.014357799999999997,0.0098630999999999996,-0.0073967,-6.3699999999999976e-05,0.0098651999999999993,-0.017871499999999998,0.0039508,-0.0013715999999999999,-0.0028492999999999999,0.0013261,-0.0040756999999999998,0.0045717999999999991,0.00072929999999999989,0.00069660000000000013,0.0036788999999999997,-0.0070311999999999996,-0.0036145999999999999,0.0022770000000000004,-0.00011929999999999992,0.0023093000000000002,4.7900000000000189e-05,0.0014693,-0.00043650000000000004,-0.0012928,-0.0022912000000000002,-0.0050018000000000007,-0.0064120000000000002,0.0031000000000000003,0.0046806999999999994,-0.0014123999999999999,-0.0052871999999999997,0.0061235999999999999,0.00063550000000000021,-0.0015329999999999999,0.00027880000000000005,9.2599999999999107e-05,-0.0014605,-0.0014071000000000001,0.0053065999999999999,0.00078070000000000006,-0.0061808000000000011,0.0022564000000000004,0.010279900000000002,-0.0074986000000000002,0.00047590000000000002,-0.00014120000000000018,0.0057564000000000001,-0.0049518000000000001,-7.6899999999999972e-05,-9.2400000000000078e-05,-0.0012542999999999999,0.0022735999999999998,0.0048739999999999999,0.0032179999999999999,-0.010196999999999999,0.0068073000000000005,-0.0118812,-0.0037605,-0.0068267999999999992,0.00032949999999999993,-0.00068889999999999999,0.0033193999999999997,0.0014062999999999994,1.1200000000000055e-05,-0.0018701000000000002,-0.00080320000000000001,-0.0012349000000000001,-0.00086059999999999999,-0.0031981000000000002,0.00016530000000000003,-0.0024624000000000004,0.00017700000000000002,-0.00048840000000000005,-0.0015585,0.0016092000000000003,-0.00052149999999999994,0.0037677999999999995,-0.0015314999999999999,-0.0016554000000000004,0.001869,0.0016881999999999999,0.0009012,-0.0043774,0.00099479999999999989,-0.00066270000000000022,-0.0062551999999999998,-0.0033399999999999997,-0.0045246000000000001,0.0011448999999999999,-0.0011630999999999998,0.0018159000000000001,-0.0013211,-0.0039301000000000006,0.00039099999999999985,0.0021661999999999992,0.0026425999999999997,0.0026218000000000005,0.0030027000000000001,0.0029743999999999999,-0.0060248000000000003,0.0033743999999999996,0.0014500000000000008,0.0027140000000000003,0.0018647000000000008,0.0018652999999999999,0.00063110000000000032,-0.0014339000000000001,-0.0043032000000000001,0.0029438000000000003,-0.0034916000000000001,-0.0056285000000000007,0.010054299999999999,2.0900000000000129e-05,0.012068800000000001,-0.0048910000000000012,0.0041240000000000001,-0.0023005999999999999,0.0010433999999999999,0.00017919999999999991,0.0038779999999999995,0.0029129,0.0017925000000000005,0.0012060999999999999,0.0042531000000000001,0.00026460000000000003,0.0036202999999999995,-0.0018576000000000005,-0.0002107,0.0013958,0.0010332,0.0028538999999999999,-0.0017775999999999998,0.0051272000000000002,0.0013867999999999999,0.0014586000000000002,-0.00011500000000000008,-0.0049832999999999995,-0.00074550000000000018,-0.0042571000000000006,-0.0030505999999999997,-0.0018990000000000001,0.00040230000000000002,0.0029105000000000003,0.0010848000000000003,-0.00067009999999999986,0.0012469,-0.0034759999999999999,-0.0022117,-0.0039071000000000002,-0.0001918,2.759999999999999e-05,-0.0026008999999999997,0.0021903000000000001,0.0074646000000000001,-0.0037258999999999999,-0.0016766000000000003,0.0011906,-0.0036061999999999995,0.0024382000000000006,-0.00047789999999999996,0.0088494999999999997,0.0021202,-0.0036599000000000007,-0.0017963000000000002,0.0021471999999999993,0.00073740000000000003,-0.0011098,0.0059357999999999998,0.00037120000000000035,0.0014506999999999999,-0.00058339999999999998,-0.00080539999999999995,-0.0010610999999999999,0.0017985,0.0051413999999999991,0.00079659999999999996,-0.0021192000000000008,0.0028858,-0.0034941,0.00014390000000000003,-0.0013674000000000002,0.0008317000000000001,0.0005736999999999999,-0.0015969000000000001,-0.0038382000000000004,-0.00043199999999999998,-2.2299999999999892e-05,-0.0029869000000000002,-8.8200000000000016e-05,0.0025950999999999999,-0.00080970000000000011,0.0025457000000000001,0.0024963000000000003,0.00062759999999999997,-0.0016946999999999999,0.0004102,0.0012715000000000001,0.0025168999999999999,0.0022426,0.0022976000000000003,0.0011580000000000002,0.0011634000000000002,-0.0020372000000000003,0.00043960000000000006,0.00099329999999999991,-0.00091730000000000002,0.0016927000000000001,-0.00094039999999999987,0.0045266000000000004,-0.00026480000000000004,0.0010730000000000002,0.0012146000000000001,-0.00090930000000000004,0.0017398000000000001,-0.0019350000000000005,-0.00054879999999999946,-0.0014418,-0.0014415999999999999,-0.00025829999999999999,-0.0010428999999999998,-0.0011071999999999998,0.00089559999999999987,0.0023189999999999999,-1.5699999999999785e-05,-0.0051415000000000002,-0.0025906000000000002,-0.0017459000000000001,-0.0011050999999999999,0.0020305000000000002,-0.00050819999999999999,0.0023711000000000001,0.0011853,-0.0018539000000000003,-0.0012769000000000001,-0.00046330000000000004,0.00041520000000000023,0.0021776999999999999,0.0032084000000000001,0.0028075999999999999,0.0016221,-0.0060653000000000009,0.0031910999999999997,-0.0010813999999999999,-0.0044654999999999999,0.0036943000000000002,-0.0012666999999999999,0.0020531000000000004,-0.0018557999999999999,-0.00062629999999999999,0.00037300000000000007,-0.00031610000000000004,-0.0015950000000000001,-0.0018959999999999999,0.0010162999999999999,-0.00048769999999999998,0.0018722000000000003,2.0700000000000015e-05,0.0020508000000000006,0.0014331999999999999,-0.00040990000000000004,0.0016752,-0.0019023999999999998,-0.0014580999999999999,0.0029610000000000001,-0.00065360000000000017,0.0011354999999999998,-0.00083549999999999987,0.00030529999999999999,-0.0017750000000000001,0.00017530000000000003,0.00033349999999999992,0.00043339999999999996,-0.00023070000000000002,-0.0014851999999999999,0.0039885000000000007,0.00020199999999999998,0.0011607,-0.00017630000000000011,0.0033032000000000001,-0.0017926000000000001,-0.0010770000000000003,0.0003299,0.0019827999999999998,-0.00050579999999999993,-0.0010323000000000001,-0.0016787,-0.0012708999999999999,-8.6099999999999979e-05,0.0022054000000000002,-0.0059984999999999995,-0.0049245000000000001,0.00024529999999999995,0.0012656,0.00098970000000000004,-0.0051581999999999991,0.0017649,-0.00087830000000000037,-0.0019624,-0.00066869999999999994,-0.0012593999999999999,-0.003101,0.0029865999999999998,-0.0023890000000000001,0.0013704999999999998,-0.001333,-0.0032118999999999997,0.00011240000000000004,-0.00060760000000000002,0.00082019999999999988,0.0012333999999999999,-0.0035456000000000003,-0.0012213999999999999,0.0040981999999999998,-0.0053404999999999998,0.0013527000000000001,0.00083489999999999986,0.00059800000000000001,0.0028495999999999999,-0.0046107000000000006,0.00038100000000000005,-0.0007013000000000004,-0.0034207999999999999,0.0026071000000000002
aug_between_class_right_pair0068_child05,TLE,1,1,Augmented,0,0,0,0,0,0.30305559999999998,1.9982214,0,-3.9999999999999993e-07,0,0.91247100000000003,0,0.034658800000000003,-0.142508,0.011114200000000001,0.12911520000000001,-0.1073466,0.068117200000000003,-0.0080719999999999993,-0.00032659999999999937,-0.045164200000000002,-0.060718000000000001,0.33755180000000001,-0.059379200000000007,-0.033866599999999997,0.027179999999999996,-0.027148200000000008,-0.018952,0.0025153999999999997,-0.0626578,0.032961600000000001,0.022614800000000001,-0.032678200000000004,0.00019840000000000049,-0.076288000000000009,0.003096800000000002,0.048830400000000003,-0.031344400000000001,0.015399599999999999,-0.0090296000000000005,-0.053245199999999999,0.032253199999999996,-0.062652800000000008,-0.0285556,0.087744000000000003,-0.044469599999999998,0.2052052,-0.052831599999999999,0.0097528000000000007,-0.0034738,-0.013843000000000001,-0.013775599999999999,0.0056752,0.042688400000000001,-0.0067889999999999999,-0.0133946,-0.022124999999999999,-0.020452599999999998,0.022250199999999998,0.037412399999999998,0.026452200000000002,0.0159328,-0.015751000000000001,-0.0087784000000000004,0.019217399999999999,-0.042262000000000001,0.0024810000000000001,0.013554,0.011745400000000001,0.030480199999999999,-0.081511,-0.023620400000000003,-0.032104799999999996,0.00066799999999999846,0.0064159999999999998,0.00085379999999999961,0.00087959999999999991,0.013212600000000001,0.0061668000000000001,0.0049183999999999999,-0.0016575999999999995,0.010262199999999999,0.00070299999999999963,-0.0030961999999999995,0.0042182000000000001,0.0029476000000000003,-0.018816200000000002,0.0021142000000000001,0.0071649999999999995,0.0054764000000000002,-0.0040607999999999998,-0.0048298000000000004,0.013427399999999999,-0.014412400000000001,-0.0042059999999999997,-0.011922400000000001,-0.0134524,0.013600800000000001,-0.0122022,0.0026461999999999996,0.0079565999999999994,-0.0112646,0.0061246,0.0038261999999999984,5.9599999999999497e-05,0.015839800000000001,-0.0097478000000000009,0.0025490000000000001,-0.0014320000000000001,-0.0034264,-0.0064172000000000005,0.0084440000000000001,-0.0035430000000000001,-0.0052167999999999997,-0.0021705999999999995,0.0025616000000000002,-0.0044311999999999997,-0.0038608000000000002,0.0058857999999999992,0.019594399999999998,0.0093721999999999972,0.0002310000000000003,0.0081466000000000004,-0.0086015999999999992,6.3400000000000782e-05,-0.011790999999999999,0.013058200000000001,-0.0065244000000000005,0.0025612000000000013,0.012482399999999999,-0.0048214,-0.0060264000000000003,-0.0051972000000000008,-0.005267599999999999,0.0020362000000000002,0.0030461999999999998,0.0028560000000000009,0.0020777999999999994,-0.017065999999999998,-0.0013588000000000003,-0.0117328,-0.0043974000000000001,0.0063275999999999992,0.00032880000000000002,0.0040776000000000007,-0.012551,0.0059087999999999979,-0.0011274,0.00036399999999999996,0.004552399999999999,-0.0007672,-0.0013262000000000003,-0.0017458000000000005,-0.0024797999999999999,-0.0049808000000000005,0.0027321999999999997,0.0019995999999999998,0.002431,0.0013569999999999997,-0.0028113999999999995,-0.0064053999999999995,-0.0076889999999999997,-0.0062824000000000005,-0.00023800000000000015,-0.0037308000000000003,0.00062919999999999946,0.0081793999999999999,0.0025732000000000003,-0.0053841999999999996,-0.0058055999999999993,-0.0070159999999999997,-0.0068584000000000006,0.0003395999999999998,-0.0044129999999999994,0.0058989999999999997,-0.00031020000000000006,0.0099436000000000004,0.00045979999999999892,-0.0089715999999999997,0.0030639999999999999,0.0150478,-0.0039144000000000002,0.0031765999999999999,0.0092890000000000004,-0.0128536,-0.0087944000000000008,-0.012722199999999999,0.0053971999999999996,-0.0007670000000000001,-0.0026316,0.0069557999999999998,4.2800000000000173e-05,-0.00045739999999999973,0.0013208,-0.0054018,-0.0010220000000000001,0.0037609999999999996,0.0039707999999999992,-0.00089339999999999992,-0.00046740000000000019,-0.00082839999999999997,-0.00026360000000000012,-0.0024361999999999999,0.0020746000000000002,0.0023664000000000003,-0.00094219999999999981,0.00098120000000000021,0.0014050000000000004,-0.00015740000000000009,-0.00013359999999999999,-0.0021253999999999999,-0.0003392,0.0026777999999999997,-0.0021549999999999998,-0.0068275999999999996,0.0039932000000000006,-0.0015353999999999997,0.0010453999999999999,-0.0042989999999999999,0.00045360000000000018,-0.00046420000000000001,0.0038613999999999992,0.0013434000000000002,-0.00022300000000000032,-0.0087385999999999991,-0.0022317999999999999,0.0137032,-0.0022367999999999997,0.00098080000000000042,0.0022339999999999994,0.0098925999999999997,0.0030863999999999991,0.0046306000000000003,-0.0033217999999999998,0.0068386000000000011,-0.0038015999999999996,0.0037282000000000001,0.0029942000000000007,-0.013813199999999999,0.00031820000000000025,-0.0102708,0.0043227999999999999,-0.0069274000000000002,0.0034527999999999998,-0.00052460000000000007,0.00069180000000000001,-0.0037932,-8.3199999999999854e-05,-0.00095379999999999998,-0.0031222000000000003,0.00020239999999999999,0.0013035999999999998,-0.0022684000000000003,0.00097160000000000009,0.0010298,-0.0018464,0.0015493999999999998,-0.0045191999999999993,-0.00017679999999999991,-0.00032459999999999998,0.0060585999999999999,-0.00025000000000000044,0.0017685999999999999,-0.00019980000000000009,0.0005038000000000001,0.0015681999999999998,-0.0045388,-0.00095119999999999949,0.0019919999999999998,0.00079580000000000015,0.0045402000000000003,0.0014962,-0.0017704000000000003,0.0057710000000000001,-0.0033407999999999997,-0.00025780000000000009,-0.0016634000000000002,-0.00025259999999999996,0.010093,0.0038366000000000003,-0.00025140000000000004,-0.0016243999999999998,-0.0050549999999999996,0.00088600000000000007,0.0010741999999999991,-0.0032243999999999997,0.0078955999999999991,-0.0003340000000000001,-0.0003393999999999999,-0.0007134000000000001,-0.0045741999999999996,-0.0016186,0.0019556,-0.0046217999999999997,0.0065853999999999999,0.00082459999999999999,0.0048809999999999999,-0.0018160000000000003,-0.015818200000000001,0.0027968000000000003,0.00065200000000000024,0.0012279999999999999,-0.00025600000000000004,0.0030032000000000001,0.00092160000000000007,0.0047012,0.0020642,0.00014859999999999982,1.0000000000000026e-05,0.00086660000000000014,-0.00081440000000000017,0.0014514000000000005,0.0016067999999999998,0.00035540000000000002,0.0027421999999999998,0.0007317999999999999,0.00060479999999999996,-0.00047960000000000038,6.4600000000000025e-05,-0.0027109999999999999,0.00022980000000000016,-0.0011700000000000005,0.00020239999999999993,-0.0007716,-0.0024305999999999998,0.0031364000000000001,-0.00071179999999999985,-0.0035018000000000002,-0.0009153999999999997,-0.0017079999999999999,-0.00058740000000000007,0.00024419999999999997,-0.0037844000000000003,0.0011380000000000003,0.0011168,-0.0046503999999999998,0.0030190000000000008,-0.00023419999999999995,0.0010675999999999999,0.00021819999999999988,-0.00030879999999999992,0.0042322000000000002,0.0009324,-0.0015370000000000002,0.0053936000000000001,0.0036132,-0.0039136000000000006,0.0021240000000000005,-0.0024419999999999997,-0.0041491999999999996,-0.00050559999999999971,0.00020760000000000006,-0.0024694000000000001,0.0014399999999999999,-0.0052600000000000008,0.00017179999999999973,-0.0015645999999999998,0.0023715999999999997,0.015631199999999998,0.00036939999999999998,0.0074533999999999998,-0.0035602000000000012,0.0005013999999999995,-0.00012800000000000008,-0.0010939999999999999,0.0019196,-0.0009720000000000001,-0.00027500000000000002,-0.0026910000000000002,-0.0023828,-0.0013209999999999999,0.00036499999999999998,0.00053779999999999995,0.0012444000000000001,-0.0018242,0.0016126000000000001,-0.00042999999999999999,0.00076599999999999997,-0.0027328000000000001,-0.0022376000000000002,-8.0400000000000003e-05,0.004688799999999999,0.0016332000000000004,-0.0002301999999999999,-0.00014979999999999985,0.00043159999999999997,-0.0013452,-0.00066360000000000008,-0.0018502,3.6599999999999751e-05,0.0026678000000000001,-0.0012796000000000001,0.0034016000000000003,-0.0014331999999999999,-0.0010768000000000002,-0.00048860000000000006,0.00014319999999999988,-0.0015782000000000001,0.0047188000000000004,0.0027758000000000001,-0.0025433999999999999,0.00099540000000000002,-0.0017579999999999998,-0.0021092000000000003,-0.0016084000000000001,-0.0024576000000000003,0.0040618,0.0017312000000000004,-0.00048299999999999992,-0.00035100000000000007,-0.0027557999999999992,-0.0026061999999999995,0.00069920000000000008,-0.0016421999999999999,0.0041062,0.00063400000000000001,0.0020515999999999998,0.002225,-0.0020759999999999997,-0.00061479999999999998,0.00043500000000000017,-0.0007080000000000003,0.003209,0.0030368000000000001,0.00052099999999999976,0.0010455999999999998,-0.0076668000000000005,0.0024904000000000003,0.0014507999999999999,-0.00039319999999999991,0.0077029999999999998,-0.0030563999999999999,-0.00010799999999999997,0.0016337999999999999,-0.00044640000000000006,0.00070760000000000007,-0.00070139999999999981,-0.00025160000000000015,-0.00077059999999999997,0.0011524,0.00096359999999999979,-0.00084959999999999994,-0.0019170000000000001,0.0022220000000000005,-0.00078120000000000002,-0.0015018,0.00054980000000000003,-0.00024980000000000011,-0.0013573999999999999,3.3600000000000004e-05,-0.0014378000000000001,-9.9600000000000036e-05,-0.0011513999999999999,-0.0013651999999999998,-0.0010296000000000001,0.0010046,0.00029919999999999995,-0.00066600000000000003,-0.0017115999999999998,-0.0018027999999999998,0.00067019999999999992,-0.0016734000000000002,0.00043999999999999985,0.00012480000000000005,0.00057820000000000007,0.0016088000000000001,0.0034159999999999998,-0.0044176000000000007,0.0033847999999999999,-0.00052120000000000009,-0.00053039999999999999,0.0033625999999999994,0.0017795999999999997,0.0035767999999999998,0.0026768000000000004,-0.0017977999999999998,0.00041819999999999997,-0.0010976,-0.0037320000000000001,0.0026045999999999999,-0.0043775999999999997,0.0031409999999999997,-1.8000000000000004e-05,0.00017620000000000005,-0.0013736,0.00043340000000000023,-0.0028046,0.00087520000000000013,-0.0023231999999999997,-0.0016332,0.0030532000000000003,0.00036279999999999993,0.0024698000000000003,0.0018636,-0.0012148,0.0005878000000000003,0.0028748000000000003,-0.00039079999999999996,0.0021298000000000003,7.9399999999999978e-05,0.0059449999999999989,0.0044317999999999996,-0.0040578000000000003,5.9200000000000436e-05,-0.002313,-0.0013522000000000009,-0.0011634000000000002
aug_between_class_right_pair0068_child06,TLE,1,1,Augmented,0,0,0,0,0,0.29963519999999999,1.9843008,0,-2.9999999999999993e-07,0,0.90022000000000002,0,0.035302100000000003,-0.14358199999999999,0.011199900000000002,0.13032840000000001,-0.1105917,0.068839900000000009,-0.009270999999999998,-0.002461699999999999,-0.044062400000000002,-0.060016000000000007,0.34285359999999998,-0.062193400000000003,-0.038395200000000004,0.022734500000000005,-0.030533400000000006,-0.0192675,0.0028397999999999995,-0.060545099999999998,0.0345817,0.0225361,-0.032867400000000005,-1.4699999999999869e-05,-0.074749999999999997,0.00029810000000000079,0.047989799999999999,-0.031264800000000002,0.0152117,-0.0093376999999999991,-0.053773399999999999,0.031350900000000001,-0.062090099999999995,-0.028861700000000001,0.08282500000000001,-0.046911700000000001,0.20737040000000001,-0.050485700000000001,0.0097786000000000001,-0.0043715999999999998,-0.0140445,-0.0128737,0.0065903999999999997,0.043266300000000001,-0.0074349999999999989,-0.013196699999999999,-0.022685999999999998,-0.0209757,0.023168399999999999,0.037484799999999999,0.026304899999999999,0.0169161,-0.017429500000000001,-0.009360799999999999,0.019768800000000003,-0.041903999999999997,0.0040295000000000001,0.013603499999999999,0.013669800000000001,0.030828899999999999,-0.080287499999999998,-0.022807300000000003,-0.032518600000000002,0.0013104999999999992,0.0071934999999999994,0.0012370999999999994,0.00095969999999999996,0.012993700000000002,0.0071815999999999998,0.004474800000000001,-0.0015992000000000003,0.010648400000000001,-9.8999999999999262e-05,-0.0038313999999999996,0.0040894,0.0026087000000000003,-0.018012900000000002,0.0024069,0.006757,0.0047993000000000011,-0.0043806000000000001,-0.0038546000000000014,0.011199300000000002,-0.013114300000000001,-0.004075500000000001,-0.012200800000000001,-0.0136203,0.014339599999999999,-0.012167899999999999,0.0030013999999999987,0.0077012000000000001,-0.0095072000000000004,0.0044957,0.0033178999999999986,0.0012491999999999996,0.015258600000000001,-0.0090251000000000012,0.0019730000000000004,-0.0014350000000000001,-0.0031903000000000001,-0.0060204000000000004,0.0082815000000000007,-0.0032435000000000003,-0.0048681000000000002,-0.0024386999999999998,0.0024527000000000004,-0.0048643999999999996,-0.0037680999999999999,0.0063720999999999995,0.018618800000000001,0.010322899999999998,-0.00051899999999999971,0.0072372000000000001,-0.0085021999999999997,-0.0005371999999999994,-0.0120865,0.013040900000000001,-0.0070838000000000003,0.0038609000000000004,0.0133618,-0.0058697999999999997,-0.0054918000000000007,-0.0046404000000000011,-0.0056737000000000003,0.0017048999999999996,0.0028594000000000002,0.0028130000000000004,0.0023181,-0.0172865,-0.00055309999999999995,-0.0116106,-0.0040168000000000001,0.0073461999999999998,0.00022560000000000006,0.0056802000000000007,-0.013902499999999998,0.0065125999999999977,-0.0012707999999999999,0.00044099999999999993,0.0045817999999999987,-0.00085190000000000005,-0.0015729000000000001,-0.00089410000000000097,-0.0028116,-0.0048620999999999994,0.0035143999999999991,0.0023871999999999999,0.0028075000000000001,0.0019069999999999996,-0.0032222999999999996,-0.0068112999999999993,-0.0081495000000000005,-0.0062047999999999999,-0.00043150000000000003,-0.0035321000000000003,0.00085840000000000005,0.0080312999999999999,0.0017419000000000004,-0.0058079000000000004,-0.0056527000000000001,-0.0066829999999999997,-0.0067388000000000005,0.00042869999999999974,-0.0030994999999999998,0.0064189999999999994,-0.00079890000000000039,0.010969699999999999,-0.00021639999999999941,-0.0099751999999999983,0.0031075,0.015401100000000001,-0.0042537999999999994,0.0031362,0.0089739999999999993,-0.013435700000000002,-0.0099422999999999994,-0.012528899999999999,0.0062249000000000002,-0.000397,-0.0028002000000000001,0.0068330999999999999,0.0001206,-8.7300000000000008e-05,0.0011885999999999999,-0.0050061000000000003,-0.00086049999999999994,0.0040099999999999997,0.0046225999999999993,-0.0010272999999999999,-0.0003062999999999998,-0.0010328,-0.00068519999999999952,-0.0020819000000000002,0.0016322000000000003,0.0022203000000000006,-0.0012608999999999999,0.00079589999999999999,0.00079200000000000039,0.00027719999999999985,-0.00045719999999999984,-0.0020143000000000001,-0.00041490000000000016,0.0030845999999999998,-0.0019160000000000002,-0.0067257000000000011,0.0037329000000000004,-0.0020373000000000001,0.0013127999999999996,-0.0042325000000000002,0.0003931999999999998,-0.00064389999999999998,0.0042172999999999993,0.0010748000000000001,0.00025849999999999983,-0.0091187000000000004,-0.003127099999999999,0.0138759,-0.0018956000000000001,0.00062960000000000012,0.0027809999999999996,0.0094382000000000008,0.0035482999999999995,0.0043596999999999993,-0.0034945999999999996,0.0070392000000000015,-0.0047586999999999994,0.0035048999999999992,0.0024114000000000002,-0.0140369,0.00028590000000000039,-0.010013600000000001,0.0049940999999999996,-0.0072717999999999993,0.0037666000000000002,-0.00069069999999999982,0.00079709999999999981,-0.0034644000000000003,-4.5399999999999911e-05,-0.00042060000000000003,-0.0034303999999999997,3.130000000000011e-05,0.0013121999999999999,-0.0021237999999999999,0.00079220000000000017,0.00036310000000000075,-0.0017043000000000002,0.0015558,-0.0051778999999999992,-0.00029209999999999989,-0.00034920000000000003,0.0058022000000000004,0.00031449999999999968,0.0019062,-8.5600000000000129e-05,2.5100000000000339e-05,0.0017388999999999998,-0.0042686,-0.0012333999999999997,0.0023600000000000001,0.001797599999999999,0.0047218999999999994,0.0011823999999999999,-0.0013388,0.0051740000000000006,-0.0035111000000000001,-0.00023360000000000004,-0.0014298000000000004,-0.00021220000000000006,0.010172,0.0037756999999999999,-0.00028729999999999999,-0.0021612999999999997,-0.0054384999999999989,0.0011069999999999999,0.0018758999999999994,-0.0029692999999999998,0.0073512000000000004,4.5499999999999534e-05,-0.00046779999999999999,-0.0003078,-0.0039279000000000007,-0.00096269999999999993,0.0020701999999999999,-0.0044646,0.0064207999999999999,0.0013382000000000003,0.0049645000000000002,-0.001412500000000001,-0.016167399999999998,0.0025961000000000005,0.00064550000000000002,0.0012309999999999999,-6.1500000000000031e-05,0.0029253999999999999,0.00073870000000000012,0.0048033999999999993,0.0022574000000000006,5.4200000000000125e-05,-0.00015149999999999989,0.00061320000000000027,-0.00078280000000000005,0.0011628000000000003,0.0018805999999999998,0.00021630000000000005,0.0029789,0.00092960000000000004,0.00049709999999999999,-0.0011067000000000002,2.3200000000000022e-05,-0.0027460000000000002,3.3600000000000058e-05,-0.0010690000000000001,0.00027629999999999994,-0.00080369999999999997,-0.0027006999999999995,0.0033927999999999996,-0.00089709999999999985,-0.0033946000000000002,-0.0010457999999999999,-0.0016394999999999999,-0.00062429999999999994,0.00051889999999999987,-0.0037763000000000002,0.00089900000000000028,0.0013215999999999998,-0.0044307999999999995,0.0034559999999999999,-0.00070089999999999996,0.0010071999999999998,0.00073239999999999959,-0.00079909999999999985,0.0041349000000000004,0.0010337999999999999,-0.0012245000000000001,0.0057696999999999991,0.0042099000000000008,-0.0034981999999999999,0.0018085000000000002,-0.0025574999999999999,-0.0038674,-0.00096619999999999931,-6.7299999999999955e-05,-0.0024218,0.0013825000000000003,-0.0052099999999999994,0.0004000999999999998,-0.0016681999999999999,0.0027916999999999998,0.015303899999999999,0.00068929999999999968,0.007619299999999999,-0.0042959000000000009,0.00060979999999999975,-0.00022349999999999998,-0.00093399999999999993,0.0018692000000000001,-0.0010614999999999999,6.3999999999999875e-05,-0.0027205000000000003,-0.0025575999999999997,-0.0014174999999999997,0.00033549999999999997,0.00064059999999999996,0.0013208,-0.0018638999999999999,0.0014951999999999999,-0.00050149999999999978,0.00056800000000000004,-0.0027336000000000001,-0.0024061999999999998,3.1999999999998609e-06,0.0048825999999999991,0.0015154000000000003,-0.00032989999999999994,-0.00019409999999999989,0.00022320000000000006,-0.0011324000000000002,-0.00064819999999999993,-0.0020808999999999997,0.00060619999999999934,0.0027011000000000001,-0.0013727000000000001,0.0036406999999999998,-0.0012888999999999999,-0.0015465999999999998,-0.00036120000000000011,0.00032689999999999976,-0.0016128999999999996,0.0044216000000000004,0.0028990999999999999,-0.0027477999999999999,0.00096330000000000027,-0.0022889999999999994,-0.0019629000000000001,-0.0012898000000000002,-0.0023137000000000001,0.0047201000000000005,0.0019219000000000003,-0.00062699999999999995,-0.00062549999999999975,-0.0026845999999999997,-0.0033488999999999993,0.00081040000000000007,-0.0012744,0.0041248999999999999,0.00045649999999999987,0.0022797,0.00215,-0.0024194999999999998,-0.00082109999999999995,8.7500000000000257e-05,-0.00095650000000000032,0.0035620000000000001,0.0026795999999999999,0.00075049999999999943,0.00095170000000000009,-0.0072611000000000012,0.0030133,0.0012076000000000001,-0.0005239,0.0070480000000000004,-0.0029947999999999997,-2.700000000000006e-05,0.0016946000000000001,-0.00061629999999999996,0.00079270000000000013,-0.00071429999999999996,7.6299999999999795e-05,-0.00073019999999999997,0.0010307999999999999,0.0010561999999999998,-0.00095319999999999997,-0.0020249999999999999,0.0021675000000000002,-0.0006399,-0.0015056,0.00077310000000000009,-0.00022060000000000005,-0.0014298000000000002,-0.0002032999999999999,-0.0018561000000000001,3.6799999999999973e-05,-0.0013977999999999998,-0.0015258999999999995,-0.00072520000000000028,0.0013611999999999999,0.00025339999999999998,-0.00078150000000000008,-0.0019656999999999999,-0.0021465999999999998,0.00077489999999999981,-0.0013718000000000001,0.00065999999999999967,0.00029360000000000003,0.00068540000000000007,0.0015050999999999999,0.0035615000000000004,-0.0047602000000000009,0.0035921000000000004,-0.00038190000000000007,-0.00053629999999999997,0.0035546999999999996,0.0020851999999999997,0.0034151000000000003,0.0030030999999999999,-0.0020450999999999998,0.00048489999999999991,-0.0011607,-0.0042100000000000002,0.0026441999999999998,-0.0048006999999999998,0.0034109999999999991,-0.00026399999999999997,0.00017490000000000008,-0.0017812000000000001,0.00022380000000000024,-0.0033001999999999992,0.0012038999999999999,-0.0028518999999999997,-0.0013999000000000001,0.0036124,0.00023960000000000002,0.0024315999999999999,0.0020412,-0.0011136,0.0011791000000000002,0.0029921000000000001,-0.00056559999999999987,0.0027431000000000001,-1.6699999999999918e-05,0.0060769999999999991,0.0042240999999999997,-0.0039205999999999998,-0.00066209999999999945,-0.0021765,-0.00042690000000000089,-0.0012938000000000001
aug_between_class_right_pair0068_child07,TLE,1,1,Augmented,0,0,0,0,0,0.2962148,1.9703802000000001,-5.2939559203393771e-23,-1.9999999999999999e-07,0,0.88796900000000001,0,0.035945400000000002,-0.14465599999999998,0.0112856,0.13154160000000001,-0.11383680000000002,0.069562600000000002,-0.010469999999999998,-0.0045968000000000016,-0.042960600000000002,-0.059314000000000006,0.3481554,-0.065007599999999999,-0.042923799999999998,0.018289,-0.033918600000000007,-0.019583,0.0031642000000000003,-0.058432399999999995,0.036201799999999999,0.022457400000000002,-0.033056599999999998,-0.00022779999999999979,-0.073211999999999999,-0.0025006000000000021,0.047149200000000002,-0.031185200000000003,0.0150238,-0.0096458000000000012,-0.054301599999999998,0.030448599999999999,-0.061527399999999996,-0.029167800000000001,0.077906000000000003,-0.049353800000000003,0.20953559999999999,-0.048139799999999996,0.0098043999999999996,-0.0052694000000000013,-0.014246,-0.011971799999999999,0.0075056000000000003,0.0438442,-0.0080809999999999996,-0.0129988,-0.023246999999999997,-0.021498799999999998,0.0240866,0.037557199999999999,0.0261576,0.017899400000000003,-0.019108,-0.009943200000000001,0.0203202,-0.041546,0.0055780000000000014,0.013653,0.015594200000000001,0.0311776,-0.079064000000000009,-0.021994199999999998,-0.032932400000000001,0.0019529999999999999,0.0079710000000000007,0.0016203999999999999,0.0010398,0.012774799999999999,0.0081964000000000013,0.0040312000000000004,-0.0015408000000000002,0.0110346,-0.00090100000000000076,-0.0045666000000000005,0.0039605999999999999,0.0022697999999999998,-0.017209599999999999,0.0026995999999999999,0.0063489999999999996,0.0041221999999999995,-0.0047004000000000004,-0.002879399999999999,0.0089711999999999986,-0.011816199999999999,-0.0039450000000000006,-0.012479200000000003,-0.013788199999999997,0.0150784,-0.0121336,0.0033565999999999995,0.0074457999999999998,-0.0077497999999999985,0.0028667999999999992,0.0028095999999999989,0.0024388000000000009,0.014677399999999998,-0.0083023999999999997,0.0013969999999999996,-0.001438,-0.0029541999999999997,-0.0056235999999999994,0.0081189999999999995,-0.0029439999999999996,-0.0045193999999999998,-0.0027068000000000001,0.0023437999999999996,-0.0052975999999999995,-0.0036753999999999997,0.0068583999999999997,0.017643200000000001,0.011273599999999998,-0.0012690000000000006,0.0063277999999999997,-0.0084028000000000002,-0.0011378,-0.012382000000000001,0.0130236,-0.0076432000000000002,0.0051606000000000013,0.014241199999999999,-0.0069182000000000002,-0.0049571999999999993,-0.0040835999999999997,-0.0060797999999999998,0.0013736,0.0026725999999999998,0.0027700000000000008,0.0025584000000000006,-0.017506999999999998,0.00025260000000000126,-0.011488399999999999,-0.0036362,0.0083648000000000004,0.00012239999999999997,0.0072828000000000025,-0.015254000000000002,0.0071163999999999993,-0.0014142,0.00051800000000000001,0.0046112000000000002,-0.00093660000000000011,-0.0018196,-4.2400000000000163e-05,-0.0031434000000000002,-0.0047434,0.0042966000000000002,0.0027748000000000009,0.0031840000000000006,0.002457,-0.0036332000000000001,-0.0072172,-0.0086099999999999996,-0.0061272000000000002,-0.00062500000000000023,-0.0033334000000000007,0.0010876000000000002,0.0078831999999999999,0.00091059999999999926,-0.0062316000000000003,-0.0054998,-0.0063499999999999997,-0.0066192000000000004,0.00051779999999999968,-0.0017859999999999994,0.0069389999999999999,-0.0012876000000000007,0.011995800000000001,-0.00089260000000000034,-0.010978799999999999,0.0031510000000000002,0.015754400000000002,-0.0045932000000000004,0.0030957999999999997,0.008659,-0.0140178,-0.0110902,-0.012335599999999999,0.0070526,-2.6999999999999897e-05,-0.0029687999999999997,0.0067104,0.00019840000000000005,0.00028280000000000037,0.0010563999999999999,-0.0046103999999999997,-0.00069899999999999997,0.0042589999999999998,0.0052743999999999994,-0.0011611999999999998,-0.00014519999999999941,-0.0012372000000000001,-0.0011068000000000002,-0.0017275999999999999,0.0011897999999999998,0.0020742,-0.0015796,0.00061059999999999977,0.00017899999999999985,0.00071180000000000017,-0.00078080000000000011,-0.0019032000000000001,-0.00049060000000000032,0.0034914,-0.0016769999999999997,-0.0066238,0.0034726000000000002,-0.0025391999999999997,0.0015802000000000001,-0.0041660000000000004,0.00033280000000000028,-0.00082360000000000007,0.0045732000000000004,0.00080619999999999986,0.00074000000000000021,-0.0094988,-0.0040224000000000006,0.0140486,-0.0015543999999999998,0.00027839999999999939,0.0033280000000000002,0.0089838000000000001,0.0040101999999999985,0.0040888000000000001,-0.0036674000000000003,0.0072397999999999994,-0.0057157999999999992,0.0032815999999999991,0.0018285999999999997,-0.0142606,0.00025359999999999966,-0.0097564000000000001,0.005665400000000001,-0.0076162000000000001,0.0040804000000000005,-0.00085680000000000001,0.00090240000000000014,-0.0031355999999999997,-7.5999999999999679e-06,0.00011260000000000016,-0.0037386000000000008,-0.00013980000000000004,0.0013207999999999996,-0.0019792,0.00061279999999999993,-0.00030359999999999979,-0.0015621999999999999,0.0015622000000000001,-0.0058366000000000008,-0.00040740000000000004,-0.00037379999999999998,0.0055458,0.00087900000000000001,0.0020438000000000001,2.8600000000000045e-05,-0.00045360000000000018,0.0019096,-0.0039984,-0.0015156,0.0027280000000000004,0.0027993999999999996,0.0049036000000000001,0.00086859999999999997,-0.00090719999999999993,0.0045770000000000003,-0.0036814,-0.00020940000000000021,-0.0011962000000000001,-0.00017179999999999995,0.010251,0.0037147999999999999,-0.00032320000000000005,-0.0026981999999999996,-0.0058219999999999999,0.0013279999999999998,0.0026776000000000005,-0.0027141999999999995,0.0068068,0.0004249999999999996,-0.00059619999999999986,9.7800000000000317e-05,-0.0032815999999999995,-0.00030679999999999987,0.0021847999999999998,-0.0043073999999999994,0.0062562,0.0018518000000000007,0.0050480000000000004,-0.0010089999999999999,-0.016516599999999999,0.0023954000000000002,0.00063899999999999981,0.0012340000000000001,0.00013300000000000009,0.0028476,0.00055579999999999996,0.0049055999999999995,0.0024506000000000003,-4.0200000000000218e-05,-0.00031300000000000002,0.00035979999999999996,-0.00075119999999999994,0.00087419999999999989,0.0021543999999999999,7.7199999999999925e-05,0.0032156000000000003,0.0011274,0.00038939999999999992,-0.0017338000000000008,-1.8200000000000009e-05,-0.0027809999999999996,-0.00016260000000000005,-0.00096799999999999979,0.00035020000000000016,-0.00083580000000000004,-0.0029708,0.0036492,-0.0010824000000000001,-0.0032874000000000002,-0.0011762000000000001,-0.0015709999999999999,-0.00066120000000000003,0.00079359999999999999,-0.0037682000000000002,0.00066000000000000021,0.0015264,-0.0042112,0.0038930000000000011,-0.0011676000000000008,0.00094679999999999981,0.0012465999999999998,-0.0012894,0.0040376000000000006,0.0011352000000000001,-0.00091199999999999983,0.0061457999999999999,0.0048066000000000003,-0.0030828000000000001,0.001493,-0.002673,-0.0035855999999999996,-0.0014267999999999998,-0.00034220000000000019,-0.0023741999999999999,0.0013250000000000002,-0.0051599999999999997,0.00062839999999999999,-0.0017717999999999998,0.0032117999999999999,0.0149766,0.0010091999999999998,0.0077851999999999991,-0.0050316000000000015,0.0007182,-0.00031900000000000006,-0.00077399999999999995,0.0018187999999999998,-0.0011509999999999997,0.00040300000000000015,-0.0027499999999999998,-0.0027324000000000003,-0.0015139999999999999,0.00030599999999999996,0.00074339999999999996,0.0013972000000000001,-0.0019036000000000001,0.0013778,-0.00057299999999999994,0.00036999999999999989,-0.0027344000000000001,-0.0025748000000000004,8.6799999999999725e-05,0.0050764,0.0013976000000000001,-0.00042959999999999998,-0.00023840000000000005,1.4799999999999926e-05,-0.00091960000000000002,-0.00063279999999999988,-0.0023116,0.0011758000000000003,0.0027344000000000005,-0.0014658000000000002,0.0038798000000000001,-0.0011446,-0.0020164000000000007,-0.00023379999999999994,0.00051060000000000016,-0.0016475999999999995,0.0041244000000000003,0.0030224000000000006,-0.0029521999999999999,0.00093120000000000008,-0.00282,-0.0018165999999999998,-0.00097119999999999986,-0.0021697999999999999,0.0053784000000000002,0.0021126000000000001,-0.00077099999999999998,-0.00090000000000000019,-0.0026134000000000001,-0.0040915999999999999,0.00092160000000000007,-0.0009065999999999997,0.0041436000000000008,0.00027899999999999973,0.0025078000000000001,0.002075,-0.0027629999999999998,-0.0010274000000000004,-0.00026000000000000003,-0.0012050000000000003,0.0039150000000000001,0.0023223999999999996,0.00097999999999999997,0.00085779999999999993,-0.0068553999999999993,0.0035362000000000006,0.00096439999999999991,-0.00065459999999999997,0.0063929999999999994,-0.0029331999999999995,5.4000000000000039e-05,0.0017553999999999998,-0.00078620000000000014,0.00087779999999999998,-0.0007271999999999999,0.00040420000000000023,-0.00068980000000000007,0.00090919999999999998,0.0011488,-0.0010568000000000001,-0.0021329999999999999,0.0021130000000000003,-0.00049859999999999987,-0.0015093999999999999,0.00099640000000000015,-0.00019139999999999988,-0.0015022000000000004,-0.00044020000000000007,-0.0022744000000000006,0.00017320000000000006,-0.0016442000000000002,-0.0016865999999999999,-0.00042079999999999982,0.0017178000000000002,0.00020759999999999995,-0.00089700000000000012,-0.0022198000000000005,-0.0024904000000000003,0.00087959999999999991,-0.0010701999999999999,0.00087999999999999992,0.00046240000000000013,0.00079260000000000008,0.0014013999999999999,0.0037070000000000002,-0.0051028000000000011,0.0037993999999999997,-0.00024259999999999991,-0.00054220000000000006,0.0037468000000000002,0.0023907999999999998,0.0032533999999999996,0.0033294000000000002,-0.0022924,0.00055159999999999996,-0.0012238000000000004,-0.0046880000000000003,0.0026838000000000001,-0.0052238000000000007,0.0036809999999999994,-0.00051000000000000004,0.00017359999999999999,-0.0021888000000000003,1.420000000000002e-05,-0.0037958000000000002,0.0015326000000000003,-0.0033806000000000005,-0.0011665999999999998,0.0041716000000000001,0.00011639999999999993,0.0023934000000000004,0.0022187999999999999,-0.0010124000000000001,0.0017704000000000001,0.0031094,-0.00074040000000000011,0.0033564000000000003,-0.00011280000000000014,0.0062090000000000001,0.0040163999999999998,-0.0037834000000000001,-0.0013833999999999999,-0.0020399999999999997,0.00049839999999999997,-0.0014241999999999998
aug_between_class_right_pair0068_child08,TLE,1,1,Augmented,0,0,0,0,0,0.29279440000000001,1.9564596000000001,0,-9.9999999999999995e-08,0,0.875718,0,0.036588700000000002,-0.14573,0.011371299999999999,0.13275480000000001,-0.1170819,0.070285299999999995,-0.011668999999999999,-0.0067319000000000007,-0.041858800000000002,-0.058612000000000011,0.35345719999999997,-0.067821800000000002,-0.047452399999999992,0.013843500000000002,-0.037303800000000005,-0.0198985,0.0034886000000000001,-0.0563197,0.037821899999999999,0.022378700000000001,-0.033245799999999999,-0.00044089999999999971,-0.071674000000000002,-0.0052993000000000033,0.046308599999999998,-0.031105600000000004,0.014835899999999999,-0.0099538999999999999,-0.054829799999999998,0.029546299999999998,-0.060964699999999997,-0.029473900000000004,0.072986999999999996,-0.051795900000000006,0.21170079999999999,-0.045793899999999998,0.0098302000000000007,-0.0061672000000000012,-0.0144475,-0.011069899999999999,0.0084208000000000009,0.044422099999999999,-0.0087270000000000004,-0.012800899999999999,-0.023807999999999996,-0.022021900000000001,0.025004800000000001,0.037629599999999999,0.0260103,0.018882700000000002,-0.020786499999999999,-0.010525600000000001,0.020871600000000001,-0.041187999999999995,0.0071265000000000009,0.013702499999999999,0.017518599999999999,0.0315263,-0.077840500000000007,-0.021181100000000001,-0.033346199999999999,0.0025955000000000006,0.0087484999999999993,0.0020036999999999998,0.0011198999999999998,0.012555900000000002,0.009211200000000001,0.0035875999999999998,-0.0014824,0.0114208,-0.0017029999999999997,-0.0053017999999999997,0.0038317999999999998,0.0019309000000000006,-0.016406299999999999,0.0029923000000000003,0.0059410000000000001,0.0034451000000000004,-0.0050202000000000007,-0.0019042,0.0067431000000000001,-0.010518099999999999,-0.0038145000000000002,-0.012757600000000001,-0.013956099999999999,0.015817200000000003,-0.0120993,0.0037118000000000003,0.0071903999999999996,-0.0059923999999999993,0.0012378999999999997,0.0023012999999999992,0.0036284000000000008,0.0140962,-0.0075797,0.0008209999999999999,-0.0014410000000000004,-0.0027180999999999998,-0.0052268000000000002,0.0079565,-0.0026445000000000001,-0.0041706999999999994,-0.0029748999999999999,0.0022349000000000002,-0.0057307999999999994,-0.0035827000000000003,0.0073446999999999991,0.016667600000000001,0.012224299999999997,-0.002019,0.0054183999999999994,-0.008303399999999999,-0.0017383999999999989,-0.0126775,0.0130063,-0.0082026000000000009,0.0064603000000000004,0.015120600000000001,-0.0079666000000000008,-0.0044226000000000014,-0.0035268000000000009,-0.0064859000000000002,0.0010422999999999995,0.0024857999999999998,0.0027270000000000003,0.0027987000000000003,-0.0177275,0.0010583000000000016,-0.0113662,-0.0032555999999999991,0.0093834000000000001,1.9199999999999979e-05,0.0088854000000000016,-0.016605499999999999,0.0077201999999999991,-0.0015576000000000001,0.00059500000000000004,0.0046405999999999999,-0.0010212999999999999,-0.0020663000000000001,0.00080929999999999978,-0.0034751999999999995,-0.0046246999999999998,0.0050787999999999996,0.0031624000000000001,0.0035605000000000007,0.0030070000000000001,-0.0040441000000000001,-0.0076231000000000007,-0.0090704999999999987,-0.0060496000000000005,-0.00081850000000000022,-0.0031347000000000002,0.0013168000000000003,0.0077351,7.930000000000003e-05,-0.0066553000000000003,-0.0053468999999999999,-0.0060169999999999998,-0.0064996000000000003,0.00060689999999999963,-0.00047249999999999896,0.0074590000000000004,-0.0017763000000000002,0.013021899999999999,-0.0015688000000000004,-0.011982399999999999,0.0031945000000000003,0.016107699999999999,-0.0049326000000000005,0.0030553999999999998,0.0083440000000000007,-0.014599899999999999,-0.012238099999999998,-0.0121423,0.0078803000000000015,0.00034299999999999999,-0.0031374000000000003,0.0065877000000000002,0.00027619999999999988,0.00065290000000000053,0.00092419999999999991,-0.0042147,-0.0005375,0.0045079999999999999,0.0059262000000000004,-0.0012951,1.5900000000000115e-05,-0.0014416000000000001,-0.0015284000000000005,-0.0013732999999999998,0.00074739999999999984,0.0019281000000000003,-0.0018982999999999999,0.00042529999999999998,-0.00043399999999999998,0.0011464000000000001,-0.0011044,-0.0017921,-0.00056630000000000048,0.0038982000000000001,-0.001438,-0.0065218999999999997,0.0032123,-0.0030410999999999993,0.0018476000000000002,-0.0040995000000000007,0.00027240000000000077,-0.0010032999999999999,0.0049291000000000005,0.00053760000000000006,0.0012214999999999999,-0.0098788999999999995,-0.0049176999999999997,0.014221300000000001,-0.0012132,-7.2800000000000035e-05,0.003875,0.0085294000000000012,0.0044720999999999997,0.0038178999999999999,-0.0038402000000000002,0.0074404000000000015,-0.006672899999999999,0.003058299999999999,0.0012458,-0.0144843,0.00022130000000000023,-0.0094991999999999993,0.0063367000000000007,-0.0079606,0.0043942000000000009,-0.0010229,0.0010076999999999998,-0.0028068000000000004,3.0199999999999975e-05,0.00064580000000000008,-0.0040468000000000006,-0.00031090000000000002,0.0013293999999999997,-0.0018346,0.00043339999999999996,-0.00097030000000000033,-0.0014200999999999999,0.0015685999999999999,-0.0064953000000000007,-0.00052269999999999997,-0.00039840000000000003,0.0052893999999999997,0.0014434999999999999,0.0021814,0.0001428,-0.00093229999999999984,0.0020803000000000002,-0.0037282000000000001,-0.0017977999999999998,0.0030960000000000002,0.0038012000000000002,0.0050853000000000001,0.00055480000000000004,-0.00047560000000000007,0.00398,-0.0038517,-0.00018519999999999995,-0.00096259999999999987,-0.00013139999999999994,0.010329999999999999,0.0036538999999999999,-0.00035910000000000011,-0.0032351000000000003,-0.0062054999999999992,0.0015489999999999996,0.003479299999999999,-0.0024590999999999997,0.0062623999999999996,0.00080449999999999966,-0.00072459999999999994,0.0005034000000000002,-0.0026353000000000001,0.00034910000000000019,0.0022994000000000001,-0.0041501999999999997,0.0060916,0.0023654000000000001,0.0051314999999999998,-0.0006054999999999997,-0.0168658,0.0021946999999999999,0.00063249999999999982,0.001237,0.00032750000000000005,0.0027698000000000002,0.00037289999999999996,0.0050078000000000006,0.0026438,-0.00013460000000000034,-0.00047449999999999999,0.00010640000000000009,-0.00071959999999999982,0.00058559999999999992,0.0024282000000000001,-6.1900000000000041e-05,0.0034523000000000002,0.0013252000000000001,0.00028169999999999996,-0.0023609000000000008,-5.9599999999999985e-05,-0.0028159999999999999,-0.00035880000000000005,-0.00086699999999999982,0.00042410000000000017,-0.00086790000000000001,-0.0032409000000000001,0.0039056,-0.0012676999999999999,-0.0031802000000000002,-0.0013065999999999998,-0.0015024999999999999,-0.00069810000000000011,0.0010682999999999997,-0.0037601000000000002,0.00042100000000000015,0.0017312,-0.0039915999999999997,0.0043300000000000005,-0.0016342999999999996,0.00088639999999999986,0.0017608000000000001,-0.0017796999999999999,0.0039403000000000007,0.0012366,-0.00059949999999999999,0.0065218999999999997,0.0054032999999999998,-0.0026673999999999999,0.0011775000000000002,-0.0027885000000000002,-0.0033038,-0.0018873999999999996,-0.0006171000000000002,-0.0023266000000000003,0.0012675000000000002,-0.00511,0.00085669999999999984,-0.0018753999999999999,0.0036319000000000004,0.014649299999999999,0.0013290999999999995,0.0079510999999999991,-0.0057673000000000021,0.00082659999999999982,-0.00041450000000000005,-0.00061399999999999996,0.0017683999999999998,-0.0012404999999999998,0.00074199999999999993,-0.0027795000000000003,-0.0029072,-0.0016105,0.00027649999999999994,0.00084619999999999986,0.0014736,-0.0019433,0.0012603999999999998,-0.00064449999999999989,0.00017200000000000006,-0.0027352000000000001,-0.0027434,0.00017040000000000002,0.0052702000000000001,0.0012798000000000002,-0.00052929999999999991,-0.00028269999999999977,-0.00019360000000000004,-0.00070680000000000005,-0.00061740000000000005,-0.0025422999999999999,0.0017453999999999998,0.0027677000000000005,-0.0015589,0.0041189,-0.0010003,-0.0024862,-0.00010639999999999998,0.00069430000000000002,-0.0016822999999999999,0.0038272000000000002,0.0031457000000000004,-0.0031565999999999999,0.00089910000000000012,-0.0033509999999999998,-0.0016703,-0.00065259999999999992,-0.0020259000000000002,0.0060367000000000007,0.0023032999999999999,-0.00091500000000000012,-0.0011744999999999998,-0.0025421999999999997,-0.0048342999999999997,0.0010328000000000002,-0.00053879999999999976,0.0041622999999999999,0.00010150000000000003,0.0027359000000000003,0.002,-0.0031064999999999999,-0.0012337000000000001,-0.00060749999999999997,-0.0014535000000000004,0.0042680000000000001,0.0019651999999999998,0.0012094999999999996,0.00076390000000000008,-0.0064496999999999992,0.0040590999999999986,0.00072120000000000018,-0.00078529999999999995,0.005738,-0.0028716000000000002,0.00013500000000000003,0.0018162,-0.00095610000000000009,0.00096290000000000004,-0.00074009999999999983,0.00073210000000000007,-0.00064939999999999996,0.00078760000000000006,0.0012413999999999999,-0.0011603999999999998,-0.0022409999999999999,0.0020585000000000004,-0.00035729999999999985,-0.0015131999999999999,0.0012197000000000002,-0.00016219999999999993,-0.0015746000000000002,-0.00067710000000000003,-0.0026927000000000001,0.00030960000000000004,-0.0018906000000000001,-0.0018472999999999999,-0.0001163999999999999,0.0020743999999999997,0.00016179999999999992,-0.0010125000000000002,-0.0024739000000000002,-0.0028341999999999998,0.00098430000000000002,-0.00076859999999999993,0.0010999999999999998,0.00063120000000000006,0.00089980000000000008,0.0012976999999999999,0.0038525,-0.0054453999999999995,0.0040067000000000002,-0.00010329999999999996,-0.00054810000000000004,0.0039388999999999987,0.0026963999999999998,0.0030916999999999997,0.0036557000000000004,-0.0025396999999999998,0.00061830000000000001,-0.0012869000000000003,-0.0051660000000000005,0.0027234,-0.0056468999999999998,0.0039510000000000005,-0.00075600000000000016,0.00017230000000000001,-0.0025964000000000004,-0.00019539999999999987,-0.0042913999999999999,0.0018613000000000006,-0.0039093000000000001,-0.00093329999999999997,0.0047308000000000012,-6.8000000000000298e-06,0.0023552,0.0023963999999999999,-0.00091120000000000003,0.0023617000000000004,0.0032266999999999999,-0.00091520000000000013,0.0039697000000000014,-0.00020890000000000004,0.0063409999999999994,0.0038086999999999999,-0.0036462,-0.0021047000000000001,-0.0019034999999999998,0.0014237000000000004,-0.0015546000000000004
aug_between_class_right_pair0069_child05,TLE,1,1,Augmented,0,0,0,0,0,0.31219779999999997,2.1990204000000002,0,-9.9999999999999995e-07,0,0.91582419999999998,0,0.042671000000000001,-0.13718240000000001,0.039580199999999996,0.11775620000000001,-0.082046599999999997,0.073877799999999993,0.0056592000000000005,-0.013938599999999999,-0.0074251999999999999,-0.099201399999999995,0.34495680000000001,-0.086071400000000006,0.0043775999999999989,0.063346200000000005,0.0076299999999999996,-0.028024,-0.0016430000000000001,-0.042322799999999994,0.030024599999999999,0.0322104,-0.053385799999999997,0.00030639999999999964,-0.088873800000000003,0.0172864,0.057056999999999997,-0.034593199999999998,0.023090599999999999,-0.0030992000000000016,-0.052219799999999997,0.041312599999999998,-0.0490716,-0.019446799999999997,0.10589520000000001,-0.0090901999999999997,0.1882152,-0.067901799999999998,0.0059740000000000001,-0.0112798,-0.001255,-0.021979800000000001,-0.0021312000000000002,0.0361398,-0.0021510000000000001,-0.00056079999999999932,-0.025431599999999999,-0.020388200000000002,0.0216546,0.0265238,0.027051200000000001,0.018273600000000001,-0.016160599999999997,0.0032764000000000001,0.0058548000000000003,-0.040512399999999997,-0.0021664000000000002,0.0010826,0.0092624000000000005,0.039883399999999999,-0.11540360000000001,0.004442999999999999,-0.06809939999999999,-0.019092599999999998,0.0106724,-0.0029488000000000001,-0.0017719999999999995,0.013149999999999998,0.0116554,-0.0016188000000000001,-0.0161332,0.0060385999999999999,0.0078151999999999996,0.00051400000000000013,0.0057638000000000003,0.014142800000000001,-0.0152306,-0.00084939999999999972,0.0082056000000000004,0.012156,-0.012694800000000001,-0.0087136000000000002,0.024079400000000001,-0.011785800000000001,-0.0090857999999999998,-0.0099097999999999999,-0.0092023999999999995,0.0053743999999999997,-0.0064530000000000004,-0.0048647999999999999,0.017775399999999997,-0.010956199999999999,0.00051499999999999983,0.0092490000000000003,-0.010541800000000002,0.028993399999999999,-0.0033664000000000003,0.0032442,0.0019083999999999995,0.0011169999999999999,-0.0059497999999999999,0.011191600000000001,-0.0050964000000000001,-0.0042274000000000001,-0.00041660000000000004,0.0039195999999999996,-0.0042272000000000004,-0.0076384000000000001,0.0072881999999999999,0.012481600000000001,0.0038041999999999998,0.0029163999999999995,0.008542000000000001,-0.0056787999999999995,0.0071811999999999987,-0.013753600000000001,0.010817199999999999,-0.004153200000000001,-0.0094634000000000003,0.0107332,0.0030823999999999999,0.0048015999999999996,-0.0036218000000000005,-0.0028266000000000003,0.00093419999999999961,0.0048084,-0.001333,-0.0021768000000000004,-0.0147914,-0.0055904000000000006,-0.0076893999999999999,0.0046763999999999998,-0.0042776000000000003,0.0017312,0.00037880000000000005,0.00035999999999999981,0.00083020000000000012,-0.0012351999999999999,0.00060159999999999988,0.0028724000000000002,-0.00027599999999999999,-0.0003030000000000001,-0.0058826,0.00086499999999999999,-0.0035198,0.0048365999999999999,0.0023626000000000003,4.5799999999999921e-05,0.0008833999999999999,-0.0038192,-0.0052484000000000003,-0.0047726000000000001,-0.0044557999999999993,-0.0030244,-0.001751599999999999,-0.0022542,0.0095247999999999999,0.0075242,-0.00054520000000000013,-0.0060035999999999996,-0.0033752000000000001,-0.00060840000000000026,-0.0070486000000000004,-0.012139,0.010635,0.0078702000000000008,0.0063006,0.0058760000000000001,-0.0134368,0.001866,0.0113048,-0.00013540000000000058,0.0036634000000000007,0.0050147999999999998,-0.0054130000000000003,0.0029168000000000002,-0.014168,-0.0017528000000000001,0.0016050000000000001,-0.010670799999999999,0.012439199999999999,0.0040416000000000002,-0.0031050000000000001,0.00010219999999999999,-0.0040996000000000001,-0.00064280000000000023,0.00021319999999999998,-0.0015798000000000001,-0.0024289999999999997,-0.0025469999999999998,0.00096400000000000001,0.0032789999999999998,-0.00072400000000000025,0.0031758000000000003,0.0012179999999999999,1.9599999999999989e-05,0.0024848000000000001,-0.0010422000000000001,-0.0020977999999999999,0.0015296000000000001,0.0011488000000000002,0.0024635999999999998,0.0001246000000000001,-0.0035320000000000004,-0.0023569999999999997,0.0064159999999999998,0.00092619999999999985,8.4199999999999987e-05,0.0012588000000000005,0.0035234000000000003,-0.0026903999999999999,-0.0028508000000000001,-0.0019036000000000001,-0.0045954000000000004,0.00052840000000000005,0.00021419999999999989,0.0078045999999999992,0.0031603999999999998,-0.00020959999999999967,-0.001186,0.0043782000000000005,-0.0032597999999999998,0.0037824,0.0046391999999999996,0.0078663999999999991,0.00054159999999999994,-0.0051064000000000005,0.0090349999999999996,-0.010796199999999999,0.0069978000000000002,-0.014797399999999999,0.0010632000000000003,-0.0041260000000000003,0.0035890000000000002,-0.0028152000000000003,0.0012656,-0.0011563999999999999,0.0003078,0.002454,-0.00060060000000000007,6.2600000000000058e-05,-0.00075999999999999993,-0.0039788000000000002,0.0012252000000000001,0.0009094000000000001,-0.001523,0.0011144000000000002,-0.0050866000000000001,-0.0022973999999999998,0.0013478000000000001,0.0016785999999999999,0.00036999999999999967,0.00071219999999999964,-0.00022659999999999998,-0.00033699999999999984,0.0030378000000000002,-0.0076168,0.00070239999999999994,0.0055745999999999999,-0.00054819999999999999,-0.0010466,0.0033800000000000002,0.0039097999999999997,0.0024957999999999998,0.0021127999999999997,0.0011464000000000001,-0.0035523999999999998,-0.0037223999999999998,0.0053598000000000005,0.00048899999999999996,-0.0011769999999999999,0.0015823999999999999,0.0016148,-0.0016194000000000002,0.0014835999999999998,-0.0027682000000000006,0.0048396000000000003,-0.0023389999999999999,0.0052603999999999993,-0.0015800000000000005,-0.00098740000000000004,-0.0035182000000000004,0.0031585999999999993,-0.0063766000000000005,-0.002841999999999999,0.0069249999999999997,0.0056401999999999997,0.0041083999999999999,-0.0119404,0.0013635999999999995,-9.3800000000000112e-05,0.00073479999999999997,0.00034519999999999988,0.0020420000000000004,-4.3800000000000035e-05,-0.0027156000000000003,0.0020492000000000002,0.0019636000000000002,-0.00060300000000000002,0.00086520000000000011,0.00063520000000000004,-0.0025653999999999998,0.002209,-0.0011588,0.00088739999999999999,0.00080520000000000006,0.0014818000000000001,0.0046779999999999999,0.0012194,-0.0017622,-0.0010224000000000001,0.0011397999999999998,-0.0023484000000000005,0.0021862000000000001,-0.0028205999999999999,0.0026211999999999997,0.0031710000000000002,-0.0038715999999999998,-0.0012918000000000001,-0.0036894000000000002,-0.0031917999999999998,0.00037319999999999975,-0.0017568,-0.0015512,0.0049039999999999995,-0.00089720000000000002,0.0030031999999999997,0.0022930000000000003,-0.0013996,0.00035360000000000014,0.0011800000000000001,0.0039350000000000001,0.00069340000000000005,0.0010253999999999999,0.0069516000000000005,0.00088980000000000005,-0.0023671999999999999,0.00011679999999999994,-0.0020407999999999997,-0.0020005999999999999,0.0032012,0.0041353999999999991,-0.0025115999999999997,0.0021811999999999999,-0.0030658,0.0011894000000000002,-0.0025856,-0.0029908000000000001,0.018634999999999999,0.00090959999999999978,-0.0008545999999999992,0.0053106000000000004,-0.0052392000000000003,0.0010647999999999999,-2.0999999999999968e-05,0.0014260000000000002,-0.0016555999999999997,-0.00081539999999999998,-0.0018188000000000002,-0.0015616,0.00035659999999999999,-0.0017426000000000002,-0.0017761999999999999,0.00082219999999999993,0.00049139999999999991,0.0002588,0.00059660000000000008,-0.00020679999999999993,-0.00050060000000000013,-0.0021195999999999997,-0.003323,0.0011112000000000001,-0.0013600000000000001,0.0027355999999999999,0.0024712000000000002,-0.00022160000000000007,-0.0019832000000000001,-0.0015118,-0.0022894,-0.0010127999999999999,0.0030374,-0.0010571999999999999,0.0024980000000000002,-0.00035340000000000002,-0.00032879999999999997,-0.0018106000000000001,0.00023599999999999999,0.00062660000000000005,0.00028959999999999999,0.0021178,0.0005669999999999999,0.0014999999999999998,7.8199999999999949e-05,-0.0034159999999999998,-0.0049880000000000002,0.001111,-0.00052220000000000001,-0.00091280000000000007,-0.0022637999999999998,-2.9599999999999906e-05,0.0027790000000000002,-0.00017779999999999988,-0.00046919999999999975,0.0003529999999999998,0.0041248000000000005,0.0035493999999999999,0.0016226000000000003,-0.0018610000000000002,5.8200000000000005e-05,-0.0002145999999999999,0.0022672,0.00073519999999999998,0.0012880000000000001,0.0011719999999999999,-0.00058540000000000003,0.0034037999999999994,-0.0041853999999999997,0.0031245999999999999,0.0012052,0.0018786000000000002,0.0033976000000000006,-0.0028983999999999998,-0.00030440000000000003,0.00010099999999999999,-0.00025420000000000005,-0.0013482000000000001,0.0020389999999999996,0.00033079999999999996,0.0016862000000000001,-0.00053640000000000003,0.0014146,-0.00067820000000000001,0.00043159999999999992,0.00077740000000000003,-0.00070720000000000006,-0.0002342,-0.00049440000000000009,-0.00050819999999999988,-0.0017689999999999997,0.001124,-0.0013108,0.0017071999999999999,-0.0017546,-0.0012936,-0.0021319999999999998,0.00043219999999999993,0.00051920000000000004,-0.0021320000000000002,0.00054100000000000003,0.0013002000000000001,-6.2200000000000008e-05,-0.0028847999999999994,-0.00031300000000000002,0.00067579999999999973,0.0002604000000000001,0.0019395999999999997,0.00081360000000000004,-0.0015646,0.00050080000000000003,-0.00076900000000000004,0.00052439999999999995,-0.0010976,0.0015448,0.0024443999999999998,0.00092200000000000008,-0.0027060000000000001,0.0022599999999999999,-6.7599999999999908e-05,-0.0049329999999999999,-0.00047059999999999995,-0.001588,0.0010776,-0.00034639999999999996,0.00092260000000000042,-0.0041062,1.8799999999999806e-05,-0.00020299999999999995,0.0018844000000000001,-0.0006552000000000002,-0.0023041999999999997,0.00085920000000000018,-0.0017426000000000002,0.0035567999999999997,0.0018034000000000001,-0.0018984,-0.0050304000000000008,0.0075236000000000001,0.00074499999999999989,0.0009412,0.00039720000000000006,0.0051360000000000008,0.0064918000000000007,-0.0046185999999999996,0.0014053999999999998,-0.0024831999999999996,-0.0034162000000000003,0.00095699999999999995
aug_between_class_right_pair0069_child06,TLE,1,1,Augmented,0,0,0,0,0,0.3065021,2.2046868000000002,0,-9.9999999999999995e-07,0,0.91255989999999998,0,0.042103500000000002,-0.13707330000000001,0.0393359,0.1149519,-0.078740199999999996,0.067760600000000004,0.0066658999999999998,-0.014797700000000004,-0.0031179000000000033,-0.10308229999999999,0.34700609999999998,-0.085636299999999999,0.010792700000000002,0.067305900000000002,0.0080990000000000003,-0.028746999999999998,-0.00099100000000000056,-0.0409886,0.027933200000000002,0.0321788,-0.0541231,0.0012992999999999993,-0.089724100000000001,0.018378800000000001,0.058210999999999999,-0.034411900000000002,0.023027699999999998,-0.004568899999999999,-0.051524100000000003,0.042940199999999998,-0.046483700000000003,-0.019589099999999998,0.1038979,-0.010523899999999999,0.18641089999999999,-0.068175100000000002,0.0058935000000000003,-0.012051599999999999,-0.00047749999999999963,-0.0229176,-0.0028028999999999997,0.033931099999999999,-0.0020414999999999999,-0.00045560000000000045,-0.025644699999999999,-0.019764900000000002,0.022274700000000001,0.0258806,0.027025900000000002,0.0169582,-0.016103699999999999,0.0040267999999999988,0.0037501000000000027,-0.038663799999999998,-0.004528299999999999,0.0011212000000000001,0.010554299999999999,0.0407953,-0.11842920000000001,0.0047989999999999994,-0.070462299999999992,-0.020477699999999998,0.010068799999999999,-0.0028851000000000003,-0.0022319999999999996,0.012682000000000001,0.012592799999999999,-0.0025930999999999992,-0.017232400000000002,0.0051302000000000006,0.0086139000000000007,0.00028600000000000023,0.0058751000000000003,0.0143401,-0.0150677,-0.00067130000000000011,0.0081561999999999989,0.012576,-0.0137831,-0.0079766999999999998,0.0239808,-0.010397100000000001,-0.0095241000000000006,-0.009896099999999998,-0.011290799999999998,0.0061518000000000007,-0.0064264999999999999,-0.0052030999999999996,0.0196413,-0.0117889,0.00015400000000000049,0.0059560000000000012,-0.0124201,0.027417300000000002,-0.0021848000000000006,0.0027564,0.0024697999999999994,0.0013089999999999998,-0.0063485999999999994,0.010577700000000001,-0.0047068000000000006,-0.0039198000000000002,-0.00022320000000000022,0.0043046999999999998,-0.0039313999999999998,-0.0082772999999999996,0.0074993999999999998,0.0120307,0.0046784000000000001,0.0030517999999999995,0.0088450000000000004,-0.0045736000000000006,0.0075673999999999984,-0.0144732,0.011007899999999999,-0.0047568999999999997,-0.0091442999999999993,0.010244899999999999,0.0036672999999999992,0.0051177000000000002,-0.0034756000000000006,-0.0029906999999999998,-0.00040459999999999975,0.0044998,-0.0014089999999999999,-0.0016416000000000004,-0.0146663,-0.0051883000000000007,-0.0074532999999999995,0.0045002999999999979,-0.0047637000000000001,0.0015303999999999999,-0.0001323999999999998,0.0021964999999999992,0.0010793999999999995,-0.0015788999999999996,0.00097819999999999982,0.0025878000000000003,-0.00012350000000000013,-0.00039350000000000019,-0.0068266999999999998,0.0011749999999999998,-0.0034831000000000003,0.0044762000000000005,0.0027057000000000001,-0.0001278999999999998,0.0012637999999999998,-0.0039458999999999996,-0.0052287999999999996,-0.0048102000000000006,-0.0045750999999999995,-0.0028127999999999998,-0.0012607,-0.0022019000000000001,0.0094931000000000008,0.0080318999999999981,-0.00038940000000000009,-0.0059852000000000004,-0.0028439000000000003,-0.00073680000000000013,-0.0080447000000000001,-0.011828,0.011429,0.0082973999999999999,0.0050852000000000007,0.0051770000000000002,-0.014285599999999999,0.00197,0.0112911,0.0007301999999999991,0.0038427999999999999,0.0043361000000000007,-0.0056629999999999996,0.0026340999999999999,-0.013584500000000001,-0.00053510000000000038,0.0014940000000000001,-0.0107201,0.013558899999999999,0.0055017,-0.0030745,-3.7600000000000047e-05,-0.0043306999999999998,-0.00040260000000000014,0.00037940000000000001,-0.0022645999999999999,-0.002359,-0.0030244999999999998,0.0008495000000000001,0.0031294999999999999,-0.00067350000000000005,0.0038056000000000001,0.0010860000000000002,0.00019919999999999996,0.0031256000000000005,-0.0011798999999999998,-0.0026320999999999996,0.0016187,0.0010636,0.0026886999999999996,0.00041019999999999989,-0.0031770000000000001,-0.0026595,0.006417,0.00099789999999999992,-0.00041659999999999983,0.00078010000000000037,0.0035682999999999999,-0.0030248000000000002,-0.0028640999999999996,-0.0022621999999999998,-0.004559800000000001,0.00080830000000000008,-0.00023510000000000002,0.0078106999999999994,0.0033737999999999997,0.00020230000000000031,-0.0012995000000000003,0.0042513999999999998,-0.0041545999999999996,0.0035738000000000002,0.0044218999999999994,0.0080942999999999987,0.00053469999999999993,-0.0055637999999999998,0.0088215000000000012,-0.010799899999999999,0.0074451000000000005,-0.016718299999999998,0.00049190000000000084,-0.0040674999999999999,0.0034624999999999999,-0.0029169,0.0011137,-0.0012832999999999998,0.0004261,0.0024319999999999997,-0.00048970000000000003,0.00013669999999999996,-0.00087099999999999992,-0.0040181000000000001,0.00088640000000000008,0.0010608000000000002,-0.0014365000000000003,0.0011803,-0.0052966999999999997,-0.0023617999999999998,0.0012866000000000002,0.0015202,0.00031799999999999971,0.0011448999999999995,-0.00037169999999999998,-0.00050149999999999978,0.0029061,-0.0076506000000000005,0.00074229999999999999,0.0059831999999999993,-0.00028539999999999989,-0.0012146999999999995,0.0031424999999999999,0.0043130999999999994,0.0024071000000000001,0.0027390999999999995,0.00098180000000000012,-0.0032332999999999997,-0.0044112999999999999,0.0053371,0.00038950000000000003,-0.001341,0.0018162999999999999,0.0015120999999999999,-0.0012078000000000002,0.0017021999999999996,-0.0020409000000000004,0.0043617000000000005,-0.0020785000000000001,0.0056552999999999994,-0.00082950000000000016,-0.00092130000000000011,-0.0026039000000000001,0.0033876999999999996,-0.0063532000000000007,-0.0038209999999999989,0.0073219999999999995,0.0054114000000000002,0.0047527999999999997,-0.0108868,0.0020856999999999994,0.00019839999999999984,0.00077959999999999998,0.00066639999999999972,0.0023029999999999999,-0.0002206,-0.0036446999999999998,0.0024954,0.0020886999999999998,-0.00056700000000000001,0.00054640000000000027,0.00087589999999999999,-0.0028172999999999996,0.0024324999999999998,-0.0012831000000000001,0.00085279999999999991,0.00078790000000000002,0.0014820999999999997,0.0051655,0.0010198000000000002,-0.0016784000000000002,-0.00075930000000000019,0.0013276,-0.0021408,0.0020324000000000002,-0.0031852,0.0030033999999999998,0.0028925000000000001,-0.0038006999999999997,-0.0011856000000000002,-0.0037802999999999999,-0.0031551000000000001,0.0005983999999999998,-0.0020870999999999997,-0.0013134000000000002,0.0052970000000000005,-0.00079239999999999996,0.0030158999999999997,0.0022110000000000003,-0.0012767,0.00022170000000000013,0.0012934999999999999,0.0040280000000000003,0.00060479999999999996,0.0013137999999999995,0.0073737000000000004,0.00074310000000000001,-0.0022964000000000001,-0.00019439999999999998,-0.0020106000000000004,-0.0021592,0.0029389000000000004,0.0047802999999999995,-0.0023791999999999997,0.0021174000000000002,-0.0031130999999999997,0.00076130000000000024,-0.0028766999999999998,-0.0029131000000000001,0.019470000000000001,0.0016541999999999996,-0.0010586999999999997,0.0052937000000000001,-0.0050339,0.00098209999999999986,6.8999999999999997e-05,0.0011995000000000003,-0.0017826999999999999,-0.00070430000000000004,-0.0019551,-0.0015991999999999998,0.00027169999999999999,-0.0016447,-0.0017009,0.00072840000000000014,0.0009377999999999997,0.00027510000000000002,0.00054370000000000004,-0.00030959999999999994,-0.00011620000000000033,-0.0022721999999999998,-0.0031634999999999996,0.0009559000000000002,-0.0015315000000000001,0.0026337000000000005,0.0026459000000000001,-5.8200000000000141e-05,-0.0023718999999999997,-0.0015371,-0.0027713000000000004,-0.0011580999999999998,0.0031047999999999996,-0.00059139999999999996,0.0023115000000000002,-0.00013129999999999988,-0.00057509999999999994,-0.0019497000000000002,0.0002455,0.00048720000000000013,0.00040719999999999998,0.0020431,0.00099499999999999979,0.0017209999999999999,0.00014039999999999994,-0.0036179999999999997,-0.0052185,0.001122,-0.00051039999999999983,-0.0010980999999999999,-0.0025826,-0.00026669999999999987,0.0029779999999999997,-0.00041859999999999977,-0.00063189999999999969,0.00042749999999999971,0.0045000999999999999,0.0036582999999999997,0.0016256999999999997,-0.002532,3.5399999999999993e-05,8.4299999999999826e-05,0.0021234000000000001,0.0009078999999999999,0.00076100000000000039,0.0010624999999999999,-0.0009547999999999999,0.0043085999999999992,-0.0040707999999999994,0.0033156999999999996,0.0012634,0.0017577000000000001,0.0022152000000000005,-0.0028457999999999999,-0.00042580000000000005,-1.2999999999999964e-05,-0.00018990000000000001,-0.0013409000000000001,0.0023399999999999996,8.9600000000000064e-05,0.0016589000000000003,-0.00053479999999999999,0.0012637,-0.00049340000000000007,0.00034320000000000016,0.00046930000000000008,-0.00077890000000000001,-0.00023139999999999999,-0.00032580000000000011,-0.00061839999999999985,-0.0020549999999999995,0.0012899999999999999,-0.0013351000000000001,0.0015549000000000001,-0.0014252000000000002,-0.0016182,-0.0022269999999999998,0.0005288999999999999,0.00040640000000000007,-0.0021854999999999999,0.0002895000000000001,0.0013619000000000001,-5.1900000000000001e-05,-0.0034420999999999992,-0.00057950000000000005,0.00098459999999999997,9.6300000000000064e-05,0.0019486999999999998,0.00084719999999999999,-0.0016712000000000001,0.00048459999999999996,-0.00075900000000000002,0.00078629999999999976,-0.0010497,0.0012931000000000002,0.0024652999999999997,0.00097300000000000002,-0.0028444999999999998,0.0022289999999999996,-0.00010120000000000007,-0.0051395000000000008,-0.00045869999999999998,-0.0017104999999999998,0.0010507000000000001,-0.00037779999999999997,0.00045720000000000038,-0.0042813999999999994,4.8599999999999989e-05,-9.6000000000000057e-05,0.0022022999999999999,-0.00039240000000000032,-0.0024073999999999996,0.00053290000000000032,-0.0016012000000000003,0.0043405999999999991,0.0014843,-0.0019073,-0.0050572999999999998,0.0080536999999999987,0.00074700000000000016,0.0011833999999999998,0.00051240000000000009,0.0050465000000000006,0.0060455999999999999,-0.0042037000000000003,0.0015342999999999997,-0.0021448999999999999,-0.0032234000000000004,0.00095600000000000004
aug_between_class_right_pair0069_child07,TLE,1,1,Augmented,0,0,0,0,0,0.30080639999999997,2.2103532000000001,-5.2939559203393771e-23,-9.9999999999999995e-07,0,0.90929559999999998,0,0.041535999999999997,-0.13696420000000001,0.039091599999999997,0.1121476,-0.075433799999999995,0.061643400000000001,0.0076725999999999999,-0.015656800000000005,0.0011894000000000036,-0.10696319999999999,0.34905540000000002,-0.085201200000000005,0.017207800000000002,0.071265600000000012,0.008568000000000001,-0.02947,-0.00033900000000000033,-0.039654399999999999,0.025841800000000002,0.032147200000000001,-0.054860400000000004,0.0022922000000000003,-0.090574399999999999,0.019471200000000001,0.059365000000000001,-0.0342306,0.0229648,-0.0060385999999999999,-0.050828400000000003,0.044567799999999998,-0.043895799999999999,-0.019731399999999996,0.10190060000000001,-0.011957600000000002,0.18460659999999998,-0.068448399999999993,0.0058130000000000005,-0.0128234,0.00029999999999999992,-0.023855399999999999,-0.0034746000000000004,0.031722399999999998,-0.0019319999999999999,-0.00035040000000000071,-0.0258578,-0.019141600000000002,0.0228948,0.0252374,0.027000600000000003,0.015642799999999998,-0.0160468,0.0047771999999999997,0.0016454,-0.036815199999999999,-0.0068902000000000008,0.0011598000000000001,0.011846199999999999,0.0417072,-0.1214548,0.0051549999999999999,-0.072825199999999993,-0.021862800000000002,0.0094652,-0.0028214000000000004,-0.0026919999999999999,0.012213999999999999,0.013530199999999999,-0.0035673999999999992,-0.0183316,0.0042217999999999995,0.0094126000000000001,5.8000000000000326e-05,0.0059863999999999994,0.014537400000000001,-0.014904799999999999,-0.00049319999999999963,0.0081067999999999991,0.012996000000000001,-0.014871400000000002,-0.0072398000000000002,0.023882199999999999,-0.0090083999999999997,-0.0099623999999999997,-0.0098823999999999995,-0.013379199999999999,0.0069292000000000008,-0.0063999999999999994,-0.0055414000000000001,0.021507200000000001,-0.0126216,-0.00020700000000000059,0.0026629999999999987,-0.014298400000000001,0.025841200000000002,-0.0010031999999999992,0.0022686,0.0030312,0.0015010000000000002,-0.0067473999999999998,0.0099638000000000001,-0.0043171999999999993,-0.0036121999999999999,-2.9799999999999965e-05,0.0046898,-0.0036356000000000001,-0.0089161999999999991,0.0077105999999999997,0.011579799999999999,0.0055526000000000013,0.0031871999999999998,0.0091479999999999999,-0.0034683999999999991,0.0079535999999999999,-0.015192800000000001,0.0111986,-0.0053606000000000001,-0.0088251999999999983,0.009756599999999999,0.0042522000000000003,0.0054338000000000008,-0.0033293999999999997,-0.0031548000000000001,-0.0017433999999999991,0.0041912,-0.001485,-0.0011064,-0.014541200000000001,-0.0047862,-0.0072172,0.0043241999999999994,-0.0052498000000000006,0.0013295999999999998,-0.00064360000000000003,0.0040330000000000001,0.0013286000000000001,-0.0019226,0.0013548000000000002,0.0023032,2.8999999999999946e-05,-0.00048400000000000027,-0.0077707999999999996,0.0014850000000000002,-0.0034464000000000001,0.0041158000000000002,0.0030488000000000004,-0.00030160000000000018,0.0016442000000000002,-0.0040726,-0.0052091999999999998,-0.0048478000000000002,-0.0046943999999999996,-0.0026011999999999997,-0.0007697999999999993,-0.0021495999999999998,0.0094614,0.0085395999999999996,-0.00023359999999999993,-0.0059667999999999995,-0.0023125999999999997,-0.0008652,-0.0090407999999999999,-0.011516999999999999,0.012223000000000001,0.0087246000000000008,0.0038697999999999996,0.0044779999999999993,-0.015134399999999999,0.0020740000000000003,0.0112774,0.0015958000000000001,0.0040222000000000001,0.0036573999999999995,-0.0059129999999999999,0.0023514,-0.013001,0.00068260000000000044,0.0013829999999999999,-0.010769399999999998,0.0146786,0.0069618000000000015,-0.0030439999999999998,-0.00017739999999999987,-0.0045617999999999995,-0.00016239999999999983,0.00054560000000000003,-0.0029494000000000005,-0.0022889999999999998,-0.0035020000000000003,0.00073499999999999998,0.0029799999999999996,-0.00062299999999999986,0.0044354000000000008,0.00095399999999999988,0.0003788000000000001,0.0037664000000000009,-0.0013176000000000002,-0.0031664000000000006,0.0017078,0.00097840000000000036,0.0029137999999999998,0.00069580000000000011,-0.0028219999999999999,-0.0029620000000000002,0.0064180000000000001,0.0010696,-0.00091740000000000007,0.00030139999999999963,0.0036132000000000004,-0.0033592000000000001,-0.0028774,-0.0026208000000000004,-0.0045242000000000008,0.0010882000000000001,-0.00068440000000000037,0.0078167999999999987,0.0035872000000000005,0.00061420000000000051,-0.0014130000000000002,0.0041246,-0.0050493999999999999,0.0033652,0.0042045999999999993,0.0083222000000000001,0.00052779999999999993,-0.0060212,0.0086079999999999993,-0.0108036,0.0078924000000000008,-0.018639200000000002,-7.9400000000000304e-05,-0.0040090000000000004,0.003336,-0.0030185999999999998,0.00096179999999999996,-0.0014101999999999999,0.00054440000000000001,0.0024100000000000002,-0.00037879999999999994,0.00021079999999999997,-0.00098200000000000023,-0.0040574000000000001,0.00054759999999999987,0.0012122000000000003,-0.0013500000000000001,0.0012462000000000003,-0.0055067999999999992,-0.0024261999999999999,0.0012254000000000002,0.0013618,0.00026600000000000018,0.0015776,-0.0005168000000000002,-0.00066599999999999993,0.0027744000000000002,-0.0076844000000000001,0.00078220000000000004,0.0063917999999999996,-2.2600000000000224e-05,-0.0013828,0.002905,0.0047163999999999999,0.0023184,0.003365400000000001,0.00081720000000000002,-0.0029141999999999996,-0.0051002,0.0053144000000000004,0.00028999999999999989,-0.001505,0.0020501999999999999,0.0014093999999999999,-0.00079619999999999995,0.0019207999999999999,-0.0013135999999999998,0.0038837999999999998,-0.001818,0.0060501999999999995,-7.8999999999999643e-05,-0.00085519999999999997,-0.0016895999999999999,0.0036167999999999999,-0.0063298,-0.0048000000000000004,0.0077190000000000002,0.0051825999999999999,0.0053971999999999996,-0.0098332000000000003,0.0028078000000000001,0.00049060000000000011,0.00082439999999999998,0.00098760000000000015,0.0025640000000000003,-0.00039740000000000006,-0.0045738000000000011,0.0029416000000000004,0.0022138000000000001,-0.000531,0.00022759999999999979,0.0011166000000000001,-0.0030692000000000002,0.0026559999999999999,-0.0014074000000000001,0.00081820000000000005,0.00077059999999999997,0.0014824,0.005653,0.00082019999999999988,-0.0015945999999999998,-0.00049620000000000003,0.0015154000000000001,-0.0019331999999999999,0.0018785999999999998,-0.0035498000000000005,0.0033856000000000003,0.002614,-0.0037298000000000001,-0.0010794000000000001,-0.0038712,-0.0031184000000000003,0.00082360000000000029,-0.0024174000000000001,-0.0010755999999999999,0.0056900000000000006,-0.00068760000000000002,0.0030285999999999998,0.0021290000000000002,-0.0011538,8.9799999999999906e-05,0.001407,0.0041209999999999997,0.00051619999999999997,0.0016022,0.0077958000000000003,0.00059639999999999997,-0.0022255999999999999,-0.00050560000000000036,-0.0019804000000000002,-0.0023178000000000001,0.0026765999999999999,0.0054251999999999998,-0.0022467999999999998,0.0020536,-0.0031604000000000003,0.00033319999999999986,-0.0031678000000000001,-0.0028354000000000005,0.020305,0.0023988000000000004,-0.0012627999999999997,0.0052767999999999999,-0.0048286000000000006,0.00089939999999999985,0.00015900000000000007,0.00097299999999999991,-0.0019098000000000001,-0.00059319999999999989,-0.0020914000000000002,-0.0016367999999999999,0.00018679999999999993,-0.0015467999999999999,-0.0016255999999999998,0.00063459999999999992,0.0013842000000000001,0.00029140000000000004,0.0004908,-0.00041240000000000005,0.00026819999999999969,-0.0024247999999999995,-0.0030039999999999997,0.00080059999999999994,-0.0017030000000000001,0.0025318000000000003,0.0028206000000000004,0.00010520000000000006,-0.0027606000000000002,-0.0015624,-0.0032532000000000004,-0.0013033999999999997,0.0031722,-0.00012559999999999958,0.0021250000000000002,9.0800000000000147e-05,-0.00082140000000000012,-0.0020888,0.00025499999999999996,0.00034779999999999994,0.00052480000000000007,0.0019683999999999999,0.0014230000000000002,0.0019419999999999999,0.00020259999999999994,-0.0038200000000000005,-0.0054489999999999999,0.0011329999999999999,-0.00049860000000000008,-0.0012834000000000001,-0.0029014000000000002,-0.0005038000000000001,0.0031770000000000001,-0.00065940000000000009,-0.00079459999999999991,0.00050199999999999984,0.0048754000000000002,0.0037672000000000001,0.0016287999999999999,-0.0032030000000000006,1.2599999999999927e-05,0.0003832000000000001,0.0019795999999999998,0.0010806000000000001,0.00023399999999999983,0.00095299999999999985,-0.0013242000000000002,0.0052134000000000008,-0.0039562,0.0035068,0.0013216,0.0016367999999999995,0.0010327999999999993,-0.0027931999999999996,-0.00054720000000000018,-0.00012700000000000005,-0.00012559999999999991,-0.0013336000000000001,0.0026410000000000001,-0.00015160000000000011,0.0016316000000000002,-0.00053319999999999995,0.0011127999999999997,-0.00030859999999999991,0.00025479999999999996,0.0001611999999999998,-0.00085060000000000008,-0.0002286,-0.00015719999999999992,-0.00072860000000000004,-0.0023409999999999998,0.0014559999999999998,-0.0013594,0.0014025999999999999,-0.0010957999999999999,-0.0019428000000000002,-0.0023219999999999998,0.00062560000000000003,0.00029359999999999987,-0.0022390000000000001,3.7999999999999839e-05,0.0014236000000000001,-4.1599999999999981e-05,-0.0039994000000000002,-0.00084600000000000007,0.0012934000000000003,-6.7800000000000049e-05,0.0019578,0.00088079999999999994,-0.0017778000000000002,0.0004684,-0.0007490000000000001,0.0010482,-0.0010018,0.0010413999999999998,0.0024862,0.0010240000000000002,-0.0029829999999999995,0.0021979999999999994,-0.00013480000000000002,-0.0053460000000000001,-0.00044679999999999996,-0.0018329999999999996,0.0010238000000000001,-0.00040919999999999997,-8.1999999999996572e-06,-0.0044565999999999998,7.8399999999999954e-05,1.1000000000000159e-05,0.0025202000000000002,-0.0001295999999999999,-0.0025106,0.0002065999999999999,-0.0014598,0.0051244000000000003,0.0011651999999999999,-0.0019161999999999998,-0.0050842000000000005,0.0085837999999999991,0.00074899999999999999,0.0014256000000000002,0.00062760000000000008,0.0049570000000000005,0.0055993999999999992,-0.0037887999999999997,0.0016632000000000001,-0.0018065999999999996,-0.0030306,0.0009549999999999999
aug_between_class_right_pair0069_child08,TLE,1,1,Augmented,0,0,0,0,0,0.2951107,2.2160196000000001,0,-9.9999999999999995e-07,0,0.90603129999999998,0,0.040968499999999998,-0.13685510000000001,0.038847300000000001,0.1093433,-0.072127399999999994,0.055526199999999998,0.0086792999999999992,-0.016515900000000003,0.0054967000000000037,-0.1108441,0.35110470000000005,-0.084766099999999997,0.023622900000000006,0.075225300000000009,0.0090369999999999999,-0.030192999999999998,0.00031300000000000034,-0.038320199999999999,0.023750400000000001,0.032115600000000001,-0.0555977,0.0032851,-0.091424699999999998,0.020563600000000001,0.060518999999999996,-0.034049300000000005,0.022901900000000003,-0.0075083000000000007,-0.050132700000000002,0.046195399999999998,-0.041307900000000002,-0.019873699999999998,0.0999033,-0.013391299999999998,0.1828023,-0.068721699999999997,0.0057324999999999997,-0.013595199999999998,0.0010775000000000003,-0.024793200000000001,-0.0041463000000000003,0.0295137,-0.0018225000000000001,-0.00024520000000000011,-0.026070899999999998,-0.018518300000000001,0.023514899999999998,0.0245942,0.026975300000000001,0.014327399999999999,-0.015989900000000001,0.0055275999999999997,-0.00045930000000000103,-0.0349666,-0.0092520999999999992,0.0011984000000000001,0.0131381,0.0426191,-0.1244804,0.0055110000000000003,-0.075188099999999994,-0.023247900000000002,0.008861599999999999,-0.0027577000000000005,-0.0031519999999999999,0.011745999999999999,0.014467600000000001,-0.0045417000000000009,-0.019430800000000002,0.0033133999999999998,0.0102113,-0.00017000000000000001,0.006097700000000001,0.014734700000000002,-0.014741899999999999,-0.00031510000000000002,0.0080573999999999993,0.013416000000000001,-0.0159597,-0.0065028999999999998,0.023783600000000002,-0.0076197000000000001,-0.010400699999999999,-0.0098686999999999993,-0.0154676,0.0077066000000000001,-0.0063735000000000007,-0.0058796999999999999,0.023373100000000001,-0.013454299999999999,-0.00056799999999999993,-0.00063000000000000209,-0.016176700000000002,0.024265100000000001,0.00017840000000000217,0.0017807999999999999,0.0035926,0.0016929999999999996,-0.0071462000000000001,0.0093499000000000013,-0.0039275999999999998,-0.0033046,0.00016359999999999997,0.0050748999999999994,-0.0033398,-0.0095551000000000004,0.0079217999999999997,0.011128900000000001,0.0064268000000000007,0.0033226000000000002,0.0094510000000000011,-0.0023631999999999993,0.0083397999999999996,-0.0159124,0.0113893,-0.0059643000000000014,-0.0085060999999999991,0.0092683000000000001,0.0048371000000000004,0.0057499000000000005,-0.0031831999999999997,-0.0033189000000000001,-0.0030822000000000002,0.0038825999999999999,-0.0015609999999999999,-0.00057120000000000001,-0.014416099999999999,-0.0043841000000000001,-0.0069811000000000005,0.0041480999999999992,-0.0057359000000000004,0.0011287999999999999,-0.0011547999999999999,0.0058694999999999997,0.0015777999999999999,-0.0022662999999999997,0.0017314000000000003,0.0020185999999999997,0.00018149999999999997,-0.00057450000000000014,-0.0087148999999999994,0.0017950000000000002,-0.0034096999999999999,0.0037553999999999999,0.0033919000000000002,-0.00047530000000000033,0.0020246000000000001,-0.0041992999999999996,-0.0051895999999999999,-0.0048853999999999998,-0.0048137000000000006,-0.0023896,-0.00027889999999999859,-0.0020972999999999999,0.0094296999999999992,0.0090472999999999994,-7.7799999999999967e-05,-0.0059484000000000004,-0.0017813,-0.00099359999999999987,-0.0100369,-0.011206000000000001,0.013016999999999999,0.0091518000000000016,0.0026543999999999995,0.0037789999999999998,-0.015983199999999999,0.0021780000000000002,0.0112637,0.0024613999999999999,0.0042016000000000006,0.0029786999999999999,-0.0061630000000000001,0.0020687000000000001,-0.012417500000000001,0.0019003000000000006,0.0012719999999999999,-0.010818700000000001,0.015798300000000001,0.0084218999999999995,-0.0030134999999999997,-0.0003171999999999999,-0.0047928999999999992,7.7799999999999831e-05,0.00071179999999999995,-0.0036341999999999998,-0.0022189999999999996,-0.0039795000000000004,0.00062049999999999996,0.0028304999999999997,-0.00057250000000000009,0.0050652000000000006,0.00082199999999999992,0.00055840000000000013,0.0044072,-0.0014552999999999999,-0.0037007000000000003,0.0017969000000000001,0.00089320000000000024,0.0031389,0.00098140000000000011,-0.002467,-0.0032645,0.0064190000000000002,0.0011413,-0.0014182000000000001,-0.00017729999999999981,0.0036581000000000001,-0.0036936000000000004,-0.0028907000000000004,-0.0029794000000000001,-0.0044886000000000006,0.0013681000000000006,-0.0011337000000000003,0.007822899999999999,0.0038006000000000012,0.0010261000000000003,-0.0015265000000000001,0.0039978000000000001,-0.0059442000000000002,0.0031565999999999999,0.0039872999999999992,0.0085500999999999997,0.00052089999999999992,-0.006478600000000001,0.0083945000000000009,-0.010807299999999999,0.0083397000000000002,-0.020560100000000001,-0.00065070000000000015,-0.0039505,0.0032094999999999997,-0.0031202999999999995,0.00080989999999999979,-0.0015370999999999998,0.00066270000000000022,0.0023879999999999999,-0.00026789999999999995,0.00028490000000000009,-0.001093,-0.0040967,0.00020879999999999993,0.0013636,-0.0012635000000000001,0.0013121000000000001,-0.0057168999999999987,-0.0024905999999999999,0.0011642000000000002,0.0012033999999999997,0.00021399999999999978,0.0020102999999999996,-0.00066189999999999999,-0.00083050000000000007,0.0026427,-0.0077181999999999997,0.00082210000000000009,0.0068004000000000007,0.00024020000000000031,-0.0015509,0.0026674999999999997,0.0051197000000000005,0.0022297000000000003,0.0039917000000000008,0.00065259999999999992,-0.0025950999999999995,-0.0057890999999999993,0.0052916999999999999,0.00019049999999999994,-0.0016690000000000001,0.0022840999999999998,0.0013067,-0.0003845999999999997,0.0021393999999999996,-0.00058629999999999967,0.0034058999999999999,-0.0015575000000000001,0.0064451000000000005,0.00067149999999999979,-0.00078910000000000004,-0.00077530000000000003,0.0038458999999999998,-0.0063064000000000002,-0.0057790000000000003,0.008116,0.0049537999999999995,0.0060415999999999994,-0.0087796000000000003,0.0035298999999999999,0.00078279999999999995,0.00086919999999999999,0.0013088000000000002,0.0028250000000000003,-0.00057420000000000019,-0.0055029000000000007,0.0033878000000000007,0.0023389000000000001,-0.000495,-9.1200000000000157e-05,0.0013573000000000001,-0.0033210999999999996,0.0028795000000000001,-0.0015317,0.00078359999999999996,0.00075330000000000015,0.0014826999999999998,0.0061405000000000001,0.00062060000000000001,-0.0015108000000000001,-0.00023309999999999997,0.0017032,-0.0017255999999999999,0.0017247999999999999,-0.0039144000000000002,0.0037678000000000004,0.0023354999999999999,-0.0036589000000000001,-0.00097319999999999991,-0.0039620999999999996,-0.0030817000000000006,0.0010487999999999999,-0.0027477000000000001,-0.00083779999999999987,0.0060829999999999999,-0.00058279999999999996,0.0030413000000000003,0.0020470000000000002,-0.0010309,-4.2100000000000102e-05,0.0015204999999999999,0.0042140000000000007,0.00042759999999999999,0.0018905999999999999,0.0082179000000000002,0.00044969999999999971,-0.0021548000000000001,-0.00081680000000000023,-0.0019502,-0.0024764000000000001,0.0024142999999999999,0.0060701000000000001,-0.0021143999999999998,0.0019897999999999999,-0.0032077,-9.4900000000000138e-05,-0.0034588999999999996,-0.0027577000000000001,0.021139999999999999,0.0031434000000000002,-0.0014669000000000001,0.0052599000000000005,-0.0046233000000000003,0.00081669999999999963,0.00024899999999999998,0.00074649999999999998,-0.0020368999999999999,-0.00048210000000000001,-0.0022277,-0.0016744000000000002,0.00010189999999999996,-0.0014489000000000001,-0.0015503000000000001,0.00054080000000000003,0.0018305999999999997,0.00030770000000000005,0.00043789999999999996,-0.00051520000000000016,0.00065259999999999971,-0.0025773999999999997,-0.0028444999999999998,0.00064530000000000002,-0.0018745000000000001,0.0024299,0.0029953000000000002,0.00026860000000000008,-0.0031493000000000003,-0.0015877,-0.0037351000000000007,-0.0014486999999999998,0.0032396,0.00034020000000000025,0.0019385000000000001,0.00031289999999999996,-0.0010677000000000002,-0.0022279000000000005,0.00026450000000000003,0.00020839999999999997,0.0006424,0.0018937000000000001,0.0018509999999999998,0.002163,0.00026480000000000004,-0.0040220000000000004,-0.0056795000000000005,0.0011439999999999998,-0.00048679999999999991,-0.0014687000000000001,-0.0032202000000000003,-0.00074090000000000007,0.0033760000000000005,-0.00090020000000000009,-0.0009572999999999999,0.00057649999999999976,0.0052507000000000005,0.0038760999999999999,0.0016319000000000001,-0.0038740000000000003,-1.0200000000000031e-05,0.00068210000000000005,0.0018357999999999998,0.0012532999999999999,-0.00029299999999999986,0.00084349999999999985,-0.0016936000000000002,0.0061181999999999999,-0.0038415999999999997,0.0036978999999999996,0.0013798,0.0015158999999999997,-0.0001496000000000006,-0.0027405999999999997,-0.00066860000000000021,-0.00024100000000000006,-6.1300000000000026e-05,-0.0013263000000000003,0.0029419999999999997,-0.00039280000000000006,0.0016043000000000001,-0.00053160000000000002,0.00096189999999999991,-0.00012380000000000003,0.00016640000000000003,-0.00014690000000000005,-0.00092230000000000014,-0.00022580000000000001,1.1400000000000033e-05,-0.00083879999999999979,-0.002627,0.0016219999999999997,-0.0013837000000000001,0.0012503000000000002,-0.00076639999999999998,-0.0022674000000000001,-0.0024169999999999999,0.00072229999999999994,0.00018079999999999995,-0.0022924999999999998,-0.00021350000000000026,0.0014853000000000002,-3.1300000000000002e-05,-0.0045566999999999995,-0.0011125,0.0016022,-0.0002319,0.0019668999999999997,0.00091439999999999989,-0.0018844000000000003,0.00045220000000000004,-0.00073900000000000007,0.0013101000000000002,-0.00095390000000000004,0.00078969999999999995,0.0025071,0.001075,-0.0031214999999999997,0.0021669999999999997,-0.00016839999999999997,-0.0055525000000000001,-0.0004349,-0.0019555000000000002,0.0009969,-0.00044059999999999998,-0.0004735999999999998,-0.0046318000000000002,0.00010820000000000014,0.00011799999999999994,0.0028381000000000005,0.00013319999999999999,-0.0026137999999999999,-0.00011970000000000005,-0.0013184000000000002,0.0059081999999999997,0.0008460999999999998,-0.0019250999999999999,-0.0051111000000000004,0.0091138999999999994,0.00075099999999999982,0.0016678000000000001,0.00074280000000000006,0.0048675000000000003,0.0051532000000000001,-0.0033739,0.0017921,-0.0014682999999999996,-0.0028378000000000001,0.00095399999999999999
aug_between_class_right_pair0070_child05,TLE,1,1,Augmented,0,0,0,0,0,0.3166756,1.9260447999999999,9.9999999999999995e-07,-9.9999999999999995e-07,3.9999999999999998e-07,0.90053539999999999,0,0.033699800000000002,-0.11259240000000001,0.039782200000000004,0.11064159999999999,-0.10014480000000001,0.085785399999999998,-0.018553999999999998,-0.0076568000000000001,-0.034868400000000001,-0.064479399999999992,0.25599519999999998,-0.1004314,0.0075072000000000021,0.024417799999999996,-0.01142,-0.023446599999999998,0.00071440000000000002,-0.045200200000000003,0.019470999999999999,0.015889,-0.0572808,-0.0023813999999999992,-0.078444399999999997,0.0010471999999999999,0.061145600000000001,-0.044237800000000001,0.021987799999999998,-0.00078300000000000244,-0.042193599999999998,0.0308352,-0.052319600000000001,-0.0399044,0.091567800000000005,-0.041192800000000002,0.17639099999999999,-0.049365199999999998,0.0032629999999999994,0.00023300000000000013,-0.0020654000000000002,-0.014614,0.0083417999999999999,0.034925400000000002,-0.0010507999999999997,-0.0046904,-0.024044200000000002,-0.014537400000000001,0.017718600000000001,0.022183399999999999,0.0077526000000000001,0.022581199999999999,-0.012647200000000001,-0.0044385999999999991,0.017374199999999999,-0.046032999999999998,-0.0022753999999999999,0.0113414,-0.00052519999999999976,0.015275799999999999,-0.088026599999999997,-0.0074116,-0.038296200000000002,0.021288999999999995,-0.0035211999999999969,-0.0015954000000000001,0.0033830000000000002,0.017532200000000001,0.0059534000000000002,0.0031793999999999998,-0.011757200000000001,0.0109636,0.0025897999999999997,-0.0048761999999999998,0.0028493999999999998,0.0026715999999999997,-0.0126976,0.0059679999999999993,0.005008799999999999,0.0116656,-0.0046213999999999995,-0.0022311999999999992,0.0167776,-0.011195799999999999,-0.0016383999999999999,-0.0148954,-0.0031041999999999997,0.016040599999999995,-0.011979799999999999,-0.0016922,0.0027239999999999999,-0.0088857999999999993,0.0070938000000000008,0.0053262000000000014,0.0119986,0.014556599999999999,-0.0188212,0.0101598,0.0020952000000000002,-0.0003742000000000001,-6.2399999999999782e-05,0.0093092000000000001,-0.0017862000000000008,-0.0064278000000000009,-0.001235,0.0044879999999999998,-0.0035673999999999997,-0.0045227999999999996,0.0072177999999999999,0.0059972000000000003,0.003679,-0.0049122000000000002,0.0096515999999999998,-4.1199999999999917e-05,0.00079100000000000047,-0.0062164000000000004,0.0119024,-0.0065515999999999994,-0.0016243999999999998,0.0067722000000000008,0.0048634000000000004,0.011775400000000002,-0.005179200000000001,-0.0091383999999999996,0.0090140000000000012,-0.0013686000000000002,0.0040618,-0.0070771999999999996,-0.0073743999999999997,-0.007609799999999999,-0.0111964,-0.0082135999999999997,0.0046328000000000003,-0.0066506000000000004,-0.0020807999999999998,-0.0013906000000000003,0.0035066000000000003,-0.0014175999999999998,-0.00085159999999999988,-0.001449,0.00071119999999999983,-0.0031819999999999999,-0.0021394000000000001,-0.0012804000000000003,-0.0016586000000000001,0.0048560000000000001,0.0016166000000000002,0.0017941999999999999,0.0096642000000000013,-0.0016701999999999997,-0.0035698000000000001,-0.0026322000000000003,-0.00062599999999999928,-0.0015629999999999999,-0.0012456000000000004,-0.00076259999999999978,0.0069785999999999989,-0.00047199999999999976,-0.0023375999999999996,-0.0008925999999999999,-0.013093200000000001,-0.0021036000000000002,0.0009471999999999996,-0.0049870000000000001,0.0054822000000000004,0.0036671999999999998,0.0076304000000000007,0.0038452,-0.0061587999999999999,0.0080821999999999995,0.013818999999999998,-0.010664600000000002,0.0063508000000000011,-0.0012400000000000007,-0.0054486000000000005,0.0024856000000000001,-0.016501799999999997,0.0058349999999999982,0.010586,0.0013156000000000001,-0.0015743999999999984,-0.0067083999999999989,-0.0018519999999999999,0.0010938,0.0018676000000000005,-0.00042519999999999971,-0.00034060000000000015,-0.0017075999999999992,-0.0019579999999999997,-0.0026899999999999997,-0.00045439999999999999,0.0034735999999999994,-0.0017872000000000001,-0.0026034000000000005,0.0009515999999999996,0.0051316000000000001,-0.0044100000000000007,-0.004050999999999999,-0.0013520000000000003,-0.0025374,-8.7400000000000281e-05,0.0018954,0.00078339999999999985,-0.0031160000000000003,-0.0019894000000000001,0.0088874000000000002,0.0042485999999999999,0.0010167999999999998,0.0046234000000000006,0.0041808000000000001,0.00086239999999999982,0.0037494,-0.00013200000000000017,0.0021119999999999997,0.00049660000000000069,0.0023169999999999996,0.0051646000000000001,0.0030753999999999998,-0.0048335999999999995,-0.0019761999999999996,0.0074777999999999997,0.0046029999999999995,0.0025098,0.00079640000000000017,0.0015772000000000004,-0.0033194000000000001,-0.0013148000000000005,-0.0043881999999999984,-0.0045458,0.0047238000000000002,-0.010593,0.0070589999999999993,-0.0016133999999999996,0.0013397999999999999,0.0011192000000000001,-0.0014922,-0.00046700000000000018,-2.9600000000000069e-05,0.0019948000000000001,0.0010785999999999999,0.0009368,7.3799999999999951e-05,-0.0025148000000000002,-4.6199999999999808e-05,0.00047599999999999986,-0.0024756000000000005,0.0034526000000000001,-0.0018083999999999999,0.0035525999999999991,0.00057640000000000002,0.0048287999999999994,-0.0027831999999999996,-0.00074360000000000008,-0.0027139999999999994,0.0021682000000000003,0.0004104,-0.0056086,0.0011353999999999997,6.3000000000000122e-05,-0.0013312,-0.0018064000000000001,0.0024329999999999998,-0.0013586,0.0032475999999999998,-0.0028988,0.0036921999999999996,-0.0024545999999999999,0.0018409999999999998,0.0054529999999999995,0.00011899999999999997,-0.00063220000000000019,0.0011472000000000001,0.00052760000000000003,-0.0021215999999999995,0.00044480000000000019,-0.00095619999999999993,0.0030137999999999996,-0.0041901999999999998,0.00078060000000000022,-0.00091219999999999995,-0.00042219999999999996,-0.0075707999999999991,0.0057071999999999991,-0.0013234000000000002,0.0082525999999999988,-0.00061440000000000106,0.0027428000000000001,-0.0023797999999999992,-0.010529800000000001,0.0038901999999999999,0.00016319999999999985,0.00053679999999999993,0.0011640000000000001,-0.00096659999999999975,0.0014473999999999999,-0.0029916000000000005,0.00083319999999999998,0.00063480000000000025,-0.0010249999999999999,-0.00028860000000000008,0.0029796000000000002,-0.00014620000000000014,0.0029452000000000002,-0.0027008000000000002,0.00099199999999999983,-0.0017728000000000002,0.00051200000000000009,0.0023752000000000001,-0.00013900000000000007,-0.00084659999999999998,0.0015802000000000004,0.0019147999999999999,-0.00069379999999999984,-0.0025303999999999999,-0.0043192000000000005,-0.00023519999999999997,0.0028282000000000003,0.00042719999999999998,-0.0025979999999999992,-0.0055129999999999997,-0.0026807999999999997,5.8800000000000237e-05,-0.0034397999999999998,-0.0019038,-0.0010541999999999999,0.0018994000000000003,0.0016999999999999999,0.0028944000000000001,-0.0019649999999999997,-0.00037159999999999998,-0.0016224000000000004,0.0021148,0.0018681999999999995,0.00056060000000000007,0.0016613999999999999,0.0016614000000000004,0.0011994,6.9599999999999984e-05,-0.00078259999999999994,-0.0013074,0.0042307999999999998,-0.006378599999999999,0.0022763999999999996,0.0019264,0.0024058000000000005,0.0036584000000000005,0.0016984000000000001,-0.0010692000000000002,0.0069704000000000007,-0.0051752000000000005,0.0030323999999999998,0.0011824000000000001,-0.0014969999999999998,0.00081280000000000002,-0.00071159999999999995,0.00071279999999999998,0.00080979999999999995,-0.0016253999999999999,0.0016040000000000004,-0.00060559999999999998,-0.0014247999999999997,2.2799999999999985e-05,0.00011179999999999999,0.0024444000000000002,0.00081100000000000009,0.00050319999999999998,-0.0015359999999999998,-0.00050860000000000011,-0.0018122000000000001,-0.0011656000000000001,-0.0039151999999999998,0.0010564000000000001,0.00014719999999999997,-0.00056740000000000002,-0.00055219999999999998,0.00065579999999999989,-0.0001732000000000002,-0.0013544,0.0010784,1.2599999999999981e-05,0.00062720000000000007,0.0011372000000000001,0.0034689999999999999,-0.00046319999999999998,0.0027533999999999996,0.0016211999999999999,0.0022442,-0.0015818,0.00076840000000000003,0.0014399999999999999,-0.00027199999999999989,-0.00069380000000000006,0.0018310000000000002,-0.0025292000000000001,0.00016899999999999988,-0.0031058000000000006,0.00078019999999999999,-0.00050339999999999998,1.4999999999999823e-05,-0.0009188,-0.0008525999999999998,0.0032734000000000001,-0.00087500000000000013,-0.0013618000000000002,-0.00075239999999999986,0.0042209999999999999,-0.0010784,0.0027995999999999997,0.0012508000000000003,-0.0013316000000000001,-0.0010545999999999997,0.0009944000000000001,0.0027813999999999998,-0.00043619999999999987,-0.00087440000000000011,0.0033849999999999996,0.0025928000000000001,0.00058680000000000017,0.0034908000000000001,0.0040148000000000007,-0.00070439999999999999,-0.0044068000000000006,0.00010480000000000005,0.00030940000000000004,-0.00034059999999999998,0.00029960000000000007,-0.00062319999999999997,-0.0010673999999999998,0.00029540000000000008,0.00086399999999999997,7.3199999999999936e-05,-0.0011280000000000001,-0.00068459999999999984,0.00028280000000000004,-0.00087100000000000003,0.00026400000000000002,0.0013435999999999995,0.00036220000000000002,-0.0011936,0.0010846,-4.3800000000000035e-05,-0.00011379999999999984,-0.00079499999999999992,0.00082459999999999999,-0.00063639999999999996,0.0011658,0.00090620000000000013,-0.00055460000000000004,0.00019300000000000003,0.00073880000000000007,0.0013959999999999999,-0.00042860000000000001,-0.0001838,-0.00015459999999999991,-0.0016625999999999998,-0.00075920000000000002,0.0023246,-0.00022980000000000006,-0.00031119999999999997,-0.00045080000000000001,-0.0018952000000000003,-0.0015070000000000001,0.0011825999999999998,-0.00054859999999999989,0.0014797999999999999,0.00073260000000000013,0.0026212000000000002,0.00092840000000000002,-0.0028827999999999996,0.00016880000000000004,-0.0016046000000000001,0.0011642,-0.00039900000000000027,0.0033624000000000002,-0.0019138000000000002,0.0015452,-0.001096,-0.00076119999999999975,-0.0016711999999999999,0.00051879999999999982,-0.0026519999999999998,-0.00056799999999999993,-0.0016574000000000001,0.0019928000000000003,-2.1999999999999451e-06,0.00026619999999999986,0.0016680000000000002,-0.0022887999999999997,0.0056746000000000001,-0.0032517999999999996,0.00047900000000000004,-0.0023864000000000008,-0.00038060000000000004,-0.00027359999999999993,-0.0016169999999999997,-0.00083479999999999991,0.0016410000000000001
aug_between_class_right_pair0070_child06,TLE,1,1,Augmented,0,0,0,0,0,0.3162817,1.9020766,9.9999999999999995e-07,-9.9999999999999995e-07,3.0000000000000004e-07,0.88915830000000007,0,0.034578100000000001,-0.10839030000000001,0.039070400000000005,0.11621969999999998,-0.10385459999999999,0.085373299999999999,-0.020251499999999995,-0.0084875999999999997,-0.033997300000000001,-0.065986299999999998,0.2461614,-0.097733799999999996,0.010867399999999999,0.022809099999999999,-0.012952499999999999,-0.024567199999999997,0.00074379999999999976,-0.0437144,0.020192000000000002,0.015117999999999999,-0.056505600000000003,-0.0031227999999999989,-0.0764518,0.0012144000000000009,0.062331700000000004,-0.046752599999999998,0.022938099999999996,-0.0019080000000000017,-0.041986700000000002,0.030277399999999999,-0.048504699999999998,-0.043005299999999996,0.088167599999999999,-0.0430491,0.17463300000000001,-0.050167899999999994,0.0030199999999999992,0.0008355000000000003,-0.0016098000000000006,-0.013872000000000001,0.0088200999999999991,0.0343498,-0.0017150999999999998,-0.0048658,-0.025166900000000002,-0.014672300000000001,0.016693699999999999,0.0225413,0.0049612000000000024,0.023768899999999996,-0.0149184,-0.0062826999999999996,0.017437399999999999,-0.045181499999999999,-0.0026758000000000003,0.0125088,-0.00088239999999999976,0.015061100000000001,-0.085687700000000006,-0.0063026999999999996,-0.037720900000000002,0.021643500000000003,-0.0031903999999999995,-0.0016707999999999998,0.0034190000000000006,0.016672900000000001,0.0049097999999999998,0.0033132999999999999,-0.0099693999999999998,0.011921699999999999,0.0019726000000000006,-0.0043169000000000003,0.0038447999999999998,0.0020586999999999997,-0.011672699999999999,0.0070209999999999977,0.0034775999999999991,0.0118347,-0.0039668000000000012,-0.00080440000000000199,0.0173127,-0.011311100000000001,-0.0014773,-0.016449799999999997,-0.004820399999999999,0.0175347,-0.012301599999999999,-0.0018653999999999997,0.0028495000000000005,-0.0090430999999999984,0.0064281,0.0050079000000000009,0.011344200000000002,0.012686700000000002,-0.016374400000000001,0.0114456,0.0021549000000000004,-7.1900000000000392e-05,0.00024819999999999964,0.0096539,-0.00080990000000000142,-0.0071695999999999999,-0.0014484999999999999,0.0051240000000000001,-0.0038347999999999998,-0.0043701,0.0073685999999999995,0.0054329000000000001,0.0038139999999999997,-0.0054248999999999999,0.010040199999999999,0.00025109999999999976,4.3500000000000569e-05,-0.0058728000000000001,0.0119568,-0.0070041999999999995,-0.0017228,0.0066694000000000007,0.0061972999999999993,0.012610800000000002,-0.0043294000000000015,-0.0091018000000000002,0.0081040000000000001,-0.00079819999999999978,0.0035396000000000004,-0.0075464,-0.0065908000000000008,-0.0086560999999999999,-0.011445799999999999,-0.0094141999999999993,0.0050115999999999997,-0.0063586999999999992,-0.0015716,-0.0008912000000000002,0.0033857000000000002,-0.0016751999999999995,-0.00086719999999999983,-0.0016475000000000001,0.0010968999999999996,-0.0036255000000000003,-0.0016113000000000002,-0.00099879999999999999,-0.0011547000000000003,0.0053179999999999998,0.0019937000000000002,0.0020479000000000001,0.0097079000000000002,-0.0018068999999999997,-0.0038051000000000005,-0.0022679000000000002,-0.0013439999999999991,-0.0014430000000000001,0.00027629999999999929,-0.0010771999999999995,0.0072891999999999992,-0.00096549999999999934,-0.0028306999999999989,-0.00078070000000000006,-0.013815400000000002,-0.0026302000000000001,0.0017143999999999992,-0.0047759999999999999,0.0059703999999999998,0.0041868999999999995,0.0064138000000000008,0.0036499000000000002,-0.0056731000000000004,0.0085994000000000001,0.014356999999999998,-0.012506700000000001,0.0062405999999999998,-0.00091199999999999962,-0.0062256999999999998,0.0030136999999999994,-0.016917099999999997,0.0073124999999999978,0.011600999999999998,0.0012732000000000004,-0.0024102999999999989,-0.0079362999999999986,-0.0018515000000000001,0.00090710000000000009,0.0015567000000000003,0.00017310000000000025,-0.00024570000000000017,-0.0025156999999999992,-0.0020745,-0.0027679999999999996,-0.00069180000000000001,0.0034177000000000001,-0.0018944000000000001,-0.0026248,0.0010851999999999997,0.0054576999999999994,-0.0037125000000000001,-0.0043734999999999998,-0.0010840000000000003,-0.0029917999999999998,0.00018869999999999955,0.0016393000000000002,0.0011592999999999998,-0.0030379999999999999,-0.0015608000000000002,0.0097818000000000002,0.0042157000000000002,0.0011945999999999999,0.0042088000000000004,0.0032376000000000002,0.0013882999999999999,0.0039142999999999999,-0.00057999999999999979,0.0023929999999999993,0.00086370000000000023,0.0025729999999999998,0.0051947,0.0029728000000000003,-0.0054086999999999989,-0.0020839000000000005,0.0078746000000000007,0.0056629999999999979,0.0018971000000000003,0.00043680000000000043,0.0010969000000000003,-0.0031237999999999995,-0.00084410000000000041,-0.0044404000000000006,-0.0045870999999999993,0.0052061,-0.009947000000000001,0.0066820000000000004,-0.0019687999999999997,0.0012566000000000001,0.0012319,-0.0016619,-0.00010500000000000028,4.8300000000000036e-05,0.0017416000000000003,0.0012891999999999999,0.0006891,3.709999999999998e-05,-0.0023911000000000002,-0.00036089999999999967,0.00012450000000000004,-0.0029697000000000005,0.0038197000000000001,-0.0019203,0.0039576999999999998,0.00016380000000000008,0.0055535999999999988,-0.0032163999999999999,-0.00075219999999999996,-0.0029814999999999998,0.0019314000000000002,0.00045130000000000018,-0.0060216999999999996,0.0014197999999999997,-0.00035049999999999947,-0.0016623999999999996,-0.0017983000000000001,0.0026094999999999998,-0.0022902,0.0036731999999999997,-0.0030370999999999996,0.0039138999999999997,-0.0022102000000000003,0.0024159999999999993,0.0053959999999999998,0.00015149999999999994,-0.00079040000000000013,0.0016268999999999999,0.00024220000000000014,-0.0029186999999999993,0.00062359999999999998,-0.0012388999999999996,0.0033150999999999996,-0.0043904,0.00051020000000000015,-0.00078989999999999985,-0.00056339999999999993,-0.0085360999999999979,0.0059658999999999997,-0.0013717999999999998,0.0082916999999999991,-0.00066230000000000021,0.0022111000000000001,-0.0021275999999999999,-0.010178599999999999,0.0041564000000000002,0.00012089999999999996,0.00072360000000000002,0.00097950000000000012,-0.0011811999999999999,0.0014488000000000001,-0.0027377,0.00093490000000000001,0.0003171000000000005,-0.00091949999999999996,-0.00028470000000000025,0.0030122,0.0003375999999999997,0.0032989,-0.0030751000000000003,0.0009565000000000001,-0.0016496000000000002,0.00074600000000000014,0.0019799000000000001,-0.00031149999999999987,-0.00067720000000000009,0.0018143999999999999,0.0020471,-0.00095909999999999984,-0.0025723,-0.0044858999999999993,-0.00019539999999999998,0.0028244000000000003,0.00041889999999999983,-0.0030784999999999992,-0.0053904999999999995,-0.0026350999999999996,-0.00012339999999999975,-0.0033335999999999999,-0.0020135999999999999,-0.0011779,0.0015172999999999999,0.0022455000000000001,0.0028322999999999998,-0.0017665000000000001,-0.00040620000000000001,-0.0016863,0.0021960999999999999,0.0022788999999999995,0.00030920000000000009,0.0016967999999999998,0.0012928000000000002,0.0017772999999999997,-1.8299999999999984e-05,-0.00086669999999999998,-0.00082180000000000013,0.0043321000000000002,-0.0077921999999999983,0.0024972999999999992,0.0016973000000000001,0.0016046000000000003,0.0044947999999999993,0.0022817999999999996,-0.0007599000000000002,0.0063058000000000003,-0.0057359000000000004,0.0033652999999999999,0.0011523000000000002,-0.0019494999999999998,0.0007855999999999998,-0.00076519999999999995,0.00073259999999999992,0.00085359999999999993,-0.0015422999999999999,0.0013870000000000002,-0.0006087,-0.0013866000000000002,-3.3899999999999984e-05,0.00014059999999999998,0.0026718000000000002,0.0010135000000000001,0.00054490000000000007,-0.0015469999999999998,-0.00082470000000000004,-0.0020398999999999999,-0.0012596999999999999,-0.0034034000000000004,0.00088230000000000014,0.00013090000000000001,-0.00086629999999999997,-0.00078089999999999985,0.00081159999999999989,7.0599999999999873e-05,-0.0016297999999999998,0.0011903,-1.8300000000000011e-05,0.0005934,0.0015518999999999995,0.0034099999999999998,-0.00035489999999999995,0.0030102999999999996,0.0016929,0.0023369000000000003,-0.0017795999999999997,0.00073480000000000008,0.0013239999999999999,-0.00047549999999999985,-0.00077260000000000002,0.0021429999999999999,-0.0026929000000000002,0.00027249999999999996,-0.0033706000000000001,0.00079339999999999999,-0.00024280000000000026,0.00064299999999999991,-0.0012821,-0.0011606999999999995,0.0034458000000000006,-0.0011235000000000001,-0.0018716000000000002,-0.00073980000000000009,0.0043204999999999997,-0.00088830000000000007,0.0032166999999999999,0.0012661,-0.0015406999999999999,-0.0016861999999999999,0.0014042999999999998,0.0029773,-0.00014640000000000009,-0.00082129999999999996,0.0039160000000000002,0.0030100999999999999,8.6100000000000412e-05,0.0031361000000000002,0.0036596000000000003,-0.0012267999999999997,-0.0042675999999999999,1.1000000000000809e-06,0.00023380000000000007,-0.00035619999999999998,0.00036120000000000005,-0.00066639999999999994,-0.00078580000000000013,0.00045379999999999997,0.0011264999999999999,0.00017689999999999991,-0.0010425,-0.00084219999999999976,0.0001981000000000001,-0.00062300000000000018,0.00028299999999999994,0.0017516999999999997,0.00038089999999999999,-0.0010341999999999999,0.00091020000000000011,-0.00010109999999999999,-0.00027359999999999987,-0.00089549999999999981,0.00085519999999999997,-0.00061180000000000002,0.00090760000000000016,0.0006889000000000001,-0.00051270000000000005,-2.4999999999999849e-05,0.00041610000000000014,0.001516,-0.00038370000000000006,-0.00038909999999999997,-0.0002946999999999999,-0.0018306999999999998,-0.0010458999999999998,0.0023237000000000002,-7.1600000000000114e-05,-0.00014540000000000012,-0.0004126,-0.0021104000000000001,-0.0016299999999999999,0.0013006999999999999,-0.00029120000000000003,0.0015455999999999998,0.00066620000000000004,0.0026984000000000001,0.00091779999999999997,-0.0030350999999999998,0.00020959999999999994,-0.0020606999999999999,0.0012339,1.1499999999999737e-05,0.0038208000000000001,-0.0019220999999999999,0.0013809,-0.00092850000000000007,-0.0010728999999999997,-0.0015024000000000001,0.00023760000000000014,-0.0026719999999999999,-0.00066599999999999993,-0.0018573000000000001,0.0019056000000000001,5.7600000000000316e-05,0.00037240000000000016,0.0012845000000000005,-0.0023355999999999997,0.0059017000000000002,-0.0033976000000000002,0.00033300000000000002,-0.0022438000000000002,-0.00057519999999999989,-0.00061319999999999983,-0.0021649999999999994,-0.00077009999999999991,0.001632
aug_between_class_right_pair0070_child07,TLE,1,1,Augmented,0,0,0,0,0,0.3158878,1.8781083999999999,9.9999999999999995e-07,-9.9999999999999995e-07,1.9999999999999994e-07,0.87778120000000004,0,0.035456399999999999,-0.10418820000000001,0.0383586,0.1217978,-0.1075644,0.084961200000000001,-0.021949,-0.009318400000000001,-0.033126200000000001,-0.067493200000000003,0.2363276,-0.095036200000000001,0.014227600000000003,0.021200400000000001,-0.014485000000000001,-0.0256878,0.00077320000000000036,-0.042228599999999998,0.020913000000000001,0.014346999999999999,-0.055730399999999999,-0.0038641999999999995,-0.074459199999999989,0.0013816000000000019,0.063517800000000013,-0.049267399999999996,0.023888399999999997,-0.0030330000000000027,-0.041779799999999999,0.029719599999999999,-0.044689800000000002,-0.0461062,0.084767399999999993,-0.044905399999999998,0.172875,-0.050970599999999998,0.002777,0.0014380000000000005,-0.0011542000000000002,-0.013129999999999999,0.0092983999999999983,0.033774199999999997,-0.0023794000000000003,-0.0050412,-0.026289600000000003,-0.0148072,0.0156688,0.022899200000000001,0.0021697999999999995,0.024956600000000002,-0.017189600000000003,-0.0081268000000000017,0.017500600000000002,-0.044330000000000001,-0.0030762000000000007,0.013676200000000001,-0.0012396,0.014846399999999999,-0.083348800000000001,-0.0051937999999999993,-0.037145600000000001,0.021998000000000004,-0.0028596000000000021,-0.0017462000000000003,0.0034550000000000002,0.015813600000000001,0.0038661999999999993,0.0034472000000000001,-0.0081815999999999989,0.0128798,0.0013553999999999997,-0.0037575999999999994,0.0048402000000000011,0.0014457999999999988,-0.010647799999999999,0.0080739999999999996,0.0019463999999999992,0.0120038,-0.0033121999999999995,0.00062240000000000038,0.0178478,-0.0114264,-0.0013162000000000009,-0.018004199999999998,-0.0065366000000000018,0.019028799999999998,-0.0126234,-0.0020385999999999998,0.0029750000000000002,-0.0092003999999999992,0.0057624,0.0046896000000000004,0.010689800000000001,0.0108168,-0.013927599999999998,0.0127314,0.0022146000000000002,0.00023039999999999996,0.00055879999999999992,0.0099985999999999998,0.00016640000000000058,-0.0079114000000000007,-0.0016620000000000001,0.0057600000000000004,-0.0041022000000000003,-0.0042173999999999996,0.0075193999999999999,0.004868599999999999,0.0039489999999999994,-0.0059375999999999995,0.0104288,0.00054340000000000031,-0.0007040000000000002,-0.0055291999999999997,0.0120112,-0.0074568000000000004,-0.0018212000000000002,0.0065666000000000006,0.0075312,0.013446200000000002,-0.0034796000000000002,-0.0090652000000000007,0.0071939999999999999,-0.00022779999999999936,0.0030173999999999999,-0.0080156000000000012,-0.0058071999999999985,-0.0097023999999999999,-0.011695200000000001,-0.010614800000000001,0.0053904000000000001,-0.0060667999999999989,-0.0010623999999999998,-0.00039179999999999982,0.0032648,-0.0019328000000000001,-0.00088279999999999999,-0.0018460000000000002,0.0014826000000000002,-0.0040690000000000006,-0.0010831999999999997,-0.00071719999999999987,-0.00065079999999999956,0.0057799999999999995,0.0023708000000000002,0.0023016,0.0097516000000000009,-0.0019436,-0.0040404000000000004,-0.0019035999999999999,-0.002062,-0.001323,0.0017982000000000007,-0.0013917999999999999,0.0075997999999999994,-0.0014590000000000007,-0.0033237999999999996,-0.00066880000000000021,-0.014537600000000001,-0.0031568000000000004,0.0024816000000000009,-0.0045650000000000005,0.0064586000000000001,0.0047066,0.005197199999999999,0.0034545999999999999,-0.0051874,0.0091166000000000007,0.014894999999999999,-0.014348800000000004,0.0061304000000000011,-0.00058400000000000032,-0.0070028,0.0035418000000000003,-0.017332399999999998,0.0087900000000000009,0.012615999999999999,0.0012308000000000006,-0.0032462000000000012,-0.0091642000000000008,-0.0018510000000000002,0.00072039999999999973,0.0012458,0.00077140000000000064,-0.0001508000000000002,-0.0033238,-0.0021910000000000002,-0.002846,-0.00092920000000000003,0.0033617999999999999,-0.0020016000000000001,-0.0026462000000000005,0.0012187999999999999,0.0057838000000000004,-0.0030149999999999995,-0.0046959999999999997,-0.00081599999999999978,-0.0034462000000000008,0.00046480000000000002,0.0013831999999999998,0.0015352,-0.00296,-0.0011321999999999999,0.010676200000000002,0.0041828000000000004,0.0013724,0.0037941999999999997,0.0022943999999999994,0.0019142,0.0040791999999999998,-0.0010280000000000007,0.0026739999999999997,0.0012308000000000011,0.0028289999999999999,0.0052247999999999999,0.0028701999999999998,-0.0059838000000000009,-0.0021915999999999993,0.0082713999999999999,0.0067229999999999998,0.0012844,7.7199999999999925e-05,0.00061659999999999981,-0.0029282000000000006,-0.00037339999999999986,-0.0044926000000000011,-0.0046283999999999995,0.0056884000000000006,-0.0093010000000000002,0.0063049999999999998,-0.0023242000000000002,0.0011734000000000002,0.0013446000000000003,-0.0018316000000000001,0.00025700000000000007,0.00012619999999999992,0.0014884,0.0014997999999999999,0.00044139999999999994,3.999999999999013e-07,-0.0022674000000000001,-0.00067559999999999994,-0.00022700000000000021,-0.0034638000000000008,0.0041868000000000001,-0.0020322000000000001,0.0043628,-0.00024880000000000019,0.0062784,-0.0036496000000000002,-0.00076079999999999984,-0.0032489999999999993,0.0016946000000000001,0.00049220000000000015,-0.0064348000000000009,0.0017041999999999999,-0.00076399999999999971,-0.0019935999999999999,-0.0017902,0.0027859999999999998,-0.0032218000000000004,0.0040988000000000005,-0.0031754000000000001,0.0041355999999999997,-0.0019657999999999998,0.0029910000000000006,0.005339,0.00018400000000000003,-0.00094860000000000029,0.0021066000000000006,-4.3199999999999966e-05,-0.0037158,0.00080240000000000021,-0.0015216000000000001,0.0036163999999999996,-0.0045906000000000002,0.00023979999999999987,-0.00066759999999999975,-0.0007046000000000001,-0.0095014000000000001,0.0062246000000000003,-0.0014201999999999999,0.0083307999999999993,-0.00071020000000000024,0.0016793999999999999,-0.0018753999999999997,-0.0098274,0.0044226000000000005,7.8599999999999851e-05,0.00091040000000000012,0.00079499999999999992,-0.0013958000000000004,0.0014502,-0.0024837999999999995,0.0010365999999999999,-5.9999999999990616e-07,-0.00081399999999999994,-0.00028080000000000021,0.0030447999999999999,0.00082140000000000034,0.0036526000000000002,-0.0034494000000000005,0.00092099999999999994,-0.0015264,0.0009800000000000004,0.0015845999999999998,-0.000484,-0.00050779999999999987,0.0020486000000000002,0.0021794000000000002,-0.0012244000000000001,-0.0026141999999999997,-0.0046525999999999998,-0.00015559999999999999,0.0028205999999999999,0.0004105999999999999,-0.0035590000000000001,-0.0052680000000000001,-0.0025893999999999995,-0.00030559999999999995,-0.0032274000000000001,-0.0021234000000000001,-0.0013016000000000002,0.0011351999999999998,0.0027910000000000005,0.0027702,-0.0015679999999999999,-0.00044080000000000004,-0.0017501999999999995,0.0022773999999999997,0.0026895999999999999,5.7799999999999833e-05,0.0017321999999999999,0.0009241999999999998,0.0023552,-0.00010620000000000007,-0.00095079999999999991,-0.00033619999999999917,0.0044334000000000005,-0.0092058000000000001,0.0027181999999999996,0.0014682,0.00080339999999999925,0.0053311999999999995,0.0028652000000000005,-0.00045059999999999984,0.005641199999999999,-0.0062966000000000003,0.0036982,0.0011222000000000003,-0.0024020000000000005,0.0007584,-0.00081879999999999974,0.00075239999999999997,0.00089740000000000002,-0.0014591999999999999,0.00117,-0.00061179999999999991,-0.0013483999999999998,-9.0600000000000034e-05,0.0001694,0.0028991999999999998,0.0012160000000000005,0.00058660000000000006,-0.0015579999999999999,-0.0011408000000000006,-0.0022676000000000003,-0.0013538000000000001,-0.0028915999999999998,0.00070819999999999998,0.00011459999999999994,-0.0011651999999999999,-0.0010095999999999998,0.0009674000000000001,0.00031440000000000005,-0.0019051999999999999,0.0013022000000000001,-4.9200000000000057e-05,0.00055959999999999994,0.0019665999999999998,0.0033510000000000002,-0.00024659999999999987,0.0032672000000000005,0.0017646000000000001,0.0024296000000000001,-0.0019774000000000003,0.00070120000000000002,0.0012079999999999999,-0.00067900000000000002,-0.00085139999999999999,0.0024550000000000002,-0.0028565999999999999,0.00037599999999999982,-0.0036354000000000004,0.00080659999999999998,1.7800000000000107e-05,0.0012710000000000004,-0.0016454000000000004,-0.0014687999999999999,0.0036182000000000002,-0.0013720000000000004,-0.0023814000000000005,-0.0007271999999999999,0.0044200000000000003,-0.00069819999999999984,0.0036338000000000004,0.0012813999999999998,-0.0017498000000000001,-0.0023178000000000001,0.0018142000000000002,0.0031732000000000002,0.00014340000000000012,-0.00076820000000000002,0.0044469999999999996,0.0034274000000000006,-0.00041460000000000021,0.0027813999999999998,0.0033043999999999994,-0.0017491999999999998,-0.0041284,-0.00010260000000000005,0.00015819999999999997,-0.00037179999999999998,0.00042280000000000003,-0.00070960000000000012,-0.0005041999999999999,0.00061220000000000014,0.0013890000000000003,0.00028060000000000004,-0.00095699999999999995,-0.00099979999999999991,0.00011340000000000015,-0.00037500000000000001,0.00030200000000000008,0.0021597999999999999,0.00039960000000000001,-0.0008747999999999999,0.00073579999999999989,-0.00015840000000000003,-0.00043340000000000007,-0.00099599999999999992,0.00088580000000000017,-0.00058719999999999996,0.00064939999999999985,0.00047159999999999997,-0.00047079999999999984,-0.00024300000000000005,9.3399999999999885e-05,0.0016359999999999997,-0.0003388,-0.00059440000000000003,-0.00043480000000000005,-0.0019988000000000002,-0.0013326000000000004,0.0023227999999999999,8.6600000000000045e-05,2.0400000000000059e-05,-0.00037439999999999999,-0.0023256000000000001,-0.0017530000000000002,0.0014188,-3.3799999999999846e-05,0.0016114000000000002,0.00059979999999999994,0.0027756,0.00090719999999999993,-0.0031874,0.00025040000000000007,-0.0025168000000000005,0.0013036000000000002,0.00042200000000000017,0.0042792000000000004,-0.0019304000000000001,0.0012166,-0.00076099999999999996,-0.0013846000000000002,-0.0013335999999999999,-4.3600000000000192e-05,-0.0026919999999999999,-0.00076399999999999992,-0.0020572000000000003,0.0018184,0.00011739999999999993,0.00047860000000000047,0.00090099999999999967,-0.0023823999999999998,0.0061288000000000011,-0.0035434000000000008,0.00018699999999999988,-0.0021012000000000005,-0.00076980000000000017,-0.00095280000000000007,-0.0027130000000000001,-0.00070539999999999991,0.0016230000000000001
aug_between_class_right_pair0070_child08,TLE,1,1,Augmented,0,0,0,0,0,0.31549389999999999,1.8541401999999998,9.9999999999999995e-07,-9.9999999999999995e-07,9.9999999999999969e-08,0.86640410000000001,0,0.036334700000000004,-0.099986099999999994,0.037646800000000001,0.12737589999999999,-0.1112742,0.084549100000000002,-0.023646499999999997,-0.010149200000000001,-0.032255100000000002,-0.069000100000000009,0.2264938,-0.092338599999999993,0.017587800000000001,0.019591699999999997,-0.0160175,-0.0268084,0.0008026000000000001,-0.040742799999999996,0.021634,0.013576,-0.054955199999999996,-0.0046055999999999996,-0.072466599999999992,0.0015487999999999995,0.064703900000000009,-0.0517822,0.024838699999999998,-0.004158000000000002,-0.041572900000000003,0.029161800000000002,-0.040874899999999999,-0.049207100000000004,0.081367200000000001,-0.046761700000000003,0.17111700000000002,-0.051773299999999994,0.0025339999999999998,0.0020405000000000002,-0.00069860000000000148,-0.012388,0.0097766999999999993,0.033198600000000002,-0.0030437000000000003,-0.0052166000000000001,-0.027412300000000001,-0.0149421,0.0146439,0.023257099999999999,-0.00062159999999999646,0.026144299999999999,-0.019460800000000004,-0.0099708999999999996,0.017563800000000001,-0.043478499999999996,-0.0034766000000000003,0.014843600000000002,-0.0015968000000000002,0.014631699999999999,-0.08100990000000001,-0.0040848999999999998,-0.0365703,0.022352499999999997,-0.0025288000000000012,-0.0018216,0.0034909999999999997,0.0149543,0.0028226000000000002,0.0035810999999999998,-0.0063937999999999998,0.0138379,0.00073819999999999962,-0.0031982999999999994,0.0058355999999999998,0.00083289999999999927,-0.0096229000000000002,0.009126999999999998,0.00041519999999999925,0.0121729,-0.0026575999999999995,0.002049200000000001,0.018382900000000001,-0.0115417,-0.0011551000000000001,-0.019558599999999999,-0.0082528000000000011,0.020522899999999997,-0.0129452,-0.0022117999999999999,0.0031004999999999991,-0.0093577,0.0050967,0.0043713000000000016,0.0100354,0.008946899999999999,-0.011480799999999999,0.0140172,0.0022742999999999999,0.0005327000000000001,0.00086940000000000021,0.0103433,0.0011426999999999991,-0.0086531999999999998,-0.0018755000000000004,0.0063959999999999998,-0.0043695999999999995,-0.0040647000000000001,0.0076702000000000003,0.0043042999999999996,0.004084,-0.0064502999999999991,0.010817400000000001,0.00083569999999999912,-0.0014515000000000001,-0.0051856000000000003,0.012065600000000001,-0.0079094000000000005,-0.0019195999999999996,0.0064638000000000004,0.0088651000000000008,0.014281600000000002,-0.0026298000000000007,-0.0090285999999999995,0.0062839999999999997,0.0003426000000000002,0.0024952000000000004,-0.0084848000000000007,-0.0050235999999999996,-0.0107487,-0.0119446,-0.0118154,0.0057692000000000004,-0.0057748999999999995,-0.00055319999999999979,0.00010760000000000004,0.0031438999999999998,-0.0021903999999999999,-0.00089839999999999994,-0.0020444999999999999,0.0018683,-0.0045125,-0.00055510000000000021,-0.00043560000000000018,-0.00014690000000000016,0.006242000000000001,0.0027479000000000002,0.0025552999999999999,0.0097952999999999998,-0.0020802999999999998,-0.0042757000000000003,-0.0015393,-0.0027799999999999995,-0.0012030000000000001,0.003320100000000002,-0.0017063999999999998,0.0079103999999999997,-0.0019524999999999998,-0.0038168999999999998,-0.00055690000000000036,-0.0152598,-0.0036834000000000003,0.0032488,-0.0043539999999999994,0.0069468000000000004,0.0052262999999999997,0.0039805999999999991,0.0032592999999999997,-0.0047016999999999996,0.0096337999999999997,0.015432999999999999,-0.016190900000000001,0.0060202000000000007,-0.00025599999999999928,-0.0077799000000000011,0.0040698999999999996,-0.017747699999999998,0.010267500000000001,0.013630999999999999,0.0011884000000000009,-0.0040820999999999982,-0.0103921,-0.0018505000000000001,0.00053369999999999991,0.00093490000000000023,0.0013697000000000006,-5.5900000000000004e-05,-0.0041319,-0.0023074999999999997,-0.0029239999999999999,-0.0011665999999999998,0.0033058999999999996,-0.0021088000000000001,-0.0026676,0.0013523999999999997,0.0061099000000000006,-0.0023174999999999997,-0.0050185000000000004,-0.00054799999999999988,-0.0039005999999999993,0.00074089999999999963,0.0011271,0.0019111,-0.002882,-0.00070359999999999954,0.0115706,0.0041498999999999998,0.0015502000000000001,0.0033796,0.0013511999999999999,0.0024401000000000002,0.0042440999999999998,-0.0014760000000000003,0.0029549999999999997,0.0015979000000000006,0.0030849999999999996,0.0052548999999999998,0.0027676000000000003,-0.0065588999999999995,-0.0022992999999999998,0.0086682000000000009,0.007783,0.0006716999999999999,-0.00028240000000000036,0.0001362999999999999,-0.0027326,9.7299999999999817e-05,-0.0045447999999999999,-0.0046696999999999989,0.0061707000000000012,-0.0086549999999999995,0.0059279999999999992,-0.0026795999999999999,0.0010902000000000002,0.0014573000000000001,-0.0020013000000000006,0.00061900000000000019,0.00020410000000000003,0.0012351999999999999,0.0017104000000000002,0.00019369999999999983,-3.6300000000000069e-05,-0.0021437000000000001,-0.00099029999999999995,-0.00057850000000000002,-0.0039579000000000003,0.0045539000000000005,-0.0021441000000000003,0.0047679000000000003,-0.00066140000000000014,0.0070031999999999994,-0.0040828000000000001,-0.00076940000000000016,-0.0035164999999999997,0.0014578,0.00053310000000000011,-0.0068479000000000005,0.0019886000000000001,-0.0011774999999999999,-0.0023248000000000001,-0.0017821,0.0029624999999999999,-0.0041533999999999998,0.0045244000000000005,-0.0033137000000000002,0.0043572999999999997,-0.0017214000000000001,0.0035659999999999997,0.0052819999999999994,0.0002165,-0.0011068000000000002,0.0025863000000000001,-0.00032860000000000029,-0.0045129000000000002,0.00098120000000000021,-0.0018043,0.0039176999999999997,-0.0047907999999999996,-3.0599999999999985e-05,-0.00054529999999999986,-0.00084580000000000007,-0.010466699999999999,0.0064832999999999991,-0.0014686,0.0083698999999999996,-0.00075810000000000113,0.0011477,-0.0016231999999999996,-0.0094762000000000006,0.0046887999999999999,3.6299999999999961e-05,0.0010972,0.00061050000000000004,-0.0016104000000000001,0.0014516000000000002,-0.0022298999999999999,0.0011383000000000001,-0.00031830000000000009,-0.00070850000000000004,-0.00027689999999999995,0.0030774000000000001,0.0013052000000000001,0.0040063000000000008,-0.0038237000000000002,0.0008855,-0.0014032000000000001,0.0012140000000000005,0.0011892999999999999,-0.00065649999999999997,-0.00033839999999999993,0.0022828000000000002,0.0023116999999999999,-0.0014897000000000001,-0.0026560999999999998,-0.0048193000000000003,-0.0001158000000000001,0.0028167999999999999,0.00040230000000000018,-0.0040394999999999997,-0.005145499999999999,-0.0025436999999999994,-0.00048780000000000004,-0.0031211999999999998,-0.0022331999999999999,-0.0014253000000000002,0.00075309999999999982,0.0033365000000000001,0.0027080999999999997,-0.0013694999999999998,-0.00047540000000000006,-0.0018141000000000003,0.0023587,0.0031002999999999998,-0.00019360000000000004,0.0017676,0.00055560000000000006,0.0029331000000000001,-0.00019410000000000006,-0.0010349000000000001,0.00014940000000000049,0.0045347000000000009,-0.010619400000000001,0.0029390999999999992,0.0012390999999999999,2.1999999999997282e-06,0.0061675999999999996,0.0034485999999999996,-0.00014129999999999986,0.0049765999999999994,-0.0068573000000000002,0.0040311000000000001,0.0010921000000000008,-0.0028545000000000003,0.00073119999999999999,-0.00087239999999999974,0.00077220000000000001,0.0009412,-0.0013760999999999999,0.00095299999999999996,-0.00061490000000000004,-0.0013101999999999999,-0.0001473,0.00019819999999999999,0.0031266000000000006,0.0014185000000000003,0.00062830000000000004,-0.0015689999999999999,-0.0014569000000000001,-0.0024953000000000002,-0.0014479000000000002,-0.0023798000000000001,0.00053410000000000003,9.8300000000000004e-05,-0.0014641000000000001,-0.0012383000000000003,0.0011232,0.00055820000000000002,-0.0021806,0.0014141000000000002,-8.0099999999999995e-05,0.0005258000000000001,0.0023813000000000003,0.0032919999999999998,-0.00013829999999999995,0.0035240999999999996,0.0018363000000000001,0.0025222999999999999,-0.0021752,0.00066759999999999996,0.0010920000000000001,-0.00088250000000000004,-0.00093019999999999995,0.0027669999999999999,-0.0030203000000000001,0.00047950000000000011,-0.0039001999999999999,0.00081979999999999998,0.00027839999999999983,0.0018990000000000001,-0.0020087000000000004,-0.0017768999999999994,0.0037906000000000007,-0.0016205000000000002,-0.0028912000000000005,-0.00071460000000000013,0.0045194999999999992,-0.00050809999999999983,0.0040508999999999996,0.0012967,-0.0019589000000000004,-0.0029494000000000005,0.0022241000000000001,0.0033690999999999999,0.0004331999999999999,-0.00071509999999999998,0.0049779999999999998,0.0038446999999999995,-0.00091529999999999953,0.0024267,0.0029491999999999995,-0.0022715999999999999,-0.0039892,-0.00020629999999999997,8.2599999999999975e-05,-0.00038739999999999993,0.00048440000000000023,-0.00075280000000000008,-0.00022259999999999994,0.00077060000000000008,0.0016515000000000004,0.00038430000000000002,-0.00087149999999999999,-0.0011573999999999998,2.8699999999999993e-05,-0.00012699999999999983,0.000321,0.0025679000000000001,0.00041830000000000003,-0.00071539999999999983,0.00056139999999999998,-0.00021570000000000004,-0.00059319999999999989,-0.0010964999999999998,0.00091640000000000016,-0.00056259999999999991,0.00039119999999999986,0.00025429999999999995,-0.00042889999999999996,-0.00046100000000000004,-0.00022929999999999999,0.0017559999999999997,-0.00029390000000000015,-0.00079970000000000019,-0.00057490000000000004,-0.0021668999999999998,-0.0016193000000000002,0.0023219,0.00024479999999999999,0.0001862,-0.00033619999999999999,-0.0025408000000000002,-0.0018760000000000001,0.0015369000000000001,0.00022360000000000018,0.0016772,0.00053340000000000006,0.0028528,0.0008966,-0.0033397000000000001,0.00029119999999999998,-0.0029729000000000001,0.0013733,0.00083250000000000023,0.0047376000000000007,-0.0019386999999999998,0.0010522999999999999,-0.00059349999999999995,-0.0016963,-0.0011648000000000001,-0.00032479999999999998,-0.002712,-0.00086200000000000003,-0.0022571000000000002,0.0017312,0.00017719999999999997,0.00058480000000000034,0.00051749999999999995,-0.0024291999999999994,0.0063559000000000003,-0.0036892000000000006,4.1000000000000021e-05,-0.0019586,-0.00096440000000000013,-0.0012924000000000002,-0.003261,-0.00064070000000000012,0.001614
aug_between_class_right_pair0071_child05,TLE,1,1,Augmented,0,0,0,0,0,0.31649559999999999,2.0408233999999998,0,-9.9999999999999995e-07,0,0.93961939999999999,0,0.024601599999999998,-0.13671740000000002,0.016333199999999999,0.062410799999999995,-0.078866400000000003,0.057294200000000003,-0.0094269999999999996,0.029019799999999998,-0.0283138,-0.0704988,0.3169788,-0.1104946,0.043356199999999998,0.038795000000000003,-0.0046515999999999962,-0.016444199999999999,-0.00053040000000000032,-0.045005799999999999,0.011098199999999999,-0.0087808000000000053,-0.049373599999999997,-0.0066866000000000009,-0.071071200000000001,0.0097103999999999992,0.0471274,-0.007121800000000001,0.017166999999999998,0.0054769999999999992,-0.037877999999999995,0.023372199999999999,-0.045186799999999999,-0.010425199999999996,0.073431999999999997,-0.016111,0.18921859999999999,-0.0290364,0.0049575999999999995,-0.0008026000000000001,-0.0026411999999999998,-0.0104162,0.0024466000000000002,0.044470399999999993,-0.0013774,-0.025221200000000003,-0.0228398,-0.019858199999999996,0.029351600000000005,0.022366199999999999,0.0249844,0.0097913999999999987,-0.0089715999999999997,-0.0034441999999999997,0.021495199999999999,-0.048780999999999998,0.0046925999999999999,0.0034908000000000001,0.0024202,0.009068200000000002,-0.094577800000000004,-0.018102599999999996,-0.041183999999999998,0.040065999999999991,0.0103296,0.00097259999999999968,-0.0031056000000000005,0.022769000000000001,0.0023416000000000001,0.0034353999999999999,-0.0059383999999999999,0.0063017999999999998,-0.0014597999999999989,-0.0108764,0.0015808,-0.0052705999999999986,-0.024433400000000001,0.0014496000000000001,0.0037904000000000002,0.00037059999999999958,-0.0111676,-0.0011260000000000003,0.0137628,-0.0059718000000000011,-0.0066736,-0.0052117999999999999,-0.0015239999999999995,0.0050495999999999996,-0.0089276000000000008,0.004486200000000001,-0.0052887999999999998,-0.0036947999999999998,0.010525000000000001,0.011376000000000001,0.022638599999999995,0.015973399999999999,-0.016320599999999998,0.0069728000000000012,0.0019221999999999998,-0.0022363999999999999,-0.00038200000000000039,0.0084335999999999994,-0.0051942000000000004,0.0064879999999999998,-0.0036983999999999993,0.012539000000000002,-0.00018619999999999965,-0.0006818000000000002,0.0023278000000000005,0.011235800000000001,-0.0012102000000000016,-0.0049389999999999989,0.0021409999999999997,-0.0046680000000000003,0.0018959999999999997,-0.0059632000000000001,0.0102068,0.0051840000000000011,-0.0014184000000000002,0.0043001999999999988,-0.0035691999999999998,0.0010265999999999999,-0.0063328000000000013,-0.0088813999999999976,0.010773200000000002,-0.004653,0.0012360000000000001,-0.009042399999999999,-0.0084669999999999988,-0.0036806,-0.010188000000000001,-0.0068972,0.0037960000000000008,-0.0030058000000000003,0.003737799999999999,-0.0023628000000000004,0.00081240000000000001,-0.0017604000000000001,0.0025592000000000002,0.0025197999999999996,-0.0024034,-0.00042039999999999981,0.0017685999999999999,-0.0005484000000000001,-0.00095760000000000029,0.0022924,0.0021263999999999996,0.0058205999999999996,0.0060169999999999998,0.0040980000000000001,-0.0043357999999999999,0.0010584000000000004,0.0001600000000000002,-0.0033367999999999996,-0.0086493999999999998,-0.0042776000000000003,0.0039489999999999994,0.0049610000000000001,-0.0052148000000000003,0.002753600000000001,-0.0043660000000000001,-0.0061938000000000002,0.0052461999999999995,-0.0069820000000000004,0.00087920000000000012,-0.0079535999999999999,0.010501,0.00065560000000000011,-0.0048475999999999988,0.00073180000000000001,0.014479000000000002,-0.0036623999999999997,0.0035994000000000004,0.0034641999999999997,-0.0076149999999999994,-0.0016193999999999998,-0.017031600000000001,0.0097795999999999994,0.010523999999999999,0.0070479999999999987,0.0059230000000000003,0.0005313999999999998,-0.0014736,0.00063640000000000007,0.0015007999999999992,-0.0034380000000000001,0.0021901999999999998,0.0045152000000000005,-0.001614,-0.0052832,0.00018340000000000007,0.00097139999999999987,-0.00092160000000000007,-0.0049690000000000003,-0.0022567999999999998,0.0051381999999999999,-0.0019422000000000003,0.0017726000000000003,0.00052059999999999997,-0.0051452000000000008,0.00057639999999999992,-0.0021818000000000002,-0.0018359999999999995,-0.0050667999999999998,-0.0034088,0.0083239999999999998,0.0050216000000000002,0.0027610000000000004,0.0027962000000000004,0.0066464000000000002,-0.0006242000000000001,0.0030581999999999996,0.0028336000000000004,-0.0029139999999999999,-0.0050973999999999993,0.0053318000000000003,0.0048313999999999996,0.0014412000000000003,-0.0011725999999999998,-0.0039125999999999996,0.008061200000000001,-0.00078760000000000028,-0.0018544000000000008,0.0025437999999999997,-0.0019746,-0.0025624000000000003,0.0015647999999999994,-0.0049487999999999997,-0.0024165999999999988,0.00096059999999999939,-0.013585,0.0030704000000000009,-0.0084897999999999987,0.0011426000000000001,0.00059580000000000006,-0.0018422,-0.00094700000000000003,-0.00026500000000000004,0.00053879999999999998,0.0011380000000000001,-0.0011978000000000002,0.0011777999999999997,-0.002794,-0.0013676000000000003,0.0017158,-0.0012511999999999996,0.0015956,-0.0010667999999999999,0.00044059999999999987,0.0014222,0.0050406000000000001,-0.0018335999999999999,0.00062060000000000001,0.00034979999999999994,0.0025393999999999998,-0.0021911999999999999,-0.0033368,-0.0032994000000000001,0.0017508000000000001,-0.0035516000000000002,0.00016259999999999991,0.0032805999999999998,-0.00054499999999999991,0.0038035999999999999,-0.0033129999999999995,-0.00011979999999999998,-0.00038559999999999983,-0.0010662000000000002,0.0029750000000000002,0.0037352000000000002,-0.0034566000000000002,0.0020157999999999999,0.0047882000000000003,-0.0028092000000000004,0.0038657999999999995,-0.001882,0.0011626000000000002,-0.0015005999999999997,0.0024685999999999996,-0.0074949999999999999,0.0018576000000000005,-0.0068821999999999998,0.0056943999999999996,-0.0029121999999999998,0.0049736000000000008,-0.0024895999999999981,0.0033281999999999999,-0.0014838,-0.018039800000000002,-0.0021918000000000011,-0.00051840000000000002,-1.3999999999999934e-06,0.0015738,0.00031740000000000023,-0.00021319999999999998,-0.00026620000000000002,-0.0010089999999999999,0.0016177999999999998,-0.0015471999999999999,0.0013582000000000002,0.0023793999999999998,-0.0043073999999999994,0.0010746,-0.0014600000000000001,-0.00069259999999999981,-0.0019586,0.0020655999999999999,6.0000000000001458e-06,0.0020999999999999999,-0.00074580000000000002,0.00075239999999999975,-0.00076319999999999979,0.00042660000000000007,0.0017560000000000002,-0.0019458000000000001,-0.0018734000000000003,0.0023356000000000002,-0.0004674000000000003,0.0011355999999999998,-0.0031694000000000002,-0.0030372000000000003,0.0028738000000000001,-0.0014804,-0.0014989999999999999,-0.0010975999999999998,0.00017500000000000008,-0.0029551999999999998,0.0029274000000000001,0.0007404,0.0015725999999999997,-0.0011829999999999996,0.0029976000000000004,-0.00038259999999999998,0.00096739999999999977,0.0022187999999999999,0.0033704,-0.0032489999999999993,0.0011594000000000001,-0.00026159999999999996,-0.00038600000000000006,-0.0034375999999999994,0.00052199999999999989,-0.0010246000000000001,0.00348,0.0002764,0.0014968,-0.0026050000000000005,0.0015855999999999999,0.0020612000000000009,-0.0056516000000000005,-0.00093479999999999995,-0.0033959999999999997,-0.0027726000000000001,-0.0002099999999999999,0.00032840000000000001,0.0010761999999999998,-0.00056279999999999969,-0.0010936000000000001,-0.0004326,0.00084519999999999994,-0.00092960000000000004,0.0017976000000000001,0.00027139999999999987,-0.0008202000000000001,0.0005889999999999999,-0.0021031999999999999,-0.001201,0.0010238000000000001,-0.0012384000000000002,-0.0003329999999999998,-0.0028240000000000001,0.00085619999999999999,0.0015332,-2.980000000000002e-05,0.000834,0.0021181999999999998,-0.0028744,0.00050239999999999985,0.00012780000000000002,-0.00079999999999999993,0.00028839999999999996,-0.0005264,0.0010024000000000001,-0.0022097999999999996,-0.00057719999999999994,0.0017299999999999998,-0.0015357999999999999,0.0022790000000000002,0.0041757999999999995,0.0014543999999999998,-0.00077299999999999982,0.0025523999999999998,-0.0041824000000000002,-0.00087779999999999998,0.00060280000000000034,-0.00050240000000000007,0.0033844000000000001,-0.0015888,-8.4599999999999996e-05,0.0017108000000000002,0.0010516,0.00062780000000000019,0.00068359999999999981,-0.0017828,0.002591,0.0030182,-0.0022522000000000002,-0.0010313999999999996,0.0016967999999999996,-0.0014028000000000001,0.0029059999999999997,-0.0010623999999999998,0.0057367999999999994,-0.0014599999999999999,0.00088940000000000026,0.00051240000000000031,0.0041126000000000001,-0.0030504,-0.0003933999999999997,0.0028050000000000006,0.0002071999999999994,-0.0049061999999999995,0.00084500000000000016,0.00084999999999999984,0.0010094000000000001,0.00041139999999999997,0.0011220000000000002,-0.0010073999999999999,0.00043940000000000006,0.00043480000000000011,0.0010227999999999999,-0.0014012,0.00089779999999999981,-0.00028379999999999996,0.0002402000000000002,0.00035080000000000007,0.0012707999999999999,0.00066960000000000001,-0.0013593999999999998,0.0016948000000000002,-0.0010407999999999999,0.00023439999999999995,0.0001024,-0.0013412000000000001,-0.0010043999999999999,0.0027242,0.0010127999999999999,0.0013994000000000003,0.00035820000000000009,0.00089019999999999995,-0.0033931999999999999,-0.0028048000000000001,-0.000357,-0.0019799999999999996,-0.0011054000000000001,0.0021819999999999999,0.0010125999999999998,-0.0015492000000000001,0.00098499999999999998,-4.5200000000000014e-05,0.00068800000000000003,0.0001786,0.0029785999999999997,-0.00064840000000000004,0.0029141999999999996,-0.0028027999999999998,-0.0002098,-0.0020368000000000001,0.0021889999999999991,0.0022501999999999999,0.0019862,0.0016857999999999997,-0.00038260000000000008,0.0005528000000000001,-0.0018600000000000001,0.0017864000000000001,-0.0036456000000000001,0.0016640000000000001,0.0012714,0.0010513999999999999,0.0011688,-0.00072099999999999996,0.00042359999999999989,0.0012896000000000001,-0.0044321999999999999,-0.0023011999999999998,0.0047591999999999999,0.0008110000000000002,0.0033086000000000001,-0.0012238000000000006,0.00020699999999999994,0.0044929999999999996,-0.0054446,-0.0012065999999999999,-0.0050339999999999994,-0.00046239999999999996,0.0028431999999999997
aug_between_class_right_pair0071_child06,TLE,1,1,Augmented,0,0,0,0,0,0.31471319999999997,2.0192907999999998,0,-9.9999999999999995e-07,0,0.93385580000000001,0,0.025611200000000001,-0.1362748,0.0160064,0.064038100000000001,-0.0848188,0.056640900000000001,-0.012262499999999997,0.030451599999999999,-0.024520600000000004,-0.073627100000000001,0.31388759999999999,-0.1129202,0.044859899999999994,0.039732500000000004,-0.010135699999999991,-0.016750400000000002,-0.00031880000000000016,-0.0430981,0.010926399999999999,-0.0084316000000000044,-0.049562700000000001,-0.0074517000000000003,-0.068558400000000005,0.010277799999999998,0.047802799999999999,-0.005943600000000002,0.015899,0.0059525000000000003,-0.039281999999999997,0.023539899999999999,-0.043093600000000003,-0.014537399999999999,0.071401999999999993,-0.017417499999999999,0.19200519999999999,-0.026649800000000001,0.0060791999999999999,-0.00096170000000000001,-0.0019599000000000005,-0.0093799,0.0028561999999999997,0.046167799999999995,-0.0016472999999999998,-0.028505400000000004,-0.023588600000000001,-0.023510399999999997,0.030470200000000003,0.025121399999999999,0.0251668,0.0111483,-0.011244200000000001,-0.0050748999999999994,0.022572399999999999,-0.049677499999999999,0.0052281999999999997,0.0049675999999999991,0.0031923999999999993,0.0095749000000000008,-0.092684600000000006,-0.020218199999999999,-0.041883000000000004,0.040094999999999999,0.010977199999999999,0.0013516999999999997,-0.0034322000000000007,0.023064000000000001,0.0016396999999999991,0.0036403,-0.0040488000000000008,0.0064450999999999996,-0.0028026000000000006,-0.0113478,0.0020761,-0.0072496999999999978,-0.025849799999999999,0.0017262000000000002,0.0021283000000000014,-0.00078129999999999953,-0.011069700000000002,0.00050000000000000044,0.0139626,-0.0054026000000000005,-0.0067632000000000005,-0.0063251000000000002,-0.0025629999999999993,0.0043042000000000002,-0.0084507000000000002,0.0045188999999999993,-0.006218099999999999,-0.0025881000000000012,0.0079285000000000015,0.012883499999999999,0.023072200000000001,0.016352800000000001,-0.015755700000000001,0.0077601000000000007,0.0017509000000000001,-0.0022918000000000001,0.00010599999999999846,0.0072132000000000003,-0.0048289000000000006,0.0070659999999999985,-0.0039397999999999994,0.014395499999999999,-0.00040589999999999984,-0.00010760000000000023,0.0020621000000000007,0.010463099999999999,-0.0020559000000000003,-0.0049715000000000002,0.0024109999999999999,-0.0049059999999999998,0.0008950000000000004,-0.0061663999999999998,0.010090100000000001,0.0058124999999999991,-0.00097730000000000039,0.0052458999999999995,-0.0045633999999999996,0.0014296999999999999,-0.0054246000000000008,-0.0099842999999999998,0.0095314000000000006,-0.0047444999999999996,0.00091500000000000001,-0.0087932999999999987,-0.008538500000000001,-0.0045211999999999995,-0.010243500000000001,-0.0066213999999999995,0.0056744999999999999,-0.0028906000000000001,0.0061960999999999978,-0.0030556000000000003,0.0001198000000000002,-0.0017288,0.0030728999999999999,0.0029135999999999993,-0.0024867999999999999,-0.0012113,0.002357199999999999,-0.00031780000000000024,-0.00065070000000000015,0.0025523,0.0021998,0.0068531999999999985,0.0066594999999999988,0.0041234999999999996,-0.0046075999999999999,0.0013298000000000006,-5.7499999999999826e-05,-0.0038005999999999995,-0.007876300000000001,-0.0049896999999999997,0.0045354999999999996,0.0044635000000000005,-0.0058746000000000007,0.0034831999999999997,-0.0043135000000000005,-0.0066985999999999999,0.0059673999999999994,-0.0069595000000000004,0.0013503999999999996,-0.0089067,0.0096819999999999996,0.00038770000000000037,-0.0042846999999999998,0.0012745999999999999,0.014865500000000002,-0.0038512999999999993,0.0032218000000000008,0.0040253999999999993,-0.0080024999999999992,-0.0022687999999999996,-0.0169792,0.0091847000000000005,0.011195,0.0062054999999999992,0.0055275000000000012,-0.00022170000000000002,-0.0015087,0.00061079999999999999,0.0019870999999999986,-0.0034200000000000003,0.0027104,0.0045599000000000004,-0.001658,-0.0059498999999999993,0.00011230000000000007,0.00078479999999999999,-0.00068420000000000026,-0.0055290000000000001,-0.0021916000000000001,0.0051659000000000002,-0.0015304000000000003,0.0018502000000000004,0.00078869999999999993,-0.0059059000000000004,0.00069829999999999979,-0.0030191000000000003,-0.0024724999999999994,-0.0054426000000000006,-0.0030961000000000001,0.0091874999999999995,0.0049421999999999999,0.0032170000000000002,0.0026554000000000005,0.0068183000000000002,-0.00039240000000000016,0.0033879000000000001,0.0034326999999999999,-0.0028425,-0.0054792999999999994,0.0054351,0.0049427999999999989,0.00058640000000000038,-0.0014336999999999998,-0.0032841999999999993,0.0081808999999999996,-0.00049470000000000026,-0.0017528000000000005,0.0021546,-0.0023231999999999992,-0.0023458000000000003,0.0018325999999999998,-0.003973100000000002,-0.0023756999999999997,0.0012377,-0.013354,0.0024703000000000008,-0.0088965999999999976,0.0010692,0.00073660000000000002,-0.0020444,-0.00087250000000000001,-0.00014799999999999991,0.00020360000000000021,0.00092550000000000011,-0.0013441000000000002,0.0013065999999999998,-0.0029889999999999999,-0.0016722000000000002,0.0014901000000000001,-0.0013543999999999997,0.0018541999999999999,-0.00071260000000000008,0.00055269999999999994,0.0018433999999999998,0.0051707000000000003,-0.0018147,0.00079769999999999993,0.00041359999999999997,0.0027492999999999997,-0.0026448999999999995,-0.0035631,-0.0036938000000000006,0.0016336,-0.0043271999999999998,0.00036569999999999984,0.0040312000000000004,-0.00088099999999999962,0.0043872,-0.0036424999999999995,-0.00010259999999999978,-0.00065470000000000003,-0.0015388999999999999,0.0031189999999999994,0.0037183999999999993,-0.0039077000000000009,0.0023250999999999996,0.0042274000000000001,-0.0032854,0.0039616000000000009,-0.001887,0.0012856999999999999,-0.0016586999999999997,0.0026451999999999995,-0.0074305000000000013,0.0016707000000000007,-0.0069764000000000007,0.0057778000000000005,-0.0036428999999999997,0.0056952000000000001,-0.0022746999999999993,0.0029978999999999995,-0.0023190999999999997,-0.018849100000000001,-0.0020576000000000006,-0.00055279999999999999,7.7199999999999979e-05,0.0016010999999999998,0.00047029999999999999,-8.2900000000000063e-05,-0.00069439999999999975,-0.0010845,0.0018550999999999997,-0.0016109,0.0015319000000000001,0.0025168,-0.0041723000000000003,0.0011287000000000001,-0.0015310000000000002,-0.0008407,-0.0021326999999999995,0.0022887000000000003,-2.9500000000000012e-05,0.0021335,-0.00064810000000000009,0.0012063,-0.00096139999999999973,0.00044870000000000001,0.0017220000000000004,-0.0020011,-0.0019168000000000006,0.0019322,-0.00012680000000000015,0.00094270000000000009,-0.0033923,-0.0032503999999999996,0.0029045999999999998,-0.0014418,-0.0014724999999999999,-0.0012447000000000001,-7.9999999999999885e-05,-0.0032158999999999994,0.0026618000000000002,0.0007228,0.0018106999999999999,-0.0012515,0.0030072000000000002,-0.00029620000000000004,0.0012618,0.0018781,0.0030372999999999997,-0.0029905000000000001,0.00079430000000000017,-0.00037369999999999992,-0.0001900000000000005,-0.0033956999999999993,0.00029450000000000027,-0.00097820000000000003,0.0032545,0.00048979999999999987,0.0015681000000000002,-0.002039,0.0010977000000000001,0.0010439000000000013,-0.0058677,-0.0013055999999999996,-0.0027194999999999997,-0.0032106999999999999,-0.00039499999999999995,0.00041229999999999994,0.0012243999999999998,-0.00067809999999999995,-0.0011976999999999999,-0.00036820000000000001,0.00084040000000000004,-0.00083620000000000005,0.0018732,0.00062079999999999969,-0.00074240000000000026,0.00054300000000000008,-0.0023298999999999998,-0.0013929999999999997,0.0010855999999999999,-0.0011438000000000002,-0.00072899999999999994,-0.0029224999999999998,0.00083690000000000001,0.0013384,-2.910000000000003e-05,0.00077349999999999999,0.0022608999999999997,-0.0029897999999999999,0.00060429999999999989,9.1100000000000019e-05,-0.0010434999999999999,0.00012830000000000003,-0.00036830000000000001,0.0010062999999999999,-0.0020146000000000001,-0.00043840000000000003,0.0015485,-0.0016315999999999998,0.0026085000000000001,0.0047125999999999991,0.0016257999999999999,-0.0010669999999999998,0.0030593,-0.0045073000000000005,-0.0007601000000000001,0.00068660000000000032,-0.0008273,0.0036603,-0.0014891000000000001,-6.1700000000000036e-05,0.0015741000000000002,0.0009722,0.00042060000000000036,0.00089519999999999986,-0.0020625999999999999,0.0025989999999999997,0.0032718999999999999,-0.0024764000000000001,-0.0010027999999999999,0.0017766000000000001,-0.0015861,0.0033899999999999994,-0.00069579999999999989,0.0056781000000000002,-0.0012909999999999996,0.00086729999999999967,0.00053530000000000006,0.0040397000000000002,-0.0028083000000000006,-0.00046529999999999965,0.0030280000000000007,0.00067089999999999945,-0.0046154000000000004,0.00078150000000000008,0.00095099999999999981,0.0011397999999999998,0.00064179999999999988,0.0010105000000000001,-0.0011517999999999999,0.00032530000000000005,0.00064060000000000007,0.0010135999999999999,-0.0013859000000000002,0.00093459999999999984,-0.00028760000000000016,6.1900000000000041e-05,0.00020510000000000005,0.0013996,0.00080519999999999995,-0.0013747999999999998,0.0018416000000000001,-0.0010771000000000001,0.00048079999999999987,5.5800000000000001e-05,-0.0011824000000000001,-0.00096980000000000005,0.0029208999999999997,0.0010991,0.0015433000000000005,0.00019340000000000004,0.0009683999999999999,-0.0035939000000000006,-0.0028010999999999999,-0.00032600000000000006,-0.0022599999999999994,-0.0011483000000000001,0.0020435000000000002,0.0012466999999999999,-0.0017504,0.001021,-9.4000000000000116e-06,0.00079750000000000003,0.00021069999999999997,0.0031177000000000002,-0.00067630000000000001,0.0031594000000000001,-0.0033030999999999998,-0.00037460000000000011,-0.0017931000000000004,0.0027014999999999999,0.0020469000000000004,0.0021828999999999998,0.0017906,-0.00028320000000000005,0.00055210000000000014,-0.0019165000000000002,0.0018218000000000002,-0.0038647,0.0015165000000000005,0.0011478,0.0010323000000000001,0.0013490999999999998,-0.00038100000000000015,0.00064669999999999984,0.0010367000000000004,-0.0044869000000000003,-0.0026358999999999996,0.0045379000000000001,0.00064500000000000007,0.0030081999999999999,-0.00074160000000000035,2.7000000000000006e-05,0.0047349999999999996,-0.0052737000000000001,-0.0017071999999999999,-0.005563499999999999,-0.00087079999999999992,0.0026669000000000007
aug_between_class_right_pair0071_child07,TLE,1,1,Augmented,0,0,0,0,0,0.31293079999999995,1.9977582,-5.2939559203393771e-23,-9.9999999999999995e-07,0,0.92809219999999992,0,0.0266208,-0.13583220000000001,0.015679599999999998,0.065665399999999985,-0.090771199999999996,0.055987599999999998,-0.015098000000000002,0.031883399999999992,-0.0207274,-0.076755400000000001,0.31079639999999997,-0.1153458,0.046363600000000005,0.040669999999999998,-0.015619800000000003,-0.017056600000000002,-0.0001072,-0.041190400000000002,0.0107546,-0.0080823999999999965,-0.049751799999999999,-0.0082168000000000015,-0.066045599999999996,0.010845199999999999,0.048478199999999999,-0.0047654000000000012,0.014630999999999998,0.0064280000000000014,-0.040686,0.023707599999999999,-0.041000399999999999,-0.018649600000000006,0.069372000000000003,-0.018723999999999998,0.19479179999999999,-0.024263200000000002,0.0072008000000000003,-0.0011208000000000001,-0.0012785999999999995,-0.0083435999999999996,0.0032658000000000001,0.047865199999999997,-0.0019172000000000002,-0.031789600000000001,-0.024337400000000002,-0.027162599999999999,0.0315888,0.027876600000000001,0.025349200000000002,0.012505200000000001,-0.013516800000000002,-0.0067055999999999999,0.0236496,-0.050574000000000001,0.0057638000000000012,0.0064444000000000012,0.0039645999999999987,0.010081600000000003,-0.090791399999999994,-0.022333799999999997,-0.042582000000000002,0.040124,0.011624799999999999,0.0017308000000000002,-0.0037588000000000001,0.023359000000000001,0.00093779999999999905,0.0038452,-0.0021591999999999983,0.0065884000000000003,-0.0041454000000000022,-0.0118192,0.0025714000000000002,-0.0092287999999999988,-0.027266200000000004,0.0020027999999999999,0.00046619999999999908,-0.0019332000000000004,-0.0109718,0.0021260000000000012,0.014162399999999999,-0.0048333999999999998,-0.0068528,-0.0074384000000000013,-0.0036020000000000006,0.0035587999999999996,-0.0079737999999999996,0.0045515999999999994,-0.0071473999999999965,-0.001481399999999999,0.0053319999999999982,0.014391000000000001,0.0235058,0.016732199999999999,-0.015190800000000001,0.0085474000000000001,0.0015796,-0.0023472000000000002,0.00059399999999999904,0.0059927999999999986,-0.0044635999999999999,0.0076440000000000006,-0.0041811999999999995,0.016251999999999999,-0.00062560000000000003,0.00046660000000000104,0.0017964000000000001,0.0096903999999999983,-0.0029016000000000016,-0.0050039999999999998,0.0026810000000000002,-0.0051440000000000001,-0.00010600000000000149,-0.0063696000000000004,0.0099734000000000003,0.0064410000000000005,-0.00053620000000000057,0.0061916000000000002,-0.0055576000000000002,0.0018328000000000001,-0.0045164000000000003,-0.011087199999999998,0.0082895999999999994,-0.0048360000000000009,0.00059399999999999991,-0.0085441999999999983,-0.0086100000000000013,-0.0053618000000000008,-0.010299000000000001,-0.0063455999999999999,0.0075530000000000007,-0.0027753999999999995,0.0086544000000000013,-0.0037484000000000007,-0.00057280000000000048,-0.0016971999999999998,0.0035866000000000006,0.0033073999999999998,-0.0025701999999999999,-0.0020022,0.0029458000000000006,-8.7199999999999951e-05,-0.00034380000000000001,0.0028121999999999999,0.0022732,0.0078858000000000001,0.0073019999999999995,0.0041489999999999999,-0.0048794000000000008,0.0016012000000000003,-0.00027500000000000007,-0.0042643999999999989,-0.0071031999999999996,-0.0057018000000000017,0.0051220000000000007,0.0039659999999999999,-0.0065344000000000001,0.0042128000000000009,-0.004261,-0.0072034000000000004,0.0066885999999999994,-0.0069370000000000005,0.0018216,-0.0098598000000000002,0.0088629999999999994,0.00011979999999999977,-0.0037217999999999991,0.0018174000000000003,0.015252000000000002,-0.0040402000000000007,0.0028441999999999999,0.0045865999999999997,-0.0083899999999999999,-0.0029182000000000001,-0.016926799999999999,0.0085898000000000016,0.011866,0.005362999999999998,0.0051320000000000003,-0.00097480000000000071,-0.0015438000000000001,0.00058520000000000002,0.0024733999999999997,-0.0034020000000000001,0.0032306000000000001,0.0046046000000000004,-0.001702,-0.0066166000000000003,4.1199999999999917e-05,0.00059819999999999969,-0.00044680000000000002,-0.0060889999999999998,-0.0021264000000000001,0.0051936000000000005,-0.0011186,0.0019278000000000001,0.0010568000000000001,-0.0066666000000000017,0.0008202000000000001,-0.0038564000000000003,-0.0031090000000000002,-0.0058183999999999996,-0.0027834000000000001,0.010050999999999999,0.0048628000000000005,0.0036730000000000009,0.0025146000000000001,0.0069902000000000002,-0.0001606,0.0037175999999999997,0.0040318000000000003,-0.002771,-0.0058612000000000004,0.0055384000000000006,0.0050542,-0.00026840000000000067,-0.0016948,-0.002655799999999999,0.0083006000000000017,-0.00020180000000000024,-0.0016512000000000002,0.0017653999999999997,-0.0026718000000000002,-0.0021291999999999995,0.0021004000000000001,-0.0029974000000000003,-0.0023347999999999997,0.0015148,-0.013123000000000001,0.0018701999999999998,-0.0093033999999999999,0.00099579999999999981,0.00087740000000000018,-0.0022466000000000001,-0.00079799999999999988,-3.0999999999999995e-05,-0.00013160000000000011,0.00071299999999999998,-0.0014904000000000002,0.0014353999999999999,-0.0031840000000000002,-0.0019768000000000003,0.0012643999999999997,-0.0014575999999999999,0.0021127999999999997,-0.00035839999999999982,0.0006648,0.0022646000000000003,0.0053007999999999996,-0.0017958,0.00097480000000000028,0.0004774,0.0029592000000000004,-0.0030986,-0.0037894000000000001,-0.004088200000000001,0.0015164,-0.0051028000000000011,0.00056880000000000006,0.004781800000000001,-0.0012170000000000004,0.0049708,-0.0039719999999999998,-8.5400000000000233e-05,-0.00092379999999999979,-0.0020116000000000005,0.0032629999999999998,0.0037016000000000002,-0.0043588000000000003,0.0026343999999999998,0.0036665999999999999,-0.0037616000000000004,0.0040574000000000009,-0.001892,0.0014088,-0.0018167999999999999,0.0028217999999999997,-0.0073659999999999993,0.0014838000000000004,-0.0070705999999999998,0.0058612000000000004,-0.0043736000000000001,0.0064168000000000011,-0.0020598000000000005,0.0026676,-0.0031544000000000003,-0.019658399999999999,-0.0019234000000000005,-0.00058720000000000007,0.00015580000000000007,0.0016284000000000001,0.00062320000000000008,4.7400000000000068e-05,-0.0011226000000000001,-0.0011600000000000002,0.0020923999999999999,-0.0016746,0.0017056000000000003,0.0026542000000000002,-0.0040372000000000003,0.0011828000000000001,-0.0016020000000000001,-0.00098879999999999997,-0.0023067999999999999,0.0025118000000000002,-6.500000000000017e-05,0.0021669999999999997,-0.00055039999999999993,0.0016602000000000001,-0.0011596000000000002,0.00047080000000000017,0.0016879999999999998,-0.0020563999999999999,-0.0019602,0.0015287999999999999,0.0002138000000000001,0.0007497999999999999,-0.0036152000000000007,-0.0034635999999999998,0.0029353999999999995,-0.0014031999999999998,-0.001446,-0.0013918000000000001,-0.00033500000000000012,-0.0034766000000000003,0.0023961999999999998,0.00070519999999999979,0.0020487999999999999,-0.00132,0.0030168,-0.0002097999999999999,0.0015562000000000002,0.0015373999999999997,0.0027041999999999995,-0.0027319999999999996,0.00042919999999999981,-0.00048580000000000004,5.999999999999929e-06,-0.0033538000000000001,6.6999999999999785e-05,-0.00093179999999999999,0.0030289999999999996,0.00070319999999999996,0.0016394000000000005,-0.0014729999999999999,0.00060979999999999975,2.6599999999999888e-05,-0.0060838000000000003,-0.0016763999999999998,-0.0020429999999999997,-0.0036488000000000007,-0.00058000000000000011,0.00049620000000000003,0.0013725999999999999,-0.00079339999999999977,-0.0013018000000000001,-0.00030379999999999996,0.00083559999999999993,-0.00074280000000000006,0.0019487999999999999,0.00097020000000000006,-0.0006646,0.00049699999999999983,-0.0025566000000000005,-0.0015849999999999998,0.0011474,-0.0010492000000000001,-0.0011250000000000001,-0.0030210000000000002,0.00081759999999999992,0.0011435999999999998,-2.8400000000000013e-05,0.00071299999999999998,0.0024036000000000001,-0.0031051999999999998,0.00070619999999999993,5.4399999999999987e-05,-0.0012869999999999999,-3.1800000000000014e-05,-0.00021019999999999996,0.0010101999999999999,-0.0018193999999999997,-0.00029959999999999991,0.0013669999999999997,-0.0017274,0.0029380000000000001,0.0052493999999999996,0.0017972000000000001,-0.0013609999999999998,0.0035662000000000003,-0.0048322,-0.0006424,0.00077040000000000051,-0.0011522000000000001,0.0039361999999999999,-0.0013894000000000001,-3.8799999999999859e-05,0.0014373999999999999,0.00089280000000000002,0.00021339999999999987,0.0011068,-0.0023424000000000006,0.0026069999999999999,0.0035256000000000003,-0.0027006,-0.00097419999999999972,0.0018563999999999998,-0.0017694,0.0038740000000000003,-0.00032919999999999976,0.0056194000000000001,-0.0011220000000000002,0.00084519999999999994,0.00055820000000000023,0.0039667999999999995,-0.0025661999999999998,-0.00053719999999999983,0.0032510000000000009,0.0011346000000000001,-0.0043245999999999996,0.00071800000000000011,0.001052,0.0012702000000000002,0.00087220000000000006,0.00089899999999999984,-0.0012962,0.00021119999999999998,0.00084639999999999997,0.0010043999999999999,-0.0013706,0.00097139999999999987,-0.00029140000000000036,-0.00011640000000000012,5.9399999999999926e-05,0.0015284000000000001,0.0009408000000000001,-0.0013901999999999999,0.0019884000000000004,-0.0011134000000000001,0.0007272,9.2000000000000068e-06,-0.0010235999999999999,-0.00093519999999999996,0.0031176000000000003,0.0011854000000000001,0.0016872000000000007,2.8599999999999936e-05,0.0010466,-0.0037945999999999995,-0.0027974000000000002,-0.00029499999999999996,-0.0025399999999999997,-0.0011912000000000001,0.0019050000000000002,0.0014808,-0.0019516000000000002,0.001057,2.6400000000000045e-05,0.00090700000000000025,0.00024280000000000005,0.0032567999999999998,-0.00070420000000000009,0.0034046000000000002,-0.0038034000000000002,-0.00053939999999999999,-0.0015494,0.0032139999999999998,0.0018436000000000001,0.0023795999999999999,0.0018954,-0.00018379999999999997,0.00055140000000000007,-0.0019730000000000004,0.0018572000000000003,-0.0040838000000000003,0.001369,0.0010241999999999999,0.0010131999999999999,0.0015294000000000002,-4.0999999999999831e-05,0.0008698,0.00078380000000000008,-0.0045415999999999998,-0.0029705999999999999,0.0043166000000000003,0.00047900000000000015,0.0027077999999999998,-0.0002593999999999998,-0.00015300000000000003,0.0049769999999999997,-0.0051027999999999994,-0.0022078000000000002,-0.0060930000000000003,-0.0012792000000000003,0.0024905999999999999
aug_between_class_right_pair0071_child08,TLE,1,1,Augmented,0,0,0,0,0,0.31114839999999999,1.9762256,0,-9.9999999999999995e-07,0,0.92232859999999994,0,0.027630399999999999,-0.1353896,0.015352799999999998,0.067292699999999997,-0.096723600000000007,0.055334300000000003,-0.017933499999999998,0.033315199999999989,-0.0169342,-0.079883700000000002,0.30770520000000001,-0.1177714,0.047867300000000002,0.041607499999999999,-0.021103899999999998,-0.017362800000000001,0.00010439999999999972,-0.039282699999999997,0.0105828,-0.0077332000000000095,-0.049940900000000003,-0.008981900000000001,-0.0635328,0.0114126,0.049153599999999999,-0.0035872000000000022,0.013363,0.0069035000000000008,-0.042090000000000002,0.023875299999999999,-0.038907200000000003,-0.022761799999999999,0.067341999999999985,-0.0200305,0.19757839999999999,-0.021876600000000003,0.0083223999999999989,-0.0012799,-0.00059729999999999939,-0.0073073000000000001,0.0036754000000000001,0.049562599999999998,-0.0021871,-0.035073800000000002,-0.025086199999999999,-0.030814799999999996,0.032707400000000005,0.030631800000000001,0.025531600000000002,0.0138621,-0.015789400000000002,-0.0083363000000000013,0.0247268,-0.051470499999999995,0.0062994000000000001,0.0079212000000000015,0.0047367999999999993,0.010588300000000002,-0.088898199999999997,-0.024449399999999996,-0.043281,0.040153000000000001,0.012272399999999999,0.0021099000000000001,-0.0040853999999999994,0.023654000000000001,0.00023589999999999896,0.0040501000000000001,-0.00026959999999999831,0.0067317000000000002,-0.0054881999999999986,-0.0122906,0.0030667000000000003,-0.011207900000000002,-0.028682600000000003,0.0022794,-0.0011958999999999997,-0.0030851000000000012,-0.010873900000000001,0.0037520000000000019,0.0143622,-0.0042641999999999992,-0.0069423999999999996,-0.0085517000000000006,-0.0046410000000000002,0.0028133999999999998,-0.0074969000000000008,0.0045842999999999995,-0.0080767000000000009,-0.00037469999999999865,0.0027354999999999992,0.015898500000000003,0.0239394,0.017111599999999998,-0.014625900000000001,0.0093347000000000013,0.0014082999999999999,-0.0024026,0.0010819999999999988,0.0047723999999999996,-0.0040983,0.0082220000000000001,-0.0044225999999999996,0.018108500000000003,-0.00084530000000000022,0.0010408000000000006,0.0015307000000000012,0.0089177000000000006,-0.0037473000000000012,-0.0050364999999999993,0.0029510000000000005,-0.0053819999999999996,-0.0011070000000000008,-0.0065728000000000002,0.0098566999999999995,0.0070694999999999994,-9.5100000000000739e-05,0.0071373000000000001,-0.0065518,0.0022358999999999999,-0.0036082000000000006,-0.012190099999999999,0.0070477999999999999,-0.0049275000000000022,0.00027300000000000024,-0.008295099999999998,-0.0086815,-0.0062024000000000003,-0.010354500000000001,-0.0060697999999999993,0.0094314999999999989,-0.0026602000000000002,0.0111127,-0.0044412000000000002,-0.0012654000000000003,-0.0016655999999999999,0.0041003000000000003,0.0037012,-0.0026535999999999999,-0.0027930999999999997,0.0035343999999999996,0.00014340000000000012,-3.6900000000000301e-05,0.0030721000000000004,0.0023465999999999999,0.0089183999999999999,0.0079444999999999984,0.0041745000000000003,-0.0051511999999999999,0.0018726000000000001,-0.00049249999999999999,-0.0047281999999999992,-0.0063301,-0.0064139000000000002,0.0057085,0.0034685000000000002,-0.0071942000000000013,0.0049424000000000004,-0.0042085000000000004,-0.0077082000000000001,0.0074097999999999994,-0.0069145000000000005,0.0022928000000000002,-0.010812900000000002,0.0080439999999999991,-0.0001480999999999991,-0.0031589000000000001,0.0023602000000000002,0.015638500000000003,-0.0042290999999999995,0.0024665999999999998,0.0051478000000000001,-0.0087775000000000006,-0.0035675999999999998,-0.016874400000000001,0.007994900000000001,0.012537000000000001,0.0045205000000000002,0.0047365000000000003,-0.0017279000000000003,-0.0015789000000000001,0.00055959999999999994,0.0029597,-0.0033839999999999999,0.0037507999999999999,0.0046493000000000003,-0.0017459999999999999,-0.0072833000000000012,-2.9900000000000022e-05,0.0004115999999999996,-0.00020939999999999999,-0.0066490000000000004,-0.0020612,0.0052213000000000008,-0.00070679999999999983,0.0020054000000000001,0.0013248999999999999,-0.0074273000000000013,0.0009421000000000004,-0.0046937000000000012,-0.0037455000000000001,-0.0061942000000000004,-0.0024707000000000002,0.010914500000000001,0.0047834000000000002,0.0041290000000000007,0.0023738000000000001,0.0071621000000000002,7.1199999999999996e-05,0.0040473000000000002,0.0046309000000000003,-0.0026995000000000001,-0.0062430999999999997,0.0056417000000000012,0.0051655999999999994,-0.0011232000000000004,-0.0019559,-0.0020273999999999999,0.0084203000000000004,9.1100000000000642e-05,-0.0015496000000000008,0.0013761999999999999,-0.0030203999999999995,-0.0019125999999999998,0.0023682,-0.0020217,-0.0022938999999999989,0.0017919000000000001,-0.012892000000000001,0.0012701000000000006,-0.0097101999999999987,0.00092239999999999987,0.0010182000000000001,-0.0024488000000000005,-0.00072349999999999997,8.6000000000000356e-05,-0.00046680000000000007,0.00050049999999999997,-0.0016367,0.0015642,-0.0033790000000000001,-0.0022814000000000003,0.0010387,-0.0015607999999999998,0.0023713999999999996,-4.1999999999999937e-06,0.00077689999999999996,0.0026858000000000003,0.0054309000000000007,-0.0017769000000000001,0.0011519000000000002,0.00054119999999999993,0.0031691000000000002,-0.0035522999999999996,-0.0040157000000000005,-0.0044826000000000006,0.0013992,-0.0058784000000000006,0.00077190000000000006,0.0055324000000000007,-0.0015529999999999999,0.0055544000000000001,-0.0043014999999999998,-6.8199999999999815e-05,-0.0011929000000000002,-0.0024843,0.0034069999999999999,0.0036847999999999998,-0.0048099000000000006,0.0029437,0.0031057999999999997,-0.0042377999999999999,0.004153200000000001,-0.001897,0.0015319000000000001,-0.0019748999999999999,0.0029983999999999996,-0.0073015000000000007,0.0012969000000000001,-0.0071648000000000007,0.0059446000000000004,-0.0051043,0.0071384000000000005,-0.0018448999999999983,0.0023372999999999996,-0.0039897000000000005,-0.020467699999999998,-0.0017892000000000003,-0.00062160000000000004,0.00023440000000000006,0.0016557,0.00077610000000000016,0.00017770000000000004,-0.0015508,-0.0012355000000000001,0.0023296999999999997,-0.0017382999999999999,0.0018793000000000004,0.0027916,-0.0039020999999999999,0.0012369,-0.001673,-0.0011369000000000002,-0.0024809000000000003,0.0027349000000000006,-0.00010049999999999989,0.0022004999999999998,-0.0004527,0.0021141000000000003,-0.0013578000000000002,0.00049290000000000011,0.0016540000000000001,-0.0021117000000000002,-0.0020036000000000003,0.0011253999999999999,0.00055439999999999981,0.00055689999999999993,-0.0038381000000000001,-0.0036768,0.0029662,-0.0013645999999999999,-0.0014195,-0.0015388999999999997,-0.00059000000000000014,-0.0037372999999999994,0.0021305999999999999,0.00068760000000000023,0.0022868999999999997,-0.0013885,0.0030264000000000003,-0.00012339999999999996,0.0018505999999999998,0.0011967000000000002,0.0023710999999999997,-0.0024735,6.4099999999999905e-05,-0.00059790000000000006,0.00020199999999999992,-0.0033118999999999991,-0.00016050000000000005,-0.00088539999999999995,0.0028035,0.00091659999999999962,0.0017106999999999999,-0.00090699999999999993,0.00012189999999999987,-0.00099069999999999887,-0.0062999000000000006,-0.002047199999999999,-0.0013664999999999997,-0.0040869000000000009,-0.00076500000000000005,0.00058010000000000006,0.0015207999999999999,-0.00090870000000000002,-0.0014059000000000003,-0.00023939999999999996,0.00083079999999999981,-0.00064939999999999996,0.0020244,0.0013196,-0.00058679999999999995,0.00045100000000000001,-0.0027832999999999998,-0.0017769999999999999,0.0012091999999999999,-0.0009546,-0.0015210000000000002,-0.0031194999999999999,0.00079829999999999994,0.00094879999999999986,-2.7699999999999996e-05,0.00065249999999999998,0.0025463,-0.0032206000000000001,0.00080809999999999975,1.769999999999999e-05,-0.0015305000000000002,-0.00019190000000000006,-5.210000000000002e-05,0.0010141,-0.0016241999999999997,-0.00016079999999999995,0.0011854999999999999,-0.0018231999999999999,0.0032675,0.0057861999999999992,0.0019686,-0.0016549999999999998,0.0040730999999999996,-0.0051571000000000013,-0.00052469999999999991,0.00085420000000000049,-0.0014771000000000003,0.0042120999999999999,-0.0012897,-1.5899999999999899e-05,0.0013007000000000001,0.00081339999999999993,6.2000000000000423e-06,0.0013184,-0.0026221999999999999,0.0026150000000000001,0.0037793000000000002,-0.0029248,-0.00094559999999999957,0.0019361999999999999,-0.0019527000000000004,0.0043579999999999999,3.740000000000015e-05,0.0055606999999999992,-0.00095300000000000029,0.00082310000000000022,0.00058109999999999998,0.0038939000000000005,-0.0023241,-0.00060909999999999957,0.0034740000000000001,0.0015983000000000002,-0.0040337999999999997,0.00065450000000000003,0.0011529999999999999,0.0014006000000000003,0.0011026000000000002,0.00078750000000000001,-0.0014405999999999998,9.7099999999999975e-05,0.0010522000000000003,0.0009951999999999999,-0.0013553,0.0010081999999999999,-0.00029520000000000013,-0.00029469999999999995,-8.6300000000000038e-05,0.0016571999999999997,0.0010764000000000001,-0.0014055999999999999,0.0021352000000000003,-0.0011497,0.00097360000000000003,-3.7399999999999988e-05,-0.00086479999999999999,-0.00090059999999999999,0.0033143000000000001,0.0012717000000000002,0.0018311000000000009,-0.00013620000000000006,0.0011248,-0.0039953000000000011,-0.0027936999999999997,-0.00026400000000000002,-0.00282,-0.0012341000000000001,0.0017665000000000003,0.0017149000000000001,-0.0021527999999999999,0.001093,6.2200000000000102e-05,0.0010165000000000003,0.00027490000000000001,0.0033958999999999999,-0.00073210000000000007,0.0036498000000000004,-0.0043037000000000006,-0.00070420000000000009,-0.0013057000000000001,0.0037264999999999998,0.0016403000000000001,0.0025763000000000006,0.0020001999999999997,-8.4399999999999992e-05,0.0005507000000000001,-0.0020295000000000005,0.0018925999999999999,-0.0043028999999999993,0.0012214999999999999,0.00090059999999999999,0.00099410000000000015,0.0017097,0.000299,0.0010928999999999999,0.00053089999999999995,-0.0045963000000000002,-0.0033053000000000002,0.0040952999999999996,0.00031300000000000002,0.0024073999999999996,0.0002228000000000001,-0.00033300000000000018,0.0052189999999999997,-0.0049318999999999995,-0.0027083999999999997,-0.0066225000000000008,-0.0016876000000000003,0.0023143
aug_between_class_right_pair0072_child05,TLE,1,1,Augmented,0,0,0,0,0,0.29481360000000001,2.0503762000000001,-5.9999999999999997e-07,-3.9999999999999993e-07,0,1.0111523999999998,0,0.026893799999999999,-0.15293619999999999,0.030073200000000001,0.046917800000000003,-0.054281200000000002,0.058670799999999995,0.0091305999999999991,0.0192832,-0.019074000000000001,-0.043506399999999994,0.40809459999999997,-0.12503839999999999,0.0023063999999999966,0.041474000000000004,0.021818799999999999,-0.015445799999999999,-0.002379,-0.054257800000000002,0.040104000000000001,0.017241800000000002,-0.023682600000000002,-2.4000000000000583e-06,-0.098261799999999996,0.010020200000000002,0.055278400000000005,-0.023209399999999998,0.012204000000000001,0.0010147999999999997,-0.045261799999999998,0.045626800000000002,-0.035396199999999996,0.0051429999999999948,0.1130032,0.0080975999999999965,0.19131120000000001,-0.035352599999999998,0.0102954,-0.0046866000000000008,-0.00035340000000000024,-0.0040785999999999999,-0.0076128000000000003,0.0365802,-0.0042965999999999994,-0.010779199999999999,-0.0248062,-0.0172648,0.010003999999999999,0.018126400000000001,0.027465800000000002,0.0055649999999999988,0.0069067999999999994,0.0051523999999999988,0.014040400000000001,-0.037310599999999999,0.014739799999999999,-0.0124774,0.0090232000000000003,0.0072820000000000003,-0.074560399999999999,-0.0071503999999999995,-0.046117400000000003,0.014528199999999998,0.003653,-0.0044575999999999999,-0.0011310000000000001,0.018609199999999999,0.017314799999999998,-0.0014228000000000001,-0.0038045999999999991,0.0042367999999999998,0.0075210000000000008,0.0007631999999999999,0.0056204000000000011,0.0056280000000000002,-0.0177854,-0.00098580000000000065,0.0090095999999999996,0.0083581999999999997,-0.0211532,-0.0109214,0.023598600000000001,-0.011325200000000001,-0.0049344000000000002,-0.0061211999999999994,-0.010957999999999999,-0.0050178000000000011,-0.019389400000000001,-0.0077667999999999999,0.0235088,-0.0095372000000000009,0.017777800000000003,-0.014812799999999994,0.0052486000000000008,0.0012881999999999963,0.003341199999999999,-0.0081820000000000018,-0.00031220000000000011,-0.0021234000000000001,-0.0057680000000000006,0.0103366,-0.0049826000000000002,-0.00060720000000000045,0.00038899999999999991,0.0070707999999999995,-0.0027784000000000003,-0.0040708000000000003,0.0125866,0.0139726,0.0011034,0.0012056,0.0113502,-0.0065501999999999999,0.0071657999999999999,-0.010724399999999999,0.0088976000000000003,0.0081938000000000011,-0.013823,0.0039573999999999998,-0.014090400000000001,0.0030752000000000002,-0.0161706,0.0017035999999999996,0.0010249999999999999,0.0056258000000000002,-0.015111800000000002,-0.0056485999999999984,-0.022923199999999998,-0.007018400000000001,-0.015644399999999999,0.0058725999999999995,0.0199112,-0.0033043999999999999,0.012660600000000001,-0.016992,-0.0028271999999999998,-0.00049620000000000024,-0.0010876,0.0026034000000000001,-0.0022279999999999999,0.0047526000000000001,-0.0053641999999999995,0.001552,-0.0055658000000000001,0.001372,0.0013338,0.0018779999999999999,0.0012046000000000001,-0.0017425999999999997,-0.0035496,-0.00021100000000000003,-0.0014596000000000001,-0.0015482,-0.0061978000000000007,-0.0051269999999999996,0.006646,0.0036156000000000001,-0.00092639999999999986,-0.0031686000000000001,-0.0084887999999999995,-0.0041273999999999998,-0.0049035999999999993,-0.017251200000000001,0.0060592000000000007,0.0039579999999999997,0.0085954000000000013,0.0063534000000000004,-0.0087164000000000009,-0.0023001999999999996,0.0014624000000000009,0.011068,-0.0025273999999999995,0.0089689999999999995,-0.0081685999999999998,0.00057519999999999989,-0.030101799999999998,0.011584599999999999,-0.0057682000000000002,0.0019854,0.029793,-0.00055880000000000036,-3.8999999999999755e-05,-0.00095759999999999964,-0.0043750000000000004,-0.0019778,-0.00047600000000000008,0.0012786000000000004,0.0012011999999999999,-0.0050130000000000001,0.0043957999999999992,-0.00031700000000000001,-0.00022539999999999995,9.9999999999998907e-06,0.0012823999999999999,0.0012606,0.0031584,-5.7200000000000076e-05,0.0020930000000000002,-0.0014424000000000001,-0.0037372000000000004,-7.920000000000019e-05,-0.0025424000000000002,0.00051299999999999957,-0.0055138000000000001,0.0045331999999999994,1.0999999999999725e-05,-0.0021359999999999999,-0.00026439999999999992,0.0023666000000000004,0.0035494000000000003,-0.00094259999999999971,0.00075619999999999984,-0.00057200000000000003,-0.005223199999999999,-0.0018633999999999999,0.011368399999999999,-0.0026321999999999995,0.0023785999999999994,0.0053563999999999999,0.0015046,-0.0054146000000000003,0.007529000000000001,-0.0015688000000000002,0.00079260000000000008,0.0065496,-0.00096659999999999997,0.0018853999999999997,-0.021104200000000004,0.0032033999999999999,-0.0084462000000000009,-0.0043668000000000005,-0.0014666000000000002,0.00098800000000000016,0.00056320000000000003,0.0006693999999999999,0.00018760000000000001,-0.0014656000000000001,-0.0046093999999999996,-0.0010734,0.00035359999999999998,-0.0010234,-0.0044927999999999999,0.0021070000000000004,0.0017230000000000001,-0.0014671999999999999,0.0018265999999999998,-0.0030058000000000003,-0.00085919999999999996,-0.00086660000000000003,0.0029075999999999998,-0.00028619999999999969,-0.0012071999999999999,0.0027387999999999996,0.0060191999999999989,0.0017184000000000001,-0.0030875999999999994,-0.0011370000000000002,0.0048829999999999993,-0.0064510000000000001,0.0020032000000000001,0.0041904000000000004,0.0039629999999999995,0.0020120000000000003,0.0010387999999999999,0.0012872000000000001,-0.00094840000000000028,-0.0043470000000000002,0.0060131999999999998,-0.0002786,0.00073720000000000003,0.00026240000000000031,-0.0023370000000000005,-0.0047559999999999998,-0.0067187999999999987,-0.0034580000000000001,0.0055627999999999997,-0.0034818000000000002,0.0038636,-0.004517199999999999,-0.0020950000000000001,0.003179,-0.0063834000000000009,-0.0033419999999999999,0.0020525999999999999,0.013635400000000001,0.0045873999999999993,0.0037386000000000003,-0.0240562,0.0031584,-0.00078860000000000009,0.00024340000000000006,-0.00093480000000000006,0.0030116000000000006,-8.0600000000000008e-05,0.0042250000000000005,0.00034220000000000002,0.0034426000000000001,-0.0013292,0.0016689999999999999,0.0020827999999999997,0.0003814,-0.0017113999999999996,0.0022505999999999997,-0.00077720000000000003,-0.0016620000000000001,-3.7599999999999992e-05,0.0019879999999999997,0.0021178,-0.00025960000000000008,-0.0040440000000000007,0.0001958000000000001,-0.005169,0.0010343999999999996,-0.0030813999999999998,0.00079900000000000001,0.00053739999999999994,0.0016692,-0.00081619999999999989,0.0011952,-0.0025339999999999998,-0.00077500000000000008,-0.0013756,-0.00078479999999999999,0.0015277999999999999,0.00029320000000000003,0.0044802000000000002,0.0025585999999999999,-0.00057620000000000013,-0.0010708,0.0020693999999999999,-0.0017062000000000002,-0.00046680000000000034,-0.0027564,0.0078057999999999999,0.0026966,-0.0017301999999999999,-0.0014115999999999998,-0.0050286000000000003,-0.0027141999999999999,0.00042500000000000014,-0.0008313999999999995,0.001178,0.0010089999999999999,-0.0017279999999999995,0.0024114000000000002,-0.00175,0.0021014000000000002,0.0069488000000000006,-0.0022455999999999999,0.002879,0.0073496000000000013,-0.0022929999999999999,0.00034239999999999992,-0.0002254,0.00036639999999999991,-0.00036919999999999998,-0.0004902000000000001,-0.0030006000000000004,-0.00038919999999999997,0.00082859999999999997,-0.0027971999999999997,1.0599999999999993e-05,8.4800000000000055e-05,0.0016068,0.0007004,-0.00075740000000000009,0.00053319999999999995,-0.00052900000000000017,-0.0020292000000000001,-0.00021220000000000006,0.00039340000000000013,-9.1399999999999999e-05,0.0040052000000000004,0.0013618,0.00075839999999999989,-0.0011924000000000001,-0.00080180000000000008,-1.1200000000000022e-05,-0.0012340000000000003,0.0015319999999999999,-0.0025864,0.0022821999999999999,-0.0011536000000000001,-0.00033120000000000008,0.0011529999999999999,-0.0031827999999999995,0.0036835999999999995,-0.0024904000000000003,0.0024529999999999999,-0.001601,-7.5599999999999886e-05,-0.0021876,-0.0008701999999999999,-0.0045040000000000002,0.00015359999999999999,0.0025964,-0.0024307999999999999,-0.0041062,0.0016739999999999999,0.0014744000000000003,-0.0017545999999999998,0.0024764000000000001,-0.0021141999999999997,0.0052071999999999995,0.0027171999999999999,0.00062640000000000005,-0.0012963999999999999,-0.0020156000000000002,0.00056200000000000011,0.0064961999999999997,-0.0028062000000000004,0.0030428,-0.00092040000000000004,0.0014450000000000005,0.00040520000000000009,-0.0011907999999999999,-0.0077328000000000006,0.00037259999999999962,-0.0014142,0.0019298000000000002,0.0011488000000000002,0.0012543999999999999,-0.00035560000000000002,0.00086320000000000017,-0.0031597999999999999,0.00049120000000000001,0.0023197999999999999,0.0004684,-0.00038879999999999996,0.00064740000000000012,-0.00017120000000000004,0.00063840000000000012,-4.5000000000000226e-05,-0.00057299999999999994,-0.0018710000000000001,-0.0017036,0.00068340000000000002,-0.00011459999999999999,-0.00070219999999999994,-0.0012348000000000001,-0.00052559999999999998,-0.00096999999999999994,-0.0018511999999999999,-8.0800000000000012e-05,-0.0012185999999999998,0.0010545999999999999,-0.0014716,0.0045611999999999996,0.0002944,0.0015333999999999999,-0.0016180000000000001,0.0014078000000000003,0.00035879999999999999,-0.0026614,0.00044620000000000011,0.00041179999999999993,0.00041100000000000002,2.2000000000000101e-05,0.00057779999999999995,-0.0015597999999999999,-0.00078800000000000007,0.0013680000000000001,-0.00054479999999999991,-0.0010147999999999999,0.00077979999999999998,0.0026756000000000002,0.0019997999999999999,-0.0022721999999999998,-0.0017159999999999999,-0.00142,-0.00078199999999999993,-0.0032490000000000002,0.0022056000000000003,-0.0019445999999999999,0.0024206000000000002,0.0010383999999999997,-0.0013598,0.0005535999999999998,-0.0014816,0.0012092000000000001,-0.0016658,0.0018738000000000003,0.00214,-0.00014799999999999969,0.00029139999999999982,0.001872,-0.0021508,0.0022650000000000001,-0.0025692000000000002,0.0011788,0.0041618000000000002,-0.0020144,-0.0024283999999999994,-0.0054744000000000008,-0.0013534,-0.00067939999999999971
aug_between_class_right_pair0072_child06,TLE,1,1,Augmented,0,0,0,0,0,0.29376419999999998,2.0697823999999998,-7.0000000000000007e-07,-2.9999999999999993e-07,0,1.0017377999999999,0,0.025601600000000002,-0.1534674,0.030092899999999999,0.045649100000000005,-0.046299400000000004,0.0544556,0.0097281999999999993,0.0208449,-0.020442499999999999,-0.040794299999999999,0.40417020000000003,-0.12586930000000002,0.0042952999999999984,0.040229999999999995,0.026738599999999998,-0.0147841,-0.0029025000000000001,-0.055227100000000001,0.041600999999999999,0.014514100000000002,-0.023493199999999999,-0.0003017999999999992,-0.09905159999999999,0.0085269000000000005,0.055874800000000002,-0.024509799999999998,0.014371,0.0013420999999999988,-0.042093100000000001,0.045629100000000006,-0.036018899999999993,0.011958999999999997,0.11245239999999999,0.011814699999999997,0.19164440000000002,-0.0348457,0.0099877999999999998,-0.0037617000000000006,0.0013251999999999986,-0.0043892000000000011,-0.0084816000000000023,0.035611900000000002,-0.0043346999999999995,-0.011286399999999999,-0.0257714,-0.016483100000000001,0.01022,0.015370300000000002,0.027602100000000001,0.0045874999999999996,0.0073226000000000003,0.0058608000000000002,0.011744300000000001,-0.038609200000000003,0.015942599999999998,-0.0125813,0.0089809,0.0042990000000000042,-0.072705800000000001,-0.0048993000000000005,-0.048639799999999997,0.020498399999999993,0.0015185000000000008,-0.0052962,-0.00087550000000000019,0.019247899999999998,0.0170936,-0.0021161000000000001,-0.0045452000000000001,0.0037231,0.0075945000000000006,0.00091639999999999994,0.0052563000000000002,0.0057239999999999999,-0.017789800000000001,-0.0020646000000000011,0.0095937000000000001,0.0074449,-0.0217574,-0.0111083,0.0243477,-0.010338900000000002,-0.0056157999999999998,-0.0073353999999999989,-0.010936,-0.0051691000000000011,-0.020448799999999996,-0.0069826000000000003,0.023472600000000003,-0.0087804000000000007,0.017925099999999999,-0.016027099999999992,0.0046177000000000006,-0.0010191000000000019,0.0068638999999999957,-0.0078659999999999997,-0.00049039999999999999,-0.0021302999999999999,-0.0051795000000000001,0.0104037,-0.0049271999999999996,0.00030909999999999922,-8.649999999999988e-05,0.0072890999999999997,-0.0026183000000000005,-0.0037131000000000004,0.012248700000000001,0.0135567,0.0014307999999999999,0.00067770000000000016,0.010407899999999999,-0.0067219000000000003,0.0082245999999999986,-0.0109368,0.0088567000000000003,0.0083526,-0.0136845,0.0033353000000000002,-0.014245300000000002,0.0027704000000000001,-0.0164102,0.0015452,0.0011554999999999994,0.0043916000000000007,-0.015664600000000001,-0.0066456999999999983,-0.023188399999999998,-0.0062693000000000011,-0.015749800000000001,0.0058357000000000001,0.020271399999999995,-0.0044082999999999987,0.0141812,-0.018375500000000003,-0.0039198999999999996,-0.0001954000000000003,-0.0013276999999999998,0.0028838000000000002,-0.0014984999999999998,0.0047846999999999994,-0.0051553999999999992,0.001887,-0.0055261000000000008,0.0015474999999999998,0.0017166,0.0019074999999999999,0.00096319999999999999,-0.0018012,-0.0037216999999999997,9.749999999999993e-05,-0.0011092000000000003,-0.00095490000000000028,-0.0059496000000000002,-0.005398,0.0060560000000000006,0.0036576999999999998,-0.0012877999999999995,-0.0031551999999999999,-0.0082086000000000017,-0.0033817999999999999,-0.0047477000000000005,-0.017255899999999998,0.0057714000000000003,0.0033615000000000003,0.0083063000000000008,0.0058463000000000005,-0.0082927999999999995,-0.0021849,0.00089980000000000095,0.0113905,-0.0041557999999999994,0.0088999999999999999,-0.0083397000000000002,0.0007143999999999998,-0.0309836,0.014479199999999999,-0.005679899999999999,0.0047712999999999992,0.030245499999999998,0.0002293999999999994,8.4500000000000157e-05,-0.00089170000000000026,-0.0044724999999999999,-0.0020121000000000002,-0.00069650000000000007,0.00073120000000000043,0.0012759,-0.0054224999999999994,0.0045300999999999996,-0.00036749999999999977,6.6699999999999832e-05,0.00024899999999999976,0.0015522999999999995,0.0011717000000000001,0.0036828000000000004,0.00018759999999999984,0.0018525000000000002,-0.0012718,-0.0034044000000000001,-0.00048739999999999981,-0.0024777999999999996,0.00087500000000000034,-0.0054431000000000002,0.0049648999999999995,-0.00031500000000000061,-0.0014375000000000004,-0.0006108000000000001,0.0019827000000000004,0.0043547999999999998,-0.0010416999999999996,0.00024140000000000034,-0.00086149999999999985,-0.005385899999999999,-0.0021597999999999995,0.010705299999999999,-0.0030123999999999997,0.0023012000000000002,0.0049798000000000004,0.0017087000000000001,-0.0054326999999999995,0.0071990000000000005,-0.0017995999999999999,0.00032770000000000021,0.0063697000000000007,-0.00086770000000000011,0.0017067999999999996,-0.020975399999999998,0.0031998,-0.0075679000000000007,-0.0042066000000000004,-0.0019152000000000001,0.00055699999999999977,0.00069690000000000008,0.00057280000000000005,-8.7799999999999749e-05,-0.0014071999999999999,-0.0050297999999999992,-0.00090930000000000015,0.0002652000000000001,-0.00073430000000000012,-0.0044746000000000005,0.0022494999999999998,0.0017335000000000002,-0.0019433999999999999,0.0019296999999999999,-0.0028116,-0.00098739999999999982,-0.0009322,0.0035441999999999995,-0.00014339999999999969,-0.0010629000000000001,0.0022041000000000005,0.006535899999999999,0.0015753000000000002,-0.0029762,-0.0012205,0.0050769999999999999,-0.0064180000000000001,0.0022289000000000002,0.0039193000000000006,0.0041085000000000002,0.0016925,0.00061860000000000007,0.0013304,-0.0003037999999999999,-0.0046314999999999993,0.0064873999999999999,-0.00044020000000000002,0.00079639999999999995,-0.00022520000000000005,-0.0031819999999999991,-0.0044479999999999997,-0.0068260999999999999,-0.0036365,0.0057645999999999999,-0.0029816,0.0037387000000000002,-0.0050208999999999991,-0.0029189999999999993,0.0038180000000000006,-0.0065147999999999994,-0.0025089999999999999,0.0017837,0.0122758,0.0044408,0.0029187000000000006,-0.025076899999999999,0.0026918000000000003,-0.00072470000000000011,3.0800000000000017e-05,-0.0010281000000000001,0.0030457000000000001,-0.00013920000000000002,0.0045114999999999999,6.7900000000000187e-05,0.0034881999999999999,-0.0014783999999999999,0.0015535,0.0019161,0.00032879999999999991,-0.0018663,0.0024456999999999994,-0.00080290000000000005,-0.0017175000000000001,-0.00018869999999999992,0.0020054999999999999,0.0021991000000000003,-9.7000000000001816e-06,-0.0038355000000000004,0.00012260000000000016,-0.0053255000000000004,0.0018207999999999996,-0.0030408000000000002,0.000745,6.980000000000007e-05,0.0018178999999999995,-0.00097990000000000013,0.0012613999999999998,-0.0025989999999999997,-0.00031450000000000011,-0.0014142,-0.00083460000000000012,0.0016676,0.00010790000000000002,0.0045938999999999997,0.0024562,-0.00026640000000000024,-0.00085260000000000012,0.0022858000000000002,-0.0018559000000000002,0.00029589999999999944,-0.0035038000000000001,0.0078905999999999994,0.0026467000000000001,-0.0022913999999999999,-0.0013792000000000001,-0.0055262000000000002,-0.0022509000000000001,8.3500000000000349e-05,-0.0018547999999999993,0.0011485,0.00086749999999999978,-0.0022629999999999994,0.0032012999999999998,-0.002209,0.0022813,0.0069556000000000002,-0.0022761999999999999,0.0038389999999999995,0.0075132000000000011,-0.0024129999999999998,0.00043879999999999988,-0.00047129999999999996,0.00045829999999999986,-0.00051489999999999988,-0.00033940000000000012,-0.0035166999999999998,-0.00034040000000000003,0.00086719999999999994,-0.0029408999999999998,6.700000000000007e-06,-0.00013589999999999983,0.0013946000000000002,0.0009923,-0.00096480000000000003,0.00060639999999999999,-0.00034549999999999989,-0.0019049000000000002,9.2599999999999974e-05,0.0003968000000000001,-5.9300000000000018e-05,0.0040429000000000003,0.0014466000000000001,0.00074280000000000006,-0.0010928000000000001,-0.00077010000000000002,0.00031959999999999985,-0.00091100000000000003,0.0014725000000000001,-0.0027412999999999995,0.0022049000000000001,-0.0011506999999999999,-0.00014690000000000007,0.00098900000000000008,-0.0037400999999999992,0.0041522,-0.0024197999999999997,0.0026410000000000001,-0.0016544999999999999,2.5300000000000235e-05,-0.0022707000000000005,-0.0005974000000000001,-0.0048970000000000003,0.00047719999999999994,0.0026823000000000003,-0.0021891000000000002,-0.0042138999999999996,0.0014905000000000001,0.0012408000000000002,-0.0022091999999999997,0.0023813000000000007,-0.0022218999999999997,0.0051944000000000001,0.0022924,0.00058480000000000012,-0.0014223,-0.0020942000000000001,0.00023350000000000009,0.0067753999999999991,-0.0029809000000000003,0.0032706000000000002,-0.0016982999999999998,0.0018825000000000005,2.0400000000000062e-05,-0.0013010999999999999,-0.0072326000000000005,-0.00020879999999999987,-0.00082640000000000046,0.0016911000000000001,0.0013261000000000002,0.0014418,-0.00016770000000000006,0.00091240000000000028,-0.0032425999999999996,0.00036840000000000006,0.0022431,0.0003743000000000001,-0.00053459999999999988,0.00056430000000000011,-0.00031340000000000003,0.0010107999999999996,-0.00033800000000000008,-0.00076499999999999984,-0.0016630000000000002,-0.0018741999999999999,0.00075480000000000002,-0.0001142,-0.00091139999999999982,-0.0007111000000000001,-0.00072419999999999993,-0.0010009999999999999,-0.0016213999999999998,-6.0099999999999997e-05,-0.0010931999999999999,0.00094319999999999994,-0.0014362000000000001,0.0047878999999999994,0.00026479999999999999,0.0016992999999999997,-0.0013925000000000001,0.0011071000000000002,0.00038509999999999998,-0.0026023000000000001,0.00020690000000000018,0.00027559999999999987,0.00032050000000000004,0.00027850000000000016,0.00070060000000000012,-0.0015720999999999999,-0.00074649999999999998,0.0014215,-0.00070709999999999989,-0.00088810000000000017,0.00093659999999999989,0.0027437,0.0021286,-0.0021359,-0.0018194999999999997,-0.0015370000000000002,-0.0010154999999999999,-0.0031460000000000004,0.0021437000000000001,-0.0020232000000000002,0.0028747,0.0012202999999999997,-0.0016331000000000002,0.0002812,-0.0015686999999999999,0.0014128999999999997,-0.0018315999999999999,0.0018946,0.0020330000000000001,9.900000000000013e-05,0.00030179999999999964,0.0014950000000000002,-0.0020636000000000001,0.002395,-0.0027324000000000003,0.0010271000000000002,0.0030181000000000006,-0.0024383,-0.0029537999999999999,-0.0063148000000000006,-0.0010063000000000001,-0.0011982999999999998
aug_between_class_right_pair0072_child07,TLE,1,1,Augmented,0,0,0,0,0,0.2927148,2.0891886,-7.9999999999999996e-07,-1.9999999999999999e-07,0,0.99232319999999996,0,0.024309399999999998,-0.15399859999999999,0.0301126,0.0443804,-0.038317599999999993,0.050240399999999998,0.0103258,0.022406600000000002,-0.021811000000000001,-0.038082199999999997,0.40024579999999998,-0.12670020000000001,0.0062842000000000002,0.038986,0.031658400000000003,-0.014122399999999998,-0.0034260000000000007,-0.056196400000000001,0.043097999999999997,0.011786399999999999,-0.0233038,-0.00060120000000000009,-0.099841399999999997,0.0070335999999999992,0.056471199999999999,-0.025810199999999998,0.016538000000000004,0.001669399999999998,-0.038924399999999998,0.045631400000000003,-0.036641599999999996,0.018775,0.11190159999999999,0.015531799999999998,0.1919776,-0.034338800000000003,0.0096801999999999999,-0.0028368,0.0030037999999999992,-0.0046998000000000022,-0.0093504000000000018,0.034643599999999997,-0.0043727999999999996,-0.0117936,-0.026736599999999999,-0.015701399999999997,0.010435999999999999,0.012614200000000001,0.027738400000000003,0.0036100000000000004,0.0077383999999999977,0.0065692000000000007,0.0094482000000000003,-0.0399078,0.017145399999999998,-0.012685200000000001,0.0089386000000000014,0.0013159999999999977,-0.070851199999999989,-0.0026481999999999981,-0.051162199999999998,0.026468599999999995,-0.00061600000000000196,-0.0061348000000000001,-0.00061999999999999989,0.019886600000000001,0.016872400000000003,-0.0028094000000000001,-0.0052858000000000002,0.0032093999999999998,0.0076680000000000012,0.0010696,0.0048921999999999993,0.0058200000000000005,-0.0177942,-0.0031434000000000015,0.010177800000000001,0.0065315999999999994,-0.022361599999999999,-0.0112952,0.025096800000000002,-0.0093525999999999991,-0.0062972000000000011,-0.0085496000000000009,-0.010914,-0.0053204000000000029,-0.021508199999999998,-0.0061983999999999997,0.023436400000000003,-0.0080236000000000005,0.018072399999999999,-0.0172414,0.0039867999999999995,-0.0033264000000000037,0.010386599999999999,-0.0075500000000000012,-0.00066860000000000031,-0.0021372000000000001,-0.0045909999999999996,0.010470800000000001,-0.0048717999999999999,0.0012254000000000006,-0.00056200000000000022,0.0075074,-0.0024582000000000002,-0.0033553999999999997,0.011910799999999999,0.013140800000000001,0.0017582000000000003,0.00014979999999999974,0.0094655999999999994,-0.0068936000000000006,0.0092834000000000007,-0.011149199999999998,0.0088158000000000004,0.0085114000000000006,-0.013546000000000001,0.0027132000000000007,-0.0144002,0.0024656000000000001,-0.016649799999999999,0.0013868000000000005,0.0012859999999999998,0.0031573999999999994,-0.0162174,-0.0076427999999999991,-0.023453599999999998,-0.0055202000000000003,-0.0158552,0.0057988000000000007,0.0206316,-0.0055122000000000001,0.015701799999999998,-0.019758999999999999,-0.0050125999999999999,0.00010540000000000007,-0.0015678000000000003,0.0031642000000000003,-0.0007689999999999995,0.0048167999999999996,-0.0049465999999999998,0.0022220000000000005,-0.0054864000000000007,0.0017230000000000001,0.0020994000000000004,0.0019369999999999999,0.00072179999999999987,-0.0018597999999999998,-0.0038937999999999998,0.00040600000000000011,-0.00075880000000000001,-0.0003615999999999999,-0.0057014000000000006,-0.0056690000000000004,0.0054660000000000004,0.0036998000000000001,-0.0016492,-0.0031418000000000001,-0.0079284000000000004,-0.0026361999999999996,-0.0045918,-0.017260600000000001,0.0054835999999999999,0.0027649999999999997,0.0080172000000000004,0.0053391999999999997,-0.0078691999999999998,-0.0020695999999999996,0.00033720000000000104,0.011712999999999999,-0.0057842000000000006,0.0088309999999999986,-0.0085107999999999989,0.00085359999999999993,-0.031865400000000002,0.017373800000000002,-0.0055915999999999995,0.0075572000000000035,0.030698,0.0010175999999999998,0.00020800000000000007,-0.00082580000000000001,-0.0045700000000000003,-0.0020464000000000003,-0.00091700000000000028,0.00018379999999999975,0.0013506000000000002,-0.0058320000000000004,0.0046644,-0.00041799999999999997,0.00035880000000000005,0.00048800000000000004,0.0018221999999999999,0.0010828000000000001,0.0042071999999999995,0.00043240000000000016,0.0016119999999999999,-0.0011011999999999999,-0.0030715999999999999,-0.00089559999999999987,-0.0024131999999999995,0.0012370000000000003,-0.0053724000000000003,0.0053965999999999997,-0.00064100000000000051,-0.00073899999999999986,-0.00095720000000000028,0.0015988,0.0051602000000000002,-0.0011408,-0.00027340000000000003,-0.0011510000000000001,-0.005548599999999999,-0.0024562,0.010042199999999999,-0.0033926,0.0022238000000000002,0.0046032,0.0019128000000000001,-0.0054507999999999996,0.0068690000000000001,-0.0020303999999999999,-0.0001372000000000003,0.0061898000000000005,-0.00076880000000000004,0.0015282,-0.0208466,0.0031962000000000002,-0.0066895999999999995,-0.0040464000000000003,-0.0023638000000000005,0.00012599999999999959,0.00083060000000000035,0.00047619999999999987,-0.00036320000000000015,-0.0013488,-0.0054501999999999997,-0.00074520000000000001,0.00017680000000000001,-0.00044519999999999976,-0.0044564000000000001,0.002392,0.0017440000000000001,-0.0024196,0.0020328,-0.0026174000000000002,-0.0011156,-0.00099780000000000008,0.0041808000000000001,-5.9999999999990616e-07,-0.00091859999999999989,0.0016693999999999997,0.0070526,0.0014322,-0.0028647999999999998,-0.0013040000000000003,0.0052709999999999996,-0.0063850000000000001,0.0024546000000000004,0.0036481999999999999,0.004254,0.0013729999999999997,0.00019839999999999978,0.0013736,0.00034080000000000004,-0.0049160000000000002,0.0069616000000000001,-0.00060179999999999977,0.00085559999999999998,-0.00071279999999999998,-0.0040269999999999993,-0.0041399999999999996,-0.0069333999999999993,-0.0038150000000000007,0.0059664000000000002,-0.0024813999999999999,0.0036137999999999995,-0.0055245999999999993,-0.0037430000000000002,0.0044569999999999992,-0.0066462000000000014,-0.0016759999999999998,0.0015147999999999997,0.010916199999999999,0.0042941999999999998,0.0020987999999999996,-0.026097599999999999,0.0022251999999999997,-0.00066080000000000002,-0.00018180000000000024,-0.0011214000000000003,0.0030797999999999997,-0.00019780000000000009,0.0047979999999999993,-0.00020640000000000003,0.0035338000000000001,-0.0016276000000000001,0.001438,0.0017493999999999999,0.00027619999999999994,-0.0020211999999999999,0.0026408,-0.00082859999999999987,-0.0017730000000000001,-0.00033980000000000002,0.0020230000000000001,0.0022804000000000001,0.00024020000000000009,-0.003627,4.9400000000000008e-05,-0.0054819999999999999,0.0026072000000000001,-0.0030002000000000002,0.00069099999999999999,-0.00039780000000000002,0.0019666000000000002,-0.0011436000000000003,0.0013276,-0.0026640000000000001,0.00014600000000000008,-0.0014528,-0.00088440000000000003,0.0018074,-7.7400000000000038e-05,0.004707600000000001,0.0023537999999999996,4.3400000000000188e-05,-0.00063439999999999992,0.0025022000000000004,-0.0020056000000000002,0.0010585999999999998,-0.004251200000000001,0.0079753999999999988,0.0025967999999999998,-0.0028526000000000003,-0.0013468,-0.0060238000000000002,-0.0017875999999999996,-0.00025800000000000009,-0.0028782,0.001119,0.00072599999999999965,-0.0027980000000000001,0.0039912000000000003,-0.0026680000000000007,0.0024612000000000002,0.0069624000000000005,-0.0023067999999999999,0.0047990000000000003,0.007676800000000001,-0.0025329999999999997,0.0005352,-0.00071720000000000009,0.00055020000000000004,-0.00066060000000000001,-0.00018859999999999992,-0.0040328000000000004,-0.00029159999999999999,0.00090580000000000001,-0.0030846000000000003,2.8000000000000003e-06,-0.00035660000000000005,0.0011823999999999999,0.0012842000000000001,-0.0011722000000000002,0.00067960000000000004,-0.00016200000000000003,-0.0017806000000000002,0.00039740000000000001,0.00040019999999999986,-2.719999999999997e-05,0.0040806000000000002,0.0015314,0.0007271999999999999,-0.00099319999999999986,-0.00073840000000000006,0.00065040000000000031,-0.00058799999999999976,0.001413,-0.0028961999999999998,0.0021275999999999999,-0.0011478,3.7400000000000042e-05,0.000825,-0.0042973999999999998,0.0046207999999999996,-0.0023491999999999996,0.0028289999999999999,-0.0017079999999999999,0.00012619999999999992,-0.0023538000000000001,-0.00032459999999999976,-0.0052900000000000004,0.00080079999999999995,0.0027681999999999997,-0.0019473999999999997,-0.0043216000000000001,0.0013069999999999998,0.0010072,-0.0026638,0.0022862000000000004,-0.0023295999999999998,0.0051815999999999997,0.0018675999999999996,0.00054319999999999976,-0.0015482,-0.0021728000000000003,-9.5000000000000249e-05,0.0070545999999999994,-0.0031556000000000002,0.0034984000000000005,-0.0024762000000000004,0.0023200000000000004,-0.00036440000000000018,-0.0014114000000000002,-0.0067323999999999995,-0.00079020000000000045,-0.00023859999999999984,0.0014524,0.0015034000000000002,0.0016292000000000004,2.0200000000000057e-05,0.00096159999999999995,-0.0033253999999999996,0.00024559999999999995,0.0021664000000000002,0.00028019999999999998,-0.00068040000000000006,0.00048119999999999999,-0.00045560000000000012,0.0013832000000000002,-0.00063100000000000016,-0.00095700000000000006,-0.0014549999999999999,-0.0020447999999999998,0.00082620000000000002,-0.0001138,-0.0011206000000000002,-0.00018739999999999959,-0.0009228000000000001,-0.0010319999999999999,-0.0013915999999999998,-3.9399999999999873e-05,-0.00096779999999999989,0.00083179999999999994,-0.0014008,0.0050146000000000001,0.00023519999999999997,0.0018651999999999998,-0.0011669999999999999,0.00080639999999999987,0.00041140000000000008,-0.0025432000000000002,-3.2400000000000029e-05,0.00013939999999999981,0.00023000000000000006,0.00053500000000000032,0.00082340000000000028,-0.0015843999999999999,-0.00070500000000000001,0.0014750000000000002,-0.00086939999999999999,-0.00076139999999999997,0.0010934,0.0028118000000000001,0.0022574000000000001,-0.0019995999999999998,-0.001923,-0.0016540000000000001,-0.0012490000000000001,-0.0030430000000000001,0.0020818,-0.0021018,0.0033288000000000007,0.0014022000000000001,-0.0019063999999999999,8.7999999999998886e-06,-0.0016558,0.0016165999999999999,-0.0019973999999999994,0.0019154000000000005,0.001926,0.0003460000000000006,0.00031219999999999989,0.0011179999999999999,-0.0019763999999999997,0.0025250000000000003,-0.0028955999999999999,0.00087540000000000003,0.0018743999999999998,-0.0028622000000000005,-0.0034792,-0.0071552000000000004,-0.00065920000000000019,-0.0017172000000000005
aug_between_class_right_pair0072_child08,TLE,1,1,Augmented,0,0,0,0,0,0.29166539999999996,2.1085947999999997,-9.0000000000000007e-07,-9.9999999999999995e-08,0,0.98290859999999991,0,0.023017200000000002,-0.15452979999999999,0.030132300000000001,0.043111699999999996,-0.030335800000000003,0.046025199999999995,0.010923400000000002,0.023968300000000001,-0.023179500000000002,-0.035370099999999995,0.39632139999999999,-0.12753110000000001,0.008273100000000002,0.037741999999999998,0.036578200000000005,-0.013460699999999999,-0.0039495000000000008,-0.0571657,0.04459500000000001,0.0090586999999999994,-0.0231144,-0.00090059999999999923,-0.1006312,0.0055403000000000006,0.057067600000000003,-0.027110599999999999,0.018704999999999999,0.0019966999999999988,-0.035755700000000001,0.045633699999999999,-0.0372643,0.025591000000000003,0.1113508,0.019248899999999999,0.1923108,-0.033831899999999998,0.0093726,-0.0019118999999999998,0.0046824000000000015,-0.0050103999999999999,-0.010219200000000001,0.033675299999999998,-0.0044108999999999997,-0.012300800000000001,-0.027701800000000002,-0.014919699999999999,0.010652,0.0098580999999999981,0.027874700000000002,0.0026324999999999994,0.0081542000000000021,0.0072776000000000004,0.0071520999999999998,-0.041206400000000004,0.018348199999999999,-0.012789100000000001,0.0088963000000000011,-0.0016670000000000018,-0.068996599999999991,-0.00039709999999999832,-0.053684599999999999,0.032438799999999997,-0.0027504999999999977,-0.0069734000000000011,-0.00036449999999999997,0.0205253,0.016651200000000001,-0.0035027000000000018,-0.0060263999999999995,0.0026956999999999997,0.0077415000000000001,0.0012228,0.0045281000000000002,0.0059160000000000003,-0.017798599999999998,-0.0042222000000000006,0.010761900000000001,0.0056182999999999997,-0.022965800000000001,-0.0114821,0.025845900000000002,-0.0083662999999999984,-0.0069786000000000006,-0.0097637999999999996,-0.010892000000000001,-0.005471700000000003,-0.0225676,-0.0054141999999999992,0.023400199999999999,-0.0072668000000000012,0.018219700000000005,-0.018455699999999995,0.0033558999999999998,-0.0056337000000000054,0.013909299999999999,-0.0072340000000000026,-0.0008468000000000002,-0.0021441000000000003,-0.0040024999999999991,0.010537899999999999,-0.0048164000000000002,0.0021416999999999999,-0.0010375,0.0077256999999999994,-0.0022981,-0.0029976999999999998,0.011572900000000001,0.012724900000000001,0.0020856000000000004,-0.00037810000000000035,0.0085232999999999993,-0.0070653000000000001,0.010342199999999999,-0.011361599999999999,0.0087749000000000004,0.0086702000000000012,-0.013407499999999999,0.0020911000000000003,-0.014555100000000003,0.0021608,-0.016889399999999999,0.0012283999999999997,0.0014164999999999994,0.0019231999999999999,-0.016770199999999999,-0.008639899999999999,-0.023718799999999998,-0.0047711000000000003,-0.015960599999999998,0.0057618999999999995,0.020991799999999998,-0.0066160999999999998,0.017222400000000002,-0.021142500000000005,-0.006105300000000001,0.0004061999999999999,-0.0018079000000000001,0.0034445999999999995,-3.9499999999999713e-05,0.0048488999999999989,-0.0047378000000000003,0.0025570000000000002,-0.0054467000000000005,0.0018985,0.0024822000000000004,0.0019664999999999999,0.00048039999999999997,-0.0019183999999999996,-0.0040658999999999999,0.00071450000000000007,-0.00040839999999999995,0.00023170000000000005,-0.0054532000000000001,-0.0059400000000000008,0.0048760000000000001,0.0037419000000000003,-0.0020106,-0.0031283999999999999,-0.0076482000000000008,-0.0018906000000000001,-0.0044358999999999996,-0.017265300000000001,0.0051958000000000004,0.0021684999999999999,0.0077280999999999999,0.0048320999999999998,-0.0074455999999999993,-0.0019543,-0.0002254000000000006,0.012035499999999999,-0.0074126000000000001,0.008761999999999999,-0.0086818999999999993,0.00099280000000000006,-0.032747200000000004,0.020268400000000002,-0.0055032999999999992,0.010343100000000001,0.031150499999999998,0.0018058,0.00033150000000000041,-0.00075989999999999999,-0.0046675000000000006,-0.0020807,-0.0011375000000000005,-0.00036360000000000038,0.0014252999999999998,-0.0062415000000000005,0.0047987000000000004,-0.00046849999999999973,0.00065089999999999961,0.00072699999999999989,0.0020921000000000004,0.00099390000000000004,0.0047316000000000007,0.00067720000000000009,0.0013714999999999999,-0.00093059999999999996,-0.0027388000000000004,-0.0013038000000000004,-0.0023485999999999997,0.0015989999999999997,-0.0053017000000000003,0.0058282999999999998,-0.00096700000000000041,-4.0499999999999954e-05,-0.0013036000000000005,0.0012149000000000001,0.0059655999999999997,-0.0012398999999999999,-0.00078820000000000019,-0.0014405000000000002,-0.0057113000000000008,-0.0027526000000000004,0.0093790999999999996,-0.0037727999999999998,0.0021464000000000001,0.0042266000000000005,0.0021169000000000001,-0.0054688999999999996,0.0065389999999999997,-0.0022612000000000005,-0.00060209999999999994,0.0060099000000000003,-0.00066989999999999997,0.0013495999999999998,-0.020717800000000001,0.0031925999999999999,-0.0058113000000000001,-0.0038862000000000002,-0.0028124000000000005,-0.00030500000000000015,0.00096430000000000018,0.00037960000000000001,-0.00063860000000000002,-0.0012904000000000001,-0.0058705999999999993,-0.00058109999999999998,8.8399999999999926e-05,-0.00015609999999999995,-0.0044381999999999998,0.0025345000000000003,0.0017545,-0.0028957999999999996,0.0021359,-0.0024231999999999999,-0.0012438,-0.0010634000000000002,0.0048173999999999995,0.00014220000000000031,-0.00077430000000000012,0.0011346999999999998,0.0075693000000000002,0.0012891000000000001,-0.0027533999999999996,-0.0013875000000000005,0.0054650000000000002,-0.006352,0.0026803000000000005,0.0033771000000000001,0.0043994999999999998,0.0010535,-0.00022180000000000008,0.0014168,0.00098539999999999956,-0.0052005000000000003,0.0074358000000000002,-0.0007633999999999998,0.00091480000000000012,-0.0012003999999999999,-0.0048720000000000005,-0.0038319999999999995,-0.0070407000000000004,-0.0039935000000000005,0.0061682000000000004,-0.0019811999999999998,0.0034888999999999996,-0.0060282999999999995,-0.0045669999999999999,0.0050959999999999998,-0.0067775999999999999,-0.000843,0.0012458999999999999,0.0095565999999999984,0.0041475999999999996,0.0012788999999999995,-0.027118300000000001,0.0017585999999999999,-0.00059690000000000003,-0.0003944000000000001,-0.0012147,0.0031139000000000002,-0.0002564,0.0050845000000000005,-0.00048070000000000014,0.0035793999999999999,-0.0017768,0.0013224999999999999,0.0015826999999999998,0.00022359999999999996,-0.0021761000000000003,0.0028358999999999997,-0.00085429999999999989,-0.0018285,-0.00049090000000000006,0.0020404999999999998,0.0023616999999999996,0.00049010000000000004,-0.0034185000000000001,-2.3799999999999928e-05,-0.0056385000000000003,0.0033935999999999997,-0.0029596000000000002,0.00063699999999999998,-0.00086539999999999989,0.0021152999999999996,-0.0013073000000000002,0.0013938000000000002,-0.0027290000000000001,0.00060650000000000027,-0.0014913999999999999,-0.00093420000000000005,0.0019471999999999998,-0.00026270000000000004,0.0048213000000000006,0.0022513999999999998,0.00035320000000000013,-0.00041619999999999993,0.0027185999999999998,-0.0021553000000000002,0.0018212999999999999,-0.0049986000000000006,0.0080601999999999983,0.0025468999999999999,-0.0034138000000000007,-0.0013143999999999999,-0.006521400000000001,-0.0013242999999999996,-0.00059949999999999999,-0.0039015999999999999,0.0010895,0.00058449999999999952,-0.003333,0.0047810999999999999,-0.0031270000000000004,0.0026411,0.0069692,-0.0023373999999999999,0.0057590000000000002,0.0078404000000000008,-0.002653,0.00063159999999999996,-0.00096310000000000015,0.00064209999999999994,-0.00080629999999999992,-3.7799999999999943e-05,-0.0045489000000000007,-0.00024279999999999999,0.00094439999999999997,-0.0032282999999999999,-1.0999999999999996e-06,-0.00057729999999999999,0.00097020000000000006,0.0015761000000000002,-0.0013796000000000001,0.00075279999999999998,2.1499999999999818e-05,-0.0016563000000000003,0.00070220000000000005,0.00040360000000000005,4.9000000000000107e-06,0.0041183000000000001,0.0016162000000000001,0.00071160000000000006,-0.00089360000000000004,-0.0007067000000000001,0.00098120000000000021,-0.00026499999999999988,0.0013535000000000001,-0.0030511000000000002,0.0020503000000000001,-0.0011448999999999999,0.00022170000000000013,0.00066100000000000002,-0.0048546999999999991,0.0050894,-0.0022786,0.0030169999999999997,-0.0017615,0.00022710000000000004,-0.0024369000000000001,-5.179999999999985e-05,-0.0056830000000000006,0.0011244,0.0028541,-0.0017056999999999999,-0.0044293000000000006,0.0011234999999999999,0.00077359999999999994,-0.0031183999999999999,0.0021911000000000005,-0.0024372999999999999,0.0051687999999999994,0.0014427999999999997,0.00050160000000000005,-0.0016741,-0.0022514000000000002,-0.00042350000000000005,0.0073337999999999988,-0.0033303,0.0037261999999999998,-0.0032541000000000002,0.0027575000000000008,-0.0007492,-0.0015217,-0.0062322000000000002,-0.0013716000000000002,0.00034920000000000003,0.0012136999999999998,0.0016807000000000007,0.0018166000000000002,0.00020810000000000002,0.0010107999999999998,-0.0034082000000000001,0.00012279999999999998,0.0020897000000000003,0.0001861,-0.00082620000000000002,0.00039809999999999997,-0.00059780000000000011,0.0017556000000000002,-0.00092400000000000023,-0.0011490000000000001,-0.0012469999999999998,-0.0022154000000000002,0.00089760000000000013,-0.00011339999999999999,-0.0013297999999999999,0.00033630000000000026,-0.0011214000000000003,-0.0010629999999999999,-0.0011617999999999997,-1.8699999999999967e-05,-0.00084239999999999998,0.00072039999999999995,-0.0013654000000000001,0.0052413,0.00020559999999999996,0.0020311000000000001,-0.00094149999999999995,0.00050569999999999999,0.00043770000000000001,-0.0024840999999999999,-0.00027169999999999994,3.1999999999998609e-06,0.00013950000000000008,0.00079150000000000021,0.00094620000000000023,-0.0015966999999999999,-0.00066350000000000003,0.0015285000000000003,-0.0010317,-0.00063470000000000019,0.0012502000000000001,0.0028799000000000003,0.0023861999999999998,-0.0018633,-0.0020264999999999997,-0.0017710000000000002,-0.0014825000000000001,-0.0029399999999999999,0.0020198999999999998,-0.0021804000000000003,0.0037829000000000005,0.0015840999999999997,-0.0021797000000000001,-0.00026360000000000001,-0.0017428999999999999,0.0018203000000000002,-0.0021631999999999997,0.0019362000000000001,0.0018189999999999999,0.00059300000000000043,0.00032260000000000014,0.00074100000000000012,-0.0018892000000000002,0.0026550000000000002,-0.0030588,0.00072369999999999997,0.00073069999999999993,-0.0032861000000000001,-0.0040046000000000005,-0.0079956000000000003,-0.00031210000000000005,-0.0022361000000000004
aug_between_class_right_pair0073_child05,TLE,1,1,Augmented,0,0,0,0,0,0.34100439999999999,2.0784364000000002,0,-3.9999999999999993e-07,0,1.0340408000000001,0,0.058154800000000006,-0.1370132,0.030088,0.11138139999999999,-0.1103256,0.10466959999999999,-0.020218799999999999,0.0048958000000000005,-0.0176394,-0.1200606,0.3308798,-0.10998440000000001,-0.063102199999999983,0.1062554,-0.028079200000000002,-0.010983800000000002,-0.0077003999999999996,-0.058728000000000002,0.0224694,0.049313800000000005,-0.038516599999999998,-0.00080740000000000022,-0.077282799999999999,0.0025144,0.044336199999999999,-0.0100792,-0.0027171999999999995,0.0031707999999999997,-0.058168799999999993,0.034003200000000004,-0.059935599999999999,-0.085098999999999994,0.0989342,-0.033708000000000002,0.1940626,-0.046030000000000001,0.015121399999999997,-0.00045539999999999947,-0.0086972000000000004,0.00042279999999999922,0.0065521999999999993,0.045871599999999998,-3.340000000000027e-05,-0.0095370000000000003,-0.007678400000000001,-0.036847400000000002,0.0095285999999999999,0.0276396,0.016957199999999999,0.028273799999999998,-0.0162788,-0.0052686,0.021255799999999998,-0.050605799999999999,0.0057229999999999998,0.0073825999999999996,-0.0034720000000000003,0.032839199999999999,-0.065042600000000006,-0.013883199999999998,-0.028335000000000003,-0.0436514,0.0055362000000000015,-0.00027159999999999999,0.0017256000000000001,0.0126006,0.0049324,0.0042351999999999997,-0.006707799999999999,0.0085634000000000005,0.0029031999999999999,-0.0064501999999999997,0.00075340000000000021,0.0078773999999999997,-0.017511800000000001,0.0149026,0.0113942,0.0086616000000000002,-0.0011042000000000005,-0.0029706000000000003,0.022204999999999999,-0.0175008,-0.011428799999999999,-0.0002052,-0.0029393999999999996,0.0060163999999999999,-0.014990399999999999,-0.0060913999999999994,0.0011092000000000003,-0.0069180000000000014,-0.003954,0.018853999999999999,0.0036332000000000001,0.024352800000000001,0.0053221999999999992,0.0016818,0.0035733999999999996,-0.0035815999999999999,-0.0081869999999999998,0.0117156,-0.0090428000000000001,-0.0017849999999999997,-0.0014545999999999999,0.0029415999999999999,-0.00056039999999999953,-0.0074581999999999999,0.0074919999999999995,0.021301,-0.0034418000000000001,0.0017346,0.0050720000000000001,-0.0087337999999999999,0.0048877999999999994,-0.014091799999999998,0.010732800000000001,0.0016959999999999996,-0.0054825999999999998,0.0121244,-0.0053565999999999996,-0.0055634000000000005,-0.0048971999999999991,-0.003010800000000001,0.0093528000000000014,0.014257199999999998,-0.0008294000000000001,0.0047086000000000003,-0.014750399999999999,-0.017807799999999999,-0.009476,-0.0053330000000000001,0.0031397999999999994,0.0130618,-0.0092096000000000001,-0.011319800000000001,0.0025519999999999996,-0.001539,-0.0013439999999999999,0.00017619999999999997,-0.0020304000000000003,0.0029814000000000004,-0.0045065999999999995,0.0020081999999999999,-0.0019186000000000001,0.0016547999999999999,0.0016522000000000004,0.0028074000000000003,0.0010152,-0.00091120000000000003,-0.0050828000000000002,0.0056249999999999981,-0.00064599999999999998,-0.0071254000000000005,-0.0084814000000000001,-0.0036532000000000001,0.0074317999999999997,0.0030399999999999997,0.0033958000000000005,-0.0084385999999999992,-0.0036753999999999997,-0.0075858000000000002,0.0027614000000000002,-0.0095610000000000001,0.0021815999999999997,0.0024667999999999999,0.0102848,0.0043070000000000001,-0.012258399999999999,0.0024609999999999996,0.0080651999999999998,0.0076953999999999989,-0.0013268000000000004,0.0070158,-0.0072975999999999996,0.00063239999999999998,-0.0119814,-0.0024177999999999999,-0.0010437999999999995,-0.0074320000000000002,0.019404000000000001,-0.0024626000000000001,0.00092139999999999974,-0.00034920000000000003,-0.0018111999999999998,-0.0015648000000000001,0.0029744000000000003,0.0023498000000000004,2.2199999999999998e-05,-0.0036483999999999996,-0.00052599999999999999,-0.0019568000000000003,-0.0014984,0.0023914000000000001,-0.00088259999999999999,0.0016908000000000001,-0.00247,0.00020700000000000004,0.00025740000000000002,-0.0048604000000000008,-0.0017692000000000001,0.0053991999999999998,0.00097959999999999996,-0.0009107999999999998,-0.0012584000000000002,-0.00036879999999999942,0.0023238,-0.0036855999999999998,0.0031511999999999998,0.0057409999999999996,-0.00072640000000000009,0.0039145999999999999,0.0026075999999999998,-0.0037854,-0.0020024000000000001,0.0047937999999999991,0.0084803999999999991,0.0057160000000000006,-0.0027156000000000003,0.0066400000000000001,0.0059664000000000002,-0.0013592000000000001,-0.00036840000000000006,0.0014962,-0.0024349999999999997,0.0080837999999999986,-0.0027352000000000001,0.0041211999999999993,-0.0093615999999999994,0.0033543999999999996,-0.0020904000000000001,-0.0096889999999999997,-0.0073033999999999998,0.0028657999999999999,0.00010179999999999976,-0.00097199999999999967,0.00012880000000000009,-0.00033179999999999993,-0.00031859999999999994,-0.00047060000000000005,-0.001158,0.0017773999999999997,-0.0034603999999999998,-0.00090800000000000028,0.0022690000000000002,0.0025531999999999998,-0.00029179999999999994,-0.0017136,0.00065719999999999993,0.00011459999999999999,0.0034695999999999998,-0.0022101999999999998,0.0017719999999999999,-0.0017736,-0.00029319999999999975,0.0032586000000000004,-0.0053274000000000004,-0.0030035999999999995,-0.0020410000000000003,-0.0045119999999999995,-0.0001387999999999999,0.0065462000000000003,-0.0022239999999999994,0.0058753999999999994,0.0028412000000000003,0.00014820000000000024,-0.0052656000000000005,0.0013443999999999999,0.0065024000000000002,0.0052503999999999997,0.0016280000000000001,0.0037384000000000002,-0.0015379999999999992,-0.008982399999999998,-0.0019836000000000003,-0.0068353999999999984,0.0055891999999999999,-0.00096500000000000058,0.0081939999999999999,-0.0085754000000000004,-0.0057962000000000005,-0.0092452000000000003,-0.00048019999999999985,-0.0074406000000000003,0.0093399999999999993,0.016537799999999998,0.0030153999999999997,0.0028992000000000002,-0.018459400000000001,-0.0021673999999999994,-0.0014060000000000001,0.00041539999999999996,0.0012276000000000001,0.00052900000000000006,-0.00071539999999999993,0.0005579999999999999,-0.00055159999999999996,0.0018422,-0.0020612,0.0020163999999999998,0.0011978000000000002,-0.0018691999999999999,-0.00056959999999999997,0.0012588000000000002,0.00072579999999999997,0.0016973999999999995,0.00052819999999999994,-0.0038593999999999998,0.0011509999999999999,-0.0033201999999999997,-0.00075259999999999997,0.00038879999999999996,-0.0014105999999999999,0.00054739999999999997,0.0017447999999999995,0.0019746000000000004,0.00010740000000000012,-0.0012362,0.0012019999999999999,0.00023259999999999969,-0.00044339999999999994,-0.00083140000000000004,0.0032242,-0.002117,-0.00074360000000000019,-0.0051807999999999993,0.0013933999999999999,0.0043958000000000001,0.00083319999999999987,-0.0059025999999999992,0.00030239999999999998,-0.00019099999999999966,-0.001003,0.0022988000000000001,-0.00029020000000000044,0.0019284,-0.0012746000000000001,-0.00030680000000000008,-0.0027308000000000002,-0.0073115999999999997,-0.00055239999999999998,0.0054251999999999998,-0.00054100000000000014,0.0054497999999999994,-0.0002582000000000001,-0.0045010000000000007,-0.00082980000000000022,-0.0044031999999999995,0.0087244000000000002,-0.0014787999999999999,0.0052591999999999995,0.0143578,-0.0038281999999999995,0.00026260000000000004,0.00034459999999999997,0.00096800000000000011,0.00026539999999999989,-0.00079359999999999999,-0.00091119999999999981,0.00060680000000000022,-0.00027360000000000004,-0.00061300000000000005,-0.0016929999999999998,0.00020920000000000004,0.00027679999999999957,-0.0011006000000000004,0.0022618000000000004,0.00028040000000000009,-0.0011818,-0.001232,-0.00076400000000000003,0.00074260000000000005,-0.00058960000000000002,0.0012327999999999998,0.0027891999999999999,-0.0011404,-0.0036120000000000002,0.00048560000000000009,0.00084820000000000013,0.0009810000000000001,0.0016325999999999999,-0.00055599999999999996,0.0016076,-0.00056760000000000014,0.0011622,0.00067459999999999981,-0.0020443999999999996,-0.00026400000000000002,0.0022631999999999999,0.0011914,-0.002297,0.0039490000000000003,-0.0004331999999999999,-0.00076519999999999995,-0.0043156000000000002,0.00082660000000000025,0.00074100000000000001,-0.00065939999999999987,0.0027772000000000001,-0.0019836000000000003,0.00090900000000000009,-0.0029586,-0.00083259999999999996,-0.0015612,0.0020394000000000002,0.0048889999999999992,-0.00029679999999999995,0.0020383999999999997,0.0014472,-0.0040034000000000007,-0.0076216000000000001,0.0062097999999999997,0.0030839999999999999,0.0032341999999999996,0.0042804000000000002,0.0049486,0.0023202000000000001,-0.011411600000000001,-0.00025560000000000014,-0.0075219999999999992,-0.001800400000000001,-0.0039015999999999999,0.00088219999999999998,-0.00022079999999999995,-0.00085880000000000006,-6.8200000000000086e-05,0.00017860000000000003,-0.00035479999999999995,-0.000137,0.00027460000000000012,-0.0012941999999999999,-0.00089840000000000004,0.00036440000000000002,0.00042620000000000006,-0.00064039999999999995,-9.880000000000007e-05,-0.00074299999999999995,0.00029220000000000016,-0.0014120000000000001,-0.0020065999999999999,-0.00025540000000000003,0.0016619999999999998,0.00018840000000000008,-0.00013260000000000002,-0.00031300000000000013,0.00035039999999999995,0.0014019999999999998,-0.0019726000000000001,0.00060099999999999986,0.00046579999999999994,-0.0016094000000000002,0.0016198000000000002,-0.00091740000000000018,-0.001769,9.259999999999992e-05,0.00022860000000000003,0.00042639999999999996,-0.0010857999999999998,0.0001612000000000001,-0.0002376,-0.0015042000000000002,-0.00033799999999999998,0.0017271999999999999,0.00010219999999999994,0.001072,-4.0200000000000001e-05,0.0011391999999999999,0.0022871999999999997,-0.00066480000000000011,-0.0018737999999999999,-0.00046779999999999999,0.0011272000000000001,0.0031862000000000001,0.00020180000000000003,0.00071159999999999984,-0.00086720000000000005,0.00099560000000000013,-0.0005392000000000001,0.0011692,-0.0026441999999999998,-0.002647,0.00037399999999999988,-0.006744,0.0025674000000000001,-0.0023093999999999996,-0.0007316,-0.00037720000000000028,-0.001951,-0.0053503999999999991,0.00069119999999999989,-0.0019343999999999997,0.0071008,0.004180800000000001,-0.0014063999999999999,0.0043540000000000002,-0.006522,0.0011776
aug_between_class_right_pair0073_child06,TLE,1,1,Augmented,0,0,0,0,0,0.34439029999999998,2.0872713000000003,0,-2.9999999999999993e-07,0,1.0311336,0,0.061098600000000003,-0.13787189999999999,0.030901000000000001,0.1130468,-0.1129897,0.10888669999999999,-0.022072100000000001,0.0043581000000000002,-0.0173583,-0.12650820000000002,0.3283006,-0.1100448,-0.074152399999999979,0.1104598,-0.032777399999999998,-0.0111086,-0.0081547999999999985,-0.0586565,0.024034299999999998,0.051131099999999999,-0.036686200000000002,-0.0018077999999999996,-0.075588600000000006,0.0011203000000000029,0.045564399999999998,-0.0087759000000000014,-0.0022953999999999995,0.0023290999999999989,-0.059343599999999996,0.0326544,-0.061722200000000005,-0.091912999999999995,0.098652900000000002,-0.034761,0.1946852,-0.043434500000000001,0.016155799999999998,0.00063820000000000023,-0.0094298999999999997,0.002849100000000002,0.0078954000000000003,0.046603699999999998,0.00033269999999999958,-0.0094625000000000004,-0.006552800000000001,-0.038575799999999993,0.0089991999999999989,0.028470199999999998,0.0161064,0.029663099999999998,-0.0156226,-0.0052767000000000005,0.021594099999999998,-0.051047599999999999,0.0056334999999999996,0.0090811999999999993,-0.0052604999999999996,0.0341114,-0.062467700000000001,-0.0147919,-0.027231500000000002,-0.046954799999999991,0.0029509000000000011,-0.00088119999999999984,0.0019247000000000003,0.011722199999999999,0.0054092999999999997,0.0039348999999999999,-0.0084855999999999994,0.0082427999999999998,0.0026229000000000001,-0.0065003999999999999,0.0024402999999999998,0.0073313000000000007,-0.016752099999999999,0.016248200000000001,0.0117404,0.0075357000000000011,-0.00093140000000000063,-0.0022672000000000005,0.0247455,-0.017064100000000002,-0.0119436,0.00049209999999999966,-0.0042742999999999991,0.0076493000000000004,-0.014836800000000001,-0.0063272999999999992,0.0005124000000000014,-0.0063765000000000011,-0.0053430000000000005,0.019066,0.0027924000000000004,0.0240001,0.0068833999999999979,0.0021830999999999999,0.0041907999999999997,-0.0041321999999999999,-0.0087600000000000004,0.0116632,-0.0099475999999999992,-0.0010894999999999998,-0.0017666999999999997,0.0024132000000000003,0.00028519999999999978,-0.0077508999999999998,0.0080555000000000002,0.0222825,-0.0036315999999999996,0.0012306999999999999,0.0057415000000000001,-0.0094316000000000001,0.0051850999999999998,-0.0145836,0.0112336,0.0016604999999999996,-0.0052922000000000004,0.0112338,-0.0056042000000000002,-0.0075077999999999976,-0.0050568999999999996,-0.0018236000000000007,0.0095221000000000004,0.015595399999999995,-0.0011372999999999999,0.0045526999999999998,-0.0159323,-0.018575599999999998,-0.0106795,-0.0049490000000000003,0.0041340999999999991,0.0153746,-0.0083712000000000005,-0.013807600000000001,0.0018755000000000004,-0.0012470000000000001,-0.0015764999999999998,0.0002633999999999999,-0.0025183000000000002,0.0035748000000000004,-0.0042681999999999998,0.0021393999999999996,-0.0019781999999999998,0.0016886,0.0013459000000000001,0.0032728000000000002,0.0011963999999999998,-0.00068840000000000014,-0.0054935999999999995,0.0065559999999999985,-0.00069299999999999982,-0.007634300000000001,-0.0084317999999999997,-0.0039984,0.0078610999999999993,0.0034769999999999996,0.0035351000000000002,-0.0093306999999999991,-0.0037017999999999999,-0.0080015999999999993,0.0034792999999999998,-0.0099059999999999999,0.0027177,0.0021821000000000002,0.0099775999999999997,0.0042084999999999996,-0.0122868,0.0026819999999999995,0.0075664,0.0094367999999999987,-0.0015801000000000001,0.0079926000000000007,-0.0079962000000000002,0.00083979999999999992,-0.012083799999999999,-0.0019536000000000002,-0.0014755999999999999,-0.0077960000000000008,0.021968999999999999,-0.0012362000000000007,0.0013302999999999995,-0.00047590000000000024,-0.0014579,-0.0011636000000000003,0.0031777999999999997,0.0022175999999999997,-1.2599999999999981e-05,-0.0038057999999999998,-0.00080649999999999993,-0.0024750999999999996,-0.0013338,0.0023058000000000002,-0.00088619999999999997,0.0017981,-0.0026599999999999996,0.000205,0.00015230000000000002,-0.0052107999999999998,-0.0014869,0.0057988999999999992,0.0011791999999999998,-0.00093809999999999987,-0.0013288000000000002,-0.00091259999999999996,0.0017856000000000003,-0.0038697000000000002,0.0033078999999999999,0.0060000000000000001,-0.00062680000000000006,0.0032091999999999997,0.0026906999999999999,-0.0038958,-0.0025242999999999997,0.0052446000000000003,0.0091208000000000001,0.0063240000000000006,-0.0023007000000000001,0.0073165000000000001,0.0060013000000000011,-0.0010604000000000004,-0.00020729999999999967,0.0013784000000000001,-0.0020585000000000004,0.0088500999999999996,-0.0022994000000000001,0.0047418999999999994,-0.0091766999999999994,0.0040152999999999994,-0.0011293000000000006,-0.010274999999999999,-0.0075058,0.0026561000000000002,0.00039659999999999999,-0.0013684999999999999,-0.00011289999999999976,-6.9099999999999891e-05,-0.00060419999999999994,-0.00030420000000000008,-0.0011850000000000001,0.0019288,-0.0030903000000000003,-0.00086100000000000011,0.0021589999999999999,0.0028459000000000002,-0.00014460000000000005,-0.0014647000000000002,0.0008074,0.00013919999999999997,0.0032867,-0.0023944000000000001,0.0018064999999999999,-0.0013802,-0.00050789999999999971,0.0027637000000000004,-0.0052818000000000006,-0.0035446999999999987,-0.002573999999999999,-0.0047539999999999995,-0.00019159999999999989,0.0065029000000000007,-0.0021444999999999997,0.006145799999999999,0.0025403999999999999,-0.00046759999999999987,-0.0054631999999999997,0.0016617999999999997,0.0064798,0.0054197999999999998,0.001805,0.0038823,-0.0018354999999999997,-0.0092877999999999988,-0.0022877000000000002,-0.007162299999999999,0.0053679000000000001,-9.6000000000000165e-05,0.008006000000000001,-0.0091722999999999996,-0.0060599,-0.0088748999999999998,-0.00068189999999999982,-0.0074497000000000001,0.0089999999999999993,0.017402099999999997,0.0027968000000000003,0.0028963999999999999,-0.0184063,-0.0019147999999999999,-0.0015494999999999999,0.0004393,0.0014881999999999999,0.0003464999999999998,-0.00079480000000000002,0.00062750000000000024,-0.00053320000000000017,0.0017979000000000001,-0.0022024000000000002,0.0021947999999999998,0.0010951000000000001,-0.0020663999999999999,-0.00088019999999999982,0.0013731000000000001,0.00073909999999999991,0.0016213000000000002,0.00081439999999999995,-0.0045237999999999988,0.0013165,-0.0033464000000000002,-0.00077119999999999999,0.00051909999999999999,-0.0015317,0.00093880000000000005,0.0021570999999999995,0.0017477000000000005,0.00015530000000000003,-0.0012389,0.0013604999999999999,0.00061569999999999984,-0.00056379999999999993,-0.00084679999999999998,0.0034603999999999998,-0.0018475000000000002,-0.00098620000000000001,-0.0058341,0.0016102999999999998,0.0044115999999999999,0.00079790000000000004,-0.0063916999999999993,0.00021979999999999992,-0.00077999999999999955,-0.00095600000000000004,0.0027211000000000006,7.1099999999999722e-05,0.0015953,-0.0011557000000000002,-0.00047209999999999993,-0.0025716000000000003,-0.0076477000000000003,-0.00095930000000000017,0.0063693999999999999,-0.00060999999999999997,0.0052486,-0.00067689999999999992,-0.0043095,-0.00038560000000000021,-0.0045259000000000002,0.0083608000000000016,-0.0015510999999999999,0.006339899999999999,0.0155181,-0.0036289,0.00041620000000000009,0.0002477,0.00079100000000000014,0.00045629999999999987,-0.00086820000000000007,-0.0013628999999999996,0.00069860000000000018,-0.00031419999999999983,-0.00056250000000000007,-0.0019114999999999998,7.7400000000000092e-05,0.00061359999999999952,-0.0015386999999999998,0.0022086000000000002,6.0300000000000219e-05,-0.0011361000000000001,-0.001356,-0.00023800000000000015,0.00055220000000000009,-0.00054570000000000009,0.0011846000000000001,0.0029583999999999999,-0.0012217999999999999,-0.003689,0.0010432,0.0007599000000000002,0.00088600000000000018,0.0017501999999999999,-0.00064449999999999989,0.0015232000000000002,-0.00043270000000000011,0.0012813999999999998,0.0010231999999999997,-0.0023652999999999999,-0.00016850000000000003,0.0020979000000000002,0.0014857999999999998,-0.0024805000000000001,0.0041060000000000003,-0.00073139999999999989,-0.00060340000000000014,-0.0041996999999999998,0.0008587,0.00094149999999999995,-0.00085179999999999978,0.0028524000000000002,-0.0020332000000000006,0.0012850000000000001,-0.0033467000000000002,-0.00090219999999999992,-0.0015878999999999999,0.0021358000000000002,0.0048605000000000002,-0.00040260000000000003,0.0023693,0.0013958999999999998,-0.0042298000000000006,-0.0081577000000000004,0.0064451000000000005,0.0027040000000000002,0.0037183999999999997,0.0045972999999999986,0.0055091999999999997,0.0026023999999999991,-0.0120322,-0.00047869999999999987,-0.008314499999999999,-0.0024402999999999998,-0.0039737000000000001,0.00085740000000000002,-0.00031960000000000002,-0.00075710000000000003,7.1099999999999939e-05,5.9200000000000111e-05,-0.00039609999999999992,-0.00020899999999999996,0.00032619999999999996,-0.0016233999999999995,-0.00084080000000000005,0.00039980000000000001,0.00028590000000000006,-0.00063429999999999997,3.8899999999999861e-05,-0.00086149999999999985,6.4000000000001556e-06,-0.0015274999999999998,-0.0018027,-0.00032680000000000003,0.0019965,0.00017780000000000004,-0.00036369999999999995,-0.00012400000000000014,0.0004552999999999999,0.0016129999999999999,-0.0020436999999999999,0.00085749999999999986,0.00031260000000000001,-0.0016428,0.0016936000000000004,-0.00075930000000000008,-0.0018739999999999998,0.00029269999999999996,0.0002097,0.00023880000000000006,-0.0015410999999999997,-9.0099999999999859e-05,-0.00030919999999999998,-0.0016749,-0.00015500000000000003,0.0019808999999999998,2.5900000000000033e-05,0.00079550000000000009,-6.3899999999999981e-05,0.00085990000000000003,0.0024199,-0.00095410000000000004,-0.0018580999999999999,-0.00079259999999999997,0.0012574000000000001,0.0033584000000000001,0.00025960000000000002,0.0008726999999999998,-0.0010978999999999995,0.0011111999999999997,-0.00098140000000000011,0.0011613999999999999,-0.0026749,-0.0028670000000000006,0.00064099999999999986,-0.0072939999999999993,0.0023333,-0.0024263000000000002,-0.00062819999999999998,-0.00043340000000000045,-0.0020644999999999999,-0.0054582999999999993,0.00078989999999999996,-0.0021607999999999996,0.0071611000000000001,0.0042020999999999994,-0.0014103,0.0047330000000000002,-0.0067865000000000009,0.0012187000000000001
aug_between_class_right_pair0073_child07,TLE,1,1,Augmented,0,0,0,0,0,0.34777619999999998,2.0961061999999999,-5.2939559203393771e-23,-1.9999999999999999e-07,0,1.0282264000000001,0,0.064042399999999999,-0.13873059999999998,0.031713999999999999,0.1147122,-0.1156538,0.1131038,-0.023925399999999999,0.0038203999999999998,-0.017077199999999997,-0.13295580000000001,0.32572139999999999,-0.1101052,-0.085202599999999989,0.11466420000000001,-0.037475600000000005,-0.011233400000000001,-0.0086091999999999991,-0.058584999999999998,0.025599200000000003,0.052948400000000007,-0.034855799999999999,-0.0028082000000000007,-0.073894399999999999,-0.00027379999999999939,0.046792600000000004,-0.0074726000000000011,-0.0018735999999999978,0.0014873999999999998,-0.060518399999999993,0.031305600000000003,-0.063508800000000004,-0.098727000000000009,0.09837159999999999,-0.035814000000000006,0.1953078,-0.040839,0.017190199999999996,0.0017318000000000008,-0.010162600000000001,0.0052754000000000013,0.0092386000000000013,0.047335800000000004,0.00069879999999999986,-0.0093880000000000005,-0.0054272000000000001,-0.040304199999999998,0.0084697999999999996,0.029300800000000002,0.015255599999999999,0.031052400000000001,-0.014966399999999999,-0.0052848000000000001,0.021932400000000001,-0.051489400000000005,0.0055439999999999994,0.010779800000000001,-0.0070490000000000014,0.035383600000000001,-0.059892799999999996,-0.015700599999999999,-0.026127999999999998,-0.050258199999999996,0.00036559999999999891,-0.0014908000000000002,0.0021237999999999999,0.010843800000000001,0.0058862000000000003,0.0036346,-0.010263400000000001,0.0079222000000000008,0.0023425999999999994,-0.0065506000000000002,0.004127200000000001,0.0067851999999999999,-0.0159924,0.017593800000000003,0.012086599999999999,0.0064097999999999994,-0.0007585999999999999,-0.0015637999999999989,0.027286000000000001,-0.016627400000000001,-0.012458400000000001,0.001189400000000001,-0.0056091999999999999,0.0092822000000000009,-0.0146832,-0.0065631999999999999,-8.44000000000001e-05,-0.0058350000000000008,-0.0067320000000000019,0.019278,0.0019515999999999995,0.023647399999999999,0.0084445999999999966,0.0026844000000000004,0.0048082000000000003,-0.0046828000000000009,-0.009333000000000001,0.011610800000000001,-0.0108524,-0.00039399999999999939,-0.0020788,0.0018847999999999998,0.0011308000000000017,-0.0080435999999999997,0.0086189999999999999,0.023264,-0.0038214,0.00072679999999999978,0.006411,-0.0101294,0.0054824000000000001,-0.015075399999999999,0.011734400000000001,0.0016249999999999993,-0.0051018000000000001,0.0103432,-0.0058517999999999999,-0.0094522000000000009,-0.0052166000000000001,-0.00063639999999999964,0.0096914000000000011,0.0169336,-0.0014452,0.0043968000000000002,-0.0171142,-0.0193434,-0.011883000000000001,-0.0045649999999999996,0.0051284,0.017687400000000002,-0.007532800000000001,-0.016295400000000005,0.001199,-0.00095499999999999979,-0.0018090000000000001,0.00035060000000000001,-0.003006200000000001,0.0041682000000000012,-0.0040298,0.0022706000000000002,-0.0020378000000000002,0.0017224,0.0010395999999999999,0.0037382000000000006,0.0013776000000000001,-0.00046559999999999993,-0.0059044000000000006,0.007486999999999998,-0.00073999999999999999,-0.0081431999999999997,-0.0083822000000000011,-0.0043436000000000004,0.0082903999999999999,0.0039139999999999999,0.0036744,-0.010222800000000001,-0.0037282000000000001,-0.0084174000000000002,0.0041972000000000016,-0.010251,0.0032538000000000003,0.0018973999999999998,0.0096703999999999991,0.0041099999999999999,-0.012315199999999998,0.0029030000000000002,0.0070675999999999994,0.011178200000000001,-0.0018334000000000002,0.0089694000000000006,-0.0086948000000000008,0.0010472000000000001,-0.012186199999999999,-0.0014893999999999997,-0.0019074000000000003,-0.0081600000000000006,0.024534000000000004,-9.7999999999999129e-06,0.0017392000000000002,-0.00060260000000000023,-0.0011045999999999999,-0.00076239999999999967,0.0033812,0.0020853999999999998,-4.7400000000000068e-05,-0.0039632000000000001,-0.0010870000000000001,-0.0029933999999999998,-0.0011692,0.0022201999999999994,-0.00088979999999999994,0.0019054,-0.0028499999999999997,0.000203,4.7199999999999928e-05,-0.0055612000000000005,-0.0012045999999999999,0.0061985999999999994,0.0013788000000000001,-0.00096540000000000016,-0.0013992000000000002,-0.0014563999999999996,0.0012474000000000001,-0.0040537999999999998,0.0034646,0.0062590000000000007,-0.00052719999999999991,0.0025037999999999996,0.0027737999999999999,-0.0040061999999999997,-0.0030462000000000002,0.0056954000000000006,0.0097611999999999994,0.0069320000000000015,-0.0018858,0.0079930000000000001,0.0060362000000000002,-0.0007616000000000003,-4.6199999999999714e-05,0.0012606,-0.0016819999999999997,0.0096163999999999989,-0.0018636,0.0053626000000000004,-0.0089917999999999994,0.0046762000000000001,-0.00016820000000000029,-0.010861000000000001,-0.0077082000000000001,0.0024464000000000001,0.00069140000000000022,-0.0017650000000000001,-0.00035459999999999995,0.00019360000000000015,-0.00088980000000000027,-0.00013779999999999993,-0.001212,0.0020802000000000004,-0.0027201999999999999,-0.00081400000000000016,0.002049,0.0031386000000000001,2.6000000000000632e-06,-0.0012158,0.00095760000000000029,0.0001638,0.0031037999999999999,-0.0025785999999999999,0.001841,-0.0009867999999999997,-0.00072259999999999989,0.0022687999999999996,-0.0052361999999999999,-0.0040858000000000005,-0.0031069999999999995,-0.0049959999999999996,-0.00024439999999999998,0.0064595999999999994,-0.002065,0.0064161999999999995,0.0022396,-0.0010834000000000004,-0.0056607999999999997,0.0019792,0.0064571999999999997,0.0055891999999999999,0.0019820000000000003,0.0040262000000000006,-0.0021330000000000003,-0.0095931999999999996,-0.0025918,-0.0074891999999999988,0.0051465999999999994,0.00077300000000000068,0.0078179999999999986,-0.0097692000000000005,-0.0063236000000000004,-0.0085045999999999993,-0.00088360000000000023,-0.0074588000000000015,0.0086599999999999993,0.018266399999999999,0.0025782000000000001,0.0028936000000000001,-0.0183532,-0.0016621999999999995,-0.0016930000000000001,0.00046319999999999998,0.0017488,0.00016400000000000008,-0.00087419999999999989,0.00069700000000000014,-0.00051480000000000015,0.0017536000000000001,-0.0023436000000000004,0.0023731999999999998,0.00099240000000000005,-0.0022636000000000002,-0.0011908000000000001,0.0014874000000000001,0.00075239999999999986,0.0015451999999999998,0.0011006000000000002,-0.0051882000000000005,0.001482,-0.0033726000000000008,-0.00078980000000000001,0.00064940000000000006,-0.0016528000000000001,0.0013302000000000001,0.0025694000000000003,0.0015207999999999999,0.00020320000000000006,-0.0012416,0.001519,0.00099879999999999977,-0.00068420000000000004,-0.00086220000000000003,0.0036966000000000004,-0.001578,-0.0012288000000000002,-0.0064873999999999991,0.0018271999999999997,0.0044273999999999997,0.00076259999999999978,-0.0068808000000000003,0.00013719999999999987,-0.001369,-0.00090899999999999987,0.0031434000000000002,0.00043239999999999989,0.0012621999999999998,-0.0010368,-0.00063739999999999999,-0.0024123999999999999,-0.0079837999999999992,-0.0013662000000000006,0.0073136000000000008,-0.00067900000000000002,0.0050473999999999996,-0.0010956000000000002,-0.0041180000000000001,5.8600000000000123e-05,-0.0046486000000000001,0.0079972000000000012,-0.0016234000000000001,0.0074206000000000003,0.016678399999999999,-0.0034295999999999997,0.00056980000000000008,0.00015079999999999992,0.00061399999999999996,0.00064720000000000001,-0.00094280000000000004,-0.0018146,0.00079040000000000013,-0.00035479999999999995,-0.00051199999999999998,-0.0021299999999999999,-5.4400000000000075e-05,0.0009503999999999999,-0.0019768000000000008,0.0021554,-0.00015979999999999987,-0.0010904,-0.00148,0.0002880000000000005,0.0003617999999999998,-0.00050179999999999995,0.0011364000000000001,0.0031275999999999999,-0.0013032,-0.0037659999999999998,0.001600800000000001,0.00067160000000000006,0.00079100000000000014,0.0018677999999999998,-0.00073300000000000004,0.0014388000000000001,-0.00029779999999999997,0.0014006000000000001,0.0013718000000000003,-0.0026862000000000001,-7.300000000000004e-05,0.0019326,0.0017802000000000002,-0.0026640000000000001,0.0042630000000000012,-0.0010296000000000003,-0.00044159999999999989,-0.0040838000000000003,0.00089080000000000019,0.0011420000000000002,-0.0010441999999999999,0.0029276000000000003,-0.0020828000000000001,0.0016610000000000004,-0.0037347999999999999,-0.00097179999999999988,-0.0016145999999999999,0.0022322000000000002,0.0048319999999999995,-0.00050840000000000011,0.0027002000000000003,0.0013446,-0.0044562000000000004,-0.0086937999999999998,0.0066804000000000013,0.0023239999999999997,0.0042025999999999999,0.0049141999999999988,0.0060698000000000002,0.0028845999999999993,-0.012652799999999999,-0.00070180000000000025,-0.0091070000000000005,-0.0030802000000000013,-0.0040458000000000004,0.00083259999999999996,-0.00041840000000000003,-0.00065539999999999999,0.00021040000000000007,-6.0200000000000054e-05,-0.00043740000000000001,-0.000281,0.00037780000000000002,-0.0019525999999999994,-0.00078319999999999996,0.0004351999999999999,0.00014559999999999985,-0.00062819999999999998,0.00017660000000000006,-0.00097999999999999997,-0.00027939999999999985,-0.0016429999999999999,-0.0015987999999999996,-0.00039820000000000003,0.0023310000000000002,0.00016720000000000005,-0.00059480000000000015,6.500000000000017e-05,0.00056020000000000006,0.0018240000000000001,-0.0021148,0.001114,0.00015939999999999992,-0.0016761999999999999,0.0017674000000000001,-0.00060119999999999998,-0.0019789999999999999,0.00049280000000000005,0.0001908,5.1199999999999943e-05,-0.0019964000000000006,-0.00034140000000000006,-0.00038080000000000004,-0.0018456000000000004,2.8000000000000138e-05,0.0022346000000000006,-5.0400000000000032e-05,0.00051899999999999982,-8.7599999999999961e-05,0.0005805999999999998,0.0025526000000000004,-0.0012434000000000002,-0.0018423999999999999,-0.0011173999999999999,0.0013876000000000001,0.0035306000000000001,0.00031739999999999991,0.0010337999999999996,-0.0013285999999999999,0.0012268000000000001,-0.0014236000000000006,0.0011535999999999999,-0.0027055999999999998,-0.0030870000000000003,0.00090800000000000006,-0.0078440000000000003,0.0020991999999999999,-0.0025431999999999998,-0.00052480000000000018,-0.00048960000000000019,-0.0021780000000000002,-0.0055661999999999994,0.00088860000000000002,-0.0023872000000000003,0.0072213999999999993,0.0042233999999999996,-0.0014142,0.0051120000000000002,-0.007051,0.0012598000000000002
aug_between_class_right_pair0073_child08,TLE,1,1,Augmented,0,0,0,0,0,0.35116209999999998,2.1049411,0,-9.9999999999999995e-08,0,1.0253192,0,0.06698620000000001,-0.1395893,0.032527,0.1163776,-0.1183179,0.11732089999999999,-0.025778699999999998,0.0032826999999999999,-0.016796099999999998,-0.13940340000000001,0.32314219999999999,-0.1101656,-0.096252799999999999,0.1188686,-0.042173799999999997,-0.011358200000000001,-0.0090635999999999998,-0.058513500000000003,0.027164100000000004,0.0547657,-0.033025399999999996,-0.0038085999999999992,-0.072200199999999992,-0.0016678999999999982,0.048020800000000002,-0.0061692999999999991,-0.0014517999999999979,0.00064570000000000079,-0.06169319999999999,0.029956800000000002,-0.065295400000000003,-0.105541,0.098090299999999991,-0.036867000000000004,0.1959304,-0.0382435,0.018224600000000001,0.0028254000000000009,-0.0108953,0.0077017000000000006,0.010581800000000002,0.048067900000000004,0.0010649000000000001,-0.0093135000000000006,-0.0043015999999999992,-0.042032600000000003,0.0079404000000000002,0.030131399999999999,0.014404799999999999,0.032441699999999997,-0.014310199999999999,-0.0052928999999999997,0.022270700000000001,-0.051931200000000004,0.0054544999999999993,0.012478400000000001,-0.0088375000000000016,0.036655800000000002,-0.057317900000000005,-0.0166093,-0.025024500000000002,-0.053561600000000001,-0.0022196999999999998,-0.0021004000000000001,0.0023228999999999997,0.0099653999999999993,0.0063631,0.0033343000000000001,-0.0120412,0.0076016,0.0020622999999999996,-0.0066008000000000004,0.0058141000000000009,0.0062391,-0.0152327,0.018939400000000002,0.012432800000000001,0.0052838999999999994,-0.00058579999999999917,-0.00086040000000000075,0.029826499999999999,-0.016190699999999999,-0.012973200000000001,0.0018867000000000016,-0.0069441000000000008,0.0109151,-0.0145296,-0.0067990999999999998,-0.00068119999999999986,-0.0052935000000000013,-0.0081210000000000015,0.01949,0.0011107999999999997,0.023294700000000002,0.010005799999999995,0.0031857000000000005,0.0054256,-0.0052333999999999992,-0.0099060000000000016,0.0115584,-0.011757199999999999,0.00030150000000000055,-0.0023909000000000001,0.0013564000000000007,0.0019764000000000001,-0.0083362999999999996,0.0091824999999999997,0.024245499999999996,-0.0040111999999999995,0.00022289999999999983,0.0070805,-0.010827199999999999,0.0057797000000000005,-0.0155672,0.012235200000000002,0.0015894999999999998,-0.0049113999999999998,0.0094526000000000002,-0.0060993999999999996,-0.0113966,-0.0053763000000000005,0.00055080000000000059,0.0098607,0.018271799999999998,-0.0017530999999999998,0.0042408999999999997,-0.018296099999999999,-0.020111199999999999,-0.013086500000000001,-0.0041809999999999998,0.0061227,0.020000199999999999,-0.0066943999999999997,-0.018783200000000003,0.00052249999999999996,-0.00066299999999999985,-0.0020414999999999999,0.00043780000000000002,-0.0034941000000000009,0.0047616000000000004,-0.0037913999999999999,0.0024017999999999999,-0.0020974000000000001,0.0017561999999999999,0.00073329999999999999,0.0042036000000000009,0.0015587999999999999,-0.00024279999999999994,-0.0063152,0.0084180000000000001,-0.00078699999999999994,-0.0086520999999999994,-0.0083326000000000008,-0.0046887999999999999,0.0087197000000000004,0.0043509999999999998,0.0038137000000000006,-0.011114899999999997,-0.0037546000000000003,-0.0088331999999999994,0.0049151000000000004,-0.010596,0.0037899000000000006,0.0016126999999999999,0.0093632000000000003,0.0040114999999999994,-0.0123436,0.003124,0.0065687999999999996,0.0129196,-0.0020867000000000004,0.0099462000000000005,-0.0093933999999999997,0.0012546,-0.0122886,-0.0010252,-0.0023391999999999996,-0.0085240000000000003,0.027099000000000002,0.0012165999999999998,0.0021480999999999996,-0.00072930000000000022,-0.00075129999999999967,-0.00036119999999999989,0.0035846000000000003,0.0019532,-8.2199999999999992e-05,-0.0041205999999999994,-0.0013675,-0.0035117,-0.0010046,0.0021345999999999995,-0.00089339999999999992,0.0020127000000000001,-0.0030400000000000002,0.00020100000000000001,-5.7900000000000032e-05,-0.0059116000000000012,-0.00092229999999999992,0.0065982999999999997,0.0015784000000000002,-0.00099270000000000001,-0.0014696000000000002,-0.0020002000000000002,0.00070920000000000011,-0.0042378999999999993,0.0036213,0.0065180000000000004,-0.00042759999999999999,0.0017983999999999999,0.0028568999999999999,-0.0041165999999999998,-0.0035681000000000003,0.006146200000000001,0.0104016,0.0075400000000000007,-0.0014709,0.0086695000000000001,0.0060711000000000011,-0.00046280000000000019,0.00011490000000000024,0.0011428,-0.0013054999999999998,0.0103827,-0.0014277999999999999,0.0059833000000000004,-0.0088068999999999995,0.0053371,0.00079289999999999916,-0.011447000000000001,-0.0079106000000000003,0.0022367000000000003,0.00098620000000000023,-0.0021614999999999998,-0.00059630000000000013,0.0004563000000000002,-0.0011754000000000001,2.8600000000000045e-05,-0.0012389999999999999,0.0022315999999999998,-0.0023500999999999999,-0.000767,0.0019389999999999998,0.0034312999999999995,0.00014980000000000006,-0.00096689999999999992,0.0011077999999999999,0.0001884,0.0029209000000000001,-0.0027628000000000002,0.0018755,-0.0005934,-0.00093730000000000007,0.0017738999999999999,-0.0051906000000000001,-0.0046268999999999998,-0.00364,-0.0052379999999999996,-0.00029719999999999985,0.0064162999999999998,-0.0019855000000000003,0.0066865999999999991,0.0019388000000000001,-0.0016992000000000005,-0.0058583999999999997,0.0022965999999999998,0.0064346000000000004,0.0057586,0.0021590000000000003,0.0041700999999999995,-0.0024304999999999995,-0.0098985999999999987,-0.0028959000000000003,-0.0078160999999999994,0.0049252999999999996,0.0016419999999999998,0.0076299999999999996,-0.010366100000000001,-0.0065872999999999999,-0.0081342999999999988,-0.0010853000000000002,-0.0074679000000000013,0.0083199999999999993,0.0191307,0.0023595999999999999,0.0028907999999999998,-0.0183001,-0.0014095999999999996,-0.0018365,0.00048709999999999991,0.0020094000000000002,-1.8499999999999853e-05,-0.00095359999999999998,0.00076650000000000025,-0.00049640000000000014,0.0017093,-0.0024847999999999997,0.0025515999999999998,0.0008897,-0.0024608,-0.0015014,0.0016017000000000002,0.0007656999999999998,0.0014690999999999999,0.0013867999999999999,-0.0058525999999999995,0.0016475000000000001,-0.0033988000000000004,-0.00080840000000000003,0.00077970000000000003,-0.0017738999999999999,0.0017216000000000002,0.0029816999999999995,0.0012939,0.00025110000000000019,-0.0012443000000000001,0.0016775000000000002,0.0013818999999999997,-0.00080460000000000004,-0.00087759999999999997,0.0039327999999999993,-0.0013085,-0.0014713999999999999,-0.0071407000000000007,0.0020441000000000001,0.0044432000000000004,0.00072729999999999973,-0.0073699000000000004,5.4599999999999918e-05,-0.0019579999999999997,-0.00086199999999999992,0.0035657000000000006,0.00079370000000000048,0.00092910000000000019,-0.00091790000000000003,-0.00080270000000000005,-0.0022531999999999999,-0.0083198999999999999,-0.0017731000000000005,0.0082577999999999992,-0.00074799999999999997,0.0048462000000000002,-0.0015143000000000001,-0.0039265000000000003,0.00050279999999999986,-0.0047713000000000009,0.0076336000000000008,-0.0016957000000000001,0.0085012999999999998,0.017838699999999999,-0.0032302999999999998,0.00072339999999999991,5.3899999999999955e-05,0.00043699999999999994,0.00083810000000000004,-0.0010174000000000001,-0.0022662999999999997,0.00088220000000000008,-0.00039539999999999985,-0.0004615,-0.0023484999999999999,-0.00018620000000000003,0.0012871999999999994,-0.0024149000000000002,0.0021022000000000002,-0.00037990000000000007,-0.0010447,-0.001604,0.00081400000000000005,0.00017139999999999994,-0.00045790000000000002,0.0010881999999999999,0.0032967999999999999,-0.0013846000000000002,-0.0038430000000000001,0.0021584000000000004,0.00058330000000000003,0.00069600000000000011,0.0019854,-0.00082149999999999996,0.0013544,-0.0001629,0.0015197999999999998,0.0017204000000000002,-0.0030071,2.2500000000000005e-05,0.0017672999999999999,0.0020746000000000002,-0.0028474999999999998,0.0044200000000000003,-0.0013278000000000001,-0.00027980000000000019,-0.0039678999999999999,0.00092290000000000037,0.0013425000000000002,-0.0012366,0.0030028000000000003,-0.0021324000000000004,0.0020370000000000002,-0.0041229000000000005,-0.0010414000000000001,-0.0016413000000000001,0.0023286000000000001,0.0048034999999999996,-0.00061420000000000008,0.0030311000000000001,0.0012932999999999998,-0.0046826000000000003,-0.0092298999999999992,0.0069157000000000003,0.001944,0.0046867999999999996,0.0052311000000000007,0.0066304000000000007,0.0031668,-0.013273400000000001,-0.0009249000000000002,-0.0098995000000000003,-0.0037201000000000001,-0.0041179000000000007,0.00080780000000000001,-0.00051719999999999999,-0.00055370000000000007,0.00034970000000000004,-0.00017959999999999992,-0.00047869999999999998,-0.00035300000000000012,0.00042939999999999997,-0.0022817999999999996,-0.00072559999999999996,0.0004706,5.2999999999999662e-06,-0.0006221,0.00031429999999999989,-0.0010985000000000001,-0.00056520000000000008,-0.0017585000000000001,-0.0013949000000000001,-0.00046960000000000003,0.0026655000000000003,0.00015660000000000001,-0.00082590000000000007,0.00025399999999999999,0.00066509999999999996,0.0020349999999999999,-0.0021859000000000002,0.0013705000000000002,6.1999999999999406e-06,-0.0017096000000000001,0.0018412000000000003,-0.00044309999999999998,-0.0020839999999999999,0.0006929000000000002,0.0001719,-0.00013639999999999985,-0.0024516999999999998,-0.00059269999999999993,-0.00045240000000000005,-0.0020163000000000004,0.00021100000000000014,0.0024883000000000001,-0.00012670000000000004,0.00024249999999999999,-0.00011129999999999999,0.0003012999999999999,0.0026853000000000003,-0.0015327000000000001,-0.0018266999999999997,-0.0014421999999999998,0.0015178000000000001,0.0037028,0.00037520000000000001,0.0011949,-0.0015592999999999998,0.0013424000000000005,-0.0018658000000000004,0.0011457999999999998,-0.0027362999999999997,-0.003307,0.0011749999999999998,-0.0083940000000000004,0.0018651,-0.0026600999999999994,-0.00042140000000000016,-0.00054580000000000036,-0.0022915000000000001,-0.0056740999999999996,0.00098729999999999998,-0.0026135999999999998,0.0072817000000000003,0.0042446999999999997,-0.0014181,0.0054910000000000002,-0.0073155000000000008,0.0013009
aug_between_class_right_pair0074_child05,TLE,1,1,Augmented,0,0,0,0,0,0.32919039999999999,1.9611133999999999,9.9999999999999995e-07,-9.9999999999999995e-07,0,1.0278349999999998,-5.9999999999999997e-07,0.0368934,-0.12474360000000001,0.038459599999999997,0.085844000000000004,-0.059226000000000001,0.066335199999999997,-0.0045534,-0.026492400000000006,0.017101400000000003,-0.11397339999999999,0.30555779999999999,-0.081148599999999987,0.033359,0.084693600000000008,0.00060559999999999824,-0.024679599999999999,-0.0084165999999999998,-0.033646000000000002,0.0066226000000000028,0.025648199999999999,-0.073949600000000004,0.0089077999999999987,-0.10112840000000001,0.0099270000000000001,0.043873200000000001,-0.023036600000000001,0.03074,0.0025239999999999985,-0.036179599999999999,0.010920999999999997,-0.059065800000000002,-0.062348600000000004,0.091020999999999991,-0.046632,0.18773599999999999,-0.058830000000000007,0.0083020000000000004,-0.0015511999999999995,-0.00012799999999999964,-0.017410800000000001,0.0026500000000000004,0.034957200000000001,-0.0046166000000000002,0.0017067999999999988,-0.0174938,-0.029726999999999996,-0.0081924000000000007,0.026095999999999998,0.010243599999999999,0.018852600000000001,-0.011231000000000001,-0.00014019999999999997,0.012792,-0.045143599999999999,0.0068772,0.005898200000000001,-0.019666000000000003,0.040890799999999998,-0.083737400000000003,-0.0060445999999999998,-0.020148600000000003,-0.047584799999999997,0.0095821999999999991,-0.00042399999999999968,0.0026884000000000001,0.023511199999999999,-0.0087524000000000005,-0.0018874,-0.0096781999999999997,0.0088781999999999993,0.019916799999999998,-0.0049149999999999992,0.0015964,0.0073293999999999998,-0.020945399999999999,0.00085280000000000035,0.0036930000000000001,-0.0012669999999999999,-0.00095940000000000088,-0.0055655999999999995,0.019844000000000001,-0.019675199999999997,-0.0033438000000000001,-0.0076471999999999998,0.0080218000000000008,0.0081744000000000001,-0.012803800000000001,-0.0059351999999999999,0.0049940000000000002,-0.020027399999999997,0.0074394000000000005,0.016504399999999999,0.0032712000000000001,0.0203704,-0.0069612000000000007,-0.0029285999999999995,1.3400000000000109e-05,0.00093999999999999986,-0.0056366000000000003,0.0102684,-0.0010273999999999999,-0.0038468,-0.0030138000000000001,0.0030201999999999998,-0.0055421999999999997,-0.0014672000000000001,0.012291,0.0065855999999999996,0.0039763999999999997,-4.4000000000002154e-06,0.0066067999999999995,-0.0049614000000000004,0.0034684,-0.010524,0.010392199999999999,-0.0069382000000000003,-0.0051162000000000004,0.0069034000000000005,0.0044799999999999996,0.008808400000000001,-0.013126600000000002,0.0011318000000000005,0.0047001999999999999,0.0039730000000000008,-0.0083109999999999989,-0.00096019999999999992,-0.015647599999999998,-0.0092530000000000008,-0.014971400000000001,-0.010357999999999999,-0.00041320000000000029,0.0036313999999999995,-0.0017127999999999998,2.4600000000000042e-05,-0.0092735999999999999,-0.0027215999999999998,-0.00041880000000000004,-0.0046012000000000006,0.0048482000000000004,-0.0032633999999999996,-0.0028143999999999995,0.00084420000000000003,-0.0043498,0.0061227999999999994,0.0020720000000000001,-0.00072739999999999979,0.0045704000000000005,-0.003614,-2.0800000000000072e-05,-0.0022260000000000001,0.0014638000000000001,-0.0029887999999999998,-0.0024156000000000004,0.00093319999999999948,-0.0011060000000000002,0.0033833999999999999,-0.00082700000000000015,-0.0028416000000000001,0.0012401999999999999,-0.0053007999999999996,-0.0045588,-0.0093304000000000008,-0.0072733999999999993,0.0062459999999999998,0.0119154,0.0027251999999999997,-0.0034352000000000002,0.0030538000000000002,0.0055322000000000001,0.0034137999999999998,-0.0030076,0.0070087999999999999,0.0040635999999999997,0.0022929999999999999,-0.0055276000000000006,0.0068545999999999998,-0.006234,-0.014093199999999998,0.0036638,0.00058660000000000027,-0.0024396000000000001,0.0019175999999999998,0.0006858000000000003,-0.0024864000000000002,-0.00031780000000000024,-0.0020257999999999999,-0.0048310000000000002,0.0014119999999999996,-0.0012438,0.0026953999999999997,-0.0054529999999999995,0.001438,-0.0010474000000000004,-0.0024136000000000006,-0.0038416000000000001,-0.0015022,0.00055600000000000007,-0.0013411999999999999,0.0038490000000000009,0.0014524,0.0059419999999999994,-0.0014857999999999998,-0.0023716000000000002,0.0068507999999999998,0.0063256000000000007,-0.00164,0.002261,0.0043645999999999997,0.0020735999999999997,0.0013359999999999999,0.0031733999999999998,0.0034455999999999996,-0.0033692000000000001,-0.0011778000000000001,0.010117599999999999,-0.0018832000000000002,-0.0014863999999999997,0.0012211999999999991,-0.0029419999999999997,0.0014384000000000007,0.0055957999999999997,0.0036226000000000001,0.0038516000000000002,-0.00052500000000000051,-0.0015846,0.0041455999999999993,-0.0059558000000000007,0.0033954000000000002,-0.004744,-0.0039816000000000001,-0.00053480000000000021,0.0028051999999999999,-0.00035840000000000004,-0.0017388,-0.0034343999999999998,-0.0018655999999999998,0.00036220000000000002,-0.00026240000000000004,0.00096220000000000008,-0.00089519999999999986,-0.00216,0.00066799999999999976,0.0036246,-0.0036954000000000006,-0.0023112000000000002,-0.0035560000000000001,0.0047698000000000003,0.0023648000000000002,0.0031111999999999997,-0.0016141999999999999,0.0038097999999999999,-0.00035240000000000011,0.00041859999999999998,0.0025601999999999999,-0.0029258000000000001,0.0020309999999999998,0.0029977999999999997,-0.00035480000000000017,-0.0018542000000000003,-0.0003522,0.0017424000000000001,0.00013420000000000012,0.00095520000000000023,0.0025744000000000001,0.003821199999999999,4.0799999999999908e-05,0.0017279999999999999,-0.00043279999999999995,-0.0043258000000000003,0.0031406000000000003,0.0045247999999999998,-0.00058339999999999954,-0.00095359999999999998,0.0013012000000000006,-0.0033468,0.00046780000000000042,3.239999999999992e-05,-0.0028264000000000002,0.0038295999999999998,-0.0053114,-0.001786,0.0044057999999999996,-0.00036439999999999997,0.0096661999999999998,0.0017216,0.0075110000000000003,-0.0029968000000000026,0.0006249999999999999,0.00062660000000000016,-7.4800000000000043e-05,0.0007048,-0.0011708000000000005,0.0012407999999999998,-0.0029636000000000003,-4.220000000000005e-05,0.00023240000000000001,-0.0017583999999999998,-0.0011613999999999999,0.0021262,-0.0028630000000000001,0.0038712,-0.0024370000000000004,-0.0017140000000000002,0.00062399999999999999,5.560000000000001e-05,0.0036836000000000004,0.0012681999999999999,0.00022440000000000003,0.0034298000000000002,0.0023116,-0.00088739999999999999,-0.0023056000000000001,-0.0053302000000000002,0.0004906,0.0032762000000000008,0.00078699999999999994,-0.0019318000000000002,0.0022853999999999999,-0.0007319999999999999,-0.0027853999999999999,-0.0050562000000000003,-0.00096539999999999994,-0.0027385999999999999,0.001377,-7.939999999999987e-05,0.0042006000000000005,-0.00056499999999999996,-0.0015868000000000002,0.0019398000000000002,-0.0011318000000000001,-0.0012887999999999999,-0.0025799999999999998,0.0022420000000000001,0.0042199999999999998,-0.00089220000000000011,-0.00028459999999999998,0.0033239999999999997,-0.0022141999999999999,0.0023839999999999998,-0.0021944000000000004,-0.0031137999999999999,0.0056278000000000005,0.0002595999999999998,0.0031564000000000002,0.0033525999999999999,0.0031378000000000001,0.0077879999999999998,-0.0021280000000000001,0.0026525999999999997,0.00030219999999999943,-0.0029805999999999999,7.5999999999999679e-06,-5.4600000000000026e-05,0.00090759999999999994,0.0013952000000000001,0.0010942,0.0028673999999999995,-0.00096820000000000001,-0.00042639999999999996,0.0022146000000000002,0.00041799999999999981,0.00010499999999999987,-0.0032399999999999998,0.0003836,0.0016559999999999999,-0.003113799999999999,-0.0018112,-0.00089260000000000001,-0.0021042000000000001,0.00053620000000000002,-0.0015244,-0.0017118000000000001,-9.7199999999999869e-05,-0.0007275999999999999,-0.0025230000000000001,-0.0017791999999999999,-0.0019901999999999997,0.00061580000000000001,-0.00059540000000000005,0.00044760000000000004,0.0013686,0.0019017999999999999,0.0008112000000000002,0.0018912,-0.0021648000000000001,0.00087799999999999955,-0.0018892000000000002,0.0033151999999999999,0.00099079999999999958,0.0016191999999999999,0.0013558000000000003,-0.00039900000000000005,-0.002163,-0.00071660000000000007,-1.4400000000000025e-05,-0.00011160000000000011,-0.0014733999999999999,0.00069340000000000005,0.0021802000000000002,-0.00014600000000000008,0.0014113999999999999,0.0017346,0.0048725999999999995,-0.00032220000000000035,-0.0019903999999999998,-0.0010147999999999999,0.0002496,-0.00034739999999999988,-0.0012756,0.0038806000000000001,0.0040800000000000003,-2.0399999999999845e-05,-0.00067840000000000012,0.0016610000000000001,-0.0062849999999999998,-0.0081227999999999995,0.0023739999999999998,-0.001034,0.0056728000000000004,-0.0001743999999999999,0.00058,-0.000118,0.00011880000000000007,0.00031240000000000006,0.0008428000000000001,-0.00013119999999999999,-0.00026060000000000005,0.00061399999999999996,0.00027879999999999995,-0.0013611999999999999,-0.0021356000000000001,-0.00028079999999999999,-0.0010235999999999999,-0.00048280000000000003,0.00064080000000000007,0.00097459999999999995,0.0014035999999999996,0.00029920000000000001,0.00096460000000000014,-0.00093940000000000017,0.0010879999999999998,0.0011718,0.00016640000000000014,0.0008118,0.0031405999999999999,-0.000696,0.00099819999999999987,-0.001415,-0.000127,-0.0019054,-0.0011191999999999999,0.0017734000000000001,-0.0028569999999999997,-0.00053000000000000009,0.0026569999999999996,0.0006552000000000001,0.00045260000000000005,0.0011160000000000002,0.00012739999999999995,-0.00064659999999999989,0.0016998,-0.0001960000000000001,0.00096960000000000004,0.0010508,0.0012685999999999999,-0.00078620000000000014,0.00081579999999999999,5.3600000000000002e-05,0.00025940000000000013,-0.00058299999999999997,-0.0017323999999999998,0.0021418000000000001,-0.00047120000000000002,0.0024628000000000002,-0.0002716000000000001,-0.0034022000000000002,0.0014727999999999998,0.0008897999999999994,-0.0033045999999999996,-0.0021197999999999998,-0.0020856000000000004,0.00044899999999999975,0.00016039999999999978,-0.0040765999999999997,0.003264,-0.0010559999999999999,-0.0031188000000000001,0.0029035999999999997,0.00053259999999999983,0.0019366000000000003,0.0018145999999999998,-0.00044320000000000004,0.0038583999999999997,-0.0005003999999999998,-0.00097399999999999961
aug_between_class_right_pair0074_child06,TLE,1,1,Augmented,0,0,0,0,0,0.32575080000000001,1.9703548,9.9999999999999995e-07,-9.9999999999999995e-07,0,1.0396304999999999,-6.9999999999999997e-07,0.036703300000000001,-0.12630769999999999,0.045769699999999996,0.088860999999999996,-0.057673000000000002,0.068762400000000001,-0.0043242999999999997,-0.028457799999999998,0.020308300000000001,-0.10906629999999999,0.3142046,-0.093399699999999988,0.035559499999999994,0.082084199999999996,0.0036486999999999978,-0.025068199999999999,-0.0091322,-0.033277500000000002,0.0055241999999999999,0.029832899999999999,-0.078519699999999998,0.0093180999999999993,-0.1030948,0.0097535,0.044162400000000004,-0.024213200000000001,0.029736000000000002,0.0039204999999999995,-0.036832700000000003,0.012753500000000001,-0.058123099999999997,-0.064656199999999997,0.098418999999999993,-0.044657000000000002,0.1866815,-0.061383000000000007,0.009299,-0.0022318999999999993,0.00061549999999999799,-0.017468600000000001,0.0023255000000000003,0.035954399999999997,-0.0049252000000000002,0.0026375999999999995,-0.018100100000000001,-0.031104999999999997,-0.0078908000000000016,0.027426999999999997,0.0112867,0.019679699999999998,-0.0092375000000000009,5.609999999999992e-05,0.011939499999999999,-0.045152200000000003,0.008504900000000001,0.0047954000000000009,-0.019002000000000002,0.0428276,-0.081470299999999995,-0.0058697000000000003,-0.0197752,-0.051350099999999996,0.0097693999999999993,-0.0010179999999999998,0.0027858000000000002,0.023812400000000001,-0.0081957999999999996,-0.0017467999999999997,-0.0097843999999999987,0.0095578999999999994,0.020889600000000001,-0.0043254999999999995,0.0017618,0.0083253000000000008,-0.021645299999999999,0.00029460000000000033,0.0041519999999999994,-0.00098450000000000013,-0.0001223000000000014,-0.0063216999999999995,0.021287,-0.020589399999999997,-0.0041265999999999994,-0.0087294,0.0078395999999999987,0.0082313000000000004,-0.0125191,-0.0064644000000000004,0.0050025,-0.021269799999999998,0.0074933000000000005,0.017844800000000001,0.0030719000000000002,0.0215663,-0.0050619000000000011,-0.0028191999999999996,-0.00010419999999999982,0.0015694999999999997,-0.0056312000000000003,0.0107143,-0.0014223,-0.0044701000000000003,-0.0030485999999999998,0.0031283999999999999,-0.0051308999999999999,-0.0019873999999999998,0.012154,0.006467699999999999,0.0031738000000000005,0.0007036999999999997,0.0073950999999999999,-0.0056277999999999996,0.0033968000000000002,-0.011917500000000001,0.0110659,-0.0059213999999999994,-0.0046714,0.007792799999999999,0.0038310000000000011,0.0083537999999999998,-0.0139302,0.0013301000000000003,0.0049668999999999998,0.0050734999999999999,-0.0078639999999999995,-0.00013290000000000047,-0.016311199999999998,-0.010238499999999999,-0.015365800000000001,-0.0089344999999999997,-0.00066489999999999995,0.0052507999999999999,-0.0023025999999999997,-4.4299999999999965e-05,-0.009294199999999999,-0.0028007000000000002,-0.00051610000000000002,-0.0050674000000000005,0.0044238999999999997,-0.0034478,-0.0034367999999999994,0.0012109,-0.0049240999999999998,0.0072535999999999989,0.002385,-0.0014028000000000003,0.0047993000000000003,-0.0039549999999999993,7.1399999999999676e-05,-0.002052,0.0022435999999999992,-0.0028376,-0.0014752000000000012,0.00097539999999999953,-0.00047900000000000026,0.0025838000000000002,-0.00097450000000000011,-0.0035161999999999997,0.0015643999999999996,-0.0055081000000000001,-0.0045510999999999998,-0.0094648000000000006,-0.0075242999999999994,0.0065249999999999996,0.0123593,0.0022488999999999999,-0.0032634000000000005,0.0034311000000000003,0.0053889000000000003,0.0038265999999999994,-0.0032327000000000007,0.0072500999999999998,0.004030699999999999,0.0024289999999999997,-0.0053092,0.0059451999999999994,-0.0068679999999999991,-0.014998899999999999,0.0043775999999999989,0.00015570000000000037,-0.0025066999999999997,0.0018766999999999998,0.00061010000000000057,-0.0026267999999999999,-0.00044360000000000016,-0.0021521000000000001,-0.0050380000000000008,0.0019835000000000005,-0.0014795999999999995,0.0029922999999999998,-0.0060469999999999994,0.0014275000000000002,-0.00040730000000000041,-0.0029491999999999999,-0.0038877,-0.0014728999999999999,0.00031950000000000018,-0.0015479000000000003,0.0035915000000000001,0.0013408000000000001,0.0057110000000000008,-0.0020375999999999997,-0.0022732000000000004,0.0064770999999999995,0.0063607000000000004,-0.0018030000000000001,0.0020080000000000002,0.0048171999999999998,0.0018942,0.001062,0.0032918000000000001,0.0029662,-0.0043458999999999998,-0.0011700999999999999,0.0105682,-0.0015959000000000001,-0.0019027999999999998,0.0022853999999999991,-0.0030719999999999996,0.0012303000000000006,0.0054720999999999997,0.0035166999999999993,0.0044362000000000004,0.00036499999999999944,-0.0015861999999999998,0.0044121999999999998,-0.0059226000000000001,0.0036318000000000001,-0.0039960000000000004,-0.0043931999999999999,-0.00022960000000000081,0.0027019000000000001,-0.00056329999999999987,-0.0016516,-0.0030892999999999997,-0.0019396999999999999,-0.0004710999999999999,-0.00018180000000000006,0.0010463999999999998,-0.0011623999999999998,-0.0019400000000000003,0.0011069999999999995,0.0034547000000000002,-0.0034048000000000008,-0.0022574000000000006,-0.0038759999999999997,0.0045921,0.0021625999999999998,0.0033714000000000001,-0.0019618999999999999,0.0036651000000000001,-0.00076029999999999999,0.00048020000000000007,0.0026619,-0.0032861000000000001,0.002016,0.0034715999999999992,-0.00029310000000000013,-0.0016949000000000001,-9.0900000000000529e-05,0.0017178,0.00078339999999999963,0.00081340000000000004,0.0025443000000000002,0.0040593999999999995,-0.00026689999999999998,0.0018429999999999996,-0.00047709999999999989,-0.0045126000000000003,0.0032322000000000002,0.0045231000000000004,-0.00075329999999999972,-0.00077570000000000004,0.00057940000000000031,-0.0036101000000000002,0.00044410000000000066,0.00063179999999999953,-0.0026293000000000002,0.0037232000000000003,-0.0054333000000000003,-0.0024840000000000001,0.0039091000000000004,-0.0011112999999999995,0.0103769,0.0017631999999999997,0.0069715000000000003,-0.0026476000000000017,0.00081849999999999989,0.00075720000000000019,0.00018439999999999987,0.00032410000000000007,-0.0010945999999999998,0.0013565999999999999,-0.0033791999999999997,0.0001271,0.00016129999999999985,-0.0017643000000000001,-0.0015443000000000002,0.0022553999999999999,-0.0023315000000000002,0.0037789,-0.0023649999999999999,-0.0013925000000000001,0.00042600000000000005,0.00015769999999999998,0.0040702000000000004,0.0013529,0.00012580000000000002,0.0035491000000000003,0.0025821999999999998,-0.00079279999999999997,-0.0024047000000000001,-0.0054704000000000003,0.00080819999999999991,0.0029004000000000005,0.0005555,-0.0019805999999999999,0.0024877999999999996,-0.0010309999999999998,-0.0031427999999999998,-0.0052354000000000003,-0.00097630000000000004,-0.0028176999999999998,0.0017939999999999996,-0.00049929999999999961,0.0042696999999999995,-0.00078549999999999985,-0.0016611,0.0020311000000000001,-0.0013146,-0.0013411,-0.002751,0.0019645000000000001,0.0043239999999999997,-0.00070140000000000024,-0.00030270000000000004,0.0040534999999999998,-0.0027603999999999997,0.0021444999999999997,-0.0019363000000000006,-0.0036030999999999988,0.0058745999999999998,0.00033270000000000001,0.0030248000000000002,0.0037561999999999995,0.0032016000000000002,0.0079030000000000003,-0.0020695000000000002,0.0028336999999999998,0.00086589999999999888,-0.0031072000000000001,9.119999999999994e-05,8.7999999999999429e-06,0.0011757,0.0011389,0.0012283999999999997,0.0032957999999999998,-0.00093040000000000006,-0.00033629999999999999,0.0022136999999999999,0.00057649999999999976,0.00026799999999999979,-0.0031235000000000004,0.00034520000000000004,0.0016739999999999999,-0.0034185999999999991,-0.0016549000000000002,-0.00078720000000000005,-0.0023039000000000002,0.00038290000000000004,-0.0017302999999999997,-0.0015296000000000001,-0.00036039999999999976,-0.00091469999999999974,-0.0024799999999999996,-0.0015904000000000001,-0.0022409000000000001,0.00055410000000000008,-0.0010157999999999999,0.00048420000000000017,0.0011832000000000001,0.0020181000000000001,0.0012099000000000003,0.0019504000000000001,-0.0022556,0.0012724999999999995,-0.0019213999999999998,0.0034439000000000002,0.0010370999999999996,0.0018243999999999999,0.0013381000000000001,-0.00043899999999999994,-0.0023439999999999997,-0.00044920000000000024,0.00016569999999999996,-5.120000000000016e-05,-0.0014917999999999999,0.00044180000000000011,0.0022613999999999998,-0.0005089999999999999,0.0014528,0.0017227000000000004,0.0053587000000000001,0.00020909999999999939,-0.0020473000000000002,-0.00079960000000000014,-0.00032180000000000002,-0.00023280000000000002,-0.0012987000000000001,0.0036172000000000001,0.0047989999999999994,0.00010520000000000017,-0.00065930000000000003,0.0016659999999999999,-0.0070209999999999986,-0.0082930999999999994,0.0027239999999999999,-0.0010415000000000001,0.0054931000000000008,-0.0003258,0.00049100000000000001,-0.00019249999999999991,8.2100000000000098e-05,0.00044579999999999994,0.00068210000000000015,-0.00019539999999999998,-0.00023620000000000002,0.00053950000000000005,0.00061959999999999988,-0.0014148999999999998,-0.0023696999999999998,-0.00010510000000000001,-0.0011396999999999998,-0.0006196000000000001,0.00084460000000000015,0.0011781999999999999,0.0016496999999999996,0.00021740000000000003,0.0008112000000000002,-0.00059930000000000031,0.0010719999999999998,0.0012431,0.00014530000000000001,0.00084409999999999997,0.0031982,-0.00083049999999999997,0.0011263999999999998,-0.0014814999999999997,-8.9500000000000021e-05,-0.0021438,-0.0012263999999999999,0.0017453,-0.0027690000000000002,-0.00072400000000000003,0.0027349999999999996,0.0012734000000000001,0.00054470000000000007,0.001565,0.00010530000000000012,-0.0010466999999999998,0.0020525999999999999,4.6499999999999883e-05,0.0012847000000000002,0.00092310000000000005,0.0011142000000000001,-0.00074489999999999995,0.00091909999999999973,9.8199999999999947e-05,0.00012780000000000012,-0.00064900000000000005,-0.0016048,0.0024040999999999997,-0.00011689999999999997,0.0026890999999999998,2.6799999999999784e-05,-0.0036043999999999998,0.0016715999999999996,0.0010361000000000001,-0.0033576999999999999,-0.0019635999999999998,-0.0019527000000000004,0.000428,0.00027529999999999981,-0.0043692000000000002,0.0033024999999999999,-0.0012039999999999998,-0.0037555999999999996,0.0032771999999999996,0.0010011999999999998,0.0015762000000000003,0.0021647000000000003,-0.00048189999999999995,0.0041202999999999995,-0.00071330000000000005,-0.0012414999999999995
aug_between_class_right_pair0074_child07,TLE,1,1,Augmented,0,0,0,0,0,0.32231119999999996,1.9795962,9.9999999999999995e-07,-9.9999999999999995e-07,0,1.051426,-8.0000000000000007e-07,0.036513199999999996,-0.12787180000000001,0.053079799999999996,0.091878000000000001,-0.056119999999999996,0.071189600000000006,-0.0040952000000000002,-0.030423200000000011,0.023515200000000007,-0.10415919999999999,0.32285140000000001,-0.1056508,0.037760000000000002,0.079474799999999998,0.0066918000000000004,-0.025456800000000002,-0.0098478000000000003,-0.032908999999999994,0.0044257999999999971,0.034017600000000002,-0.083089800000000005,0.0097283999999999982,-0.10506119999999999,0.00958,0.044451600000000001,-0.025389800000000001,0.028732000000000001,0.0053169999999999997,-0.0374858,0.014586000000000002,-0.057180399999999999,-0.066963800000000004,0.10581699999999999,-0.042681999999999998,0.18562699999999999,-0.063936000000000007,0.010296000000000001,-0.0029126,0.0013589999999999991,-0.017526400000000001,0.0020009999999999997,0.036951600000000001,-0.0052338000000000003,0.003568400000000002,-0.018706399999999998,-0.032482999999999998,-0.0075891999999999991,0.028757999999999999,0.0123298,0.020506799999999999,-0.0072439999999999996,0.00025240000000000006,0.011087,-0.045160800000000001,0.010132600000000002,0.0036925999999999999,-0.018338,0.044764399999999996,-0.079203200000000001,-0.0056947999999999999,-0.019401800000000004,-0.055115399999999995,0.0099565999999999995,-0.0016120000000000002,0.0028831999999999998,0.024113599999999999,-0.0076392000000000014,-0.0016061999999999999,-0.0098905999999999994,0.010237599999999999,0.021862400000000001,-0.0037359999999999993,0.0019272,0.0093212000000000017,-0.022345199999999999,-0.00026360000000000055,0.0046110000000000005,-0.0007019999999999995,0.00071480000000000068,-0.0070778000000000013,0.02273,-0.021503599999999998,-0.0049094000000000004,-0.0098116000000000002,0.0076573999999999982,0.008288199999999999,-0.012234399999999999,-0.0069936,0.0050110000000000007,-0.0225122,0.0075471999999999996,0.019185199999999999,0.0028725999999999999,0.0227622,-0.0031625999999999998,-0.0027097999999999996,-0.00022179999999999986,0.0021990000000000004,-0.0056258000000000002,0.0111602,-0.0018172000000000002,-0.0050934000000000005,-0.0030834,0.0032365999999999996,-0.0047195999999999991,-0.0025076000000000005,0.012017,0.0063498000000000001,0.0023712,0.0014118000000000002,0.0081834000000000004,-0.0062942000000000007,0.0033251999999999999,-0.013311000000000002,0.011739599999999999,-0.0049045999999999994,-0.0042265999999999996,0.008682200000000001,0.0031819999999999999,0.0078991999999999986,-0.014733800000000002,0.0015284000000000009,0.0052336000000000006,0.0061740000000000015,-0.0074169999999999991,0.00069440000000000018,-0.016974799999999998,-0.011224,-0.015760200000000002,-0.0075109999999999994,-0.00091660000000000092,0.0068702000000000008,-0.0028924000000000003,-0.00011320000000000001,-0.0093147999999999998,-0.0028798000000000001,-0.00061340000000000006,-0.0055336000000000005,0.0039995999999999999,-0.0036321999999999995,-0.0040592000000000007,0.0015776000000000002,-0.0054984000000000005,0.0083844000000000002,0.0026979999999999999,-0.0020782000000000005,0.0050282,-0.0042960000000000003,0.00016359999999999986,-0.0018779999999999999,0.0030233999999999999,-0.0026863999999999998,-0.00053480000000000021,0.0010176,0.00014800000000000056,0.0017841999999999997,-0.0011220000000000002,-0.0041907999999999997,0.0018886000000000003,-0.0057153999999999998,-0.0045433999999999995,-0.0095992000000000004,-0.0077751999999999995,0.006804000000000001,0.012803200000000001,0.0017725999999999992,-0.0030916000000000008,0.0038084000000000008,0.0052455999999999996,0.0042393999999999999,-0.0034577999999999996,0.0074914000000000005,0.0039977999999999984,0.002565,-0.0050907999999999995,0.0050357999999999991,-0.007502,-0.015904599999999998,0.0050914000000000003,-0.00027520000000000018,-0.0025738000000000002,0.0018357999999999998,0.00053439999999999998,-0.0027672,-0.00056940000000000029,-0.0022783999999999999,-0.0052450000000000005,0.0025550000000000004,-0.0017154,0.0032891999999999999,-0.0066409999999999993,0.0014170000000000003,0.00023280000000000002,-0.0034848000000000006,-0.0039338000000000003,-0.0014436,8.299999999999993e-05,-0.0017545999999999998,0.0033339999999999993,0.0012292,0.0054800000000000005,-0.0025894000000000004,-0.0021748000000000002,0.0061034000000000001,0.0063958000000000001,-0.0019659999999999999,0.0017549999999999996,0.0052697999999999998,0.0017147999999999998,0.00078799999999999986,0.0034102,0.0024867999999999999,-0.005322600000000002,-0.0011624000000000001,0.011018799999999999,-0.0013085999999999998,-0.0023192,0.0033496000000000003,-0.0032020000000000004,0.0010221999999999996,0.0053483999999999997,0.0034108000000000003,0.0050208000000000006,0.001255,-0.0015877999999999999,0.0046788000000000003,-0.0058893999999999995,0.0038682000000000005,-0.0032479999999999996,-0.0048048000000000006,7.5599999999999452e-05,0.0025986,-0.00076820000000000013,-0.0015644000000000001,-0.0027441999999999996,-0.0020137999999999996,-0.0013044000000000005,-0.00010119999999999997,0.0011306000000000003,-0.0014296000000000001,-0.0017200000000000002,0.0015459999999999998,0.0032848,-0.0031142000000000001,-0.0022036,-0.0041960000000000001,0.0044143999999999997,0.0019603999999999997,0.0036316000000000005,-0.0023096000000000002,0.0035203999999999999,-0.0011682000000000003,0.00054180000000000005,0.0027636000000000002,-0.0036464000000000002,0.0020010000000000002,0.0039453999999999999,-0.0002314000000000001,-0.0015356000000000002,0.00017039999999999981,0.0016932000000000002,0.0014326000000000002,0.00067160000000000006,0.0025141999999999999,0.0042976000000000004,-0.0005746000000000002,0.0019579999999999997,-0.00052139999999999999,-0.0046993999999999994,0.0033238,0.0045214000000000001,-0.00092319999999999989,-0.00059779999999999989,-0.00014239999999999999,-0.0038734000000000004,0.00042040000000000003,0.0012312000000000002,-0.0024321999999999998,0.0036167999999999999,-0.0055552000000000006,-0.0031819999999999999,0.003412399999999999,-0.0018582,0.0110876,0.0018047999999999999,0.0064320000000000002,-0.0022984000000000008,0.0010120000000000003,0.00088780000000000022,0.00044360000000000005,-5.6600000000000183e-05,-0.0010184,0.0014724,-0.0037948000000000001,0.0002964000000000001,9.0199999999999916e-05,-0.0017702000000000002,-0.0019272,0.0023846000000000002,-0.0017999999999999997,0.0036865999999999995,-0.0022929999999999999,-0.0010709999999999999,0.0002279999999999999,0.00025979999999999997,0.0044568000000000003,0.0014376,2.7200000000000011e-05,0.0036683999999999996,0.0028528,-0.00069819999999999995,-0.0025038,-0.0056106000000000003,0.0011258000000000002,0.0025246000000000001,0.00032399999999999985,-0.0020294000000000002,0.0026902000000000002,-0.00133,-0.0035002000000000006,-0.0054146000000000003,-0.00098719999999999993,-0.0028968000000000002,0.0022109999999999999,-0.00091919999999999957,0.0043388000000000003,-0.0010059999999999999,-0.0017354,0.0021224000000000004,-0.0014974000000000003,-0.0013934000000000002,-0.0029220000000000001,0.0016869999999999997,0.0044279999999999996,-0.00051059999999999994,-0.00032079999999999999,0.0047830000000000008,-0.0033066000000000003,0.001905,-0.0016781999999999999,-0.0040923999999999995,0.0061214000000000008,0.00040579999999999978,0.0028932000000000003,0.0041598000000000008,0.0032653999999999999,0.0080180000000000008,-0.0020110000000000002,0.0030147999999999998,0.0014296000000000001,-0.0032338000000000002,0.00017480000000000007,7.220000000000002e-05,0.0014438000000000003,0.00088259999999999988,0.0013625999999999998,0.0037241999999999996,-0.0008925999999999999,-0.00024619999999999991,0.0022128,0.00073499999999999987,0.00043100000000000001,-0.0030070000000000001,0.00030679999999999998,0.0016919999999999999,-0.0037234,-0.0014985999999999999,-0.00068179999999999998,-0.0025035999999999999,0.00022959999999999994,-0.0019361999999999999,-0.0013473999999999999,-0.00062360000000000009,-0.0011018,-0.0024369999999999999,-0.0014015999999999998,-0.0024916000000000001,0.00049240000000000004,-0.0014362000000000003,0.0005208000000000003,0.00099779999999999986,0.0021343999999999998,0.0016086000000000006,0.0020095999999999998,-0.0023463999999999998,0.0016669999999999996,-0.0019536000000000002,0.0035726000000000004,0.0010833999999999996,0.0020295999999999999,0.0013204000000000002,-0.00047900000000000004,-0.0025249999999999999,-0.00018179999999999997,0.00034580000000000006,9.1999999999997899e-06,-0.0015102,0.00019019999999999985,0.0023425999999999998,-0.00087200000000000016,0.0014942,0.0017108,0.0058448000000000007,0.0007404,-0.0021042000000000001,-0.00058439999999999989,-0.00089320000000000057,-0.00011819999999999984,-0.0013217999999999999,0.0033537999999999997,0.0055180000000000003,0.00023080000000000019,-0.00064020000000000006,0.001671,-0.007757,-0.0084633999999999994,0.0030740000000000003,-0.001049,0.0053133999999999994,-0.00047720000000000022,0.00040199999999999996,-0.00026700000000000004,4.5399999999999911e-05,0.0005792000000000002,0.00052139999999999999,-0.00025960000000000002,-0.00021180000000000003,0.00046499999999999997,0.00096040000000000014,-0.0014686,-0.0026038000000000003,7.0599999999999981e-05,-0.0012558000000000001,-0.00075640000000000017,0.0010484000000000001,0.0013817999999999999,0.0018958,0.00013559999999999993,0.00065779999999999983,-0.00025919999999999996,0.0010559999999999999,0.0013144000000000001,0.00012420000000000009,0.00087640000000000005,0.0032558000000000001,-0.00096500000000000015,0.0012546,-0.0015480000000000001,-5.199999999999999e-05,-0.0023822000000000001,-0.0013335999999999999,0.0017172000000000001,-0.0026809999999999994,-0.00091799999999999998,0.0028130000000000004,0.0018916000000000002,0.00063680000000000008,0.0020140000000000002,8.3199999999999962e-05,-0.0014468,0.0024054000000000002,0.00028900000000000003,0.0015998000000000002,0.00079539999999999993,0.00095979999999999991,-0.00070360000000000019,0.0010223999999999999,0.00014280000000000006,-3.7999999999999839e-06,-0.00071499999999999992,-0.0014771999999999997,0.0026664000000000002,0.00023740000000000035,0.0029153999999999998,0.00032520000000000021,-0.0038066000000000003,0.0018703999999999999,0.0011823999999999999,-0.0034108000000000003,-0.0018073999999999998,-0.0018198000000000001,0.00040700000000000024,0.00039020000000000005,-0.0046618000000000007,0.0033410000000000002,-0.0013519999999999999,-0.0043924000000000003,0.0036508000000000005,0.0014698000000000001,0.0012158,0.0025148000000000002,-0.00052060000000000008,0.0043821999999999993,-0.00092620000000000007,-0.0015090000000000001
aug_between_class_right_pair0074_child08,TLE,1,1,Augmented,0,0,0,0,0,0.31887159999999998,1.9888375999999999,9.9999999999999995e-07,-9.9999999999999995e-07,0,1.0632214999999998,-9.0000000000000007e-07,0.036323099999999997,-0.12943589999999999,0.060389899999999996,0.094894999999999993,-0.054566999999999997,0.073616799999999996,-0.0038661000000000004,-0.032388600000000003,0.026722100000000013,-0.099252099999999996,0.33149819999999997,-0.11790189999999999,0.039960499999999996,0.0768654,0.0097348999999999977,-0.025845400000000001,-0.010563400000000001,-0.0325405,0.0033274000000000012,0.038202300000000002,-0.087659900000000013,0.010138699999999999,-0.1070276,0.0094064999999999999,0.044740799999999997,-0.026566400000000004,0.027728000000000003,0.0067134999999999998,-0.038138900000000003,0.016418499999999999,-0.056237699999999995,-0.069271399999999997,0.113215,-0.040707,0.1845725,-0.066489000000000006,0.011293000000000001,-0.0035932999999999998,0.0021025000000000002,-0.017584200000000001,0.0016764999999999998,0.037948800000000005,-0.0055424000000000003,0.0044991999999999992,-0.019312699999999999,-0.033861000000000002,-0.0072876,0.030088999999999998,0.0133729,0.021333899999999999,-0.0052504999999999991,0.00044870000000000001,0.010234499999999999,-0.045169400000000005,0.011760300000000003,0.0025897999999999997,-0.017674000000000002,0.046701199999999998,-0.076936099999999993,-0.0055198999999999995,-0.019028400000000001,-0.058880699999999994,0.0101438,-0.0022060000000000001,0.0029805999999999999,0.0244148,-0.0070826000000000023,-0.0014656000000000001,-0.0099967999999999984,0.010917299999999998,0.0228352,-0.0031464999999999996,0.0020926,0.010317100000000001,-0.023045099999999999,-0.00082180000000000057,0.0050699999999999999,-0.00041949999999999973,0.0015518999999999993,-0.0078339000000000013,0.024173,-0.022417800000000002,-0.0056922000000000006,-0.010893800000000002,0.0074751999999999978,0.0083451000000000011,-0.011949700000000001,-0.0075228000000000014,0.0050194999999999997,-0.023754600000000001,0.0076011000000000004,0.020525599999999998,0.0026733,0.0239581,-0.0012633000000000019,-0.0026003999999999997,-0.0003393999999999999,0.0028284999999999994,-0.0056204000000000002,0.011606100000000001,-0.0022120999999999998,-0.0057166999999999999,-0.0031181999999999998,0.0033447999999999998,-0.0043082999999999993,-0.0030277999999999998,0.01188,0.0062318999999999994,0.0015686000000000001,0.0021199000000000001,0.0089716999999999991,-0.0069605999999999999,0.0032535999999999997,-0.014704500000000002,0.0124133,-0.0038877999999999994,-0.0037818000000000001,0.0095715999999999996,0.0025329999999999997,0.0074446,-0.015537400000000002,0.0017267000000000003,0.0055003000000000005,0.0072745000000000015,-0.0069699999999999996,0.0015217000000000006,-0.017638399999999999,-0.0122095,-0.016154600000000002,-0.0060874999999999992,-0.0011683000000000002,0.0084896000000000017,-0.0034822,-0.00018209999999999998,-0.0093353999999999989,-0.0029588999999999996,-0.00071070000000000009,-0.0059998000000000013,0.0035753,-0.0038165999999999999,-0.0046815999999999993,0.0019443000000000002,-0.0060727000000000003,0.0095151999999999997,0.0030110000000000007,-0.002753600000000001,0.0052571000000000007,-0.0046369999999999996,0.00025580000000000004,-0.0017039999999999998,0.0038031999999999996,-0.0025351999999999996,0.00040559999999999902,0.0010597999999999996,0.00077499999999999965,0.00098459999999999954,-0.0012695000000000002,-0.0048653999999999998,0.0022128000000000004,-0.0059227000000000004,-0.0045357000000000001,-0.0097336000000000002,-0.0080260999999999996,0.0070830000000000008,0.013247100000000001,0.0012962999999999998,-0.002919800000000001,0.0041857000000000005,0.0051023000000000006,0.0046521999999999996,-0.0036829000000000011,0.0077327000000000003,0.0039648999999999995,0.0027010000000000003,-0.0048724000000000007,0.0041263999999999997,-0.0081360000000000009,-0.0168103,0.0058051999999999999,-0.00070609999999999998,-0.0026408999999999998,0.0017948999999999999,0.00045870000000000025,-0.0029075999999999998,-0.00069519999999999998,-0.0024047000000000001,-0.0054520000000000002,0.0031264999999999995,-0.0019511999999999999,0.0035861000000000001,-0.0072350000000000001,0.0014065,0.00087289999999999991,-0.0040204000000000004,-0.0039798999999999998,-0.0014142999999999998,-0.00015350000000000004,-0.0019613,0.0030765000000000002,0.0011175999999999998,0.0052490000000000002,-0.0031412000000000002,-0.0020763999999999999,0.005729699999999999,0.0064308999999999998,-0.0021289999999999998,0.0015019999999999999,0.0057223999999999999,0.0015353999999999997,0.00051399999999999992,0.0035285999999999998,0.0020074000000000003,-0.0062993000000000007,-0.0011547000000000003,0.011469400000000001,-0.0010212999999999999,-0.0027355999999999999,0.0044137999999999998,-0.0033319999999999995,0.00081410000000000033,0.0052247000000000005,0.0033048999999999995,0.0056054000000000008,0.0021450000000000002,-0.0015893999999999999,0.0049453999999999991,-0.0058562000000000006,0.0041045999999999999,-0.0025000000000000005,-0.0052164000000000004,0.00038079999999999885,0.0024953000000000002,-0.00097309999999999996,-0.0014772000000000001,-0.0023990999999999995,-0.0020879000000000002,-0.0021377000000000002,-2.0599999999999979e-05,0.0012148000000000003,-0.0016968,-0.0015,0.0019850000000000002,0.0031149000000000003,-0.0028236000000000003,-0.0021498000000000008,-0.004516,0.0042367000000000004,0.0017581999999999999,0.0038918000000000004,-0.0026573,0.0033756999999999997,-0.0015761000000000002,0.00060340000000000003,0.0028652999999999999,-0.0040067000000000002,0.0019859999999999999,0.0044191999999999999,-0.00016969999999999963,-0.0013763000000000004,0.00043170000000000014,0.0016686000000000001,0.0020818,0.00052979999999999998,0.0024840999999999999,0.0045357999999999996,-0.00088230000000000014,0.0020729999999999998,-0.00056570000000000014,-0.0048862000000000003,0.0034153999999999999,0.0045197000000000006,-0.0010931000000000001,-0.00041989999999999996,-0.0008642000000000003,-0.0041367000000000001,0.00039670000000000026,0.0018305999999999999,-0.0022350999999999998,0.0035103999999999995,-0.0056771,-0.0038799999999999998,0.0029156999999999998,-0.0026051,0.011798300000000001,0.0018463999999999998,0.0058925000000000002,-0.0019492000000000016,0.0012055000000000002,0.0010184000000000003,0.00070279999999999995,-0.00043730000000000017,-0.00094219999999999981,0.0015882000000000001,-0.0042103999999999996,0.0004657000000000001,1.909999999999976e-05,-0.0017760999999999999,-0.0023101000000000007,0.0025138000000000001,-0.0012684999999999999,0.0035942999999999995,-0.0022210000000000003,-0.00074949999999999995,2.9999999999999916e-05,0.00036190000000000001,0.0048434000000000003,0.0015222999999999999,-7.1400000000000001e-05,0.0037876999999999997,0.0031233999999999997,-0.00060360000000000003,-0.0026029,-0.0057508000000000004,0.0014434000000000001,0.0021488000000000002,9.2500000000000026e-05,-0.0020782000000000001,0.0028926000000000004,-0.001629,-0.0038576000000000001,-0.0055938000000000003,-0.00099810000000000003,-0.0029759000000000001,0.0026279999999999997,-0.0013390999999999998,0.0044079000000000002,-0.0012265000000000002,-0.0018097000000000002,0.0022136999999999999,-0.0016802000000000002,-0.0014456999999999998,-0.0030929999999999998,0.0014094999999999997,0.0045320000000000004,-0.00031979999999999997,-0.00033890000000000005,0.0055125,-0.0038528,0.0016654999999999999,-0.0014200999999999997,-0.0045816999999999993,0.0063682000000000009,0.00047889999999999999,0.0027616000000000003,0.0045634000000000004,0.0033291999999999996,0.0081329999999999996,-0.0019525000000000002,0.0031958999999999998,0.0019932999999999999,-0.0033603999999999999,0.00025840000000000005,0.00013560000000000004,0.0017119000000000001,0.00062629999999999999,0.0014968,0.0041526000000000002,-0.00085479999999999996,-0.00015609999999999995,0.0022118999999999997,0.00089349999999999987,0.00059399999999999991,-0.0028905000000000007,0.00026840000000000002,0.0017099999999999997,-0.0040282,-0.0013422999999999998,-0.00057639999999999992,-0.0027033000000000001,7.6299999999999849e-05,-0.0021421000000000001,-0.0011651999999999999,-0.00088679999999999998,-0.0012888999999999999,-0.0023939999999999999,-0.0012128,-0.0027423,0.00043070000000000001,-0.0018565999999999999,0.0005574,0.00081239999999999991,0.0022507,0.0020073000000000009,0.0020688,-0.0024371999999999996,0.0020614999999999995,-0.0019857999999999998,0.0037013000000000002,0.0011297,0.0022347999999999999,0.0013027000000000004,-0.00051900000000000015,-0.0027060000000000001,8.5600000000000075e-05,0.00052590000000000004,6.9599999999999957e-05,-0.0015286,-6.1400000000000083e-05,0.0024237999999999994,-0.001235,0.0015356,0.0016988999999999999,0.0063309000000000004,0.0012717,-0.0021611,-0.00036919999999999992,-0.0014646000000000004,-3.5999999999999791e-06,-0.0013449,0.0030904000000000001,0.0062370000000000004,0.00035640000000000021,-0.00062110000000000008,0.001676,-0.0084930000000000005,-0.0086336999999999994,0.003424,-0.0010565000000000001,0.0051336999999999997,-0.00062859999999999999,0.00031299999999999996,-0.00034150000000000006,8.7000000000000488e-06,0.00071259999999999987,0.00036069999999999999,-0.00032380000000000001,-0.00018740000000000003,0.00039050000000000006,0.0013012000000000002,-0.0015222999999999999,-0.0028378999999999995,0.00024629999999999997,-0.0013719000000000001,-0.00089320000000000014,0.0012522000000000002,0.0015854,0.0021419,5.3800000000000007e-05,0.0005043999999999999,8.0900000000000015e-05,0.0010399999999999999,0.0013856999999999999,0.00010310000000000018,0.00090870000000000002,0.0033134000000000002,-0.0010995,0.0013828,-0.0016145000000000003,-1.45e-05,-0.0026205999999999998,-0.0014408000000000001,0.0016891,-0.0025929999999999998,-0.0011120000000000001,0.0028909999999999999,0.0025098000000000004,0.0007289000000000001,0.0024630000000000003,6.1100000000000021e-05,-0.0018469000000000001,0.0027582000000000001,0.00053150000000000007,0.0019149000000000004,0.00066770000000000002,0.00080539999999999995,-0.0006623,0.0011256999999999997,0.00018740000000000006,-0.0001353999999999999,-0.00078100000000000001,-0.0013495999999999998,0.0029287000000000002,0.00059170000000000023,0.0031416999999999999,0.00062359999999999987,-0.0040088000000000007,0.0020692000000000002,0.0013286999999999997,-0.0034639000000000002,-0.0016512000000000002,-0.0016869000000000003,0.00038600000000000006,0.0005051000000000003,-0.0049543999999999994,0.0033795000000000001,-0.0015,-0.0050291999999999993,0.0040244,0.0019383999999999998,0.00085540000000000008,0.0028649000000000001,-0.0005593000000000001,0.0046441,-0.0011390999999999999,-0.0017764999999999997
aug_between_class_right_pair0075_child05,TLE,1,1,Augmented,0,0,0,0,0,0.29011120000000001,2.0848770000000001,-9.9999999999999995e-07,-2.2000000000000001e-06,-5.9999999999999987e-07,0.9719506,0,0.046690599999999999,-0.13220799999999999,0.0044703999999999994,0.082926,-0.12525520000000001,0.082548200000000002,-0.038723799999999996,0.014357799999999999,-0.0143064,-0.078040600000000002,0.33730659999999996,-0.066728200000000001,-0.020725000000000004,0.069564399999999998,-0.031549199999999999,-0.027943599999999999,-0.0021023999999999999,-0.052803200000000002,0.014179400000000002,0.0091409999999999998,-0.039023799999999997,-0.010144199999999999,-0.081384200000000004,-0.00098539999999999739,0.061252000000000001,-0.029881399999999999,0.0029531999999999996,0.020718400000000001,-0.057870999999999999,0.023250399999999997,-0.078716400000000006,0.00054259999999999725,0.083035799999999993,-0.010269599999999997,0.19654179999999999,-0.049065600000000001,0.0028735999999999996,-0.0061228000000000012,-0.013337999999999999,-0.0028526000000000003,0.001108600000000001,0.034597599999999999,-0.0014830000000000002,-0.0108932,-0.01197,-0.012940199999999999,0.0187428,0.0186424,0.023862400000000002,0.0052242,-0.023885800000000006,0.0016148,0.017474400000000001,-0.038921200000000003,-0.0017970000000000004,0.0085961999999999983,0.0055721999999999994,0.017513599999999997,-0.092352400000000001,-0.0159382,-0.035671400000000006,0.019396800000000006,-0.0009784000000000008,0.0041215999999999996,-0.00060059999999999996,0.0131588,0.0094850000000000004,0.0053541999999999999,-0.0053667999999999997,0.0086792000000000015,0.0038967999999999997,-0.0073696000000000005,-0.0012054000000000001,0.0091944000000000001,-0.014840800000000001,0.0011985999999999998,0.0062836000000000003,0.0065803999999999993,-0.0122624,-0.0096223999999999997,0.019159200000000001,-0.013938799999999999,-0.0052709999999999996,-0.0062789999999999999,-0.0148454,0.0121648,-0.021037199999999999,0.0029072000000000004,0.0126014,-0.0065898000000000016,0.0010165999999999999,0.0112488,-0.0043445999999999997,0.010909400000000001,-0.0076683999999999988,0.0066883999999999989,0.0028592000000000001,-0.0021417999999999997,-0.0067346000000000003,0.011495200000000001,0.0012998000000000003,0.0017106000000000005,-0.0025513999999999997,0.0022455999999999999,-0.0042236000000000001,-0.0029053999999999998,0.0086674000000000005,0.0137362,0.0021868,-0.002666,0.0061564000000000002,-0.010135399999999999,0.0015430000000000001,-0.011453999999999999,0.019488999999999999,-0.003833399999999999,-0.0035123999999999997,-0.001546800000000001,-0.0048188000000000007,-0.00086940000000000021,-0.012563000000000001,-0.0011148,0.0061835999999999992,0.0058316000000000002,-0.014009400000000002,-0.0062654,-0.027933400000000004,-0.0039496000000000002,-0.0120134,0.012640400000000003,-0.0030195999999999999,0.0049221999999999998,0.0078183999999999997,-0.012633,-0.0054167999999999994,-0.0016735999999999997,0.0012401999999999999,-0.0016196000000000003,0.0016291999999999997,0.00077600000000000043,0.00018439999999999993,0.0010566,-0.0023998000000000001,0.0028543999999999996,0.00048380000000000005,-0.0052414000000000002,0.0043286000000000002,0.0047121999999999997,-0.0051432000000000005,0.0023118000000000001,-0.0042034000000000004,-0.0018259999999999997,-0.0077083999999999998,-0.0024476000000000003,0.0070862000000000008,0.0011689999999999999,0.0028079999999999997,-0.0072075999999999998,-0.0067521999999999999,-0.014036400000000001,0.0012410000000000003,-0.0085608000000000004,0.0069503999999999998,-0.0012508000000000003,0.0102706,0.0021089999999999998,-0.0144756,-0.0016973999999999997,0.0059900000000000005,0.0080528000000000006,0.0021825999999999998,0.016561599999999999,-0.0128278,0.0027172000000000003,-0.036087399999999999,0.0065125999999999986,-0.0065574000000000014,-0.00065739999999999982,0.020477200000000001,0.00061840000000000007,-0.0019086000000000001,-0.0016583999999999998,0.00094019999999999998,-0.0057051999999999997,-0.00059499999999999983,0.0018536000000000004,-0.0014851999999999999,-0.0033295999999999998,0.00050020000000000002,0.00031400000000000026,-0.0013166,0.0010424000000000002,-0.0034915999999999997,0.0037917999999999997,-0.0034610000000000001,-0.0014836000000000001,0.00087679999999999995,-0.00081839999999999973,-0.0013718000000000001,0.0064847999999999998,-0.00031679999999999989,0.00029440000000000022,-0.002307,0.00032659999999999981,0.0043067999999999995,-0.0061522,0.0044743999999999999,0.0097959999999999992,-0.00019220000000000006,0.00075159999999999995,0.0074358000000000002,-0.006013000000000001,-0.0077568000000000012,-0.0015044000000000004,0.0097496000000000006,0.0040648000000000012,-0.0004228000000000003,-2.9399999999999739e-05,0.0033043999999999999,0.00055239999999999977,-0.0043894000000000008,-0.0026823999999999997,-0.0081634000000000012,0.0085613999999999985,-0.0030678000000000003,0.0094153999999999991,-0.0158078,0.0034392000000000003,-0.0052212000000000005,-0.0063961999999999995,-0.0088199999999999997,0.0018051999999999999,-0.0014134,-0.0011279999999999997,-0.0018614,0.0017848000000000002,-0.0022514000000000002,0.0013001999999999998,-0.0010028000000000001,0.00017500000000000003,-0.0017696000000000001,0.0022972000000000001,0.0030179999999999998,0.00056700000000000001,0.0007980000000000001,-0.00080039999999999994,0.0015414000000000003,0.00020940000000000002,0.0022859999999999998,-0.0045857999999999993,0.00052059999999999997,-0.00079960000000000014,0.0025354000000000002,4.0000000000000972e-06,-0.0072610000000000001,0.0014045999999999998,-0.0027703999999999993,-0.0035035999999999999,-0.00046579999999999994,0.0048696,0.0034207999999999999,0.0070501999999999995,0.0016145999999999999,-0.00049840000000000041,-0.0010892,-0.00071680000000000008,0.0080467999999999998,-0.0017971999999999992,0.0038281999999999995,0.0030253999999999997,0.0034988000000000003,-0.0046413999999999995,-0.003411,-0.0037459999999999998,0.0041612000000000003,-0.0029689999999999999,-0.0038138,-0.0015248000000000009,-0.0019573999999999998,-0.00027800000000000047,-0.0018328000000000005,-0.0047986000000000001,-0.0006150000000000001,0.0054228000000000002,-0.0014548000000000002,-0.0079826000000000012,-0.016773,0.0029464000000000001,0.00011280000000000003,0.00080460000000000004,0.0014034,0.001879,0.0021842000000000003,-0.0021793999999999997,0.00085719999999999991,0.00097100000000000007,-0.0030815999999999999,0.00061359999999999995,1.7999999999999353e-06,-0.0029981999999999999,0.0020969999999999999,8.7999999999999971e-06,-0.00072520000000000006,0.0013893999999999996,-0.0018240000000000001,-1.8200000000000334e-05,-0.0010044000000000001,-0.0032192000000000002,0.0012989999999999998,-0.0016886000000000002,0.00041400000000000009,0.00067939999999999993,-0.00030900000000000025,0.0032687999999999997,0.0010854,-0.0016984000000000001,-0.00027939999999999985,-0.00072640000000000009,-0.00097980000000000007,0.0013576000000000005,-0.0030398000000000005,0.0010286,-0.00028259999999999998,-6.0400000000000004e-05,-0.00045620000000000014,0.0038392000000000001,0.00049259999999999994,-0.0029640000000000005,0.0029519999999999998,-0.00082720000000000005,0.0016732000000000001,-0.0016790000000000002,0.0023346,0.0012864,-0.00046299999999999998,0.0012115999999999997,-0.0015544000000000001,-0.0067025999999999995,0.00022379999999999996,0.0056455999999999998,-0.0059196000000000006,0.0069199999999999991,-0.0051571999999999989,-0.0020518000000000003,-0.0014246000000000003,0.0028969999999999998,0.0060122000000000005,-0.00084439999999999992,0.0095142000000000004,0.0041992000000000002,-0.0023116,0.0015341999999999997,0.0011103999999999999,-0.00013920000000000002,0.0008072,-0.0024522000000000003,0.0029415999999999999,0.00029060000000000007,-0.00020160000000000002,0.0011681999999999999,-0.0020219999999999999,-0.0011055999999999998,3.6800000000000027e-05,0.00073359999999999994,-0.0001855999999999999,0.0018798,-0.00095020000000000022,0.00050099999999999993,-3.0600000000000202e-05,0.0024314000000000002,0.0011048,-0.0013550000000000001,-0.0011473999999999998,-0.0013292,-0.0012194,-0.0020492000000000002,0.0016916000000000001,-0.0030608000000000002,0.0021105999999999998,-0.0010584000000000001,-0.00016559999999999991,-0.0015428,-0.0037416000000000003,0.0035707999999999998,0.0024236000000000001,-0.0014786000000000001,0.0015599999999999998,0.0034199999999999999,-0.0030943999999999998,0.0041594000000000006,-0.0021495999999999998,-0.0020752000000000001,0.0011598000000000001,-0.0021413999999999999,0.0019425999999999998,-0.0012748000000000002,-0.001137,-0.0018423999999999999,0.0032623999999999995,-0.0024504000000000001,0.0020478000000000002,-0.0031085999999999996,0.0010792,0.0063902000000000004,-0.0042112,0.0023892000000000002,0.0012837999999999999,-0.0013012,-0.00017759999999999998,0.0056171999999999993,0.001676,0.0036955999999999994,-0.0037772000000000001,0.002088,-0.0012814,-0.0044115999999999999,0.00015280000000000024,-0.0078074000000000008,0.0010914,-0.0018395999999999998,0.00052960000000000008,-0.00060960000000000007,-0.00058519999999999991,-4.5600000000000024e-05,-0.00036900000000000002,-0.00017360000000000005,-0.00058239999999999995,0.00075040000000000003,-0.00045600000000000003,-0.0025771999999999995,0.00062940000000000001,-0.00056380000000000004,0.00082320000000000017,0.0019253999999999999,-0.00042960000000000009,0.0017597999999999999,-0.0016554,0.0016657999999999998,0.00028319999999999989,-0.0004671999999999997,-0.00044959999999999998,0.00078880000000000009,-0.0021970000000000002,0.0024817999999999997,0.00029740000000000002,-0.0032546000000000003,0.0020112000000000003,-0.00012199999999999997,-0.0013627999999999999,-0.0028370000000000001,-0.0006730000000000001,-0.0023758,0.00096199999999999996,-7.1400000000000055e-05,0.000959,0.00017420000000000001,-0.0012339999999999999,0.0019605999999999994,-0.0028357999999999999,-0.0019170000000000001,0.00085220000000000001,0.00015140000000000005,0.00041159999999999998,0.0025737999999999998,2.800000000000003e-05,0.0017978,-0.0011811999999999999,-0.0035909999999999996,0.00074279999999999995,-0.00081379999999999994,-0.00055340000000000001,0.0020483999999999997,0.0018748000000000003,0.0018668000000000001,0.0022677999999999999,-0.0023438000000000001,0.00028520000000000005,-0.00030900000000000036,-0.0019585999999999996,0.0021494000000000001,-0.0030920000000000001,0.0040492000000000002,-0.00021779999999999998,-0.00046480000000000002,-0.0013567999999999996,0.00024699999999999993,0.0020067999999999996,-0.0028370000000000005,0.00054199999999999995,0.0054581999999999999,-0.0051181999999999998,0.0014867999999999999,-0.0025891999999999998,-0.0076705999999999996,0.0021237999999999995
aug_between_class_right_pair0075_child06,TLE,1,1,Augmented,0,0,0,0,0,0.28806790000000004,2.0927315000000002,-9.9999999999999995e-07,-2.3999999999999999e-06,-6.9999999999999976e-07,0.96402969999999999,0,0.049617700000000001,-0.13243049999999998,0.003920300000000005,0.089577500000000004,-0.1317084,0.083298399999999995,-0.043529600000000002,0.013288100000000001,-0.012207300000000003,-0.07908119999999999,0.33894569999999996,-0.0620514,-0.024056000000000001,0.069425799999999996,-0.0356519,-0.029660700000000002,-0.0019108,-0.051633400000000003,0.015187300000000001,0.0097210000000000005,-0.038773099999999998,-0.010222899999999998,-0.080495899999999995,-0.0018557999999999977,0.062481500000000009,-0.031627799999999998,0.0027563999999999974,0.022968800000000001,-0.058582499999999996,0.023353800000000001,-0.080817300000000009,-0.0011113000000000026,0.080739099999999994,-0.012844199999999997,0.19680609999999998,-0.049999200000000001,0.0025501999999999999,-0.0060886000000000004,-0.0135575,-0.0012802000000000004,8.4200000000000854e-05,0.033564200000000002,-0.0012135000000000002,-0.0113959,-0.010652999999999999,-0.0135059,0.0191466,0.0206048,0.022553300000000002,0.0048688999999999989,-0.025507599999999998,0.00094060000000000031,0.018233799999999998,-0.038100400000000006,-0.0030189999999999995,0.011080899999999998,0.0053479000000000009,0.019373199999999997,-0.093028799999999995,-0.015127399999999999,-0.035694300000000005,0.020229099999999993,-0.0007363000000000005,0.0044536999999999997,-0.00097569999999999992,0.012728099999999999,0.0090384999999999997,0.0063278999999999992,-0.0051121000000000005,0.0088959,0.0037126000000000004,-0.0078472000000000004,-0.0011868000000000004,0.0091792999999999996,-0.014223600000000001,0.0015731999999999999,0.0061312000000000007,0.0072248,-0.0127758,-0.0086798000000000014,0.019864900000000001,-0.013253600000000001,-0.0045580000000000004,-0.0082405000000000013,-0.016283300000000001,0.0124931,-0.021806899999999997,0.0030153999999999997,0.0124498,-0.0058861000000000009,0.0010826999999999998,0.0111906,-0.0066932000000000016,0.0094213000000000022,-0.0093057999999999995,0.007593299999999999,0.0029794000000000005,-0.0023896,-0.0069147000000000002,0.0110854,0.0017111000000000001,0.00034420000000000023,-0.0030482999999999994,0.0019697,-0.0040587000000000002,-0.0027407999999999998,0.008490300000000001,0.013597900000000001,0.0019886000000000001,-0.0022780000000000001,0.0062918000000000002,-0.0103953,0.0003684999999999999,-0.011681,0.02034,-0.0047492999999999997,-0.0037657999999999997,-0.0014625999999999997,-0.0042491000000000004,-0.00070080000000000012,-0.011613,-0.0014831,0.0053077000000000003,0.0072401999999999996,-0.0147568,-0.0063452999999999999,-0.028371800000000003,-0.0034166999999999999,-0.011437300000000001,0.0135248,-0.0038396999999999988,0.0057264000000000004,0.0093933000000000003,-0.012068000000000001,-0.0059030999999999997,-0.0017956999999999995,0.0017343999999999997,-0.0020882000000000001,0.0024743999999999999,0.00032400000000000029,0.00014780000000000001,0.0011117,-0.0021266000000000002,0.0033822999999999995,0.00017060000000000003,-0.0054442999999999991,0.0047946999999999998,0.0049159,-0.004992400000000001,0.0026751000000000006,-0.0045887999999999997,-0.0023184999999999994,-0.0068263000000000004,-0.0020972000000000005,0.0069324,0.00013549999999999977,0.0030254999999999995,-0.0073576999999999991,-0.0073013999999999996,-0.014897800000000001,0.0023960000000000001,-0.0082041000000000006,0.0077092999999999997,-0.0012210999999999997,0.0090521999999999998,0.0018344999999999993,-0.0144887,-0.0013563000000000002,0.0063999999999999994,0.0082786000000000005,0.0027496999999999999,0.0175932,-0.014327599999999999,0.0020854000000000003,-0.036983799999999997,0.0071361999999999988,-0.0062002999999999997,-0.0020227999999999991,0.019605400000000002,8.8000000000002139e-06,-0.0017642000000000001,-0.0016388000000000004,0.00094139999999999979,-0.0062448999999999994,-0.00077799999999999961,0.0019727000000000004,-0.0015079,-0.0035371999999999995,0.00031090000000000008,-0.00026250000000000015,-0.0010417,0.0018992999999999998,-0.0041567000000000002,0.0040895999999999997,-0.003771,-0.0014027,0.0013085999999999996,-0.0013858,-0.0010341,0.0070220999999999999,-0.00068159999999999987,0.00078880000000000009,-0.0021424999999999999,-0.0003518000000000002,0.0047225999999999995,-0.0064228999999999996,0.0044993000000000003,0.0094830000000000001,-5.6900000000000028e-05,0.00074169999999999998,0.0078370999999999996,-0.0067309999999999991,-0.0072106000000000002,-0.0014968,0.0096877000000000005,0.0038640999999999997,-0.0004726000000000001,-0.00018829999999999975,0.0034083,0.0013688000000000003,-0.0047533000000000002,-0.0029943000000000001,-0.0083702999999999989,0.0086248000000000002,-0.0033276,0.0094672999999999997,-0.015752099999999998,0.0040929,-0.0045914000000000007,-0.0063549000000000001,-0.0090289999999999988,0.0018278999999999999,-0.0014758,-0.0014674999999999996,-0.0016873000000000001,0.0021160999999999992,-0.0026202999999999999,0.0012133999999999999,-0.0008696000000000001,0.0001495,-0.0015541999999999999,0.0023903999999999996,0.0031844999999999998,0.00051450000000000009,0.00065250000000000009,-0.0010862999999999999,0.0013413000000000001,0.00011580000000000005,0.0028814999999999999,-0.0044780999999999996,0.00030170000000000002,-0.0006077000000000003,0.0024048000000000003,-0.00035349999999999986,-0.0078340000000000007,0.0016071999999999998,-0.0035037999999999996,-0.0036306999999999997,-0.00070859999999999988,0.0051071999999999992,0.0033325999999999998,0.0073948999999999994,0.0018106999999999999,-0.00065629999999999985,-0.0012933999999999999,-0.00047410000000000014,0.0087475999999999995,-0.0023248999999999991,0.0044568999999999998,0.0037358000000000001,0.0035776000000000002,-0.0044852999999999994,-0.003607,-0.0040035000000000001,0.0041234000000000002,-0.0029745000000000001,-0.0044441000000000003,-0.00054060000000000067,-0.0017943,0.00037499999999999903,-0.0019631000000000006,-0.0049392000000000004,-0.00032350000000000044,0.0058035999999999999,-0.0017316000000000005,-0.0078567000000000029,-0.0169675,0.0029747999999999997,-5.0899999999999882e-05,0.00082169999999999986,0.0014117999999999999,0.0017805,0.0024838999999999998,-0.0023173,0.0009299,0.0010040000000000001,-0.0030607,0.00085319999999999992,-0.00033340000000000008,-0.0030014,0.002153,-1.7399999999999989e-05,-0.00054490000000000007,0.0017797999999999998,-0.0018925000000000001,-0.00054640000000000049,-0.0010973000000000001,-0.0033524000000000002,0.0016779999999999998,-0.0019192000000000002,0.0005415000000000001,0.00066529999999999996,-0.00028899999999999998,0.0035005999999999995,0.0012917999999999998,-0.0016348000000000001,-0.00049979999999999979,-0.00051580000000000007,-0.0010601,0.0011057,-0.0032290999999999999,0.00075670000000000012,-0.00022370000000000002,-7.779999999999994e-05,-0.00049290000000000011,0.0038268999999999998,0.00030520000000000005,-0.0032820000000000011,0.0033979999999999991,-0.0010303999999999999,0.0017143999999999998,-0.0017620000000000001,0.0023741999999999999,0.0015087999999999998,-0.00052649999999999995,0.0015956999999999998,-0.0013888000000000004,-0.0068006999999999998,0.00079559999999999982,0.0060291999999999993,-0.0065681999999999997,0.0076954999999999992,-0.0059664000000000002,-0.0019781,-0.00087920000000000023,0.0032504999999999995,0.0051219000000000004,-0.00041080000000000023,0.0092854000000000009,0.0037444000000000006,-0.0017406999999999998,0.0017884000000000001,0.0013807999999999997,-0.00025040000000000001,0.00087990000000000008,-0.0027509000000000001,0.0031522,0.00024519999999999994,-0.00027769999999999997,0.0011883999999999998,-0.0023384999999999999,-0.0011901999999999998,0.00018159999999999997,0.00028170000000000018,1.1799999999999962e-05,0.0019011000000000002,-0.0012553999999999998,0.00054149999999999999,0.00015329999999999966,0.0024428000000000002,0.0013546000000000003,-0.0013300000000000002,-0.0013068000000000003,-0.0012869000000000001,-0.0013663,-0.0017819000000000001,0.0019491999999999997,-0.0032876000000000003,0.0026566999999999997,-0.0010773,-0.00033369999999999971,-0.0016221,-0.0040101999999999994,0.0038321000000000006,0.0027301999999999995,-0.0016707000000000002,0.0018604999999999997,0.0031025000000000002,-0.0032927999999999998,0.0043733000000000001,-0.0023816999999999996,-0.0024584000000000003,0.0010251000000000004,-0.0022617999999999996,0.0024261999999999999,-0.0010296000000000003,-0.00095800000000000008,-0.0025072999999999996,0.0032272999999999998,-0.0023712999999999998,0.0018926000000000001,-0.0034906999999999994,0.00089040000000000018,0.0066979000000000006,-0.0043479,0.0026368999999999997,0.0012711000000000001,-0.00090240000000000014,5.2799999999999867e-05,0.0065518999999999994,0.0012565000000000002,0.0038671999999999995,-0.0037763999999999996,0.0025599999999999998,-0.0008623000000000002,-0.0045102000000000007,-0.00040089999999999939,-0.0086237999999999992,0.0014427999999999997,-0.0015537000000000001,0.00043270000000000006,-0.00079619999999999995,-0.00066839999999999998,0.00015079999999999992,-0.00041400000000000003,-0.00028220000000000003,-0.0006533,0.00087080000000000013,-0.00071600000000000006,-0.0025353999999999997,0.0007562999999999999,-0.00068210000000000005,0.00065439999999999997,0.0019713,-0.00027620000000000005,0.0016376000000000001,-0.0017172999999999997,0.0018051,0.00031690000000000001,-0.00081639999999999989,-0.00045019999999999999,0.00070560000000000002,-0.0024120000000000001,0.0027480999999999998,0.00033579999999999998,-0.0031846999999999999,0.0019204000000000003,-0.00016649999999999993,-0.0013466000000000001,-0.0029624999999999999,-0.00098200000000000023,-0.0023231000000000003,0.0010104999999999999,-0.00012630000000000009,0.00085500000000000007,0.00015789999999999999,-0.001248,0.0024541999999999997,-0.0032456,-0.0020410000000000003,0.00065289999999999999,7.4300000000000071e-05,0.00038320000000000004,0.0024215999999999999,-4.5999999999999925e-05,0.0019196,-0.0010438999999999999,-0.0037969999999999987,0.00093809999999999976,-0.0010541000000000001,-0.00052530000000000003,0.0019723000000000002,0.0022601000000000001,0.0017715999999999999,0.0025290999999999998,-0.0024220999999999999,0.00023139999999999999,-1.4000000000000123e-05,-0.0020616999999999996,0.0022683000000000004,-0.0034085000000000001,0.0045678999999999997,-8.1099999999999966e-05,0.00019839999999999962,-0.0021355999999999992,0.0002989999999999999,0.0019981,-0.0031390000000000007,0.00065999999999999989,0.0056188999999999996,-0.0056273999999999994,0.0019075999999999997,-0.0026534000000000002,-0.0073036999999999998,0.0022680999999999995
aug_between_class_right_pair0075_child07,TLE,1,1,Augmented,0,0,0,0,0,0.28602460000000002,2.1005859999999998,-9.9999999999999995e-07,-2.6000000000000001e-06,-7.9999999999999965e-07,0.95610879999999998,0,0.052544800000000003,-0.13265299999999999,0.0033702000000000037,0.096229000000000009,-0.13816160000000002,0.084048600000000001,-0.048335400000000001,0.012218399999999997,-0.010108199999999998,-0.080121799999999993,0.34058479999999997,-0.057374599999999998,-0.027387000000000005,0.069287200000000007,-0.039754600000000008,-0.031377800000000004,-0.0017191999999999999,-0.050463599999999997,0.016195200000000003,0.010301000000000001,-0.038522399999999998,-0.010301600000000001,-0.079607600000000001,-0.0027261999999999981,0.063711000000000004,-0.0333742,0.0025595999999999987,0.025219200000000004,-0.059293999999999999,0.023457200000000001,-0.082918200000000011,-0.0027652000000000024,0.078442399999999995,-0.0154188,0.19707040000000001,-0.0509328,0.0022268000000000001,-0.0060543999999999997,-0.013776999999999999,0.0002921999999999994,-0.00094019999999999998,0.032530799999999999,-0.00094399999999999996,-0.0118986,-0.0093359999999999988,-0.0140716,0.019550400000000002,0.022567200000000003,0.021244200000000001,0.0045135999999999996,-0.027129400000000005,0.00026639999999999964,0.018993199999999998,-0.037279600000000003,-0.004241,0.013565600000000001,0.005123599999999999,0.0212328,-0.093705200000000002,-0.014316599999999999,-0.035717200000000005,0.021061400000000001,-0.00049420000000000019,0.0047857999999999998,-0.0013508000000000001,0.0122974,0.0085919999999999989,0.007301600000000001,-0.0048573999999999996,0.0091126000000000002,0.0035283999999999997,-0.0083248000000000003,-0.0011682000000000003,0.0091642000000000008,-0.013606399999999999,0.0019478000000000004,0.0059788000000000003,0.0078691999999999998,-0.013289200000000001,-0.0077371999999999996,0.020570600000000001,-0.0125684,-0.0038449999999999995,-0.010202000000000003,-0.017721199999999999,0.012821400000000002,-0.022576600000000002,0.0031235999999999998,0.0122982,-0.0051824000000000011,0.0011487999999999997,0.011132400000000001,-0.0090418000000000009,0.0079331999999999979,-0.0109432,0.0084981999999999992,0.0030996000000000001,-0.0026374000000000002,-0.0070948000000000001,0.0106756,0.0021224,-0.0010222000000000009,-0.0035452000000000005,0.0016937999999999996,-0.0038937999999999998,-0.0025761999999999998,0.0083131999999999998,0.0134596,0.0017904000000000002,-0.0018900000000000002,0.0064272000000000001,-0.0106552,-0.00080600000000000159,-0.011908,0.021191000000000002,-0.0056652000000000004,-0.0040192000000000005,-0.0013784000000000001,-0.0036794000000000002,-0.0005321999999999996,-0.010662999999999999,-0.0018514,0.0044317999999999996,0.0086488000000000016,-0.015504200000000003,-0.0064251999999999998,-0.028810200000000001,-0.0028837999999999997,-0.0108612,0.014409200000000004,-0.0046597999999999995,0.006530600000000001,0.010968200000000003,-0.011502999999999999,-0.0063893999999999999,-0.0019177999999999999,0.0022286000000000003,-0.0025568000000000006,0.0033196000000000002,-0.00012800000000000029,0.0001112000000000001,0.0011668,-0.0018533999999999998,0.0039102,-0.00014260000000000032,-0.0056471999999999998,0.0052608000000000004,0.0051196000000000002,-0.0048415999999999997,0.0030384000000000001,-0.0049741999999999998,-0.0028109999999999997,-0.0059442000000000002,-0.0017467999999999997,0.0067786000000000001,-0.00089800000000000079,0.0032430000000000002,-0.0075078000000000002,-0.007850600000000001,-0.015759200000000001,0.0035510000000000008,-0.0078473999999999992,0.0084682000000000004,-0.0011914,0.0078338000000000001,0.0015599999999999993,-0.014501799999999999,-0.0010151999999999997,0.0068100000000000001,0.0085043999999999988,0.0033168000000000004,0.0186248,-0.015827399999999998,0.0014536,-0.037880199999999996,0.007759799999999999,-0.0058431999999999989,-0.0033882000000000009,0.0187336,-0.00060080000000000029,-0.0016197999999999998,-0.0016191999999999997,0.00094260000000000004,-0.0067846,-0.00096100000000000005,0.0020918000000000004,-0.0015306,-0.0037448,0.00012159999999999987,-0.00083900000000000034,-0.00076679999999999977,0.0027562000000000003,-0.0048218000000000002,0.0043873999999999996,-0.0040810000000000013,-0.0013217999999999997,0.0017403999999999998,-0.0019532000000000004,-0.00069640000000000001,0.0075594000000000008,-0.0010464000000000003,0.0012832,-0.0019780000000000002,-0.0010302000000000006,0.0051383999999999996,-0.0066936000000000009,0.0045241999999999999,0.0091699999999999993,7.8400000000000063e-05,0.00073180000000000001,0.0082383999999999999,-0.0074490000000000008,-0.0066644,-0.0014892000000000004,0.0096258000000000003,0.0036633999999999998,-0.00052240000000000012,-0.0003472000000000002,0.0035122,0.0021852000000000004,-0.0051172000000000006,-0.0033062000000000005,-0.0085772000000000001,0.0086882000000000001,-0.0035874000000000001,0.0095191999999999985,-0.015696399999999999,0.0047466000000000001,-0.0039615999999999991,-0.0063136000000000008,-0.0092379999999999997,0.0018506,-0.0015382,-0.001807,-0.0015132000000000001,0.0024474000000000006,-0.0029892,0.0011265999999999997,-0.0007363999999999999,0.00012399999999999998,-0.0013387999999999998,0.0024835999999999999,0.0033510000000000002,0.00046199999999999995,0.00050699999999999996,-0.0013722000000000001,0.0011411999999999998,2.219999999999995e-05,0.0034770000000000005,-0.0043704,8.279999999999979e-05,-0.00041580000000000013,0.0022742000000000001,-0.00071100000000000004,-0.0084070000000000013,0.0018098000000000001,-0.0042372,-0.0037577999999999999,-0.00095140000000000014,0.0053448000000000002,0.0032443999999999997,0.007739600000000001,0.0020068000000000004,-0.00081420000000000017,-0.0014976000000000002,-0.00023139999999999988,0.0094484000000000009,-0.0028525999999999998,0.0050855999999999991,0.0044462,0.0036564000000000006,-0.0043292000000000001,-0.0038030000000000004,-0.004261,0.0040856,-0.00298,-0.0050744000000000006,0.00044359999999999929,-0.0016311999999999998,0.0010279999999999998,-0.0020933999999999996,-0.0050798000000000006,-3.199999999999991e-05,0.0061843999999999996,-0.0020084000000000005,-0.0077308000000000012,-0.017162,0.0030031999999999997,-0.00021460000000000001,0.0008387999999999999,0.0014201999999999999,0.0016819999999999999,0.0027836000000000002,-0.0024552000000000003,0.0010026,0.0010369999999999999,-0.0030397999999999996,0.0010928000000000001,-0.00066860000000000021,-0.0030045999999999996,0.002209,-4.3599999999999976e-05,-0.00036459999999999992,0.0021702000000000002,-0.0019610000000000001,-0.0010746000000000004,-0.0011902,-0.0034856000000000002,0.0020570000000000002,-0.0021498000000000008,0.00066900000000000011,0.00065119999999999978,-0.00026899999999999992,0.0037324000000000003,0.0014982000000000001,-0.0015712,-0.00072019999999999983,-0.00030520000000000005,-0.0011404,0.00085379999999999983,-0.0034184000000000003,0.00048479999999999986,-0.00016479999999999999,-9.5200000000000037e-05,-0.00052960000000000008,0.0038146,0.00011779999999999994,-0.0036000000000000008,0.0038439999999999998,-0.0012336000000000001,0.0017556,-0.0018450000000000003,0.0024138000000000002,0.0017312,-0.00059000000000000003,0.0019797999999999999,-0.0012232,-0.0068988000000000001,0.0013674000000000004,0.0064127999999999998,-0.0072168000000000006,0.0084709999999999994,-0.0067755999999999997,-0.0019043999999999997,-0.00033379999999999966,0.0036039999999999996,0.0042316000000000003,2.2800000000000554e-05,0.0090565999999999997,0.0032896000000000002,-0.0011697999999999999,0.0020425999999999999,0.0016512,-0.00036160000000000012,0.00095260000000000006,-0.0030496000000000004,0.0033628000000000009,0.00019979999999999992,-0.00035380000000000003,0.0012085999999999998,-0.0026550000000000002,-0.0012748000000000002,0.00032640000000000002,-0.00017020000000000032,0.00020920000000000015,0.0019224000000000001,-0.0015606000000000003,0.00058200000000000005,0.00033719999999999996,0.0024542000000000001,0.0016044000000000002,-0.001305,-0.0014662000000000004,-0.0012446000000000002,-0.0015132000000000001,-0.0015146000000000001,0.0022068000000000001,-0.0035144,0.0032028000000000004,-0.0010961999999999999,-0.00050180000000000016,-0.0017014,-0.0042787999999999993,0.0040934000000000005,0.0030368000000000001,-0.0018628,0.0021610000000000002,0.0027849999999999997,-0.0034911999999999999,0.0045872000000000005,-0.0026138000000000003,-0.0028416000000000005,0.00089040000000000018,-0.0023821999999999997,0.0029098000000000006,-0.00078439999999999988,-0.00077899999999999985,-0.0031722,0.0031922000000000001,-0.0022922000000000003,0.0017373999999999998,-0.0038728,0.00070159999999999992,0.0070056000000000007,-0.0044846,0.0028846000000000002,0.0012584,-0.00050359999999999977,0.00028320000000000016,0.0074865999999999995,0.00083699999999999985,0.0040387999999999995,-0.0037756,0.0030320000000000004,-0.00044319999999999993,-0.0046088000000000006,-0.00095460000000000076,-0.009440200000000001,0.0017942000000000001,-0.0012677999999999999,0.00033579999999999998,-0.00098280000000000004,-0.00075160000000000005,0.00034720000000000004,-0.00045900000000000004,-0.00039080000000000012,-0.00072420000000000004,0.00099120000000000002,-0.00097600000000000009,-0.0024935999999999999,0.0008832,-0.00080040000000000005,0.00048559999999999977,0.0020172000000000002,-0.00012279999999999989,0.0015153999999999999,-0.0017791999999999999,0.0019444000000000002,0.00035060000000000001,-0.0011655999999999999,-0.00045080000000000001,0.00062239999999999995,-0.002627,0.0030144,0.00037419999999999999,-0.0031148,0.0018296,-0.00021100000000000003,-0.0013303999999999998,-0.003088,-0.0012910000000000003,-0.0022703999999999997,0.0010590000000000003,-0.00018120000000000007,0.00075099999999999993,0.00014160000000000008,-0.0012620000000000001,0.0029478,-0.0036554000000000005,-0.0021650000000000003,0.00045359999999999991,-2.8000000000000681e-06,0.00035479999999999995,0.0022694,-0.00011999999999999999,0.0020414000000000001,-0.00090659999999999992,-0.0040029999999999996,0.0011334000000000001,-0.0012944000000000002,-0.00049719999999999994,0.0018962,0.0026454000000000004,0.0016763999999999998,0.0027904000000000002,-0.0025004000000000003,0.00017759999999999987,0.000281,-0.0021647999999999997,0.0023872000000000008,-0.003725,0.005086600000000001,5.5599999999999834e-05,0.00086160000000000056,-0.0029143999999999997,0.00035099999999999986,0.0019893999999999997,-0.003441,0.00077799999999999994,0.0057795999999999993,-0.0061365999999999999,0.0023284,-0.0027176000000000006,-0.0069367999999999999,0.0024123999999999994
aug_between_class_right_pair0075_child08,TLE,1,1,Augmented,0,0,0,0,0,0.28398129999999999,2.1084404999999999,-9.9999999999999995e-07,-2.7999999999999999e-06,-8.9999999999999975e-07,0.94818789999999997,0,0.055471900000000005,-0.13287549999999998,0.002820099999999999,0.1028805,-0.14461480000000002,0.084798799999999994,-0.053141199999999993,0.011148699999999998,-0.0080090999999999982,-0.081162399999999996,0.34222389999999997,-0.052697800000000003,-0.030718000000000006,0.069148600000000005,-0.043857300000000002,-0.033094900000000003,-0.0015275999999999998,-0.049293799999999999,0.017203100000000002,0.010880999999999998,-0.038271699999999999,-0.0103803,-0.078719299999999992,-0.0035966000000000019,0.064940500000000012,-0.035120600000000002,0.0023627999999999982,0.027469600000000004,-0.060005499999999996,0.023560600000000001,-0.0850191,-0.0044191000000000022,0.076145699999999997,-0.0179934,0.1973347,-0.0518664,0.0019033999999999987,-0.0060202000000000007,-0.013996499999999999,0.0018645999999999992,-0.0019645999999999995,0.031497400000000002,-0.00067450000000000019,-0.012401300000000001,-0.0080189999999999984,-0.014637299999999999,0.019954200000000002,0.024529600000000002,0.019935100000000001,0.0041582999999999985,-0.028751200000000005,-0.00040780000000000026,0.019752599999999999,-0.036458800000000006,-0.0054630000000000008,0.0160503,0.0048993000000000005,0.023092399999999999,-0.09438160000000001,-0.0135058,-0.035740100000000004,0.021893700000000002,-0.00025210000000000163,0.0051179000000000007,-0.0017259,0.011866700000000001,0.0081455,0.0082752999999999993,-0.0046027000000000004,0.0093293000000000004,0.0033441999999999999,-0.0088023999999999984,-0.0011495999999999998,0.0091491000000000003,-0.012989199999999999,0.0023224000000000005,0.0058263999999999998,0.0085135999999999996,-0.013802600000000002,-0.0067946000000000005,0.021276300000000001,-0.0118832,-0.0031320000000000002,-0.012163500000000001,-0.019159099999999998,0.0131497,-0.0233463,0.0032318,0.0121466,-0.0044787000000000004,0.0012149000000000001,0.011074199999999999,-0.0113904,0.0064451000000000005,-0.012580599999999999,0.0094030999999999993,0.0032198000000000001,-0.0028852000000000001,-0.0072748999999999999,0.0102658,0.0025337000000000007,-0.0023886000000000003,-0.0040420999999999999,0.0014179000000000001,-0.0037288999999999998,-0.0024115999999999999,0.0081361000000000003,0.013321300000000001,0.0015922000000000002,-0.0015019999999999999,0.0065626,-0.010915099999999999,-0.0019805000000000001,-0.012135,0.022041999999999999,-0.0065810999999999995,-0.0042725999999999997,-0.0012942000000000006,-0.0031097,-0.00036359999999999995,-0.0097129999999999994,-0.0022197000000000002,0.0035558999999999994,0.010057400000000001,-0.016251600000000005,-0.0065051000000000006,-0.029248600000000003,-0.0023508999999999995,-0.0102851,0.015293600000000004,-0.0054798999999999994,0.0073348000000000016,0.012543100000000003,-0.010938,-0.0068757000000000002,-0.0020398999999999999,0.0027228,-0.003025400000000001,0.0041647999999999998,-0.00058,7.4599999999999753e-05,0.0012218999999999999,-0.0015801999999999999,0.0044381000000000004,-0.00045580000000000035,-0.0058501000000000004,0.0057269,0.0053233000000000004,-0.0046908000000000002,0.0034016999999999997,-0.0053596,-0.0033035,-0.0050620999999999999,-0.0013964000000000003,0.0066248000000000001,-0.0019315000000000005,0.0034605000000000005,-0.0076578999999999996,-0.0083998000000000007,-0.016620599999999999,0.0047060000000000001,-0.0074906999999999994,0.009227100000000002,-0.0011616999999999999,0.0066153999999999996,0.0012855000000000002,-0.014514900000000001,-0.00067409999999999974,0.0072199999999999999,0.0087302000000000005,0.0038839000000000005,0.019656400000000001,-0.017327200000000001,0.00082180000000000013,-0.038776600000000001,0.0083833999999999992,-0.0054860999999999998,-0.0047536000000000011,0.017861800000000001,-0.0012104000000000001,-0.0014754,-0.0015996000000000003,0.00094379999999999985,-0.0073243000000000006,-0.0011440000000000001,0.0022109000000000005,-0.0015533000000000001,-0.0039524,-6.7700000000000182e-05,-0.001415500000000001,-0.00049189999999999998,0.0036131000000000002,-0.0054869000000000003,0.0046851999999999996,-0.0043909999999999999,-0.0012408999999999999,0.0021722000000000004,-0.0025206000000000004,-0.00035870000000000021,0.0080967000000000001,-0.0014112000000000005,0.0017775999999999998,-0.0018134999999999998,-0.0017086000000000007,0.0055542000000000005,-0.0069642999999999988,0.0045491000000000004,0.0088570000000000003,0.00021370000000000004,0.00072189999999999993,0.0086397000000000002,-0.0081669999999999989,-0.0061181999999999999,-0.0014816,0.0095639000000000002,0.0034627,-0.00057220000000000036,-0.00050609999999999978,0.0036161000000000001,0.0030016000000000005,-0.0054811000000000018,-0.0036181,-0.0087841000000000013,0.0087516,-0.0038472000000000007,0.0095710999999999991,-0.0156407,0.0054003000000000002,-0.0033318000000000002,-0.0062723000000000006,-0.0094470000000000005,0.0018732999999999998,-0.0016006,-0.0021465,-0.0013391,0.0027787000000000003,-0.0033581000000000006,0.0010397999999999998,-0.00060319999999999992,9.8499999999999955e-05,-0.0011233999999999999,0.0025768000000000002,0.0035175000000000002,0.00040949999999999992,0.00036149999999999995,-0.0016581,0.00094110000000000005,-7.1400000000000028e-05,0.0040725000000000006,-0.0042626999999999995,-0.00013610000000000011,-0.00022389999999999997,0.0021435999999999998,-0.0010684999999999998,-0.0089800000000000019,0.0020124000000000001,-0.0049706000000000004,-0.0038848999999999997,-0.0011941999999999999,0.0055823999999999995,0.0031561999999999996,0.0080843000000000009,0.0022029000000000003,-0.00097210000000000005,-0.0017017999999999998,1.1300000000000004e-05,0.010149200000000001,-0.0033802999999999993,0.0057143000000000003,0.0051565999999999999,0.0037352000000000002,-0.0041730999999999999,-0.0039990000000000008,-0.0045184999999999999,0.0040477999999999998,-0.0029855000000000003,-0.0057047000000000009,0.0014277999999999999,-0.0014681,0.0016809999999999998,-0.0022237000000000003,-0.0052204,0.00025949999999999997,0.0065652000000000002,-0.0022852000000000003,-0.007604900000000003,-0.0173565,0.0030315999999999997,-0.00037830000000000003,0.00085590000000000004,0.0014285999999999999,0.0015835000000000001,0.0030833000000000002,-0.0025931000000000001,0.0010753,0.00107,-0.0030188999999999997,0.0013324000000000001,-0.0010038,-0.0030077999999999997,0.0022650000000000001,-6.9800000000000016e-05,-0.00018429999999999993,0.0025606000000000001,-0.0020295000000000001,-0.0016027999999999999,-0.0012831000000000001,-0.0036188000000000001,0.0024360000000000002,-0.0023804000000000004,0.00079650000000000012,0.0006370999999999996,-0.00024900000000000009,0.0039642000000000002,0.0017045999999999999,-0.0015076,-0.00094059999999999988,-9.4600000000000023e-05,-0.0012207000000000001,0.00060190000000000005,-0.0036077000000000001,0.00021289999999999981,-0.00010589999999999999,-0.00011259999999999992,-0.00056630000000000005,0.0038022999999999998,-6.9600000000000065e-05,-0.0039180000000000005,0.0042899999999999995,-0.0014367999999999998,0.0017968000000000001,-0.0019280000000000002,0.0024534000000000001,0.0019536000000000002,-0.0006535,0.0023638999999999999,-0.0010576000000000001,-0.0069969000000000003,0.0019392000000000001,0.0067964000000000002,-0.0078653999999999998,0.0092464999999999978,-0.0075847999999999992,-0.0018307000000000002,0.00021160000000000026,0.0039575000000000001,0.0033413000000000002,0.00045640000000000025,0.0088278000000000002,0.0028348000000000002,-0.00059889999999999943,0.0022968000000000003,0.0019215999999999999,-0.00047280000000000022,0.0010253,-0.0033483000000000002,0.0035734,0.00015440000000000001,-0.00042989999999999999,0.0012287999999999999,-0.0029715000000000002,-0.0013594,0.00047120000000000018,-0.00062210000000000011,0.00040660000000000013,0.0019437000000000002,-0.0018658000000000004,0.00062250000000000011,0.00052109999999999982,0.0024656000000000001,0.0018542000000000001,-0.0012800000000000001,-0.0016256,-0.0012022999999999999,-0.0016601000000000001,-0.0012473,0.0024644000000000003,-0.0037412000000000001,0.0037489000000000003,-0.0011151000000000002,-0.00066990000000000018,-0.0017807000000000001,-0.0045474000000000001,0.0043547000000000004,0.0033433999999999998,-0.0020548999999999997,0.0024615000000000001,0.0024675000000000001,-0.0036896000000000003,0.0048011,-0.0028458999999999997,-0.0032248000000000003,0.00075570000000000021,-0.0025026000000000002,0.0033933999999999995,-0.0005392000000000001,-0.00059999999999999995,-0.0038370999999999995,0.0031570999999999995,-0.0022131,0.0015822,-0.0042548999999999998,0.00051279999999999989,0.0073133000000000009,-0.0046213000000000001,0.0031323000000000002,0.0012456999999999998,-0.00010479999999999995,0.00051360000000000002,0.0084212999999999996,0.00041750000000000012,0.0042103999999999996,-0.0037748,0.0035040000000000002,-2.4099999999999989e-05,-0.0047074000000000005,-0.0015082999999999997,-0.010256599999999999,0.0021456000000000001,-0.00098189999999999996,0.00023890000000000001,-0.0011694000000000001,-0.00083480000000000002,0.00054359999999999999,-0.00050399999999999989,-0.0004994000000000001,-0.00079509999999999997,0.0011115999999999999,-0.0012360000000000003,-0.0024517999999999996,0.0010100999999999999,-0.00091870000000000048,0.00031679999999999979,0.0020631,3.0600000000000039e-05,0.0013932,-0.0018411,0.0020837000000000004,0.00038430000000000002,-0.0015147999999999997,-0.00045140000000000002,0.00053919999999999988,-0.0028419999999999999,0.0032807000000000001,0.00041260000000000005,-0.0030449000000000001,0.0017388,-0.00025549999999999998,-0.0013141999999999997,-0.0032134999999999998,-0.0016000000000000003,-0.0022177,0.0011075,-0.00023610000000000005,0.00064700000000000001,0.00012529999999999996,-0.0012759999999999998,0.0034413999999999998,-0.0040651999999999997,-0.0022890000000000002,0.0002543,-7.9899999999999991e-05,0.00032640000000000002,0.0021172000000000001,-0.00019399999999999995,0.0021632000000000001,-0.00076929999999999978,-0.0042089999999999992,0.0013286999999999999,-0.0015347000000000002,-0.00046909999999999996,0.0018201000000000001,0.0030307000000000008,0.0015811999999999998,0.0030517000000000001,-0.0025787000000000002,0.00012379999999999997,0.00057599999999999991,-0.0022678999999999998,0.0025061000000000003,-0.0040415,0.0056053000000000006,0.00019230000000000007,0.0015248000000000006,-0.0036932000000000002,0.00040300000000000004,0.0019806999999999997,-0.0037430000000000002,0.00089599999999999999,0.0059402999999999999,-0.0066458000000000003,0.0027491999999999998,-0.0027818000000000001,-0.0065699,0.0025566999999999994
aug_between_class_right_pair0076_child05,TLE,1,1,Augmented,0,0,0,0,0,0.29914079999999998,1.9506992000000001,1.3999999999999999e-06,-9.9999999999999995e-07,9.9999999999999995e-07,0.89290840000000005,0,0.042101199999999998,-0.1160756,0.037045799999999997,0.13525039999999999,-0.093858400000000008,0.073096599999999998,-0.0082494000000000005,-0.021755399999999998,-0.0014182000000000014,-0.12128180000000001,0.30978440000000002,-0.09600220000000001,0.044669600000000004,0.070691199999999996,0.0049278000000000013,-0.023196599999999998,0.00030659999999999975,-0.039394800000000001,0.023814800000000001,0.035628800000000002,-0.054047200000000004,0.0136066,-0.079721800000000009,0.0071388000000000007,0.051020200000000002,-0.039527800000000002,0.029986999999999996,0.0072172,-0.039273200000000001,0.047706799999999994,-0.024097400000000001,-0.068739800000000004,0.085030599999999998,-0.060545600000000005,0.1720604,-0.047434999999999998,0.0045572,-0.0103864,-0.0030024000000000006,-0.023046999999999998,0.0051885999999999998,0.042189999999999998,-0.0030312000000000008,-0.0044645999999999991,-0.017404199999999998,-0.0143506,0.025180399999999999,0.032711199999999996,0.0124718,0.017858600000000002,-0.0126762,-0.00037459999999999994,0.0071348000000000002,-0.0391004,0.0036040000000000004,-0.0002138000000000001,0.0083946000000000003,0.033570000000000003,-0.099171200000000001,0.0044849999999999994,-0.021894200000000003,-0.0086986000000000008,0.0041370000000000001,-0.0023935999999999996,-0.0014863999999999999,0.0147996,0.0035307999999999997,-0.011018200000000001,-0.011410400000000001,0.0028169999999999992,0.0089268000000000004,-0.0065029999999999992,0.0145542,0.0039690000000000003,-0.0104984,0.0058288000000000003,-0.0039077999999999995,-0.0075026000000000025,-0.0081893999999999995,-0.0019113999999999989,0.022836200000000001,-5.5600000000002869e-05,-0.0039095999999999992,-0.020558199999999999,-0.0087616000000000013,0.012399200000000001,-0.011426199999999999,0.0032560000000000002,0.0099108000000000009,0.00020659999999999949,0.0087200000000000003,0.010962800000000002,-9.4400000000000126e-05,0.0054264000000000014,-0.0082097999999999997,0.011552,-0.0011694000000000001,-0.00090560000000000011,-0.0027832,0.0070157999999999991,-0.0062464000000000009,-0.0090384000000000003,-0.0058928000000000001,0.0086861999999999981,-0.0025528000000000005,-0.0032362000000000003,0.0069331999999999996,0.0055819999999999993,0.0033582,0.0017403999999999998,0.0070626000000000005,-0.0016316000000000004,0.00012800000000000094,-0.013081599999999999,0.0101834,-0.0048483999999999992,0.0023917999999999995,0.0131234,-0.0016691999999999998,0.0094830000000000018,-0.0056014000000000003,-0.0091272000000000002,0.0011723999999999997,0.0092153999999999986,-0.0056059999999999999,0.0073997999999999989,-0.012669,-0.0063225999999999994,-0.013862999999999997,-0.013450800000000001,0.008005,0.0055444000000000005,0.0044302000000000013,-0.0076157999999999998,-0.0025929999999999998,-0.0023491999999999996,0.0044816000000000005,0.00022279999999999997,-0.00029499999999999926,0.0046081999999999998,-0.0014959999999999999,0.0026961999999999997,-0.0018245999999999998,0.0074964000000000003,-0.0015832000000000003,0.0024613999999999999,0.0027902000000000001,-0.00087139999999999982,-2.9600000000001587e-05,-0.0024467999999999998,-0.0039931999999999997,0.00075500000000000025,0.00010340000000000002,-0.0048755999999999999,0.0093363999999999999,0.00091779999999999987,-0.0032052000000000005,-0.0052946,-0.0066119999999999998,-0.010851599999999999,-0.00052660000000000011,-0.0021495999999999998,0.0113496,-0.0038594000000000002,0.0030138000000000005,0.0030600000000000007,-0.012460799999999999,0.0029569999999999996,0.0069786000000000006,-0.0020480000000000003,0.0041687999999999994,0.0035635999999999997,-0.0036135999999999998,-0.0063569999999999998,-0.015845000000000001,0.0071313999999999995,0.002673,-0.0047410000000000004,0.015318999999999999,-0.00023680000000000033,-0.00086040000000000021,0.00035080000000000007,7.2200000000000129e-05,-0.0019795999999999998,0.0048494000000000002,-0.0031248000000000001,0.0027162000000000002,-0.0071562000000000014,-0.0031359999999999999,0.0042062000000000002,-0.0011559999999999999,-0.0023543999999999995,0.0014613999999999999,-0.0014047999999999999,-0.0019356,-0.0039754000000000005,0.0052170000000000003,-0.00018739999999999989,-0.00025260000000000018,0.0014412000000000001,0.0081526000000000012,-0.0066276,0.00061279999999999972,0.006842,0.0041235999999999998,0.0029604000000000002,0.0014298000000000002,-0.001387199999999999,-0.0026441999999999998,0.00021320000000000009,-0.0022062000000000002,0.0035529999999999993,-6.7599999999999692e-05,0.0053109999999999997,0.0022858000000000002,-0.0052821999999999999,-0.003813,0.0030834,0.0042824000000000004,-0.0037346000000000002,0.0068008000000000009,0.0038839999999999994,0.0048766,0.0043861999999999998,-0.0030607999999999998,0.0034778000000000001,-0.014497800000000002,0.0072696000000000011,-0.015865600000000001,-0.00074860000000000031,-0.0024984,0.0028523999999999997,-0.0026877999999999997,-0.0021753999999999996,0.00066419999999999999,-0.0043265999999999999,0.0011940000000000004,-0.0017921999999999999,0.00038699999999999992,-0.00018120000000000007,0.00045079999999999947,-0.0024480000000000001,0.0017306000000000001,-0.0012773999999999999,-0.003764,-0.00073180000000000012,0.0043001999999999997,0.00050400000000000011,0.0028725999999999999,0.0013224000000000001,0.00039320000000000002,-0.0019207999999999996,-0.00088260000000000009,0.0033322000000000004,-0.0043562000000000002,0.0049094000000000004,0.0021776,-0.0011233999999999997,-0.00094440000000000008,0.0046947999999999998,-0.0013598000000000002,0.0017664,-0.00047499999999999994,0.00020040000000000032,-0.0029708,0.0016131999999999995,0.0058632000000000007,0.0013001999999999996,-0.0017036000000000002,-8.819999999999965e-05,0.0025883999999999994,-0.002954,0.00052780000000000014,-0.0035054000000000005,0.0031434000000000002,0.00046540000000000036,0.00072439999999999994,0.0022584000000000003,-0.00088560000000000006,-0.0036129999999999999,0.00016660000000000047,-0.0014785999999999998,-0.00032940000000000096,0.0088165999999999991,-0.00034459999999999981,0.0048409999999999998,-0.0025187999999999999,0.0040206,-0.0014153999999999998,0.0010576000000000001,0.0025660000000000001,-0.00078420000000000009,-0.001214,-9.6000000000000111e-05,-0.00034720000000000009,0.0049855999999999998,-0.00024940000000000004,-0.0013044000000000003,0.0023181999999999999,-0.0023841999999999999,-0.0011955999999999998,0.0010985999999999999,0.0015256,0.0030216000000000006,-0.0012384000000000002,0.00063560000000000005,-0.00022240000000000004,-0.0010020000000000001,-0.00036980000000000004,0.0036606,-0.0017903999999999999,-2.7999999999998512e-06,-0.0027620000000000006,0.00010620000000000009,-0.0017226000000000001,0.00042980000000000015,-0.0015612,-0.0019957999999999998,-0.00083739999999999954,-0.0026768,-0.0051278000000000001,-0.00057839999999999996,0.00094280000000000004,-0.0014667999999999999,0.0007762,0.0010157999999999999,0.0013828,0.0029156,0.0016153999999999999,0.00064879999999999994,0.0042088000000000004,-0.0032543999999999993,0.0011111999999999997,-0.0015306000000000004,9.9799999999999932e-05,-0.001016,-0.0022995999999999997,0.0019448000000000013,0.0029870000000000001,0.0013630000000000001,-0.0060559999999999998,0.0009890000000000003,-0.0039463999999999992,-0.00051720000000000021,-0.0028159999999999999,0.0021614,0.01282,-0.00059300000000000021,0.0068157999999999995,-0.0030600000000000011,-0.0049611999999999998,-0.00079179999999999984,0.0020627999999999996,0.0014880000000000002,-0.0010676000000000001,-4.0999999999999967e-05,-0.00095279999999999996,0.00010819999999999992,-0.0013167999999999999,-0.0009999999999999998,-0.00051920000000000004,0.0005398,-0.00052760000000000003,0.00049339999999999996,0.0033216000000000001,-0.0010851999999999999,-0.0022038000000000001,-0.0002834,0.00015919999999999997,-0.00097040000000000017,0.0010169999999999999,-0.001407,0.0013481999999999999,-0.00084559999999999995,-0.0016762000000000001,-0.0018862000000000002,-0.00055020000000000004,0.0014904000000000002,0.00076079999999999995,0.00065379999999999995,-0.0015468000000000001,0.00070480000000000011,-0.00034799999999999989,0.00021799999999999999,-0.0018231999999999999,-0.00089760000000000003,0.0020423999999999998,0.00059880000000000003,-0.0013756000000000003,0.0022426,0.0012980000000000001,-0.0012928,-0.0010752000000000001,-0.0036256000000000001,0.00045120000000000002,0.00053940000000000021,-0.00095139999999999992,-0.00098299999999999993,0.0025037999999999996,0.0010034,0.0028705999999999996,-0.0047307999999999994,-0.00069199999999999991,0.0043140000000000001,-0.0024486000000000004,0.0024616,0.0026961999999999997,-0.00042560000000000042,0.0024718000000000001,-0.0011023999999999999,-0.0019672000000000005,0.0043353999999999997,-0.0016991999999999999,0.0052405999999999989,-0.0049286,-0.0026134000000000001,0.0019567999999999999,0.00060800000000000025,-0.0026191999999999999,-0.0035374,0.00090399999999999996,-0.00090960000000000021,-0.0005886,0.0012402000000000003,0.0012648,0.0013482000000000004,0.00035979999999999996,-0.0020328,0.00046100000000000004,-0.00040459999999999997,-0.0006378,-0.00054500000000000002,5.7399999999999877e-05,-0.00042339999999999999,-3.1000000000000198e-05,-0.0010084,0.00071619999999999995,0.0014184,-6.7600000000000071e-05,-0.00011820000000000027,0.001132,-0.00040280000000000003,-0.00073739999999999993,0.0020353999999999997,0.0021367999999999999,-0.0002006,-0.00079060000000000024,-0.00048740000000000003,0.00056759999999999992,-0.00077719999999999981,-0.00057280000000000015,0.0013729999999999997,-0.00058100000000000003,-0.00076780000000000012,0.0016578000000000003,0.00092860000000000013,-0.00059619999999999996,-0.00058699999999999996,-0.00086580000000000001,-0.0022738000000000003,0.0015852000000000002,0.0012908000000000004,0.0028124000000000001,0.00077800000000000005,-0.0017346000000000002,0.0017202000000000003,-0.0021294,-0.00017820000000000005,-0.0011402000000000001,-0.00057459999999999998,0.0011396000000000002,0.0016654,0.0018319999999999999,-0.00052319999999999992,-0.0024435999999999998,4.2399999999999946e-05,0.00099179999999999993,0.00063839999999999969,0.0010933999999999998,0.0015888000000000002,0.0012265999999999998,0.00064440000000000005,-0.0019048000000000001,-0.0041782,0.0034336000000000002,0.00099099999999999969,0.0013436000000000001,0.00013840000000000022,0.00068959999999999996,0.0046275999999999991,-0.0039344000000000002,-0.00022819999999999999,0.0019925999999999998,0.00014919999999999994,-0.00054440000000000001
aug_between_class_right_pair0076_child06,TLE,1,1,Augmented,0,0,0,0,0,0.2919641,1.9677774000000001,1.3000000000000003e-06,-9.9999999999999995e-07,9.9999999999999995e-07,0.90179430000000005,0,0.041129399999999997,-0.1176927,0.037770600000000001,0.13353080000000001,-0.093263800000000008,0.069844699999999996,-0.0078813000000000008,-0.018956300000000002,-0.0030963999999999992,-0.1234541,0.31144230000000001,-0.10339240000000001,0.052215700000000004,0.072760400000000003,0.003145600000000001,-0.023014699999999999,0.00061869999999999937,-0.040120099999999999,0.0217456,0.035005599999999998,-0.053948400000000001,0.0144727,-0.082321599999999995,0.0057611000000000008,0.050984399999999999,-0.038967100000000005,0.029883,0.0074129,-0.0383294,0.050111099999999999,-0.024808799999999999,-0.067232100000000003,0.085064200000000006,-0.058535700000000003,0.17175280000000001,-0.045662500000000002,0.0054733999999999998,-0.0106663,-0.0027883000000000005,-0.023214499999999999,0.0060802000000000009,0.044498000000000003,-0.0019619000000000008,-0.0058891999999999989,-0.019767399999999997,-0.015132199999999998,0.027190300000000001,0.031548899999999998,0.014015099999999999,0.015575700000000001,-0.011276400000000001,-0.0010922000000000002,0.0061960999999999995,-0.038469299999999998,0.0024645000000000001,0.0015723999999999996,0.0086526999999999993,0.035717499999999999,-0.10362239999999999,0.0036069999999999991,-0.025897400000000001,-0.0087301999999999987,0.0029815000000000006,-0.0021197,-0.0015892999999999999,0.015408199999999999,0.0031170999999999998,-0.011628899999999998,-0.010979300000000001,0.0028240000000000001,0.0092481000000000004,-0.0070514999999999996,0.015733900000000002,0.0033420000000000004,-0.010200799999999999,0.0054705999999999999,-0.0047390999999999996,-0.0076902000000000003,-0.0084267999999999999,-0.0007342999999999985,0.024096399999999997,-0.00060920000000000071,-0.0048951999999999989,-0.021277899999999999,-0.0084127000000000004,0.012112899999999999,-0.011668899999999999,0.0051510000000000011,0.0092691000000000006,7.699999999999374e-06,0.0080780000000000001,0.0090890999999999993,0.00075869999999999974,0.004757299999999999,-0.0052325999999999996,0.012565,-0.0014293000000000001,-0.00048670000000000007,-0.0022668999999999996,0.0076076000000000008,-0.0071662999999999996,-0.0077593000000000002,-0.0063985999999999991,0.0095798999999999988,-0.0019801000000000007,-0.0029974000000000003,0.0068593999999999999,0.0050144999999999999,0.0025794000000000004,0.0021707999999999996,0.0074231999999999996,-0.0014577000000000001,-0.00015049999999999916,-0.012660200000000002,0.0099628000000000008,-0.0053432999999999996,0.0026511,0.013221799999999999,-0.0017354,0.0083875000000000009,-0.0055468000000000002,-0.0098274,0.00091129999999999857,0.0092192999999999997,-0.0048774999999999999,0.0077670999999999999,-0.013062000000000001,-0.0069806999999999994,-0.015019499999999998,-0.013804100000000001,0.0096235000000000001,0.0060013000000000002,0.0049874000000000003,-0.0074801000000000008,-0.0028855,-0.0028773999999999996,0.0047457000000000003,0.00030210000000000002,-0.0012089999999999996,0.0049243999999999998,-0.0018709999999999998,0.0028468999999999994,-0.0027096999999999998,0.0072742999999999992,-0.0017284000000000002,0.0026167999999999999,0.0034229,-0.00037730000000000001,0.0014117999999999982,-0.00095710000000000055,-0.0038158999999999997,0.0015144999999999996,-0.00019319999999999928,-0.0044827000000000001,0.0093308000000000002,0.00066909999999999973,-0.0036659000000000006,-0.0053892000000000002,-0.0062000000000000006,-0.0117127,0.0002117999999999994,-0.0016766999999999997,0.011891200000000001,-0.0051748000000000002,0.0036275999999999999,0.0020355000000000004,-0.013917599999999999,0.0029915000000000002,0.0065727000000000008,-0.0016735000000000003,0.0043525999999999999,0.0035647000000000001,-0.0039706999999999998,-0.0070889999999999998,-0.016439000000000002,0.0086087999999999998,0.0021080000000000005,-0.0036765000000000005,0.0147545,0.00089389999999999977,-0.00063380000000000034,0.00027660000000000022,9.390000000000006e-05,-0.0019967000000000001,0.0052747999999999996,-0.0030840999999999998,0.0032788999999999995,-0.0074679000000000013,-0.0032845000000000001,0.0040718999999999998,-0.0013034999999999998,-0.0030038,0.0014008000000000002,-0.0014600999999999998,-0.0019992,-0.0038333000000000004,0.0056044999999999992,-0.00063329999999999962,0.00017079999999999981,0.0013264000000000001,0.0081777000000000013,-0.0065062000000000002,0.00055609999999999991,0.0071219999999999999,0.0042832,0.0033642999999999998,0.0018051,-0.0016763999999999989,-0.0019464000000000005,9.0400000000000137e-05,-0.0019509000000000002,0.0036999999999999997,-0.00010420000000000004,0.0055589999999999997,0.0021021,-0.0059638999999999994,-0.0034805000000000001,0.0028993000000000001,0.0049172999999999994,-0.0027367000000000008,0.0067790999999999997,0.004148999999999999,0.0045111999999999999,0.0041838999999999999,-0.0030280999999999997,0.0040561,-0.015250100000000001,0.0073601999999999999,-0.0162122,-0.0009101999999999999,-0.0020988000000000001,0.0030362999999999996,-0.0026005999999999998,-0.0022353,0.00053439999999999998,-0.0047572000000000005,0.00080050000000000021,-0.0018759,0.00070699999999999995,-2.1400000000000086e-05,0.0008581000000000001,-0.0024369999999999999,0.0020276999999999999,-0.0014792999999999998,-0.0042779999999999997,-0.0006106000000000001,0.0045409000000000005,5.8500000000000155e-05,0.0030427000000000002,0.00097580000000000063,0.00043590000000000002,-0.0019046,-0.00072470000000000021,0.0037019000000000002,-0.0040964,0.0050247999999999994,0.0022242,-0.00078530000000000006,-0.0012337999999999997,0.0048706000000000001,-0.0012110999999999999,0.0023182999999999997,-0.00041050000000000006,-9.5699999999999778e-05,-0.0030176000000000001,0.0017208999999999996,0.0063954000000000007,0.0016568999999999998,-0.0016712000000000001,-9.9000000000001864e-06,0.0030922999999999992,-0.0026915000000000003,0.00061760000000000005,-0.0033703000000000006,0.0031178,0.00070680000000000048,0.0012832999999999998,0.0016158000000000001,-0.00026770000000000016,-0.0040155,-0.0003332999999999997,-0.0010956999999999998,0.0011641999999999989,0.0076067000000000001,-0.00063119999999999973,0.0034395000000000003,-0.0028561000000000003,0.0041092000000000004,-0.0018007999999999998,0.0012756999999999998,0.0027575,-0.00068190000000000004,-0.0015449999999999999,-0.00068799999999999981,-0.00030739999999999999,0.0047996999999999996,-0.00054980000000000003,-0.00091930000000000017,0.0024678999999999994,-0.0023048999999999999,-0.0016416999999999998,0.0012607,0.0015072000000000002,0.0026112000000000006,-0.0016593000000000001,0.00080369999999999986,-0.0004757999999999998,-0.0011555000000000001,-0.00037960000000000001,0.0037157000000000002,-0.0014728,7.2399999999999808e-05,-0.0024835,-5.9099999999999864e-05,-0.0019376999999999999,0.00059909999999999998,-0.0019943999999999999,-0.0024031,-0.0014192999999999996,-0.0023816000000000002,-0.0053025999999999993,-0.00060830000000000009,0.0013216,-0.0019626000000000001,0.00070540000000000002,0.0010500999999999996,0.0013760999999999999,0.0030616999999999997,0.0015638000000000002,0.00059310000000000005,0.0045126000000000003,-0.0035737999999999994,0.0011968999999999999,-0.0014032000000000007,0.00046109999999999966,-0.00060550000000000014,-0.0021441999999999998,0.0015791000000000012,0.0028530000000000001,0.00079150000000000021,-0.0061625000000000004,0.00080650000000000036,-0.0038907999999999998,-0.00017190000000000017,-0.0030959999999999998,0.0024282999999999996,0.012956499999999999,-0.00050500000000000013,0.0068206000000000004,-0.0023714999999999995,-0.0053039000000000003,-0.0010565999999999998,0.0020085999999999997,0.0013454999999999999,-0.00095270000000000001,-2.1000000000000023e-05,-0.00069160000000000011,0.00019239999999999985,-0.0012956000000000001,-0.00088000000000000014,-0.0006219000000000001,0.00034860000000000007,-0.00028220000000000014,0.00077379999999999994,0.0035086999999999996,-0.0011849,-0.0021881000000000001,-0.00028380000000000001,0.00021739999999999997,-0.00092829999999999996,0.00093000000000000005,-0.0013025000000000001,0.0014993999999999997,-0.00076419999999999993,-0.0017764,-0.0017224000000000002,-0.00053289999999999989,0.0011683000000000002,0.00059710000000000004,0.00056259999999999991,-0.0013096000000000002,0.00065760000000000005,-0.00060799999999999982,0.00057399999999999986,-0.0022733999999999996,-0.00097720000000000012,0.0024022999999999996,0.00043310000000000006,-0.0012142000000000001,0.0027637,0.0013039999999999996,-0.0011821000000000002,-0.0010489,-0.0037762,0.0004529,0.0006393000000000002,-0.0011137999999999999,-0.00094650000000000008,0.0026061000000000001,0.0011962999999999998,0.0028472000000000003,-0.0049170999999999989,-0.0010034999999999996,0.0042874999999999996,-0.0027171999999999999,0.0026791999999999996,0.0030073999999999995,-3.6700000000000621e-05,0.0028425999999999998,-0.00057880000000000041,-0.0019738999999999998,0.0052192999999999996,-0.0019989000000000001,0.0051451999999999999,-0.0059362,-0.0018573000000000005,0.0024385999999999995,0.00057250000000000009,-0.0026859000000000002,-0.0036678000000000001,0.0010089999999999999,-0.00091219999999999995,-0.00053720000000000005,0.0012259,0.0013205999999999999,0.0011039000000000003,0.00035510000000000001,-0.0020086000000000001,0.00042550000000000004,-0.00024720000000000005,-0.00072459999999999994,-0.00031950000000000023,2.6299999999999935e-05,-0.00053079999999999989,0.00017249999999999975,-0.00094929999999999993,0.00072689999999999994,0.0016592999999999998,5.7299999999999929e-05,0.00015459999999999969,0.00108,-0.00031660000000000005,-0.00090879999999999997,0.0023752999999999999,0.0022745999999999995,-0.00022120000000000017,-0.00095270000000000012,-0.00044130000000000005,0.00061419999999999997,-0.0010393999999999998,-0.00043510000000000011,0.0013134999999999998,-0.00054849999999999994,-0.0007111000000000001,0.0013851000000000002,0.00081519999999999987,-0.00057989999999999995,-0.00062600000000000004,-0.0010360999999999999,-0.0023581000000000001,0.0017999000000000001,0.0015646,0.0027238000000000002,0.00085149999999999983,-0.0018402000000000002,0.0013684000000000003,-0.0021878000000000002,-0.00014340000000000007,-0.0012554,-0.00037170000000000004,0.0010397000000000002,0.0015518000000000001,0.001957,-0.00063839999999999991,-0.0024801999999999997,0.00015929999999999981,0.0011505999999999999,0.0010323000000000001,0.00099930000000000006,0.0018281,0.0014456999999999996,0.00060829999999999999,-0.0019631000000000002,-0.0036434000000000002,0.0032462000000000003,0.0010305000000000002,0.0011087000000000002,-0.00060019999999999919,0.00082120000000000001,0.0039991999999999996,-0.0029718000000000006,-0.00022640000000000003,0.002746199999999999,0.00050289999999999927,-0.00069579999999999989
aug_between_class_right_pair0076_child07,TLE,1,1,Augmented,0,0,0,0,0,0.28478740000000002,1.9848555999999999,1.1999999999999999e-06,-9.9999999999999995e-07,9.9999999999999995e-07,0.91068020000000005,0,0.040157600000000002,-0.11930979999999999,0.038495399999999999,0.13181120000000002,-0.092669200000000007,0.066592799999999994,-0.0075132000000000003,-0.0161572,-0.0047746000000000004,-0.1256264,0.3131002,-0.11078260000000001,0.059761800000000004,0.074829599999999996,0.0013633999999999994,-0.0228328,0.00093080000000000029,-0.040845400000000004,0.019676399999999997,0.0343824,-0.053849599999999997,0.0153388,-0.084921400000000008,0.0043834000000000008,0.050948599999999997,-0.038406399999999993,0.029779,0.0076086000000000001,-0.037385599999999998,0.052515400000000004,-0.025520200000000003,-0.065724400000000002,0.085097800000000001,-0.056525799999999994,0.17144520000000002,-0.043889999999999998,0.0063896000000000005,-0.010946200000000001,-0.0025741999999999996,-0.023382,0.0069718000000000011,0.046806,-0.00089259999999999904,-0.0073138000000000005,-0.0221306,-0.015913799999999999,0.029200200000000003,0.0303866,0.0155584,0.013292799999999999,-0.0098765999999999993,-0.0018098000000000007,0.0052574000000000006,-0.037838199999999995,0.0013249999999999994,0.0033586000000000006,0.0089108000000000017,0.037865000000000003,-0.10807359999999999,0.0027289999999999988,-0.029900600000000003,-0.0087617999999999984,0.0018259999999999995,-0.0018457999999999999,-0.0016921999999999998,0.016016800000000001,0.0027034000000000003,-0.0122396,-0.010548200000000001,0.0028310000000000002,0.0095694000000000005,-0.0075999999999999991,0.016913600000000001,0.002715,-0.0099032000000000009,0.0051123999999999996,-0.0055703999999999979,-0.0078778000000000008,-0.0086642000000000004,0.00044280000000000187,0.0253566,-0.0011628000000000003,-0.0058808000000000003,-0.021997599999999999,-0.0080637999999999994,0.0118266,-0.0119116,0.0070460000000000002,0.0086274000000000003,-0.00019119999999999901,0.0074359999999999999,0.0072153999999999986,0.0016118000000000005,0.0040882000000000002,-0.0022553999999999977,0.013578,-0.0016892000000000001,-6.7799999999999588e-05,-0.0017505999999999997,0.0081994000000000008,-0.0080862000000000017,-0.0064801999999999985,-0.0069043999999999998,0.0104736,-0.0014073999999999998,-0.0027585999999999999,0.0067855999999999993,0.0044469999999999987,0.0018006000000000001,0.0026011999999999997,0.0077838000000000004,-0.0012837999999999999,-0.00042899999999999926,-0.012238799999999999,0.0097421999999999995,-0.0058382000000000009,0.0029103999999999988,0.013320200000000001,-0.0018016,0.0072919999999999999,-0.0054922,-0.010527600000000002,0.00065020000000000008,0.0092231999999999991,-0.0041489999999999999,0.0081344,-0.013455,-0.0076387999999999994,-0.016175999999999999,-0.014157400000000001,0.011242,0.0064581999999999999,0.0055446000000000002,-0.0073444000000000001,-0.0031779999999999998,-0.0034055999999999999,0.0050098000000000009,0.00038140000000000005,-0.0021230000000000008,0.0052406000000000006,-0.0022460000000000002,0.0029975999999999996,-0.0035948000000000004,0.0070521999999999998,-0.0018736,0.0027721999999999998,0.0040556000000000004,0.00011680000000000021,0.0028531999999999989,0.00053260000000000069,-0.0036385999999999996,0.002274,-0.0004898000000000003,-0.0040897999999999993,0.0093251999999999988,0.00042040000000000003,-0.0041266000000000002,-0.0054838000000000005,-0.0057879999999999997,-0.0125738,0.00095019999999999957,-0.0012037999999999997,0.012432800000000001,-0.0064902000000000015,0.0042414000000000002,0.0010109999999999997,-0.0153744,0.003026,0.0061668000000000001,-0.0012989999999999996,0.0045364000000000003,0.0035658,-0.0043277999999999997,-0.0078210000000000016,-0.017033,0.010086200000000002,0.0015429999999999997,-0.0026120000000000002,0.014189999999999999,0.0020246000000000005,-0.00040719999999999992,0.00020239999999999993,0.00011559999999999999,-0.0020138000000000001,0.005700199999999999,-0.0030433999999999999,0.0038415999999999997,-0.0077796000000000011,-0.0034329999999999994,0.0039375999999999994,-0.001451,-0.0036532000000000005,0.0013401999999999997,-0.0015154000000000001,-0.0020628000000000001,-0.0036911999999999995,0.0059919999999999999,-0.0010792000000000004,0.00059420000000000002,0.0012116,0.0082028000000000014,-0.0063847999999999995,0.0004994000000000001,0.0074020000000000006,0.0044428000000000002,0.0037682000000000002,0.0021804000000000003,-0.0019655999999999988,-0.0012485999999999997,-3.2400000000000029e-05,-0.0016956000000000002,0.0038469999999999993,-0.00014079999999999995,0.0058069999999999997,0.0019183999999999998,-0.0066456000000000006,-0.0031479999999999998,0.0027152000000000001,0.0055522000000000002,-0.0017387999999999995,0.0067574000000000002,0.0044139999999999995,0.0041458000000000007,0.0039816000000000001,-0.0029954000000000001,0.0046344000000000003,-0.016002400000000003,0.0074507999999999996,-0.016558799999999999,-0.0010718000000000004,-0.0016991999999999997,0.0032202000000000003,-0.0025133999999999998,-0.0022951999999999998,0.00040459999999999975,-0.0051877999999999994,0.0004069999999999997,-0.0019595999999999997,0.0010270000000000001,0.0001384,0.0012654000000000003,-0.0024260000000000002,0.0023248000000000001,-0.0016812000000000001,-0.0047920000000000003,-0.00048939999999999997,0.0047816000000000004,-0.00038700000000000019,0.0032128,0.00062920000000000033,0.00047860000000000009,-0.0018883999999999999,-0.00056679999999999968,0.0040716000000000007,-0.0038365999999999999,0.0051402000000000002,0.0022707999999999999,-0.00044720000000000003,-0.0015232000000000002,0.0050463999999999995,-0.0010624,0.0028702000000000003,-0.00034599999999999995,-0.00039179999999999987,-0.0030644000000000001,0.0018286000000000001,0.0069276000000000008,0.0020135999999999999,-0.0016388000000000004,6.8399999999999711e-05,0.0035961999999999999,-0.0024289999999999997,0.00070739999999999996,-0.0032352000000000001,0.0030921999999999998,0.0009482000000000006,0.0018422000000000002,0.00097319999999999959,0.00035020000000000038,-0.0044180000000000001,-0.00083319999999999987,-0.00071279999999999955,0.0026578000000000005,0.0063967999999999994,-0.00091780000000000008,0.0020379999999999994,-0.0031933999999999999,0.0041977999999999998,-0.0021862000000000001,0.0014938000000000002,0.0029490000000000002,-0.00057959999999999999,-0.0018760000000000003,-0.0012800000000000003,-0.0002676,0.0046137999999999995,-0.00085020000000000028,-0.00053419999999999997,0.0026175999999999999,-0.0022255999999999999,-0.0020877999999999995,0.0014228000000000001,0.0014888,0.0022008000000000002,-0.0020802000000000004,0.00097179999999999999,-0.00072920000000000016,-0.0013090000000000001,-0.00038940000000000009,0.0037707999999999999,-0.0011551999999999997,0.00014760000000000012,-0.0022049999999999999,-0.00022440000000000014,-0.0021527999999999999,0.00076840000000000003,-0.0024276000000000002,-0.0028104000000000002,-0.0020011999999999999,-0.0020863999999999995,-0.0054773999999999995,-0.00063820000000000001,0.0017004000000000003,-0.0024583999999999999,0.00063459999999999992,0.0010843999999999999,0.0013694000000000002,0.0032078000000000002,0.0015122,0.00053739999999999994,0.0048164000000000002,-0.0038931999999999994,0.0012826000000000001,-0.0012757999999999997,0.00082240000000000026,-0.0001949999999999997,-0.0019887999999999998,0.0012133999999999999,0.0027189999999999996,0.00021999999999999971,-0.0062689999999999994,0.00062400000000000042,-0.0038352,0.00017340000000000009,-0.0033760000000000005,0.0026952,0.013093,-0.00041700000000000005,0.0068253999999999997,-0.0016829999999999987,-0.0056465999999999999,-0.0013214000000000004,0.0019544000000000002,0.0012029999999999999,-0.00083779999999999998,-9.999999999999701e-07,-0.00043039999999999984,0.00027659999999999995,-0.0012744,-0.00075999999999999993,-0.00072460000000000005,0.00015739999999999992,-3.6799999999999865e-05,0.0010542000000000001,0.0036958,-0.0012845999999999999,-0.0021724000000000001,-0.00028419999999999997,0.00027560000000000019,-0.00088620000000000018,0.00084299999999999989,-0.0011979999999999998,0.0016506000000000001,-0.0006827999999999999,-0.0018766,-0.0015586,-0.00051559999999999996,0.00084619999999999997,0.00043340000000000013,0.00047139999999999986,-0.0010723999999999998,0.00061039999999999977,-0.00086799999999999996,0.00093000000000000016,-0.0027236000000000001,-0.0010568000000000001,0.0027621999999999998,0.00026739999999999989,-0.0010528,0.0032848000000000005,0.00131,-0.0010713999999999999,-0.0010226,-0.0039268000000000003,0.00045460000000000005,0.00073920000000000019,-0.0012762000000000001,-0.00090999999999999978,0.0027083999999999997,0.0013891999999999999,0.0028238,-0.0051034000000000001,-0.0013150000000000002,0.004261,-0.0029858000000000003,0.0028968000000000002,0.0033186000000000005,0.0003522000000000001,0.0032134000000000004,-5.5199999999999824e-05,-0.0019805999999999999,0.0061032000000000005,-0.0022986,0.0050497999999999993,-0.0069438000000000008,-0.0011011999999999992,0.0029204000000000001,0.00053700000000000037,-0.0027526000000000004,-0.0037981999999999998,0.0011140000000000002,-0.00091480000000000012,-0.00048579999999999999,0.0012116000000000002,0.0013764000000000001,0.00085960000000000008,0.00035040000000000001,-0.0019843999999999999,0.00038999999999999999,-8.979999999999996e-05,-0.00081139999999999988,-9.3999999999999791e-05,-4.8000000000000083e-06,-0.00063820000000000001,0.00037599999999999998,-0.00089020000000000006,0.00073760000000000004,0.0019001999999999999,0.00018220000000000004,0.00042739999999999998,0.0010279999999999998,-0.00023039999999999996,-0.0010801999999999999,0.0027152000000000001,0.0024123999999999999,-0.00024180000000000013,-0.0011148000000000002,-0.00039519999999999996,0.00066080000000000002,-0.0013016,-0.00029740000000000002,0.0012540000000000001,-0.00051599999999999997,-0.00065439999999999997,0.0011123999999999999,0.00070180000000000004,-0.00056359999999999993,-0.00066500000000000001,-0.0012064000000000001,-0.0024424000000000004,0.0020146000000000001,0.0018384000000000002,0.0026351999999999999,0.00092500000000000004,-0.0019458000000000001,0.0010165999999999999,-0.0022462000000000003,-0.00010859999999999998,-0.0013706,-0.00016879999999999982,0.00093980000000000008,0.0014381999999999999,0.0020819999999999996,-0.00075360000000000032,-0.0025167999999999996,0.00027619999999999988,0.0013094000000000001,0.0014262000000000001,0.00090519999999999999,0.0020674000000000001,0.0016647999999999999,0.00057219999999999992,-0.0020214000000000005,-0.0031086,0.0030588000000000004,0.0010699999999999998,0.00087379999999999988,-0.0013387999999999998,0.00095280000000000017,0.0033707999999999993,-0.0020091999999999996,-0.00022459999999999998,0.0034998,0.0008565999999999999,-0.00084720000000000021
aug_between_class_right_pair0076_child08,TLE,1,1,Augmented,0,0,0,0,0,0.27761069999999999,2.0019338000000002,1.1000000000000001e-06,-9.9999999999999995e-07,9.9999999999999995e-07,0.91956610000000005,0,0.0391858,-0.1209269,0.039220199999999997,0.13009160000000003,-0.092074600000000006,0.063340900000000006,-0.0071451000000000006,-0.013358099999999998,-0.0064528000000000016,-0.12779869999999999,0.31475809999999999,-0.11817280000000002,0.067307900000000018,0.076898800000000003,-0.00041879999999999955,-0.022650900000000002,0.0012428999999999995,-0.041570700000000002,0.0176072,0.033759199999999996,-0.053750800000000001,0.016204899999999998,-0.087521200000000007,0.0030057,0.050912800000000001,-0.037845700000000003,0.029675,0.0078043000000000001,-0.036441800000000003,0.054919700000000002,-0.026231599999999997,-0.064216700000000002,0.085131399999999996,-0.054515899999999992,0.1711376,-0.042117500000000002,0.0073058000000000003,-0.011226100000000001,-0.0023601000000000004,-0.023549500000000001,0.0078634000000000013,0.049114000000000005,0.00017670000000000055,-0.0087384000000000003,-0.0244938,-0.016695399999999999,0.031210100000000005,0.029224299999999998,0.017101699999999997,0.0110099,-0.0084767999999999996,-0.0025273999999999995,0.0043187,-0.0372071,0.00018549999999999947,0.0051448000000000006,0.0091689000000000007,0.040012500000000006,-0.11252479999999999,0.0018509999999999985,-0.033903800000000005,-0.0087933999999999981,0.00067050000000000096,-0.0015719,-0.0017950999999999998,0.016625399999999999,0.0022896999999999995,-0.012850299999999999,-0.0101171,0.0028380000000000002,0.0098907000000000005,-0.0081484999999999995,0.0180933,0.002088,-0.0096055999999999989,0.0047542000000000001,-0.0064016999999999998,-0.0080654000000000003,-0.0089015999999999991,0.0016199000000000022,0.026616799999999999,-0.0017163999999999981,-0.0068663999999999999,-0.022717299999999999,-0.0077149000000000002,0.0115403,-0.0121543,0.008941000000000001,0.0079857000000000001,-0.00039009999999999913,0.0067939999999999997,0.0053417000000000013,0.0024649000000000003,0.0034190999999999978,0.00072180000000000161,0.014590999999999998,-0.0019491000000000005,0.00035110000000000002,-0.0012342999999999998,0.0087912000000000007,-0.0090061000000000013,-0.0052011000000000002,-0.0074101999999999996,0.0113673,-0.00083470000000000029,-0.0025198,0.0067117999999999995,0.0038794999999999984,0.0010217999999999998,0.0030315999999999997,0.0081443999999999996,-0.0011099000000000005,-0.00070749999999999936,-0.011817399999999999,0.0095215999999999999,-0.0063330999999999995,0.003169700000000001,0.013418599999999999,-0.0018678,0.0061964999999999989,-0.0054375999999999999,-0.0112278,0.000389099999999999,0.0092270999999999985,-0.0034204999999999999,0.0085016999999999992,-0.013848000000000001,-0.0082968999999999994,-0.017332499999999997,-0.014510700000000001,0.0128605,0.0069151000000000004,0.0061018000000000001,-0.0072087000000000002,-0.0034705000000000001,-0.0039338000000000003,0.0052739000000000006,0.00046069999999999998,-0.0030370000000000002,0.0055567999999999998,-0.0026210000000000001,0.0031482999999999997,-0.0044799000000000002,0.0068301000000000004,-0.0020187999999999998,0.0029275999999999998,0.0046883000000000003,0.00061090000000000016,0.0042945999999999991,0.0020223000000000003,-0.0034612999999999996,0.0030334999999999997,-0.00078640000000000047,-0.0036968999999999999,0.0093195999999999991,0.00017169999999999989,-0.0045873000000000008,-0.0055783999999999999,-0.0053760000000000006,-0.0134349,0.0016885999999999997,-0.00073089999999999961,0.012974400000000001,-0.0078056000000000011,0.0048552000000000005,-1.3499999999999623e-05,-0.016831199999999998,0.0030604999999999999,0.0057609000000000002,-0.00092449999999999976,0.0047201999999999999,0.0035668999999999996,-0.0046848999999999997,-0.0085529999999999998,-0.017627,0.0115636,0.00097799999999999992,-0.0015475000000000003,0.013625499999999999,0.0031553000000000006,-0.00018059999999999994,0.00012820000000000008,0.00013729999999999992,-0.0020309,0.0061256000000000001,-0.0030026999999999996,0.0044043000000000007,-0.0080913000000000009,-0.0035814999999999996,0.0038032999999999999,-0.0015985000000000001,-0.004302600000000001,0.0012796000000000001,-0.0015707,-0.0021264000000000001,-0.0035491000000000003,0.0063794999999999998,-0.0015251000000000002,0.0010176,0.0010968,0.0082278999999999998,-0.0062634000000000006,0.00044269999999999943,0.0076819999999999996,0.0046023999999999995,0.0041721000000000006,0.0025557000000000002,-0.0022547999999999995,-0.00055079999999999973,-0.00015519999999999998,-0.0014403000000000003,0.0039939999999999993,-0.00017739999999999987,0.0060549999999999996,0.0017347000000000005,-0.007327300000000001,-0.0028154999999999994,0.0025311000000000001,0.0061871000000000009,-0.00074090000000000007,0.0067356999999999998,0.004679,0.0037803999999999997,0.0037793000000000002,-0.0029627,0.0052127000000000007,-0.016754700000000004,0.0075414000000000002,-0.016905400000000001,-0.0012334000000000004,-0.0012995999999999997,0.0034041000000000002,-0.0024261999999999999,-0.0023551000000000002,0.00027479999999999996,-0.0056184000000000008,1.3499999999999867e-05,-0.0020433000000000001,0.0013470000000000001,0.00029819999999999998,0.0016726999999999996,-0.0024149999999999996,0.0026219000000000004,-0.0018831000000000002,-0.005306,-0.00036820000000000006,0.0050223000000000004,-0.00083250000000000012,0.0033829000000000003,0.00028260000000000004,0.00052130000000000004,-0.0018721999999999999,-0.0004088999999999998,0.0044413000000000005,-0.0035768000000000002,0.0052556000000000009,0.0023174000000000003,-0.00010909999999999956,-0.0018126000000000001,0.0052221999999999998,-0.00091369999999999971,0.0034221000000000004,-0.00028149999999999996,-0.00068789999999999997,-0.0031112000000000002,0.0019363000000000002,0.0074598000000000008,0.0023702999999999997,-0.0016064000000000002,0.00014670000000000004,0.0041000999999999998,-0.0021665,0.00079720000000000008,-0.0031001000000000002,0.0030666000000000001,0.0011896000000000012,0.0024010999999999998,0.0003305999999999999,0.00096810000000000006,-0.0048205000000000001,-0.0013331,-0.00032989999999999972,0.0041513999999999995,0.0051868999999999995,-0.0012044,0.00063649999999999991,-0.0035307000000000012,0.0042864000000000001,-0.0025715999999999998,0.0017119000000000001,0.0031405000000000001,-0.00047729999999999995,-0.0022070000000000002,-0.001872,-0.0002277999999999999,0.0044279000000000002,-0.0011506000000000003,-0.00014909999999999999,0.0027672999999999994,-0.0021462999999999999,-0.0025338999999999995,0.0015849,0.0014704,0.0017904000000000002,-0.0025011,0.0011399000000000001,-0.00098260000000000014,-0.0014625,-0.0003992,0.0038259000000000001,-0.00083759999999999998,0.00022279999999999999,-0.0019264999999999998,-0.00038969999999999988,-0.0023679,0.00093770000000000008,-0.0028608000000000001,-0.0032177000000000004,-0.0025830999999999996,-0.0017912,-0.0056521999999999996,-0.00066810000000000014,0.0020792000000000007,-0.0029542000000000001,0.00056379999999999993,0.0011186999999999998,0.0013626999999999997,0.0033539000000000008,0.0014606,0.00048169999999999995,0.0051202000000000001,-0.0042125999999999995,0.0013683,-0.0011483999999999999,0.0011837000000000004,0.00021550000000000014,-0.0018334,0.00084770000000000028,0.0025850000000000001,-0.00035150000000000047,-0.0063755000000000001,0.00044150000000000049,-0.0037795999999999997,0.00051870000000000009,-0.0036560000000000004,0.0029620999999999996,0.013229499999999998,-0.0003290000000000003,0.0068301999999999998,-0.00099450000000000059,-0.0059893000000000004,-0.0015862000000000003,0.0019002000000000001,0.0010605,-0.00072290000000000017,1.8999999999999974e-05,-0.00016919999999999999,0.00036079999999999993,-0.0012532000000000001,-0.00063999999999999994,-0.00082730000000000011,-3.3800000000000117e-05,0.00020860000000000019,0.0013346,0.0038828999999999999,-0.0013843000000000002,-0.0021567000000000001,-0.00028459999999999998,0.00033379999999999998,-0.00084410000000000041,0.00075599999999999984,-0.0010934999999999999,0.0018018000000000001,-0.00060139999999999998,-0.0019767999999999999,-0.0013948000000000001,-0.00049829999999999991,0.00052409999999999989,0.0002697,0.00038019999999999992,-0.00083520000000000035,0.00056319999999999992,-0.0011279999999999999,0.001286,-0.0031738000000000001,-0.0011364000000000001,0.0031221,0.00010169999999999992,-0.00089139999999999998,0.0038059000000000001,0.0013159999999999999,-0.00096069999999999988,-0.00099630000000000009,-0.0040774000000000001,0.00045630000000000003,0.00083910000000000018,-0.0014385999999999999,-0.00087349999999999993,0.0028107000000000002,0.0015821000000000006,0.0028003999999999998,-0.0052897000000000005,-0.0016264999999999999,0.0042345000000000004,-0.0032544000000000002,0.0031143999999999998,0.0036297999999999999,0.00074109999999999985,0.0035842000000000001,0.00046839999999999989,-0.0019873,0.0069870999999999996,-0.0025983,0.0049543999999999994,-0.0079514000000000008,-0.00034509999999999966,0.0034022000000000002,0.00050150000000000021,-0.0028193000000000007,-0.0039286,0.001219,-0.00091739999999999986,-0.00043439999999999993,0.0011972999999999999,0.0014322,0.00061530000000000005,0.0003457,-0.0019602,0.0003545,6.7599999999999908e-05,-0.00089819999999999982,0.00013150000000000011,-3.5900000000000059e-05,-0.00074560000000000013,0.00057949999999999983,-0.00083109999999999998,0.00074830000000000003,0.0021410999999999999,0.00030709999999999998,0.0007002,0.00097600000000000009,-0.00014419999999999998,-0.0012516000000000001,0.0030550999999999998,0.0025501999999999999,-0.0002624000000000002,-0.0012769000000000005,-0.00034909999999999997,0.00070739999999999996,-0.0015638000000000002,-0.00015970000000000001,0.0011945,-0.00048349999999999999,-0.00059770000000000005,0.00083969999999999997,0.00058839999999999977,-0.00054729999999999991,-0.00070399999999999998,-0.0013767,-0.0025266999999999998,0.0022293,0.0021121999999999998,0.0025466000000000004,0.00099850000000000004,-0.0020514000000000001,0.0006647999999999999,-0.0023046,-7.3800000000000059e-05,-0.0014858,3.410000000000007e-05,0.00083990000000000009,0.0013246,0.0022069999999999998,-0.00086880000000000052,-0.0025533999999999995,0.00039309999999999996,0.0014682,0.0018201000000000005,0.00081110000000000004,0.0023067000000000005,0.0018838999999999998,0.00053609999999999986,-0.0020797000000000003,-0.0025737999999999998,0.0028714000000000001,0.0011094999999999998,0.00063889999999999997,-0.0020773999999999996,0.0010844000000000001,0.0027423999999999999,-0.0010465999999999997,-0.00022279999999999999,0.0042534000000000001,0.0012102999999999997,-0.0009986000000000001
aug_between_class_right_pair0077_child05,TLE,1,1,Augmented,0,0,0,0,0,0.306506,1.9697726,5.9999999999999997e-07,0,0,0.91175539999999999,0,0.062107200000000001,-0.1232732,0.0256546,0.13198599999999999,-0.1065286,0.084001599999999996,0.0015502000000000001,-0.0084267999999999999,-0.0013703999999999973,-0.13045319999999999,0.3103844,-0.083738800000000002,-0.024177999999999998,0.079174999999999995,0.0118002,-0.022442199999999999,-0.0046718000000000003,-0.039424799999999996,0.031314000000000002,0.062372799999999999,-0.042266999999999999,0.013174400000000001,-0.072740800000000008,0.019126399999999998,0.042969200000000006,0.00080340000000000272,0.0085530000000000016,0.028128399999999998,-0.053237,0.040534600000000004,-0.0316426,-0.11987800000000001,0.092612600000000003,-0.0691166,0.17217499999999999,-0.0223924,0.018019800000000002,-0.0054524000000000005,-0.012885600000000001,-0.0043622000000000001,0.0077068000000000006,0.041931599999999999,0.00048400000000000006,-0.0079585999999999997,0.0011065999999999993,-0.04120639999999999,0.021151399999999997,0.034664399999999998,0.0086511999999999995,0.022142200000000001,-0.0073505999999999988,-0.00096380000000000001,0.026571200000000003,-0.039483600000000001,0.0016439999999999998,0.0086755999999999986,0.0011178000000000004,0.053460999999999995,-0.068833800000000001,-0.0075298000000000014,-0.010086599999999998,-0.058215599999999999,0.0150096,-0.0027491999999999998,-0.0042158000000000004,0.015512799999999998,0.0089557999999999999,0.0041634000000000011,-0.0097965999999999991,0.0063261999999999997,-0.00022099999999999898,-0.0054922000000000009,0.011710999999999999,-0.00065799999999999973,-0.014880000000000001,0.0082468000000000003,0.0036890000000000009,0.0020672000000000008,-0.0053140000000000001,-0.0140012,0.030746600000000002,-0.0123634,-0.0136382,0.0032580000000000013,0.0008707999999999997,0.0015894000000000004,0.0016737999999999996,-0.0063891999999999994,0.013324599999999999,-0.0067263999999999996,-0.0055733999999999992,0.030037399999999999,-0.0014324000000000003,0.018926999999999999,-0.0131728,0.0071433999999999994,0.0030805999999999997,-0.003712,-0.0103234,0.016479599999999997,-0.0060064000000000003,-0.0014985999999999999,-0.00013980000000000004,0.0068407999999999993,-0.0017884000000000001,-0.0066259999999999999,0.00041500000000000131,0.0125132,-0.0009724,0.0046371999999999993,0.0114912,-0.0045072000000000003,-0.0023087999999999993,-0.0117722,0.008018599999999999,-0.0012796000000000001,-0.0108206,0.014254800000000001,-0.0040338000000000006,0.0067959999999999991,-0.0001621999999999995,-0.012566199999999996,0.0060684000000000007,0.013868599999999998,-0.0019909999999999997,0.0095277999999999995,-0.0099808000000000015,-0.0025919999999999997,-0.0057746000000000004,-0.015360000000000002,0.0083642000000000005,0.0052416000000000008,0.0038265999999999999,0.006634199999999999,0.0012903999999999997,-0.0014997999999999999,0.0033917999999999999,-0.0015222000000000002,0.0004115999999999997,0.0039252000000000002,-0.0063066000000000007,0.0030577999999999994,0.004850199999999999,0.0021589999999999999,-0.0015523999999999998,0.0032354000000000003,0.0023011999999999998,0.00024679999999999982,0.00066059999999999947,0.0018204000000000004,-0.0017306000000000001,-0.0075780000000000005,0.00018899999999999993,-0.0089827999999999991,0.0089884000000000006,0.00056120000000000041,0.0057593999999999996,-0.0067381999999999997,-0.00080159999999999997,-0.0058726000000000004,-0.0021351999999999999,-0.0083134000000000003,0.001353,0.0017567999999999998,0.0065788000000000001,0.0122576,-0.0049865999999999999,0.00091099999999999992,0.0019081999999999997,0.0042773999999999998,0.0055981999999999994,0.015476199999999999,-0.0033384,0.00038840000000000001,-0.0019966000000000012,-0.0090986000000000001,0.0060140000000000002,-0.019346200000000001,0.0087901999999999997,0.0031050000000000001,0.0012658000000000001,0.0012243999999999998,-0.00092360000000000012,4.3799999999999655e-05,0.0021183999999999999,0.0039957999999999999,-0.00065019999999999998,-0.0065082000000000004,0.0012888000000000001,0.00072480000000000005,0.0047467999999999989,-0.0016613999999999999,0.00079500000000000003,-0.00076400000000000036,-0.0050101999999999994,-0.0021911999999999995,-0.00033519999999999991,-0.0027967999999999999,-0.0020336,0.0049138000000000003,0.0036077999999999995,-0.0079697999999999991,0.00044680000000000024,0.0051916000000000002,-0.00010420000000000004,0.00070699999999999995,0.0042854,0.0021316,-0.0023874000000000005,-0.0019075999999999997,-2.2600000000000007e-05,-0.00074140000000000002,-0.00029339999999999987,0.0011153999999999997,0.0045453999999999998,-0.0021808000000000001,-0.0024518000000000001,0.0054906,0.00032640000000000013,-0.0049034000000000005,0.0042400000000000007,0.0063588000000000004,0.0012383999999999997,0.0044095999999999996,-0.0021684,0.0071686000000000007,-0.0084606000000000004,0.0068456000000000003,-0.0056803999999999995,-0.0053503999999999999,0.0034323999999999995,0.0030116000000000001,-0.0032842000000000001,-0.0012327999999999996,0.0002358000000000002,0.00016980000000000012,-0.0022323999999999998,0.0023992000000000002,-0.0054002000000000008,0.00050440000000000001,-0.003251,-0.00026959999999999999,0.0045766000000000001,0.0021386,-0.0027881999999999998,0.0023474000000000004,0.0022912000000000002,-0.0013308000000000005,0.002826,-0.001121,-0.0023263999999999997,0.0021646,0.0026272000000000005,0.0026710000000000002,-0.0048019999999999998,-0.0016338000000000006,0.0029973999999999999,-0.0080841999999999997,-0.004236199999999999,0.0077997999999999991,0.0019281999999999999,0.0015043999999999999,0.0019537999999999999,-0.0006741999999999998,-0.0048690000000000001,-0.0010574,0.0030053999999999997,-0.0026679999999999998,0.0020330000000000001,0.0073136,0.0052494000000000004,-0.005877799999999999,-0.0006112,-0.00048560000000000009,-0.00065180000000000056,-4.6000000000000034e-06,0.00026820000000000012,-0.0044390000000000002,0.0038565999999999991,-0.0031476,0.0032889999999999998,-0.0033411999999999999,-0.0034257999999999997,0.0146208,-0.0051862000000000011,0.0084484,-0.00016240000000000004,0.0028708000000000002,-0.00047380000000000002,-0.0016094,0.0026377999999999996,0.0017233999999999999,0.00036060000000000015,0.0011078000000000001,-5.1400000000000165e-05,0.0024727999999999998,0.00083119999999999982,0.0023444,-0.0010989999999999997,-0.0020009999999999997,-3.740000000000015e-05,-0.00060499999999999985,-0.00062539999999999991,-0.0004284,0.00013720000000000014,0.0011514000000000001,0.00024339999999999998,-0.0018667999999999998,2.2000000000000101e-05,0.0030184000000000001,-0.0041413999999999999,-0.00074060000000000011,-0.00032560000000000011,-0.0046642000000000003,0.0015225999999999998,0.0015698000000000001,0.0011268000000000001,5.4399999999999804e-05,0.00027219999999999979,-0.00090699999999999993,-0.0023002000000000001,-0.0033986000000000003,-0.00010300000000000002,0.0024758000000000002,-0.00057720000000000015,0.0015852000000000002,-0.0016458,-0.00032919999999999998,-0.00089280000000000002,-0.0012007999999999997,0.001132,0.00093319999999999948,0.0024927999999999999,0.00068479999999999995,0.0013536000000000002,-0.0039848000000000001,0.0013291999999999998,0.00075720000000000041,0.0013573999999999999,0.0025630000000000002,-0.0026248,-0.001292999999999999,0.0010011999999999998,0.0014158000000000005,0.0011397999999999998,-6.9400000000000223e-05,0.0026444000000000007,0.0015370000000000004,0.0014262000000000001,0.0023222000000000008,-0.0036135999999999998,-0.00022879999999999998,0.0017625999999999998,0.001021,0.00016239999999999994,0.0014532000000000004,-0.0017353999999999998,0.0019203999999999996,0.0033637999999999997,-0.00091399999999999999,-0.00033280000000000001,-0.00025800000000000004,0.00058799999999999998,0.0013123999999999998,0.0012472,0.0016114,-0.0037182000000000001,-0.001111,-0.0010196000000000001,-0.0028724000000000011,0.0011613999999999999,-0.00030199999999999991,0.0029606000000000003,-0.0017322000000000001,0.00091999999999999981,-0.0022547999999999995,-0.00033099999999999997,-0.00214,0.0014004,-0.00033560000000000008,0.0014828,-0.0011587999999999998,0.0008083999999999997,0.0011298,-0.0032636000000000002,0.0015792000000000002,-0.0012916,0.0034684,-0.00011499999999999998,0.0016616000000000001,0.0017061999999999997,-0.0025135999999999995,-0.0019691999999999999,0.0010618000000000001,-0.0018802000000000001,-0.0018428000000000003,0.00094420000000000051,-0.00011080000000000004,0.0045951999999999998,-0.00011220000000000002,-0.00051619999999999986,0.00044859999999999995,-2.4400000000000376e-05,0.00073220000000000013,-0.00059199999999999986,-0.00086419999999999965,0.0029659999999999995,-0.00079279999999999975,-0.00020939999999999999,0.0044444000000000003,-0.0028355999999999998,0.0039546,-0.0024070000000000003,0.0015654,-0.0036824000000000002,-0.010038999999999999,0.0030276000000000001,-0.0055840000000000004,-0.0019624000000000009,0.0013113999999999999,0.0007136,0.00026120000000000001,-0.001255,-0.0010066000000000001,0.0012393999999999999,7.1399999999999947e-05,0.00046279999999999997,-0.00047839999999999997,0.0004256000000000001,-0.00091560000000000003,0.0027536000000000001,0.00039079999999999996,-0.00091560000000000003,0.00046719999999999997,-4.4400000000000002e-05,0.0015546000000000002,-0.00066040000000000001,0.0010198,6.8799999999999992e-05,0.00045060000000000006,0.0015472000000000001,-0.0021375999999999999,-6.8599999999999933e-05,0.0015701999999999999,0.0010407999999999999,-0.00065700000000000014,0.0025118000000000002,-0.00076599999999999997,-0.0003968,-0.00058560000000000014,-0.00020560000000000001,-0.00050600000000000005,-0.00090440000000000008,-0.00077319999999999993,0.0012604000000000001,0.0007323999999999998,-0.00012860000000000001,0.0016622,-0.0011957999999999999,-0.0011438000000000002,0.00048160000000000011,0.00026879999999999987,-0.00038819999999999979,0.0017028000000000002,0.00044180000000000006,0.0021534000000000002,-0.00023020000000000028,-0.0013856000000000001,0.0018253999999999998,-0.0036857999999999995,-0.00058059999999999991,0.0022017999999999999,0.0015701999999999999,0.0017982000000000002,0.0020201999999999998,-0.0024420000000000002,0.0019039999999999994,0.00010359999999999992,-0.0021157999999999997,0.0016918,-0.0014566000000000002,0.0025270000000000002,-0.00059899999999999992,-0.0014334,-0.0040327999999999996,-0.0010022,-0.0061357999999999994,-0.00087319999999999987,-0.0019918000000000002,0.0015812000000000005,0.00061119999999999989,0.0003302,0.0012208,-0.00098800000000000038,-0.00060819999999999971
aug_between_class_right_pair0077_child06,TLE,1,1,Augmented,0,0,0,0,0,0.30606700000000003,1.9669236999999999,6.9999999999999997e-07,0,0,0.91163179999999999,0,0.062180399999999997,-0.12296789999999999,0.024033700000000002,0.13701549999999998,-0.1082137,0.0834617,-0.0001210999999999996,-0.0087610999999999991,-0.00096129999999999827,-0.1333124,0.31076979999999998,-0.077460600000000004,-0.011964000000000002,0.076948000000000003,0.010372900000000001,-0.022542399999999997,-0.0048336000000000004,-0.037236600000000002,0.030401999999999998,0.065767599999999996,-0.044122499999999995,0.0149993,-0.072579100000000007,0.018930799999999998,0.041342900000000002,-0.00083369999999999972,0.0081130000000000004,0.027144799999999997,-0.051189499999999999,0.044292200000000004,-0.027406200000000002,-0.12104200000000001,0.088908700000000007,-0.069208700000000012,0.1731375,-0.023335299999999996,0.0177596,-0.0050448000000000003,-0.0127452,-0.0039043999999999988,0.0073941000000000007,0.041994700000000003,0.00071599999999999919,-0.0084477000000000007,0.00063569999999999946,-0.041221799999999996,0.022532799999999999,0.0350508,0.0063609000000000009,0.0236279,-0.0089686999999999996,-0.00029560000000000035,0.025354400000000003,-0.039026699999999998,0.0021299999999999999,0.0085117000000000005,0.0022146000000000006,0.051806999999999999,-0.066662600000000002,-0.0055276000000000006,-0.0096556999999999997,-0.056368699999999994,0.0154912,-0.0027659,-0.0046256000000000005,0.015647099999999997,0.008839099999999999,0.0025558000000000009,-0.0088052000000000009,0.0058653999999999998,-0.00073599999999999968,-0.0060084000000000005,0.011944,-0.00036700000000000014,-0.0134425,0.0081405999999999996,0.0021465000000000008,0.0011504000000000002,-0.006156,-0.013538400000000001,0.030046200000000002,-0.0121023,-0.013501900000000001,0.0025869999999999999,0.0014985999999999992,0.0010598000000000001,0.00039860000000000069,-0.0059103999999999997,0.013813699999999998,-0.0061468,-0.0049452999999999997,0.029581299999999998,-0.0020048000000000002,0.0170125,-0.0126141,0.0079693000000000003,0.0031506999999999998,-0.0042749999999999993,-0.0099083000000000018,0.0170487,-0.0058583000000000003,-0.0012467000000000003,-0.00012559999999999991,0.0073290999999999999,-0.0016808000000000001,-0.006143,-0.00082549999999999811,0.011774400000000001,-0.0010207999999999997,0.0047723999999999996,0.0106769,-0.0048089000000000005,-0.0027035999999999991,-0.012234399999999999,0.007689699999999999,-0.0018681999999999998,-0.010670699999999998,0.0140266,-0.0040315999999999998,0.0078644999999999982,-2.6899999999999841e-05,-0.0133869,0.0061318000000000006,0.014507699999999998,-0.0018930000000000002,0.0091155999999999997,-0.0093321000000000012,-0.0037974999999999997,-0.0061082000000000003,-0.016303999999999999,0.0073594000000000003,0.0067022000000000002,0.0046622,0.0085473999999999984,0.0016167999999999998,-0.0017880999999999999,0.0038660999999999995,-0.0017398999999999997,0.0011671999999999997,0.0037564,-0.0062112000000000001,0.003513099999999999,0.0059049000000000011,0.0024910000000000002,-0.0016762999999999999,0.0032028000000000004,0.0024294,0.00061009999999999971,0.0010491999999999993,0.0016448000000000007,-0.0021486999999999999,-0.0072564999999999999,0.00058550000000000008,-0.0090056000000000025,0.0094353000000000006,0.00019990000000000068,0.0063067999999999996,-0.0068414000000000001,-0.0011681999999999999,-0.0057007000000000004,-0.0023934,-0.0081433000000000009,0.0021099999999999999,0.0014186000000000001,0.0063276000000000001,0.0124907,-0.0057422000000000003,0.00093749999999999997,0.0016938999999999991,0.0037997999999999999,0.0057123999999999994,0.014693399999999999,-0.0033392999999999999,0.00033830000000000015,-0.0016987000000000009,-0.0087527000000000004,0.0060350000000000004,-0.018860399999999999,0.0088343999999999992,0.0028265000000000009,0.0012446000000000002,0.0016502999999999997,-0.00071319999999999999,0.00035509999999999969,0.0026543000000000001,0.0042115999999999994,-0.00073640000000000001,-0.0069379000000000003,0.00099910000000000016,0.00079459999999999991,0.0056156000000000001,-0.0014968,0.00055150000000000012,-0.00038850000000000023,-0.0053769000000000004,-0.0027228999999999995,-0.00013890000000000007,-0.0029326000000000001,-0.0019922,0.0046511,0.0043035999999999994,-0.0084831000000000004,0.0012370999999999992,0.0052782000000000003,0.00041409999999999928,0.00082400000000000008,0.0045107999999999997,0.0019451999999999998,-0.0026028000000000002,-0.0021681999999999999,-6.7699999999999965e-05,-0.00049980000000000001,-0.0003143,0.0015077999999999997,0.0042668000000000003,-0.0018156000000000003,-0.0026896000000000003,0.0056946999999999996,-0.00030069999999999923,-0.0044727999999999999,0.0038965000000000007,0.0065131000000000008,0.0012268000000000001,0.0046702000000000002,-0.0027857999999999993,0.0070606999999999996,-0.0074332000000000009,0.0074321999999999999,-0.0065542999999999999,-0.0056927999999999996,0.0033633000000000005,0.0031462,-0.0037163999999999999,-0.0014985999999999997,0.00046359999999999999,-0.00016039999999999978,-0.0022547999999999999,0.0026953999999999997,-0.0062369000000000001,0.00033529999999999986,-0.0033039999999999996,-0.00017370000000000005,0.0045381999999999992,0.0020486999999999997,-0.0028503999999999999,0.0031213,0.0022638999999999997,-0.0008726000000000005,0.0025990000000000002,-0.00082500000000000021,-0.0025313000000000002,0.0020482,0.0025164000000000002,0.0027320000000000001,-0.0049595000000000004,-0.0017681000000000005,0.0031707999999999997,-0.0081128999999999993,-0.0046258999999999988,0.0080505999999999998,0.0019383999999999998,0.00089680000000000011,0.0021755999999999998,-0.00051989999999999979,-0.0050019999999999995,-0.00080630000000000003,0.0030498000000000001,-0.0025300000000000001,0.0023140000000000001,0.0072596999999999991,0.0050593000000000001,-0.0056510999999999992,-0.00012390000000000008,-0.00036320000000000015,-0.00090660000000000003,0.00043879999999999961,0.00013290000000000003,-0.0048395000000000001,0.0037416999999999997,-0.0033386999999999996,0.0033939999999999999,-0.0031443999999999999,-0.0033400999999999995,0.015253099999999999,-0.0051714000000000005,0.0088988000000000018,0.00030920000000000079,0.0023161000000000002,-0.00033110000000000008,-0.0017868000000000001,0.0028335999999999995,0.0020447999999999998,0.0001622000000000002,0.00078810000000000013,0.00010869999999999988,0.0027086000000000002,0.0011363999999999999,0.0023573000000000001,-0.0016124999999999994,-0.0020530000000000001,7.0700000000000146e-05,-0.00062349999999999992,-0.00081829999999999989,-0.00039829999999999998,-0.00011359999999999989,0.0010113000000000001,6.4300000000000045e-05,-0.0019700999999999998,0.00020650000000000009,0.0034228000000000001,-0.0041828000000000004,-0.00039220000000000032,-0.00057669999999999987,-0.0051844000000000005,0.0010022,0.0017200999999999996,0.0010091,0.00064479999999999941,0.00071889999999999953,-0.0010819999999999998,-0.0018099000000000001,-0.0035692000000000007,-0.00026199999999999992,0.0024616,-0.00081689999999999996,0.0012264000000000001,-0.0010861,-0.00054440000000000001,-0.00065410000000000012,-0.0014426,0.00091949999999999996,0.0013533999999999996,0.0018411000000000005,0.00051860000000000014,0.0018052000000000001,-0.0044776000000000009,0.0012864,0.0017173999999999996,0.0015992999999999997,0.0020930000000000002,-0.0024675999999999999,-0.0015944999999999996,0.0015793999999999999,0.0018365999999999999,0.0017406000000000001,0.00077769999999999923,0.0024678000000000009,0.0018040000000000003,0.0012934000000000001,0.0014939000000000007,-0.0038841999999999995,-0.00040009999999999991,0.0019506999999999999,0.0010015,0.00029929999999999996,0.0013434000000000002,-0.0017298000000000001,0.0019182999999999995,0.0039226,-0.00084750000000000005,-0.00028909999999999998,-0.00031099999999999992,0.00043199999999999998,0.0013838000000000001,0.0014019,0.0013833000000000001,-0.0038593999999999998,-0.0011784999999999999,-0.00070720000000000017,-0.0029942999999999997,0.0011303000000000001,-0.00056949999999999991,0.0032547000000000001,-0.0018864000000000003,0.00095449999999999962,-0.0024250999999999995,-0.00058749999999999981,-0.0017105000000000002,0.0017098,-0.00021970000000000008,0.0010991000000000004,-0.0012476,0.00061279999999999993,0.00068110000000000002,-0.0031952,0.0015874000000000001,-0.0012522000000000002,0.0037412999999999999,-8.5000000000000006e-05,0.0016881999999999999,0.0022013999999999996,-0.0027346999999999996,-0.0019534000000000001,0.00083460000000000023,-0.0020908999999999997,-0.0013006000000000003,0.00088590000000000066,-0.00036059999999999998,0.0047989,4.0099999999999728e-05,-0.00065789999999999967,0.00034920000000000003,-0.00061279999999999972,0.00063539999999999972,-0.00047199999999999998,-0.0015163999999999998,0.0035819999999999997,-0.0011700999999999997,-0.00040529999999999988,0.0049073000000000007,-0.0035376999999999995,0.0041196999999999996,-0.0018795000000000001,0.0018947999999999999,-0.0031858000000000004,-0.0097855000000000008,0.0027282000000000001,-0.005568,-0.0026668000000000009,0.0017533000000000002,0.00061670000000000008,0.00024790000000000001,-0.0012845000000000001,-0.00059170000000000013,0.0011883,-3.1999999999999694e-06,0.00042160000000000006,-0.00043729999999999995,0.00016320000000000017,-0.00096870000000000007,0.0030566999999999999,0.00013860000000000012,-0.00091270000000000001,0.00047140000000000007,-3.43e-05,0.0014062000000000002,-0.00046080000000000009,0.00074109999999999996,7.2599999999999976e-05,0.00074820000000000008,0.0020204000000000003,-0.0019667,0.00011779999999999994,0.0017929,0.0010506000000000001,-0.00030350000000000028,0.0022006000000000005,-0.00057400000000000007,-0.00036760000000000004,-0.00023520000000000019,-0.00019269999999999999,-0.00056399999999999994,-0.00049530000000000017,-0.00090189999999999997,0.00098930000000000003,0.00069180000000000001,-0.00017369999999999999,0.0014539000000000002,-0.0013541,-0.0010146000000000001,0.00017770000000000025,0.00045959999999999995,-0.00062239999999999973,0.0016411000000000002,-9.2899999999999819e-05,0.0018483000000000002,-0.00024340000000000017,-0.0012682000000000001,0.0020507999999999993,-0.0040515999999999998,-0.00084169999999999981,0.0021140999999999998,0.0017219000000000002,0.0014209000000000001,0.0021053999999999995,-0.0025600000000000002,0.0022504999999999995,5.7700000000000156e-05,-0.0023135999999999999,0.0013535999999999999,-0.0012897,0.0022195000000000001,-0.00078849999999999981,-0.0011253000000000001,-0.0045471000000000001,-0.00080690000000000015,-0.0066806000000000001,-0.0011444000000000003,-0.0018961000000000004,0.00084490000000000086,0.0011813999999999998,0.00033589999999999998,0.0010845999999999998,0.00038099999999999939,-0.0010068999999999994
aug_between_class_right_pair0077_child07,TLE,1,1,Augmented,0,0,0,0,0,0.30562800000000001,1.9640748000000001,7.9999999999999996e-07,0,0,0.91150819999999999,0,0.062253599999999992,-0.1226626,0.0224128,0.142045,-0.1098988,0.082921800000000004,-0.0017924000000000006,-0.0090954,-0.00055219999999999922,-0.1361716,0.31115519999999997,-0.071182400000000007,0.00025000000000000543,0.074720999999999996,0.008945599999999998,-0.022642599999999999,-0.0049954000000000005,-0.035048399999999993,0.029489999999999999,0.069162400000000013,-0.045977999999999998,0.016824200000000001,-0.072417400000000007,0.018735199999999997,0.039716600000000005,-0.0024708000000000022,0.007673000000000001,0.026161199999999999,-0.049141999999999998,0.048049800000000004,-0.023169799999999997,-0.12220600000000001,0.085204799999999997,-0.069300799999999996,0.17409999999999998,-0.0242782,0.017499399999999998,-0.0046371999999999993,-0.012604799999999999,-0.0034466000000000011,0.0070813999999999998,0.042057799999999999,0.00094799999999999962,-0.0089368,0.0001648000000000014,-0.041237200000000002,0.0239142,0.035437200000000002,0.0040705999999999971,0.0251136,-0.0105868,0.00037260000000000038,0.024137600000000002,-0.038569800000000001,0.0026160000000000003,0.0083478000000000007,0.0033114000000000021,0.050152999999999996,-0.064491400000000004,-0.0035253999999999997,-0.0092247999999999983,-0.054521799999999995,0.015972799999999999,-0.0027826000000000001,-0.0050354000000000006,0.015781399999999998,0.0087223999999999999,0.00094819999999999952,-0.0078137999999999992,0.0054045999999999999,-0.0012509999999999995,-0.0065246000000000002,0.012176999999999999,-7.5999999999999679e-05,-0.012004999999999998,0.0080344000000000006,0.0006039999999999995,0.00023360000000000047,-0.0069980000000000007,-0.0130756,0.029345800000000002,-0.0118412,-0.0133656,0.0019159999999999984,0.0021263999999999996,0.00053019999999999977,-0.00087659999999999995,-0.0054315999999999991,0.014302800000000001,-0.0055671999999999996,-0.0043171999999999985,0.029125199999999997,-0.0025772,0.015097999999999999,-0.012055400000000001,0.0087952000000000013,0.0032207999999999998,-0.0048379999999999994,-0.0094932000000000002,0.017617799999999999,-0.0057102000000000003,-0.00099480000000000011,-0.00011139999999999989,0.0078174000000000004,-0.0015732000000000001,-0.0056600000000000001,-0.0020659999999999984,0.0110356,-0.0010691999999999993,0.0049075999999999998,0.0098625999999999991,-0.0051106000000000007,-0.0030983999999999999,-0.012696599999999999,0.0073607999999999989,-0.0024568000000000003,-0.0105208,0.013798399999999999,-0.0040293999999999998,0.008933,0.00010839999999999982,-0.014207600000000001,0.0061952000000000005,0.015146799999999998,-0.0017949999999999999,0.0087033999999999983,-0.0086834000000000008,-0.0050030000000000005,-0.0064418000000000001,-0.017247999999999999,0.0063546000000000002,0.0081628000000000013,0.0054978000000000006,0.0104606,0.0019432,-0.0020764000000000004,0.0043404000000000012,-0.0019576000000000003,0.0019228000000000006,0.0035875999999999998,-0.0061157999999999994,0.0039683999999999995,0.0069595999999999998,0.0028230000000000004,-0.0018001999999999996,0.0031701999999999998,0.0025576000000000002,0.00097340000000000002,0.0014377999999999999,0.0014692000000000001,-0.0025668000000000002,-0.0069350000000000002,0.00098199999999999937,-0.0090283999999999989,0.0098822000000000007,-0.00016139999999999991,0.0068541999999999987,-0.0069445999999999996,-0.0015348000000000002,-0.0055288000000000004,-0.0026516000000000001,-0.0079731999999999997,0.0028670000000000006,0.0010803999999999996,0.0060764,0.0127238,-0.0064978000000000006,0.0009639999999999999,0.0014795999999999993,0.0033222,0.0058265999999999995,0.013910599999999999,-0.0033401999999999998,0.00028820000000000007,-0.0014008000000000007,-0.008406799999999999,0.0060559999999999998,-0.018374599999999998,0.0088785999999999986,0.0025480000000000008,0.0012233999999999999,0.0020762000000000003,-0.00050280000000000008,0.00066639999999999972,0.0031902000000000002,0.0044273999999999997,-0.00082260000000000015,-0.0073676000000000002,0.0007093999999999999,0.00086439999999999976,0.0064843999999999995,-0.0013322,0.0003079999999999999,-1.2999999999999937e-05,-0.0057435999999999997,-0.0032545999999999999,5.7400000000000094e-05,-0.0030684000000000002,-0.0019507999999999999,0.0043884000000000006,0.0049993999999999993,-0.0089964000000000016,0.0020274000000000008,0.0053648000000000003,0.00093240000000000033,0.00094099999999999978,0.0047361999999999994,0.0017588,-0.0028182000000000003,-0.0024287999999999996,-0.00011279999999999971,-0.00025819999999999966,-0.00033519999999999991,0.0019001999999999999,0.0039881999999999999,-0.0014503999999999999,-0.0029274000000000001,0.0058988000000000001,-0.00092779999999999946,-0.0040422000000000001,0.0035530000000000002,0.0066674000000000004,0.0012152,0.0049307999999999999,-0.0034031999999999999,0.0069528000000000003,-0.0064057999999999997,0.0080187999999999995,-0.0074282000000000003,-0.0060352000000000001,0.0032942000000000006,0.0032808000000000004,-0.0041485999999999997,-0.0017643999999999997,0.00069140000000000065,-0.00049060000000000011,-0.0022771999999999996,0.0029916000000000001,-0.0070736000000000011,0.00016619999999999992,-0.0033569999999999997,-7.7799999999999953e-05,0.0044998,0.0019587999999999997,-0.0029126000000000004,0.003895200000000001,0.0022366,-0.0004144000000000001,0.002372,-0.00052899999999999996,-0.0027361999999999998,0.0019318,0.0024055999999999999,0.0027930000000000003,-0.005117,-0.0019024000000000005,0.0033441999999999999,-0.0081415999999999988,-0.0050155999999999994,0.0083014000000000004,0.0019485999999999998,0.00028919999999999944,0.0023974000000000001,-0.00036560000000000021,-0.0051350000000000007,-0.00055519999999999983,0.0030942000000000001,-0.0023919999999999996,0.0025950000000000005,0.0072058000000000001,0.0048691999999999997,-0.0054243999999999994,0.00036340000000000027,-0.00024079999999999978,-0.0011614000000000004,0.00088219999999999965,-2.4000000000000583e-06,-0.0052400000000000007,0.0036267999999999995,-0.0035298,0.0034989999999999999,-0.0029475999999999999,-0.0032543999999999993,0.015885400000000001,-0.0051565999999999999,0.0093492000000000002,0.00078079999999999816,0.0017613999999999998,-0.00018839999999999992,-0.0019642000000000001,0.0030293999999999998,0.0023662000000000002,-3.6199999999999958e-05,0.00046839999999999989,0.00026880000000000008,0.0029444000000000002,0.0014415999999999999,0.0023702000000000003,-0.0021259999999999999,-0.0021050000000000001,0.00017880000000000001,-0.00064199999999999978,-0.0010112000000000001,-0.00036820000000000001,-0.00036440000000000002,0.00087119999999999993,-0.00011480000000000013,-0.0020734,0.00039100000000000018,0.0038272000000000007,-0.0042242,-4.3799999999999872e-05,-0.00082780000000000017,-0.0057046000000000006,0.00048179999999999978,0.0018704000000000004,0.00089139999999999998,0.0012352000000000005,0.0011656000000000004,-0.0012570000000000001,-0.0013195999999999998,-0.0037398000000000006,-0.00042099999999999999,0.0024474000000000002,-0.0010566,0.00086760000000000006,-0.00052639999999999968,-0.00075960000000000014,-0.0004153999999999998,-0.0016844,0.00070699999999999995,0.0017736,0.0011893999999999997,0.00035239999999999968,0.0022568000000000006,-0.0049704000000000007,0.0012435999999999999,0.0026776,0.0018411999999999999,0.0016229999999999999,-0.0023103999999999998,-0.0018959999999999984,0.0021576000000000004,0.0022574000000000001,0.0023414,0.0016248000000000002,0.0022912000000000002,0.0020710000000000008,0.0011606000000000001,0.0006655999999999997,-0.0041548000000000002,-0.00057140000000000012,0.0021387999999999997,0.00098200000000000002,0.00043620000000000009,0.0012336000000000001,-0.0017242,0.0019161999999999998,0.0044814,-0.00078100000000000001,-0.00024539999999999995,-0.00036400000000000001,0.00027599999999999988,0.0014552,0.0015565999999999998,0.0011551999999999999,-0.0040006,-0.0012460000000000001,-0.00039479999999999962,-0.0031162000000000008,0.0010992,-0.00083700000000000007,0.0035488000000000004,-0.0020406000000000001,0.00098899999999999986,-0.0025953999999999999,-0.00084400000000000002,-0.001281,0.0020192000000000005,-0.00010379999999999998,0.00071539999999999993,-0.0013364,0.00041719999999999984,0.00023239999999999969,-0.0031268000000000003,0.0015956,-0.0012128,0.0040142000000000008,-5.5000000000000036e-05,0.0017148,0.0026966,-0.0029557999999999997,-0.0019375999999999998,0.00060740000000000013,-0.0023016,-0.0007584,0.00082760000000000038,-0.0006104000000000002,0.0050026000000000003,0.00019240000000000012,-0.00079960000000000014,0.00024979999999999989,-0.0012012000000000004,0.00053860000000000019,-0.00035199999999999988,-0.0021686000000000006,0.0041980000000000003,-0.0015474,-0.00060120000000000019,0.0053702000000000012,-0.0042397999999999984,0.0042848000000000001,-0.0013519999999999999,0.0022242000000000004,-0.0026892000000000001,-0.0095320000000000005,0.0024288000000000001,-0.0055520000000000014,-0.0033712000000000008,0.0021952000000000004,0.00051979999999999995,0.00023459999999999998,-0.0013140000000000001,-0.00017679999999999985,0.0011372000000000001,-7.7799999999999994e-05,0.00038039999999999998,-0.00039619999999999993,-9.9200000000000026e-05,-0.0010218000000000002,0.0033598,-0.00011360000000000027,-0.0009098,0.00047560000000000007,-2.4199999999999992e-05,0.0012577999999999999,-0.00026119999999999995,0.00046239999999999986,7.6399999999999905e-05,0.0010458000000000002,0.0024936000000000003,-0.0017958000000000002,0.00030420000000000002,0.0020155999999999998,0.0010604,5.0000000000000131e-05,0.0018893999999999998,-0.00038199999999999991,-0.00033839999999999999,0.00011519999999999998,-0.00017980000000000001,-0.00062200000000000016,-8.6199999999999818e-05,-0.0010306,0.00071819999999999989,0.00065119999999999978,-0.00021880000000000006,0.0012455999999999999,-0.0015124000000000001,-0.00088539999999999995,-0.00012620000000000014,0.0006504000000000002,-0.0008565999999999999,0.0015794000000000001,-0.00062760000000000029,0.0015431999999999998,-0.00025660000000000006,-0.0011508,0.0022761999999999999,-0.0044174000000000001,-0.0011028000000000001,0.0020263999999999998,0.0018736000000000004,0.0010435999999999998,0.0021906,-0.0026779999999999998,0.0025969999999999999,1.1799999999999962e-05,-0.0025113999999999996,0.0010153999999999996,-0.0011228,0.0019119999999999999,-0.00097799999999999992,-0.0008171999999999997,-0.0050614000000000006,-0.0006115999999999999,-0.007225399999999999,-0.0014155999999999999,-0.0018004000000000006,0.00010859999999999993,0.0017516000000000009,0.00034160000000000006,0.00094839999999999985,0.0017500000000000011,-0.0014056000000000001
aug_between_class_right_pair0077_child08,TLE,1,1,Augmented,0,0,0,0,0,0.30518900000000004,1.9612259000000001,8.9999999999999996e-07,0,0,0.91138459999999999,0,0.062326800000000002,-0.12235729999999999,0.020791900000000002,0.1470745,-0.1115839,0.082381899999999994,-0.0034637000000000001,-0.0094296999999999992,-0.00014310000000000017,-0.13903079999999998,0.3115406,-0.064904199999999995,0.012464000000000003,0.072493999999999989,0.0075183000000000003,-0.022742800000000001,-0.0051571999999999998,-0.032860199999999999,0.028577999999999999,0.072557200000000002,-0.047833500000000001,0.018649100000000002,-0.072255700000000006,0.018539599999999996,0.038090300000000001,-0.0041078999999999994,0.0072330000000000007,0.025177600000000001,-0.047094499999999997,0.051807400000000003,-0.018933400000000003,-0.12337000000000001,0.081500900000000001,-0.069392900000000007,0.17506249999999998,-0.0252211,0.017239200000000003,-0.0042296,-0.0124644,-0.0029887999999999998,0.0067686999999999999,0.042120900000000003,0.0011800000000000001,-0.0094259000000000009,-0.00030609999999999839,-0.0412526,0.025295600000000001,0.035823599999999997,0.0017802999999999986,0.026599299999999999,-0.012204900000000001,0.0010408000000000001,0.022920800000000002,-0.038112900000000005,0.0031020000000000002,0.0081838999999999992,0.004408200000000001,0.048499,-0.062320199999999999,-0.0015231999999999997,-0.0087938999999999969,-0.052674899999999997,0.016454400000000001,-0.0027992999999999998,-0.0054452000000000007,0.015915699999999998,0.0086057000000000008,-0.00065940000000000009,-0.0068223999999999993,0.0049437999999999999,-0.0017660000000000002,-0.0070408000000000007,0.012409999999999999,0.00021500000000000078,-0.010567499999999999,0.0079281999999999998,-0.00093850000000000097,-0.00068320000000000013,-0.0078399999999999997,-0.012612799999999999,0.028645400000000001,-0.011580099999999999,-0.013229299999999999,0.0012449999999999996,0.0027542000000000001,5.9999999999990616e-07,-0.0021517999999999997,-0.0049527999999999994,0.0147919,-0.0049876,-0.003689099999999999,0.028669099999999996,-0.0031495999999999989,0.013183499999999999,-0.0114967,0.0096210999999999988,0.0032909000000000002,-0.0054009999999999996,-0.0090781000000000004,0.018186899999999999,-0.0055621000000000004,-0.00074290000000000033,-9.7199999999999869e-05,0.0083056999999999992,-0.0014655999999999998,-0.0051770000000000002,-0.0033065000000000004,0.0102968,-0.0011175999999999998,0.0050428000000000001,0.0090483000000000004,-0.0054123000000000001,-0.0034932000000000006,-0.0131588,0.0070318999999999998,-0.0030454000000000002,-0.010370899999999999,0.013570200000000001,-0.0040271999999999999,0.010001499999999998,0.00024370000000000121,-0.015028299999999998,0.0062586000000000004,0.015785899999999999,-0.0016969999999999999,0.0082912000000000003,-0.0080346999999999988,-0.0062085000000000005,-0.0067754000000000009,-0.018192,0.0053498,0.0096234000000000007,0.0063334000000000003,0.012373800000000001,0.0022696000000000001,-0.0023647,0.0048147000000000007,-0.0021753000000000002,0.0026784000000000005,0.0034187999999999996,-0.0060204000000000004,0.0044236999999999992,0.0080143000000000002,0.0031549999999999998,-0.0019241000000000002,0.0031376000000000004,0.0026857999999999999,0.0013367000000000001,0.0018264000000000002,0.0012936000000000004,-0.0029849,-0.0066134999999999996,0.0013785000000000004,-0.0090512000000000006,0.010329100000000001,-0.00052269999999999964,0.0074015999999999995,-0.0070477999999999999,-0.0019014000000000001,-0.0053569000000000004,-0.0029097999999999997,-0.0078031000000000003,0.0036240000000000005,0.00074219999999999993,0.0058252,0.0129569,-0.007253400000000001,0.00099050000000000006,0.0012652999999999996,0.0028446000000000001,0.0059407999999999996,0.013127799999999998,-0.0033410999999999996,0.00023809999999999988,-0.0011029000000000004,-0.0080608999999999993,0.0060769999999999999,-0.0178888,0.0089227999999999998,0.0022695000000000007,0.0012022000000000001,0.0025021000000000002,-0.00029239999999999995,0.00097770000000000018,0.0037261000000000004,0.0046431999999999992,-0.00090879999999999997,-0.0077973000000000018,0.00041969999999999996,0.00093419999999999983,0.0073532000000000007,-0.0011676,6.4499999999999941e-05,0.00036250000000000008,-0.0061102999999999991,-0.0037862999999999998,0.00025370000000000004,-0.0032042000000000008,-0.0019094000000000001,0.0041256999999999995,0.0056951999999999992,-0.0095096999999999994,0.0028177000000000007,0.0054514000000000003,0.0014507000000000001,0.0010579999999999997,0.0049616,0.0015724000000000003,-0.0030336000000000004,-0.0026893999999999998,-0.0001579000000000001,-1.6600000000000078e-05,-0.00035610000000000004,0.0022925999999999997,0.0037096,-0.0010852000000000001,-0.0031652,0.0061028999999999996,-0.0015549000000000001,-0.0036115999999999995,0.0032095000000000001,0.0068217,0.0012036,0.0051913999999999997,-0.0040205999999999992,0.0068449000000000001,-0.0053783999999999993,0.0086054000000000009,-0.0083020999999999998,-0.0063776000000000006,0.0032250999999999998,0.0034153999999999999,-0.0045807999999999995,-0.0020301999999999998,0.00091920000000000044,-0.0008208,-0.0022995999999999997,0.0032878,-0.0079103000000000003,-2.9000000000001247e-06,-0.0034099999999999998,1.8100000000000033e-05,0.0044613999999999999,0.0018688999999999999,-0.0029748000000000001,0.0046691000000000007,0.0022092999999999995,4.3799999999999967e-05,0.0021450000000000002,-0.00023299999999999992,-0.0029410999999999999,0.0018154000000000002,0.0022948000000000001,0.0028540000000000002,-0.0052745000000000005,-0.0020367000000000007,0.0035176000000000001,-0.0081703000000000001,-0.0054053000000000009,0.0085521999999999994,0.0019588000000000001,-0.00031840000000000037,0.0026191999999999999,-0.0002113000000000002,-0.0052680000000000001,-0.00030409999999999986,0.0031386000000000001,-0.0022539999999999999,0.0028760000000000005,0.0071518999999999992,0.0046790999999999994,-0.0051976999999999995,0.00085070000000000046,-0.00011839999999999984,-0.0014161999999999998,0.0013256000000000001,-0.00013769999999999993,-0.0056404999999999997,0.0035118999999999992,-0.0037208999999999996,0.003604,-0.0027507999999999999,-0.0031687,0.016517699999999996,-0.0051418000000000002,0.0097996000000000003,0.0012524000000000007,0.0012066999999999998,-4.5699999999999864e-05,-0.0021415999999999996,0.0032251999999999997,0.0026876000000000001,-0.00023460000000000001,0.00014869999999999998,0.00042890000000000002,0.0031802000000000002,0.0017468000000000002,0.0023831,-0.0026394999999999995,-0.0021570000000000001,0.00028690000000000009,-0.00066049999999999985,-0.0012041,-0.00033809999999999998,-0.00061519999999999999,0.00073110000000000004,-0.0002939000000000001,-0.0021767000000000002,0.00057550000000000017,0.0042316000000000003,-0.0042656000000000005,0.00030459999999999992,-0.0010789,-0.0062248000000000008,-3.8599999999999962e-05,0.0020207000000000003,0.0007737,0.0018256000000000001,0.0016123000000000003,-0.0014319999999999999,-0.00082929999999999983,-0.0039104000000000005,-0.00058000000000000011,0.0024331999999999999,-0.0012963000000000002,0.00050880000000000022,3.3300000000000322e-05,-0.00097480000000000006,-0.0001766999999999999,-0.0019261999999999999,0.00049449999999999993,0.0021938000000000001,0.00053769999999999946,0.00018620000000000008,0.0027084000000000006,-0.0054632000000000014,0.0012008000000000001,0.0036378000000000005,0.0020831000000000001,0.0011529999999999999,-0.0021532000000000001,-0.0021974999999999998,0.0027357999999999996,0.0026782000000000004,0.0029421999999999999,0.0024719000000000004,0.0021146000000000003,0.0023380000000000007,0.0010277999999999999,-0.0001627,-0.0044253999999999995,-0.0007427,0.0023268999999999994,0.00096250000000000003,0.0005731,0.0011237999999999999,-0.0017185999999999998,0.0019141000000000002,0.0050401999999999982,-0.00071449999999999997,-0.00020169999999999997,-0.000417,0.00011999999999999988,0.0015266000000000001,0.0017113,0.00092709999999999993,-0.004141800000000001,-0.0013135,-8.2399999999999834e-05,-0.0032381000000000003,0.0010681,-0.0011045,0.0038429000000000007,-0.0021947999999999998,0.0010235000000000001,-0.0027656999999999994,-0.0011005000000000001,-0.00085149999999999993,0.0023286000000000001,1.2099999999999915e-05,0.00033169999999999988,-0.0014251999999999999,0.00022159999999999986,-0.00021630000000000022,-0.0030584000000000002,0.0016038000000000003,-0.0011734000000000002,0.0042871000000000003,-2.4999999999999957e-05,0.0017414000000000002,0.0031917999999999998,-0.0031768999999999999,-0.0019218,0.00038019999999999986,-0.0025123000000000003,-0.00021620000000000016,0.00076930000000000054,-0.0008602000000000002,0.0052063000000000005,0.00034470000000000008,-0.00094129999999999973,0.00015040000000000019,-0.0017896000000000006,0.00044179999999999957,-0.00023199999999999978,-0.0028208,0.0048139999999999997,-0.0019247000000000001,-0.00079710000000000024,0.0058331000000000008,-0.0049418999999999991,0.0044499000000000006,-0.00082449999999999993,0.0025536000000000001,-0.0021926000000000003,-0.0092785000000000003,0.0021294,-0.0055359999999999993,-0.0040756000000000004,0.0026370999999999999,0.00042289999999999993,0.00022129999999999999,-0.0013435000000000001,0.00023809999999999993,0.0010861,-0.00015239999999999996,0.0003392,-0.00035509999999999996,-0.00036160000000000001,-0.0010749000000000002,0.0036629000000000002,-0.0003658,-0.00090689999999999998,0.00047979999999999995,-1.4100000000000004e-05,0.0011094,-6.1599999999999966e-05,0.00018369999999999991,8.0199999999999998e-05,0.0013434000000000002,0.0029668000000000003,-0.0016249000000000001,0.0004906,0.0022382999999999999,0.0010701999999999999,0.00040349999999999978,0.0015781999999999999,-0.00018999999999999996,-0.00030919999999999998,0.00046559999999999982,-0.00016689999999999999,-0.00068000000000000005,0.00032290000000000015,-0.0011592999999999998,0.00044709999999999997,0.00061059999999999999,-0.00026389999999999996,0.0010372999999999997,-0.0016706999999999998,-0.00075619999999999995,-0.00043009999999999999,0.00084120000000000006,-0.0010907999999999998,0.0015177000000000001,-0.0011623000000000002,0.0012381,-0.00026980000000000016,-0.0010334000000000001,0.0025015999999999997,-0.0047831999999999996,-0.0013638999999999999,0.0019386999999999998,0.0020252999999999998,0.00066629999999999988,0.0022758000000000001,-0.0027959999999999999,0.0029434999999999999,-3.4100000000000233e-05,-0.0027092000000000001,0.00067719999999999987,-0.00095589999999999987,0.0016045,-0.0011674999999999999,-0.00050909999999999931,-0.0055757000000000011,-0.00041629999999999998,-0.0077701999999999997,-0.0016868000000000005,-0.0017047,-0.0006276999999999997,0.0023218000000000006,0.00034730000000000004,0.0008121999999999999,0.0031189999999999998,-0.0018043000000000002
aug_between_class_right_pair0078_child05,TLE,1,1,Augmented,0,0,0,0,0,0.30323899999999998,2.0571572000000002,1.1999999999999999e-06,-3.9999999999999993e-07,5.9999999999999997e-07,0.90651379999999993,0,0.050077799999999999,-0.12421739999999999,0.025913200000000001,0.13229759999999999,-0.134239,0.096674800000000005,-0.019725800000000002,-0.020977800000000001,-0.0004689999999999972,-0.1103586,0.33843040000000002,-0.048487400000000007,0.049167800000000011,0.039928999999999999,-0.0098545999999999981,-0.019799199999999999,0.0019688000000000002,-0.042227399999999998,0.0391788,0.022130400000000001,-0.046188399999999998,0.00039679999999999967,-0.080310999999999994,0.017324800000000001,0.054164999999999998,-0.042513200000000001,0.027202399999999998,-0.0126786,-0.054630600000000001,0.040553800000000001,-0.0349666,-0.046841800000000003,0.093214199999999997,-0.045767199999999994,0.17854600000000001,-0.064617000000000008,0.00045719999999999962,-0.010056000000000001,-0.0112488,-0.015921999999999999,0.011671400000000002,0.0366176,-0.0020065999999999999,-0.0010068000000000004,-0.0066062000000000004,-0.0108086,0.012789,0.035340400000000001,0.0073594000000000003,0.019392799999999998,-0.013783799999999999,0.0012548000000000004,0.014087800000000001,-0.032468799999999999,-0.013512799999999998,0.0038123999999999996,0.0049748000000000014,0.0274778,-0.10240199999999999,-0.0063241999999999986,-0.036425200000000005,0.0018773999999999978,0.0010902000000000012,-0.0022683999999999998,0.00010279999999999995,0.015387400000000001,-0.0026140000000000009,0.0027475999999999998,-0.0139308,0.010295800000000001,0.0047072000000000008,-0.0017009999999999998,0.007378,0.008512200000000001,-0.018981999999999999,0.0014141999999999996,0.0085488000000000005,0.0067463999999999996,-0.0062037999999999998,-0.0040534000000000004,0.014356000000000001,-0.013445799999999999,-0.0038196000000000003,-0.011853800000000001,-0.011190399999999998,0.0091742000000000004,-0.0082209999999999991,-0.010612999999999999,0.0126918,-0.0047927999999999998,0.0067013999999999997,0.004716999999999999,-0.00017779999999999923,0.0093360000000000005,-0.0043518000000000029,0.0084960000000000001,-0.00068439999999999994,-0.0005761999999999998,-0.0054666000000000003,0.0091503999999999995,-0.0054716000000000001,-0.011271400000000001,-0.0011276000000000001,0.00096200000000000018,-0.0036620000000000003,-0.0039947999999999997,0.0061669999999999997,0.0131962,0.0015776000000000002,-0.0013090000000000007,0.0109476,-0.0096848000000000004,0.0010690000000000001,-0.0073977999999999995,0.0111036,-0.0010796,-0.0122766,0.0079490000000000012,0.0016224000000000013,0.0041301999999999997,-0.0031225999999999997,-0.0032530000000000002,-0.00046479999999999959,0.0048026000000000015,-0.0027683999999999999,-0.0013226000000000002,-0.013106999999999999,-0.00080479999999999961,-0.0048242000000000007,-0.0060541999999999992,0.0068989999999999998,0.0019783999999999995,0.0028930000000000006,-0.0050321999999999997,6.5999999999994015e-06,0.0025457999999999995,-0.0012733999999999998,-0.00092459999999999992,0.0020806000000000002,-0.00014560000000000029,-0.00014740000000000022,0.00051059999999999994,-0.0014512000000000001,0.0074996000000000004,-0.0017242,0.00040859999999999985,0.0057732000000000009,-0.00061860000000000007,-0.0061414,-0.0025330000000000001,-0.0073759999999999997,-0.00099779999999999964,-0.0032905999999999999,-0.00044819999999999973,0.0058426000000000007,0.0021779999999999998,-0.0015333999999999999,-0.0040391999999999997,-0.012002200000000001,-0.0038846000000000002,-0.0037426,-0.0050688000000000009,0.0084605999999999987,0.0074911999999999999,0.0076044000000000007,0.0044662,-0.0079483999999999996,0.0017163999999999999,0.015874799999999998,0.0038003999999999998,0.00092579999999999984,0.018794999999999999,-0.0090906000000000008,-0.00054539999999999992,-0.024942599999999999,0.0063207999999999997,0.0057917999999999997,-0.00023179999999999989,0.014008199999999998,-0.0016692000000000002,-0.0025491999999999997,-0.00031119999999999997,-0.0027531999999999999,-0.00033360000000000009,-0.0010735999999999996,-8.5999999999999922e-06,-0.0025127999999999999,0.0008162,-0.0010184,0.0040486000000000003,-0.0019553999999999999,0.0028602000000000002,7.3600000000000108e-05,0.00010339999999999997,-0.0026189999999999998,0.0012462,0.00068940000000000017,-0.0019443999999999998,-0.0029776000000000004,-0.00014000000000000037,-9.1200000000000048e-05,-0.0051161999999999996,0.0015568000000000001,0.0067511999999999989,0.0020357999999999999,0.0033350000000000003,0.0025631999999999999,0.0031556000000000002,-0.0035746000000000003,-0.00011599999999999946,0.0027000000000000001,0.00019979999999999998,0.0021578000000000005,0.0028078000000000001,0.0063444,-0.0014992,-0.00096579999999999995,0.00034360000000000011,0.00014260000000000011,0.0013791999999999993,0.0042042,0.0033784000000000002,0.0024106000000000002,-0.0012576000000000004,-0.0029472000000000001,0.0057882000000000003,-0.0079503999999999998,0.0114888,-0.010529,-0.007304999999999999,-0.0064691999999999996,0.00070220000000000005,-0.001036,-0.0022911999999999997,-0.0010189999999999999,-0.0017128,0.0042556,0.0014069999999999998,0.00040120000000000005,0.00080959999999999984,-0.0010415999999999999,0.0011407999999999993,0.0040879999999999996,-0.0029884000000000004,0.0015653999999999998,-0.0017728000000000002,0.0016542000000000002,0.0011377999999999998,0.0030436,-0.00095859999999999999,-0.0018536,-0.0021501999999999997,-0.00046499999999999992,-0.0016351999999999992,-0.0079180000000000014,0.0014042,0.0033268,-0.0010259999999999998,-0.0003215999999999999,0.0030323999999999998,0.00085920000000000018,0.0032167999999999997,-0.00058620000000000005,-0.0014653999999999999,-0.0021555999999999997,0.00051979999999999995,0.0050023999999999997,-0.0016692,-0.00092539999999999994,-0.00093380000000000025,0.0029103999999999996,-0.0026747999999999997,0.0018756000000000003,-0.0069940000000000002,0.0010479999999999999,0.0055199999999999989,0.0049324,-0.0005937999999999998,-0.0027604000000000001,-0.0069099999999999995,0.0054557999999999994,-0.00084359999999999991,-0.00047880000000000015,0.0062169999999999994,-0.0022373999999999996,0.0054178000000000004,-0.0071520000000000004,0.0010896,-0.0014399999999999999,0.00069999999999999999,-0.00019960000000000008,-0.0025346000000000001,0.0016298,-0.002738,0.00090459999999999998,0.00055320000000000022,-0.0010059999999999999,0.0019543999999999998,0.00076819999999999992,-0.0012885999999999998,0.0022409999999999999,0.0014145999999999998,0.0011714,0.0016159999999999998,0.00076100000000000007,-0.00035839999999999982,0.00068539999999999985,-0.00088560000000000006,-0.00091960000000000002,0.003032,-0.0028342000000000003,0.0015614000000000005,0.00081000000000000039,-0.0020571999999999999,-0.00026159999999999985,-0.0017861999999999999,-0.0026983999999999997,0.00025920000000000001,-0.0014913999999999997,-0.00052840000000000016,-0.00073320000000000026,-0.0021402000000000001,-0.00038240000000000008,-0.00083759999999999998,0.0013455999999999997,0.0014915999999999996,-0.00081459999999999985,-0.00069620000000000001,0.002042,-0.00063780000000000011,0.00088779999999999946,-4.5799999999999921e-05,0.0026955999999999998,-6.8199999999999598e-05,0.00051739999999999989,-0.00016820000000000008,-0.00093380000000000004,0.00052599999999999956,0.0035231999999999993,-0.0020765999999999996,-0.0053391999999999997,0.0035093999999999998,-0.0075403999999999992,0.0054781999999999999,0.0019725999999999997,0.0065370000000000003,0.012677600000000001,-0.0049735999999999999,0.0057646000000000008,-0.0030846000000000007,-0.0056007999999999995,3.6000000000000062e-05,0.00087220000000000006,0.00054359999999999999,-0.00038620000000000006,-0.00077260000000000002,0.00060719999999999991,-0.0026363999999999997,-0.00037160000000000003,0.00093919999999999984,-0.00091300000000000007,-0.00037159999999999998,0.0001024,-0.00019359999999999996,-0.0005264,-0.0010657999999999998,-0.0028565999999999999,-0.0011064,-0.0014030000000000002,0.0018332000000000001,0.0014866,0.0013176000000000002,0.0010156,0.0018749999999999999,-0.00082160000000000002,0.00036679999999999981,-0.00095419999999999967,0.00068300000000000012,0.0025046000000000001,-7.3799999999999951e-05,0.0022322000000000002,0.00037979999999999991,0.00064159999999999998,-0.0015060000000000002,0.0010332,-0.0015414000000000001,0.0017875999999999999,0.0011806000000000002,-0.00093660000000000011,0.0022022000000000001,0.0022426000000000004,0.00019640000000000022,-0.001415,-0.00093959999999999985,-0.0017338,-0.00096120000000000005,-0.0021310000000000001,-0.0011181999999999997,0.0029890000000000003,0.0014782,0.0010721999999999999,-0.0033946000000000002,-0.0016567999999999999,0.0033600000000000001,-0.0030497999999999996,0.00090359999999999985,0.0028019999999999998,-0.0015471999999999999,-0.00083400000000000032,0.0038098000000000003,0.0016274,0.0053325999999999998,-0.0014068000000000002,0.0033445999999999997,-0.0025225999999999998,-0.0068326000000000003,0.0012224,-0.0057187999999999996,-0.0018952000000000001,0.0021906000000000004,0.0010322,-0.0015706000000000001,-4.3799999999999764e-05,0.0011126000000000003,0.00056960000000000008,0.00055360000000000001,-0.00010579999999999994,4.5799999999999921e-05,0.0014537999999999999,-0.0018377999999999999,0.0010196000000000001,-0.00021200000000000006,-0.00051380000000000002,-0.0014246,0.0022062000000000002,0.00028200000000000008,-7.599999999999995e-06,0.00086819999999999996,-0.00072459999999999994,-0.00075699999999999986,-0.00023780000000000003,0.00054579999999999993,2.3400000000000027e-05,0.0028222,-0.00043940000000000027,0.0018982000000000001,-0.0018893999999999998,-0.00046779999999999988,0.00013080000000000004,0.00038779999999999999,0.00075840000000000011,0.0011460000000000003,-0.0027040000000000002,-0.00053299999999999995,0.0015012000000000001,-0.0014212000000000001,0.0009281999999999999,0.0010319999999999999,0.0019343999999999997,-0.0018694,0.0018816000000000002,0.00092880000000000002,0.0026251999999999994,-0.0026174000000000002,0.0010516,-0.00023360000000000004,-0.0029718000000000001,0.0012708000000000001,-0.0037872000000000001,-0.0019559999999999998,1.7200000000000039e-05,0.0038142000000000007,-0.0012022000000000001,0.001642,-0.0017355999999999999,-0.0012421999999999997,-0.00028019999999999987,0.00032739999999999983,0.0019122,-0.00026660000000000008,0.0024472000000000001,0.0023732000000000002,-0.0019762,-0.0045724000000000008,0.0063185999999999997,-0.00019720000000000013,0.0074911999999999991,-0.0025261999999999997,0.00032499999999999999,0.0014059999999999997,-0.0046502000000000002,-0.0020805999999999997,0.00027340000000000003,0.0047570000000000008,-0.00072119999999999997
aug_between_class_right_pair0078_child06,TLE,1,1,Augmented,0,0,0,0,0,0.29803750000000001,2.0621374000000001,1.3999999999999997e-06,-2.9999999999999993e-07,6.9999999999999986e-07,0.89783959999999996,0,0.050892100000000003,-0.12732479999999999,0.0274854,0.1341437,-0.1363415,0.093278100000000003,-0.020989599999999997,-0.0216026,0.00013200000000000017,-0.1093147,0.34268680000000001,-0.050310300000000002,0.053439100000000003,0.041077500000000003,-0.011960700000000001,-0.020261399999999999,0.0024041000000000006,-0.042235299999999996,0.039300600000000005,0.021616300000000001,-0.046751299999999996,-0.00085789999999999868,-0.078395999999999993,0.017583100000000001,0.054073499999999997,-0.044896899999999997,0.0265793,-0.016085199999999994,-0.052760700000000001,0.038884599999999998,-0.034656199999999998,-0.051018100000000004,0.091555399999999995,-0.050925399999999996,0.17856900000000001,-0.066180500000000003,0.00038740000000000128,-0.0099060000000000016,-0.010315600000000001,-0.017156999999999999,0.011625300000000002,0.035550200000000004,-0.0019746999999999998,-0.0010701,-0.0056998999999999991,-0.011629699999999998,0.014366500000000001,0.033547800000000003,0.0069908000000000001,0.0196571,-0.016134099999999998,0.00049060000000000065,0.013829600000000001,-0.033741600000000004,-0.014778599999999999,0.0058677999999999994,0.0046936000000000026,0.026665100000000001,-0.10379049999999999,-0.0086158999999999975,-0.035120400000000003,0.0055092999999999948,0.00011890000000000164,-0.0031107999999999991,6.5099999999999956e-05,0.015636300000000002,-0.0021859999999999996,0.0027052000000000001,-0.016098099999999997,0.0100596,0.0037554000000000008,-0.001474,0.0082749999999999976,0.0090523999999999986,-0.019112000000000001,0.002170899999999999,0.0076066000000000007,0.0048812999999999999,-0.0051586000000000002,-0.0023838000000000019,0.0150645,-0.0116326,-0.0041562000000000005,-0.0123216,-0.013661299999999998,0.011046899999999998,-0.0077415000000000001,-0.0097875000000000011,0.012986600000000001,-0.0030471000000000005,0.0073702999999999998,0.004744,-0.0017725999999999992,0.0083015000000000016,-0.0021366000000000007,0.0106535,-0.00082280000000000005,-0.0010619,-0.004571200000000001,0.0088877999999999995,-0.0047187000000000002,-0.010658300000000001,-0.00081020000000000018,0.00082399999999999921,-0.0034435000000000004,-0.0037046000000000002,0.0063794999999999998,0.0126984,0.0029391999999999995,-0.002594,0.0111317,-0.0095365999999999992,0.0014204999999999999,-0.0072766000000000003,0.011344700000000001,-0.0010181999999999999,-0.0116402,0.0070569999999999999,0.0019498000000000007,0.0038254000000000001,-0.0034971999999999998,-0.0039550000000000002,-0.0010395999999999982,0.003532200000000001,-0.0026353000000000001,-0.0010082000000000001,-0.012945,-0.0016880999999999997,-0.0050679000000000002,-0.0066934000000000004,0.0068169999999999993,0.0025867999999999993,0.0021010000000000004,-0.0040314000000000001,0.00075169999999999924,0.0027480999999999994,-0.0016622999999999996,-0.00082820000000000007,0.0019752000000000003,0.00042629999999999957,-0.00067379999999999957,0.00060819999999999993,-0.0010194000000000002,0.0071857000000000015,-0.0016383999999999999,-7.6299999999999849e-05,0.0056604000000000012,-7.5200000000000324e-05,-0.0065242999999999994,-0.0025019999999999999,-0.0080809999999999996,-0.0014530999999999997,-0.0020781999999999997,-0.0011833999999999996,0.0064567000000000001,0.0025384999999999995,-0.0013262999999999999,-0.0040904000000000001,-0.0117219,-0.0038792000000000002,-0.0033706999999999999,-0.0042446000000000003,0.008168700000000001,0.007746900000000001,0.0071423000000000007,0.0048038999999999998,-0.0086478000000000006,0.0024757999999999998,0.0168571,0.0037032999999999996,0.00067409999999999996,0.019186499999999999,-0.0096816999999999997,0.00015819999999999983,-0.026991699999999997,0.007247599999999999,0.0064666000000000003,-0.00021760000000000009,0.016281400000000001,-0.0010419000000000001,-0.0023233999999999998,-6.6899999999999946e-05,-0.0026664000000000002,-0.00031869999999999989,-0.0015231999999999997,0.00012679999999999994,-0.0027006,0.0014213999999999993,-0.00078830000000000024,0.0038586999999999996,-0.0021952999999999999,0.0021629000000000006,0.0002452,4.3299999999999968e-05,-0.0028720000000000004,0.0015799000000000002,0.00042580000000000027,-0.0017363000000000001,-0.0028102000000000005,-0.00011399999999999995,-0.00027589999999999993,-0.0058738999999999996,0.0017160999999999995,0.0074178999999999981,0.0015116000000000001,0.0043199999999999992,0.0025983999999999998,0.0029557000000000003,-0.0032172000000000004,-0.00073049999999999927,0.0023575000000000002,0.00058509999999999986,0.0022531000000000001,0.0031210999999999999,0.0066777999999999994,-0.0012569,-0.00099559999999999991,-4.4799999999999571e-05,0.00010570000000000024,0.001768899999999999,0.0037709000000000006,0.0033673000000000002,0.0024577000000000002,-0.00069370000000000044,-0.0025974000000000006,0.0067063999999999995,-0.0076863000000000001,0.011964099999999998,-0.010661499999999999,-0.0084569999999999992,-0.0073498999999999995,0.00046440000000000023,-0.00091600000000000004,-0.0025258999999999998,-0.00149,-0.0016971,0.0046376999999999998,0.0017479999999999998,9.0400000000000083e-05,0.00091869999999999983,-0.0011781999999999999,0.0015560999999999997,0.0041364999999999996,-0.0032863000000000002,0.0019902999999999995,-0.0013896000000000002,0.0018814000000000001,0.0013300999999999999,0.0031811999999999999,-0.00077420000000000006,-0.0019191999999999998,-0.0025518999999999993,-0.00027349999999999965,-0.002343399999999999,-0.0079639999999999989,0.0011564000000000001,0.0031976000000000001,-0.00076099999999999952,-0.0002477,0.0030377999999999998,0.00015239999999999991,0.0034760999999999998,-0.00070889999999999994,-0.0018522999999999999,-0.0018487,0.00078309999999999968,0.0046452999999999998,-0.0017079,-0.0011342999999999998,-0.00095410000000000026,0.0036432999999999995,-0.0030270999999999996,0.0020187,-0.0073489999999999996,0.00055500000000000081,0.0065994999999999995,0.0051227999999999994,0.00010840000000000025,-0.0030573000000000002,-0.0071129999999999995,0.005620599999999999,-0.00066220000000000038,-0.00019260000000000045,0.0060935,-0.0031342999999999996,0.0056036000000000002,-0.0078450000000000013,0.0010237,-0.0015479999999999999,0.00082899999999999998,-0.00022620000000000008,-0.0029342000000000001,0.0017066,-0.0029104999999999999,0.00089720000000000002,0.00021540000000000036,-0.0010084999999999998,0.0023737999999999997,0.00038940000000000003,-0.0015231999999999999,0.0025449999999999995,0.0015777,0.00069780000000000016,0.0013185,0.00098050000000000003,-0.0002578000000000003,0.0010147999999999999,-0.00091720000000000007,-0.00071020000000000013,0.0031034999999999999,-0.0025624000000000003,0.0016018000000000004,0.00068650000000000004,-0.0026633999999999998,-0.00016470000000000005,-0.0014534000000000001,-0.0031147999999999992,3.6400000000000234e-05,-0.0023352999999999994,-0.00030980000000000027,-0.00026740000000000032,-0.0020948999999999998,-0.00026030000000000009,-0.0006267,0.0016036999999999996,0.0012737,-0.0011546999999999998,-0.00089440000000000006,0.0019139999999999999,-0.00063759999999999999,0.0015615999999999994,-0.00013459999999999994,0.0028341999999999998,-0.00049339999999999974,0.00011629999999999995,-0.00046039999999999997,-0.00043860000000000014,0.00084049999999999967,0.0030943999999999998,-0.0025731999999999994,-0.0053598999999999999,0.0038127999999999999,-0.0084428000000000003,0.0053838999999999996,0.0020276999999999999,0.0067169999999999999,0.0131912,-0.0049512000000000002,0.0063777,-0.0033087000000000012,-0.0059680999999999996,0.00022050000000000005,0.00082339999999999996,0.00047969999999999995,-0.00021140000000000004,-0.00076119999999999985,0.00064039999999999985,-0.0027732999999999998,-0.00042520000000000004,0.0012618999999999998,-0.00091950000000000007,-0.00048619999999999995,0.00012080000000000001,-0.00029720000000000007,-0.00045830000000000008,-0.0014701000000000002,-0.0027131999999999998,-0.0011887999999999998,-0.00099300000000000039,0.0017593999999999999,0.0019167000000000001,0.0010842,0.00096370000000000006,0.0020775000000000004,-0.00047770000000000017,0.00065609999999999952,-0.0013458999999999997,0.00083250000000000023,0.0027701999999999996,-0.00023859999999999994,0.0023904,0.00020110000000000006,0.00067519999999999993,-0.0014679999999999999,0.00083690000000000001,-0.0017723000000000001,0.0018536999999999998,0.00096270000000000014,-0.00076270000000000005,0.0022523999999999999,0.0023407000000000002,0.00089629999999999983,-0.0012375000000000001,-0.00064370000000000009,-0.0019876,-0.0010438999999999999,-0.0023354999999999999,-0.0014388999999999997,0.003078,0.0014828999999999999,0.0012373999999999996,-0.0032112,-0.0019730999999999998,0.0033280000000000002,-0.0031520999999999997,0.0012011999999999995,0.0032629999999999998,-0.0013099000000000001,-0.0014550000000000001,0.0043411000000000005,0.0018907999999999998,0.0055946999999999993,-0.0011826000000000002,0.0038071999999999993,-0.0024971999999999998,-0.0073672,0.0010373000000000001,-0.006900100000000001,-0.0027843999999999998,0.0026146999999999998,0.00092739999999999999,-0.0014867000000000001,-0.00021109999999999982,0.0011536999999999999,0.00049070000000000006,0.00023370000000000026,-0.00025209999999999989,0.00024459999999999971,0.0011386,-0.0017961000000000001,0.00088670000000000003,5.6500000000000018e-05,-0.00034710000000000003,-0.0015047000000000001,0.0022709000000000002,0.00053799999999999996,-0.00016969999999999995,0.0010403999999999999,-0.00077269999999999986,-0.00085399999999999994,-6.6100000000000035e-05,0.00045909999999999999,3.3800000000000063e-05,0.0027074,-0.00047129999999999991,0.0021959000000000002,-0.0021167999999999998,-0.00068709999999999995,7.0600000000000063e-05,0.00028659999999999992,0.00060880000000000016,0.0013515000000000001,-0.0028575000000000002,-0.00021199999999999995,0.0015409,-0.0016818999999999998,0.00075040000000000003,0.0011645000000000002,0.0017407999999999998,-0.0021487999999999998,0.0020162000000000001,0.0013816,0.0030353999999999997,-0.0026343,0.0011497,-0.00034719999999999998,-0.0031270999999999998,0.0014231000000000001,-0.0041479000000000004,-0.0021019999999999997,0.0003279,0.0040799000000000009,-0.0013534,0.0015435000000000002,-0.0017421999999999997,-0.0012484,-0.00033140000000000003,0.00026230000000000003,0.0022218999999999997,-3.9700000000000179e-05,0.0024188999999999999,0.0023494000000000002,-0.0019158999999999999,-0.0048788,0.0063831999999999986,0.0001410999999999998,0.008221899999999999,-0.0023373999999999999,0.00027700000000000001,0.0013114999999999997,-0.0046369000000000011,-0.0021437000000000001,0.00015730000000000008,0.005428500000000001,-0.00059390000000000007
aug_between_class_right_pair0078_child07,TLE,1,1,Augmented,0,0,0,0,0,0.29283599999999999,2.0671176,1.6000000000000001e-06,-1.9999999999999999e-07,8.0000000000000007e-07,0.88916539999999999,0,0.0517064,-0.1304322,0.029057600000000003,0.13598979999999999,-0.13844399999999998,0.0898814,-0.0222534,-0.022227400000000001,0.00073300000000000101,-0.1082708,0.34694320000000001,-0.052133200000000005,0.057710400000000009,0.042226,-0.014066800000000001,-0.020723600000000002,0.0028394000000000002,-0.042243199999999995,0.039422399999999996,0.021102200000000002,-0.047314200000000001,-0.0021126000000000005,-0.076480999999999993,0.0178414,0.053982000000000002,-0.047280600000000006,0.025956199999999999,-0.019491799999999997,-0.0508908,0.037215399999999996,-0.034345799999999996,-0.055194400000000012,0.089896599999999993,-0.056083599999999997,0.178592,-0.067743999999999999,0.00031759999999999948,-0.0097560000000000025,-0.0093823999999999991,-0.018391999999999999,0.011579199999999998,0.034482800000000001,-0.0019428000000000002,-0.0011334000000000006,-0.0047935999999999986,-0.0124508,0.015944,0.031755199999999997,0.0066222,0.019921399999999999,-0.018484400000000002,-0.00027360000000000036,0.013571400000000001,-0.035014400000000001,-0.016044399999999997,0.0079232000000000018,0.0044124000000000003,0.025852399999999998,-0.10517899999999999,-0.0109076,-0.033815600000000001,0.0091411999999999952,-0.00085239999999999969,-0.0039531999999999996,2.7399999999999961e-05,0.015885200000000002,-0.001758,0.0026627999999999999,-0.018265400000000001,0.0098233999999999995,0.0028036000000000003,-0.0012469999999999998,0.0091719999999999996,0.0095925999999999997,-0.019241999999999999,0.0029275999999999998,0.0066644,0.0030161999999999984,-0.0041133999999999988,-0.00071419999999999817,0.015773000000000002,-0.009819399999999999,-0.0044927999999999999,-0.012789400000000003,-0.016132199999999999,0.0129196,-0.0072619999999999994,-0.0089619999999999995,0.0132814,-0.0013013999999999994,0.0080391999999999998,0.0047709999999999992,-0.0033674000000000004,0.0072669999999999992,7.8599999999999851e-05,0.012811000000000001,-0.00096120000000000038,-0.0015476000000000003,-0.0036757999999999999,0.0086251999999999995,-0.0039657999999999994,-0.010045200000000001,-0.00049279999999999994,0.00068599999999999998,-0.003225,-0.0034143999999999997,0.0065919999999999998,0.012200599999999999,0.0043008000000000005,-0.0038790000000000009,0.011315799999999999,-0.0093883999999999999,0.0017720000000000004,-0.0071554000000000001,0.0115858,-0.00095680000000000005,-0.011003800000000001,0.0061649999999999995,0.0022772000000000009,0.0035205999999999996,-0.0038717999999999999,-0.0046570000000000005,-0.0016144000000000002,0.0022617999999999996,-0.0025022,-0.00069379999999999984,-0.012782999999999999,-0.0025714000000000002,-0.0053116000000000005,-0.0073326000000000007,0.0067349999999999997,0.0031952,0.0013089999999999996,-0.0030305999999999996,0.0014968000000000004,0.0029504000000000002,-0.0020512000000000004,-0.00073180000000000001,0.0018698,0.0009982000000000003,-0.0012002000000000002,0.00070580000000000003,-0.00058759999999999975,0.0068718000000000008,-0.0015525999999999999,-0.0005612000000000002,0.0055476000000000006,0.00046820000000000032,-0.0069072000000000005,-0.0024710000000000001,-0.0087860000000000004,-0.0019084,-0.00086579999999999904,-0.0019186000000000003,0.0070708000000000012,0.0028990000000000001,-0.0011191999999999999,-0.0041416000000000005,-0.011441600000000001,-0.0038738000000000002,-0.0029987999999999998,-0.0034203999999999997,0.0078767999999999998,0.0080026000000000003,0.006680199999999999,0.0051416000000000005,-0.0093472,0.0032352000000000006,0.017839399999999998,0.0036061999999999995,0.0004223999999999998,0.019577999999999998,-0.010272799999999999,0.00086180000000000046,-0.029040799999999999,0.0081744000000000018,0.0071414000000000009,-0.00020339999999999941,0.018554600000000001,-0.00041459999999999956,-0.0020975999999999998,0.00017740000000000008,-0.0025796,-0.0003037999999999999,-0.0019728000000000002,0.00026220000000000008,-0.0028884000000000002,0.0020265999999999995,-0.00055820000000000002,0.0036687999999999998,-0.0024352000000000002,0.0014655999999999998,0.00041680000000000026,-1.6800000000000029e-05,-0.0031250000000000002,0.0019136000000000003,0.00016219999999999996,-0.0015281999999999995,-0.0026427999999999998,-8.7999999999999971e-05,-0.00046060000000000046,-0.0066315999999999996,0.0018754000000000006,0.0080845999999999991,0.00098739999999999982,0.0053050000000000016,0.0026335999999999998,0.0027558000000000001,-0.0028598,-0.0013450000000000003,0.0020149999999999999,0.00097040000000000017,0.0023484000000000005,0.0034344000000000002,0.0070112000000000004,-0.0010145999999999998,-0.0010254000000000001,-0.00043320000000000034,6.8800000000000371e-05,0.0021586000000000005,0.0033376,0.0033562000000000002,0.0025048000000000006,-0.00012980000000000001,-0.0022475999999999998,0.0076246000000000005,-0.0074222000000000003,0.0124394,-0.010793999999999998,-0.0096089999999999995,-0.0082305999999999994,0.00022659999999999976,-0.00079599999999999983,-0.0027606000000000002,-0.0019610000000000005,-0.0016814,0.0050198000000000013,0.0020890000000000001,-0.00022040000000000013,0.0010277999999999997,-0.0013148000000000001,0.0019713999999999999,0.0041850000000000004,-0.0035842000000000005,0.0024151999999999997,-0.0010063999999999997,0.0021086,0.0015224000000000001,0.0033188000000000002,-0.0005897999999999997,-0.0019847999999999997,-0.0029536000000000007,-8.1999999999999825e-05,-0.0030515999999999998,-0.0080099999999999998,0.00090859999999999986,0.0030683999999999998,-0.00049599999999999991,-0.00017379999999999989,0.0030431999999999998,-0.00055440000000000068,0.0037354000000000003,-0.00083160000000000005,-0.0022391999999999998,-0.0015417999999999999,0.0010463999999999996,0.0042881999999999998,-0.0017466000000000001,-0.0013431999999999999,-0.0009744000000000007,0.0043762000000000002,-0.0033793999999999999,0.0021618000000000002,-0.0077039999999999999,6.2000000000000423e-05,0.0076790000000000001,0.0053132000000000006,0.0008106000000000003,-0.0033542000000000003,-0.0073159999999999996,0.0057853999999999987,-0.00048079999999999998,9.3600000000000107e-05,0.0059699999999999996,-0.0040312000000000004,0.0057894000000000001,-0.0085380000000000005,0.00095779999999999997,-0.0016559999999999999,0.00095800000000000019,-0.00025279999999999996,-0.0033338000000000009,0.0017834000000000001,-0.0030829999999999998,0.00088980000000000005,-0.00012240000000000016,-0.001011,0.0027932000000000005,1.0599999999999824e-05,-0.0017577999999999999,0.002849,0.0017408,0.00022419999999999981,0.001021,0.0012000000000000003,-0.00015720000000000013,0.0013442,-0.00094880000000000008,-0.00050079999999999992,0.0031750000000000003,-0.0022905999999999998,0.0016421999999999999,0.0005629999999999997,-0.0032696000000000005,-6.7800000000000022e-05,-0.0011205999999999998,-0.0035312,-0.00018639999999999998,-0.0031792000000000001,-9.119999999999994e-05,0.00019840000000000005,-0.0020495999999999999,-0.00013819999999999994,-0.00041579999999999992,0.0018618,0.0010557999999999998,-0.0014947999999999999,-0.0010926,0.0017859999999999998,-0.00063739999999999988,0.0022354000000000002,-0.00022340000000000001,0.0029727999999999998,-0.00091860000000000075,-0.0002848000000000002,-0.0007526000000000003,5.6600000000000292e-05,0.0011549999999999998,0.0026655999999999997,-0.0030698000000000001,-0.0053806000000000001,0.0041161999999999995,-0.0093452000000000014,0.0052895999999999993,0.0020828000000000001,0.0068970000000000012,0.0137048,-0.0049288000000000005,0.0069908000000000001,-0.0035328,-0.0063353999999999997,0.00040500000000000003,0.00077459999999999996,0.00041579999999999997,-3.6600000000000022e-05,-0.0007497999999999999,0.00067359999999999978,-0.0029101999999999999,-0.00047880000000000015,0.0015846000000000005,-0.00092600000000000007,-0.00060079999999999986,0.00013919999999999991,-0.00040080000000000009,-0.0003902,-0.0018744000000000005,-0.0025698000000000001,-0.0012711999999999999,-0.00058299999999999964,0.0016856,0.0023468,0.00085079999999999986,0.00091179999999999994,0.0022799999999999999,-0.00013379999999999989,0.0009454000000000001,-0.0017376,0.00098200000000000023,0.0030358,-0.0004034000000000001,0.0025485999999999998,2.2399999999999894e-05,0.00070879999999999988,-0.0014300000000000001,0.00064059999999999996,-0.0020032000000000001,0.0019198000000000002,0.0007448,-0.0005888,0.0023026000000000001,0.0024388000000000005,0.0015962000000000001,-0.00106,-0.00034779999999999978,-0.0022414000000000002,-0.0011266000000000002,-0.0025400000000000002,-0.0017595999999999998,0.0031670000000000005,0.0014876000000000002,0.0014025999999999999,-0.0030278000000000002,-0.0022894,0.0032959999999999999,-0.0032543999999999993,0.0014988,0.0037240000000000007,-0.0010725999999999999,-0.0020760000000000006,0.0048724000000000007,0.0021542000000000002,0.0058568000000000005,-0.00095839999999999999,0.0042697999999999998,-0.0024717999999999997,-0.0079018000000000005,0.0008521999999999999,-0.0080814000000000007,-0.0036736000000000004,0.0030388000000000004,0.00082259999999999994,-0.0014028000000000001,-0.00037840000000000004,0.0011948,0.00041180000000000003,-8.6200000000000144e-05,-0.00039840000000000014,0.00044339999999999999,0.00082339999999999985,-0.0017543999999999999,0.00075379999999999978,0.0003250000000000002,-0.00018040000000000005,-0.0015848000000000001,0.0023356000000000002,0.00079400000000000011,-0.00033180000000000004,0.0012126000000000003,-0.00082079999999999978,-0.00095099999999999981,0.00010560000000000013,0.0003724,4.4199999999999882e-05,0.0025926,-0.00050319999999999998,0.0024936000000000003,-0.0023442000000000003,-0.00090640000000000002,1.0399999999999982e-05,0.00018539999999999984,0.00045919999999999989,0.0015570000000000002,-0.0030110000000000002,0.00010900000000000021,0.0015805999999999999,-0.0019426000000000003,0.00057259999999999993,0.0012970000000000004,0.0015471999999999999,-0.0024282000000000001,0.0021508,0.0018344000000000001,0.0034456000000000001,-0.0026511999999999998,0.0012477999999999999,-0.00046080000000000014,-0.0032824000000000004,0.0015754,-0.0045086000000000006,-0.002248,0.00063860000000000056,0.0043455999999999998,-0.0015046,0.0014449999999999999,-0.0017488,-0.0012545999999999998,-0.00038259999999999998,0.00019720000000000002,0.0025316000000000002,0.00018720000000000008,0.0023905999999999997,0.0023255999999999997,-0.0018556,-0.0051852000000000001,0.0064478000000000001,0.00047940000000000016,0.0089525999999999998,-0.0021486000000000001,0.00022899999999999993,0.0012170000000000002,-0.0046236000000000003,-0.0022068000000000001,4.1199999999999917e-05,0.0060999999999999995,-0.00046659999999999974
aug_between_class_right_pair0078_child08,TLE,1,1,Augmented,0,0,0,0,0,0.28763450000000002,2.0720978000000003,1.8000000000000001e-06,-9.9999999999999995e-08,9.0000000000000007e-07,0.88049119999999992,0,0.052520700000000003,-0.13353959999999998,0.030629800000000002,0.13783590000000001,-0.14054649999999999,0.086484699999999998,-0.023517200000000002,-0.022852200000000003,0.0013339999999999984,-0.1072269,0.3511996,-0.0539561,0.061981700000000001,0.043374500000000003,-0.0161729,-0.021185800000000001,0.0032747000000000006,-0.0422511,0.039544200000000002,0.020588100000000002,-0.047877099999999999,-0.0033672999999999997,-0.074565999999999993,0.0180997,0.053890500000000001,-0.049664300000000002,0.025333099999999997,-0.022898399999999999,-0.049020899999999999,0.0355462,-0.034035399999999993,-0.059370700000000012,0.088237800000000005,-0.061241799999999999,0.178615,-0.069307499999999994,0.00024779999999999941,-0.0096060000000000017,-0.0084492000000000005,-0.019626999999999999,0.011533099999999998,0.033415399999999998,-0.0019108999999999999,-0.0011967000000000002,-0.0038872999999999998,-0.0132719,0.017521500000000002,0.029962599999999999,0.0062535999999999998,0.020185700000000001,-0.020834700000000001,-0.0010377999999999997,0.013313200000000001,-0.036287200000000006,-0.017310200000000001,0.0099786000000000007,0.0041311999999999998,0.025039699999999998,-0.1065675,-0.013199300000000001,-0.032510799999999999,0.012773100000000003,-0.0018236999999999993,-0.0047956000000000006,-1.0300000000000088e-05,0.016134100000000002,-0.0013300000000000005,0.0026204000000000002,-0.020432699999999998,0.0095872000000000006,0.0018517999999999998,-0.0010199999999999996,0.010069,0.010132800000000001,-0.019372,0.0036842999999999997,0.0057222000000000002,0.0011510999999999995,-0.0030681999999999992,0.00095540000000000035,0.0164815,-0.0080061999999999963,-0.0048293999999999993,-0.0132572,-0.018603099999999997,0.0147923,-0.0067824999999999995,-0.0081364999999999996,0.0135762,0.0004442999999999999,0.0087080999999999999,0.0047980000000000002,-0.0049621999999999999,0.0062325000000000019,0.0022937999999999969,0.014968499999999999,-0.0010996000000000003,-0.0020333,-0.0027804000000000001,0.0083625999999999995,-0.0032128999999999999,-0.0094321000000000006,-0.00017539999999999993,0.00054799999999999988,-0.0030065000000000001,-0.0031242000000000002,0.0068044999999999998,0.011702799999999999,0.0056623999999999997,-0.0051640000000000019,0.0114999,-0.0092402000000000005,0.0021235000000000004,-0.0070342,0.011826900000000001,-0.00089539999999999997,-0.010367400000000001,0.0052729999999999999,0.0026046000000000012,0.0032158,-0.0042464,-0.0053590000000000009,-0.0021892000000000005,0.00099139999999999992,-0.0023691000000000003,-0.00037940000000000001,-0.012621,-0.0034546999999999998,-0.0055553,-0.0079718000000000011,0.0066529999999999992,0.0038035999999999994,0.00051699999999999988,-0.0020298,0.0022418999999999998,0.0031527,-0.0024401000000000002,-0.00063539999999999994,0.0017644,0.0015701000000000001,-0.0017266,0.00080340000000000001,-0.00015579999999999978,0.0065579000000000002,-0.0014667999999999999,-0.0010461000000000001,0.0054348,0.0010116000000000001,-0.007290099999999999,-0.0024399999999999999,-0.0094909999999999994,-0.0023636999999999998,0.00034659999999999986,-0.0026538,0.0076849000000000006,0.0032595000000000002,-0.0009121,-0.0041928,-0.011161300000000001,-0.0038684000000000001,-0.0026268999999999997,-0.0025962000000000008,0.0075849000000000003,0.0082582999999999997,0.0062180999999999998,0.0054793000000000003,-0.010046599999999999,0.0039946000000000001,0.018821699999999997,0.0035091000000000002,0.00017069999999999987,0.019969499999999998,-0.010863899999999999,0.0015654000000000002,-0.031089899999999997,0.009101200000000002,0.0078162000000000006,-0.00018920000000000048,0.0208278,0.00021270000000000035,-0.0018717999999999999,0.00042170000000000011,-0.0024927999999999999,-0.00028890000000000014,-0.0024223999999999995,0.00039760000000000007,-0.0030762000000000003,0.0026317999999999988,-0.0003280999999999999,0.0034789,-0.0026751000000000001,0.00076829999999999986,0.0005884000000000001,-7.6900000000000026e-05,-0.0033779999999999999,0.0022473000000000003,-0.00010140000000000003,-0.0013200999999999998,-0.0024754,-6.1999999999999772e-05,-0.00064530000000000013,-0.0073892999999999988,0.0020347000000000008,0.0087512999999999983,0.00046319999999999955,0.0062900000000000005,0.0026687999999999998,0.0025559000000000003,-0.0025024000000000001,-0.0019594999999999999,0.0016724999999999999,0.0013557,0.0024437000000000009,0.0037477000000000001,0.0073445999999999997,-0.00077229999999999985,-0.0010552000000000001,-0.00082160000000000002,3.1900000000000504e-05,0.0025483000000000003,0.0029042999999999999,0.0033451000000000002,0.0025519000000000002,0.00043409999999999998,-0.0018977999999999998,0.0085428000000000014,-0.0071580999999999997,0.012914700000000001,-0.010926499999999999,-0.010761,-0.0091112999999999993,-1.1200000000000272e-05,-0.00067599999999999995,-0.0029952999999999998,-0.0024320000000000001,-0.0016657,0.0054019000000000003,0.0024299999999999999,-0.00053120000000000012,0.0011369000000000002,-0.0014514,0.0023866999999999994,0.0042334999999999994,-0.0038821000000000007,0.0028400999999999999,-0.00062319999999999986,0.0023358000000000003,0.0017147,0.0034564000000000001,-0.00040539999999999999,-0.0020504,-0.0033553000000000003,0.00010950000000000011,-0.0037597999999999989,-0.0080560000000000007,0.00066079999999999991,0.0029391999999999995,-0.00023099999999999987,-9.9899999999999989e-05,0.0030485999999999998,-0.0012612000000000003,0.0039947000000000003,-0.00095430000000000005,-0.002626100000000001,-0.0012348999999999999,0.0013096999999999996,0.0039310999999999999,-0.0017853000000000001,-0.0015521000000000001,-0.00099470000000000027,0.0051091000000000001,-0.0037317000000000001,0.0023049000000000004,-0.0080590000000000002,-0.00043100000000000039,0.0087585000000000007,0.0055036,0.0015128000000000008,-0.0036511,-0.0075189999999999996,0.0059502000000000001,-0.00029940000000000001,0.00037980000000000002,0.0058465000000000001,-0.0049280999999999995,0.0059752,-0.0092309999999999996,0.00089189999999999994,-0.0017640000000000002,0.0010870000000000001,-0.00027939999999999985,-0.0037334,0.0018602,-0.0032554999999999997,0.00088239999999999998,-0.00046020000000000045,-0.0010135000000000001,0.0032125999999999999,-0.00036820000000000006,-0.0019923999999999996,0.0031529999999999996,0.0019039,-0.0002494000000000001,0.00072349999999999975,0.0014195000000000002,-5.6599999999999749e-05,0.0016736000000000001,-0.00098040000000000019,-0.00029140000000000004,0.0032465000000000003,-0.0020188000000000003,0.0016826000000000002,0.00043949999999999979,-0.0038758000000000009,2.9100000000000003e-05,-0.00078779999999999985,-0.0039475999999999999,-0.00040919999999999997,-0.0040230999999999999,0.00012739999999999984,0.00066420000000000021,-0.0020042999999999997,-1.6099999999999978e-05,-0.00020489999999999991,0.0021199000000000001,0.00083789999999999993,-0.0018348999999999998,-0.0012908000000000002,0.0016579999999999998,-0.00063719999999999977,0.0029091999999999998,-0.0003122,0.0031113999999999998,-0.0013438,-0.00068590000000000014,-0.0010448000000000002,0.00055180000000000008,0.001469499999999999,0.0022367999999999997,-0.0035663999999999991,-0.0054013000000000004,0.0044196000000000001,-0.010247600000000001,0.0051952999999999999,0.0021379000000000003,0.007077,0.014218399999999999,-0.0049064,0.0076039000000000002,-0.0037569000000000014,-0.0067026999999999998,0.00058950000000000018,0.00072579999999999997,0.00035189999999999999,0.00013820000000000011,-0.00073839999999999995,0.00070679999999999994,-0.0030471000000000001,-0.00053240000000000015,0.0019073,-0.00093250000000000006,-0.00071539999999999993,0.00015759999999999993,-0.00050440000000000012,-0.00032210000000000013,-0.0022787000000000003,-0.0024264,-0.0013535999999999999,-0.00017299999999999976,0.0016118,0.0027769000000000001,0.00061739999999999994,0.00085990000000000003,0.0024825000000000003,0.00021009999999999996,0.0012346999999999998,-0.0021292999999999998,0.0011315000000000001,0.0033013999999999995,-0.00056820000000000004,0.0027068000000000001,-0.00015630000000000006,0.00074240000000000005,-0.0013919999999999998,0.00044429999999999996,-0.0022341000000000001,0.0019859000000000001,0.00052689999999999985,-0.00041489999999999995,0.0023528000000000004,0.0025369000000000004,0.0022961000000000006,-0.00088250000000000004,-5.1899999999999906e-05,-0.0024952000000000004,-0.0012093,-0.0027445,-0.0020802999999999993,0.0032560000000000002,0.0014923000000000004,0.0015677999999999998,-0.0028444000000000004,-0.0026057000000000003,0.003264,-0.0033566999999999998,0.0017964000000000001,0.0041849999999999995,-0.00083529999999999997,-0.0026970000000000006,0.0054037000000000009,0.0024175999999999998,0.0061189,-0.00073419999999999996,0.0047323999999999995,-0.0024463999999999996,-0.0084364000000000001,0.0006670999999999999,-0.0092627000000000004,-0.0045628000000000005,0.0034629000000000005,0.00071779999999999999,-0.0013189,-0.00054569999999999998,0.0012358999999999998,0.00033290000000000001,-0.00040610000000000006,-0.00054470000000000007,0.00064219999999999989,0.00050819999999999999,-0.0017126999999999999,0.00062089999999999997,0.00059350000000000006,-1.3699999999999954e-05,-0.0016649000000000002,0.0024003000000000006,0.0010500000000000002,-0.00049390000000000002,0.0013847999999999998,-0.00086889999999999992,-0.0010479999999999997,0.00027730000000000002,0.00028570000000000001,5.4599999999999918e-05,0.0024778000000000001,-0.00053509999999999983,0.0027913000000000005,-0.0025716000000000003,-0.0011257000000000001,-4.9800000000000018e-05,8.419999999999977e-05,0.00030959999999999994,0.0017625000000000004,-0.0031645000000000002,0.00043000000000000015,0.0016203000000000001,-0.0022033000000000001,0.00039479999999999989,0.0014295000000000002,0.0013535999999999995,-0.0027076000000000005,0.0022853999999999999,0.0022871999999999997,0.0038557999999999999,-0.0026681000000000001,0.0013459000000000001,-0.00057440000000000008,-0.0034377000000000001,0.0017277000000000002,-0.0048693000000000009,-0.0023940000000000003,0.00094930000000000047,0.0046113000000000005,-0.0016558000000000002,0.0013465,-0.0017553999999999998,-0.0012607999999999999,-0.00043379999999999992,0.00013210000000000001,0.0028413000000000006,0.00041410000000000004,0.0023623000000000003,0.0023018000000000001,-0.0017952999999999999,-0.005491600000000001,0.0065123999999999998,0.00081769999999999987,0.0096832999999999989,-0.0019597999999999998,0.00018099999999999985,0.0011224999999999998,-0.0046103000000000003,-0.0022698999999999996,-7.4900000000000032e-05,0.0067715000000000015,-0.00033929999999999984
aug_between_class_right_pair0079_child05,TLE,1,1,Augmented,0,0,0,0,0,0.32692680000000002,1.9625578000000001,0,-5.9999999999999997e-07,0,1.0174232000000001,0,0.051659000000000004,-0.12538099999999999,0.0211194,0.092877799999999996,-0.086286799999999997,0.090088000000000001,-0.0077628000000000003,-0.015850000000000003,-0.0030826000000000013,-0.10393280000000001,0.29884079999999996,-0.026859799999999996,0.0054170000000000017,0.085527400000000003,0.0103754,-0.028133199999999997,-0.0069173999999999998,-0.032663199999999996,0.0047497999999999985,0.038562600000000002,-0.049289799999999995,0.0055487999999999996,-0.086796200000000004,0.014737199999999999,0.047039400000000002,0.0064011999999999958,-0.0082795999999999981,0.0304508,-0.0409244,0.0052675999999999973,-0.025914599999999993,-0.077134399999999992,0.079764599999999991,-0.054123600000000008,0.20238200000000001,-0.023459000000000001,0.0014783999999999995,0.0017031999999999998,-0.0098852000000000002,-0.0028204000000000007,0.0068513999999999997,0.0079132000000000056,-0.0032376000000000002,-0.0060206000000000001,-0.013863,-0.023948400000000002,0.0091325999999999994,0.045630400000000002,0.0096431999999999993,0.035717600000000002,-0.0057929999999999995,-0.011875999999999999,0.0229322,-0.044289599999999998,0.0085442000000000018,0.0022312,-0.0022888000000000006,0.036214799999999998,-0.070075799999999994,0.0023245999999999996,-0.013204199999999999,-0.0545152,0.0231484,-0.0006332,0.00072879999999999993,0.019530600000000002,-0.0015468000000000001,0.0094521999999999974,-0.0019467999999999994,0.0124248,0.0058875999999999998,-0.00023339999999999949,-0.0008661999999999997,-0.0017689999999999997,-0.016484200000000001,0.0070317999999999995,0.0028951999999999997,0.0095963999999999997,0.002256199999999999,-0.010673200000000001,0.011561599999999998,-0.016327000000000001,-0.021517999999999999,0.0040849999999999992,0.0095694000000000005,0.0025228,0.0017911999999999997,-0.0037638000000000003,0.00010240000000000075,-0.018709400000000001,-0.00061999999999999989,0.037368399999999996,0.0060732,0.027210399999999999,-0.022419599999999998,0.0012218000000000001,-0.0016144000000000002,-0.0033758,-0.0050552000000000001,0.0070826000000000005,-0.0063351999999999992,-0.017148,-0.0013487999999999998,0.0031568,-0.008613599999999999,0.0010718000000000004,0.00088720000000000031,0.0078972000000000001,-0.0043042000000000002,-0.0049718000000000002,0.010989799999999999,-0.0088627999999999988,0.0035063999999999998,-0.0050335999999999992,0.0054053999999999994,0.0056468000000000004,-0.0046274000000000003,0.0069376000000000004,-0.0056457999999999994,0.0082644000000000016,0.0015309999999999994,-0.0060350000000000004,0.011623999999999999,0.0096481999999999991,-0.0096687999999999982,0.0040938000000000007,-0.0088027999999999995,-0.0043432000000000002,-0.0105702,-0.011171200000000001,-0.014190799999999996,0.00084859999999999883,-0.0072559999999999994,0.010818799999999998,-0.0075072000000000003,-0.0040286000000000002,0.0022949999999999993,-0.0010449999999999999,0.0022738000000000003,-0.0028393999999999997,-0.0039246000000000003,-0.0005428000000000004,0.0030977999999999991,0.0039864000000000002,0.0036321999999999999,0.0047333999999999996,0.0027342,0.0011909999999999998,-0.0026270000000000004,0.00085300000000000024,-0.0051304000000000002,-0.0105212,0.00017580000000000026,-0.0017401999999999999,0.0135826,0.0046692000000000001,-0.00039659999999999999,-0.0046695999999999994,0.0023846000000000002,-0.010028800000000001,-0.0014610000000000001,-0.015830400000000001,-0.00021460000000000012,0.0059199999999999999,0.0030341999999999999,0.0031778000000000002,0.0029707999999999991,-0.0032469999999999999,0.0070959999999999999,0.0071616000000000006,-0.0019215999999999999,0.015305200000000001,0.0037695999999999988,0.0101972,-0.00073480000000000073,0.0036714,0.0030624000000000003,-0.0065524000000000008,0.008269799999999999,-0.0022832,-0.0024190000000000001,0.0033325999999999998,-0.00087080000000000035,-0.0022393999999999999,9.7199999999999977e-05,-0.00062779999999999986,-0.0023347999999999997,-0.0025493999999999998,0.00019360000000000015,0.0033592000000000001,0.00097880000000000037,0.0013782000000000002,-0.0019846,0.0054556000000000006,-0.0035098,-0.00057579999999999968,0.0019939999999999997,-0.0020425999999999999,0.0019662,-0.0023378000000000001,-0.0011637999999999996,-0.0047603999999999997,0.0032853999999999995,0.00060259999999999958,0.0059529999999999991,-0.00037260000000000017,0.0035639999999999999,0.0033154000000000005,0.0014936000000000003,0.00022040000000000004,0.0031519999999999994,-0.0028744,0.0017221999999999997,-0.001059,0.0105792,-0.0048126000000000002,-0.0018497999999999998,0.005794399999999999,-0.0016559999999999999,-0.00033799999999999976,0.00088940000000000004,0.00063759999999999989,-0.0033783999999999993,0.0027821999999999999,0.0014772000000000001,0.0105866,-0.0024707999999999996,0.0064549999999999998,-0.0084408,-0.013599200000000001,-0.0030140000000000002,0.0015734,-0.0013021999999999999,0.0006648,0.0028724000000000006,-0.0033594000000000002,-0.0065908000000000008,-0.00062180000000000004,-0.00090379999999999996,-0.0015092,-0.00079579999999999994,-0.0032651999999999998,0.00070359999999999997,0.0023737999999999997,-0.0049474000000000002,-0.0019889999999999999,0.00030939999999999993,0.0017446000000000002,0.0078465999999999987,0.0013144000000000003,-0.0030101999999999998,0.0045377999999999998,0.0010658,0.00067840000000000001,-0.0030926,-0.00043620000000000009,0.002601,-0.0031113999999999994,0.0010157999999999999,0.0032430000000000002,-0.0037327999999999997,-0.00098100000000000053,-0.0020197999999999995,-0.0020127999999999999,-0.0053125999999999998,0.002042,0.0057140000000000003,-0.0015354000000000003,-0.0020890000000000001,0.0083495999999999987,0.0046119999999999998,-0.0070663999999999996,0.00078620000000000014,0.0024571999999999997,-0.0024887999999999989,-0.0010324000000000002,0.0013185999999999999,-0.0050457999999999996,0.0017276000000000001,-0.0046848000000000002,0.0036346,-0.0045658000000000001,-0.0097519999999999985,0.0076991999999999998,-0.0011085999999999997,0.0108228,-0.0021163999999999992,0.0027778,-0.00022699999999999999,-0.00077359999999999983,-0.00018619999999999986,0.00016240000000000004,0.0008028,-0.0029202000000000004,0.00015960000000000003,0.0029252000000000002,0.0027228,0.00015539999999999987,0.00028899999999999998,0.0013284,0.0025506000000000001,-0.0014772000000000001,-0.0020333999999999999,0.0010484000000000001,-5.659999999999998e-05,0.00069979999999999999,-0.00020940000000000005,0.0022307999999999998,0.00030740000000000032,0.0038892000000000002,-0.0036797999999999996,-0.0020987999999999996,-0.0036928,-0.0029890000000000003,0.0028479999999999998,0.00084439999999999971,-0.0019737999999999999,0.0036447999999999993,-0.00039519999999999996,-0.0033346000000000001,-0.00089280000000000013,-0.0035176000000000001,-0.0041371999999999997,0.0022985999999999996,0.00013300000000000009,0.0038457999999999999,-0.0053746000000000002,-0.0040575999999999997,0.0038557999999999999,-0.0034624,0.0010388000000000001,0.0024866000000000003,0.001902,0.0035257999999999999,-0.0022784000000000003,-0.0029885999999999997,0.00065639999999999991,-0.00050480000000000013,0.0016548000000000003,0.0021622000000000004,0.0017014000000000003,0.0022738000000000003,0.00081500000000000019,-0.0032821999999999999,0.0030128000000000004,0.0012134000000000001,0.0069382000000000003,0.0033962000000000003,0.00088100000000000006,0.010368,-0.0009856000000000001,-0.00014659999999999999,0.0010126000000000002,0.0008160000000000001,-0.00042580000000000016,-3.7799999999999943e-05,-0.001562,-0.00082799999999999996,-6.0000000000001458e-07,-0.0016412,-8.3000000000000052e-05,0.00066080000000000002,-0.0016348000000000001,-0.0011122000000000003,0.00022780000000000012,0.0022734000000000001,-0.0019468,-0.0014304000000000001,0.00049399999999999986,-0.00069760000000000004,0.0004412000000000001,-0.00088920000000000004,-0.0011708000000000001,0.00050600000000000005,0.0001791999999999998,-0.00096880000000000002,-0.00051440000000000004,-0.00088860000000000002,0.00095100000000000002,-0.0024256,0.00079280000000000019,-0.00073059999999999998,0.0031880000000000007,0.00075359999999999989,0.00031999999999999997,0.0008389999999999999,2.6599999999999942e-05,0.0014272,-0.00067960000000000004,0.0045826,0.0010556000000000003,-0.00062819999999999998,0.0012738000000000005,-0.00011479999999999992,0.0010904,-0.001725,0.0010068000000000004,-5.6200000000000119e-05,0.0022246000000000002,-0.00094820000000000006,-0.0024380000000000001,-0.00063480000000000003,-0.00010040000000000006,0.0043106000000000004,0.0014957999999999996,-0.0010420000000000002,0.0042962,-0.00030199999999999991,-0.0019100000000000002,0.00071239999999999997,0.000959,-0.00076599999999999975,0.00033699999999999984,0.0034479999999999997,-0.001511,-0.0065627999999999997,0.0020829999999999998,-0.00022460000000000015,0.0015255999999999998,0.00018159999999999986,-0.00026919999999999982,-0.0010409999999999998,-0.00013480000000000002,0.00017300000000000014,0.00066219999999999994,0.00040199999999999985,0.00078439999999999998,1.4599999999999975e-05,0.00062379999999999998,0.0004280000000000001,-0.00085280000000000013,0.00018520000000000006,0.0010857999999999996,-0.00073799999999999994,-0.00017100000000000004,-0.0003920000000000001,0.0020601999999999999,0.0010143999999999999,-0.00096500000000000015,0.00012019999999999997,0.0013621999999999996,-0.0019086000000000001,0.00097839999999999993,-0.00078559999999999991,-0.00086879999999999998,0.0020924000000000012,0.0012438,0.00074019999999999999,-0.00040320000000000004,0.00054020000000000001,0.0010928000000000003,0.00085639999999999989,0.00012399999999999998,0.0012670000000000001,0.0022025999999999999,0.0004414000000000001,-0.00010020000000000004,-0.00039340000000000002,-0.0033256000000000002,-0.0010944000000000001,-0.001016,-0.0019462000000000001,-0.0019353999999999999,0.00035399999999999988,-0.0010816000000000003,-0.0001474,0.0020708000000000002,0.00081400000000000005,0.0019128000000000003,-0.0025269999999999997,-0.00047780000000000012,0.0021072,-0.0024185999999999999,0.0020931999999999999,0.00053899999999999987,-0.0014247999999999999,0.0024299999999999999,-1.0800000000000263e-05,0.00074280000000000027,0.00033379999999999987,0.00051579999999999974,0.00032099999999999989,-0.00054419999999999978,-0.0041516000000000001,0.0027618,-0.00025620000000000005,-0.00057300000000000005,0.0046588000000000003,0.00036999999999999999,0.0044472000000000001,-0.0054862000000000001,-0.0009992,-0.0044353999999999999,-0.0058148000000000002,0.0044698000000000012
aug_between_class_right_pair0079_child06,TLE,1,1,Augmented,0,0,0,0,0,0.3289571,1.9588801,0,-6.9999999999999986e-07,0,1.0176584,0,0.051334500000000005,-0.12555549999999999,0.023312300000000001,0.090501100000000001,-0.0866421,0.088293499999999997,-0.0068911000000000007,-0.015769500000000002,-0.00078070000000000223,-0.099198600000000012,0.2979791,-0.028498100000000005,0.0093894999999999985,0.082347299999999998,0.015513799999999998,-0.029209899999999997,-0.0073537999999999989,-0.030396400000000001,0.0031906000000000018,0.039280200000000001,-0.051131099999999999,0.0060005999999999992,-0.085132900000000011,0.016316399999999998,0.050184800000000002,0.0071293999999999975,-0.0092472000000000006,0.033600099999999994,-0.043998300000000004,0.0052736999999999992,-0.023689699999999994,-0.0773118,0.081553699999999993,-0.055205199999999996,0.20271900000000001,-0.022709500000000004,0.0019932999999999991,0.0015134000000000002,-0.0098073999999999991,-0.0025833000000000002,0.0075912999999999996,0.0072899000000000019,-0.0032401999999999999,-0.0055627000000000003,-0.014205499999999999,-0.0244213,0.011012199999999998,0.0455553,0.010060399999999999,0.036276700000000002,-0.0077839999999999993,-0.0112015,0.022564899999999999,-0.044396199999999997,0.0081864000000000017,0.0019279000000000002,-0.00044210000000000104,0.0349316,-0.070346099999999995,0.0035651999999999993,-0.014453399999999998,-0.052023899999999998,0.0241713,-0.00071339999999999999,0.0005576,0.019603700000000002,-0.001766600000000001,0.010300399999999999,-0.0014466000000000001,0.0124946,0.0054132,-0.0011343,-0.0010968999999999996,-0.0028010000000000014,-0.017180400000000002,0.0067010999999999998,0.0031198999999999997,0.0095913000000000005,0.0042713999999999972,-0.0115744,0.013251699999999998,-0.016330500000000001,-0.023132,0.0059324999999999994,0.010136299999999999,0.0028481000000000001,0.0031488999999999996,-0.0025131000000000003,-0.00010019999999999994,-0.0182673,-0.0012235000000000006,0.040896799999999997,0.0068518999999999993,0.028172800000000001,-0.023593199999999998,0.0014206000000000002,-0.0015918,-0.0036890999999999998,-0.0043154000000000005,0.0068192000000000001,-0.0070668999999999992,-0.017534500000000001,-0.0015220999999999998,0.0033476000000000001,-0.0093767,0.0014771000000000003,-0.00044459999999999899,0.0068564000000000003,-0.0058003999999999981,-0.0048105999999999999,0.0097380999999999995,-0.0089555999999999993,0.0041773000000000001,-0.0044072,0.0059452999999999997,0.0068896000000000009,-0.0049513000000000005,0.0062066999999999999,-0.0061285999999999997,0.0083428000000000009,0.0024479999999999988,-0.0071214999999999994,0.011851500000000001,0.010247900000000001,-0.0107271,0.0038881000000000011,-0.0101336,-0.0046524000000000001,-0.0099743999999999996,-0.012147399999999999,-0.016915599999999999,0.002324699999999999,-0.0081274999999999993,0.011576599999999998,-0.0091953999999999994,-0.0043661999999999998,0.0029489999999999994,-0.0012454999999999996,0.0019336000000000004,-0.0024813000000000005,-0.0043401999999999998,-0.00014510000000000022,0.003882099999999999,0.0041463000000000003,0.0037364,0.0051763,0.0023904,0.0012325000000000001,-0.0022555000000000006,0.0017335,-0.0055338000000000002,-0.0105164,0.00026710000000000015,-0.0018018999999999999,0.014397699999999999,0.0054108999999999997,-0.00080469999999999988,-0.0055092000000000006,0.0024246999999999997,-0.010134600000000001,-0.0017520000000000001,-0.015011799999999999,0.00013779999999999999,0.0049300000000000004,0.0031999000000000003,0.0027131000000000004,0.0032420999999999995,-0.0039895000000000009,0.0072114999999999992,0.0072307000000000005,-0.0013476999999999999,0.016275899999999999,0.0049041999999999983,0.0098004000000000008,-0.00091809999999999982,0.0037328000000000005,0.0028368,-0.0056693000000000004,0.0091565999999999991,-0.0014813999999999999,-0.0022114999999999999,0.0036361999999999992,-2.9100000000000436e-05,-0.0024827999999999999,-2.6100000000000038e-05,-0.00051360000000000002,-0.0022496,-0.0027337999999999998,0.0005866999999999999,0.0034394,0.0014276,0.00098590000000000049,-0.0019266999999999999,0.0053931999999999999,-0.0033371,-0.0011225999999999994,0.0021489999999999999,-0.0019471999999999996,0.0017989,-0.0024096000000000005,-0.0022330999999999983,-0.0054443,0.0043722999999999991,-0.00044779999999999993,0.0065239999999999986,-0.00010070000000000012,0.0035145000000000003,0.0036172999999999999,0.0014632,0.00020130000000000007,0.0033419999999999995,-0.0024453000000000001,0.0020748999999999993,-0.00096500000000000015,0.0100564,-0.0047792000000000008,-0.0028240999999999995,0.0059153000000000001,-0.0017659999999999998,-0.00048199999999999979,0.00098780000000000005,0.00066369999999999992,-0.0042113000000000003,0.0035713999999999997,0.0011118999999999999,0.010787699999999999,-0.0012421000000000003,0.0069069999999999999,-0.0089356000000000001,-0.013793399999999999,-0.0037364999999999998,0.0015518000000000001,-0.0015858999999999999,0.00055959999999999994,0.0031808000000000001,-0.0036378000000000001,-0.0072531000000000002,-0.00071560000000000005,-0.0013105999999999999,-0.0011448999999999999,-0.00062210000000000021,-0.0035798999999999991,0.0005817000000000001,0.0028845999999999998,-0.0055527999999999992,-0.0019939999999999997,0.00043779999999999991,0.0017002,0.0084761999999999997,0.0015903000000000002,-0.0037008999999999992,0.0044976,0.00095410000000000004,0.00069979999999999999,-0.0035266999999999998,-0.00034690000000000025,0.0028064999999999995,-0.0025718,0.0012115999999999997,0.003362,-0.0042651,-0.0014125000000000001,-0.0025675999999999997,-0.0020516000000000002,-0.0050302000000000003,0.0023934999999999994,0.0060864999999999999,-0.0017743000000000004,-0.0021164999999999999,0.0080971999999999988,0.0046550000000000003,-0.0070492999999999997,0.00099989999999999996,0.0025468999999999995,-0.0026030999999999993,-0.00060030000000000023,0.0014551999999999998,-0.0057971000000000003,0.0012827000000000003,-0.0053565999999999996,0.0034256999999999998,-0.0046581000000000001,-0.011639999999999996,0.0074898999999999999,-0.0013212,0.0113726,-0.0017047999999999994,0.0028456000000000002,-0.00034949999999999993,-0.00094269999999999955,-0.00029739999999999986,7.6800000000000132e-05,0.00068060000000000017,-0.0029863999999999993,-2.529999999999991e-05,0.0033854000000000002,0.0027831000000000002,0.00030579999999999984,-4.2999999999999961e-05,0.0014482999999999998,0.0024622000000000003,-0.0015298999999999998,-0.0022728000000000002,0.0010988,0.00013079999999999993,0.00052359999999999993,-0.00016380000000000002,0.0024161,-0.00019169999999999951,0.0039819,-0.0040305999999999996,-0.0024145999999999998,-0.0036831000000000003,-0.0030995000000000003,0.002905,0.0010267999999999998,-0.0021655999999999997,0.0038621000000000003,-0.00039990000000000002,-0.0037901999999999996,-0.00067610000000000023,-0.0032807000000000001,-0.0044378999999999998,0.0025157000000000001,0.00016399999999999997,0.0033075999999999999,-0.0052716999999999998,-0.0041342000000000002,0.0034340999999999998,-0.0033192999999999999,0.00082560000000000012,0.0024242000000000005,0.0016574999999999999,0.0033915999999999998,-0.0029658000000000002,-0.0032307,0.00078129999999999996,-0.0004775999999999999,0.0011076000000000003,0.0014244000000000006,0.0016767999999999998,0.0024781,0.00079750000000000003,-0.0025379000000000001,0.0030100999999999999,0.0017423,0.0066408999999999999,0.0033609,0.00080999999999999996,0.010172,-0.0011437000000000001,-8.8700000000000042e-05,0.0012077000000000001,0.00050700000000000029,-0.00018260000000000032,-0.00019859999999999989,-0.0014404999999999999,-0.0010104999999999999,0.00015929999999999997,-0.0015064,-9.5000000000000547e-06,0.00092909999999999998,-0.0016095999999999999,-0.0015099000000000002,0.00046510000000000003,0.0015823000000000005,-0.0022536000000000001,-0.0014847999999999997,0.00095749999999999958,-0.00059019999999999993,0.00026640000000000008,-0.0010444,-0.0013656000000000002,0.00025650000000000005,0.00042589999999999989,-0.00057960000000000021,-0.00052080000000000008,-0.00094020000000000009,0.001034,-0.0026432000000000001,0.00039210000000000026,-0.00080119999999999996,0.0034029999999999998,0.00097019999999999984,0.00025149999999999999,0.00084200000000000008,-0.00034230000000000013,0.0015909000000000001,-0.00057620000000000002,0.0045556999999999993,0.00070920000000000011,-0.00079089999999999998,0.0014625999999999999,9.3900000000000006e-05,0.0012868000000000001,-0.0018765000000000001,0.0010406,8.0099999999999887e-05,0.0021096999999999999,-0.00081090000000000003,-0.0024619999999999998,-0.0010890999999999997,-0.00035579999999999987,0.0042357000000000002,0.0017585999999999997,-0.0013924999999999999,0.0046779000000000005,-0.0006804999999999999,-0.0023020000000000002,0.00082379999999999986,0.00109,-0.00019700000000000013,0.0002099999999999999,0.003457,-0.0015759999999999999,-0.0066035999999999994,0.0021059999999999998,-0.00013020000000000002,0.0018636999999999998,0.00028669999999999998,-0.0004643999999999998,-0.0012279999999999999,-0.00020009999999999988,-5.5499999999999885e-05,0.00067040000000000003,0.00053449999999999982,0.00082830000000000002,-5.3799999999999952e-05,0.00041910000000000005,0.00033250000000000011,-0.00077110000000000004,0.00027090000000000003,0.0016795999999999994,-0.00070899999999999999,-0.00048149999999999989,-0.00024650000000000019,0.0020964,0.00064530000000000013,-0.00096150000000000011,0.00020489999999999994,0.0013673999999999997,-0.0018472000000000002,0.0011278,-0.00072469999999999989,-0.00083960000000000013,0.0025698000000000006,0.0015181000000000001,0.00065840000000000007,-0.00050339999999999998,0.00064790000000000008,0.0012685999999999999,0.00093629999999999983,0.00018400000000000003,0.0010955000000000001,0.0023921999999999997,0.00044729999999999998,7.9599999999999902e-05,-0.00059029999999999987,-0.0033857000000000002,-0.0011783,-0.0012084999999999999,-0.0019334,-0.0016258000000000002,0.00051649999999999982,-0.0010817000000000001,-0.00033879999999999978,0.0019605999999999998,0.00090700000000000004,0.0015286000000000004,-0.0024879999999999998,-0.00029060000000000012,0.0027153999999999998,-0.0023682,0.0021038999999999997,0.00061699999999999982,-0.0021815999999999997,0.0021164999999999999,4.3999999999998901e-06,0.0011481000000000002,0.00047509999999999978,0.00099159999999999982,0.00025549999999999987,-0.00086339999999999995,-0.0048246999999999995,0.0027661000000000001,0.00013659999999999985,-0.00051349999999999985,0.0046081000000000004,0.00045799999999999997,0.0051678999999999996,-0.0050244,-0.0010614000000000001,-0.0038708000000000006,-0.0063751000000000007,0.0044671000000000008
aug_between_class_right_pair0079_child07,TLE,1,1,Augmented,0,0,0,0,0,0.33098739999999999,1.9552024000000001,-5.2939559203393771e-23,-7.9999999999999996e-07,0,1.0178936000000001,0,0.05101,-0.12573000000000001,0.025505200000000002,0.088124400000000006,-0.086997399999999989,0.086498999999999993,-0.0060194000000000003,-0.015689000000000002,0.0015211999999999969,-0.094464400000000004,0.29711739999999998,-0.030136400000000001,0.013361999999999999,0.079167199999999993,0.020652200000000002,-0.030286599999999997,-0.0077902000000000006,-0.028129599999999998,0.0016313999999999981,0.0399978,-0.052972399999999996,0.0064523999999999996,-0.083469600000000005,0.017895600000000001,0.053330200000000001,0.0078575999999999958,-0.010214800000000003,0.036749400000000002,-0.047072200000000002,0.0052798000000000012,-0.021464799999999999,-0.077489200000000008,0.083342799999999995,-0.056286800000000005,0.20305599999999999,-0.021960000000000004,0.0025081999999999995,0.0013235999999999999,-0.0097295999999999997,-0.0023462000000000014,0.0083312000000000004,0.0066665999999999982,-0.0032428000000000001,-0.0051047999999999996,-0.014548,-0.024894199999999998,0.0128918,0.045480199999999998,0.0104776,0.036835800000000002,-0.0097750000000000007,-0.010526999999999998,0.022197599999999998,-0.044502800000000002,0.0078285999999999998,0.0016245999999999999,0.0014046000000000006,0.033648399999999995,-0.070616399999999996,0.0048058000000000007,-0.015702599999999997,-0.049532599999999996,0.0251942,-0.0007936000000000001,0.00038639999999999991,0.019676800000000001,-0.0019864000000000001,0.0111486,-0.00094639999999999915,0.0125644,0.0049387999999999993,-0.0020352000000000005,-0.0013276,-0.0038330000000000031,-0.017876600000000003,0.0063704,0.0033445999999999997,0.0095861999999999996,0.0062866000000000007,-0.012475600000000002,0.014941800000000002,-0.016334000000000001,-0.024746000000000001,0.0077799999999999996,0.0107032,0.0031734000000000003,0.0045066000000000012,-0.001262399999999999,-0.00030280000000000064,-0.017825199999999999,-0.0018270000000000014,0.044425199999999998,0.0076306000000000004,0.0291352,-0.024766799999999999,0.0016194000000000002,-0.0015691999999999998,-0.0040024000000000006,-0.0035755999999999995,0.0065558000000000005,-0.0077986000000000002,-0.017920999999999999,-0.0016954000000000001,0.0035384000000000006,-0.010139799999999999,0.0018824000000000011,-0.0017763999999999992,0.0058155999999999989,-0.0072965999999999994,-0.0046493999999999997,0.0084863999999999998,-0.0090483999999999998,0.0048482000000000004,-0.0037807999999999995,0.0064852,0.0081324000000000014,-0.0052752000000000007,0.0054757999999999994,-0.0066114000000000008,0.0084212000000000002,0.0033649999999999982,-0.008208,0.012078999999999999,0.010847600000000001,-0.0117854,0.0036823999999999997,-0.0114644,-0.0049616,-0.0093785999999999991,-0.013123600000000001,-0.019640400000000002,0.0038007999999999991,-0.0089990000000000001,0.012334399999999999,-0.0108836,-0.0047038000000000002,0.0036029999999999999,-0.001446,0.0015933999999999998,-0.0021231999999999996,-0.0047558000000000001,0.00025260000000000018,0.0046663999999999994,0.0043061999999999996,0.0038406,0.0056192000000000004,0.0020466,0.001274,-0.0018839999999999998,0.0026140000000000009,-0.0059371999999999992,-0.010511600000000001,0.00035840000000000004,-0.0018636,0.015212800000000002,0.0061525999999999994,-0.0012128,-0.0063487999999999999,0.0024648000000000001,-0.010240399999999998,-0.0020430000000000001,-0.0141932,0.0004902000000000001,0.0039399999999999999,0.0033656000000000007,0.0022483999999999998,0.0035133999999999981,-0.004732000000000001,0.0073269999999999993,0.0072998000000000004,-0.00077379999999999973,0.017246600000000001,0.0060388000000000013,0.0094035999999999998,-0.0011014000000000006,0.0037942000000000002,0.0026112000000000002,-0.0047862,0.010043399999999999,-0.0006795999999999995,-0.0020039999999999997,0.0039397999999999994,0.00081260000000000056,-0.0027262000000000002,-0.00014940000000000027,-0.00039939999999999984,-0.0021644000000000004,-0.0029182000000000001,0.00097980000000000029,0.0035196000000000003,0.0018764000000000005,0.0005935999999999999,-0.0018687999999999999,0.0053308000000000001,-0.0031643999999999999,-0.0016693999999999995,0.0023040000000000001,-0.0018517999999999994,0.0016316,-0.0024814000000000008,-0.0033023999999999992,-0.0061282000000000012,0.0054591999999999991,-0.0014982000000000012,0.0070949999999999997,0.00017120000000000026,0.0034650000000000002,0.0039192000000000003,0.0014328000000000001,0.00018220000000000009,0.0035319999999999995,-0.0020161999999999997,0.0024276000000000002,-0.00087100000000000003,0.0095336000000000014,-0.0047458000000000005,-0.0037984000000000008,0.0060361999999999994,-0.0018759999999999996,-0.00062599999999999982,0.0010862000000000001,0.00068979999999999996,-0.0050442000000000013,0.0043606000000000001,0.00074659999999999961,0.0109888,-1.3400000000000217e-05,0.0073590000000000001,-0.0094304000000000002,-0.013987599999999999,-0.0044590000000000003,0.0015302,-0.0018696000000000001,0.00045439999999999988,0.0034892000000000013,-0.0039162000000000008,-0.0079153999999999995,-0.00080940000000000005,-0.0017174000000000002,-0.00078059999999999978,-0.00044839999999999962,-0.0038945999999999998,0.00045980000000000023,0.0033954000000000002,-0.0061581999999999991,-0.0019989999999999999,0.00056619999999999999,0.0016558,0.0091058000000000007,0.0018662000000000006,-0.0043915999999999998,0.0044573999999999994,0.00084239999999999988,0.00072119999999999997,-0.0039608000000000004,-0.00025760000000000019,0.0030119999999999999,-0.0020321999999999996,0.0014074000000000001,0.0034810000000000002,-0.0047974000000000003,-0.0018439999999999997,-0.0031153999999999999,-0.0020904000000000001,-0.0047477999999999999,0.002745,0.0064590000000000003,-0.0020132000000000001,-0.0021440000000000001,0.0078448000000000007,0.0046979999999999999,-0.0070321999999999997,0.0012136000000000002,0.0026365999999999994,-0.0027173999999999996,-0.00016820000000000029,0.0015918,-0.0065484000000000011,0.00083779999999999976,-0.0060284000000000006,0.0032167999999999997,-0.0047504000000000001,-0.013527999999999998,0.0072805999999999999,-0.0015338000000000003,0.011922400000000001,-0.0012931999999999996,0.0029134,-0.00047200000000000003,-0.0011118,-0.00040859999999999996,-8.7999999999999971e-06,0.00055839999999999991,-0.0030525999999999999,-0.00021020000000000012,0.0038456000000000007,0.0028433999999999998,0.00045620000000000003,-0.00037500000000000022,0.0015682000000000003,0.0023738000000000001,-0.0015826,-0.0025122000000000005,0.0011492,0.00031820000000000009,0.00034739999999999988,-0.0001182,0.0026014000000000002,-0.0006908000000000002,0.0040746000000000003,-0.0043814000000000006,-0.0027304,-0.0036734000000000003,-0.0032099999999999997,0.0029620000000000002,0.0012092000000000001,-0.0023573999999999999,0.0040793999999999995,-0.00040459999999999997,-0.0042458000000000001,-0.0004594,-0.0030437999999999993,-0.0047385999999999999,0.0027328000000000005,0.00019499999999999997,0.0027694,-0.0051688000000000003,-0.0042107999999999998,0.0030123999999999997,-0.0031761999999999992,0.00061239999999999982,0.0023617999999999998,0.0014129999999999995,0.0032573999999999997,-0.0036532000000000005,-0.0034727999999999994,0.0009061999999999998,-0.00045040000000000011,0.00056039999999999985,0.00068659999999999999,0.0016522000000000006,0.0026824000000000001,0.00077999999999999988,-0.0017935999999999994,0.0030073999999999999,0.0022712000000000001,0.0063435999999999996,0.0033256000000000006,0.00073899999999999986,0.0099760000000000022,-0.0013018000000000001,-3.079999999999999e-05,0.0014028000000000001,0.00019799999999999983,6.0600000000000064e-05,-0.00035940000000000006,-0.0013189999999999999,-0.001193,0.00031920000000000012,-0.0013715999999999999,6.4000000000000024e-05,0.0011974000000000002,-0.0015844000000000001,-0.0019076000000000008,0.00070240000000000027,0.00089119999999999965,-0.0025604,-0.0015391999999999997,0.001421,-0.00048279999999999981,9.159999999999995e-05,-0.0011996000000000001,-0.0015604,6.9999999999998178e-06,0.00067259999999999998,-0.00019039999999999986,-0.00052720000000000002,-0.00099180000000000015,0.0011170000000000002,-0.0028608000000000001,-8.6000000000001006e-06,-0.00087180000000000005,0.0036180000000000006,0.0011868,0.00018299999999999998,0.00084500000000000005,-0.00071120000000000005,0.0017546,-0.0004728,0.0045287999999999995,0.00036279999999999971,-0.00095360000000000009,0.0016514000000000001,0.00030260000000000015,0.0014832000000000001,-0.0020280000000000003,0.0010744000000000005,0.0002164,0.0019947999999999997,-0.00067359999999999989,-0.0024859999999999995,-0.0015434000000000003,-0.00061120000000000011,0.0041608000000000001,0.0020213999999999996,-0.0017430000000000002,0.0050596,-0.0010590000000000003,-0.0026940000000000006,0.00093520000000000007,0.0012210000000000001,0.00037200000000000059,8.2999999999999524e-05,0.0034660000000000003,-0.0016410000000000001,-0.0066444,0.0021289999999999998,-3.5800000000000111e-05,0.0022018000000000003,0.00039180000000000031,-0.00065959999999999988,-0.0014149999999999998,-0.0002654,-0.00028400000000000002,0.00067860000000000001,0.00066699999999999984,0.00087220000000000006,-0.00012220000000000004,0.00021439999999999979,0.00023699999999999991,-0.00068939999999999995,0.0003566000000000001,0.0022734000000000001,-0.00068000000000000005,-0.00079200000000000017,-0.00010099999999999985,0.0021325999999999997,0.00027619999999999977,-0.00095800000000000008,0.00028959999999999999,0.0013725999999999996,-0.0017858000000000001,0.0012772,-0.00066379999999999987,-0.00081039999999999986,0.0030472000000000012,0.0017924000000000002,0.00057659999999999992,-0.00060360000000000003,0.00075560000000000037,0.0014444000000000002,0.0010162000000000001,0.00024400000000000002,0.00092399999999999991,0.0025818000000000004,0.00045320000000000007,0.00025940000000000013,-0.00078720000000000005,-0.0034458000000000002,-0.0012622000000000002,-0.0014010000000000003,-0.0019206,-0.0013162,0.00067899999999999992,-0.0010817999999999999,-0.00053019999999999977,0.0018504000000000001,0.0009999999999999998,0.0011443999999999998,-0.0024489999999999998,-0.00010339999999999999,0.0033235999999999999,-0.0023177999999999996,0.0021145999999999999,0.0006950000000000002,-0.0029383999999999999,0.0018029999999999999,1.9599999999999826e-05,0.0015534000000000004,0.00061640000000000002,0.0014674000000000002,0.00018999999999999985,-0.0011826000000000002,-0.0054978000000000006,0.0027703999999999997,0.00052940000000000007,-0.00045400000000000008,0.0045574000000000005,0.00054600000000000004,0.0058886000000000008,-0.0045625999999999991,-0.0011236,-0.0033061999999999996,-0.0069354000000000013,0.0044644000000000003
aug_between_class_right_pair0079_child08,TLE,1,1,Augmented,0,0,0,0,0,0.33301770000000003,1.9515247,0,-8.9999999999999996e-07,0,1.0181287999999999,0,0.050685500000000001,-0.1259045,0.027698100000000003,0.085747699999999996,-0.087352699999999991,0.084704500000000002,-0.0051476999999999998,-0.015608500000000001,0.0038230999999999994,-0.08973020000000001,0.29625570000000001,-0.031774700000000003,0.017334500000000003,0.075987100000000002,0.025790600000000004,-0.031363299999999997,-0.0082265999999999988,-0.025862799999999998,7.220000000000143e-05,0.040715399999999999,-0.054813699999999993,0.0069042000000000001,-0.081806299999999998,0.0194748,0.056475600000000001,0.0085857999999999976,-0.011182400000000002,0.039898700000000002,-0.050146100000000006,0.0052858999999999962,-0.01923989999999999,-0.077666600000000002,0.085131899999999996,-0.0573684,0.20339299999999999,-0.0212105,0.0030230999999999991,0.0011337999999999995,-0.0096517999999999986,-0.0021090999999999992,0.0090711000000000003,0.0060433000000000014,-0.0032453999999999998,-0.0046468999999999989,-0.014890500000000001,-0.0253671,0.014771400000000001,0.045405100000000004,0.0108948,0.037394900000000002,-0.011766,-0.0098524999999999984,0.0218303,-0.0446094,0.0074708000000000014,0.0013212999999999999,0.0032512999999999999,0.032365199999999997,-0.070886699999999997,0.0060464000000000021,-0.016951799999999996,-0.047041300000000001,0.0262171,-0.0008738000000000001,0.00021519999999999992,0.019749900000000001,-0.002206200000000001,0.0119968,-0.00044620000000000076,0.0126342,0.0044643999999999994,-0.0029361000000000005,-0.0015583000000000003,-0.0048650000000000013,-0.0185728,0.0060397000000000003,0.0035693000000000001,0.0095811000000000004,0.0083018000000000015,-0.013376800000000001,0.016631900000000002,-0.016337500000000001,-0.026360000000000001,0.0096275000000000006,0.011270100000000002,0.0034987000000000004,0.0058642999999999994,-1.1699999999999471e-05,-0.0005053999999999996,-0.017383099999999999,-0.0024305000000000012,0.047953599999999999,0.0084093000000000015,0.030097600000000002,-0.025940399999999999,0.0018182000000000003,-0.0015466,-0.0043157000000000004,-0.0028357999999999994,0.0062924000000000001,-0.0085302999999999993,-0.018307499999999997,-0.0018687,0.0037292000000000002,-0.010902899999999998,0.0022877000000000002,-0.0031082000000000002,0.0047748000000000001,-0.0087927999999999999,-0.0044881999999999995,0.0072346999999999993,-0.0091411999999999986,0.0055191000000000007,-0.0031543999999999995,0.0070250999999999994,0.0093752000000000019,-0.0055991000000000001,0.0047448999999999998,-0.007094200000000001,0.0084995999999999995,0.0042819999999999976,-0.0092945000000000007,0.012306500000000001,0.011447300000000001,-0.012843700000000001,0.003476700000000001,-0.0127952,-0.0052708,-0.0087828000000000003,-0.014099800000000003,-0.022365200000000002,0.0052769000000000002,-0.0098705000000000008,0.013092199999999998,-0.012571800000000001,-0.0050414000000000006,0.0042569999999999995,-0.0016465,0.0012531999999999999,-0.0017651000000000001,-0.0051713999999999996,0.00065030000000000014,0.0054506999999999993,0.0044660999999999998,0.0039448,0.0060621000000000008,0.0017028,0.0013155,-0.0015125,0.0034945000000000002,-0.0063406000000000001,-0.010506799999999998,0.00044970000000000079,-0.0019253,0.016027900000000001,0.006894299999999999,-0.0016209,-0.0071884000000000002,0.0025049000000000004,-0.0103462,-0.0023340000000000001,-0.0133746,0.00084260000000000021,0.0029499999999999999,0.0035313000000000002,0.0017836999999999996,0.0037846999999999985,-0.0054745000000000002,0.0074424999999999995,0.0073688999999999994,-0.00019989999999999993,0.018217299999999999,0.0071734000000000008,0.0090067999999999988,-0.0012847000000000015,0.0038556000000000007,0.0023855999999999999,-0.0039031000000000001,0.010930199999999999,0.00012220000000000048,-0.0017964999999999999,0.0042433999999999996,0.0016543000000000005,-0.0029696000000000002,-0.00027270000000000007,-0.00028519999999999989,-0.0020791999999999998,-0.0031026000000000001,0.0013729,0.0035998000000000002,0.0023251999999999995,0.00020129999999999999,-0.0018108999999999998,0.0052683999999999995,-0.0029916999999999999,-0.0022161999999999998,0.0024589999999999998,-0.0017563999999999995,0.0014643,-0.0025532000000000003,-0.0043716999999999992,-0.0068121000000000006,0.0065460999999999991,-0.0025486000000000011,0.0076659999999999992,0.00044310000000000009,0.0034155000000000001,0.0042211000000000002,0.0014024000000000003,0.00016310000000000001,0.0037219999999999996,-0.0015870999999999999,0.0027803000000000003,-0.00077699999999999991,0.0090108000000000011,-0.0047124000000000003,-0.0047727000000000012,0.0061570999999999996,-0.0019860000000000004,-0.00077000000000000028,0.0011846000000000003,0.0007159,-0.0058770999999999997,0.0051497999999999995,0.0003813,0.011189899999999999,0.001215299999999999,0.0078109999999999994,-0.0099252000000000021,-0.0141818,-0.0051815000000000003,0.0015086000000000001,-0.0021532999999999999,0.00034919999999999992,0.0037975999999999999,-0.0041946000000000006,-0.0085777000000000006,-0.00090320000000000016,-0.0021242000000000001,-0.00041629999999999982,-0.00027470000000000012,-0.0042093,0.00033789999999999992,0.0039061999999999994,-0.0067635999999999998,-0.0020039999999999997,0.00069460000000000008,0.0016114,0.0097354,0.0021421000000000005,-0.0050823000000000005,0.0044171999999999996,0.00073069999999999993,0.00074259999999999994,-0.0043949000000000002,-0.00016830000000000013,0.0032174999999999999,-0.0014925999999999995,0.0016031999999999999,0.0035999999999999999,-0.0053297000000000006,-0.002275500000000001,-0.0036632000000000001,-0.0021291999999999999,-0.0044653999999999996,0.0030964999999999994,0.0068315000000000008,-0.0022521000000000008,-0.0021714999999999998,0.0075924,0.0047410000000000004,-0.0070150999999999998,0.0014273000000000003,0.0027263000000000001,-0.0028316999999999991,0.00026389999999999964,0.0017283999999999997,-0.007299700000000001,0.00039289999999999985,-0.0067001999999999999,0.0030079,-0.0048427000000000001,-0.015415999999999997,0.0070713,-0.0017464000000000002,0.012472199999999999,-0.00088159999999999974,0.0029812000000000003,-0.00059449999999999998,-0.0012809,-0.00051979999999999984,-9.4399999999999909e-05,0.00043619999999999998,-0.0031187999999999997,-0.00039510000000000001,0.0043058000000000003,0.0029036999999999999,0.0006066,-0.00070700000000000027,0.0016880999999999999,0.0022853999999999999,-0.0016352999999999999,-0.0027515999999999999,0.0011996000000000001,0.00050559999999999993,0.00017119999999999982,-7.260000000000003e-05,0.0027866999999999996,-0.0011899,0.0041672999999999997,-0.0047321999999999998,-0.0030461999999999998,-0.0036637000000000002,-0.0033205000000000001,0.003019,0.0013915999999999998,-0.0025491999999999997,0.0042966999999999997,-0.00040930000000000003,-0.0047014000000000005,-0.00024269999999999999,-0.0028068999999999993,-0.0050393,0.0029498999999999997,0.00022600000000000007,0.0022312,-0.0050658999999999999,-0.0042874000000000002,0.0025906999999999996,-0.0030331000000000004,0.00039919999999999995,0.0022994000000000001,0.0011684999999999998,0.0031231999999999996,-0.0043406000000000009,-0.0037148999999999997,0.0010311000000000001,-0.00042319999999999988,1.3199999999999996e-05,-5.1199999999999943e-05,0.0016275999999999997,0.0028866999999999999,0.00076249999999999972,-0.0010492999999999998,0.0030046999999999999,0.0028000999999999998,0.0060462999999999992,0.0032903000000000003,0.00066799999999999976,0.0097800000000000005,-0.0014599000000000001,2.7100000000000008e-05,0.0015979000000000002,-0.00011099999999999999,0.00030380000000000001,-0.00052019999999999996,-0.0011974999999999998,-0.0013755,0.0004791000000000001,-0.0012367999999999999,0.00013749999999999998,0.0014657000000000001,-0.0015592,-0.0023053000000000001,0.00093970000000000013,0.00020009999999999982,-0.0028672000000000003,-0.0015936000000000001,0.0018844999999999999,-0.00037539999999999969,-8.3200000000000017e-05,-0.0013548,-0.0017551999999999997,-0.00024250000000000012,0.00091930000000000007,0.00019880000000000006,-0.00053360000000000007,-0.0010433999999999999,0.0012000000000000001,-0.0030783999999999994,-0.00040930000000000003,-0.00094240000000000003,0.0038330000000000005,0.0014034,0.00011449999999999999,0.00084800000000000001,-0.0010801000000000001,0.0019183000000000002,-0.00036940000000000003,0.0045018999999999997,1.6399999999999965e-05,-0.0011163,0.0018402000000000004,0.00051130000000000034,0.0016796000000000001,-0.0021795,0.0011082000000000002,0.00035269999999999995,0.0018799000000000001,-0.00053629999999999997,-0.0025100000000000001,-0.0019976999999999998,-0.00086660000000000036,0.0040858999999999999,0.0022842000000000001,-0.0020935000000000003,0.0054413000000000005,-0.0014375,-0.0030860000000000002,0.0010466,0.0013519999999999999,0.00094100000000000021,-4.3999999999999985e-05,0.0034749999999999998,-0.0017060000000000001,-0.0066852000000000005,0.0021519999999999998,5.8600000000000015e-05,0.0025398999999999999,0.00049689999999999999,-0.00085479999999999996,-0.0016019999999999999,-0.00033069999999999996,-0.00051249999999999993,0.0006868,0.00079949999999999986,0.00091609999999999999,-0.00019060000000000003,9.6999999999999647e-06,0.00014150000000000002,-0.00060769999999999997,0.00044230000000000007,0.0028672000000000003,-0.00065099999999999999,-0.0011025000000000002,4.4500000000000052e-05,0.0021687999999999998,-9.2900000000000252e-05,-0.00095450000000000005,0.00037429999999999999,0.0013777999999999998,-0.0017244000000000003,0.0014266000000000001,-0.00060289999999999986,-0.00078120000000000002,0.0035246000000000014,0.0020667000000000003,0.0004948000000000001,-0.00070380000000000009,0.00086330000000000044,0.0016202,0.0010961,0.00030400000000000007,0.00075249999999999991,0.0027714000000000003,0.00045910000000000015,0.0004392000000000001,-0.00098409999999999991,-0.0035059000000000006,-0.0013461,-0.0015935000000000003,-0.0019077999999999999,-0.0010065999999999999,0.0008414999999999998,-0.0010819000000000002,-0.00072159999999999998,0.0017402000000000001,0.001093,0.00076019999999999994,-0.0024100000000000007,8.3799999999999923e-05,0.0039318000000000001,-0.0022673999999999997,0.0021253000000000001,0.00077299999999999992,-0.0036952,0.0014894999999999999,3.4799999999999979e-05,0.0019587000000000003,0.00075769999999999993,0.0019431999999999997,0.00012450000000000004,-0.0015018,-0.0061709,0.0027746999999999997,0.0009222000000000003,-0.00039449999999999999,0.0045066999999999998,0.00063400000000000001,0.0066093000000000002,-0.0041007999999999999,-0.0011858000000000001,-0.0027416000000000003,-0.007495700000000001,0.0044617000000000007
aug_between_class_right_pair0080_child05,TLE,1,1,Augmented,0,0,0,0,0,0.31068180000000001,2.0498957999999998,5.9999999999999997e-07,-1.4000000000000001e-06,5.9999999999999997e-07,0.94768000000000008,0,0.069291199999999997,-0.11925959999999999,0.0042093999999999986,0.13722380000000001,-0.12562519999999999,0.076494800000000002,-0.018444599999999998,-0.015647000000000001,0.028125400000000002,-0.16747899999999999,0.3275902,-0.022506800000000014,0.0058688000000000004,0.1030382,0.0033520000000000021,-0.0180412,-0.0027634000000000001,-0.032350000000000004,0.019371800000000002,0.047630199999999998,-0.028131000000000007,0.0095975999999999995,-0.074525999999999995,0.024935399999999996,0.042786000000000005,-0.0092274000000000002,0.010533600000000001,0.018213799999999999,-0.0618398,0.045269999999999998,-0.024364600000000004,-0.078724199999999994,0.080098799999999998,-0.063041,0.1987584,-0.033301400000000002,0.011858799999999999,-0.0043978000000000003,-0.0109138,-0.0038765999999999991,0.0095258000000000009,0.026702200000000002,-0.00081560000000000009,-0.016166400000000001,-0.0047875999999999995,-0.027441400000000001,0.0044080000000000005,0.043682800000000001,0.0070747999999999991,0.016246799999999999,-0.012676400000000001,0.0069882,0.010005999999999999,-0.030332600000000001,-0.0068221999999999988,-0.0015685999999999999,-0.0031013999999999998,0.029809599999999999,-0.056192599999999995,0.0092519999999999981,-0.012452800000000003,-0.036384199999999998,0.012423200000000001,-0.0035568000000000002,-0.0042918000000000001,0.0089645999999999997,0.0030378000000000002,0.0069186000000000004,-0.0063993999999999995,0.0060818000000000001,0.0093418000000000008,-0.0035994,0.0083352000000000009,-0.0057648000000000005,-0.020327400000000002,0.0069163999999999996,0.0051076000000000003,0.0070889999999999998,0.0042728000000000011,-0.0207882,0.0291638,-0.020065,-0.0198038,-0.0062252000000000002,-0.00036039999999999987,-0.0061818000000000012,0.0025248000000000007,-0.019573,0.0038895999999999991,-0.0180044,-0.011165599999999998,0.023896599999999997,0.0058425999999999999,0.013850599999999998,-0.0060613999999999998,-0.0015080000000000002,0.0011663999999999999,-0.00075059999999999992,-0.0077365999999999997,0.0098462000000000011,-0.0050962000000000004,-0.011792399999999998,0.00011999999999999988,0.0109716,-0.0022248000000000003,-0.0070234000000000008,0.0053546000000000002,0.010320600000000001,-0.0041092000000000004,0.0067145999999999994,0.015556399999999998,-0.0094018000000000001,-0.0021712000000000003,-0.0062253999999999999,0.0063791999999999989,0.0071994000000000016,-0.0101228,0.013192199999999999,-0.0042653999999999999,0.0047370000000000008,-0.0061162000000000005,-0.0039903999999999998,-0.0026788000000000003,0.012449399999999998,-0.010813400000000001,-0.0052467999999999994,-0.012746799999999999,0.00097320000000000045,-0.0081898000000000006,-0.021892400000000003,-0.0049757999999999998,-0.0012108000000000002,0.003570799999999999,0.0139548,-0.0114206,0.0015689999999999996,0.0063866000000000001,0.00060799999999999982,0.0019848000000000001,0.0015646,-0.0027000000000000001,0.0019976,-0.0055776000000000003,0.0041638000000000005,-0.0036686000000000006,0.0064562000000000005,0.0020739999999999999,0.0034433999999999997,-0.0010578,0.00039959999999999996,-0.0082106000000000002,-0.00010179999999999976,-0.0015881999999999997,-0.0011051999999999998,0.0140178,0.0015992000000000001,0.00031759999999999991,-0.0031165999999999998,-0.0034498000000000003,-0.0057334000000000005,0.0045838000000000007,-0.0067499999999999999,0.0037858000000000002,0.0067621999999999995,0.00027280000000000013,0.0014880000000000002,-0.0035926000000000005,-0.00066159999999999982,0.0084575999999999991,0.0080113999999999984,0.00021900000000000001,0.0099780000000000008,-0.0012509999999999999,0.0047721999999999999,0.0037742000000000001,-0.0022948000000000005,0.0043947999999999999,-0.0048522000000000001,8.9799999999999255e-05,-0.0059810000000000002,0.0017518000000000004,-0.0011606000000000001,-0.0038687999999999999,-0.00059859999999999991,0.0016693999999999999,-0.0013914000000000001,-0.0022449999999999996,-0.0068766000000000001,-0.0026541999999999998,-0.0021986000000000006,-0.0010674,0.0027968000000000003,0.00013779999999999993,-0.00049560000000000034,-0.0006334,0.0018856000000000001,0.00093199999999999956,-0.0033356000000000002,0.0016484,-0.0032111999999999991,0.00030780000000000011,-0.0011655999999999999,0.0048583999999999988,0.0031702000000000002,0.0036606,-0.0034828000000000003,0.00142,0.00059020000000000079,-0.00040540000000000053,0.0022860000000000003,0.0010339999999999998,-0.00071339999999999988,0.0013233999999999998,-0.00056720000000000013,0.0090916,-0.0052199999999999998,-0.0039774000000000007,0.0047475999999999994,0.00087680000000000006,-0.0026328000000000002,0.0027052000000000001,-0.00084159999999999986,-0.0067951999999999986,0.0018867999999999997,-0.0035080000000000003,0.0054180000000000001,-0.0062959999999999995,0.0037193999999999999,-0.0025445999999999993,-0.0170394,-0.0078720000000000005,0.00022579999999999974,-0.0024867999999999999,-0.0021606000000000004,0.0025914000000000006,-0.0036173999999999998,-0.0031287999999999997,-0.00017620000000000003,0.0023407999999999997,0.0021415999999999996,-0.00047399999999999981,-0.0039807999999999987,0.0033970000000000003,-0.00017380000000000008,-0.0014737999999999999,-0.0044554,0.0025301999999999994,-0.0029828000000000003,0.0028310000000000002,-0.0040578000000000003,-0.0020884000000000002,0.0026578000000000001,0.0011764,-0.00061380000000000007,-0.0057092000000000002,-0.00082660000000000003,-0.0032481999999999997,-0.0016074000000000001,-0.00092039999999999993,0.0032925999999999997,-0.0014712,0.0027084000000000001,-0.00017640000000000001,-0.0013527999999999995,-0.0022868000000000003,-0.0043993999999999995,0.0047740000000000005,-0.0020907999999999999,0.00096500000000000004,0.0030220000000000004,0.00089340000000000003,-0.0062867999999999995,0.00052680000000000001,-0.0041716000000000001,0.0021617999999999993,-0.0010803999999999996,0.0017067999999999999,-0.0016966000000000008,0.00096999999999999983,-0.0008657999999999999,0.0021308,-0.00010319999999999991,0.0042091999999999997,0.011858400000000002,-0.0019240000000000006,0.0074033999999999992,-0.013754800000000001,0.0019750000000000002,-0.0015988,0.001946,0.0006734,-0.00081079999999999998,0.0015507999999999995,-3.8600000000000071e-05,-0.00058140000000000015,0.0031392,-0.00015420000000000006,0.00015579999999999988,0.0014339999999999999,0.00038620000000000012,-0.0006029999999999998,0.00023720000000000064,-0.00013420000000000009,-0.0014985999999999999,0.0010596,-0.0024754,0.0011437999999999999,0.0015230000000000003,0.0015403999999999999,0.002251,-0.0036534000000000002,-0.0035817999999999996,-0.0026372000000000001,0.0024716,0.0023227999999999999,-0.00010579999999999997,-0.0003564000000000001,0.001536,-0.00019440000000000006,-0.0013798,-0.00084359999999999991,-0.0019511999999999999,-0.0033730000000000006,0.0011091999999999999,0.0031851999999999996,0.0012138000000000001,-0.0024692,-0.0010236000000000002,0.0012649999999999998,-0.00019320000000000003,0.0020076000000000004,0.00062779999999999997,0.00090919999999999977,0.00033120000000000003,0.0013361999999999998,-0.0028533999999999999,-0.0037222000000000002,0.0023405999999999995,0.0026865999999999999,0.0028109999999999997,-0.00094980000000000021,0.0025217999999999998,-0.0016764,-0.0014612000000000002,0.00056459999999999995,-0.00095239999999999995,-0.00072700000000000022,-0.0012474000000000001,-0.0042932000000000005,0.0100418,-0.0049074000000000001,0.0014739999999999998,0.0013028,-0.00017639999999999995,0.0016094,0.0030364000000000007,-0.0008024000000000001,0.00059320000000000011,-0.0023589999999999996,-0.0010781999999999999,-5.8999999999999984e-05,0.00042200000000000001,0.00043760000000000001,-0.00010380000000000011,-0.00051120000000000007,0.0013172000000000001,-0.0040601999999999999,-0.00048039999999999975,0.0028008000000000004,-0.0013646000000000001,0.0018314000000000002,-3.0200000000000355e-05,-0.0013395999999999998,0.00083279999999999975,-0.0005170000000000001,-0.0017534,0.0032030000000000001,-0.0034413999999999998,0.00069619999999999979,4.5600000000000024e-05,-0.00094239999999999992,0.0017724000000000004,0.0020628000000000001,-0.00039479999999999984,0.0025139999999999997,0.0030769999999999994,-0.00074419999999999987,0.0040283999999999997,-0.0012884000000000003,0.0039886000000000001,2.2000000000000535e-06,-0.0012434,-0.0010395999999999999,0.00028539999999999951,-0.00078280000000000016,-0.00068940000000000017,0.00018580000000000007,-0.0031580000000000002,0.00050019999999999991,-0.0041631999999999997,-0.0032376000000000002,-0.001936,-0.0002808000000000001,0.00075019999999999991,-0.0010307999999999999,0.00084039999999999994,0.0035371999999999999,-0.0022774000000000002,-0.0062193999999999999,0.0026832000000000002,0.0016947999999999998,0.0016752,0.0021741999999999994,0.0021543999999999999,0.0038786000000000011,-0.0066365999999999994,-0.00078479999999999999,-0.0037860000000000003,0.0029613999999999999,0.0046362000000000009,0.0012526,4.280000000000001e-05,-0.0020100000000000001,0.0010054,-0.00033119999999999997,-0.0019481999999999998,-0.00039360000000000003,-0.00032040000000000009,0.00078580000000000002,-0.0011412000000000002,-0.00084519999999999973,0.0007896,0.0004463999999999999,-0.0013178000000000003,-0.00085739999999999992,0.00033359999999999998,0.00091419999999999989,0.0003709999999999998,-0.00022640000000000003,-0.00097800000000000014,-0.0018208,0.0012358,0.0012459999999999997,0.00071260000000000008,0.0010140000000000001,-0.0012744,0.00044779999999999999,0.00097019999999999984,-0.0010844000000000001,1.5600000000000162e-05,0.00091719999999999985,-0.0011044,-0.0005394000000000001,0.0001116,0.0023519999999999999,0.0011709999999999999,0.00065799999999999995,0.0011770000000000001,0.00033620000000000004,-0.001165,0.00062300000000000018,-0.00083379999999999999,-0.00021059999999999991,0.0012356000000000001,-0.0010558000000000002,0.0012670000000000001,-0.00013620000000000017,-0.00019420000000000006,0.00013420000000000004,-0.0017169999999999998,-6.1600000000000034e-05,0.0022913999999999999,-0.0027873999999999998,0.00046919999999999991,-0.0015931999999999999,-0.0027131999999999998,0.00063080000000000005,0.00025259999999999974,0.00024240000000000012,0.0010985999999999999,0.00055940000000000004,-6.4200000000000151e-05,-0.0021900000000000001,-0.0027056000000000003,0.0023310000000000002,-0.0022712000000000001,-0.00059679999999999998,0.0033833999999999999,-0.0014616,0.0053265999999999999,0.0021774000000000003,-0.0023126000000000002,0.0012532000000000005,-0.00055160000000000018,0.0024596000000000002
aug_between_class_right_pair0080_child06,TLE,1,1,Augmented,0,0,0,0,0,0.3072471,2.0649550999999997,6.9999999999999997e-07,-1.2999999999999998e-06,6.9999999999999986e-07,0.94201000000000001,0,0.069046899999999994,-0.1190367,0.0020927999999999988,0.1349996,-0.1294804,0.071466100000000005,-0.018403699999999999,-0.015293500000000002,0.030314299999999995,-0.16808600000000001,0.3254089,-0.014723100000000017,0.0049656000000000006,0.10517589999999999,0.00047000000000000123,-0.018058400000000002,-0.0019468,-0.032158500000000007,0.017782100000000002,0.047888899999999998,-0.023782000000000008,0.0099822000000000001,-0.072513499999999995,0.025917799999999998,0.040842500000000004,-0.003740799999999999,0.0108802,0.020959599999999995,-0.061697099999999998,0.043457499999999996,-0.024824700000000002,-0.081011899999999998,0.079128599999999993,-0.066515999999999992,0.2007478,-0.027465800000000005,0.012536099999999998,-0.0048506000000000001,-0.0100216,-0.0053916999999999975,0.010198600000000002,0.024864400000000002,-0.00072619999999999976,-0.0174203,-0.005674199999999999,-0.028322800000000002,0.0051824999999999996,0.043447600000000003,0.0086436000000000013,0.016349100000000002,-0.012386299999999999,0.0065259000000000003,0.013899499999999999,-0.030947200000000001,-0.0057789000000000017,-0.0021496999999999996,-0.0025733000000000002,0.029545699999999998,-0.053444199999999997,0.010286499999999999,-0.010567100000000003,-0.034988400000000003,0.014654899999999998,-0.0030416000000000002,-0.0050346000000000002,0.0080767000000000009,0.0042836000000000003,0.0071856999999999997,-0.0055082999999999998,0.0057240999999999993,0.0092000999999999993,-0.0034028000000000001,0.0084618999999999996,-0.0074181000000000021,-0.020505800000000001,0.0068222999999999999,0.0048897000000000003,0.0060920000000000002,0.0047690999999999992,-0.019496899999999998,0.029584099999999999,-0.0184355,-0.021327599999999999,-0.0038064000000000014,-0.00044079999999999987,-0.0059916000000000014,0.0034416000000000013,-0.019020000000000002,0.0033771999999999995,-0.0159528,-0.010328200000000001,0.024442699999999998,0.0047237000000000008,0.013423699999999998,-0.0063347999999999998,-0.00049150000000000062,0.0012742999999999999,-0.00066920000000000022,-0.0080806999999999997,0.010226900000000001,-0.0052929000000000006,-0.011635299999999998,0.00041699999999999973,0.0120847,-0.0020721000000000003,-0.0069133000000000007,0.0048701999999999999,0.0108247,-0.0048519000000000001,0.0064586999999999995,0.016958299999999999,-0.0095905999999999995,-0.0025693999999999999,-0.0059563000000000003,0.0062563999999999996,0.0079542999999999992,-0.010979599999999999,0.013505399999999999,-0.0046838000000000001,0.0040355,-0.005354900000000001,-0.0048247999999999997,-0.0021206000000000003,0.013381799999999999,-0.012998299999999999,-0.0052306000000000002,-0.0130791,0.0013544000000000013,-0.0071105999999999999,-0.0227908,-0.0046935999999999992,-0.00099660000000000026,0.0047006000000000001,0.0142606,-0.012003199999999999,0.001346,0.0071361999999999997,0.0014709999999999999,0.0021386,0.0014437,-0.0032585000000000001,0.0017566999999999999,-0.0060861999999999999,0.0034696000000000006,-0.0033862000000000002,0.0066408999999999999,0.0022460000000000002,0.0033357999999999999,-3.6100000000000281e-05,-0.00025629999999999967,-0.009179699999999999,-0.00091609999999999955,-0.0020284000000000014,-0.0015353999999999997,0.014785599999999999,0.0020669,-0.00018630000000000008,-0.0024982000000000003,-0.0027056000000000003,-0.0052743,0.0045296000000000017,-0.0061530000000000005,0.0040861000000000005,0.0063099000000000002,-4.5400000000000995e-05,0.0012174999999999998,-0.0034047000000000001,0.00015779999999999982,0.0095116999999999997,0.0081522999999999977,0.00034899999999999992,0.010891999999999999,-0.0014929999999999995,0.0053563999999999999,0.0055419000000000041,-0.0023036000000000003,0.0053405999999999992,-0.0052734000000000001,-0.00060339999999999873,-0.0057404999999999999,0.0018330999999999998,-0.0016521999999999997,-0.0044381000000000004,-0.00071269999999999992,0.0012843000000000002,-0.0018778000000000002,-0.001818,-0.007415699999999999,-0.0026043999999999998,-0.0028121999999999995,-0.0012438,0.0031846000000000001,0.0007440999999999996,-8.1200000000000185e-05,-0.00062529999999999997,0.0026161999999999999,0.0016464999999999991,-0.0032166999999999999,0.0015877999999999999,-0.0036943999999999996,-0.00043889999999999966,-0.0011567000000000001,0.004783299999999999,0.0028039000000000002,0.0030992000000000003,-0.0030381000000000002,0.0013424999999999999,-0.00028559999999999957,0.00043569999999999926,0.0025570000000000002,0.0014664999999999999,-0.00046129999999999999,0.0012237999999999997,-0.0004324000000000001,0.0092762000000000001,-0.0054114999999999996,-0.0033143000000000001,0.0047407000000000005,0.0007275999999999999,-0.0027385999999999999,0.0015334000000000003,-0.0003162000000000002,-0.0075533999999999992,0.0014065999999999998,-0.0036395000000000004,0.0053680000000000004,-0.0059565,0.0040972999999999999,-0.0019942000000000007,-0.017345800000000001,-0.0093199999999999984,0.0001206,-0.0025306,-0.0019837000000000001,0.0025623,-0.0033903000000000006,-0.0037530999999999997,-0.00025839999999999999,0.0029670999999999999,0.0023401999999999997,5.3999999999999795e-05,-0.0041145999999999995,0.0030055000000000004,2.1399999999999883e-05,-0.0020390999999999999,-0.005201299999999999,0.0028983999999999989,-0.0031521000000000001,0.0026559999999999999,-0.0040616000000000003,-0.0022387999999999996,0.0029016000000000007,0.0010003000000000002,-0.00066310000000000002,-0.0056819000000000001,-0.0010607000000000001,-0.0036053999999999999,-0.0013333000000000002,-0.0012138000000000001,0.0036971999999999999,-0.0021759000000000006,0.0030838000000000003,-0.00018680000000000001,-0.0014825999999999997,-0.0021511,-0.0049457999999999993,0.0048549999999999999,-0.0020535999999999996,0.00090799999999999995,0.0039354999999999998,0.0011068,-0.0068315999999999984,0.00044760000000000004,-0.0041777000000000003,0.0028115999999999992,-0.0011172999999999999,0.0010735999999999999,-0.00089420000000000059,0.0013244999999999997,-0.00068359999999999992,0.0029335999999999997,2.8599999999999719e-05,0.0041999000000000003,0.011450800000000001,-0.0015505000000000004,0.0066937999999999998,-0.0143181,0.001848,-0.0016811,0.0021679999999999998,0.00055080000000000016,-0.00053959999999999989,0.0017295999999999995,7.6299999999999849e-05,-0.00052880000000000006,0.0033393999999999997,6.1599999999999979e-05,0.00040209999999999996,0.0015315000000000001,0.00073990000000000015,-0.00018249999999999994,-0.00033159999999999933,9.0999999999998417e-06,-0.0016041999999999999,0.0011861999999999999,-0.0025652999999999995,0.0013181,0.0015225000000000002,0.0018002999999999999,0.0023635000000000001,-0.0037423000000000005,-0.0037460999999999996,-0.0027169,0.0022271999999999999,0.0024380999999999999,-2.4600000000000164e-05,-0.00049379999999999997,0.0015425,-0.00043379999999999992,-0.0012371000000000001,-0.0007721999999999999,-0.0017689000000000001,-0.0033265,0.0012358999999999996,0.0034018999999999994,0.00097109999999999991,-0.0022204,-0.0006462000000000002,0.0018249999999999996,-0.00012390000000000014,0.0025756999999999998,0.00067660000000000007,0.0014923999999999998,0.00045340000000000007,0.00078039999999999989,-0.0025912999999999995,-0.0039524,0.002841199999999999,0.0023632000000000002,0.0028889999999999996,-0.00073160000000000022,0.0024761000000000002,-0.0024028000000000001,-0.0012894,0.00035620000000000009,-0.0015867999999999998,-0.00084949999999999956,-0.0012448000000000001,-0.0047853999999999995,0.010745099999999999,-0.0048438000000000005,0.0016529999999999997,0.0012246,-0.00015630000000000006,0.0018342999999999996,0.0028593000000000008,-0.00042780000000000015,0.00046690000000000018,-0.0028739999999999998,-0.0011984000000000001,-0.00021949999999999997,0.00041800000000000002,0.00031320000000000002,0.0002658999999999999,-0.00019940000000000002,0.0014088999999999998,-0.0041609000000000004,-0.00081729999999999975,0.0030380999999999997,-0.0014461999999999999,0.0018678000000000004,0.00046259999999999964,-0.0013442000000000003,0.00089659999999999989,-5.2500000000000246e-05,-0.0015868000000000002,0.0032729999999999999,-0.0036467999999999995,0.00089239999999999979,-0.00057029999999999982,-0.0011617999999999997,0.0017483000000000004,0.0016066000000000003,-0.00072959999999999995,0.0026104999999999995,0.0034064999999999998,-0.00085239999999999979,0.0040263,-0.0016992999999999999,0.0040581999999999997,-0.00029609999999999993,-0.0013323,-0.00049320000000000028,0.00073729999999999954,-0.00095959999999999991,-0.00091129999999999998,0.00021609999999999989,-0.0033854999999999996,0.00021340000000000004,-0.0042709000000000002,-0.0034986999999999996,-0.0017255,-8.6100000000000195e-05,0.0010103999999999998,-0.0011451,0.0010547999999999998,0.0039763999999999989,-0.0018548000000000002,-0.0066268000000000004,0.0028754000000000002,0.0017300999999999998,0.0017918999999999999,0.0023888999999999998,0.0021243,0.0039797000000000001,-0.0066731999999999998,-0.0012486000000000003,-0.0032580000000000005,0.0035482999999999999,0.0045819000000000007,0.0012106999999999999,-2.5399999999999967e-05,-0.0020410000000000003,0.00077730000000000008,-0.00026739999999999994,-0.0020423999999999998,-0.0004682,-0.00021230000000000006,0.0007986,-0.0009094000000000001,-0.0011678999999999997,0.0010717000000000001,0.0005577999999999999,-0.0011446000000000002,-0.0011867999999999996,0.00033869999999999994,0.00099189999999999999,0.0007769999999999997,7.1199999999999833e-05,-0.00074200000000000004,-0.0020485999999999998,0.00090860000000000029,0.0012559999999999997,0.00021520000000000008,0.00081650000000000017,-0.0012723000000000001,0.00042509999999999998,0.00094239999999999981,-0.0010537999999999999,1.2700000000000038e-05,0.00060689999999999984,-0.0010383,-0.00033480000000000017,5.6200000000000011e-05,0.0021295000000000003,0.0014059999999999999,0.00066900000000000011,0.0012504999999999999,0.00015289999999999998,-0.0011295000000000001,0.00024550000000000022,-0.0011001000000000001,-0.00032919999999999976,0.0014342000000000001,-0.00098259999999999992,0.0013160000000000001,-8.9900000000000179e-05,0.00025409999999999989,0.00048089999999999993,-0.0019224999999999999,1.7299999999999987e-05,0.0021942999999999997,-0.0030437999999999997,0.00070739999999999996,-0.0014058999999999999,-0.0026433999999999997,0.00050710000000000002,0.00016820000000000008,0.0006418000000000001,0.0013412000000000001,0.00057680000000000003,-3.3900000000000119e-05,-0.0021679999999999998,-0.0025072000000000002,0.0025339999999999998,-0.0024079000000000001,-0.0004146000000000001,0.0032188,-0.0014397000000000004,0.0058217,0.0023112999999999996,-0.0022092000000000001,0.0017979000000000001,-0.0010696999999999998,0.0024572000000000001
aug_between_class_right_pair0080_child07,TLE,1,1,Augmented,0,0,0,0,0,0.30381239999999998,2.0800144,7.9999999999999996e-07,-1.1999999999999999e-06,8.0000000000000007e-07,0.93634000000000006,0,0.068802599999999992,-0.1188138,-2.3800000000004373e-05,0.13277539999999999,-0.1333356,0.066437399999999994,-0.018362799999999999,-0.014940000000000002,0.032503200000000003,-0.16869300000000001,0.3232276,-0.0069393999999999983,0.004062399999999999,0.1073136,-0.0024120000000000009,-0.018075600000000001,-0.0011301999999999996,-0.031967000000000002,0.016192399999999999,0.048147599999999999,-0.019433000000000002,0.010366799999999999,-0.070500999999999994,0.026900199999999999,0.038899000000000003,0.0017458000000000022,0.0112268,0.023705400000000001,-0.061554399999999995,0.041645000000000001,-0.0252848,-0.083299600000000001,0.078158399999999989,-0.069990999999999998,0.20273720000000001,-0.021630199999999995,0.0132134,-0.0053034000000000006,-0.0091293999999999993,-0.0069068000000000003,0.010871400000000003,0.023026600000000001,-0.0006368000000000003,-0.018674199999999998,-0.0065607999999999994,-0.0292042,0.0059570000000000005,0.043212399999999998,0.010212400000000002,0.016451400000000001,-0.0120962,0.0060635999999999989,0.017793000000000003,-0.031561800000000001,-0.0047355999999999995,-0.0027307999999999998,-0.0020451999999999996,0.029281799999999997,-0.050695799999999999,0.011320999999999999,-0.0086814000000000023,-0.0335926,0.016886600000000002,-0.0025263999999999998,-0.0057774000000000011,0.0071888000000000004,0.0055294000000000012,0.0074527999999999999,-0.0046171999999999993,0.0053663999999999995,0.0090583999999999994,-0.0032061999999999998,0.0085886000000000001,-0.0090714000000000003,-0.0206842,0.0067282000000000002,0.0046718000000000003,0.0050949999999999997,0.0052653999999999973,-0.018205599999999999,0.030004400000000001,-0.016805999999999998,-0.022851400000000001,-0.0013875999999999988,-0.00052119999999999988,-0.0058014,0.0043584000000000036,-0.018467000000000001,0.0028647999999999989,-0.013901199999999999,-0.0094907999999999989,0.024988799999999999,0.0036047999999999996,0.012996799999999999,-0.0066081999999999998,0.00052500000000000051,0.0013822000000000001,-0.00058779999999999987,-0.0084247999999999997,0.0106076,-0.0054895999999999999,-0.011478199999999997,0.0007139999999999999,0.013197800000000003,-0.0019193999999999997,-0.0068032000000000006,0.0043857999999999996,0.0113288,-0.0055945999999999991,0.0062027999999999996,0.0183602,-0.0097794000000000006,-0.0029676000000000012,-0.0056871999999999999,0.0061335999999999995,0.0087092000000000003,-0.0118364,0.0138186,-0.0051022000000000003,0.0033339999999999997,-0.0045935999999999998,-0.0056592000000000014,-0.0015624000000000002,0.014314199999999999,-0.015183199999999999,-0.0052144000000000001,-0.0134114,0.0017356000000000003,-0.0060313999999999993,-0.023689200000000004,-0.0044113999999999993,-0.00078239999999999983,0.0058304000000000012,0.014566399999999998,-0.012585799999999998,0.0011229999999999999,0.0078858000000000001,0.002334000000000001,0.0022924,0.0013227999999999998,-0.0038170000000000001,0.0015157999999999999,-0.0065948000000000005,0.0027753999999999999,-0.0031037999999999999,0.0068256000000000002,0.002418,0.0032282000000000001,0.00098560000000000097,-0.00091220000000000016,-0.010148800000000003,-0.0017304000000000004,-0.0024686000000000005,-0.0019656000000000005,0.015553400000000002,0.0025346000000000001,-0.00069020000000000051,-0.0018797999999999996,-0.0019613999999999999,-0.0048151999999999995,0.0044754000000000009,-0.0055560000000000002,0.0043864000000000004,0.0058575999999999993,-0.00036360000000000038,0.00094699999999999993,-0.0032167999999999997,0.00097720000000000055,0.0105658,0.0082931999999999988,0.00047900000000000004,0.011806000000000001,-0.0017350000000000004,0.0059405999999999999,0.0073096000000000046,-0.0023124,0.006286400000000001,-0.0056946000000000002,-0.0012966000000000002,-0.0054999999999999997,0.0019143999999999997,-0.0021438000000000004,-0.0050074000000000004,-0.00082679999999999993,0.00089919999999999974,-0.0023642000000000008,-0.0013909999999999997,-0.0079547999999999997,-0.0025545999999999998,-0.0034258000000000001,-0.0014202000000000002,0.0035724000000000007,0.0013503999999999999,0.00033320000000000018,-0.00061720000000000004,0.0033468000000000005,0.0023609999999999998,-0.0030977999999999995,0.0015272000000000003,-0.0041776000000000009,-0.0011856000000000002,-0.0011477999999999996,0.0047081999999999975,0.0024375999999999998,0.0025377999999999998,-0.0025934,0.0012650000000000001,-0.0011613999999999999,0.0012767999999999998,0.0028280000000000002,0.0018990000000000001,-0.00020919999999999966,0.0011241999999999997,-0.00029760000000000008,0.0094608000000000001,-0.0056030000000000003,-0.0026511999999999998,0.0047337999999999998,0.00057839999999999996,-0.0028444000000000004,0.00036159999999999881,0.0002092000000000001,-0.0083115999999999989,0.00092639999999999964,-0.003771,0.0053179999999999998,-0.0056169999999999996,0.0044752000000000004,-0.0014437999999999994,-0.0176522,-0.010768,1.5399999999999615e-05,-0.0025743999999999997,-0.0018067999999999999,0.0025332000000000002,-0.0031631999999999997,-0.0043774,-0.00034060000000000009,0.0035934000000000005,0.0025387999999999999,0.00058200000000000049,-0.0042483999999999994,0.002614,0.00021660000000000003,-0.0026044000000000002,-0.0059471999999999997,0.0032665999999999993,-0.0033214000000000004,0.0024810000000000001,-0.0040654000000000003,-0.0023892000000000002,0.0031454000000000005,0.00082419999999999998,-0.00071239999999999997,-0.0056546000000000001,-0.0012948000000000002,-0.0039626000000000001,-0.0010591999999999999,-0.0015072000000000002,0.0041018000000000001,-0.0028806000000000014,0.0034592000000000004,-0.00019720000000000002,-0.0016123999999999999,-0.0020154000000000001,-0.0054922,0.0049360000000000003,-0.0020163999999999998,0.00085099999999999998,0.0048489999999999991,0.0013202000000000001,-0.0073764,0.00036839999999999996,-0.0041838000000000005,0.0034613999999999999,-0.0011541999999999998,0.00044039999999999932,-9.1799999999999955e-05,0.0016789999999999999,-0.00050139999999999994,0.0037364,0.00016040000000000021,0.0041906000000000001,0.0110432,-0.0011769999999999997,0.0059841999999999994,-0.014881400000000003,0.0017209999999999999,-0.0017634,0.0023900000000000002,0.0004282,-0.00026840000000000002,0.0019084,0.00019120000000000009,-0.00047619999999999997,0.0035396,0.00027740000000000013,0.00064840000000000015,0.0016290000000000002,0.0010936000000000003,0.00023800000000000036,-0.00090039999999999999,0.00015240000000000002,-0.0017098,0.0013127999999999998,-0.0026551999999999999,0.0014924000000000001,0.0015220000000000001,0.0020602000000000003,0.0024759999999999999,-0.0038311999999999999,-0.0039103999999999996,-0.0027965999999999998,0.0019827999999999998,0.0025533999999999999,5.6600000000000075e-05,-0.00063120000000000016,0.001549,-0.00067320000000000021,-0.0010943999999999999,-0.0007007999999999999,-0.0015865999999999999,-0.0032799999999999999,0.0013625999999999998,0.0036186000000000005,0.00072839999999999971,-0.0019715999999999996,-0.00026879999999999981,0.002385,-5.4599999999999918e-05,0.0031438000000000004,0.00072539999999999996,0.0020756000000000004,0.00057560000000000011,0.00022459999999999971,-0.0023291999999999996,-0.0041825999999999999,0.0033417999999999994,0.0020397999999999996,0.002967,-0.00051340000000000001,0.0024304000000000001,-0.0031292000000000004,-0.0011175999999999998,0.0001477999999999998,-0.0022212000000000004,-0.00097200000000000064,-0.0012422000000000002,-0.0052776000000000003,0.011448400000000001,-0.0047802000000000001,0.0018320000000000001,0.0011463999999999999,-0.00013619999999999995,0.0020592000000000002,0.0026822000000000005,-5.3199999999999775e-05,0.00034059999999999998,-0.0033890000000000005,-0.0013186000000000001,-0.00038000000000000008,0.00041399999999999998,0.00018879999999999993,0.00063560000000000005,0.0001124000000000001,0.0015005999999999999,-0.0042615999999999999,-0.0011542000000000002,0.0032753999999999999,-0.0015278000000000006,0.0019042000000000002,0.00095540000000000013,-0.0013488000000000003,0.00096039999999999982,0.00041200000000000004,-0.0014201999999999999,0.0033430000000000001,-0.0038522000000000001,0.0010885999999999999,-0.0011862000000000001,-0.0013812,0.0017242000000000004,0.0011503999999999998,-0.0010644000000000003,0.0027069999999999998,0.0037360000000000002,-0.00096059999999999993,0.0040242000000000003,-0.0021102000000000004,0.0041278,-0.00059440000000000014,-0.0014212000000000001,5.3200000000000426e-05,0.0011892000000000001,-0.0011363999999999999,-0.0011332000000000002,0.00024639999999999992,-0.0036130000000000008,-7.3400000000000158e-05,-0.0043785999999999999,-0.0037597999999999998,-0.0015149999999999999,0.00010859999999999993,0.0012706000000000002,-0.0012594000000000001,0.0012692000000000001,0.0044156000000000004,-0.0014321999999999998,-0.0070342000000000009,0.0030676000000000002,0.0017653999999999999,0.0019085999999999999,0.0026035999999999998,0.0020941999999999996,0.0040808000000000007,-0.0067098000000000001,-0.0017124000000000006,-0.0027299999999999998,0.0041352000000000003,0.0045276000000000005,0.0011688,-9.3600000000000053e-05,-0.0020720000000000001,0.00054919999999999991,-0.00020359999999999996,-0.0021365999999999994,-0.00054279999999999997,-0.00010419999999999993,0.00081139999999999999,-0.00067759999999999988,-0.0014905999999999999,0.0013538000000000003,0.00066920000000000033,-0.00097139999999999987,-0.0015161999999999997,0.00034379999999999995,0.0010696,0.001183,0.00036880000000000002,-0.00050599999999999994,-0.0022764,0.00058139999999999971,0.0012659999999999998,-0.00028220000000000035,0.00061899999999999998,-0.0012702,0.00040239999999999997,0.0009145999999999999,-0.0010231999999999997,9.8000000000001298e-06,0.00029659999999999973,-0.00097219999999999989,-0.00013019999999999994,7.9999999999996524e-07,0.0019069999999999998,0.0016409999999999997,0.00068000000000000005,0.0013240000000000001,-3.0400000000000088e-05,-0.0010939999999999999,-0.00013200000000000028,-0.0013664000000000003,-0.00044779999999999993,0.0016328000000000002,-0.0009094000000000001,0.0013650000000000001,-4.3599999999999976e-05,0.00070240000000000016,0.00082760000000000006,-0.0021280000000000006,9.6200000000000007e-05,0.0020971999999999996,-0.0033002000000000001,0.00094560000000000011,-0.0012185999999999998,-0.0025736000000000001,0.00038339999999999994,8.379999999999976e-05,0.0010412000000000002,0.0015838,0.00059419999999999991,-3.5999999999998707e-06,-0.0021459999999999999,-0.0023088000000000002,0.0027369999999999998,-0.0025446000000000002,-0.0002323999999999999,0.0030542000000000004,-0.0014178000000000003,0.0063168000000000009,0.0024451999999999998,-0.0021058000000000001,0.0023426000000000002,-0.0015878000000000005,0.0024548
aug_between_class_right_pair0080_child08,TLE,1,1,Augmented,0,0,0,0,0,0.30037770000000003,2.0950736999999999,8.9999999999999996e-07,-1.1000000000000001e-06,9.0000000000000007e-07,0.93067,0,0.068558300000000003,-0.1185909,-0.0021404000000000041,0.13055120000000001,-0.1371908,0.061408699999999997,-0.018321899999999999,-0.014586500000000002,0.034692099999999997,-0.16930000000000001,0.32104630000000001,0.00084429999999999228,0.0031592000000000009,0.1094513,-0.005294000000000001,-0.018092800000000003,-0.00031360000000000025,-0.031775499999999998,0.014602700000000001,0.048406299999999999,-0.015084,0.010751399999999999,-0.068488499999999994,0.027882599999999997,0.036955500000000002,0.0072323999999999999,0.011573400000000001,0.026451200000000001,-0.0614117,0.0398325,-0.025744899999999998,-0.085587299999999991,0.077188199999999985,-0.073466000000000004,0.20472660000000001,-0.015794599999999999,0.013890699999999999,-0.0057561999999999995,-0.0082372000000000001,-0.0084218999999999995,0.011544200000000001,0.021188800000000001,-0.00054739999999999997,-0.019928099999999997,-0.0074473999999999999,-0.030085600000000001,0.0067314999999999996,0.0429772,0.0117812,0.016553700000000001,-0.0118061,0.0056013,0.021686500000000001,-0.032176400000000001,-0.0036923000000000004,-0.0033119000000000009,-0.0015171,0.029017899999999999,-0.047947400000000001,0.012355500000000004,-0.0067957000000000017,-0.032196799999999998,0.019118300000000001,-0.0020111999999999999,-0.0065202000000000012,0.0063008999999999999,0.0067752000000000003,0.0077199000000000009,-0.0037260999999999987,0.0050086999999999996,0.0089166999999999996,-0.0030095999999999999,0.0087153000000000005,-0.0107247,-0.020862600000000002,0.0066341000000000004,0.0044539000000000002,0.0040979999999999992,0.0057616999999999989,-0.0169143,0.030424699999999999,-0.015176499999999999,-0.024375199999999996,0.0010311999999999995,-0.00060159999999999988,-0.0056112000000000002,0.0052752000000000025,-0.017913999999999999,0.0023523999999999993,-0.011849599999999998,-0.0086533999999999986,0.025534899999999999,0.0024858999999999997,0.0125699,-0.0068815999999999999,0.0015415000000000001,0.0014900999999999998,-0.00050639999999999995,-0.0087688999999999996,0.010988300000000001,-0.0056863,-0.011321099999999997,0.0010110000000000002,0.014310900000000001,-0.0017666999999999997,-0.0066931000000000004,0.0039013999999999993,0.0118329,-0.0063372999999999997,0.0059468999999999998,0.019762099999999998,-0.0099682,-0.0033658000000000008,-0.0054181000000000003,0.0060108000000000002,0.0094640999999999996,-0.0126932,0.0141318,-0.0055205999999999996,0.0026324999999999999,-0.0038323000000000003,-0.0064936000000000004,-0.001004200000000002,0.015246599999999999,-0.017368100000000001,-0.0051982,-0.013743700000000001,0.0021168000000000011,-0.0049521999999999995,-0.024587600000000001,-0.0041291999999999995,-0.00056820000000000004,0.0069602000000000006,0.0148722,-0.0131684,0.00090000000000000008,0.0086354000000000014,0.0031970000000000002,0.0024461999999999999,0.0012018999999999999,-0.0043755,0.0012748999999999998,-0.007103400000000001,0.0020811999999999996,-0.0028214000000000004,0.0070103000000000006,0.0025900000000000003,0.0031205999999999998,0.0020072999999999996,-0.0015681,-0.0111179,-0.0025447000000000004,-0.0029088000000000004,-0.0023958,0.016321200000000001,0.0030023000000000003,-0.0011941,-0.0012613999999999998,-0.0012171999999999997,-0.0043560999999999999,0.0044212000000000001,-0.0049590000000000007,0.0046867000000000002,0.0054053,-0.00068179999999999977,0.00067650000000000002,-0.0030289000000000002,0.0017966000000000002,0.011619899999999999,0.0084340999999999999,0.00060899999999999995,0.01272,-0.0019770000000000005,0.0065247999999999999,0.0090773000000000017,-0.0023212000000000003,0.0072321999999999994,-0.0061158000000000002,-0.0019898000000000016,-0.0052595000000000003,0.0019957,-0.0026354000000000004,-0.0055767000000000004,-0.00094089999999999994,0.00051409999999999987,-0.0028506000000000004,-0.0009639999999999998,-0.0084939000000000004,-0.0025047999999999997,-0.0040394000000000003,-0.0015966000000000001,0.0039602000000000005,0.0019567,0.00074760000000000007,-0.00060910000000000011,0.0040774000000000001,0.0030755000000000001,-0.0029789,0.0014666000000000002,-0.0046607999999999997,-0.0019323000000000001,-0.0011389,0.0046330999999999994,0.0020712999999999999,0.0019763999999999997,-0.0021486999999999999,0.0011875000000000002,-0.0020372000000000012,0.0021178999999999998,0.0030990000000000002,0.0023315000000000002,4.2900000000000446e-05,0.0010246000000000001,-0.00016279999999999995,0.0096454000000000002,-0.0057945000000000002,-0.0019880999999999996,0.0047269,0.00042919999999999981,-0.0029502,-0.0008102000000000005,0.00073460000000000007,-0.0090698000000000011,0.0004461999999999999,-0.0039025000000000006,0.0052680000000000001,-0.0052774999999999992,0.0048530999999999999,-0.00089340000000000079,-0.017958599999999998,-0.012215999999999999,-8.9800000000000123e-05,-0.0026182000000000002,-0.0016299000000000001,0.0025041000000000004,-0.0029361000000000001,-0.0050017000000000004,-0.00042280000000000009,0.0042196999999999998,0.0027374000000000001,0.0011100000000000012,-0.0043822000000000002,0.0022225000000000001,0.00041180000000000003,-0.0031697000000000001,-0.0066931000000000004,0.0036347999999999992,-0.0034907000000000002,0.0023059999999999999,-0.0040692000000000002,-0.0025395999999999999,0.0033892000000000002,0.00064809999999999998,-0.00076170000000000035,-0.0056273,-0.0015289000000000004,-0.0043197999999999995,-0.00078509999999999995,-0.0018006000000000003,0.0045063999999999998,-0.0035853000000000013,0.0038346000000000001,-0.0002076,-0.0017422000000000006,-0.0018797000000000002,-0.0060385999999999999,0.0050169999999999998,-0.0019791999999999995,0.000794,0.0057625000000000003,0.0015336000000000002,-0.0079211999999999998,0.00028919999999999998,-0.0041898999999999999,0.0041111999999999998,-0.0011910999999999996,-0.00019280000000000057,0.00071060000000000003,0.0020335000000000002,-0.00031919999999999995,0.0045392000000000002,0.00029219999999999984,0.0041813000000000006,0.010635599999999999,-0.00080349999999999996,0.0052745999999999991,-0.015444700000000002,0.0015939999999999999,-0.0018457,0.0026120000000000002,0.0003056,2.8000000000000681e-06,0.0020871999999999996,0.00030609999999999991,-0.00042359999999999989,0.0037397999999999997,0.00049320000000000006,0.00089470000000000012,0.0017265000000000002,0.0014473000000000003,0.00065850000000000023,-0.0014691999999999995,0.00029569999999999992,-0.0018154,0.0014394,-0.0027450999999999995,0.0016666999999999999,0.0015215000000000005,0.0023200999999999999,0.0025885000000000001,-0.0039201000000000001,-0.0040746999999999997,-0.0028763,0.0017384000000000002,0.0026687,0.00013779999999999999,-0.00076860000000000003,0.0015555000000000005,-0.00091260000000000017,-0.00095169999999999999,-0.00062940000000000001,-0.0014043,-0.0032334999999999998,0.0014892999999999998,0.0038352999999999998,0.00048569999999999993,-0.0017228,0.00010860000000000025,0.0029450000000000001,1.4700000000000086e-05,0.0037119000000000002,0.00077420000000000006,0.0026588000000000002,0.00069780000000000016,-0.00033120000000000024,-0.0020670999999999997,-0.0044128000000000006,0.0038423999999999989,0.0017163999999999997,0.003045,-0.00029520000000000002,0.0023847,-0.0038556000000000003,-0.0009457999999999999,-6.0600000000000064e-05,-0.0028556000000000002,-0.0010945,-0.0012396,-0.0057698000000000003,0.012151699999999998,-0.0047165999999999996,0.0020109999999999998,0.0010681999999999998,-0.00011609999999999995,0.0022840999999999998,0.0025051000000000006,0.00032140000000000022,0.0002143,-0.0039039999999999999,-0.0014388000000000001,-0.00054049999999999996,0.00040999999999999999,6.4399999999999939e-05,0.0010053000000000002,0.00042420000000000001,0.0015923000000000001,-0.0043622999999999995,-0.0014911,0.0035127000000000001,-0.0016094000000000004,0.0019406000000000004,0.0014482,-0.0013534000000000003,0.0010241999999999999,0.00087649999999999989,-0.0012536000000000001,0.0034130000000000002,-0.0040575999999999997,0.0012848,-0.0018021000000000003,-0.0016006000000000002,0.0017001,0.00069419999999999985,-0.0013992,0.0028034999999999996,0.0040654999999999988,-0.0010688,0.0040221000000000007,-0.0025211000000000001,0.0041974000000000004,-0.00089270000000000018,-0.0015100999999999999,0.00059960000000000005,0.0016410999999999997,-0.0013132000000000003,-0.0013551000000000001,0.00027669999999999995,-0.0038404999999999993,-0.0003602000000000003,-0.0044862999999999995,-0.0040209,-0.0013044999999999999,0.00030330000000000005,0.0015308000000000001,-0.0013737000000000001,0.0014835999999999998,0.0048547999999999994,-0.0010095999999999998,-0.0074415999999999996,0.0032598000000000002,0.0018006999999999999,0.0020252999999999998,0.0028182999999999997,0.0020640999999999997,0.0041819000000000005,-0.0067463999999999996,-0.0021762000000000001,-0.002202,0.0047220999999999999,0.0044733000000000004,0.0011269000000000001,-0.00016180000000000003,-0.0021029999999999998,0.00032109999999999989,-0.00013980000000000004,-0.0022307999999999998,-0.00061740000000000005,3.8999999999999864e-06,0.00082419999999999998,-0.00044579999999999994,-0.0018132999999999997,0.0016359,0.00078059999999999989,-0.00079819999999999999,-0.0018455999999999998,0.00034889999999999997,0.0011473,0.0015889999999999997,0.00066640000000000015,-0.0002699999999999999,-0.0025042000000000003,0.00025419999999999994,0.0012760000000000002,-0.00077960000000000019,0.0004215,-0.0012680999999999999,0.00037970000000000001,0.00088679999999999987,-0.00099259999999999973,6.9000000000000051e-06,-1.370000000000013e-05,-0.00090609999999999996,7.440000000000002e-05,-5.4600000000000026e-05,0.0016845,0.0018760000000000001,0.00069099999999999999,0.0013975000000000003,-0.00021370000000000004,-0.0010585,-0.00050950000000000008,-0.0016326999999999999,-0.00056639999999999989,0.0018314000000000004,-0.00083620000000000005,0.0014140000000000001,2.7000000000000114e-06,0.0011507000000000002,0.0011743000000000001,-0.0023335000000000005,0.00017509999999999997,0.0020000999999999999,-0.0035566,0.0011838,-0.0010313,-0.0025038,0.00025969999999999992,-6.00000000000123e-07,0.0014406,0.0018263999999999999,0.00061160000000000001,2.6699999999999944e-05,-0.002124,-0.0021104000000000001,0.0029399999999999999,-0.0026813000000000002,-5.0199999999999973e-05,0.0028896,-0.0013959000000000003,0.0068119000000000009,0.0025791,-0.0020024000000000001,0.0028873000000000006,-0.0021059000000000004,0.0024524
aug_between_class_right_pair0081_child05,TLE,1,1,Augmented,0,0,0,0,0,0.31593660000000001,2.0819138000000001,1.9999999999999999e-06,-3.9999999999999993e-07,9.9999999999999995e-07,0.88779640000000004,0,0.036467600000000003,-0.1496556,0.0440078,0.1018598,-0.10237160000000001,0.059143000000000001,-0.014594200000000002,0.0078989999999999998,-0.026109999999999998,-0.099491999999999997,0.33893639999999997,-0.12868059999999998,-0.020394799999999998,0.072142800000000007,-0.011145800000000001,-0.022521199999999998,-0.0074445999999999991,-0.048239799999999999,0.043213799999999997,0.015840600000000003,-0.059835399999999997,0.0082261999999999995,-0.077599600000000005,0.0025100000000000001,0.059624200000000002,-0.027270799999999998,0.023111799999999998,0.0058136000000000004,-0.056495600000000007,0.046255599999999994,-0.072860399999999992,-0.033463400000000004,0.091592599999999996,-0.041189400000000001,0.20911579999999999,-0.054420200000000002,0.0127838,0.00056120000000000041,-0.0070023999999999998,-0.018881800000000001,0.0078233999999999995,0.047291399999999997,-0.0039772000000000002,-0.010183999999999999,-0.0044054000000000003,-0.031964199999999998,0.025993799999999997,0.011760600000000001,0.010986599999999999,0.015579200000000001,-0.0140102,0.0045779999999999987,0.0063511999999999996,-0.048782600000000002,-0.0060311999999999987,0.012804399999999999,-0.0068293999999999994,0.035104200000000002,-0.087875999999999996,0.0097879999999999998,-0.035022600000000001,-0.009445000000000002,-0.016469400000000002,-0.00010000000000000002,0.0035537999999999998,0.0220676,0.0009562000000000008,0.00079959999999999949,-0.014800199999999999,0.0026429999999999995,-0.0036399999999999991,-0.0055808000000000003,0.0061671999999999994,0.0025700000000000007,-0.017980599999999999,0.0055506000000000002,0.0049768,-0.0083925999999999966,-0.014206199999999999,-0.0054815999999999997,0.027260800000000002,-0.0071538000000000018,-0.010591,-0.011661000000000001,-0.016125599999999997,0.010400000000000001,-0.010833200000000001,-0.00014579999999999975,0.0022128000000000009,0.0072589999999999964,0.0024813999999999991,0.015337799999999999,-0.0045456000000000003,0.0056682000000000017,-0.008924399999999999,0.011920000000000002,0.0044841999999999998,-0.0044825999999999998,-0.0039608000000000004,0.010172,-0.0061174000000000003,0.0065606000000000006,-0.0015713999999999999,0.0015378000000000002,-0.00041580000000000046,-0.0065832000000000009,0.0009426000000000009,0.012585600000000001,0.0047196000000000009,-0.0015094000000000002,0.0042881999999999998,-0.010379399999999999,0.0014875999999999999,-0.0094104000000000011,0.0079994000000000003,-0.0057632000000000004,0.0023366000000000012,0.0035713999999999997,-0.0021402000000000001,0.0017064000000000001,-0.0064341999999999993,-0.0012413999999999999,-0.0022290000000000001,0.0079626000000000002,-0.0015498,-0.0081203999999999998,-0.017863199999999999,-0.00063460000000000035,-0.010071200000000001,-0.0125872,0.016182000000000002,0.0065325999999999987,0.0229842,-0.0016687999999999996,-0.0091575999999999984,-0.0047579999999999992,-0.00038719999999999998,0.00027159999999999993,-0.0035677999999999994,0.00083880000000000011,-0.0059026000000000009,0.00099780000000000008,0.0068485999999999998,0.0019198000000000004,0.0018549999999999999,0.0012677999999999999,0.0028525999999999998,0.0032055999999999999,0.0021905999999999996,0.00034040000000000003,0.0011869999999999999,0.00043340000000000023,-0.0050340000000000003,-0.0010503999999999999,0.0067218,-0.0021952000000000009,0.0058031999999999997,-0.0030010000000000002,-0.0016672000000000002,-0.0045377999999999998,-0.0011264000000000001,-0.0041034000000000001,0.0028587999999999999,-0.00019380000000000005,0.0130142,0.0055528000000000001,-0.0099331999999999997,0.0049896000000000003,0.0027299999999999998,-0.0051413999999999991,0.0019372,0.0030782000000000001,-0.0076439999999999998,0.0076013999999999995,-0.017947599999999998,0.0043081999999999999,-0.00022559999999999985,-0.0041593999999999997,0.0014827999999999994,-0.0020742,-0.0027832,0.0013265999999999998,0.0019351999999999998,-0.0023338,0.0035254000000000001,-0.0017679999999999996,0.00098519999999999988,-0.0017887999999999999,-0.0032946,0.0047698000000000003,0.0041293999999999992,-0.0020902000000000004,-0.00049120000000000012,0.0019436,-0.0056012000000000006,-0.0024148000000000004,0.00063460000000000003,0.00097079999999999985,-0.0027471999999999996,0.0020899999999999998,0.0070302000000000003,-0.0041971999999999999,-8.2000000000000042e-05,0.0037686,0.0054483999999999999,-0.0023263999999999997,0.0068427999999999996,0.0050648000000000004,-0.00087260000000000029,-0.00039519999999999996,0.0012737999999999998,4.1399999999999814e-05,0.0039566000000000002,0.0044470000000000004,0.0036601999999999997,-0.002519,-0.0039694000000000005,0.00071380000000000055,-0.0042064000000000008,-0.00045820000000000019,-0.00054900000000000001,0.0015212000000000001,0.0020156000000000002,0.0089064000000000001,-0.0079286000000000009,0.0057254000000000003,-0.0051095999999999997,0.0049496000000000002,-0.0013409999999999993,-0.0057720000000000002,-0.0073609999999999995,0.0029126,0.0011322000000000001,-0.0046917999999999994,-0.00087740000000000018,7.7200000000000142e-05,-0.000495,0.0016327999999999996,-0.0047765999999999998,0.0013138,-0.0029973999999999999,-0.0031163999999999996,0.0063826000000000004,-0.0027968000000000003,-0.0051314000000000004,0.0062058000000000009,0.00068599999999999998,-0.00025859999999999989,0.0032902000000000001,-0.0040821999999999994,-0.00049639999999999992,-0.0034504000000000002,-0.00059639999999999997,0.0029529999999999999,-0.0087257999999999988,0.0051475999999999996,0.0031408,-0.0050071999999999998,0.00033179999999999988,0.0034378,-0.0011428,0.0034039999999999999,-0.00054259999999999996,-8.5800000000000242e-05,0.00010379999999999981,-0.00049239999999999983,0.010100999999999999,-0.0016822,0.0001418,0.0051891999999999997,0.0055611999999999988,-0.0035623999999999999,0.0026023999999999999,-0.0028081999999999998,-0.0019525999999999992,0.0060260000000000001,0.0012656000000000002,0.0027307999999999998,0.0018533999999999994,-0.0049486,-0.0011063999999999998,-0.00088319999999999978,0.0029947999999999997,-0.0013881999999999992,-0.0037680000000000005,0.0034700000000000004,-0.0085956000000000001,0.0047441999999999996,-0.0016014000000000002,-0.0010277999999999999,0.0034145999999999998,-0.00015719999999999992,-0.0015405999999999998,-0.001163,-0.00021739999999999997,0.00068059999999999996,-0.00018139999999999991,0.0021610000000000002,-0.0016074000000000001,-0.0024870000000000005,0.0035563999999999999,-0.00080439999999999982,0.0011391999999999999,-0.00091859999999999999,-0.0008288000000000002,-5.9999999999999941e-05,0.0027366000000000001,-0.00063299999999999988,-0.00092660000000000008,0.00010100000000000029,-0.0042953999999999996,-0.0010444,-0.0036076000000000003,-0.00083219999999999985,6.8000000000000135e-05,0.0026617999999999998,-0.0030685999999999999,0.00037399999999999955,-0.0025328,-0.0041150000000000006,0.00087179999999999983,-0.0012057999999999999,0.0012082,0.0034043999999999993,0.0012422000000000002,0.0015613999999999999,5.3600000000000002e-05,-0.0023876000000000001,0.0015885999999999999,0.00043679999999999999,0.0022811999999999997,0.0010403999999999999,0.0012932000000000004,-0.00069419999999999985,-0.00049899999999999999,-0.0054642000000000007,-0.0021132,0.0031027999999999989,0.0010368,-0.0011436000000000003,-0.00033280000000000028,0.0032475999999999998,-0.0016118,0.0025189999999999995,-0.004500800000000001,0.0032264000000000004,0.00021260000000000029,0.0017113999999999999,0.0019978000000000001,0.0022177999999999998,-0.0046864000000000003,-0.0003836,0.00033119999999999997,0.0010047999999999999,0.00064979999999999997,-0.0015942,-0.0011534000000000002,6.9599999999999849e-05,0.0014234,0.0011002,-0.001168,0.0010598000000000001,0.00073780000000000004,0.0010851999999999999,0.0016750000000000001,-8.0399999999999894e-05,-0.0021716000000000001,-0.00043100000000000001,-0.00051259999999999988,0.0011982,0.00078340000000000007,-0.0037491999999999998,0.0017420000000000001,0.00029999999999999992,-0.0010085999999999999,-0.00067400000000000023,0.00019539999999999995,0.0012145999999999997,0.00095280000000000017,-0.00041020000000000005,0.00033740000000000007,-0.00013919999999999991,-0.00085099999999999998,0.0030813999999999998,8.5400000000000016e-05,3.3399999999999944e-05,0.00094239999999999981,0.0031251999999999999,0.0002496000000000001,0.0026819999999999999,0.00052360000000000015,-0.0022598000000000002,-0.0028862000000000002,-0.0015713999999999999,0.003622199999999999,-0.00097979999999999986,-0.00079600000000000005,-0.0035875999999999998,0.00090919999999999998,-0.0016087999999999999,-0.00012680000000000005,-0.0039633999999999997,-0.0010825999999999995,-0.00021160000000000016,0.0029809999999999993,-0.0013953999999999998,0.00073599999999999968,0.0018906000000000001,-0.00015460000000000018,0.0039266000000000006,0.0030875999999999998,0.0038075999999999995,-0.0036938000000000001,0.0047702000000000005,-0.0029199999999999999,-0.0044048000000000004,-0.00091040000000000001,-0.0029886000000000001,0.0076205999999999999,0.0034486000000000004,-0.00044679999999999991,0.00036059999999999998,4.4799999999999896e-05,-0.0005761999999999998,0.00050719999999999997,-0.0017667999999999998,-3.340000000000008e-05,0.00085420000000000005,-0.00076880000000000004,0.00016059999999999978,0.00047940000000000011,0.0018774,0.0014147999999999999,0.0002501999999999999,-0.0008202000000000001,-9.5800000000000052e-05,0.00090439999999999997,0.00070199999999999993,0.00091580000000000003,-0.00089680000000000011,0.00044359999999999989,0.0007855999999999998,0.0022818000000000005,-0.00057079999999999989,0.00078779999999999996,-0.0004902000000000001,-0.0002367999999999999,-0.0012751999999999998,0.0002898,-9.0999999999999935e-05,-0.0010122,0.0023146,-0.00049459999999999999,-0.00057260000000000004,0.0010932000000000001,0.00016479999999999999,-0.0022978,-9.6400000000000121e-05,-3.7200000000000037e-05,-0.00015979999999999998,-0.00024639999999999992,0.0013384000000000004,-0.00025519999999999981,-0.00058480000000000012,-0.0008349999999999998,0.0013946000000000002,-0.0016718,3.199999999999991e-05,0.00067759999999999988,-0.00066099999999999991,0.00071579999999999983,0.0013594,-0.00047959999999999989,0.000504,-0.00015160000000000011,0.00030719999999999999,-0.0011285999999999996,-0.003777,0.0047253999999999994,-0.0019272,0.00034060000000000004,0.0048777999999999998,-0.0024956000000000002,-3.0799999999999664e-05,0.0016868,-0.0037802000000000005,0.0019675999999999999,0.0023757999999999995,-0.0020445999999999997,0.0036229999999999999,-0.00068439999999999994,0.0003483999999999999,-0.00025740000000000029,0.0028651999999999996,-0.00054239999999999996
aug_between_class_right_pair0081_child06,TLE,1,1,Augmented,0,0,0,0,0,0.31490370000000001,2.0629436000000001,1.9999999999999999e-06,-2.9999999999999993e-07,9.9999999999999995e-07,0.86890880000000004,0,0.035020700000000002,-0.14928620000000001,0.0464906,0.096592600000000001,-0.1052922,0.055253499999999997,-0.016587399999999999,0.014165500000000001,-0.023650999999999998,-0.097401000000000001,0.34273579999999998,-0.1389707,-0.023093099999999998,0.073646100000000006,-0.015280600000000002,-0.0229754,-0.0077106999999999992,-0.049067099999999995,0.049262099999999996,0.012721700000000002,-0.060122300000000004,0.0069089000000000008,-0.074810700000000008,0.0050069999999999993,0.060548400000000002,-0.024855099999999998,0.025816099999999998,0.0070001999999999998,-0.058497199999999999,0.048524199999999997,-0.076017799999999996,-0.026018300000000005,0.091840199999999997,-0.035593300000000001,0.20657010000000001,-0.0533369,0.013587599999999998,-0.000333599999999999,-0.0069623000000000003,-0.017463100000000002,0.0092352999999999984,0.047578300000000004,-0.0039553999999999995,-0.0121315,-0.0022547999999999995,-0.0332859,0.027829099999999999,0.0110527,0.0109167,0.013797400000000001,-0.014903899999999999,0.0070704999999999987,0.0058814000000000002,-0.049403199999999994,-0.0060798999999999992,0.0126123,-0.0053118000000000019,0.035670900000000005,-0.08763,0.010515000000000002,-0.035216200000000003,-0.006604500000000001,-0.018540799999999996,-0.0010355,0.0029811,0.021422200000000002,0.00096090000000000064,0.0020126999999999992,-0.015524400000000001,0.0021000000000000003,-0.0047460000000000002,-0.0058161000000000003,0.0078303999999999995,0.0016110000000000009,-0.017380699999999999,0.0052081999999999996,0.0054611,-0.0085376999999999988,-0.014747900000000001,-0.0055537,0.028691599999999998,-0.0061711000000000005,-0.010470500000000001,-0.011195,-0.016569199999999999,0.0086064999999999996,-0.0097714000000000013,4.7399999999999526e-05,8.2600000000002116e-05,0.010473999999999999,0.0043717999999999986,0.0159141,-0.0037342000000000009,0.0056388999999999988,-0.010141299999999999,0.011636500000000001,0.0049943999999999995,-0.0046902000000000003,-0.0043695999999999995,0.010200499999999999,-0.0060508000000000003,0.0077516999999999994,-0.0014667999999999999,0.0017621000000000004,-7.3099999999999988e-05,-0.0066779000000000005,0.00028770000000000098,0.0136962,0.0042287000000000002,-0.0018977999999999998,0.0047223999999999999,-0.011140299999999999,0.0013381999999999999,-0.008099300000000002,0.0076333000000000008,-0.0045809000000000006,0.0021162000000000004,0.0028618000000000003,-0.0018869000000000002,0.00096930000000000063,-0.0062193999999999999,-0.00062430000000000016,-0.0040124999999999987,0.0077172000000000004,-0.0022910999999999999,-0.0086442999999999989,-0.018436899999999999,2.72999999999992e-05,-0.0101394,-0.011770900000000001,0.015876499999999998,0.0075366999999999986,0.0238669,-0.0019095999999999998,-0.009625199999999997,-0.0050549999999999996,-0.00050690000000000002,0.00059919999999999993,-0.0042050999999999998,0.00073460000000000007,-0.0063141999999999998,0.00097459999999999995,0.0075867000000000018,0.0014096000000000004,0.0026284999999999998,0.0016940999999999996,0.0028107000000000002,0.0028112000000000002,0.0026666999999999988,0.00070680000000000027,0.00095700000000000017,-0.00032019999999999965,-0.0053439999999999998,-0.0010302999999999998,0.0069820999999999998,-0.0028234000000000006,0.0055573999999999997,-0.0027580000000000005,-0.0017629,-0.0045091000000000003,-0.00089130000000000025,-0.0042097999999999997,0.0033035999999999994,-0.00026709999999999972,0.013693899999999998,0.0057631000000000002,-0.010379899999999999,0.0042312000000000001,0.002843,-0.0048242999999999992,0.0022003999999999999,0.0025929000000000004,-0.0079865000000000005,0.0089113000000000005,-0.018480199999999999,0.0045179,-0.00028669999999999976,-0.0039592999999999998,0.0016346000000000008,-0.00054690000000000077,-0.0028688999999999997,0.0013476999999999999,0.0019053999999999998,-0.0019986000000000001,0.0036717999999999998,-0.0025379999999999995,0.0012959,-0.0017266,-0.0033457000000000001,0.0048035999999999999,0.0046947999999999998,-0.0024323999999999995,-0.00026440000000000008,0.0022526999999999998,-0.0053314,-0.0024761000000000002,0.00019670000000000025,0.0013660999999999996,-0.0032688999999999991,0.0021925,0.0075289000000000016,-0.0039774000000000007,-5.0000000000050004e-07,0.0040997000000000004,0.0052867999999999995,-0.0025797999999999997,0.0063451000000000002,0.0050066000000000008,-0.00050420000000000022,-2.7400000000000232e-05,0.0014486,-0.00023519999999999986,0.0044727000000000005,0.0053109999999999997,0.0033963999999999999,-0.002581,-0.0039823000000000002,0.00028960000000000032,-0.0042628000000000006,-0.00053440000000000041,-0.00016249999999999988,0.0012009000000000002,0.0023081999999999998,0.0098533000000000006,-0.009042699999999999,0.0057432999999999998,-0.0050311999999999996,0.0048536999999999999,-0.0016889999999999995,-0.0053744999999999999,-0.0071389999999999995,0.0030491999999999997,0.00094739999999999993,-0.0051455999999999993,-0.00056130000000000015,0.00060739999999999969,-0.00045799999999999997,0.0018580999999999995,-0.0048902000000000008,0.0011221,-0.0031928,-0.0031237999999999995,0.007216199999999999,-0.0030671000000000001,-0.0053638000000000002,0.0065021000000000002,0.00058799999999999998,7.2800000000000075e-05,0.0033923999999999998,-0.0043619000000000002,-0.00078479999999999978,-0.0031102999999999999,-0.00098329999999999967,0.0031445000000000002,-0.0086715999999999998,0.0058326999999999988,0.0029886000000000001,-0.0048698999999999999,0.00054209999999999979,0.0036205999999999999,-0.0015965999999999999,0.0035955000000000002,-0.0003277000000000001,-0.00040310000000000042,9.1599999999999841e-05,-0.0007227999999999999,0.010147,-0.0017594000000000004,0.0001206,0.0041484,0.0062083999999999985,-0.0045547999999999995,0.0032497999999999997,-0.0031909,-0.0025752000000000001,0.0065089999999999992,0.0015262000000000001,0.0029070999999999997,0.0022377999999999999,-0.0049762000000000001,-0.0016803000000000002,-0.0007918999999999999,0.0031355999999999997,-0.0022488999999999981,-0.0036294999999999999,0.0028960000000000001,-0.0090752000000000003,0.0050068999999999999,-0.0016948,-0.0011395999999999999,0.0035127000000000001,-0.00025389999999999983,-0.0015861999999999996,-0.0012919999999999997,-0.00032430000000000013,0.00048669999999999985,-0.00049729999999999978,0.0024445000000000001,-0.0017217999999999999,-0.0029940000000000001,0.0038018000000000001,-0.00099779999999999986,0.0013163999999999997,-0.00085870000000000011,-0.00035310000000000029,-0.0001569999999999998,0.0034121999999999998,-0.00026650000000000014,-0.00064770000000000019,-0.00043599999999999943,-0.0043213000000000001,-0.0010233,-0.0036222000000000003,-0.00096190000000000002,-0.00019650000000000006,0.0025971000000000002,-0.0030332000000000002,0.00076199999999999944,-0.0029686000000000001,-0.0041780000000000003,0.0014510999999999994,-0.0014155999999999999,0.0016613999999999997,0.0038367999999999983,0.00095940000000000012,0.0015437999999999999,0.00034069999999999977,-0.0021707000000000002,0.0011946999999999999,0.00032959999999999999,0.0023103999999999998,0.0010908000000000001,0.00095140000000000025,-0.00058739999999999964,-0.00063400000000000001,-0.0057414000000000007,-0.0024863999999999997,0.0036691000000000002,0.0011186,-0.00063820000000000023,0.00013689999999999948,0.0029811999999999998,-0.0010486,0.0024635,-0.0057881,0.0033338,-0.00078929999999999972,0.0017352999999999997,0.0019831000000000002,0.0019751,-0.0050053000000000007,-0.00021820000000000002,0.00032140000000000001,0.00079510000000000008,0.00096559999999999984,-0.0018674,-0.0012728000000000001,0.00023869999999999984,0.0014483,0.0010784,-0.001168,0.0010436,0.00076560000000000018,0.00076789999999999996,0.0019640000000000005,0.00012370000000000003,-0.0020317,-0.00070399999999999998,-0.00037570000000000008,0.0010889000000000001,0.0010533000000000001,-0.0037399,0.0017099999999999999,8.7000000000000055e-05,-0.0011741999999999998,-0.00012700000000000038,0.00030079999999999999,0.0014827,0.00049110000000000039,-0.00018390000000000002,0.00045980000000000001,-8.3899999999999925e-05,-0.001078,0.0030507999999999993,-0.00012669999999999996,0.0001597999999999999,0.0011197999999999998,0.0031449,0.00074619999999999992,0.0023555,0.00036169999999999996,-0.0016411000000000002,-0.0031914000000000005,-0.0014208000000000001,0.0038643999999999996,-0.0011540999999999999,-0.00046350000000000026,-0.0037016999999999996,0.0010728999999999999,-0.0015490999999999999,3.9399999999999928e-05,-0.0042163000000000001,-0.0014421999999999994,-0.0002461999999999998,0.0035719999999999997,-0.0016777999999999997,0.0010769999999999998,0.0022307000000000004,0.00055079999999999973,0.0035297000000000006,0.0031202000000000001,0.0035532000000000003,-0.0041276000000000004,0.0043693999999999998,-0.0025514999999999999,-0.0040166000000000004,-0.00066480000000000011,-0.0029882000000000003,0.0069776999999999999,0.0036197,-0.00064009999999999989,0.0003837,0.00035459999999999984,-0.00082189999999999976,0.00074089999999999985,-0.0020165999999999995,0.00018469999999999985,0.0008294000000000001,-0.00081059999999999986,0.00028119999999999979,0.00057730000000000021,0.0016523,0.0016071000000000002,0.00047689999999999972,-0.00048440000000000023,-2.8099999999999978e-05,0.00087529999999999997,0.00070850000000000004,0.00090459999999999998,-0.0010430999999999999,0.00050819999999999988,0.0010056999999999998,0.0024146000000000003,-0.00070759999999999974,0.00068960000000000007,-0.00026139999999999996,-0.00027459999999999984,-0.0014613999999999999,0.00019410000000000006,1.2000000000000075e-05,-0.0012283999999999999,0.0025092000000000001,-0.00052419999999999995,-0.00040470000000000002,0.0010029000000000001,-5.2399999999999973e-05,-0.0022205999999999997,-0.00035280000000000001,-2.3399999999999918e-05,1.9899999999999996e-05,-0.00015880000000000007,0.0011488000000000002,-0.00056689999999999974,-0.00020410000000000019,-0.00046849999999999995,0.00099220000000000037,-0.0014561000000000001,0.0001744999999999999,0.0010387,-0.00086449999999999982,0.00073609999999999984,0.0011728000000000001,-0.0003587000000000001,0.00053649999999999998,-1.220000000000008e-05,0.0005664,-0.0014016999999999996,-0.0041025000000000002,0.005541299999999999,-0.0020818999999999998,0.00036019999999999997,0.0051510999999999996,-0.0022822000000000003,3.6900000000000301e-05,0.0015195999999999999,-0.0038494000000000002,0.0019652000000000003,0.0029135999999999993,-0.0024086999999999993,0.0039909999999999998,-0.00024779999999999984,6.6300000000000067e-05,-0.00063830000000000007,0.0026269000000000002,-0.00060930000000000012
aug_between_class_right_pair0081_child07,TLE,1,1,Augmented,0,0,0,0,0,0.31387080000000001,2.0439734000000001,1.9999999999999999e-06,-1.9999999999999999e-07,9.9999999999999995e-07,0.85002120000000003,0,0.033573800000000001,-0.14891680000000002,0.0489734,0.091325400000000001,-0.1082128,0.051363999999999993,-0.018580599999999999,0.020432000000000006,-0.021191999999999999,-0.095310000000000006,0.34653519999999999,-0.14926079999999997,-0.025791399999999999,0.075149400000000005,-0.01941540000000001,-0.023429600000000002,-0.0079767999999999992,-0.049894399999999998,0.055310400000000003,0.0096028000000000016,-0.060409200000000003,0.0055915999999999987,-0.072021799999999997,0.007504000000000002,0.061472600000000002,-0.022439399999999998,0.028520400000000001,0.008186800000000001,-0.060498800000000005,0.050792799999999999,-0.079175200000000001,-0.018573199999999998,0.092087799999999997,-0.029997199999999998,0.20402439999999999,-0.052253599999999997,0.014391399999999999,-0.0012284000000000002,-0.0069221999999999999,-0.0160444,0.010647200000000002,0.047865200000000004,-0.0039335999999999998,-0.014079000000000001,-0.000104199999999997,-0.034607600000000002,0.0296644,0.010344799999999998,0.0108468,0.0120156,-0.015797600000000002,0.0095630000000000003,0.0054116000000000008,-0.0500238,-0.0061285999999999997,0.012420199999999999,-0.0037941999999999993,0.036237600000000002,-0.087384000000000003,0.011242000000000004,-0.035409800000000005,-0.0037639999999999982,-0.020612199999999997,-0.001971000000000001,0.0024083999999999998,0.020776800000000002,0.00096559999999999962,0.0032258000000000005,-0.016248600000000002,0.0015569999999999994,-0.0058519999999999996,-0.0060514000000000002,0.0094936000000000013,0.00065200000000000067,-0.016780799999999998,0.0048658,0.0059454,-0.0086827999999999975,-0.0152896,-0.0056257999999999994,0.030122400000000001,-0.0051883999999999993,-0.01035,-0.010728999999999999,-0.017012799999999998,0.0068129999999999996,-0.0087095999999999996,0.00024060000000000054,-0.0020476000000000018,0.013689000000000002,0.0062622000000000008,0.016490399999999999,-0.0029227999999999997,0.0056095999999999993,-0.011358200000000001,0.011353000000000002,0.0055046000000000001,-0.0048977999999999999,-0.0047784000000000004,0.010229,-0.0059842000000000003,0.0089428000000000007,-0.0013621999999999998,0.0019864000000000001,0.00026960000000000005,-0.0067726000000000001,-0.00036720000000000069,0.014806800000000002,0.0037377999999999999,-0.0022862000000000004,0.0051566000000000008,-0.011901200000000001,0.0011887999999999998,-0.0067881999999999994,0.0072671999999999997,-0.0033985999999999995,0.0018957999999999996,0.0021522000000000008,-0.0016335999999999998,0.00023219999999999968,-0.0060045999999999997,-7.1999999999993076e-06,-0.0057960000000000008,0.0074718000000000007,-0.0030324000000000006,-0.0091681999999999979,-0.019010599999999999,0.00068920000000000006,-0.010207600000000001,-0.0109546,0.015571,0.0085407999999999994,0.024749600000000004,-0.0021504000000000002,-0.010092799999999999,-0.005352,-0.00062660000000000016,0.00092680000000000008,-0.0048424000000000002,0.00063040000000000004,-0.0067258000000000005,0.00095140000000000003,0.0083248000000000003,0.00089939999999999985,0.0034020000000000001,0.0021204000000000001,0.0027688000000000001,0.0024167999999999998,0.0031427999999999998,0.0010732000000000001,0.000727,-0.0010738000000000004,-0.0056540000000000002,-0.0010101999999999999,0.0072424000000000004,-0.0034516000000000004,0.0053115999999999997,-0.0025149999999999999,-0.0018586000000000002,-0.0044803999999999998,-0.00065620000000000001,-0.0043162000000000001,0.0037483999999999998,-0.00034039999999999982,0.0143736,0.0059734000000000002,-0.0108266,0.0034727999999999994,0.0029560000000000003,-0.0045071999999999994,0.0024636000000000003,0.0021075999999999994,-0.0083289999999999996,0.0102212,-0.0190128,0.0047275999999999985,-0.00034779999999999989,-0.0037591999999999999,0.0017864000000000005,0.00098040000000000085,-0.0029545999999999999,0.0013687999999999999,0.0018755999999999998,-0.0016633999999999998,0.0038181999999999995,-0.0033080000000000002,0.0016065999999999999,-0.0016643999999999999,-0.0033967999999999993,0.0048374000000000004,0.0052601999999999996,-0.0027746000000000003,-3.7599999999999884e-05,0.0025617999999999999,-0.0050615999999999994,-0.0025374000000000004,-0.00024120000000000001,0.0017614,-0.0037905999999999994,0.0022950000000000002,0.0080276000000000011,-0.0037575999999999998,8.0999999999999475e-05,0.0044308000000000004,0.0051251999999999999,-0.0028332000000000001,0.0058474,0.0049484000000000004,-0.00013580000000000005,0.00034040000000000009,0.0016234000000000001,-0.00051180000000000019,0.0049887999999999998,0.0061750000000000008,0.0031325999999999997,-0.0026430000000000004,-0.0039952,-0.00013459999999999991,-0.0043192000000000005,-0.00061060000000000021,0.00022400000000000024,0.00088059999999999994,0.0026008000000000003,0.010800200000000001,-0.010156800000000001,0.0057611999999999993,-0.0049528000000000003,0.0047577999999999995,-0.0020369999999999997,-0.0049769999999999997,-0.0069169999999999995,0.0031857999999999999,0.00076259999999999978,-0.0055993999999999992,-0.00024519999999999989,0.0011376000000000001,-0.00042099999999999993,0.0020834,-0.0050038000000000001,0.00093039999999999974,-0.0033882000000000001,-0.0031312000000000002,0.0080498000000000011,-0.0033374000000000003,-0.0055962,0.0067983999999999996,0.00048999999999999998,0.00040420000000000018,0.0034946000000000001,-0.0046416000000000001,-0.0010732000000000003,-0.0027701999999999996,-0.0013702000000000005,0.0033360000000000004,-0.008617399999999999,0.0065177999999999998,0.0028364000000000002,-0.0047326,0.00075240000000000007,0.0038034000000000002,-0.0020504,0.003787,-0.00011279999999999992,-0.00072040000000000038,7.939999999999987e-05,-0.00095319999999999997,0.010193000000000001,-0.0018366000000000003,9.939999999999999e-05,0.0031075999999999994,0.006855599999999999,-0.0055472000000000004,0.0038972000000000004,-0.0035736000000000001,-0.0031977999999999993,0.006992,0.0017868000000000003,0.0030834000000000005,0.0026221999999999999,-0.0050038000000000001,-0.0022542000000000005,-0.00070059999999999957,0.0032764000000000005,-0.0031096000000000006,-0.0034910000000000002,0.0023219999999999998,-0.0095548000000000004,0.0052695999999999993,-0.0017882000000000002,-0.0012514000000000002,0.0036107999999999999,-0.00035059999999999996,-0.0016317999999999999,-0.001421,-0.00043120000000000007,0.00029279999999999996,-0.00081320000000000025,0.0027280000000000004,-0.0018361999999999996,-0.0035010000000000006,0.0040472000000000008,-0.0011911999999999999,0.0014936000000000001,-0.00079880000000000001,0.00012260000000000016,-0.0002540000000000001,0.0040878000000000008,0.00010000000000000015,-0.0003687999999999998,-0.00097300000000000045,-0.0043471999999999998,-0.0010022,-0.0036367999999999999,-0.0010915999999999999,-0.00046100000000000026,0.0025324000000000002,-0.0029978000000000001,0.00115,-0.003404400000000001,-0.004241,0.0020304000000000003,-0.0016253999999999999,0.0021146000000000003,0.0042691999999999999,0.00067659999999999986,0.0015262000000000001,0.00062780000000000019,-0.0019538000000000003,0.00080079999999999973,0.00022239999999999993,0.0023395999999999998,0.0011412000000000002,0.00060960000000000007,-0.00048059999999999986,-0.00076900000000000015,-0.0060186000000000007,-0.0028596000000000003,0.0042354000000000003,0.0012003999999999999,-0.00013279999999999998,0.00060659999999999989,0.0027147999999999999,-0.00048539999999999966,0.002408,-0.0070754000000000017,0.0034412000000000002,-0.0017912000000000015,0.0017592,0.0019684000000000004,0.0017323999999999998,-0.0053242000000000003,-5.2799999999999928e-05,0.00031159999999999998,0.00058539999999999981,0.0012814,-0.0021406000000000003,-0.0013922000000000001,0.0004078000000000001,0.0014732,0.0010566000000000002,-0.001168,0.0010273999999999999,0.00079340000000000009,0.00045059999999999989,0.0022530000000000007,0.00032780000000000016,-0.0018917999999999999,-0.00097700000000000044,-0.00023880000000000017,0.00097959999999999996,0.0013232000000000003,-0.0037306000000000001,0.001678,-0.00012600000000000005,-0.0013398000000000001,0.00042000000000000045,0.00040620000000000001,0.0017507999999999998,2.9399999999999956e-05,4.2400000000000163e-05,0.00058220000000000006,-2.8599999999999936e-05,-0.001305,0.0030201999999999998,-0.00033880000000000027,0.00028620000000000002,0.0012972000000000001,0.0031646000000000001,0.0012428000000000005,0.002029,0.00019980000000000009,-0.0010223999999999997,-0.0034966000000000007,-0.0012702,0.0041065999999999993,-0.0013284000000000002,-0.00013100000000000004,-0.0038157999999999994,0.0012366,-0.0014893999999999999,0.00020560000000000004,-0.0044692000000000004,-0.0018017999999999992,-0.00028079999999999989,0.004163,-0.0019602,0.001418,0.0025708000000000007,0.0012562000000000005,0.0031327999999999998,0.0031527999999999999,0.0032987999999999997,-0.0045614000000000002,0.0039686000000000001,-0.002183,-0.0036283999999999999,-0.0004192,-0.0029878000000000001,0.0063347999999999998,0.0037908000000000004,-0.0008334000000000002,0.00040680000000000002,0.00066439999999999989,-0.0010676000000000001,0.00097459999999999995,-0.0022663999999999996,0.00040280000000000014,0.00080460000000000015,-0.00085240000000000012,0.0004017999999999999,0.00067520000000000015,0.0014272,0.0017994000000000005,0.00070359999999999997,-0.00014859999999999987,3.9600000000000095e-05,0.00084620000000000008,0.00071500000000000003,0.00089339999999999992,-0.0011894,0.00057280000000000005,0.0012258,0.0025474,-0.00084440000000000025,0.00059139999999999996,-3.25999999999996e-05,-0.00031239999999999979,-0.0016475999999999999,9.8399999999999979e-05,0.0001150000000000003,-0.0014445999999999999,0.0027038000000000006,-0.00055380000000000013,-0.00023680000000000001,0.00091259999999999996,-0.00026960000000000016,-0.0021434000000000002,-0.00060920000000000017,-9.5999999999999081e-06,0.00019960000000000019,-7.1199999999999996e-05,0.00095920000000000011,-0.0008786,0.00017660000000000015,-0.00010199999999999966,0.00058980000000000002,-0.0012404,0.00031700000000000006,0.0013998000000000001,-0.0010679999999999999,0.00075639999999999985,0.00098620000000000001,-0.00023779999999999982,0.00056899999999999995,0.00012719999999999995,0.00082560000000000023,-0.0016748000000000002,-0.0044280000000000005,0.0063572000000000004,-0.0022365999999999996,0.00037980000000000002,0.0054244000000000002,-0.0020688,0.00010459999999999983,0.0013523999999999999,-0.0039185999999999995,0.0019628000000000007,0.0034514000000000003,-0.0027727999999999997,0.004359,0.00018880000000000047,-0.0002158000000000002,-0.0010192000000000005,0.0023885999999999998,-0.00067619999999999985
aug_between_class_right_pair0081_child08,TLE,1,1,Augmented,0,0,0,0,0,0.3128379,2.0250032,1.9999999999999999e-06,-9.9999999999999995e-08,9.9999999999999995e-07,0.83113360000000003,0,0.0321269,-0.1485474,0.051456200000000007,0.086058200000000001,-0.11113340000000001,0.047474500000000003,-0.0205738,0.026698500000000003,-0.018733,-0.093218999999999996,0.3503346,-0.1595509,-0.0284897,0.076652700000000004,-0.023550200000000004,-0.0238838,-0.0082428999999999992,-0.050721700000000002,0.061358699999999995,0.0064839000000000042,-0.060696100000000003,0.0042742999999999991,-0.0692329,0.010001000000000001,0.062396800000000002,-0.020023699999999998,0.031224700000000001,0.0093734000000000005,-0.062500400000000012,0.053061399999999995,-0.082332600000000006,-0.011128100000000002,0.092335399999999998,-0.024401100000000002,0.20147870000000001,-0.051170300000000002,0.015195199999999999,-0.0021232,-0.0068821000000000004,-0.0146257,0.0120591,0.048152100000000003,-0.0039118,-0.016026499999999999,0.002046400000000002,-0.035929300000000004,0.031499699999999999,0.0096369000000000003,0.010776900000000001,0.010233799999999998,-0.016691299999999999,0.0120555,0.0049417999999999997,-0.050644399999999999,-0.0061773000000000002,0.0122281,-0.0022765999999999997,0.036804300000000005,-0.087137999999999993,0.011969000000000002,-0.0356034,-0.00092349999999999724,-0.022683599999999998,-0.0029065000000000007,0.0018356999999999998,0.020131400000000001,0.00097030000000000033,0.0044389000000000008,-0.016972800000000003,0.001014000000000001,-0.0069580000000000024,-0.0062867000000000001,0.0111568,-0.00030699999999999911,-0.016180899999999998,0.0045233999999999995,0.0064297,-0.0088278999999999996,-0.0158313,-0.0056978999999999997,0.031553200000000003,-0.0042057000000000015,-0.010229499999999999,-0.010263000000000001,-0.0174564,0.0050194999999999997,-0.0076477999999999997,0.00043379999999999981,-0.0041777999999999989,0.016904000000000002,0.0081525999999999994,0.017066700000000001,-0.0021113999999999994,0.0055802999999999998,-0.012575100000000001,0.011069500000000001,0.0060148000000000007,-0.0051054000000000004,-0.0051872000000000003,0.010257499999999999,-0.0059176000000000003,0.010133900000000001,-0.0012575999999999998,0.0022107000000000003,0.00061230000000000052,-0.0068672999999999998,-0.0010220999999999997,0.015917400000000002,0.0032469,-0.0026746000000000001,0.0055907999999999999,-0.012662099999999999,0.0010393999999999998,-0.0054771000000000004,0.0069011000000000003,-0.0022162999999999996,0.0016753999999999988,0.0014425999999999996,-0.0013802999999999997,-0.0005049000000000004,-0.0057897999999999995,0.00060990000000000003,-0.0075794999999999994,0.0072264000000000009,-0.0037737000000000005,-0.0096921000000000004,-0.019584299999999999,0.0013511,-0.010275800000000002,-0.010138299999999999,0.015265499999999998,0.0095449000000000003,0.0256323,-0.0023912,-0.010560400000000001,-0.0056489999999999995,-0.00074630000000000009,0.0012543999999999999,-0.0054796999999999997,0.0005262,-0.0071374000000000003,0.00092820000000000001,0.0090629000000000022,0.00038919999999999992,0.0041754999999999995,0.0025466999999999998,0.0027269,0.0020224000000000002,0.0036188999999999982,0.0014395999999999999,0.00049699999999999983,-0.0018274000000000001,-0.0059640000000000006,-0.00099009999999999983,0.0075027000000000002,-0.0040797999999999997,0.0050657999999999996,-0.0022720000000000001,-0.0019543,-0.0044516999999999994,-0.00042109999999999999,-0.0044225999999999996,0.0041932000000000002,-0.00041369999999999992,0.015053300000000002,0.0061837000000000003,-0.0112733,0.0027143999999999996,0.0030690000000000005,-0.0041900999999999996,0.0027268000000000001,0.0016223000000000001,-0.0086714999999999987,0.011531100000000001,-0.019545399999999997,0.0049372999999999995,-0.00040890000000000002,-0.0035590999999999999,0.0019382000000000002,0.0025077000000000007,-0.0030403000000000001,0.0013898999999999999,0.0018457999999999999,-0.0013281999999999999,0.0039646000000000004,-0.004078,0.0019173000000000005,-0.0016021999999999998,-0.0034478999999999994,0.0048711999999999991,0.0058256000000000002,-0.0031168000000000003,0.0001892000000000001,0.0028709000000000004,-0.0047917999999999997,-0.0025986999999999998,-0.00067909999999999997,0.0021567000000000001,-0.0043122999999999998,0.0023975000000000003,0.0085263000000000005,-0.0035378000000000002,0.00016249999999999945,0.0047619000000000003,0.0049635999999999994,-0.0030866000000000001,0.0053497000000000006,0.0048902000000000008,0.00023259999999999991,0.00070819999999999998,0.0017982,-0.00078839999999999997,0.0055049000000000001,0.007039000000000001,0.0028687999999999995,-0.0027049999999999999,-0.0040081000000000006,-0.00055879999999999992,-0.0043756000000000003,-0.0006868,0.00061049999999999993,0.0005602999999999999,0.0028934,0.011747100000000002,-0.0112709,0.0057791000000000006,-0.0048744000000000001,0.0046619000000000001,-0.002385,-0.0045795000000000002,-0.0066949999999999996,0.0033224000000000001,0.00057779999999999962,-0.0060531999999999999,7.0900000000000043e-05,0.0016677999999999999,-0.00038399999999999996,0.0023086999999999999,-0.0051174000000000002,0.0007386999999999998,-0.0035836000000000002,-0.0031386000000000001,0.0088833999999999996,-0.0036077000000000006,-0.0058285999999999998,0.0070947000000000007,0.00039199999999999999,0.00073560000000000021,0.0035967999999999998,-0.0049213,-0.0013615999999999999,-0.0024300999999999993,-0.0017571000000000004,0.0035275000000000003,-0.0085632,0.0072028999999999991,0.0026842000000000003,-0.0045953000000000001,0.00096270000000000004,0.0039862000000000005,-0.0025041999999999998,0.0039785000000000003,0.00010210000000000007,-0.0010377000000000003,6.7199999999999899e-05,-0.0011835999999999999,0.010239000000000002,-0.0019138000000000002,7.819999999999999e-05,0.0020667999999999997,0.0075027999999999987,-0.0065395999999999996,0.0045445999999999993,-0.0039563000000000003,-0.0038204000000000003,0.007474999999999999,0.0020474000000000004,0.0032597000000000004,0.0030066000000000003,-0.0050314000000000001,-0.0028281000000000001,-0.00060929999999999969,0.0034171999999999996,-0.0039702999999999995,-0.0033524999999999996,0.0017480000000000002,-0.010034400000000001,0.0055323000000000004,-0.0018816,-0.0013632,0.0037088999999999998,-0.00044729999999999987,-0.0016774000000000001,-0.0015499999999999999,-0.00053810000000000012,9.8899999999999856e-05,-0.0011291000000000001,0.0030115000000000003,-0.0019505999999999998,-0.0040080000000000003,0.0042926000000000006,-0.0013846000000000002,0.0016708000000000001,-0.00073890000000000002,0.00059830000000000018,-0.00035099999999999997,0.004763400000000001,0.00046650000000000012,-8.9899999999999854e-05,-0.0015100000000000005,-0.0043731000000000004,-0.00098109999999999994,-0.0036514,-0.0012212999999999998,-0.00072550000000000023,0.0024676999999999998,-0.0029624,0.0015379999999999999,-0.0038402000000000002,-0.0043040000000000005,0.0026097000000000004,-0.0018351999999999999,0.0025677999999999999,0.0047015999999999994,0.00039379999999999992,0.0015085999999999999,0.00091489999999999996,-0.0017369000000000002,0.00040689999999999986,0.00011520000000000004,0.0023687999999999999,0.0011916000000000001,0.00026780000000000033,-0.00037379999999999965,-0.00090400000000000007,-0.0062958000000000007,-0.0032328000000000001,0.0048017000000000008,0.0012822,0.00037260000000000006,0.0010762999999999994,0.0024483999999999999,7.7800000000000482e-05,0.0023525,-0.0083627000000000007,0.0035485999999999998,-0.0027930999999999997,0.0017830999999999999,0.0019537000000000001,0.0014896999999999996,-0.0056430999999999999,0.00011260000000000008,0.00030180000000000002,0.00037569999999999986,0.0015972,-0.0024138000000000002,-0.0015116000000000001,0.00057689999999999998,0.0014981,0.0010348,-0.001168,0.0010112000000000001,0.00082120000000000023,0.00013329999999999993,0.0025420000000000004,0.00053190000000000008,-0.0017518999999999998,-0.0012500000000000002,-0.00010189999999999982,0.00087029999999999985,0.0015931000000000003,-0.0037213000000000003,0.0016459999999999999,-0.000339,-0.0015054000000000001,0.00096700000000000019,0.00051160000000000008,0.0020189000000000001,-0.00043229999999999983,0.00026870000000000008,0.0007046000000000001,2.6700000000000053e-05,-0.0015319999999999999,0.0029895999999999994,-0.00055090000000000011,0.0004126,0.0014746,0.0031843000000000002,0.0017394000000000003,0.0017025,3.79e-05,-0.00040369999999999989,-0.003801800000000001,-0.0011195999999999999,0.004348799999999999,-0.0015027,0.00020150000000000029,-0.0039298999999999992,0.0014003000000000002,-0.0014296999999999999,0.00037179999999999998,-0.0047220999999999999,-0.0021613999999999995,-0.00031539999999999997,0.0047540000000000004,-0.0022426,0.0017589999999999997,0.0029109000000000001,0.0019616,0.0027359000000000003,0.0031854000000000001,0.0030444000000000001,-0.0049952,0.0035678000000000003,-0.0018144999999999999,-0.0032401999999999995,-0.00017359999999999988,-0.0029874000000000003,0.0056918999999999997,0.0039619000000000008,-0.0010267,0.00042990000000000004,0.00097419999999999994,-0.0013132999999999999,0.0012083,-0.0025161999999999997,0.00062089999999999997,0.00077979999999999998,-0.00089420000000000016,0.0005223999999999999,0.00077310000000000009,0.0012021,0.0019917000000000003,0.00093030000000000001,0.00018720000000000005,0.00010730000000000011,0.00081709999999999997,0.00072150000000000003,0.00088220000000000008,-0.0013357,0.00063739999999999977,0.0014459,0.0026802000000000002,-0.00098119999999999978,0.00049320000000000006,0.00019620000000000011,-0.00035019999999999995,-0.0018338,2.6999999999999843e-06,0.00021800000000000009,-0.0016608,0.0028984000000000002,-0.00058340000000000009,-6.8899999999999994e-05,0.00082229999999999998,-0.00048680000000000007,-0.0020661999999999998,-0.00086560000000000011,4.1999999999999937e-06,0.00037930000000000017,1.6400000000000073e-05,0.00076960000000000006,-0.0011902999999999996,0.00055730000000000005,0.0002645000000000002,0.00018740000000000011,-0.0010246999999999999,0.0004595,0.0017609000000000004,-0.0012715000000000001,0.00077669999999999985,0.00079960000000000003,-0.00011689999999999997,0.00060150000000000004,0.00026659999999999998,0.0010848000000000003,-0.0019478999999999998,-0.0047534999999999999,0.0071730999999999991,-0.0023913000000000003,0.00039939999999999995,0.0056977,-0.0018554000000000001,0.00017230000000000066,0.0011851999999999998,-0.0039877999999999997,0.0019604000000000002,0.0039892,-0.0031368999999999998,0.0047270000000000003,0.00062540000000000013,-0.00049790000000000012,-0.0014001,0.0021503000000000004,-0.00074310000000000001
aug_between_class_right_pair0082_child05,TLE,1,1,Augmented,0,0,0,0,0,0.31230580000000002,1.8720615999999999,5.9999999999999997e-07,-1.7999999999999999e-06,0,1.0023384,0,0.036695400000000003,-0.11114959999999999,0.032163600000000001,0.11085780000000001,-0.11945819999999999,0.078623800000000008,-0.019593000000000003,-0.024902199999999999,-0.009315600000000002,-0.037326200000000004,0.25347459999999999,-0.060502200000000006,0.049394000000000007,-0.0014604000000000006,0.0091821999999999997,-0.029128999999999999,-0.00044679999999999937,-0.026664599999999997,0.0077275999999999977,0.020344399999999999,-0.066033800000000004,-0.0018571999999999994,-0.09011920000000001,0.0052303999999999996,0.076043200000000005,-0.036351000000000001,0.029760200000000001,0.0035885999999999999,-0.068344000000000002,0.0205194,-0.026197199999999997,-0.046524200000000002,0.076864799999999997,-0.029834800000000002,0.165469,-0.042857800000000001,0.0012120000000000004,-0.0045792000000000003,-0.012718400000000001,-0.0042807999999999995,0.015039199999999999,0.027339800000000001,-0.00089900000000000093,-0.007712799999999998,-0.022974999999999999,-0.013787000000000001,0.012949800000000001,0.044054599999999999,0.0082906000000000004,0.0185208,-0.020005000000000002,-0.016599600000000003,0.030137799999999999,-0.027817399999999999,0.0088070000000000006,0.014816799999999998,-0.0093168000000000001,0.025674799999999998,-0.1098634,-0.0036741999999999999,-0.043325000000000002,0.018205199999999998,0.0024714000000000012,0.0055229999999999993,0.0014010000000000003,0.017259399999999998,-0.0040536000000000001,-0.0049064,-0.004870600000000001,0.00073819999999999962,0.013304200000000002,-0.0063802000000000008,-0.0015796000000000004,0.0008946000000000006,-0.0189134,0.0049834000000000007,0.0057580000000000001,-0.016933399999999998,0.001701799999999999,-0.0114672,0.010896800000000002,-0.0092597999999999986,0.0029994000000000019,-0.010614199999999999,0.011464999999999999,0.010418399999999998,-0.003222,-0.0025078000000000001,0.0029954000000000005,-0.0093593999999999986,0.020044400000000004,0.021135800000000003,0.012591199999999999,0.018230400000000001,-0.045738399999999999,0.012707,-0.0024421999999999998,0.0022972000000000001,-0.0014987999999999989,0.0047462000000000008,-0.0033843999999999996,-0.0033278000000000001,-0.0053337999999999997,0.0082134000000000009,-0.0024882000000000007,-0.0052667999999999994,0.010619399999999999,0.00281,0.0038932000000000003,-0.0032434,0.0057141999999999991,0.0052438000000000007,-0.0051393999999999988,-0.0066682,0.0090291999999999994,-0.0026437999999999995,0.0023838000000000002,0.0088012000000000003,0.0012487999999999996,0.0067158000000000001,-0.0040087999999999999,-0.0038967999999999997,0.008789400000000001,-0.0061487999999999985,-0.0011584000000000006,-0.0032779999999999997,-0.013693800000000001,0.0020828000000000001,-0.016966800000000001,-0.024941400000000002,0.0077918000000000006,-0.0090075999999999993,-0.0061243999999999986,0.014846999999999997,-0.0094930000000000014,-0.0011294,0.0017248000000000001,0.0027031999999999989,-0.00030019999999999982,0.0024246000000000003,0.00078560000000000001,0.0026887999999999999,-0.0079045999999999995,0.0051614,0.0019890000000000003,0.0010896,0.0081815999999999989,0.0015070000000000003,-0.0027504000000000001,-0.0013531999999999999,-0.0066271999999999998,0.0058759999999999984,-0.0046584,0.0012125999999999999,0.0057277999999999999,0.0021088000000000001,-0.008371,0.0019328000000000001,-0.0130484,-0.0073519999999999992,0.0044159999999999998,-0.0047997999999999999,0.0026642000000000002,-0.0038432000000000002,0.00060659999999999967,5.2400000000000189e-05,-0.0015098000000000004,0.0034384000000000003,0.0215114,-0.0069885999999999985,0.0035510000000000003,0.0054267999999999999,-0.0013518000000000002,-0.0078384000000000006,-0.0067876000000000004,0.00097599999999999998,0.0109342,0.0015476000000000005,0.0034036000000000005,0.0071685999999999998,-0.0027699999999999999,-0.00019739999999999992,0.0035126000000000003,-0.00083240000000000007,0.00064740000000000002,0.0026252000000000003,-0.0018071999999999999,-0.0039873999999999995,-0.00084099999999999973,0.0046337999999999996,-0.0065894000000000005,-0.0060683999999999998,-0.00011920000000000008,0.0011969999999999999,-0.0065214000000000001,-0.0021172000000000001,0.0037502,-0.0051155999999999997,0.0010820000000000001,-0.0016850000000000007,0.00010080000000000006,-0.0017242,-0.0026064,0.0041208,0.0036365999999999998,-0.0032382000000000001,0.00065780000000000027,-0.00025660000000000006,-0.00062120000000000003,0.0095887999999999998,-0.0013541999999999998,0.0046312000000000002,-0.0024543999999999998,0.0017359999999999999,0.0109222,-0.0049619999999999994,0.00027780000000000036,-7.6599999999999802e-05,0.0051225999999999997,-0.0015775999999999995,0.0057288000000000009,-0.004250799999999999,0.00479,-0.0043635999999999996,0.0046614000000000004,-0.0045304000000000004,0.00053039999999999858,0.00083219999999999995,-0.014189,0.010650999999999997,-0.0072047999999999999,0.00095600000000000004,-0.00027039999999999996,-0.0018537999999999996,-0.0019402,-0.0019398,-0.0019586,6.6800000000000011e-05,0.0071111999999999989,0.0010089999999999999,-0.0017907999999999999,-0.00017559999999999999,-0.00081860000000000049,-0.0021951999999999996,0.00017880000000000006,7.2600000000000572e-05,0.0030073999999999999,-0.0013733999999999997,0.0024770000000000005,-0.0022496,0.0024061999999999994,-0.0016392000000000002,0.0025558000000000004,0.00083160000000000026,-0.0046708000000000001,0.0017718,-0.0016232000000000002,-0.0021142000000000001,0.00064479999999999963,0.0027404,-0.0065189999999999996,0.004535,-0.0070066,0.0014060000000000001,-0.0062082000000000005,0.0019053999999999998,0.0050270000000000002,0.00091399999999999988,-0.0023521999999999996,0.00091040000000000001,-0.0010185999999999995,0.0010515999999999993,-0.0013402000000000002,-0.0064672000000000002,0.0054903999999999994,-0.0032771999999999996,-0.0033105999999999995,-0.00016680000000000037,-0.0022167999999999997,-0.0020667999999999997,0.0063976000000000007,-0.0023677999999999998,0.0099880000000000004,-0.0055719999999999988,0.0050416000000000002,0.0043326000000000007,-0.0070965999999999998,0.0043898000000000001,-0.0004952,0.0018364,-0.00016880000000000009,-0.0010504000000000004,0.0013863999999999999,-0.00073020000000000008,-0.00025160000000000004,0.0024717999999999997,0.00091619999999999983,-0.00096420000000000002,0.0046115999999999996,0.0015452000000000003,0.00054560000000000025,-0.0024718000000000001,9.3199999999999934e-05,0.0010016000000000003,0.00026920000000000015,0.00028560000000000065,0.0007453999999999999,-0.0010652000000000001,0.00035240000000000022,0.0016844,0.0026407999999999996,-6.9999999999998449e-06,-0.0013848,0.00065799999999999995,0.0035009999999999998,-0.00089840000000000004,0.0003610000000000001,-0.00022780000000000001,-0.0024128000000000001,-0.0025214,-0.0012042000000000001,-0.00048060000000000008,-0.0044149999999999997,-0.0017634000000000003,-0.0023439999999999997,0.0019788000000000002,0.00023479999999999996,-0.00058440000000000011,-0.0014565999999999997,0.0032223999999999998,0.0027285999999999999,-0.00011079999999999979,0.0026375999999999999,0.00020600000000000024,-0.0031225999999999997,-9.6000000000000206e-05,0.0037121999999999997,0.00075480000000000035,0.00048759999999999971,-0.0020119999999999999,0.0015873999999999994,-0.00044819999999999973,0.0010632000000000003,0.0023862000000000002,0.001732,-0.0015348000000000002,0.0136686,-0.0049348000000000005,0.0089651999999999996,-0.0042371999999999991,-0.0010919999999999997,-4.2200000000000104e-05,0.00038920000000000003,-0.00023900000000000006,-0.0013541999999999998,0.00030519999999999994,-0.00029280000000000007,-0.00096800000000000011,-0.0031324,0.00023820000000000007,-0.00087540000000000014,-0.00042480000000000008,-0.0024155999999999995,-4.8200000000000006e-05,4.7199999999999955e-05,0.00098640000000000012,-0.0010962000000000001,-0.00034519999999999999,-0.00014319999999999979,0.0024358000000000001,-0.0021134000000000005,-0.0034919999999999994,-0.00088840000000000024,0.0019939999999999997,-0.0013058,-0.0015890000000000001,-0.00024739999999999994,0.00044059999999999998,0.0017722,-0.00057499999999999999,0.00081359999999999994,0.00020320000000000006,0.0003885999999999999,0.0034843999999999995,0.00057100000000000011,-0.0012093999999999998,0.0027561999999999999,0.00094320000000000005,0.00045459999999999999,0.0014979999999999998,-0.0016486000000000001,-0.00094199999999999991,0.00067600000000000017,-9.9599999999999982e-05,0.0018859999999999999,-0.0013466000000000001,0.0018582000000000004,0.0038615999999999998,-0.0019168,0.0018702000000000005,-0.0031289999999999998,-0.0020372000000000003,0.00049059999999999989,0.0061037999999999995,-0.00043780000000000002,0.0013636,7.4600000000000024e-05,0.0020578000000000003,-0.0031280000000000006,-0.0049636000000000003,0.0023294000000000001,-0.003589199999999999,0.0034686000000000001,0.0038437999999999996,0.0001919999999999999,-1.7800000000000107e-05,0.0014934,-0.00061499999999999988,0.0051148000000000001,-0.0043493999999999998,0.0007578000000000001,-0.0012698,-0.00043080000000000001,0.0015183999999999998,-0.0013380000000000002,-0.00029779999999999997,0.0009990000000000001,7.5800000000000054e-05,-0.00092219999999999997,-0.0012928000000000002,-0.0030928000000000001,-0.00020520000000000011,-0.0013946000000000002,0.0016750000000000003,0.0010317999999999998,3.4999999999999875e-05,-0.00013640000000000001,-9.0600000000000034e-05,-0.0015168,0.0020782000000000001,0.0010459999999999998,4.4799999999999842e-05,-0.0021630000000000004,0.0015425999999999999,0.0012975999999999999,-4.3800000000000089e-05,-0.0010505999999999998,0.0024077999999999999,-0.0023542000000000007,0.0013565999999999999,-0.00048640000000000001,0.0015318,0.0005985999999999997,0.0032764000000000005,0.0012074,-3.8799999999999967e-05,0.0008832,-0.0020609999999999999,-0.0026798,-0.0020867999999999998,0.0019942000000000002,3.6000000000000062e-05,0.0030555999999999999,-0.0022135999999999996,-0.00081960000000000019,0.00030300000000000032,0.00091880000000000022,-0.0010018,-0.0018308,0.00070980000000000001,0.0022277999999999998,8.5399999999999907e-05,-0.00065839999999999996,0.0011547999999999999,-0.0023205999999999999,-0.0011878000000000001,-0.0013057999999999998,0.0018273999999999996,-0.0026260000000000003,-0.0015200000000000001,-0.0014882000000000003,0.0019208000000000001,-0.0013686,0.00097560000000000008,0.00091779999999999987,-0.0014653999999999999,0.0039240000000000004,-0.0035677999999999999,-0.00021440000000000022,-0.0024696000000000002,-0.0027651999999999998,0.0025608000000000002,-0.0017488,-0.0022865999999999997,0.0028158000000000002
aug_between_class_right_pair0082_child06,TLE,1,1,Augmented,0,0,0,0,0,0.31279760000000001,1.8579501999999999,6.9999999999999997e-07,-1.5999999999999999e-06,0,0.99470230000000004,0,0.0372983,-0.11368819999999999,0.032926200000000003,0.1140306,-0.12505989999999997,0.076113600000000003,-0.020328000000000002,-0.022338900000000002,-0.013311200000000002,-0.033803400000000011,0.26023069999999998,-0.066341899999999995,0.058408500000000002,-0.0051723000000000047,0.0064214000000000007,-0.030309499999999996,0.0008278999999999999,-0.0260687,0.0097671999999999985,0.022117299999999999,-0.066560100000000011,-0.0031414000000000004,-0.087582900000000005,0.005147800000000001,0.078022400000000006,-0.036852000000000003,0.028556900000000003,0.0036881999999999991,-0.070852499999999999,0.023173299999999997,-0.021510399999999992,-0.0487719,0.07505909999999999,-0.027392100000000003,0.16412200000000002,-0.043477599999999998,0.001091,-0.0036744000000000004,-0.012490299999999999,-0.003668600000000001,0.015876899999999999,0.027392100000000003,0.00082399999999999791,-0.010459099999999997,-0.024470499999999999,-0.0140675,0.0129861,0.043888700000000003,0.0066577000000000008,0.018652100000000001,-0.021079500000000001,-0.018683200000000001,0.030565600000000005,-0.025755299999999998,0.0064440000000000009,0.016262599999999999,-0.007935600000000001,0.030017599999999998,-0.1111583,-0.0056078999999999999,-0.044659499999999998,0.017922899999999999,0.0019858000000000011,0.0061749999999999991,0.00058000000000000022,0.016343299999999998,-0.0043331999999999997,-0.0050807999999999999,-0.0039362000000000008,0.00049439999999999987,0.012101400000000002,-0.0060179000000000005,-0.00056570000000000058,-0.00017929999999999856,-0.019477299999999999,0.0046208000000000004,0.0045135000000000002,-0.017872299999999997,0.0021320999999999988,-0.0108529,0.012415599999999999,-0.0090820999999999992,0.0034872999999999996,-0.0126274,0.0109125,0.0093577999999999995,-0.0024349999999999997,-0.0026435999999999999,0.0034233000000000006,-0.0089237999999999991,0.020295300000000002,0.019891600000000002,0.011097899999999999,0.018063300000000001,-0.044050300000000001,0.012784,-0.0028538999999999995,0.0023924000000000003,-0.0014661000000000006,0.0045229000000000007,-0.0032267999999999997,-0.0029521,-0.0061025999999999997,0.0099623000000000003,-0.001688900000000001,-0.0057400999999999997,0.010962299999999999,0.0033764999999999993,0.0036144000000000003,-0.0030428,0.0059943999999999996,0.0063050999999999984,-0.0059097999999999998,-0.0069144000000000002,0.0093338999999999991,-0.0030490999999999995,0.0024255999999999982,0.0090778999999999999,0.00067460000000000003,0.0054776000000000009,-0.0029751000000000005,-0.0035621000000000003,0.0086893000000000005,-0.0072486,-0.00019330000000000085,-0.0034099999999999998,-0.014057099999999999,0.0023636000000000004,-0.017826600000000001,-0.026015800000000002,0.0070811000000000008,-0.0094032000000000004,-0.0081392999999999986,0.016506,-0.0097689999999999999,-0.00093130000000000014,0.0020295999999999999,0.0037963999999999988,-0.00046239999999999975,0.0020072000000000002,0.0014042,0.0028091000000000001,-0.0084166999999999992,0.0048173000000000001,0.0016725000000000002,0.0022336999999999999,0.0084351999999999986,0.0017575000000000002,-0.0020923000000000001,-0.0010654,-0.0070208999999999992,0.0065059999999999988,-0.0046312999999999997,0.0020886999999999989,0.0052101000000000005,0.0018406000000000002,-0.0088970000000000004,0.0027205999999999992,-0.013235799999999999,-0.008650999999999999,0.0056229999999999995,-0.0038945999999999998,0.0019099000000000006,-0.0037978999999999995,0.00063969999999999912,-0.00026720000000000042,-0.0011941,0.0030123000000000003,0.022272300000000002,-0.0079966999999999972,0.0023530000000000009,0.0059455999999999997,-0.0017336000000000001,-0.0095812999999999992,-0.0080987000000000003,0.0012369999999999998,0.0105314,0.0021982,0.0046441999999999994,0.0080691999999999986,-0.0028815000000000004,-0.00046129999999999977,0.0032531999999999995,-0.0013033000000000003,0.00078429999999999993,0.0019484000000000007,-0.0016194,-0.0048542999999999998,-0.0010765,0.0048411000000000001,-0.0068443000000000002,-0.0070182999999999999,0.00013909999999999986,0.0012734999999999999,-0.0059153000000000001,-0.0020879000000000002,0.0042049000000000001,-0.0054956999999999992,0.0011150000000000001,-0.0028320000000000003,0.00018059999999999994,-0.0017469,-0.0027663000000000002,0.0050795999999999992,0.0040406999999999995,-0.0036584,0.00070710000000000022,-0.00093819999999999928,-0.0010188999999999999,0.010002099999999998,-0.0013474000000000003,0.0050273999999999996,-0.0025498000000000001,0.0020809999999999995,0.011111900000000001,-0.0057764999999999986,-0.00070639999999999939,-0.0001651999999999999,0.005533699999999999,-0.0020111999999999994,0.0067510999999999995,-0.0048210999999999983,0.0061240000000000001,-0.0050892000000000003,0.0048838000000000006,-0.0037597999999999993,0.0016027999999999997,0.0010669,-0.014159999999999999,0.010352500000000001,-0.0068716000000000003,0.00097950000000000012,-0.00054579999999999993,-0.0020190999999999998,-0.0018244000000000001,-0.0021140999999999998,-0.0015337000000000003,0.00011159999999999999,0.0078749000000000006,0.0013644999999999998,-0.0019210999999999998,-0.00030419999999999991,-0.0008667000000000002,-0.0026654000000000001,0.00032059999999999999,-0.00049979999999999957,0.0029918000000000002,-0.0019708,0.0017305000000000005,-0.0025652000000000001,0.0032043999999999996,-0.0011169000000000003,0.0029826000000000002,0.0004632000000000002,-0.0045021000000000002,0.0020366,-0.0019878999999999999,-0.0022209,0.0013655999999999994,0.0025108000000000001,-0.0063004999999999997,0.0046779999999999999,-0.0074052000000000007,0.00085650000000000016,-0.0065859000000000004,0.0019842999999999996,0.0055890000000000002,0.0011459999999999999,-0.0023888999999999998,0.00073979999999999966,-0.0014261999999999992,0.0016656999999999987,-0.0010049000000000002,-0.0063309000000000004,0.0051088000000000001,-0.0030604,-0.0027971999999999997,-0.0004245999999999998,-0.0026470999999999995,-0.0027590999999999996,0.0068972000000000009,-0.0023100999999999998,0.0095839999999999988,-0.0066075000000000005,0.0052617000000000002,0.0044182000000000006,-0.0071796999999999998,0.0048970999999999997,-0.00059489999999999999,0.0021898,7.3899999999999791e-05,-0.0012693000000000001,0.0013973,-0.00081290000000000008,-0.00030820000000000012,0.0025041,0.0012038999999999995,-0.00098690000000000019,0.0051281999999999994,0.0016964,0.00023720000000000034,-0.0027315999999999998,0.00026039999999999999,0.00074870000000000015,1.3900000000000175e-05,-0.00015929999999999959,0.00076429999999999988,-0.00048240000000000023,0.00032929999999999993,0.0014423000000000001,0.0028541,0.00039149999999999992,-0.0012696000000000001,0.00095449999999999984,0.0034090000000000006,-0.00055680000000000009,9.1500000000000083e-05,-0.00015809999999999999,-0.0028491000000000002,-0.0024878000000000001,-0.0012214000000000001,-0.00013619999999999995,-0.0039290000000000002,-0.0025563000000000001,-0.0024119999999999996,0.0022531000000000001,0.00032760000000000005,-0.00021230000000000017,-0.0015267000000000002,0.0033562999999999996,0.0029572000000000001,-0.00047359999999999964,0.0028036999999999997,-0.00050850000000000027,-0.0032497000000000003,0.00057849999999999959,0.0038044000000000003,0.00083310000000000025,0.0010686999999999993,-0.0025884999999999997,0.0012513000000000001,-0.00025189999999999978,0.00095189999999999988,0.0029349000000000007,0.0017554999999999997,-0.0012146000000000004,0.014459699999999999,-0.0050591000000000004,0.0089113999999999999,-0.0043868999999999983,-0.0013179999999999999,8.2099999999999881e-05,0.00032140000000000001,-0.00014100000000000017,-0.0013528999999999998,0.00030840000000000002,-7.3600000000000054e-05,-0.00093249999999999995,-0.0031922999999999999,-0.0002035999999999998,-0.0010897999999999999,-0.00052710000000000018,-0.0028976999999999996,-1.2400000000000003e-05,0.00027089999999999992,0.00097130000000000003,-0.00096590000000000011,-0.00025140000000000004,-0.00032189999999999996,0.0027410999999999998,-0.0025498000000000001,-0.0038044999999999989,-0.0010148000000000002,0.0022694999999999998,-0.0013010999999999999,-0.0014345,-0.00042029999999999992,0.00057819999999999996,0.0016364000000000001,-0.00030900000000000008,0.0013371999999999998,0.00027439999999999995,0.00049969999999999995,0.0035867999999999994,0.00052350000000000009,-0.0012537999999999998,0.0028254,0.00078790000000000023,0.0005687,0.0017979999999999997,-0.0014407000000000001,-0.0011509999999999999,0.00066700000000000027,-0.00039119999999999986,0.0021679999999999998,-0.0013577000000000001,0.0016544000000000007,0.0041576999999999994,-0.0016906000000000002,0.0026184000000000008,-0.0032585000000000005,-0.0027223999999999998,0.00015119999999999977,0.0063865999999999992,-0.00033710000000000001,0.0017467000000000001,-3.9799999999999992e-05,0.0023581000000000006,-0.0034149999999999996,-0.0052046999999999996,0.0020663000000000001,-0.0034003999999999996,0.0039132000000000004,0.0041246,3.2500000000000194e-05,0.00045439999999999977,0.0017327999999999998,-0.0012434999999999998,0.0053915999999999999,-0.0046522999999999998,0.00076510000000000011,-0.0015171000000000002,-0.00050109999999999998,0.0013338,-0.0014810000000000001,-0.00012209999999999993,0.0011159999999999998,-5.8999999999999266e-06,-0.00098840000000000017,-0.0013186000000000001,-0.0035255999999999998,-0.0002159000000000001,-0.0010637000000000001,0.0016654999999999999,0.00085210000000000006,0.00027899999999999995,-0.00015579999999999999,-2.7200000000000011e-05,-0.0015386000000000002,0.0020389000000000002,0.0012789999999999995,0.00024759999999999989,-0.0024450000000000001,0.0014707000000000001,0.0010707,-0.0001916000000000001,-0.0012951999999999998,0.0024355999999999996,-0.0027559000000000004,0.0015851999999999997,-0.00061280000000000004,0.0014480999999999997,0.0010236999999999996,0.0037618,0.00084380000000000002,-5.3600000000000002e-05,0.00091639999999999994,-0.0021394999999999999,-0.0028571,-0.0019826000000000002,0.0021459000000000001,-0.00012299999999999985,0.0035496999999999998,-0.0022907000000000001,-0.00086669999999999998,-0.00014349999999999975,0.00088910000000000009,-0.0009930999999999998,-0.0019565999999999997,0.0009235999999999999,0.0027920999999999996,-0.00012570000000000007,-0.00090229999999999987,0.0011841,-0.0025296999999999997,-0.0010351000000000002,-0.0016195999999999993,0.0019372999999999997,-0.0022575000000000004,-0.0017055,-0.0013114000000000003,0.0018791000000000001,-0.0016561999999999998,0.0012991999999999999,0.00078610000000000008,-0.0015443000000000002,0.0045084999999999995,-0.0042500999999999997,0.00014419999999999982,-0.0035482000000000001,-0.0021614,0.0029855999999999997,-0.00082810000000000002,-0.0018257,0.0026471000000000003
aug_between_class_right_pair0082_child07,TLE,1,1,Augmented,0,0,0,0,0,0.3132894,1.8438387999999999,7.9999999999999996e-07,-1.3999999999999997e-06,0,0.9870662,0,0.037901200000000003,-0.11622679999999999,0.033688800000000005,0.11720340000000001,-0.13066159999999999,0.073603399999999999,-0.021063000000000002,-0.019775600000000001,-0.017306800000000004,-0.030280600000000005,0.26698679999999997,-0.072181600000000012,0.067423000000000011,-0.0088841999999999949,0.0036605999999999991,-0.031489999999999997,0.0021026000000000009,-0.0254728,0.011806800000000001,0.0238902,-0.067086400000000004,-0.0044256000000000018,-0.0850466,0.0050651999999999989,0.080001600000000006,-0.037352999999999997,0.027353599999999999,0.0037877999999999992,-0.07336100000000001,0.025827200000000002,-0.016823599999999994,-0.051019599999999998,0.073253399999999996,-0.0249494,0.162775,-0.044097400000000002,0.00096999999999999951,-0.0027695999999999997,-0.012262200000000001,-0.0030564000000000008,0.016714599999999996,0.027444400000000001,0.0025470000000000002,-0.013205399999999999,-0.025965999999999999,-0.014348,0.0130224,0.043722799999999999,0.0050247999999999994,0.018783399999999999,-0.022154000000000004,-0.020766799999999998,0.030993400000000004,-0.023693199999999998,0.0040809999999999987,0.017708400000000003,-0.0065544000000000002,0.034360399999999999,-0.1124532,-0.0075416000000000007,-0.045994,0.017640599999999999,0.0015002000000000001,0.0068269999999999997,-0.00024100000000000038,0.015427199999999999,-0.0046128000000000028,-0.0052551999999999989,-0.0030017999999999998,0.00025059999999999926,0.010898600000000001,-0.0056556000000000002,0.00044820000000000059,-0.0012531999999999995,-0.020041200000000002,0.0042582000000000002,0.0032690000000000002,-0.018811199999999997,0.0025624000000000003,-0.0102386,0.013934400000000001,-0.0089043999999999998,0.0039752000000000008,-0.0146406,0.010359999999999999,0.0082971999999999976,-0.0016479999999999984,-0.0027794,0.0038511999999999999,-0.0084881999999999996,0.020546200000000001,0.018647400000000001,0.0096045999999999979,0.017896200000000001,-0.042362199999999996,0.012861000000000001,-0.0032655999999999996,0.0024876000000000004,-0.0014334000000000005,0.0042996000000000006,-0.0030691999999999998,-0.0025763999999999995,-0.0068714000000000006,0.011711200000000001,-0.00088959999999999994,-0.0062134,0.0113052,0.0039430000000000003,0.0033355999999999998,-0.0028422,0.0062746,0.0073664000000000012,-0.006680199999999999,-0.0071606000000000005,0.0096386000000000006,-0.0034543999999999994,0.0024673999999999981,0.0093546000000000011,0.00010039999999999919,0.0042393999999999999,-0.0019414000000000002,-0.0032273999999999996,0.0085892,-0.0083483999999999989,0.00077180000000000044,-0.003542,-0.0144204,0.0026443999999999999,-0.018686400000000002,-0.027090200000000002,0.0063704,-0.0097987999999999999,-0.010154200000000002,0.018164999999999997,-0.010045000000000002,-0.00073319999999999993,0.0023343999999999999,0.0048896,-0.00062460000000000011,0.0015897999999999997,0.0020228000000000004,0.0029294000000000004,-0.0089287999999999989,0.0044732000000000001,0.0013559999999999998,0.0033778000000000011,0.0086888,0.0020080000000000002,-0.0014341999999999996,-0.00077759999999999971,-0.0074145999999999995,0.0071359999999999991,-0.004604200000000001,0.0029648000000000001,0.0046923999999999993,0.0015724000000000001,-0.0094229999999999991,0.0035084000000000001,-0.0134232,-0.0099500000000000005,0.006830000000000001,-0.0029893999999999997,0.0011555999999999999,-0.0037525999999999996,0.00067279999999999944,-0.00058680000000000017,-0.0008783999999999988,0.0025862000000000003,0.0230332,-0.0090048000000000003,0.0011549999999999996,0.0064644000000000004,-0.0021154000000000004,-0.011324200000000001,-0.0094097999999999994,0.0014980000000000002,0.0101286,0.0028487999999999994,0.0058848000000000008,0.0089698,-0.002993,-0.00072520000000000006,0.0029938000000000005,-0.0017742000000000005,0.00092120000000000006,0.0012715999999999997,-0.0014315999999999999,-0.0057212000000000009,-0.001312,0.0050483999999999998,-0.0070992000000000008,-0.0079681999999999999,0.00039740000000000012,0.0013500000000000001,-0.0053092,-0.0020586000000000003,0.0046596000000000007,-0.0058758000000000005,0.0011479999999999997,-0.0039790000000000016,0.00026040000000000004,-0.0017696000000000001,-0.0029262000000000003,0.0060383999999999993,0.0044448000000000005,-0.0040785999999999991,0.00075640000000000017,-0.0016198000000000002,-0.0014166000000000003,0.010415400000000002,-0.0013406,0.0054236000000000006,-0.0026452000000000003,0.0024260000000000002,0.0113016,-0.0065910000000000005,-0.0016906000000000004,-0.00025379999999999977,0.0059447999999999992,-0.0024448,0.0077733999999999998,-0.0053913999999999985,0.0074580000000000011,-0.0058147999999999993,0.0051062000000000008,-0.0029891999999999996,0.0026752000000000008,0.0013016,-0.014130999999999999,0.010053999999999999,-0.0065383999999999998,0.001003,-0.00082120000000000012,-0.0021844000000000004,-0.0017086,-0.0022884000000000003,-0.0011087999999999998,0.00015640000000000001,0.0086385999999999998,0.0017200000000000006,-0.0020513999999999997,-0.0004328,-0.00091480000000000034,-0.0031356000000000001,0.00046240000000000007,-0.0010722000000000001,0.0029762,-0.0025682000000000001,0.00098399999999999942,-0.0028808000000000002,0.0040026000000000003,-0.0005945999999999996,0.0034094000000000008,9.4799999999999702e-05,-0.0043334000000000003,0.0023014000000000003,-0.0023526000000000007,-0.0023276,0.0020864000000000004,0.0022812000000000002,-0.0060820000000000006,0.0048210000000000006,-0.0078037999999999996,0.00030699999999999933,-0.0069636000000000003,0.0020631999999999998,0.0061510000000000002,0.0013780000000000001,-0.0024256,0.00056919999999999974,-0.0018338000000000002,0.0022797999999999998,-0.0006695999999999999,-0.0061945999999999998,0.0047271999999999991,-0.0028435999999999995,-0.0022837999999999999,-0.00068240000000000032,-0.0030773999999999997,-0.0034514000000000003,0.0073968000000000011,-0.0022523999999999999,0.0091799999999999989,-0.0076430000000000005,0.0054818000000000011,0.0045038000000000005,-0.0072627999999999998,0.0054044000000000002,-0.00069460000000000008,0.0025432000000000002,0.00031660000000000016,-0.0014882000000000003,0.0014082000000000001,-0.00089560000000000009,-0.00036480000000000019,0.0025364000000000003,0.0014916,-0.0010095999999999998,0.0056448000000000002,0.0018476000000000002,-7.1200000000000213e-05,-0.0029914000000000004,0.00042760000000000004,0.00049579999999999991,-0.00024140000000000001,-0.00060419999999999983,0.00078319999999999996,0.00010040000000000027,0.00030620000000000007,0.0012001999999999998,0.0030674000000000005,0.00079000000000000034,-0.0011544000000000001,0.0012509999999999999,0.0033169999999999996,-0.0002151999999999997,-0.00017800000000000007,-8.8399999999999763e-05,-0.0032854000000000008,-0.0024542000000000001,-0.0012386000000000001,0.0002082000000000004,-0.0034429999999999999,-0.003349200000000001,-0.0024799999999999996,0.0025274000000000004,0.00042040000000000024,0.0001598000000000002,-0.0015968000000000002,0.0034902000000000002,0.0031857999999999999,-0.00083640000000000016,0.0029697999999999999,-0.0012230000000000006,-0.0033768000000000001,0.0012530000000000002,0.0038966000000000001,0.00091140000000000014,0.0016497999999999999,-0.0031650000000000003,0.00091519999999999991,-5.5599999999999834e-05,0.00084059999999999994,0.0034836000000000012,0.0017789999999999998,-0.00089439999999999984,0.015250800000000002,-0.0051834000000000003,0.0088576000000000002,-0.0045366000000000009,-0.001544,0.00020639999999999998,0.00025359999999999998,-4.2999999999999961e-05,-0.0013516000000000001,0.00031159999999999988,0.00014560000000000018,-0.00089700000000000001,-0.0032521999999999994,-0.00064540000000000008,-0.0013041999999999999,-0.00062940000000000023,-0.0033797999999999996,2.3400000000000027e-05,0.0004946000000000001,0.00095619999999999993,-0.00083559999999999993,-0.00015759999999999993,-0.00050060000000000013,0.0030463999999999999,-0.0029862000000000005,-0.0041169999999999991,-0.0011412000000000002,0.002545,-0.0012963999999999999,-0.0012799999999999999,-0.00059320000000000011,0.00071579999999999983,0.0015005999999999999,-4.2999999999999853e-05,0.0018608000000000001,0.00034560000000000027,0.0006108000000000001,0.0036892000000000001,0.00047599999999999991,-0.0012981999999999998,0.0028945999999999998,0.00063259999999999966,0.00068280000000000001,0.002098,-0.0012328,-0.0013600000000000001,0.00065799999999999995,-0.00068280000000000012,0.0024499999999999999,-0.0013688000000000001,0.0014506000000000002,0.0044537999999999999,-0.0014644,0.0033666,-0.0033880000000000004,-0.0034076000000000002,-0.00018820000000000013,0.0066694000000000007,-0.00023639999999999989,0.0021297999999999998,-0.00015420000000000017,0.0026584000000000009,-0.003702,-0.0054458000000000006,0.0018031999999999998,-0.0032115999999999994,0.0043578000000000002,0.0044054000000000003,-0.00012700000000000016,0.00092660000000000051,0.0019722000000000003,-0.0018720000000000002,0.0056684000000000005,-0.0049551999999999999,0.00077240000000000013,-0.0017644000000000002,-0.00057140000000000001,0.0011491999999999995,-0.0016240000000000002,5.3600000000000164e-05,0.0012329999999999999,-8.7600000000000015e-05,-0.0010545999999999999,-0.0013444000000000002,-0.0039584000000000008,-0.00022660000000000009,-0.00073279999999999981,0.0016559999999999999,0.00067239999999999997,0.00052300000000000014,-0.00017520000000000003,3.6200000000000013e-05,-0.0015604,0.0019995999999999998,0.0015119999999999999,0.00045039999999999994,-0.0027270000000000003,0.0013988,0.0008437999999999998,-0.00033940000000000001,-0.0015398,0.0024634000000000001,-0.0031576,0.0018138,-0.00073920000000000008,0.0013644,0.0014488000000000001,0.0042472000000000005,0.00048019999999999964,-6.8399999999999982e-05,0.0009496000000000001,-0.0022179999999999999,-0.0030344,-0.0018784000000000001,0.0022976000000000003,-0.00028200000000000002,0.0040438000000000002,-0.0023678000000000002,-0.00091379999999999999,-0.00059000000000000003,0.0008594000000000004,-0.00098439999999999986,-0.0020823999999999999,0.0011374,0.0033564000000000007,-0.00033680000000000016,-0.0011462,0.0012133999999999999,-0.0027388,-0.00088239999999999998,-0.0019334000000000005,0.0020471999999999999,-0.0018890000000000001,-0.0018909999999999999,-0.0011345999999999999,0.0018373999999999999,-0.0019438000000000001,0.0016227999999999998,0.00065439999999999986,-0.0016232,0.0050930000000000003,-0.0049324,0.00050280000000000008,-0.0046268000000000004,-0.0015575999999999995,0.0034104000000000001,9.2600000000000733e-05,-0.0013647999999999998,0.0024784000000000004
aug_between_class_right_pair0082_child08,TLE,1,1,Augmented,0,0,0,0,0,0.31378120000000004,1.8297273999999999,8.9999999999999996e-07,-1.1999999999999999e-06,0,0.97943010000000008,0,0.038504099999999999,-0.11876539999999999,0.034451400000000007,0.12037620000000002,-0.13626329999999998,0.071093200000000009,-0.021798000000000005,-0.0172123,-0.021302400000000003,-0.026757799999999998,0.27374290000000001,-0.078021300000000002,0.076437500000000019,-0.012596099999999999,0.00089979999999999965,-0.032670499999999998,0.003377300000000001,-0.024876899999999997,0.013846400000000002,0.025663100000000001,-0.067612700000000012,-0.0057097999999999993,-0.082510300000000009,0.0049826000000000002,0.081980800000000006,-0.037853999999999999,0.026150300000000001,0.0038874000000000001,-0.075869500000000006,0.028481100000000002,-0.012136799999999996,-0.053267300000000004,0.071447699999999989,-0.022506699999999998,0.16142800000000002,-0.044717199999999999,0.00084899999999999993,-0.0018647999999999998,-0.012034099999999999,-0.0024441999999999988,0.0175523,0.027496699999999999,0.0042699999999999995,-0.015951699999999999,-0.0274615,-0.014628500000000001,0.013058700000000001,0.043556900000000003,0.0033918999999999998,0.0189147,-0.023228500000000006,-0.022850400000000003,0.031421200000000003,-0.021631099999999997,0.0017179999999999995,0.0191542,-0.0051732000000000002,0.0387032,-0.1137481,-0.0094753000000000007,-0.047328499999999996,0.0173583,0.0010146000000000009,0.0074789999999999987,-0.0010620000000000002,0.014511099999999999,-0.0048924000000000007,-0.0054296000000000006,-0.0020674000000000005,6.7999999999995148e-06,0.0096958000000000009,-0.0052932999999999999,0.0014621000000000002,-0.0023270999999999995,-0.020605100000000001,0.0038955999999999999,0.0020245000000000003,-0.0197501,0.0029927,-0.0096243000000000006,0.0154532,-0.0087266999999999987,0.004463100000000002,-0.0166538,0.0098074999999999985,0.0072365999999999993,-0.00086100000000000065,-0.0029151999999999997,0.0042791000000000001,-0.0080526,0.020797099999999999,0.017403200000000001,0.0081112999999999984,0.017729100000000001,-0.040674100000000005,0.012938000000000002,-0.0036773000000000005,0.0025828000000000005,-0.0014007000000000004,0.0040763000000000006,-0.0029115999999999999,-0.0022006999999999999,-0.0076401999999999998,0.013460100000000003,-9.0300000000000189e-05,-0.0066866999999999994,0.0116481,0.0045095000000000005,0.0030568000000000001,-0.0026416,0.0065547999999999995,0.0084276999999999998,-0.0074505999999999982,-0.0074067999999999998,0.0099433000000000004,-0.0038596999999999998,0.0025091999999999979,0.0096313000000000006,-0.00047380000000000035,0.0030011999999999999,-0.00090769999999999913,-0.0028926999999999998,0.0084891000000000012,-0.0094482000000000003,0.0017368999999999996,-0.0036740000000000002,-0.0147837,0.0029252000000000011,-0.0195462,-0.028164600000000005,0.0056597000000000001,-0.010194399999999999,-0.0121691,0.019824000000000001,-0.010321000000000002,-0.00053509999999999994,0.0026392,0.0059827999999999999,-0.00078680000000000004,0.0011723999999999999,0.0026414000000000008,0.0030496999999999998,-0.0094408999999999986,0.0041291000000000001,0.0010394999999999998,0.0045219000000000006,0.0089423999999999979,0.0022585000000000001,-0.00077609999999999962,-0.00048979999999999987,-0.0078082999999999998,0.0077659999999999995,-0.0045771000000000006,0.0038408999999999987,0.0041746999999999999,0.0013041999999999999,-0.0099489999999999995,0.0042962,-0.0136106,-0.011249,0.008036999999999999,-0.0020841999999999987,0.00040129999999999983,-0.0037072999999999989,0.00070589999999999889,-0.00090639999999999991,-0.00056269999999999931,0.0021600999999999999,0.023794100000000002,-0.010012899999999998,-4.3000000000000069e-05,0.0069832000000000002,-0.0024972000000000002,-0.0130671,-0.0107209,0.0017590000000000001,0.0097257999999999997,0.0034993999999999997,0.0071254000000000005,0.0098703999999999979,-0.0031045000000000005,-0.00098909999999999992,0.0027343999999999997,-0.0022451000000000003,0.0010581000000000002,0.00059479999999999982,-0.0012438,-0.0065881000000000012,-0.0015475000000000005,0.0052557000000000003,-0.0073541000000000006,-0.0089181,0.00065570000000000005,0.0014265,-0.0047031,-0.0020292999999999999,0.0051143000000000004,-0.0062559,0.0011809999999999998,-0.0051260000000000012,0.00034020000000000003,-0.0017922999999999997,-0.0030861,0.0069972000000000003,0.0048488999999999997,-0.0044987999999999998,0.00080570000000000012,-0.0023014000000000003,-0.0018143000000000005,0.010828699999999998,-0.0013338,0.0058197999999999982,-0.0027406000000000002,0.002771,0.011491299999999999,-0.0074055000000000006,-0.0026748000000000002,-0.00034240000000000008,0.0063558999999999994,-0.0028783999999999997,0.0087957,-0.0059616999999999986,0.0087919999999999995,-0.0065403999999999983,0.005328600000000001,-0.0022185999999999998,0.0037476000000000002,0.0015363,-0.014102,0.0097555000000000003,-0.0062051999999999993,0.0010264999999999999,-0.0010966000000000001,-0.0023497000000000001,-0.0015928000000000001,-0.0024627,-0.00068389999999999987,0.00020120000000000001,0.0094023000000000006,0.0020755000000000005,-0.0021817,-0.00056139999999999998,-0.00096290000000000047,-0.0036058000000000002,0.00060420000000000005,-0.0016446,0.0029606000000000003,-0.0031656000000000006,0.00023749999999999986,-0.0031964000000000003,0.0048008,-7.229999999999986e-05,0.0038362000000000005,-0.00027359999999999993,-0.0041647000000000003,0.0025662000000000003,-0.0027172999999999998,-0.0024342999999999999,0.0028071999999999997,0.0020515999999999998,-0.0058635000000000007,0.0049640000000000005,-0.0082023999999999986,-0.00024250000000000009,-0.0073413000000000003,0.0021420999999999996,0.0067130000000000002,0.0016100000000000003,-0.0024622999999999997,0.00039860000000000004,-0.0022413999999999993,0.0028938999999999992,-0.00033429999999999989,-0.0060583000000000008,0.0043455999999999998,-0.0026267999999999999,-0.0017703999999999999,-0.00094019999999999998,-0.0035076999999999999,-0.0041437000000000002,0.0078964000000000013,-0.0021946999999999999,0.0087759999999999991,-0.0086785000000000004,0.0057019000000000011,0.0045894000000000004,-0.0073459000000000007,0.0059116999999999998,-0.00079430000000000006,0.0028966000000000005,0.00055929999999999999,-0.0017071000000000005,0.0014191,-0.00097830000000000009,-0.00042139999999999994,0.0025687000000000001,0.0017793000000000002,-0.0010322999999999999,0.0061614,0.0019987999999999998,-0.00037960000000000012,-0.0032512000000000001,0.00059480000000000015,0.0002429,-0.00049670000000000009,-0.0010491000000000001,0.00080209999999999982,0.00068320000000000034,0.00028309999999999978,0.00095809999999999992,0.0032807000000000001,0.0011885000000000003,-0.0010392000000000001,0.0015475,0.0032249999999999996,0.00012640000000000004,-0.00044749999999999998,-1.8699999999999967e-05,-0.0037217000000000005,-0.0024206000000000002,-0.0012558000000000001,0.0005526000000000001,-0.0029570000000000004,-0.0041421000000000001,-0.0025479999999999999,0.0028017000000000003,0.00051320000000000011,0.00053190000000000008,-0.0016669000000000002,0.0036240999999999995,0.0034144000000000006,-0.0011991999999999999,0.0031359000000000001,-0.0019374999999999991,-0.0035038999999999999,0.0019275000000000004,0.0039887999999999998,0.00098970000000000004,0.0022309000000000001,-0.0037415,0.00057909999999999971,0.00014070000000000011,0.0007293,0.0040322999999999999,0.0018024999999999998,-0.00057420000000000019,0.016041900000000001,-0.0053077000000000003,0.0088038000000000005,-0.0046863,-0.0017699999999999999,0.00033070000000000002,0.00018579999999999994,5.5000000000000036e-05,-0.0013503,0.00031479999999999995,0.00036480000000000009,-0.00086150000000000007,-0.0033120999999999997,-0.0010872,-0.0015185999999999999,-0.00073170000000000028,-0.0038618999999999988,5.920000000000003e-05,0.00071830000000000006,0.00094109999999999994,-0.00070530000000000007,-6.3799999999999979e-05,-0.00067930000000000009,0.0033517,-0.0034226,-0.0044294999999999994,-0.0012676000000000007,0.0028205000000000001,-0.0012917,-0.0011255,-0.00076609999999999992,0.00085339999999999971,0.0013648,0.00022300000000000011,0.0023844000000000001,0.00041680000000000005,0.00072189999999999993,0.0037916,0.00042850000000000001,-0.0013425999999999998,0.0029637999999999999,0.00047729999999999995,0.00079690000000000045,0.002398,-0.0010249,-0.0015690000000000001,0.00064900000000000005,-0.00097440000000000016,0.0027320000000000001,-0.0013799000000000001,0.0012468000000000002,0.0047499000000000005,-0.0012382000000000003,0.0041148000000000009,-0.0035175000000000007,-0.0040928000000000006,-0.00052760000000000003,0.0069521999999999995,-0.00013569999999999988,0.0025129000000000002,-0.00026860000000000002,0.0029587000000000003,-0.0039890000000000004,-0.0056868999999999999,0.0015401,-0.0030228,0.0048024000000000001,0.0046861999999999997,-0.00028649999999999997,0.0013988000000000013,0.0022116000000000002,-0.0025005000000000001,0.0059451999999999994,-0.0052580999999999999,0.00077970000000000014,-0.0020116999999999999,-0.00064170000000000004,0.00096459999999999992,-0.0017670000000000001,0.00022930000000000015,0.0013500000000000001,-0.0001693,-0.0011207999999999999,-0.0013702000000000002,-0.0043912000000000005,-0.00023730000000000008,-0.0004018999999999999,0.0016465000000000004,0.0004927,0.000767,-0.00019460000000000001,9.9599999999999927e-05,-0.0015822,0.0019602999999999999,0.0017449999999999998,0.00065319999999999983,-0.0030090000000000004,0.0013269000000000002,0.00061689999999999998,-0.00048720000000000002,-0.0017843999999999998,0.0024911999999999998,-0.0035593000000000005,0.0020423999999999998,-0.00086560000000000022,0.0012806999999999999,0.0018739,0.0047326000000000009,0.00011659999999999991,-8.3199999999999962e-05,0.00098280000000000004,-0.0022964999999999999,-0.0032117000000000005,-0.0017742000000000001,0.0024493000000000002,-0.00044099999999999999,0.0045379000000000001,-0.0024449000000000003,-0.00096090000000000021,-0.0010364999999999999,0.00082970000000000027,-0.00097569999999999992,-0.0022082,0.0013511999999999999,0.0039207000000000001,-0.00054790000000000025,-0.0013901,0.0012427,-0.0029479000000000003,-0.00072970000000000001,-0.0022472,0.0021571000000000003,-0.0015204999999999999,-0.0020765000000000002,-0.00095779999999999997,0.0017956999999999999,-0.0022314000000000001,0.0019464,0.00052269999999999986,-0.0017021,0.0056775000000000003,-0.0056146999999999994,0.00086140000000000001,-0.0057054000000000011,-0.00095379999999999966,0.0038352,0.0010133,-0.0009038999999999998,0.0023097000000000005
